0 0.571630 0.375492 0.071945 0.071945
0 0.366807 0.878911 0.104277 0.104277
0 0.556909 0.843439 0.104277 0.104277
0 0.470364 0.489769 0.062220 0.062220
0 0.603342 0.487716 0.057104 0.057104
0 0.636153 0.413024 0.052757 0.052757
0 0.519939 0.753196 0.057104 0.057104
0 0.448099 0.604679 0.104277 0.104277
0 0.430402 0.956575 0.104277 0.104277
0 0.433293 0.795155 0.061131 0.061131
0 0.672831 0.046381 0.061130 0.061130
0 0.443101 0.419062 0.052757 0.052757
0 0.316509 0.718688 0.071945 0.071945
0 0.533518 0.618967 0.062220 0.062220
0 0.204070 0.919953 0.052757 0.052757
0 0.591675 0.740218 0.071945 0.071945
0 0.673472 0.510759 0.071945 0.071945
0 0.030093 0.907256 0.061131 0.061131
0 0.535260 0.439372 0.071945 0.071945
0 0.525087 0.931025 0.061130 0.061130
0 0.703773 0.274108 0.061131 0.061131
0 0.307380 0.948692 0.057104 0.057104
0 0.722407 0.448972 0.071945 0.071945
0 0.104182 0.271749 0.071945 0.071945
0 0.385581 0.179125 0.061130 0.061130
0 0.374294 0.542497 0.071945 0.071945
0 0.224743 0.423648 0.061130 0.061130
0 0.734973 0.372335 0.071945 0.071945
0 0.249756 0.542523 0.104277 0.104277
0 0.717785 0.870602 0.057104 0.057104
0 0.000515 0.409067 0.071945 0.071945
0 0.373672 0.674200 0.104277 0.104277
0 0.665760 0.617900 0.104278 0.104278
0 0.258126 0.095969 0.061130 0.061130
0 0.354680 0.075070 0.057104 0.057104
0 0.064731 0.005581 0.071945 0.071945
0 0.615111 0.187404 0.057104 0.057104
0 0.062598 0.657981 0.071945 0.071945
0 0.417792 0.023022 0.062220 0.062220
0 0.076406 0.792395 0.061131 0.061131
0 0.470265 0.280342 0.062220 0.062220
0 0.433840 0.341909 0.062220 0.062220
0 0.147383 0.623340 0.062220 0.062220
0 0.670117 0.924604 0.052757 0.052757
0 0.165945 0.862774 0.057104 0.057104
0 0.255535 0.013257 0.061131 0.061131
0 0.030414 0.337542 0.061131 0.061131
0 0.202799 0.149064 0.071945 0.071945
0 0.289431 0.821398 0.071945 0.071945
0 0.717479 0.149402 0.061131 0.061131
0 0.395992 0.269056 0.052757 0.052757
0 0.194430 0.345386 0.057104 0.057104
0 0.495533 0.012449 0.052757 0.052757
0 0.049355 0.186719 0.071945 0.071945
0 0.707203 0.699942 0.057104 0.057104
0 0.588143 0.670062 0.057104 0.057104
0 0.312341 0.162594 0.052757 0.052757
0 0.445513 0.693948 0.052757 0.052757
0 0.130529 0.048722 0.071945 0.071945
0 0.195563 0.795822 0.052757 0.052757
0 0.332274 0.359962 0.071945 0.071945
0 0.234236 0.274533 0.062220 0.062220
0 0.565691 0.069964 0.052559 0.052559
0 0.226528 0.638979 0.057104 0.057104
0 0.060935 0.109769 0.071945 0.071945
0 0.608365 0.306321 0.062220 0.062220
0 0.160331 0.712665 0.057104 0.057104
0 0.066180 0.460686 0.104277 0.104277
0 0.132522 0.530123 0.052757 0.052757
0 0.011550 0.748806 0.071945 0.071945
0 0.301192 0.298125 0.104277 0.104277
0 0.139677 0.395667 0.071945 0.071945
0 0.153650 0.205681 0.104277 0.104277
0 0.687905 0.803407 0.061130 0.061130
0 0.512617 0.149770 0.071945 0.071945
0 0.668494 0.340549 0.104278 0.104278
0 0.356433 0.458867 0.104277 0.104277
0 0.413210 0.113560 0.052757 0.052757
0 0.020079 0.519823 0.052757 0.052757
0 0.314514 0.636977 0.062220 0.062220
0 0.111907 0.922415 0.061131 0.061131