0 0.240820 0.026259 0.104277 0.104277
0 0.942995 0.338448 0.062220 0.062220
0 0.691987 0.641481 0.104277 0.104277
0 0.897069 0.397290 0.062220 0.062220
0 0.545729 0.044963 0.062220 0.062220
0 0.674363 0.365914 0.104278 0.104278
0 0.924850 0.801627 0.057104 0.057104
0 0.793756 0.037321 0.057104 0.057104
0 0.341084 0.180521 0.062220 0.062220
0 0.652165 0.873575 0.104277 0.104277
0 0.833044 0.345426 0.071945 0.071945
0 0.807464 0.114006 0.062220 0.062220
0 0.460926 0.806634 0.104277 0.104277
0 0.354503 0.420798 0.104277 0.104277
0 0.315509 0.315792 0.071945 0.071945
0 0.574459 0.403493 0.071945 0.071945
0 0.239770 0.253252 0.057104 0.057104
0 0.671562 0.737724 0.057104 0.057104
0 0.318761 0.828465 0.062220 0.062220
0 0.793265 0.196767 0.071945 0.071945
0 0.330426 0.718687 0.062220 0.062220
0 0.862615 0.956758 0.057104 0.057104
0 0.620132 0.686593 0.104277 0.104277
0 0.392071 0.864986 0.062220 0.062220
0 0.727569 0.135768 0.104277 0.104277
0 0.543810 0.211548 0.104277 0.104277
0 0.671031 0.248205 0.057104 0.057104
0 0.663114 0.111504 0.071945 0.071945
0 0.234972 0.859740 0.104278 0.104278
0 0.895779 0.718054 0.104277 0.104277
0 0.879977 0.067760 0.071945 0.071945
0 0.782638 0.999193 0.052757 0.052757
0 0.586493 0.555541 0.052757 0.052757
0 0.853554 0.538902 0.062220 0.062220
0 0.235160 0.970495 0.071945 0.071945
0 0.439304 0.481119 0.062220 0.062220
0 0.707879 0.802223 0.057104 0.057104
0 0.461405 0.120253 0.104277 0.104277
0 0.235224 0.621630 0.052757 0.052757
0 0.913423 0.880587 0.052757 0.052757
0 0.984614 0.949668 0.104277 0.104277
0 0.953171 0.518779 0.062220 0.062220
0 0.384762 0.597010 0.061130 0.061130
0 0.272542 0.152723 0.071945 0.071945
0 0.883374 0.179082 0.052757 0.052757
0 0.760696 0.441906 0.071945 0.071945
0 0.751362 0.677690 0.052757 0.052757
0 0.797304 0.889273 0.057104 0.057104
0 0.236130 0.515418 0.104277 0.104277
0 0.258795 0.359684 0.052757 0.052757
0 0.394521 0.258099 0.104277 0.104277
0 0.465625 0.207688 0.057104 0.057104
0 0.452173 0.565601 0.061130 0.061130
0 0.321347 0.544859 0.061130 0.061130
0 0.609382 0.813441 0.052757 0.052757
0 0.938971 0.234193 0.052757 0.052757
0 0.992654 0.063157 0.071945 0.071945
0 0.530287 0.505000 0.071945 0.071945
0 0.492201 0.284360 0.104277 0.104277
0 0.405744 0.934642 0.057104 0.057104
0 0.388714 0.355489 0.057104 0.057104
0 0.469274 0.677652 0.057104 0.057104
0 0.633098 0.187104 0.062220 0.062220
0 0.703126 0.017684 0.104277 0.104277
0 0.267729 0.688794 0.061130 0.061130
0 0.288377 0.454901 0.104278 0.104278
0 0.984668 0.672188 0.104277 0.104277
0 0.763186 0.752175 0.061130 0.061130
0 0.707037 0.572091 0.104277 0.104277
0 0.669738 0.442991 0.052757 0.052757
0 0.473797 0.944869 0.057104 0.057104
0 0.890237 0.476754 0.057104 0.057104
0 0.772622 0.601180 0.071945 0.071945
0 0.848766 0.241617 0.104277 0.104277
0 0.332165 0.952218 0.052757 0.052757
0 0.307880 0.242644 0.071945 0.071945
0 0.766759 0.363684 0.056505 0.056505
0 0.405778 0.725330 0.062220 0.062220
0 0.986851 0.585037 0.057104 0.057104
0 0.761056 0.294995 0.061130 0.061130
0 0.738380 0.931394 0.062220 0.062220
0 0.837573 0.626336 0.057104 0.057104
0 0.560610 0.318797 0.062220 0.062220
0 0.471161 0.024740 0.062220 0.062220
0 0.519650 0.854550 0.104277 0.104277
0 0.497873 0.439216 0.057104 0.057104
0 0.638191 0.990249 0.052757 0.052757
0 0.525052 0.734845 0.057104 0.057104
0 0.577886 0.106047 0.061130 0.061130
0 0.372541 0.113669 0.057104 0.057104
0 0.585442 0.915706 0.062220 0.062220
0 0.346103 0.024812 0.071945 0.071945
0 0.272183 0.773593 0.061130 0.061130