0 0.728544 0.962486 0.061130 0.061130
0 0.661637 0.822815 0.104277 0.104277
0 0.723463 0.731767 0.071945 0.071945
0 0.875276 0.717377 0.071945 0.071945
0 0.954029 0.924235 0.104277 0.104277
0 0.629315 0.924384 0.052757 0.052757
0 0.926182 0.266411 0.104277 0.104277
0 0.958662 0.607680 0.061131 0.061131
0 0.667346 0.594868 0.104277 0.104277
0 0.173511 0.877481 0.052757 0.052757
0 0.123160 0.370802 0.062220 0.062220
0 0.989777 0.344075 0.104277 0.104277
0 0.537409 0.767324 0.062220 0.062220
0 0.795418 0.530839 0.052757 0.052757
0 0.448244 0.952483 0.104277 0.104277
0 0.992668 0.182655 0.061131 0.061131
0 0.047717 0.598018 0.052757 0.052757
0 0.706222 0.889023 0.061131 0.061131
0 0.070045 0.245187 0.057103 0.057103
0 0.739356 0.641364 0.057104 0.057104
0 0.239098 0.492478 0.071945 0.071945
0 0.875884 0.106188 0.071945 0.071945
0 0.790438 0.849518 0.052757 0.052757
0 0.286346 0.554917 0.061130 0.061130
0 0.464480 0.678872 0.052757 0.052757
0 0.928772 0.401730 0.062220 0.062220
0 0.846645 0.785478 0.057104 0.057104
0 0.766598 0.468278 0.057104 0.057104
0 0.763445 0.307453 0.052757 0.052757
0 0.874599 0.445716 0.061130 0.061130
0 0.589468 0.294756 0.061131 0.061131
0 0.217865 0.767957 0.057104 0.057104
0 0.792880 0.938100 0.057104 0.057104
0 0.531680 0.614781 0.052757 0.052757
0 0.304796 0.764214 0.057104 0.057104
0 0.527648 0.890733 0.071945 0.071945
0 0.524594 0.216063 0.062220 0.062220
0 0.817528 0.402739 0.061131 0.061131
0 0.636743 0.697064 0.071945 0.071945
0 0.002165 0.067325 0.104277 0.104277
0 0.866755 0.336192 0.057104 0.057104
0 0.184015 0.668419 0.057104 0.057104
0 0.212615 0.150508 0.057104 0.057104
0 0.598867 0.857182 0.057104 0.057104
0 0.933047 0.061700 0.104277 0.104277
0 0.331204 0.432610 0.061130 0.061130
0 0.955323 0.767877 0.061130 0.061130
0 0.132638 0.192943 0.052757 0.052757
0 0.621973 0.045481 0.071945 0.071945
0 0.603341 0.496900 0.104277 0.104277
0 0.364946 0.977833 0.061130 0.061130
0 0.336020 0.906098 0.061130 0.061130
0 0.215033 0.245008 0.057104 0.057104
0 0.905419 0.862360 0.062220 0.062220
0 0.117138 0.632371 0.104277 0.104277
0 0.222894 0.412296 0.057104 0.057104
0 0.263423 0.074337 0.052757 0.052757
0 0.334614 0.143418 0.104277 0.104277
0 0.091460 0.526633 0.104277 0.104277
0 0.375503 0.644036 0.052757 0.052757
0 0.818851 0.633390 0.062220 0.062220
0 0.106553 0.718933 0.104277 0.104277
0 0.635781 0.179895 0.061131 0.061131
0 0.090718 0.431902 0.052757 0.052757
0 0.049950 0.869016 0.052757 0.052757
0 0.276082 0.345395 0.104277 0.104277
0 0.544166 0.968215 0.052757 0.052757
0 0.411391 0.228592 0.061130 0.061130
0 0.147304 0.083023 0.057104 0.057104
0 0.493877 0.126380 0.104277 0.104277
0 0.706758 0.010840 0.062220 0.062220
0 0.725320 0.250274 0.057104 0.057104
0 0.256525 0.841702 0.071945 0.071945
0 0.181470 0.594672 0.062220 0.062220
0 0.885923 0.551241 0.071945 0.071945
0 0.495802 0.534369 0.052757 0.052757
0 0.488569 0.304706 0.062220 0.062220
0 0.142402 0.800369 0.104277 0.104277
0 0.848806 0.208898 0.071945 0.071945
0 0.291746 0.219116 0.061130 0.061130
0 0.453334 0.368324 0.104278 0.104278
0 0.536251 0.035344 0.061131 0.061131
0 0.266070 0.978910 0.061130 0.061130
0 0.703477 0.432495 0.062220 0.062220
0 0.288718 0.624071 0.057104 0.057104
0 0.510352 0.434235 0.062220 0.062220
0 0.388909 0.548811 0.057104 0.057104
0 0.125339 0.982035 0.071945 0.071945
0 0.754938 0.183322 0.052757 0.052757
0 0.252826 0.698536 0.048997 0.048997
0 0.542272 0.366606 0.071945 0.071945
0 0.455852 0.603167 0.062220 0.062220
0 0.785903 0.026479 0.057104 0.057104
0 0.353185 0.021372 0.061130 0.061130
0 0.189495 0.329718 0.057104 0.057104
0 0.387911 0.326404 0.104277 0.104277
0 0.064253 0.320067 0.104277 0.104277
0 0.719706 0.100165 0.057104 0.057104
0 0.451834 0.844528 0.062220 0.062220
0 0.582473 0.423532 0.052757 0.052757
0 0.393944 0.094285 0.061130 0.061130
0 0.455411 0.754717 0.061131 0.061131
0 0.570925 0.136306 0.071945 0.071945
0 0.088380 0.125144 0.062220 0.062220
0 0.439390 0.033095 0.071945 0.071945
0 0.030185 0.792913 0.104277 0.104277
0 0.170627 0.516780 0.057104 0.057104
0 0.873889 0.024477 0.062220 0.062220
0 0.382919 0.851522 0.071945 0.071945
0 0.671282 0.309915 0.061131 0.061131