0 0.258512 0.985315 0.104277 0.104277
0 0.320338 0.894267 0.071945 0.071945
0 0.472151 0.879877 0.071945 0.071945
0 0.523057 0.428911 0.104277 0.104277
0 0.555537 0.770180 0.061131 0.061131
0 0.713159 0.393439 0.104277 0.104277
0 0.264221 0.757368 0.104277 0.104277
0 0.757348 0.589687 0.057104 0.057104
0 0.626614 0.039769 0.062220 0.062220
0 0.883801 0.794647 0.062221 0.062221
0 0.759592 0.037716 0.057104 0.057104
0 0.772707 0.757652 0.104277 0.104277
0 0.849733 0.551566 0.104277 0.104277
0 0.676189 0.303196 0.057104 0.057104
0 0.604349 0.154679 0.104277 0.104277
0 0.586652 0.506575 0.104277 0.104277
0 0.134284 0.929824 0.062220 0.062220
0 0.392293 0.693339 0.052757 0.052757
0 0.589543 0.345155 0.061131 0.061131
0 0.336231 0.803864 0.057104 0.057104
0 0.472759 0.268688 0.071945 0.071945
0 0.655370 0.747820 0.104277 0.104277
0 0.689768 0.168967 0.062220 0.062220
0 0.061355 0.841372 0.052757 0.052757
0 0.525647 0.564230 0.062220 0.062220
0 0.443520 0.947978 0.057104 0.057104
0 0.363473 0.630778 0.057104 0.057104
0 0.360320 0.469953 0.052757 0.052757
0 0.834069 0.900735 0.052757 0.052757
0 0.471474 0.608216 0.061130 0.061130
0 0.747925 0.290218 0.071945 0.071945
0 0.829722 0.060759 0.071945 0.071945
0 0.186343 0.457256 0.061131 0.061131
0 0.773982 0.861546 0.062221 0.062221
0 0.128555 0.777281 0.052757 0.052757
0 0.775612 0.667034 0.071945 0.071945
0 0.712527 0.897175 0.052757 0.052757
0 0.681337 0.481025 0.061130 0.061130
0 0.699633 0.965037 0.104277 0.104277
0 0.121469 0.378563 0.062220 0.062220
0 0.414403 0.565239 0.061131 0.061131
0 0.605271 0.988669 0.104277 0.104277
0 0.233618 0.859564 0.071945 0.071945
0 0.463630 0.498692 0.057104 0.057104
0 0.530544 0.092497 0.071945 0.071945
0 0.093353 0.062597 0.061131 0.061131
0 0.406006 0.092523 0.104277 0.104277
0 0.874035 0.420602 0.057104 0.057104
0 0.529922 0.224200 0.104277 0.104277
0 0.822010 0.167900 0.104278 0.104278
0 0.552198 0.930377 0.061130 0.061130
0 0.687124 0.555900 0.061130 0.061130
0 0.218848 0.207981 0.071945 0.071945
0 0.200216 0.659400 0.104277 0.104277
0 0.415726 0.795890 0.062220 0.062220
0 0.232656 0.342395 0.061131 0.061131
0 0.008266 0.391092 0.061130 0.061130
0 0.090752 0.288880 0.104277 0.104277
0 0.303633 0.173340 0.062220 0.062220
0 0.826367 0.474604 0.052757 0.052757
0 0.322195 0.412774 0.057104 0.057104
0 0.482798 0.713741 0.071945 0.071945
0 0.092677 0.696869 0.052757 0.052757
0 0.085444 0.467206 0.062220 0.062220
0 0.445681 0.371398 0.071945 0.071945
0 0.050209 0.530824 0.104278 0.104278
0 0.053492 0.003023 0.052757 0.052757
0 0.133126 0.197844 0.061131 0.061131
0 0.300352 0.594995 0.062220 0.062220
0 0.893624 0.945976 0.071945 0.071945
0 0.863453 0.249942 0.057104 0.057104
0 0.744393 0.220062 0.057104 0.057104
0 0.601763 0.243948 0.052757 0.052757
0 0.107227 0.596735 0.062220 0.062220
0 0.776790 0.996198 0.071945 0.071945
0 0.351813 0.345822 0.052757 0.052757
0 0.139147 0.529106 0.071945 0.071945
0 0.052727 0.765667 0.062220 0.062220
0 0.871171 0.645173 0.104277 0.104277
0 0.382778 0.188979 0.057104 0.057104
0 0.625758 0.677402 0.057104 0.057104
0 0.316581 0.262665 0.057104 0.057104
0 0.222430 0.010686 0.104277 0.104277
0 0.179348 0.586032 0.052757 0.052757
0 0.608501 0.817340 0.057104 0.057104
0 0.288772 0.080123 0.052757 0.052757
0 0.052286 0.917217 0.061131 0.061131
0 0.167800 0.298806 0.071945 0.071945
0 0.617163 0.603703 0.104277 0.104277
0 0.844155 0.353407 0.061130 0.061130
0 0.036265 0.195595 0.071945 0.071945
0 0.512683 0.008867 0.104277 0.104277
0 0.686496 0.631298 0.104277 0.104277
0 0.700676 0.827556 0.052757 0.052757
0 0.176329 0.069823 0.052757 0.052757
0 0.470764 0.186977 0.062220 0.062220
0 0.268157 0.472415 0.061131 0.061131