0 0.940842 0.186977 0.104277 0.104277
0 0.613302 0.394505 0.104278 0.104278
0 0.867345 0.986282 0.071945 0.071945
0 0.668958 0.831627 0.104277 0.104277
0 0.731446 0.555853 0.052757 0.052757
0 0.911743 0.742599 0.061130 0.061130
0 0.403937 0.912821 0.052757 0.052757
0 0.415629 0.999370 0.104277 0.104277
0 0.255979 0.546828 0.061130 0.061130
0 0.630740 0.505310 0.052757 0.052757
0 0.651811 0.676537 0.052757 0.052757
0 0.395362 0.825400 0.104277 0.104277
0 0.934966 0.101792 0.057104 0.057104
0 0.728118 0.751672 0.071945 0.071945
0 0.477719 0.757198 0.104277 0.104277
0 0.970828 0.288428 0.051819 0.051819
0 0.401886 0.726258 0.061130 0.061130
0 0.265947 0.311162 0.057104 0.057104
0 0.308957 0.624215 0.104277 0.104277
0 0.341806 0.097811 0.057104 0.057104
0 0.863534 0.577229 0.104277 0.104277
0 0.528827 0.903253 0.104277 0.104277
0 0.563148 0.305943 0.052757 0.052757
0 0.107443 0.396537 0.104277 0.104277
0 0.027874 0.465461 0.052757 0.052757
0 0.250829 0.465698 0.104277 0.104277
0 0.324309 0.864180 0.052757 0.052757
0 0.805991 0.827961 0.052757 0.052757
0 0.748277 0.298188 0.052757 0.052757
0 0.186784 0.547755 0.052757 0.052757
0 0.616015 0.750716 0.104277 0.104277
0 0.563312 0.612362 0.057104 0.057104
0 0.768649 0.693966 0.052757 0.052757
0 0.963124 0.445401 0.054783 0.054783
0 0.943654 0.966087 0.061131 0.061131
0 0.466480 0.836348 0.061130 0.061130
0 0.902047 0.894538 0.071945 0.071945
0 0.931226 0.557567 0.071945 0.071945
0 0.141311 0.766899 0.104278 0.104278
0 0.931486 0.628391 0.061130 0.061130
0 0.714350 0.218819 0.071945 0.071945
0 0.208160 0.745290 0.052757 0.052757
0 0.488027 0.424416 0.061130 0.061130
0 0.379380 0.323258 0.071945 0.071945
0 0.546029 0.538954 0.052757 0.052757
0 0.811506 0.454069 0.057104 0.057104
0 0.089213 0.204762 0.061130 0.061130
0 0.586576 0.864708 0.071945 0.071945
0 0.388128 0.046444 0.071945 0.071945
0 0.368284 0.491551 0.061130 0.061130
0 0.338953 0.407886 0.062220 0.062220
0 0.482723 0.259072 0.062220 0.062220
0 0.598384 0.088072 0.061130 0.061130
0 0.730423 0.931347 0.061130 0.061130
0 0.825701 0.332195 0.052757 0.052757
0 0.388322 0.653852 0.052757 0.052757
0 0.538496 0.690137 0.057104 0.057104
0 0.174039 0.867783 0.057104 0.057104
0 0.042081 0.354540 0.104277 0.104277
0 0.101314 0.834163 0.071945 0.071945
0 0.518306 0.974512 0.071945 0.071945
0 0.683450 0.044868 0.104277 0.104277
0 0.846855 0.142741 0.071945 0.071945
0 0.039899 0.913729 0.052757 0.052757
0 0.232195 0.909621 0.071945 0.071945
0 0.537150 0.196459 0.061130 0.061130
0 0.637243 0.288995 0.057104 0.057104
0 0.529392 0.112777 0.104277 0.104277
0 0.736844 0.366611 0.062220 0.062220
0 0.734011 0.093405 0.104277 0.104277
0 0.050664 0.012610 0.052757 0.052757
0 0.743316 0.625276 0.104277 0.104277
0 0.479603 0.501051 0.104277 0.104277
0 0.440249 0.355072 0.071945 0.071945
0 0.830087 0.903821 0.057104 0.057104
0 0.683147 0.422700 0.104277 0.104277
0 0.837980 0.226657 0.057104 0.057104
0 0.181315 0.419139 0.071945 0.071945
0 0.321187 0.263236 0.050932 0.050932
0 0.457923 0.084350 0.052757 0.052757
0 0.224060 0.031241 0.071945 0.071945
0 0.111724 0.944514 0.052757 0.052757
0 0.793849 0.049465 0.052757 0.052757
0 0.648155 0.200912 0.057104 0.057104
0 0.181644 0.317872 0.071945 0.071945
0 0.089281 0.081043 0.104277 0.104277
0 0.431724 0.151376 0.061130 0.061130
0 0.743630 0.858811 0.050559 0.050559
0 0.054612 0.682154 0.104277 0.104277
0 0.872769 0.801590 0.061130 0.061130
0 0.104755 0.526389 0.104277 0.104277
0 0.645272 0.594367 0.061131 0.061131
0 0.492379 0.635692 0.104277 0.104277
0 0.095261 0.302691 0.052757 0.052757
0 0.949565 0.377447 0.052757 0.052757
0 0.877002 0.411674 0.104277 0.104277
0 0.392516 0.248061 0.062220 0.062220
0 0.188271 0.225965 0.062220 0.062220
0 0.010428 0.601166 0.052757 0.052757
0 0.102660 0.616752 0.062220 0.062220
0 0.169170 0.651794 0.071945 0.071945
0 0.567284 0.464419 0.071945 0.071945
0 0.398277 0.575448 0.061130 0.061130
0 0.038039 0.135970 0.071945 0.071945
0 0.807485 0.530639 0.071945 0.071945
0 0.133124 0.140939 0.047555 0.047555
0 0.267224 0.165735 0.052757 0.052757
0 0.298792 0.762898 0.104277 0.104277
0 0.838192 0.668579 0.104277 0.104277
0 0.072343 0.758170 0.052757 0.052757
0 0.602685 0.988493 0.052757 0.052757
0 0.262944 0.383840 0.071945 0.071945
0 0.347174 0.173616 0.071945 0.071945
0 0.338076 0.933158 0.104277 0.104277