0 0.933512 0.444690 0.104277 0.104277
0 0.995338 0.353642 0.071945 0.071945
0 0.901190 0.546259 0.052757 0.052757
0 0.939221 0.216743 0.104277 0.104277
0 0.445386 0.499356 0.052757 0.052757
0 0.809284 0.389199 0.062220 0.062220
0 0.369072 0.920537 0.057104 0.057104
0 0.720119 0.574358 0.104277 0.104277
0 0.319592 0.219893 0.052757 0.052757
0 0.978097 0.510898 0.061131 0.061131
0 0.444931 0.707186 0.057104 0.057104
0 0.510973 0.114353 0.071945 0.071945
0 0.558221 0.176792 0.061130 0.061130
0 0.736355 0.300747 0.052757 0.052757
0 0.666273 0.915318 0.052757 0.052757
0 0.071963 0.901390 0.071945 0.071945
0 0.489740 0.389832 0.057104 0.057104
0 0.803555 0.236656 0.052757 0.052757
0 0.576671 0.386089 0.057104 0.057104
0 0.799523 0.512608 0.071945 0.071945
0 0.851402 0.907563 0.052757 0.052757
0 0.908618 0.318939 0.071945 0.071945
0 0.258082 0.131387 0.071945 0.071945
0 0.187837 0.124302 0.057104 0.057104
0 0.455890 0.290294 0.057104 0.057104
0 0.817475 0.828194 0.071945 0.071945
0 0.482505 0.932633 0.071945 0.071945
0 0.870742 0.479057 0.057104 0.057104
0 0.002514 0.631508 0.071945 0.071945
0 0.192338 0.814137 0.061130 0.061130
0 0.603079 0.054485 0.061130 0.061130
0 0.491253 0.655819 0.071945 0.071945
0 0.585848 0.868447 0.062220 0.062220
0 0.701509 0.697447 0.061130 0.061130
0 0.928826 0.941570 0.052757 0.052757
0 0.191369 0.458062 0.071945 0.071945
0 0.145206 0.963915 0.104277 0.104277
0 0.875216 0.118775 0.104277 0.104277
0 0.636821 0.599708 0.061130 0.061130
0 0.607895 0.527973 0.061130 0.061130
0 0.389013 0.254246 0.104277 0.104277
0 0.253053 0.032424 0.057104 0.057104
0 0.494769 0.034171 0.057104 0.057104
0 0.160408 0.209553 0.057104 0.057104
0 0.786575 0.654243 0.104277 0.104277
0 0.949980 0.752116 0.071945 0.071945
0 0.363335 0.148508 0.104277 0.104277
0 0.647378 0.265911 0.052757 0.052757
0 0.640275 0.805834 0.061130 0.061130
0 0.378428 0.340808 0.104277 0.104277
0 0.202538 0.539760 0.071945 0.071945
0 0.740368 0.898370 0.057104 0.057104
0 0.632517 0.722152 0.104277 0.104277
0 0.839969 0.975986 0.062220 0.062220
0 0.167892 0.041807 0.052757 0.052757
0 0.362593 0.053777 0.052757 0.052757
0 0.837136 0.702780 0.104277 0.104277
0 0.321825 0.490891 0.052757 0.052757
0 0.816041 0.590090 0.052757 0.052757
0 0.153789 0.621985 0.052757 0.052757
0 0.086472 0.300539 0.061130 0.061130
0 0.528400 0.463577 0.071945 0.071945
0 0.453345 0.216547 0.062220 0.062220
0 0.077566 0.494418 0.061130 0.061130
0 0.543374 0.964447 0.071945 0.071945
0 0.085516 0.815573 0.104277 0.104277
0 0.767677 0.156244 0.052757 0.052757
0 0.414277 0.422244 0.104277 0.104277
0 0.941105 0.836032 0.057104 0.057104
0 0.424312 0.872611 0.050932 0.050932
0 0.561048 0.693725 0.052757 0.052757
0 0.036423 0.726443 0.057104 0.057104
0 0.327185 0.640616 0.071945 0.071945
0 0.537945 0.600785 0.061130 0.061130
0 0.113547 0.565244 0.062220 0.062220
0 0.896974 0.658840 0.052757 0.052757
0 0.105655 0.001243 0.061130 0.061130
0 0.751280 0.810287 0.057104 0.057104
0 0.975352 0.054370 0.062220 0.062220
0 0.250085 0.237039 0.057104 0.057104
0 0.560593 0.245946 0.057104 0.057104
0 0.052281 0.179213 0.104277 0.104277
0 0.284769 0.927247 0.071945 0.071945
0 0.192406 0.690418 0.104277 0.104277
0 0.782227 0.056110 0.062220 0.062220
0 0.660784 0.170686 0.057104 0.057104
0 0.534849 0.760751 0.061130 0.061130
0 0.397214 0.603910 0.071945 0.071945
0 0.249849 0.315148 0.061130 0.061130
0 0.179686 0.302427 0.062220 0.062220
0 0.524701 0.320411 0.048997 0.048997
0 0.727727 0.225042 0.062220 0.062220
0 0.198386 0.912066 0.052757 0.052757
0 0.723709 0.466403 0.062220 0.062220
0 0.854348 0.045407 0.052757 0.052757
0 0.495641 0.857436 0.062220 0.062220
0 0.291396 0.835340 0.062220 0.062220
0 0.727286 0.376592 0.061131 0.061131
0 0.148247 0.386967 0.071945 0.071945
0 0.302060 0.414788 0.104277 0.104277
0 0.068186 0.379891 0.071945 0.071945
0 0.058437 0.102750 0.061130 0.061130
0 0.141164 0.745345 0.071945 0.071945
0 0.236249 0.750314 0.047555 0.047555
0 0.370349 0.775110 0.052757 0.052757
0 0.442502 0.138655 0.057104 0.057104
0 0.000766 0.874115 0.057103 0.057103
0 0.654794 0.473397 0.071945 0.071945
0 0.366069 0.993215 0.071945 0.071945
0 0.450299 0.782991 0.071945 0.071945
0 0.026459 0.038940 0.062220 0.062220