0 0.222294 0.868736 0.061130 0.061130
0 0.625239 0.830445 0.052757 0.052757
0 0.155387 0.729065 0.104277 0.104277
0 0.217213 0.638017 0.071945 0.071945
0 0.369026 0.623627 0.071945 0.071945
0 0.447779 0.830485 0.104277 0.104277
0 0.123065 0.830634 0.052757 0.052757
0 0.525643 0.877010 0.071945 0.071945
0 0.419932 0.172661 0.104277 0.104277
0 0.452412 0.513930 0.061131 0.061131
0 0.610034 0.137189 0.104277 0.104277
0 0.161096 0.501118 0.104277 0.104277
0 0.654223 0.333437 0.057104 0.057104
0 0.780676 0.538397 0.062221 0.062221
0 0.669582 0.501402 0.104277 0.104277
0 0.746608 0.295316 0.104277 0.104277
0 0.573064 0.046946 0.057104 0.057104
0 0.483527 0.250325 0.104277 0.104277
0 0.259966 0.995542 0.057104 0.057104
0 0.031159 0.673574 0.062220 0.062220
0 0.289168 0.437089 0.052757 0.052757
0 0.770629 0.810511 0.071945 0.071945
0 0.486418 0.088905 0.061131 0.061131
0 0.199972 0.795273 0.061131 0.061131
0 0.233106 0.547614 0.057104 0.057104
0 0.369634 0.012438 0.071945 0.071945
0 0.284188 0.755768 0.052757 0.052757
0 0.552245 0.491570 0.104277 0.104277
0 0.422522 0.307980 0.062220 0.062220
0 0.340395 0.691728 0.057104 0.057104
0 0.260348 0.374528 0.057104 0.057104
0 0.257195 0.213703 0.052757 0.052757
0 0.730944 0.644485 0.052757 0.052757
0 0.452868 0.913739 0.036679 0.036679
0 0.368349 0.351966 0.061130 0.061130
0 0.644800 0.033968 0.071945 0.071945
0 0.083218 0.201006 0.061131 0.061131
0 0.670857 0.605296 0.062221 0.062221
0 0.286630 0.844350 0.057104 0.057104
0 0.025430 0.521031 0.052757 0.052757
0 0.672487 0.410784 0.071945 0.071945
0 0.609402 0.640925 0.052757 0.052757
0 0.578212 0.224775 0.061130 0.061130
0 0.596508 0.708787 0.104277 0.104277
0 0.021398 0.796983 0.071945 0.071945
0 0.018344 0.122313 0.062220 0.062220
0 0.311278 0.308989 0.061131 0.061131
0 0.502146 0.732419 0.104277 0.104277
0 0.130493 0.603314 0.071945 0.071945
0 0.360505 0.242442 0.057104 0.057104
0 0.785276 0.957876 0.057104 0.057104
0 0.593051 0.899894 0.062220 0.062220
0 0.770910 0.164352 0.057104 0.057104
0 0.092617 0.763432 0.057104 0.057104
0 0.449073 0.674127 0.061130 0.061130
0 0.583999 0.299650 0.061130 0.061130
0 0.527833 0.804742 0.061130 0.061130
0 0.097091 0.403150 0.104277 0.104277
0 0.399169 0.768610 0.062220 0.062220
0 0.008450 0.938618 0.104277 0.104277
0 0.312601 0.539640 0.062220 0.062220
0 0.676298 0.915818 0.104277 0.104277
0 0.129531 0.086145 0.061131 0.061131
0 0.059011 0.987155 0.104277 0.104277
0 0.037916 0.874465 0.052757 0.052757
0 0.344832 0.914153 0.062220 0.062220
0 0.723242 0.218354 0.052757 0.052757
0 0.219070 0.156524 0.057104 0.057104
0 0.379673 0.457491 0.071945 0.071945
0 0.487043 0.996849 0.104277 0.104277
0 0.342556 0.115148 0.071945 0.071945
0 0.400495 0.962071 0.071945 0.071945
0 0.118849 0.943215 0.052757 0.052757
0 0.197227 0.338745 0.062220 0.062220
0 0.790499 0.689726 0.071945 0.071945
0 0.004102 0.340485 0.062220 0.062220
0 0.541390 0.952218 0.061131 0.061131
0 0.673665 0.739948 0.071945 0.071945
0 0.248688 0.089572 0.052757 0.052757
0 0.036022 0.272856 0.071945 0.071945
0 0.768046 0.388923 0.104277 0.104277
0 0.522633 0.421152 0.057104 0.057104
0 0.213456 0.006415 0.057104 0.057104
0 0.076223 0.329782 0.052757 0.052757
0 0.505376 0.561090 0.057104 0.057104
0 0.064675 0.042556 0.071945 0.071945
0 0.514038 0.347453 0.104277 0.104277
0 0.741030 0.097157 0.061130 0.061130
0 0.634058 0.989215 0.071945 0.071945
0 0.583371 0.375048 0.104277 0.104277
0 0.597551 0.571306 0.052757 0.052757
0 0.165032 0.216165 0.061131 0.061131