0 0.323595 0.358157 0.071945 0.071945
0 0.886134 0.864859 0.104277 0.104277
0 0.525139 0.968808 0.052757 0.052757
0 0.598716 0.326136 0.071945 0.071945
0 0.879094 0.066457 0.071945 0.071945
0 0.125208 0.203502 0.104277 0.104277
0 0.630844 0.441506 0.052757 0.052757
0 0.332279 0.728489 0.061130 0.061130
0 0.869127 0.548660 0.061131 0.061131
0 0.775004 0.664994 0.062220 0.062220
0 0.367993 0.114474 0.061130 0.061130
0 0.774271 0.239451 0.104277 0.104277
0 0.758360 0.835187 0.052757 0.052757
0 0.394406 0.836581 0.104277 0.104277
0 0.916182 0.957312 0.052757 0.052757
0 0.218343 0.624870 0.104277 0.104277
0 0.177204 0.746481 0.104277 0.104277
0 0.063720 0.788455 0.071945 0.071945
0 0.540937 0.076350 0.071945 0.071945
0 0.108061 0.048412 0.052757 0.052757
0 0.221744 0.377612 0.062220 0.062220
0 0.184368 0.123547 0.071945 0.071945
0 0.651159 0.687790 0.104277 0.104277
0 0.247097 0.549870 0.057104 0.057104
0 0.741267 0.402570 0.104277 0.104277
0 0.790617 0.944911 0.061130 0.061130
0 0.696406 0.593689 0.071945 0.071945
0 0.906464 0.486313 0.052757 0.052757
0 0.619645 0.195208 0.104277 0.104277
0 0.257221 0.904480 0.062220 0.062220
0 0.737424 0.006401 0.071945 0.071945
0 0.315444 0.532306 0.104277 0.104277
0 0.732658 0.746448 0.052757 0.052757
0 0.473106 0.829498 0.062220 0.062220
0 0.200797 0.473368 0.061130 0.061130
0 0.080102 0.515242 0.057104 0.057104
0 0.680127 0.133706 0.057104 0.057104
0 0.723094 0.307381 0.062220 0.062220
0 0.475836 0.434568 0.052757 0.052757
0 0.622844 0.065490 0.062220 0.062220
0 0.017618 0.622000 0.057104 0.057104
0 0.133594 0.652091 0.104277 0.104277
0 0.594579 0.822318 0.062220 0.062220
0 0.443053 0.621436 0.071945 0.071945
0 0.073031 0.861420 0.071945 0.071945
0 0.808493 0.038183 0.061130 0.061130
0 0.653057 0.536445 0.102474 0.102474
0 0.693946 0.893565 0.071945 0.071945
0 0.262241 0.199836 0.052757 0.052757
0 0.547393 0.528620 0.104277 0.104277
0 0.072265 0.122591 0.104277 0.104277
0 0.224899 0.065841 0.052757 0.052757
0 0.595796 0.993359 0.104277 0.104277
0 0.556217 0.262412 0.062220 0.062220
0 0.399904 0.337962 0.061131 0.061131
0 0.358297 0.266413 0.071945 0.071945
0 0.146498 0.384962 0.062220 0.062220
0 0.387736 0.000266 0.061130 0.061130
0 0.680443 0.990246 0.104277 0.104277
0 0.361443 0.589273 0.057104 0.057104
0 0.099139 0.725812 0.057104 0.057104
0 0.174165 0.542800 0.104277 0.104277
0 0.042826 0.236583 0.071945 0.071945
0 0.088118 0.978542 0.057104 0.057104
0 0.842739 0.295357 0.045227 0.045227
0 0.502047 0.895251 0.062220 0.062220
0 0.477127 0.343684 0.052757 0.052757
0 0.186673 0.303222 0.061130 0.061130
0 0.898404 0.199152 0.061130 0.061130
0 0.456798 0.993822 0.052757 0.052757
0 0.460236 0.550794 0.062220 0.062220
0 0.404659 0.730553 0.104277 0.104277
0 0.132110 0.812565 0.062220 0.062220
0 0.316654 0.958283 0.052757 0.052757
0 0.588641 0.920219 0.052757 0.052757
0 0.232752 0.694206 0.062220 0.062220
0 0.554753 0.157445 0.052757 0.052757
0 0.106965 0.583553 0.071945 0.071945
0 0.466800 0.209309 0.052757 0.052757
0 0.889993 0.766007 0.061131 0.061131
0 0.408276 0.906113 0.061131 0.061131
0 0.286337 0.275696 0.057104 0.057104
0 0.756810 0.142849 0.061131 0.061131
0 0.662447 0.007112 0.057104 0.057104
0 0.383601 0.656275 0.104277 0.104277
0 0.855565 0.642019 0.061131 0.061131
0 0.821819 0.793104 0.062221 0.062221
0 0.657717 0.793386 0.052757 0.052757
0 0.553822 0.435745 0.055027 0.055027
0 0.686014 0.236567 0.061131 0.061131
0 0.344513 0.464658 0.062220 0.062220
0 0.227039 0.989193 0.061130 0.061130
0 0.763851 0.539923 0.104277 0.104277
0 0.199880 0.230686 0.050559 0.050559
0 0.494102 0.728821 0.052757 0.052757
0 0.329019 0.173465 0.061130 0.061130
0 0.014282 0.705033 0.052757 0.052757
0 0.300503 0.621621 0.071945 0.071945
0 0.169032 0.892678 0.061131 0.061131
0 0.457090 0.088390 0.071945 0.071945
0 0.416552 0.477468 0.104277 0.104277
0 0.580562 0.621725 0.061130 0.061130
0 0.259053 0.821731 0.104277 0.104277
0 0.843933 0.156343 0.052757 0.052757
0 0.294442 0.040454 0.104277 0.104277
0 0.058935 0.360368 0.052757 0.052757
0 0.818590 0.488597 0.057104 0.057104
0 0.832540 0.412514 0.088662 0.088662