0 0.317887 0.929065 0.104277 0.104277
0 0.379713 0.838017 0.071945 0.071945
0 0.531526 0.823627 0.071945 0.071945
0 0.582432 0.372661 0.104277 0.104277
0 0.614912 0.713930 0.061131 0.061131
0 0.772534 0.337189 0.104277 0.104277
0 0.323596 0.701118 0.104277 0.104277
0 0.816723 0.533437 0.057104 0.057104
0 0.943176 0.738397 0.062221 0.062221
0 0.832082 0.701402 0.104277 0.104277
0 0.909108 0.495316 0.104277 0.104277
0 0.735564 0.246946 0.057104 0.057104
0 0.663724 0.098429 0.104277 0.104277
0 0.646027 0.450325 0.104277 0.104277
0 0.193659 0.873574 0.062220 0.062220
0 0.451668 0.637089 0.052757 0.052757
0 0.648918 0.288905 0.061131 0.061131
0 0.362472 0.995273 0.061131 0.061131
0 0.395606 0.747614 0.057104 0.057104
0 0.532134 0.212438 0.071945 0.071945
0 0.446688 0.955768 0.052757 0.052757
0 0.714745 0.691570 0.104277 0.104277
0 0.749143 0.112717 0.062220 0.062220
0 0.120730 0.785122 0.052757 0.052757
0 0.585022 0.507980 0.062220 0.062220
0 0.502895 0.891728 0.057104 0.057104
0 0.422848 0.574528 0.057104 0.057104
0 0.419695 0.413703 0.052757 0.052757
0 0.893444 0.844485 0.052757 0.052757
0 0.530849 0.551966 0.061130 0.061130
0 0.807300 0.233968 0.071945 0.071945
0 0.889097 0.004509 0.071945 0.071945
0 0.245718 0.401006 0.061131 0.061131
0 0.833357 0.805296 0.062221 0.062221
0 0.187930 0.721031 0.052757 0.052757
0 0.834987 0.610784 0.071945 0.071945
0 0.771902 0.840925 0.052757 0.052757
0 0.740712 0.424775 0.061130 0.061130
0 0.759008 0.908787 0.104277 0.104277
0 0.183898 0.996983 0.071945 0.071945
0 0.180844 0.322313 0.062220 0.062220
0 0.473778 0.508989 0.061131 0.061131
0 0.664646 0.932419 0.104277 0.104277
0 0.292993 0.803314 0.071945 0.071945
0 0.523005 0.442442 0.057104 0.057104
0 0.589919 0.036247 0.071945 0.071945
0 0.152728 0.006347 0.061131 0.061131
0 0.465381 0.036273 0.104277 0.104277
0 0.933410 0.364352 0.057104 0.057104
0 0.255117 0.963432 0.057104 0.057104
0 0.589297 0.167950 0.104277 0.104277
0 0.881385 0.111650 0.104278 0.104278
0 0.611573 0.874127 0.061130 0.061130
0 0.746499 0.499650 0.061130 0.061130
0 0.278223 0.151731 0.071945 0.071945
0 0.259591 0.603150 0.104277 0.104277
0 0.561669 0.968610 0.062220 0.062220
0 0.031753 0.750286 0.052757 0.052757
0 0.475101 0.739640 0.062220 0.062220
0 0.292031 0.286145 0.061131 0.061131
0 0.067641 0.334842 0.061130 0.061130
0 0.150127 0.232630 0.104277 0.104277
0 0.363008 0.117090 0.062220 0.062220
0 0.885742 0.418354 0.052757 0.052757
0 0.055052 0.069993 0.062220 0.062220
0 0.381570 0.356524 0.057104 0.057104
0 0.542173 0.657491 0.071945 0.071945
0 0.152052 0.640619 0.052757 0.052757
0 0.144819 0.410956 0.062220 0.062220
0 0.505056 0.315148 0.071945 0.071945
0 0.109584 0.474574 0.104278 0.104278
0 0.192501 0.141594 0.061131 0.061131
0 0.359727 0.538745 0.062220 0.062220
0 0.952999 0.889726 0.071945 0.071945
0 0.922828 0.193692 0.057104 0.057104
0 0.803768 0.163812 0.057104 0.057104
0 0.661138 0.187698 0.052757 0.052757
0 0.166602 0.540485 0.062220 0.062220
0 0.045159 0.655061 0.057104 0.057104
0 0.836165 0.939948 0.071945 0.071945
0 0.411188 0.289572 0.052757 0.052757
0 0.198522 0.472856 0.071945 0.071945
0 0.112102 0.709417 0.062220 0.062220
0 0.930546 0.588923 0.104277 0.104277
0 0.442153 0.132729 0.057104 0.057104
0 0.685133 0.621152 0.057104 0.057104
0 0.009435 0.127622 0.061130 0.061130
0 0.044161 0.432654 0.104277 0.104277
0 0.375956 0.206415 0.057104 0.057104
0 0.108084 0.950778 0.062220 0.062220
0 0.238723 0.529782 0.052757 0.052757
0 0.667876 0.761090 0.057104 0.057104
0 0.050194 0.200535 0.061130 0.061130
0 0.348147 0.023873 0.052757 0.052757
0 0.111661 0.860967 0.061131 0.061131
0 0.227175 0.242556 0.071945 0.071945
0 0.676538 0.547453 0.104277 0.104277
0 0.903530 0.297157 0.061130 0.061130
0 0.095640 0.139345 0.071945 0.071945
0 0.745871 0.575048 0.104277 0.104277
0 0.760051 0.771306 0.052757 0.052757
0 0.235704 0.013573 0.052757 0.052757
0 0.530139 0.130727 0.062220 0.062220
0 0.039169 0.957772 0.071945 0.071945
0 0.327532 0.416165 0.061131 0.061131