0 0.287332 0.860080 0.062220 0.062220
0 0.776720 0.576907 0.071945 0.071945
0 0.578333 0.422252 0.104277 0.104277
0 0.640821 0.146478 0.052757 0.052757
0 0.785404 0.947239 0.061130 0.061130
0 0.821118 0.333224 0.061130 0.061130
0 0.313312 0.503446 0.052757 0.052757
0 0.325004 0.589995 0.104277 0.104277
0 0.165354 0.137453 0.061130 0.061130
0 0.671468 0.843620 0.104277 0.104277
0 0.083906 0.914367 0.052757 0.052757
0 0.630329 0.965231 0.104277 0.104277
0 0.540115 0.095935 0.052757 0.052757
0 0.994062 0.295100 0.071945 0.071945
0 0.561186 0.267162 0.052757 0.052757
0 0.674869 0.596362 0.062220 0.062220
0 0.043097 0.999037 0.062220 0.062220
0 0.304737 0.416025 0.104277 0.104277
0 0.637493 0.342297 0.071945 0.071945
0 0.387094 0.347823 0.104277 0.104277
0 0.311261 0.316883 0.061130 0.061130
0 0.700222 0.768620 0.057104 0.057104
0 0.218332 0.214840 0.104277 0.104277
0 0.053537 0.720538 0.061130 0.061130
0 0.772909 0.167854 0.104277 0.104277
0 0.033953 0.632655 0.052757 0.052757
0 0.768569 0.751056 0.104277 0.104277
0 0.653922 0.692118 0.061130 0.061130
0 0.533227 0.733992 0.057104 0.057104
0 0.438202 0.493878 0.104277 0.104277
0 0.194755 0.633482 0.061130 0.061130
0 0.275599 0.758940 0.062220 0.062220
0 0.928961 0.653318 0.052757 0.052757
0 0.470743 0.840750 0.057104 0.057104
0 0.586719 0.870841 0.104277 0.104277
0 0.317488 0.667150 0.057104 0.057104
0 0.896178 0.840186 0.071945 0.071945
0 0.135286 0.868593 0.062220 0.062220
0 0.160204 0.056323 0.104277 0.104277
0 0.233684 0.454805 0.052757 0.052757
0 0.715366 0.418586 0.052757 0.052757
0 0.354034 0.802593 0.057104 0.057104
0 0.096159 0.138380 0.052757 0.052757
0 0.525390 0.341341 0.104277 0.104277
0 0.472687 0.202987 0.057104 0.057104
0 0.678024 0.284591 0.052757 0.052757
0 0.872499 0.036026 0.054783 0.054783
0 0.166109 0.714694 0.061130 0.061130
0 0.853029 0.556712 0.061131 0.061131
0 0.375855 0.426973 0.061130 0.061130
0 0.811422 0.485163 0.071945 0.071945
0 0.840601 0.148192 0.071945 0.071945
0 0.050686 0.357524 0.104278 0.104278
0 0.599623 0.603712 0.062220 0.062220
0 0.840861 0.219016 0.061130 0.061130
0 0.117535 0.335915 0.052757 0.052757
0 0.397402 0.015041 0.061130 0.061130
0 0.814568 0.808023 0.057104 0.057104
0 0.131339 0.975725 0.062220 0.062220
0 0.552264 0.944562 0.057104 0.057104
0 0.455404 0.129579 0.052757 0.052757
0 0.720881 0.044694 0.057104 0.057104
0 0.627290 0.761550 0.104277 0.104277
0 0.126996 0.590939 0.057104 0.057104
0 0.420424 0.988226 0.062220 0.062220
0 0.495951 0.455333 0.071945 0.071945
0 0.277659 0.082176 0.061130 0.061130
0 0.930252 0.562434 0.052757 0.052757
0 0.284964 0.986985 0.104277 0.104277
0 0.639798 0.521972 0.061130 0.061130
0 0.297697 0.244477 0.052757 0.052757
0 0.447871 0.280762 0.057104 0.057104
0 0.083414 0.458408 0.057104 0.057104
0 0.010689 0.424788 0.071945 0.071945
0 0.913361 0.769544 0.062220 0.062220
0 0.857784 0.949303 0.104277 0.104277
0 0.450336 0.711281 0.062220 0.062220
0 0.427681 0.565137 0.071945 0.071945
0 0.141570 0.500246 0.071945 0.071945
0 0.965014 0.136684 0.052757 0.052757
0 0.652691 0.215901 0.104277 0.104277
0 0.685877 0.912956 0.062220 0.062220
0 0.560090 0.802303 0.071945 0.071945
0 0.388978 0.091676 0.104277 0.104277
0 0.919925 0.428059 0.052757 0.052757
0 0.739462 0.494446 0.057104 0.057104
0 0.592522 0.013325 0.104277 0.104277
0 0.090690 0.009764 0.071945 0.071945
0 0.236132 0.919005 0.104277 0.104277
0 0.836726 0.875025 0.104277 0.104277
0 0.021099 0.535139 0.052757 0.052757
0 0.948859 0.022775 0.104277 0.104277
0 0.797638 0.683408 0.062220 0.062220
0 0.653005 0.449436 0.050559 0.050559
0 0.947227 0.947571 0.052757 0.052757
0 0.782144 0.392215 0.061130 0.061130
0 0.911415 0.212587 0.071945 0.071945
0 0.467407 0.923783 0.052757 0.052757
0 0.014130 0.117014 0.104277 0.104277
0 0.753628 0.840371 0.071945 0.071945
0 0.554647 0.184992 0.061131 0.061131
0 0.401754 0.226317 0.104277 0.104277
0 0.910215 0.307140 0.071945 0.071945
0 0.869677 0.696218 0.104277 0.104277
0 0.786377 0.002299 0.104277 0.104277
0 0.003374 0.827707 0.057104 0.057104
0 0.394182 0.919061 0.052757 0.052757
0 0.012035 0.207377 0.062220 0.062220
0 0.078545 0.242419 0.071945 0.071945
0 0.476659 0.055044 0.071945 0.071945
0 0.307652 0.166073 0.061130 0.061130
0 0.716860 0.121264 0.071945 0.071945
0 0.427854 0.784447 0.061130 0.061130
0 0.099335 0.803791 0.104277 0.104277
0 0.208167 0.353523 0.104277 0.104277
0 0.747567 0.259204 0.104277 0.104277
0 0.512060 0.579118 0.052757 0.052757
0 0.247451 0.523783 0.104277 0.104277