0 0.815842 0.105727 0.104277 0.104277
0 0.488302 0.313255 0.104278 0.104278
0 0.742345 0.905032 0.071945 0.071945
0 0.966132 0.103403 0.062220 0.062220
0 0.543958 0.750377 0.104277 0.104277
0 0.606446 0.474603 0.052757 0.052757
0 0.786743 0.661349 0.061130 0.061130
0 0.278937 0.831571 0.052757 0.052757
0 0.290629 0.918120 0.104277 0.104277
0 0.130979 0.465578 0.061130 0.061130
0 0.505740 0.424060 0.052757 0.052757
0 0.959687 0.623225 0.071945 0.071945
0 0.526811 0.595287 0.052757 0.052757
0 0.640494 0.924487 0.062220 0.062220
0 0.270362 0.744150 0.104277 0.104277
0 0.809966 0.020542 0.057104 0.057104
0 0.603118 0.670422 0.071945 0.071945
0 0.352719 0.675948 0.104277 0.104277
0 0.845828 0.207178 0.051819 0.051819
0 0.276886 0.645008 0.061130 0.061130
0 0.140947 0.229912 0.057104 0.057104
0 0.183957 0.542965 0.104277 0.104277
0 0.216806 0.016561 0.057104 0.057104
0 0.738534 0.495979 0.104277 0.104277
0 0.403827 0.822003 0.104277 0.104277
0 0.160380 0.961607 0.061130 0.061130
0 0.894586 0.981443 0.052757 0.052757
0 0.438148 0.224693 0.052757 0.052757
0 0.283113 0.995275 0.057104 0.057104
0 0.921669 0.277522 0.104277 0.104277
0 0.916806 0.204229 0.071945 0.071945
0 0.125829 0.384448 0.104277 0.104277
0 0.199309 0.782930 0.052757 0.052757
0 0.680991 0.746711 0.052757 0.052757
0 0.623277 0.216938 0.052757 0.052757
0 0.061784 0.466505 0.052757 0.052757
0 0.491015 0.669466 0.104277 0.104277
0 0.438312 0.531112 0.057104 0.057104
0 0.643649 0.612716 0.052757 0.052757
0 0.838124 0.364151 0.054783 0.054783
0 0.974967 0.809287 0.062220 0.062220
0 0.818654 0.884837 0.061131 0.061131
0 0.341480 0.755098 0.061130 0.061130
0 0.777047 0.813288 0.071945 0.071945
0 0.806226 0.476317 0.071945 0.071945
0 0.016311 0.685649 0.104278 0.104278
0 0.565248 0.931837 0.062220 0.062220
0 0.806486 0.547141 0.061130 0.061130
0 0.589350 0.137569 0.071945 0.071945
0 0.083160 0.664040 0.052757 0.052757
0 0.363027 0.343166 0.061130 0.061130
0 0.254380 0.242008 0.071945 0.071945
0 0.421029 0.457704 0.052757 0.052757
0 0.686506 0.372819 0.057104 0.057104
0 0.092621 0.919064 0.057104 0.057104
0 0.461576 0.783458 0.071945 0.071945
0 0.243284 0.410301 0.061130 0.061130
0 0.213953 0.326636 0.062220 0.062220
0 0.895877 0.890559 0.052757 0.052757
0 0.357723 0.177822 0.062220 0.062220
0 0.473384 0.006822 0.061130 0.061130
0 0.605423 0.850097 0.061130 0.061130
0 0.700701 0.250945 0.052757 0.052757
0 0.263322 0.572602 0.052757 0.052757
0 0.413496 0.608887 0.057104 0.057104
0 0.049039 0.786533 0.057104 0.057104
0 0.393306 0.893262 0.071945 0.071945
0 0.721855 0.061491 0.071945 0.071945
0 0.107195 0.828371 0.071945 0.071945
0 0.930639 0.464809 0.052757 0.052757
0 0.412150 0.115209 0.061130 0.061130
0 0.512243 0.207745 0.057104 0.057104
0 0.404392 0.031527 0.104277 0.104277
0 0.611844 0.285361 0.062220 0.062220
0 0.609011 0.012155 0.104277 0.104277
0 0.618316 0.544026 0.104277 0.104277
0 0.973503 0.704320 0.052757 0.052757
0 0.354603 0.419801 0.104277 0.104277
0 0.885550 0.756184 0.052757 0.052757
0 0.315249 0.273822 0.071945 0.071945
0 0.705087 0.822571 0.057104 0.057104
0 0.558147 0.341450 0.104277 0.104277
0 0.712980 0.145407 0.057104 0.057104
0 0.056315 0.337889 0.071945 0.071945
0 0.196187 0.181986 0.050932 0.050932
0 0.332923 0.003100 0.052757 0.052757
0 0.523155 0.119662 0.057104 0.057104
0 0.914484 0.350900 0.104277 0.104277
0 0.972572 0.982620 0.055027 0.055027
0 0.056644 0.236622 0.071945 0.071945
0 0.306724 0.070126 0.061130 0.061130
0 0.618630 0.777561 0.050559 0.050559
0 0.747769 0.720340 0.061130 0.061130
0 0.877040 0.540712 0.071945 0.071945
0 0.979027 0.395098 0.057104 0.057104
0 0.520272 0.513117 0.061131 0.061131
0 0.367379 0.554442 0.104277 0.104277
0 0.875840 0.635265 0.071945 0.071945
0 0.824565 0.296197 0.052757 0.052757
0 0.752002 0.330424 0.104277 0.104277
0 0.267516 0.166811 0.062220 0.062220
0 0.063271 0.144715 0.062220 0.062220
0 0.044170 0.570544 0.071945 0.071945
0 0.442284 0.383169 0.071945 0.071945
0 0.273277 0.494198 0.061130 0.061130
0 0.682485 0.449389 0.071945 0.071945
0 0.008124 0.059689 0.047555 0.047555
0 0.142224 0.084485 0.052757 0.052757
0 0.173792 0.681648 0.104277 0.104277
0 0.988749 0.543840 0.104277 0.104277
0 0.713192 0.587329 0.104277 0.104277
0 0.477685 0.907243 0.052757 0.052757
0 0.137944 0.302590 0.071945 0.071945
0 0.887451 0.066970 0.057104 0.057104
0 0.222174 0.092366 0.071945 0.071945
0 0.213076 0.851908 0.104277 0.104277