0 0.924245 0.216573 0.062220 0.062220
0 0.673237 0.519606 0.104277 0.104277
0 0.701295 0.929562 0.057103 0.057103
0 0.334895 0.902848 0.104277 0.104277
0 0.472641 0.975207 0.052757 0.052757
0 0.878319 0.275415 0.062220 0.062220
0 0.655613 0.244039 0.104278 0.104278
0 0.906100 0.679752 0.057104 0.057104
0 0.322334 0.058646 0.062220 0.062220
0 0.633415 0.751700 0.104277 0.104277
0 0.814294 0.223551 0.071945 0.071945
0 0.442176 0.684759 0.104277 0.104277
0 0.335753 0.298923 0.104277 0.104277
0 0.296759 0.193917 0.071945 0.071945
0 0.555709 0.281618 0.071945 0.071945
0 0.221020 0.131377 0.057104 0.057104
0 0.652812 0.615849 0.057104 0.057104
0 0.300011 0.706590 0.062220 0.062220
0 0.774515 0.074892 0.071945 0.071945
0 0.311676 0.596812 0.062220 0.062220
0 0.843865 0.834883 0.057104 0.057104
0 0.601382 0.564718 0.104277 0.104277
0 0.373321 0.743111 0.062220 0.062220
0 0.708819 0.013893 0.104277 0.104277
0 0.525060 0.089673 0.104277 0.104277
0 0.652281 0.126330 0.057104 0.057104
0 0.216222 0.737865 0.104278 0.104278
0 0.877029 0.596179 0.104277 0.104277
0 0.763888 0.877318 0.052757 0.052757
0 0.567743 0.433666 0.052757 0.052757
0 0.834804 0.417027 0.062220 0.062220
0 0.517063 0.900660 0.062220 0.062220
0 0.216410 0.848620 0.071945 0.071945
0 0.420554 0.359244 0.062220 0.062220
0 0.689129 0.680348 0.057104 0.057104
0 0.846283 0.929383 0.057104 0.057104
0 0.216474 0.499755 0.052757 0.052757
0 0.894673 0.758712 0.052757 0.052757
0 0.965864 0.827793 0.104277 0.104277
0 0.934421 0.396904 0.062220 0.062220
0 0.366012 0.475135 0.061130 0.061130
0 0.253792 0.030848 0.071945 0.071945
0 0.864624 0.057207 0.052757 0.052757
0 0.741946 0.320031 0.071945 0.071945
0 0.732612 0.555815 0.052757 0.052757
0 0.778554 0.767398 0.057104 0.057104
0 0.217380 0.393543 0.104277 0.104277
0 0.607833 0.950416 0.071945 0.071945
0 0.240045 0.237809 0.052757 0.052757
0 0.375771 0.136224 0.104277 0.104277
0 0.446875 0.085813 0.057104 0.057104
0 0.433423 0.443726 0.061130 0.061130
0 0.302597 0.422984 0.061130 0.061130
0 0.590632 0.691566 0.052757 0.052757
0 0.920221 0.112318 0.052757 0.052757
0 0.511537 0.383125 0.071945 0.071945
0 0.473451 0.162485 0.104277 0.104277
0 0.386994 0.812767 0.057104 0.057104
0 0.997838 0.022535 0.057104 0.057104
0 0.369964 0.233614 0.057104 0.057104
0 0.922996 0.903491 0.061130 0.061130
0 0.450524 0.555777 0.057104 0.057104
0 0.614348 0.065229 0.062220 0.062220
0 0.992834 0.324931 0.052757 0.052757
0 0.248979 0.566919 0.061130 0.061130
0 0.431642 0.900929 0.062220 0.062220
0 0.269627 0.333026 0.104278 0.104278
0 0.965918 0.550313 0.104277 0.104277
0 0.744436 0.630300 0.061130 0.061130
0 0.688287 0.450216 0.104277 0.104277
0 0.650988 0.321116 0.052757 0.052757
0 0.263348 0.972633 0.061130 0.061130
0 0.455047 0.822994 0.057104 0.057104
0 0.871487 0.354879 0.057104 0.057104
0 0.753872 0.479305 0.071945 0.071945
0 0.830016 0.119742 0.104277 0.104277
0 0.313415 0.830343 0.052757 0.052757
0 0.984435 0.705747 0.061130 0.061130
0 0.289130 0.120769 0.071945 0.071945
0 0.748009 0.241809 0.056505 0.056505
0 0.387028 0.603455 0.062220 0.062220
0 0.968101 0.463162 0.057104 0.057104
0 0.742306 0.173120 0.061130 0.061130
0 0.719630 0.809519 0.062220 0.062220
0 0.348962 0.978315 0.071945 0.071945
0 0.818823 0.504461 0.057104 0.057104
0 0.541860 0.196922 0.062220 0.062220
0 0.500900 0.732675 0.104277 0.104277
0 0.479123 0.317341 0.057104 0.057104
0 0.619441 0.868374 0.052757 0.052757
0 0.506302 0.612970 0.057104 0.057104
0 0.566692 0.793831 0.062220 0.062220
0 0.253433 0.651718 0.061130 0.061130