0 0.847092 0.780727 0.104277 0.104277
0 0.803544 0.568736 0.061130 0.061130
0 0.519552 0.988255 0.104278 0.104278
0 0.736637 0.429065 0.104277 0.104277
0 0.798463 0.338017 0.071945 0.071945
0 0.997382 0.778403 0.062220 0.062220
0 0.950276 0.323627 0.071945 0.071945
0 0.704315 0.530634 0.052757 0.052757
0 0.742346 0.201118 0.104277 0.104277
0 0.248511 0.483731 0.052757 0.052757
0 0.841216 0.695542 0.057104 0.057104
0 0.612409 0.373574 0.062220 0.062220
0 0.877078 0.882178 0.051819 0.051819
0 0.172197 0.904912 0.057104 0.057104
0 0.870418 0.137089 0.052757 0.052757
0 0.523244 0.558733 0.104277 0.104277
0 0.122717 0.204268 0.052757 0.052757
0 0.781222 0.495273 0.061131 0.061131
0 0.248056 0.691561 0.057104 0.057104
0 0.814356 0.247614 0.057104 0.057104
0 0.314098 0.098728 0.071945 0.071945
0 0.865438 0.455768 0.052757 0.052757
0 0.361346 0.161167 0.061130 0.061130
0 0.539480 0.285122 0.052757 0.052757
0 0.921645 0.391728 0.057104 0.057104
0 0.841598 0.074528 0.057104 0.057104
0 0.469398 0.899693 0.052757 0.052757
0 0.949599 0.051966 0.061130 0.061130
0 0.013693 0.990287 0.104277 0.104277
0 0.292865 0.374207 0.057104 0.057104
0 0.867880 0.544350 0.057104 0.057104
0 0.952919 0.952522 0.104277 0.104277
0 0.606680 0.221031 0.052757 0.052757
0 0.948056 0.879229 0.071945 0.071945
0 0.379796 0.370464 0.057104 0.057104
0 0.602648 0.496983 0.071945 0.071945
0 0.892528 0.008989 0.061131 0.061131
0 0.654527 0.891938 0.052757 0.052757
0 0.711743 0.303314 0.071945 0.071945
0 0.061207 0.115762 0.071945 0.071945
0 0.259015 0.274669 0.057104 0.057104
0 0.620600 0.812569 0.071945 0.071945
0 0.285630 0.917008 0.071945 0.071945
0 0.673867 0.463432 0.057104 0.057104
0 0.406204 0.038860 0.061130 0.061130
0 0.294378 0.640194 0.071945 0.071945
0 0.388973 0.852822 0.062220 0.062220
0 0.504634 0.681822 0.061130 0.061130
0 0.731951 0.925945 0.052757 0.052757
0 0.678341 0.103150 0.104277 0.104277
0 0.439946 0.584083 0.061130 0.061130
0 0.411020 0.512348 0.061130 0.061130
0 0.980419 0.468610 0.062220 0.062220
0 0.192138 0.238621 0.104277 0.104277
0 0.056178 0.016799 0.057104 0.057104
0 0.297894 0.018546 0.057104 0.057104
0 0.589700 0.638618 0.104277 0.104277
0 0.753105 0.736491 0.071945 0.071945
0 0.166460 0.132883 0.104277 0.104277
0 0.450503 0.250286 0.052757 0.052757
0 0.893851 0.239640 0.062220 0.062220
0 0.443400 0.790209 0.061130 0.061130
0 0.181553 0.325183 0.104277 0.104277
0 0.005663 0.524135 0.071945 0.071945
0 0.543493 0.882745 0.057104 0.057104
0 0.435642 0.706527 0.104277 0.104277
0 0.643094 0.960361 0.062220 0.062220
0 0.165718 0.038152 0.052757 0.052757
0 0.640261 0.687155 0.104277 0.104277
0 0.124950 0.475266 0.052757 0.052757
0 0.619166 0.574465 0.052757 0.052757
0 0.926082 0.614153 0.062220 0.062220
0 0.331525 0.447952 0.071945 0.071945
0 0.256470 0.200922 0.062220 0.062220
0 0.346499 0.948822 0.071945 0.071945
0 0.960923 0.157491 0.071945 0.071945
0 0.570802 0.140619 0.052757 0.052757
0 0.217402 0.406619 0.104277 0.104277
0 0.744230 0.820407 0.057104 0.057104
0 0.227437 0.856986 0.050932 0.050932
0 0.364173 0.678100 0.052757 0.052757
0 0.130310 0.624991 0.071945 0.071945
0 0.981745 0.662071 0.071945 0.071945
0 0.341070 0.585160 0.061130 0.061130
0 0.700099 0.643215 0.052757 0.052757
0 0.554405 0.794662 0.057104 0.057104
0 0.778477 0.038745 0.062220 0.062220
0 0.053210 0.221414 0.057104 0.057104
0 0.363718 0.230321 0.057104 0.057104
0 0.087894 0.911622 0.071945 0.071945
0 0.585352 0.040485 0.062220 0.062220
0 0.463909 0.155061 0.057104 0.057104
0 0.337974 0.745126 0.061130 0.061130
0 0.200339 0.588285 0.071945 0.071945
0 0.052974 0.299523 0.061130 0.061130
0 0.327826 0.304786 0.048997 0.048997
0 0.530852 0.209417 0.062220 0.062220
0 0.001511 0.896441 0.052757 0.052757
0 0.526834 0.450778 0.062220 0.062220
0 0.855815 0.971197 0.052757 0.052757
0 0.657473 0.029782 0.052757 0.052757
0 0.298766 0.841811 0.062220 0.062220
0 0.094521 0.819715 0.062220 0.062220
0 0.530411 0.360967 0.061131 0.061131
0 0.105185 0.399163 0.104277 0.104277
0 0.039374 0.734689 0.047555 0.047555
0 0.173474 0.759485 0.052757 0.052757
0 0.245627 0.123030 0.057104 0.057104
0 0.457919 0.457772 0.071945 0.071945
0 0.169194 0.977590 0.071945 0.071945
0 0.918701 0.741970 0.057104 0.057104
0 0.253424 0.767366 0.071945 0.071945