0 0.735177 0.513255 0.104278 0.104278
0 0.919940 0.055634 0.052757 0.052757
0 0.790833 0.950377 0.104277 0.104277
0 0.853321 0.674603 0.052757 0.052757
0 0.464136 0.008731 0.052757 0.052757
0 0.377854 0.665578 0.061130 0.061130
0 0.752615 0.624060 0.052757 0.052757
0 0.773686 0.795287 0.052757 0.052757
0 0.517237 0.944150 0.104277 0.104277
0 0.849993 0.870422 0.071945 0.071945
0 0.599594 0.875948 0.104277 0.104277
0 0.523761 0.845008 0.061130 0.061130
0 0.387822 0.429912 0.057104 0.057104
0 0.738869 0.083733 0.104277 0.104277
0 0.996847 0.020273 0.061131 0.061131
0 0.430832 0.742965 0.104277 0.104277
0 0.463681 0.216561 0.057104 0.057104
0 0.985409 0.695979 0.104277 0.104277
0 0.103289 0.872299 0.061130 0.061130
0 0.685023 0.424693 0.052757 0.052757
0 0.090713 0.410765 0.071945 0.071945
0 0.229318 0.515287 0.104277 0.104277
0 0.149749 0.584211 0.052757 0.052757
0 0.372704 0.584448 0.104277 0.104277
0 0.446184 0.982930 0.052757 0.052757
0 0.818273 0.021983 0.071945 0.071945
0 0.927866 0.946711 0.052757 0.052757
0 0.870152 0.416938 0.052757 0.052757
0 0.062317 0.578409 0.052757 0.052757
0 0.308659 0.666505 0.052757 0.052757
0 0.737890 0.869466 0.104277 0.104277
0 0.685187 0.731112 0.057104 0.057104
0 0.890524 0.812716 0.052757 0.052757
0 0.588355 0.955098 0.061130 0.061130
0 0.263186 0.885649 0.104278 0.104278
0 0.836225 0.337569 0.071945 0.071945
0 0.330035 0.864040 0.052757 0.052757
0 0.609902 0.543166 0.061130 0.061130
0 0.501255 0.442008 0.071945 0.071945
0 0.667904 0.657704 0.052757 0.052757
0 0.933381 0.572819 0.057104 0.057104
0 0.021264 0.140883 0.071945 0.071945
0 0.211088 0.323512 0.061130 0.061130
0 0.014330 0.070427 0.071945 0.071945
0 0.708451 0.983458 0.071945 0.071945
0 0.510003 0.165194 0.071945 0.071945
0 0.490159 0.610301 0.061130 0.061130
0 0.460828 0.526636 0.062220 0.062220
0 0.604598 0.377822 0.062220 0.062220
0 0.720259 0.206822 0.061130 0.061130
0 0.947576 0.450945 0.052757 0.052757
0 0.510197 0.772602 0.052757 0.052757
0 0.660371 0.808887 0.057104 0.057104
0 0.295914 0.986533 0.057104 0.057104
0 0.163956 0.473290 0.104277 0.104277
0 0.655571 0.109083 0.061130 0.061130
0 0.223189 0.952913 0.071945 0.071945
0 0.626645 0.037348 0.061130 0.061130
0 0.805325 0.163618 0.104277 0.104277
0 0.968730 0.261491 0.071945 0.071945
0 0.659025 0.315209 0.061130 0.061130
0 0.221288 0.049135 0.071945 0.071945
0 0.759118 0.407745 0.057104 0.057104
0 0.651267 0.231527 0.104277 0.104277
0 0.858719 0.485361 0.062220 0.062220
0 0.090031 0.940883 0.057104 0.057104
0 0.855886 0.212155 0.104277 0.104277
0 0.340575 0.000266 0.052757 0.052757
0 0.834791 0.099465 0.052757 0.052757
0 0.172539 0.131360 0.052757 0.052757
0 0.865191 0.744026 0.104277 0.104277
0 0.016175 0.470991 0.052757 0.052757
0 0.601478 0.619801 0.104277 0.104277
0 0.096316 0.003793 0.061130 0.061130
0 0.562124 0.473822 0.071945 0.071945
0 0.104266 0.324948 0.104277 0.104277
0 0.805022 0.541450 0.104277 0.104277
0 0.959855 0.345407 0.057104 0.057104
0 0.012109 0.919265 0.071945 0.071945
0 0.303190 0.537889 0.071945 0.071945
0 0.443062 0.381986 0.050932 0.050932
0 0.579798 0.203100 0.052757 0.052757
0 0.055173 0.235818 0.057104 0.057104
0 0.345935 0.149991 0.071945 0.071945
0 0.556695 0.110160 0.061130 0.061130
0 0.132297 0.074619 0.062220 0.062220
0 0.915724 0.168215 0.052757 0.052757
0 0.770030 0.319662 0.057104 0.057104
0 0.303519 0.436622 0.071945 0.071945
0 0.211156 0.199793 0.104277 0.104277
0 0.553599 0.270126 0.061130 0.061130
0 0.415964 0.113285 0.071945 0.071945
0 0.865505 0.977561 0.050559 0.050559
0 0.176487 0.800904 0.104277 0.104277
0 0.994644 0.920340 0.061130 0.061130
0 0.226630 0.645139 0.104277 0.104277
0 0.767147 0.713117 0.061131 0.061131
0 0.010253 0.300535 0.062220 0.062220
0 0.614254 0.754442 0.104277 0.104277
0 0.217136 0.421441 0.052757 0.052757
0 0.998877 0.530424 0.104277 0.104277
0 0.514391 0.366811 0.062220 0.062220
0 0.310146 0.344715 0.062220 0.062220
0 0.132303 0.719916 0.052757 0.052757
0 0.011532 0.634705 0.104277 0.104277
0 0.101192 0.792552 0.061130 0.061130
0 0.224535 0.735502 0.062220 0.062220
0 0.291045 0.770544 0.071945 0.071945
0 0.689159 0.583169 0.071945 0.071945
0 0.520152 0.694198 0.061130 0.061130
0 0.159914 0.254720 0.071945 0.071945
0 0.929360 0.649389 0.071945 0.071945
0 0.254999 0.259689 0.047555 0.047555
0 0.389099 0.284485 0.052757 0.052757
0 0.420667 0.881648 0.104277 0.104277
0 0.960067 0.787329 0.104277 0.104277
0 0.194218 0.876920 0.052757 0.052757
0 0.019516 0.383490 0.057103 0.057103
0 0.384819 0.502590 0.071945 0.071945
0 0.003227 0.706047 0.104277 0.104277
0 0.469049 0.292366 0.071945 0.071945