0 0.479920 0.717601 0.062220 0.062220
0 0.787332 0.863205 0.062220 0.062220
0 0.813312 0.506571 0.052757 0.052757
0 0.825004 0.593120 0.104277 0.104277
0 0.665354 0.140578 0.061130 0.061130
0 0.583906 0.917492 0.052757 0.052757
0 0.422249 0.772483 0.071945 0.071945
0 0.804737 0.419150 0.104277 0.104277
0 0.887094 0.350948 0.104277 0.104277
0 0.811261 0.320008 0.061130 0.061130
0 0.170184 0.228542 0.062220 0.062220
0 0.276671 0.805609 0.061130 0.061130
0 0.718332 0.217965 0.104277 0.104277
0 0.553537 0.723663 0.061130 0.061130
0 0.533953 0.635780 0.052757 0.052757
0 0.938202 0.497003 0.104277 0.104277
0 0.694755 0.636607 0.061130 0.061130
0 0.775599 0.762065 0.062220 0.062220
0 0.390789 0.347299 0.061130 0.061130
0 0.970743 0.843875 0.057104 0.057104
0 0.193260 0.465911 0.104278 0.104278
0 0.437249 0.059211 0.052757 0.052757
0 0.817488 0.670275 0.057104 0.057104
0 0.635286 0.871718 0.062220 0.062220
0 0.660204 0.059448 0.104277 0.104277
0 0.733684 0.457930 0.052757 0.052757
0 0.349817 0.053409 0.052757 0.052757
0 0.342273 0.905196 0.062220 0.062220
0 0.854034 0.805718 0.057104 0.057104
0 0.596159 0.141505 0.052757 0.052757
0 0.972687 0.206112 0.057104 0.057104
0 0.666109 0.717819 0.061130 0.061130
0 0.875855 0.430098 0.061130 0.061130
0 0.550686 0.360649 0.104278 0.104278
0 0.617535 0.339040 0.052757 0.052757
0 0.897402 0.018166 0.061130 0.061130
0 0.631339 0.978850 0.062220 0.062220
0 0.955404 0.132704 0.052757 0.052757
0 0.258644 0.518117 0.062220 0.062220
0 0.409976 0.605341 0.062220 0.062220
0 0.626996 0.594064 0.057104 0.057104
0 0.920424 0.991351 0.062220 0.062220
0 0.995951 0.458458 0.071945 0.071945
0 0.777659 0.085301 0.061130 0.061130
0 0.748328 0.001636 0.062220 0.062220
0 0.417150 0.937347 0.062220 0.062220
0 0.216630 0.149813 0.061130 0.061130
0 0.784964 0.990110 0.104277 0.104277
0 0.797697 0.247602 0.052757 0.052757
0 0.947871 0.283887 0.057104 0.057104
0 0.583414 0.461533 0.057104 0.057104
0 0.292412 0.699223 0.104278 0.104278
0 0.510689 0.427913 0.071945 0.071945
0 0.411050 0.692687 0.052757 0.052757
0 0.950336 0.714406 0.062220 0.062220
0 0.927681 0.568262 0.071945 0.071945
0 0.449274 0.507479 0.052757 0.052757
0 0.641570 0.503371 0.071945 0.071945
0 0.167598 0.535953 0.104277 0.104277
0 0.343953 0.747205 0.057104 0.057104
0 0.377531 0.415883 0.057104 0.057104
0 0.348028 0.493705 0.104277 0.104277
0 0.888978 0.094801 0.104277 0.104277
0 0.309155 0.613230 0.104277 0.104277
0 0.299609 0.394265 0.071945 0.071945
0 0.590690 0.012889 0.071945 0.071945
0 0.736132 0.922130 0.104277 0.104277
0 0.173778 0.335506 0.057104 0.057104
0 0.521099 0.538264 0.052757 0.052757
0 0.269879 0.033201 0.104277 0.104277
0 0.280985 0.287268 0.057104 0.057104
0 0.169724 0.946030 0.062220 0.062220
0 0.463987 0.275904 0.104277 0.104277
0 0.967407 0.926908 0.052757 0.052757
0 0.514130 0.120139 0.104277 0.104277
0 0.901754 0.229442 0.104277 0.104277
0 0.419803 0.194916 0.052757 0.052757
0 0.503374 0.830832 0.057104 0.057104
0 0.224136 0.739219 0.062220 0.062220
0 0.224310 0.666784 0.057104 0.057104
0 0.299032 0.109705 0.104277 0.104277
0 0.388692 0.267552 0.061130 0.061130
0 0.894182 0.922186 0.052757 0.052757
0 0.512035 0.210502 0.062220 0.062220
0 0.578545 0.245544 0.071945 0.071945
0 0.976659 0.058169 0.071945 0.071945
0 0.807652 0.169198 0.061130 0.061130
0 0.927854 0.787572 0.061130 0.061130
0 0.216538 0.391984 0.052757 0.052757
0 0.599335 0.806916 0.104277 0.104277
0 0.259313 0.930758 0.057104 0.057104
0 0.708167 0.356648 0.104277 0.104277
0 0.189139 0.052436 0.071945 0.071945
0 0.481718 0.351920 0.052757 0.052757
0 0.290727 0.181047 0.104277 0.104277
0 0.747451 0.526908 0.104277 0.104277
0 0.172053 0.814940 0.057104 0.057104