0 0.869552 0.832005 0.104278 0.104278
0 0.987696 0.993353 0.052757 0.052757
0 0.046583 0.588113 0.052757 0.052757
0 0.598511 0.327481 0.052757 0.052757
0 0.512229 0.984328 0.061130 0.061130
0 0.886990 0.942810 0.052757 0.052757
0 0.962409 0.217324 0.062220 0.062220
0 0.522197 0.748662 0.057104 0.057104
0 0.873244 0.402483 0.104277 0.104277
0 0.472717 0.048018 0.052757 0.052757
0 0.019502 0.249161 0.071945 0.071945
0 0.598056 0.535311 0.057104 0.057104
0 0.711346 0.004917 0.061130 0.061130
0 0.012418 0.658358 0.062220 0.062220
0 0.889480 0.128872 0.052757 0.052757
0 0.819398 0.743443 0.052757 0.052757
0 0.225088 0.729515 0.071945 0.071945
0 0.363693 0.834037 0.104277 0.104277
0 0.284124 0.902961 0.052757 0.052757
0 0.642865 0.217957 0.057104 0.057104
0 0.956680 0.064781 0.052757 0.052757
0 0.507079 0.903198 0.104277 0.104277
0 0.729796 0.214214 0.057104 0.057104
0 0.040115 0.022897 0.104278 0.104278
0 0.952648 0.340733 0.071945 0.071945
0 0.196692 0.897159 0.052757 0.052757
0 0.443034 0.985255 0.052757 0.052757
0 0.609015 0.118419 0.057104 0.057104
0 0.970600 0.656319 0.071945 0.071945
0 0.744277 0.861916 0.061130 0.061130
0 0.635630 0.760758 0.071945 0.071945
0 0.802279 0.976454 0.052757 0.052757
0 0.010046 0.751528 0.052757 0.052757
0 0.155639 0.459633 0.071945 0.071945
0 0.345463 0.642262 0.061130 0.061130
0 0.148705 0.389177 0.071945 0.071945
0 0.644378 0.483944 0.071945 0.071945
0 0.624534 0.929051 0.061130 0.061130
0 0.595203 0.845386 0.062220 0.062220
0 0.738973 0.696572 0.062220 0.062220
0 0.854634 0.525572 0.061130 0.061130
0 0.063505 0.993563 0.061130 0.061130
0 0.344494 0.286187 0.071945 0.071945
0 0.298331 0.792040 0.104277 0.104277
0 0.789946 0.427833 0.061130 0.061130
0 0.761020 0.356098 0.061130 0.061130
0 0.542138 0.082371 0.104277 0.104277
0 0.313533 0.037678 0.057104 0.057104
0 0.939700 0.482368 0.104277 0.104277
0 0.800503 0.094036 0.052757 0.052757
0 0.793400 0.633959 0.061130 0.061130
0 0.531553 0.168933 0.104277 0.104277
0 0.355663 0.367885 0.071945 0.071945
0 0.893493 0.726495 0.057104 0.057104
0 0.785642 0.550277 0.104277 0.104277
0 0.993094 0.804111 0.062220 0.062220
0 0.990261 0.530905 0.104277 0.104277
0 0.474950 0.319016 0.052757 0.052757
0 0.969166 0.418215 0.052757 0.052757
0 0.306914 0.450110 0.052757 0.052757
0 0.150550 0.789741 0.052757 0.052757
0 0.239597 0.128664 0.061130 0.061130
0 0.047919 0.510449 0.104278 0.104278
0 0.681525 0.291702 0.071945 0.071945
0 0.735853 0.938551 0.104277 0.104277
0 0.606470 0.044672 0.062220 0.062220
0 0.230691 0.322543 0.061130 0.061130
0 0.696499 0.792572 0.071945 0.071945
0 0.238641 0.643698 0.104277 0.104277
0 0.939397 0.860200 0.104277 0.104277
0 0.567402 0.250369 0.104277 0.104277
0 0.437565 0.856639 0.071945 0.071945
0 0.577437 0.700736 0.050932 0.050932
0 0.117223 0.192815 0.061130 0.061130
0 0.714173 0.521850 0.052757 0.052757
0 0.189548 0.554568 0.057104 0.057104
0 0.480310 0.468741 0.071945 0.071945
0 0.691070 0.428910 0.061130 0.061130
0 0.266672 0.393369 0.062220 0.062220
0 0.904405 0.638412 0.057104 0.057104
0 0.403210 0.065164 0.057104 0.057104
0 0.713718 0.074071 0.057104 0.057104
0 0.132701 0.112227 0.057104 0.057104
0 0.205406 0.007338 0.104277 0.104277
0 0.437894 0.755372 0.071945 0.071945
0 0.345531 0.518543 0.104277 0.104277
0 0.052286 0.318487 0.061130 0.061130
0 0.116754 0.876951 0.104277 0.104277
0 0.687974 0.588876 0.061130 0.061130
0 0.550339 0.432035 0.071945 0.071945
0 0.402974 0.143273 0.061130 0.061130
0 0.332811 0.130552 0.062220 0.062220
0 0.361005 0.963889 0.104277 0.104277
0 0.677826 0.148536 0.048997 0.048997
0 0.880852 0.053167 0.062220 0.062220
0 0.144628 0.619285 0.062220 0.062220
0 0.351511 0.740191 0.052757 0.052757
0 0.876834 0.294528 0.062220 0.062220
0 0.648766 0.685561 0.062220 0.062220
0 0.444521 0.663465 0.062220 0.062220
0 0.062872 0.111275 0.057104 0.057104
0 0.110318 0.270049 0.057104 0.057104
0 0.880411 0.204717 0.061131 0.061131
0 0.145907 0.953455 0.104277 0.104277
0 0.301372 0.215092 0.071945 0.071945
0 0.084412 0.715354 0.057104 0.057104
0 0.455185 0.242913 0.104277 0.104277
0 0.221311 0.208016 0.071945 0.071945
0 0.823534 0.901919 0.071945 0.071945
0 0.294289 0.573470 0.071945 0.071945
0 0.389374 0.578439 0.047555 0.047555
0 0.523474 0.603235 0.052757 0.052757
0 0.036014 0.896186 0.071945 0.071945
0 0.153891 0.702240 0.057103 0.057103
0 0.807919 0.301522 0.071945 0.071945
0 0.519194 0.821340 0.071945 0.071945
0 0.603424 0.611116 0.071945 0.071945
0 0.050556 0.406703 0.062220 0.062220