0 0.075558 0.775979 0.062220 0.062220
0 0.037332 0.581955 0.062220 0.062220
0 0.526720 0.298782 0.071945 0.071945
0 0.728264 0.909433 0.052757 0.052757
0 0.801841 0.266761 0.071945 0.071945
0 0.328333 0.144127 0.104277 0.104277
0 0.833969 0.382131 0.052757 0.052757
0 0.535404 0.669114 0.061130 0.061130
0 0.978129 0.605619 0.062220 0.062220
0 0.571118 0.055099 0.061130 0.061130
0 0.977396 0.180076 0.104277 0.104277
0 0.063312 0.225321 0.052757 0.052757
0 0.961485 0.775812 0.052757 0.052757
0 0.597531 0.777206 0.104277 0.104277
0 0.075004 0.311870 0.104277 0.104277
0 0.421468 0.565495 0.104277 0.104277
0 0.380329 0.687106 0.104277 0.104277
0 0.266845 0.729080 0.071945 0.071945
0 0.744062 0.016975 0.071945 0.071945
0 0.424869 0.318237 0.062220 0.062220
0 0.054737 0.137900 0.104277 0.104277
0 0.387493 0.064172 0.071945 0.071945
0 0.137094 0.069698 0.104277 0.104277
0 0.854284 0.628415 0.104277 0.104277
0 0.061261 0.038758 0.061130 0.061130
0 0.450222 0.490495 0.057104 0.057104
0 0.944392 0.343195 0.104277 0.104277
0 0.993742 0.885536 0.061130 0.061130
0 0.965299 0.956516 0.104277 0.104277
0 0.899531 0.534314 0.071945 0.071945
0 0.822770 0.135833 0.104277 0.104277
0 0.460346 0.845105 0.062220 0.062220
0 0.518569 0.472931 0.104277 0.104277
0 0.935783 0.687073 0.052757 0.052757
0 0.676231 0.770123 0.062220 0.062220
0 0.403922 0.413993 0.061130 0.061130
0 0.283227 0.455867 0.057104 0.057104
0 0.188202 0.215753 0.104277 0.104277
0 0.025599 0.480815 0.062220 0.062220
0 0.883252 0.074331 0.057104 0.057104
0 0.926219 0.248006 0.062220 0.062220
0 0.678961 0.375193 0.052757 0.052757
0 0.825969 0.006115 0.062220 0.062220
0 0.220743 0.562625 0.057104 0.057104
0 0.336719 0.592716 0.104277 0.104277
0 0.130808 0.918771 0.071945 0.071945
0 0.067488 0.389025 0.057104 0.057104
0 0.797704 0.762943 0.062220 0.062220
0 0.646178 0.562061 0.071945 0.071945
0 0.276156 0.802045 0.071945 0.071945
0 0.856182 0.477070 0.102474 0.102474
0 0.083405 0.846781 0.057104 0.057104
0 0.897071 0.834190 0.071945 0.071945
0 0.465366 0.140461 0.052757 0.052757
0 0.750518 0.469245 0.104277 0.104277
0 0.104034 0.524468 0.057104 0.057104
0 0.275390 0.063216 0.104277 0.104277
0 0.428024 0.006466 0.052757 0.052757
0 0.798921 0.933984 0.104277 0.104277
0 0.759342 0.203037 0.062220 0.062220
0 0.603029 0.278587 0.061131 0.061131
0 0.047249 0.926434 0.052757 0.052757
0 0.125855 0.148848 0.061130 0.061130
0 0.561422 0.207038 0.071945 0.071945
0 0.349623 0.325587 0.062220 0.062220
0 0.883568 0.930871 0.104277 0.104277
0 0.564568 0.529898 0.057104 0.057104
0 0.302264 0.666437 0.057104 0.057104
0 0.377290 0.483425 0.104277 0.104277
0 0.006554 0.817795 0.050891 0.050891
0 0.170424 0.710101 0.062220 0.062220
0 0.245951 0.177208 0.071945 0.071945
0 0.291243 0.919167 0.057104 0.057104
0 0.705172 0.835876 0.062220 0.062220
0 0.680252 0.284309 0.052757 0.052757
0 0.034964 0.708860 0.104277 0.104277
0 0.389798 0.243847 0.061130 0.061130
0 0.197871 0.002637 0.057104 0.057104
0 0.659923 0.934447 0.052757 0.052757
0 0.663361 0.491419 0.062220 0.062220
0 0.196812 0.838038 0.061130 0.061130
0 0.607784 0.671178 0.104277 0.104277
0 0.200336 0.433156 0.062220 0.062220
0 0.177681 0.287012 0.071945 0.071945
0 0.335235 0.753190 0.062220 0.062220
0 0.519779 0.898908 0.052757 0.052757
0 0.791766 0.860844 0.052757 0.052757
0 0.206390 0.941388 0.062220 0.062220
0 0.435877 0.634831 0.062220 0.062220
0 0.757878 0.098070 0.052757 0.052757
0 0.310090 0.524178 0.071945 0.071945
0 0.669925 0.149934 0.052757 0.052757
0 0.611401 0.846738 0.061131 0.061131
0 0.489462 0.216321 0.057104 0.057104
0 0.959935 0.083474 0.061131 0.061131
0 0.586726 0.596900 0.104277 0.104277
0 0.860842 0.734011 0.052757 0.052757
0 0.756947 0.376370 0.055027 0.055027
0 0.889139 0.177192 0.061131 0.061131
0 0.547638 0.405283 0.062220 0.062220
0 0.430164 0.929818 0.061130 0.061130
0 0.966976 0.480548 0.104277 0.104277
0 0.575382 0.947953 0.062220 0.062220
0 0.403005 0.171311 0.050559 0.050559
0 0.697227 0.669446 0.052757 0.052757
0 0.532144 0.114090 0.061130 0.061130
0 0.217407 0.645658 0.052757 0.052757
0 0.503628 0.562246 0.071945 0.071945
0 0.372157 0.833303 0.061131 0.061131
0 0.660215 0.029015 0.071945 0.071945
0 0.619677 0.418093 0.104277 0.104277
0 0.783687 0.562350 0.061130 0.061130
0 0.462178 0.762356 0.104277 0.104277
0 0.144182 0.640936 0.052757 0.052757
0 0.177854 0.506322 0.061130 0.061130
0 0.262060 0.300993 0.052757 0.052757