0 0.583045 0.686351 0.062220 0.062220
0 0.890457 0.831955 0.062220 0.062220
0 0.916437 0.475321 0.052757 0.052757
0 0.928129 0.561870 0.104277 0.104277
0 0.768479 0.109328 0.061130 0.061130
0 0.687031 0.886242 0.052757 0.052757
0 0.525374 0.741233 0.071945 0.071945
0 0.646222 0.970912 0.062220 0.062220
0 0.907862 0.387900 0.104277 0.104277
0 0.990219 0.319698 0.104277 0.104277
0 0.914386 0.288758 0.061130 0.061130
0 0.273309 0.197292 0.062220 0.062220
0 0.379796 0.774359 0.061130 0.061130
0 0.821457 0.186715 0.104277 0.104277
0 0.656662 0.692413 0.061130 0.061130
0 0.637078 0.604530 0.052757 0.052757
0 0.797880 0.605357 0.061130 0.061130
0 0.878724 0.730815 0.062220 0.062220
0 0.493914 0.316049 0.061130 0.061130
0 0.296385 0.434661 0.104278 0.104278
0 0.540374 0.027961 0.052757 0.052757
0 0.920613 0.639025 0.057104 0.057104
0 0.738411 0.840468 0.062220 0.062220
0 0.763329 0.028198 0.104277 0.104277
0 0.836809 0.426680 0.052757 0.052757
0 0.452942 0.022159 0.052757 0.052757
0 0.445398 0.873946 0.062220 0.062220
0 0.957159 0.774468 0.057104 0.057104
0 0.699284 0.110255 0.052757 0.052757
0 0.769234 0.686569 0.061130 0.061130
0 0.978980 0.398848 0.061130 0.061130
0 0.653811 0.329399 0.104278 0.104278
0 0.720660 0.307790 0.052757 0.052757
0 0.734464 0.947600 0.062220 0.062220
0 0.361769 0.486867 0.062220 0.062220
0 0.513101 0.574091 0.062220 0.062220
0 0.730121 0.562814 0.057104 0.057104
0 0.880784 0.054051 0.061130 0.061130
0 0.520275 0.906097 0.062220 0.062220
0 0.792330 0.992941 0.062220 0.062220
0 0.319755 0.118563 0.061130 0.061130
0 0.888089 0.958860 0.104277 0.104277
0 0.900822 0.216352 0.052757 0.052757
0 0.686539 0.430283 0.057104 0.057104
0 0.395537 0.667973 0.104278 0.104278
0 0.613814 0.396663 0.071945 0.071945
0 0.514175 0.661437 0.052757 0.052757
0 0.552399 0.476229 0.052757 0.052757
0 0.744695 0.472121 0.071945 0.071945
0 0.270723 0.504703 0.104277 0.104277
0 0.447078 0.715955 0.057104 0.057104
0 0.480656 0.384633 0.057104 0.057104
0 0.451153 0.462455 0.104277 0.104277
0 0.992103 0.063551 0.104277 0.104277
0 0.412280 0.581980 0.104277 0.104277
0 0.402734 0.363015 0.071945 0.071945
0 0.839257 0.890880 0.104277 0.104277
0 0.276903 0.304256 0.057104 0.057104
0 0.412554 0.991639 0.061131 0.061131
0 0.293690 0.986697 0.057104 0.057104
0 0.624224 0.507014 0.052757 0.052757
0 0.373004 0.001951 0.104277 0.104277
0 0.384110 0.256018 0.057104 0.057104
0 0.272849 0.914780 0.062220 0.062220
0 0.567112 0.244654 0.104277 0.104277
0 0.617255 0.088889 0.104277 0.104277
0 0.522928 0.163666 0.052757 0.052757
0 0.606499 0.799582 0.057104 0.057104
0 0.327261 0.707969 0.062220 0.062220
0 0.327435 0.635534 0.057104 0.057104
0 0.402157 0.078455 0.104277 0.104277
0 0.491817 0.236302 0.061130 0.061130
0 0.997307 0.890936 0.052757 0.052757
0 0.615160 0.179252 0.062220 0.062220
0 0.681670 0.214294 0.071945 0.071945
0 0.910777 0.137948 0.061130 0.061130
0 0.319663 0.360734 0.052757 0.052757
0 0.702460 0.775666 0.104277 0.104277
0 0.362438 0.899508 0.057104 0.057104
0 0.811292 0.325398 0.104277 0.104277
0 0.292264 0.021186 0.071945 0.071945
0 0.584843 0.320670 0.052757 0.052757
0 0.393852 0.149797 0.104277 0.104277
0 0.850576 0.495658 0.104277 0.104277
0 0.275178 0.783690 0.057104 0.057104