0 0.146583 0.806863 0.052757 0.052757
0 0.698511 0.546231 0.052757 0.052757
0 0.648160 0.039552 0.062220 0.062220
0 0.622197 0.967412 0.057104 0.057104
0 0.973244 0.621233 0.104277 0.104277
0 0.572717 0.266768 0.052757 0.052757
0 0.119502 0.467911 0.071945 0.071945
0 0.698056 0.754061 0.057104 0.057104
0 0.764098 0.161228 0.071945 0.071945
0 0.811346 0.223667 0.061130 0.061130
0 0.112418 0.877108 0.062220 0.062220
0 0.989480 0.347622 0.052757 0.052757
0 0.919398 0.962193 0.052757 0.052757
0 0.325088 0.948265 0.071945 0.071945
0 0.742865 0.436707 0.057104 0.057104
0 0.829796 0.432964 0.057104 0.057104
0 0.140115 0.241647 0.104278 0.104278
0 0.511207 0.178262 0.071945 0.071945
0 0.440962 0.171177 0.057104 0.057104
0 0.709015 0.337169 0.057104 0.057104
0 0.735630 0.979508 0.071945 0.071945
0 0.110046 0.970278 0.052757 0.052757
0 0.255639 0.678383 0.071945 0.071945
0 0.445463 0.861012 0.061130 0.061130
0 0.248705 0.607927 0.071945 0.071945
0 0.856204 0.101360 0.061130 0.061130
0 0.744378 0.702694 0.071945 0.071945
0 0.838973 0.915322 0.062220 0.062220
0 0.954634 0.744322 0.061130 0.061130
0 0.444494 0.504937 0.071945 0.071945
0 0.889946 0.646583 0.061130 0.061130
0 0.861020 0.574848 0.061130 0.061130
0 0.642138 0.301121 0.104277 0.104277
0 0.506178 0.079299 0.057104 0.057104
0 0.747894 0.081046 0.057104 0.057104
0 0.413533 0.256428 0.057104 0.057104
0 0.616460 0.195383 0.104277 0.104277
0 0.900503 0.312786 0.052757 0.052757
0 0.199078 0.025486 0.062220 0.062220
0 0.893400 0.852709 0.061130 0.061130
0 0.631553 0.387683 0.104277 0.104277
0 0.455663 0.586635 0.071945 0.071945
0 0.993493 0.945245 0.057104 0.057104
0 0.885642 0.769027 0.104277 0.104277
0 0.421017 0.088682 0.052757 0.052757
0 0.615718 0.100652 0.052757 0.052757
0 0.432629 0.019973 0.061130 0.061130
0 0.574950 0.537766 0.052757 0.052757
0 0.801082 0.014145 0.104277 0.104277
0 0.406914 0.668860 0.052757 0.052757
0 0.339597 0.347414 0.061130 0.061130
0 0.147919 0.729199 0.104278 0.104278
0 0.781525 0.510452 0.071945 0.071945
0 0.706470 0.263422 0.062220 0.062220
0 0.330691 0.541293 0.061130 0.061130
0 0.338641 0.862448 0.104277 0.104277
0 0.667402 0.469119 0.104277 0.104277
0 0.677437 0.919486 0.050932 0.050932
0 0.217223 0.411565 0.061130 0.061130
0 0.814173 0.740600 0.052757 0.052757
0 0.289548 0.773318 0.057104 0.057104
0 0.978334 0.037074 0.104278 0.104278
0 0.580310 0.687491 0.071945 0.071945
0 0.791070 0.647660 0.061130 0.061130
0 0.366672 0.612119 0.062220 0.062220
0 0.358780 0.048118 0.061130 0.061130
0 0.503210 0.283914 0.057104 0.057104
0 0.813718 0.292821 0.057104 0.057104
0 0.232701 0.330977 0.057104 0.057104
0 0.305406 0.226088 0.104277 0.104277
0 0.537894 0.974122 0.071945 0.071945
0 0.445531 0.737293 0.104277 0.104277
0 0.152286 0.537237 0.061130 0.061130
0 0.115882 0.029000 0.061130 0.061130
0 0.913909 0.217561 0.057104 0.057104
0 0.787974 0.807626 0.061130 0.061130
0 0.650339 0.650785 0.071945 0.071945
0 0.502974 0.362023 0.061130 0.061130
0 0.432811 0.349302 0.062220 0.062220
0 0.777826 0.367286 0.048997 0.048997
0 0.980852 0.271917 0.062220 0.062220
0 0.244628 0.838035 0.062220 0.062220
0 0.204330 0.172680 0.104277 0.104277
0 0.451511 0.958941 0.052757 0.052757
0 0.976834 0.513278 0.062220 0.062220
0 0.748766 0.904311 0.062220 0.062220
0 0.544521 0.882215 0.062220 0.062220
0 0.162872 0.330025 0.057104 0.057104
0 0.210318 0.488799 0.057104 0.057104
0 0.980411 0.423467 0.061131 0.061131
0 0.401372 0.433842 0.071945 0.071945
0 0.184412 0.934104 0.057104 0.057104
0 0.555185 0.461663 0.104277 0.104277
0 0.321311 0.426766 0.071945 0.071945
0 0.311562 0.149625 0.061130 0.061130
0 0.394289 0.792220 0.071945 0.071945
0 0.489374 0.797189 0.047555 0.047555
0 0.623474 0.821985 0.052757 0.052757
0 0.695627 0.185530 0.057104 0.057104
0 0.114632 0.118432 0.071945 0.071945
0 0.253891 0.920990 0.057103 0.057103
0 0.907919 0.520272 0.071945 0.071945
0 0.703424 0.829866 0.071945 0.071945
0 0.150556 0.625453 0.062220 0.062220
0 0.279584 0.085815 0.062220 0.062220