0 0.193945 0.082509 0.104277 0.104277
0 0.896120 0.394698 0.062220 0.062220
0 0.645112 0.697731 0.104277 0.104277
0 0.850194 0.453540 0.062220 0.062220
0 0.996768 0.430552 0.070161 0.070161
0 0.498854 0.101213 0.062220 0.062220
0 0.627488 0.422164 0.104278 0.104278
0 0.877975 0.857877 0.057104 0.057104
0 0.746881 0.093571 0.057104 0.057104
0 0.294209 0.236771 0.062220 0.062220
0 0.605290 0.929825 0.104277 0.104277
0 0.786169 0.401676 0.071945 0.071945
0 0.760589 0.170256 0.062220 0.062220
0 0.414051 0.862884 0.104277 0.104277
0 0.307628 0.477048 0.104277 0.104277
0 0.268634 0.372042 0.071945 0.071945
0 0.527584 0.459743 0.071945 0.071945
0 0.192895 0.309502 0.057104 0.057104
0 0.624687 0.793974 0.057104 0.057104
0 0.271886 0.884715 0.062220 0.062220
0 0.746390 0.253017 0.071945 0.071945
0 0.283551 0.774937 0.062220 0.062220
0 0.573257 0.742843 0.104277 0.104277
0 0.345196 0.921236 0.062220 0.062220
0 0.680694 0.192018 0.104277 0.104277
0 0.496935 0.267798 0.104277 0.104277
0 0.624156 0.304455 0.057104 0.057104
0 0.616239 0.167754 0.071945 0.071945
0 0.188097 0.915990 0.104278 0.104278
0 0.848904 0.774304 0.104277 0.104277
0 0.833102 0.124010 0.071945 0.071945
0 0.539618 0.611791 0.052757 0.052757
0 0.806679 0.595152 0.062220 0.062220
0 0.392429 0.537369 0.062220 0.062220
0 0.661004 0.858473 0.057104 0.057104
0 0.414530 0.176503 0.104277 0.104277
0 0.188349 0.677880 0.052757 0.052757
0 0.974857 0.300278 0.071945 0.071945
0 0.866548 0.936837 0.052757 0.052757
0 0.906296 0.575029 0.062220 0.062220
0 0.337887 0.653260 0.061130 0.061130
0 0.225667 0.208973 0.071945 0.071945
0 0.836499 0.235332 0.052757 0.052757
0 0.713821 0.498156 0.071945 0.071945
0 0.704487 0.733940 0.052757 0.052757
0 0.750429 0.945523 0.057104 0.057104
0 0.189255 0.571668 0.104277 0.104277
0 0.211920 0.415934 0.052757 0.052757
0 0.347646 0.314349 0.104277 0.104277
0 0.418750 0.263938 0.057104 0.057104
0 0.405298 0.621851 0.061130 0.061130
0 0.274472 0.601109 0.061130 0.061130
0 0.562507 0.869691 0.052757 0.052757
0 0.892096 0.290443 0.052757 0.052757
0 0.945779 0.119407 0.071945 0.071945
0 0.483412 0.561250 0.071945 0.071945
0 0.445326 0.340610 0.104277 0.104277
0 0.358869 0.990892 0.057104 0.057104
0 0.969713 0.200660 0.057104 0.057104
0 0.341839 0.411739 0.057104 0.057104
0 0.422399 0.733902 0.057104 0.057104
0 0.586223 0.243354 0.062220 0.062220
0 0.656251 0.073934 0.104277 0.104277
0 0.964709 0.503056 0.052757 0.052757
0 0.220854 0.745044 0.061130 0.061130
0 0.241502 0.511151 0.104278 0.104278
0 0.937793 0.728438 0.104277 0.104277
0 0.716311 0.808425 0.061130 0.061130
0 0.660162 0.628341 0.104277 0.104277
0 0.622863 0.499241 0.052757 0.052757
0 0.843362 0.533004 0.057104 0.057104
0 0.725747 0.657430 0.071945 0.071945
0 0.801891 0.297867 0.104277 0.104277
0 0.956310 0.883872 0.061130 0.061130
0 0.261005 0.298894 0.071945 0.071945
0 0.719884 0.419934 0.056505 0.056505
0 0.997069 0.956785 0.061130 0.061130
0 0.358903 0.781580 0.062220 0.062220
0 0.939976 0.641287 0.057104 0.057104
0 0.714181 0.351245 0.061130 0.061130
0 0.691505 0.987644 0.062220 0.062220
0 0.790698 0.682586 0.057104 0.057104
0 0.513735 0.375047 0.062220 0.062220
0 0.424286 0.080990 0.062220 0.062220
0 0.472775 0.910800 0.104277 0.104277
0 0.450998 0.495466 0.057104 0.057104
0 0.478177 0.791095 0.057104 0.057104
0 0.531011 0.162297 0.061130 0.061130
0 0.325666 0.169919 0.057104 0.057104
0 0.538567 0.971956 0.062220 0.062220
0 0.299228 0.081062 0.071945 0.071945
0 0.225308 0.829843 0.061130 0.061130