0 0.328342 0.271352 0.104277 0.104277
0 0.284794 0.059361 0.061130 0.061130
0 0.000802 0.478880 0.104278 0.104278
0 0.687739 0.021070 0.052757 0.052757
0 0.478632 0.269028 0.062220 0.062220
0 0.510279 0.021110 0.104277 0.104277
0 0.185565 0.021259 0.052757 0.052757
0 0.810344 0.778957 0.071945 0.071945
0 0.056458 0.916002 0.104277 0.104277
0 0.118946 0.640228 0.052757 0.052757
0 0.588143 0.067635 0.071945 0.071945
0 0.299243 0.826974 0.061130 0.061130
0 0.705521 0.951951 0.104277 0.104277
0 0.841890 0.259503 0.047276 0.047276
0 0.732244 0.566104 0.062220 0.062220
0 0.018240 0.589685 0.052757 0.052757
0 0.472187 0.788850 0.071945 0.071945
0 0.039311 0.760912 0.052757 0.052757
0 0.322466 0.186167 0.057104 0.057104
0 0.115618 0.836047 0.071945 0.071945
0 0.358328 0.372803 0.051819 0.051819
0 0.004494 0.049358 0.104277 0.104277
0 0.833129 0.001136 0.071945 0.071945
0 0.538476 0.316516 0.052757 0.052757
0 0.251034 0.661604 0.104277 0.104277
0 0.550895 0.907708 0.104277 0.104277
0 0.668674 0.718901 0.071945 0.071945
0 0.599752 0.265031 0.057103 0.057103
0 0.673421 0.650455 0.062220 0.062220
0 0.611377 0.846206 0.057104 0.057104
0 0.554094 0.777990 0.062220 0.062220
0 0.515368 0.104364 0.036679 0.036679
0 0.634406 0.382371 0.104277 0.104277
0 0.349130 0.034975 0.057104 0.057104
0 0.434169 0.443147 0.104277 0.104277
0 0.739743 0.750683 0.061130 0.061130
0 0.429306 0.369854 0.071945 0.071945
0 0.825898 0.365428 0.071945 0.071945
0 0.193491 0.912336 0.052757 0.052757
0 0.135777 0.382563 0.052757 0.052757
0 0.731737 0.397239 0.061131 0.061131
0 0.003515 0.835091 0.104277 0.104277
0 0.156149 0.778341 0.052757 0.052757
0 0.847776 0.148501 0.057104 0.057104
0 0.350624 0.529776 0.054783 0.054783
0 0.655551 0.090519 0.062220 0.062220
0 0.487467 0.974912 0.062220 0.062220
0 0.518176 0.463688 0.057103 0.057103
0 0.289547 0.978913 0.071945 0.071945
0 0.318726 0.641942 0.071945 0.071945
0 0.318986 0.712766 0.061130 0.061130
0 0.101850 0.303194 0.071945 0.071945
0 0.612482 0.530509 0.061131 0.061131
0 0.199006 0.538444 0.057104 0.057104
0 0.563660 0.398390 0.061131 0.061131
0 0.829231 0.490932 0.071945 0.071945
0 0.834613 0.629457 0.104278 0.104278
0 0.764214 0.251370 0.062220 0.062220
0 0.213201 0.416570 0.052757 0.052757
0 0.829654 0.911652 0.061130 0.061130
0 0.070950 0.129243 0.104277 0.104277
0 0.234355 0.227116 0.071945 0.071945
0 0.765818 0.464035 0.104278 0.104278
0 0.443139 0.630434 0.052757 0.052757
0 0.738798 0.106443 0.104277 0.104277
0 0.024743 0.373370 0.057104 0.057104
0 0.124344 0.450986 0.062220 0.062220
0 0.689171 0.503614 0.062220 0.062220
0 0.121511 0.177780 0.104277 0.104277
0 0.100416 0.065090 0.052757 0.052757
0 0.130816 0.709651 0.104277 0.104277
0 0.486003 0.869945 0.052757 0.052757
0 0.407332 0.104778 0.062220 0.062220
0 0.398050 0.921809 0.052757 0.052757
0 0.217587 0.988196 0.057104 0.057104
0 0.070647 0.507075 0.104277 0.104277
0 0.549543 0.187474 0.104277 0.104277
0 0.225480 0.311032 0.057104 0.057104
0 0.688060 0.855349 0.061131 0.061131
0 0.593697 0.719612 0.057104 0.057104
0 0.612732 0.454113 0.071945 0.071945
0 0.462995 0.152696 0.071945 0.071945
0 0.181349 0.133840 0.052757 0.052757
0 0.035655 0.285287 0.057104 0.057104
0 0.426984 0.516525 0.104277 0.104277
0 0.617264 0.949067 0.061131 0.061131
0 0.131130 0.943186 0.050559 0.050559
0 0.603890 0.142843 0.061131 0.061131
0 0.260269 0.885965 0.061130 0.061130
0 0.389540 0.706337 0.071945 0.071945
0 0.491527 0.560723 0.057104 0.057104
0 0.531573 0.617861 0.104277 0.104277
0 0.032772 0.678742 0.061131 0.061131
0 0.388340 0.800890 0.071945 0.071945
0 0.337065 0.461822 0.052757 0.052757
0 0.264502 0.496049 0.104277 0.104277
0 0.775183 0.868843 0.052757 0.052757
0 0.696558 0.179840 0.071945 0.071945
0 0.194985 0.615014 0.071945 0.071945
0 0.501249 0.709465 0.104277 0.104277
0 0.225692 0.752954 0.104277 0.104277
0 0.777458 0.675010 0.061131 0.061131
0 0.399951 0.232595 0.057104 0.057104
0 0.669702 0.315326 0.061131 0.061131