0 0.526636 0.964981 0.052757 0.052757
0 0.476285 0.458302 0.062220 0.062220
0 0.890534 0.854824 0.062220 0.062220
0 0.400842 0.685518 0.052757 0.052757
0 0.423170 0.332687 0.057103 0.057103
0 0.592223 0.579978 0.071945 0.071945
0 0.056770 0.305973 0.104277 0.104277
0 0.639471 0.642417 0.061130 0.061130
0 0.194516 0.378332 0.052757 0.052757
0 0.817605 0.766372 0.052757 0.052757
0 0.942593 0.382256 0.061131 0.061131
0 0.570990 0.855457 0.057104 0.057104
0 0.884805 0.702281 0.052757 0.052757
0 0.657921 0.851714 0.057104 0.057104
0 0.627975 0.082877 0.057104 0.057104
0 0.880773 0.978233 0.071945 0.071945
0 0.877719 0.303563 0.062220 0.062220
0 0.989868 0.784564 0.071945 0.071945
0 0.355290 0.154825 0.104277 0.104277
0 0.339332 0.597012 0.071945 0.071945
0 0.269087 0.589927 0.057104 0.057104
0 0.164051 0.087884 0.104277 0.104277
0 0.537140 0.755919 0.057104 0.057104
0 0.374687 0.018974 0.057104 0.057104
0 0.021886 0.109715 0.062220 0.062220
0 0.565740 0.238008 0.057104 0.057104
0 0.951992 0.944682 0.057104 0.057104
0 0.095196 0.146236 0.062220 0.062220
0 0.684329 0.520110 0.061130 0.061130
0 0.485763 0.280443 0.052757 0.052757
0 0.272619 0.923687 0.071945 0.071945
0 0.238938 0.303785 0.062220 0.062220
0 0.975098 0.132981 0.071945 0.071945
0 0.956466 0.584400 0.104277 0.104277
0 0.411004 0.083473 0.057104 0.057104
0 0.689145 0.993598 0.061130 0.061130
0 0.568158 0.332508 0.057104 0.057104
0 0.470263 0.719871 0.104277 0.104277
0 0.334303 0.498049 0.057104 0.057104
0 0.576019 0.499796 0.057104 0.057104
0 0.241658 0.675178 0.057104 0.057104
0 0.616548 0.161837 0.052757 0.052757
0 0.687739 0.230918 0.104277 0.104277
0 0.444585 0.614133 0.104277 0.104277
0 0.728628 0.731536 0.052757 0.052757
0 0.027203 0.444236 0.062220 0.062220
0 0.459678 0.806433 0.104277 0.104277
0 0.249142 0.507432 0.052757 0.052757
0 0.988906 0.267395 0.061131 0.061131
0 0.443843 0.519402 0.052757 0.052757
0 0.260754 0.438723 0.061130 0.061130
0 0.403075 0.956516 0.052757 0.052757
0 0.629207 0.432895 0.104277 0.104277
0 0.764516 0.316092 0.061130 0.061130
0 0.500429 0.170523 0.057104 0.057104
0 0.329708 0.353541 0.071945 0.071945
0 0.847002 0.213880 0.104277 0.104277
0 0.167722 0.766164 0.061130 0.061130
0 0.751927 0.051243 0.062220 0.062220
0 0.609650 0.929202 0.071945 0.071945
0 0.534595 0.682172 0.062220 0.062220
0 0.158816 0.960043 0.061130 0.061130
0 0.312507 0.094691 0.052757 0.052757
0 0.848927 0.621869 0.052757 0.052757
0 0.841694 0.392206 0.062220 0.062220
0 0.495527 0.887869 0.104277 0.104277
0 0.045348 0.830315 0.061130 0.061130
0 0.108869 0.215892 0.057104 0.057104
0 0.644871 0.306616 0.061130 0.061130
0 0.806459 0.455824 0.104278 0.104278
0 0.889376 0.122844 0.061131 0.061131
0 0.186905 0.466868 0.061130 0.061130
0 0.153517 0.304054 0.062220 0.062220
0 0.331335 0.702664 0.057104 0.057104
0 0.641843 0.711571 0.057104 0.057104
0 0.060826 0.749727 0.057104 0.057104
0 0.133531 0.644838 0.104277 0.104277
0 0.863477 0.521735 0.062220 0.062220
0 0.742034 0.636311 0.057104 0.057104
0 0.466311 0.033425 0.061130 0.061130
0 0.331099 0.780773 0.061130 0.061130
0 0.260936 0.768052 0.062220 0.062220
0 0.605951 0.786036 0.048997 0.048997
0 0.895397 0.454106 0.071945 0.071945
0 0.176922 0.226119 0.057104 0.057104
0 0.808977 0.690667 0.062220 0.062220
0 0.032455 0.591430 0.104277 0.104277
0 0.035290 0.233468 0.052757 0.052757
0 0.706310 0.108872 0.061130 0.061130
0 0.542620 0.417218 0.057104 0.057104
0 0.741036 0.413904 0.104277 0.104277
0 0.417378 0.407567 0.104277 0.104277
0 0.804959 0.932028 0.062220 0.062220
0 0.935598 0.511032 0.052757 0.052757
0 0.747069 0.181785 0.061130 0.061130
0 0.108903 0.006580 0.062220 0.062220
0 0.038443 0.907549 0.057104 0.057104
0 0.808536 0.842217 0.061131 0.061131
0 0.924050 0.223806 0.071945 0.071945
0 0.229497 0.852592 0.071945 0.071945
0 0.441505 0.212644 0.062220 0.062220
0 0.792515 0.120595 0.071945 0.071945
0 0.070837 0.381440 0.071945 0.071945
0 0.383310 0.880413 0.104277 0.104277
0 0.149436 0.845516 0.071945 0.071945
0 0.139687 0.568375 0.061130 0.061130
0 0.222775 0.135800 0.104277 0.104277
0 0.341316 0.271499 0.052757 0.052757
0 0.228177 0.016095 0.057104 0.057104
0 0.523752 0.604280 0.057104 0.057104
0 0.288567 0.196956 0.062220 0.062220
0 0.736044 0.939022 0.071945 0.071945
0 0.107709 0.504565 0.062220 0.062220