0 0.308045 0.420726 0.062220 0.062220
0 0.653683 0.760354 0.062220 0.062220
0 0.615457 0.566330 0.062220 0.062220
0 0.391359 0.873968 0.057103 0.057103
0 0.906458 0.128502 0.104277 0.104277
0 0.641437 0.209696 0.052757 0.052757
0 0.653129 0.296245 0.104277 0.104277
0 0.999593 0.549870 0.104277 0.104277
0 0.412031 0.620617 0.052757 0.052757
0 0.958454 0.671481 0.104277 0.104277
0 0.844970 0.713455 0.071945 0.071945
0 0.250374 0.475608 0.071945 0.071945
0 0.371222 0.705287 0.062220 0.062220
0 0.276255 0.898269 0.071945 0.071945
0 0.632862 0.122275 0.104277 0.104277
0 0.965618 0.048547 0.071945 0.071945
0 0.715219 0.054073 0.104277 0.104277
0 0.639386 0.023133 0.061130 0.061130
0 0.301174 0.735923 0.104277 0.104277
0 0.104796 0.508734 0.061130 0.061130
0 0.381662 0.426788 0.061130 0.061130
0 0.362078 0.338905 0.052757 0.052757
0 0.153224 0.805086 0.104278 0.104278
0 0.982047 0.398368 0.061130 0.061130
0 0.861352 0.440242 0.057104 0.057104
0 0.766327 0.200128 0.104277 0.104277
0 0.551103 0.919851 0.062220 0.062220
0 0.522880 0.339732 0.061130 0.061130
0 0.603724 0.465190 0.062220 0.062220
0 0.218914 0.050424 0.061130 0.061130
0 0.798868 0.547000 0.057104 0.057104
0 0.021385 0.169036 0.104278 0.104278
0 0.914844 0.577091 0.104277 0.104277
0 0.708933 0.903146 0.071945 0.071945
0 0.645613 0.373400 0.057104 0.057104
0 0.410949 0.802531 0.061130 0.061130
0 0.854281 0.786420 0.071945 0.071945
0 0.463411 0.574843 0.062220 0.062220
0 0.561809 0.161055 0.052757 0.052757
0 0.661530 0.831156 0.057104 0.057104
0 0.170398 0.608321 0.062220 0.062220
0 0.682159 0.508843 0.057104 0.057104
0 0.853515 0.047591 0.104277 0.104277
0 0.494234 0.420944 0.061130 0.061130
0 0.625374 0.910809 0.052757 0.052757
0 0.703980 0.133223 0.061130 0.061130
0 0.378811 0.063774 0.104278 0.104278
0 0.927748 0.309962 0.062220 0.062220
0 0.445660 0.042165 0.052757 0.052757
0 0.459464 0.681975 0.062220 0.062220
0 0.880389 0.650812 0.057104 0.057104
0 0.086769 0.221242 0.062220 0.062220
0 0.955415 0.467800 0.104277 0.104277
0 0.584679 0.802170 0.050891 0.050891
0 0.238101 0.308466 0.062220 0.062220
0 0.310505 0.817605 0.104277 0.104277
0 0.455121 0.297189 0.057104 0.057104
0 0.748549 0.694476 0.062220 0.062220
0 0.824076 0.161583 0.071945 0.071945
0 0.869368 0.903542 0.057104 0.057104
0 0.245275 0.640472 0.062220 0.062220
0 0.469699 0.881192 0.052757 0.052757
0 0.517330 0.727316 0.062220 0.062220
0 0.613089 0.693235 0.104277 0.104277
0 0.967923 0.228222 0.061130 0.061130
0 0.411539 0.164658 0.057104 0.057104
0 0.120537 0.402348 0.104278 0.104278
0 0.338814 0.131038 0.071945 0.071945
0 0.239175 0.395812 0.052757 0.052757
0 0.148358 0.911939 0.071945 0.071945
0 0.057746 0.917614 0.052757 0.052757
0 0.774937 0.822413 0.061130 0.061130
0 0.778461 0.417531 0.062220 0.062220
0 0.755806 0.271387 0.071945 0.071945
0 0.913360 0.737565 0.062220 0.062220
0 0.207973 0.865711 0.057104 0.057104
0 0.277399 0.210604 0.052757 0.052757
0 0.469695 0.206496 0.071945 0.071945
0 0.172078 0.450330 0.057104 0.057104
0 0.205656 0.119008 0.057104 0.057104
0 0.486277 0.800125 0.062220 0.062220
0 0.176153 0.196830 0.104277 0.104277
0 0.784515 0.925763 0.062220 0.062220
0 0.888215 0.508553 0.071945 0.071945
0 0.137280 0.316355 0.104277 0.104277
0 0.127734 0.097390 0.071945 0.071945
0 0.027433 0.841161 0.104277 0.104277
0 0.564257 0.625255 0.104277 0.104277
0 0.001903 0.038631 0.057104 0.057104
0 0.137554 0.726014 0.061131 0.061131
0 0.018690 0.721072 0.057104 0.057104
0 0.349224 0.241389 0.052757 0.052757
0 0.981130 0.155686 0.050559 0.050559
0 0.795532 0.630033 0.052757 0.052757
0 0.210891 0.741109 0.057104 0.057104
0 0.950282 0.817678 0.061131 0.061131
0 0.331499 0.533957 0.057104 0.057104
0 0.052261 0.442344 0.062220 0.062220
0 0.052435 0.369909 0.057104 0.057104
0 0.722307 0.625311 0.052757 0.052757
0 0.755979 0.490697 0.061130 0.061130
0 0.044663 0.095109 0.052757 0.052757
0 0.427460 0.510041 0.104277 0.104277
0 0.087438 0.633883 0.057104 0.057104
0 0.536292 0.059773 0.104277 0.104277
0 0.309843 0.055045 0.052757 0.052757
0 0.076089 0.777890 0.061130 0.061130
0 0.840185 0.285368 0.052757 0.052757
0 0.575576 0.230033 0.104277 0.104277
0 0.000178 0.518065 0.057104 0.057104