0 0.884592 0.399477 0.104277 0.104277
0 0.841044 0.187486 0.061130 0.061130
0 0.557052 0.607005 0.104278 0.104278
0 0.774137 0.047815 0.104277 0.104277
0 0.741815 0.149384 0.052757 0.052757
0 0.675196 0.768353 0.052757 0.052757
0 0.855493 0.955099 0.061130 0.061130
0 0.286011 0.102481 0.052757 0.052757
0 0.199729 0.759328 0.061130 0.061130
0 0.574490 0.717810 0.052757 0.052757
0 0.595561 0.889037 0.052757 0.052757
0 0.878716 0.314292 0.057104 0.057104
0 0.671868 0.964172 0.071945 0.071945
0 0.421469 0.969698 0.104277 0.104277
0 0.914578 0.500928 0.051819 0.051819
0 0.345636 0.938758 0.061130 0.061130
0 0.209697 0.523662 0.057104 0.057104
0 0.560744 0.177483 0.104277 0.104277
0 0.818722 0.114023 0.061131 0.061131
0 0.252707 0.836715 0.104277 0.104277
0 0.285556 0.310311 0.057104 0.057104
0 0.807284 0.789729 0.104277 0.104277
0 0.902938 0.074518 0.052757 0.052757
0 0.959145 0.010478 0.057104 0.057104
0 0.506898 0.518443 0.052757 0.052757
0 0.051193 0.609037 0.104277 0.104277
0 0.905380 0.163100 0.057104 0.057104
0 0.990419 0.571272 0.104277 0.104277
0 0.985556 0.497979 0.071945 0.071945
0 0.194579 0.678198 0.104277 0.104277
0 0.640148 0.115733 0.071945 0.071945
0 0.692027 0.510688 0.052757 0.052757
0 0.130534 0.760255 0.052757 0.052757
0 0.559765 0.963216 0.104277 0.104277
0 0.507062 0.824862 0.057104 0.057104
0 0.712399 0.906466 0.052757 0.052757
0 0.906874 0.657901 0.054783 0.054783
0 0.874976 0.770067 0.071945 0.071945
0 0.085061 0.979399 0.104278 0.104278
0 0.875236 0.840891 0.061130 0.061130
0 0.658100 0.431319 0.071945 0.071945
0 0.151910 0.957790 0.052757 0.052757
0 0.431777 0.636916 0.061130 0.061130
0 0.323130 0.535758 0.071945 0.071945
0 0.489779 0.751454 0.052757 0.052757
0 0.755256 0.666569 0.057104 0.057104
0 0.711367 0.082182 0.057104 0.057104
0 0.032963 0.417262 0.061130 0.061130
0 0.331878 0.258944 0.071945 0.071945
0 0.312034 0.704051 0.061130 0.061130
0 0.282703 0.620386 0.062220 0.062220
0 0.426473 0.471572 0.062220 0.062220
0 0.542134 0.300572 0.061130 0.061130
0 0.769451 0.544695 0.052757 0.052757
0 0.332072 0.866352 0.052757 0.052757
0 0.482246 0.902637 0.057104 0.057104
0 0.031994 0.061187 0.071945 0.071945
0 0.477446 0.202833 0.061130 0.061130
0 0.448520 0.131098 0.061130 0.061130
0 0.627200 0.257368 0.104277 0.104277
0 0.790605 0.355241 0.071945 0.071945
0 0.999389 0.758559 0.052757 0.052757
0 0.480900 0.408959 0.061130 0.061130
0 0.043163 0.142885 0.071945 0.071945
0 0.580993 0.501495 0.057104 0.057104
0 0.473142 0.325277 0.104277 0.104277
0 0.680594 0.579111 0.062220 0.062220
0 0.677761 0.305905 0.104277 0.104277
0 0.162450 0.094016 0.052757 0.052757
0 0.656666 0.193215 0.052757 0.052757
0 0.687066 0.837776 0.104277 0.104277
0 0.963582 0.232903 0.062220 0.062220
0 0.369025 0.066702 0.071945 0.071945
0 0.423353 0.713551 0.104277 0.104277
0 0.383999 0.567572 0.071945 0.071945
0 0.626897 0.635200 0.104277 0.104277
0 0.254902 0.025369 0.104277 0.104277
0 0.781730 0.439157 0.057104 0.057104
0 0.125065 0.631639 0.071945 0.071945
0 0.264937 0.475736 0.050932 0.050932
0 0.401673 0.296850 0.052757 0.052757
0 0.167810 0.243741 0.071945 0.071945
0 0.378570 0.203910 0.061130 0.061130
0 0.737599 0.261965 0.052757 0.052757
0 0.591905 0.413412 0.057104 0.057104
0 0.983234 0.644650 0.104277 0.104277
0 0.125394 0.530372 0.071945 0.071945
0 0.033031 0.293543 0.104277 0.104277
0 0.375474 0.363876 0.061130 0.061130
0 0.237839 0.207035 0.071945 0.071945
0 0.945790 0.834462 0.071945 0.071945
0 0.048505 0.738889 0.104277 0.104277
0 0.589022 0.806867 0.061131 0.061131
0 0.436129 0.848192 0.104277 0.104277
0 0.944590 0.929015 0.071945 0.071945
0 0.039011 0.515191 0.052757 0.052757
0 0.564334 0.069528 0.062220 0.062220
0 0.893315 0.589947 0.052757 0.052757
0 0.820752 0.624174 0.104277 0.104277
0 0.336266 0.460561 0.062220 0.062220
0 0.132021 0.438465 0.062220 0.062220
0 0.142685 0.017913 0.104277 0.104277
0 0.046410 0.829252 0.062220 0.062220
0 0.112920 0.864294 0.071945 0.071945
0 0.511034 0.676919 0.071945 0.071945
0 0.342027 0.787948 0.061130 0.061130
0 0.751235 0.743139 0.071945 0.071945
0 0.076874 0.353439 0.047555 0.047555
0 0.210974 0.378235 0.052757 0.052757
0 0.242542 0.975398 0.104277 0.104277
0 0.781942 0.881079 0.104277 0.104277
0 0.016093 0.970670 0.052757 0.052757
0 0.495419 0.076522 0.071945 0.071945
0 0.206694 0.596340 0.071945 0.071945
0 0.956201 0.360720 0.057104 0.057104
0 0.290924 0.386116 0.071945 0.071945