0 0.416910 0.905177 0.062220 0.062220
0 0.586745 0.066573 0.062220 0.062220
0 0.335737 0.369606 0.104277 0.104277
0 0.363795 0.779562 0.057103 0.057103
0 0.135141 0.825207 0.052757 0.052757
0 0.540819 0.125415 0.062220 0.062220
0 0.883218 0.829131 0.061131 0.061131
0 0.687393 0.102427 0.070161 0.070161
0 0.318113 0.094039 0.104278 0.104278
0 0.568600 0.529752 0.057104 0.057104
0 0.818344 0.750438 0.062220 0.062220
0 0.295915 0.601700 0.104277 0.104277
0 0.957307 0.193624 0.071945 0.071945
0 0.476794 0.073551 0.071945 0.071945
0 0.773100 0.132180 0.062220 0.062220
0 0.790228 0.434472 0.061131 0.061131
0 0.104676 0.534759 0.104277 0.104277
0 0.809671 0.196016 0.104277 0.104277
0 0.218209 0.131618 0.071945 0.071945
0 0.724130 0.041651 0.061130 0.061130
0 0.315312 0.465849 0.057104 0.057104
0 0.506365 0.684883 0.057104 0.057104
0 0.263882 0.414718 0.104277 0.104277
0 0.853640 0.330942 0.071945 0.071945
0 0.035821 0.593111 0.062220 0.062220
0 0.624954 0.966985 0.061130 0.061130
0 0.539529 0.446179 0.104277 0.104277
0 0.426388 0.727318 0.052757 0.052757
0 0.230243 0.283666 0.052757 0.052757
0 0.704691 0.265243 0.104277 0.104277
0 0.805555 0.009840 0.057104 0.057104
0 0.497304 0.267027 0.062220 0.062220
0 0.179563 0.750660 0.062220 0.062220
0 0.915723 0.579856 0.071945 0.071945
0 0.083054 0.209244 0.062220 0.062220
0 0.351629 0.530348 0.057104 0.057104
0 0.508783 0.779383 0.057104 0.057104
0 0.274928 0.944924 0.057104 0.057104
0 0.516644 0.946671 0.057104 0.057104
0 0.557173 0.608712 0.052757 0.052757
0 0.628364 0.677793 0.104277 0.104277
0 0.596921 0.246904 0.062220 0.062220
0 0.028512 0.325135 0.061130 0.061130
0 0.189767 0.954307 0.052757 0.052757
0 0.929531 0.714270 0.061131 0.061131
0 0.384468 0.966277 0.052757 0.052757
0 0.201379 0.885598 0.061130 0.061130
0 0.404446 0.170031 0.071945 0.071945
0 0.569832 0.879770 0.104277 0.104277
0 0.705141 0.762967 0.061130 0.061130
0 0.395112 0.405815 0.052757 0.052757
0 0.441054 0.617398 0.057104 0.057104
0 0.270333 0.800416 0.071945 0.071945
0 0.787627 0.660755 0.104277 0.104277
0 0.838975 0.075479 0.062220 0.062220
0 0.692552 0.498118 0.062220 0.062220
0 0.095923 0.293726 0.061130 0.061130
0 0.253132 0.541566 0.052757 0.052757
0 0.883539 0.259417 0.061131 0.061131
0 0.782319 0.839081 0.062220 0.062220
0 0.174037 0.233125 0.071945 0.071945
0 0.787383 0.296735 0.061131 0.061131
0 0.135951 0.012485 0.104277 0.104277
0 0.049494 0.662767 0.057104 0.057104
0 0.032464 0.083614 0.057104 0.057104
0 0.585496 0.753491 0.061130 0.061130
0 0.113024 0.405777 0.057104 0.057104
0 0.747084 0.902699 0.104278 0.104278
0 0.750367 0.374898 0.052757 0.052757
0 0.830001 0.569719 0.061131 0.061131
0 0.127530 0.913743 0.061130 0.061130
0 0.655334 0.174931 0.052757 0.052757
0 0.094142 0.750929 0.062220 0.062220
0 0.997227 0.966870 0.062220 0.062220
0 0.902480 0.108594 0.071945 0.071945
0 0.804102 0.968610 0.062220 0.062220
0 0.628418 0.400313 0.104277 0.104277
0 0.406936 0.480300 0.061130 0.061130
0 0.350787 0.300216 0.104277 0.104277
0 0.313488 0.171116 0.052757 0.052757
0 0.836022 0.900981 0.071945 0.071945
0 0.117547 0.672994 0.057104 0.057104
0 0.533987 0.204879 0.057104 0.057104
0 0.416372 0.329305 0.071945 0.071945
0 0.646935 0.555747 0.061130 0.061130
0 0.483245 0.864093 0.057104 0.057104
0 0.914060 0.031644 0.071945 0.071945
0 0.681661 0.860779 0.104277 0.104277
0 0.410509 0.091809 0.056505 0.056505
0 0.358003 0.854442 0.104277 0.104277
0 0.919305 0.382561 0.104277 0.104277
0 0.876223 0.957907 0.052757 0.052757
0 0.687694 0.628660 0.061130 0.061130
0 0.049528 0.453455 0.062220 0.062220
0 0.985647 0.451998 0.052757 0.052757
0 0.864675 0.670681 0.071945 0.071945
0 0.992802 0.317542 0.071945 0.071945
0 0.630601 0.313162 0.057104 0.057104
0 0.404806 0.023120 0.061130 0.061130
0 0.382130 0.659519 0.062220 0.062220
0 0.733140 0.567470 0.071945 0.071945
0 0.011462 0.828315 0.071945 0.071945
0 0.481323 0.354461 0.057104 0.057104
0 0.204360 0.046922 0.062220 0.062220
0 0.163400 0.582675 0.104277 0.104277
0 0.141623 0.167341 0.057104 0.057104
0 0.281941 0.718374 0.052757 0.052757
0 0.168802 0.462970 0.057104 0.057104
0 0.229192 0.643831 0.062220 0.062220
0 0.873204 0.441698 0.052757 0.052757
0 0.048334 0.951440 0.062220 0.062220
0 0.965032 0.844290 0.061131 0.061131