0 0.386095 0.536282 0.071945 0.071945
0 0.661216 0.504261 0.071945 0.071945
0 0.941594 0.244582 0.071945 0.071945
0 0.187708 0.381627 0.104277 0.104277
0 0.693344 0.619631 0.052757 0.052757
0 0.250196 0.105853 0.052757 0.052757
0 0.394779 0.906614 0.061130 0.061130
0 0.931627 0.726785 0.061131 0.061131
0 0.837504 0.843119 0.062220 0.062220
0 0.430493 0.292599 0.061130 0.061130
0 0.836771 0.417576 0.104277 0.104277
0 0.280843 0.802995 0.104277 0.104277
0 0.239704 0.924606 0.104277 0.104277
0 0.863494 0.031729 0.062220 0.062220
0 0.126220 0.966580 0.071945 0.071945
0 0.149490 0.055310 0.052757 0.052757
0 0.603437 0.254475 0.071945 0.071945
0 0.170561 0.226537 0.052757 0.052757
0 0.284244 0.555737 0.062220 0.062220
0 0.246868 0.301672 0.071945 0.071945
0 0.713659 0.865915 0.104277 0.104277
0 0.309597 0.727995 0.057104 0.057104
0 0.803767 0.580695 0.104277 0.104277
0 0.758906 0.771814 0.071945 0.071945
0 0.968964 0.664438 0.052757 0.052757
0 0.382284 0.127229 0.104277 0.104277
0 0.682145 0.373333 0.104277 0.104277
0 0.799924 0.184526 0.071945 0.071945
0 0.377944 0.710431 0.104277 0.104277
0 0.795158 0.924573 0.052757 0.052757
0 0.804671 0.116080 0.062220 0.062220
0 0.263297 0.651493 0.061130 0.061130
0 0.142602 0.693367 0.057104 0.057104
0 0.047577 0.453253 0.104277 0.104277
0 0.742627 0.311831 0.057104 0.057104
0 0.785594 0.485506 0.062220 0.062220
0 0.538336 0.612693 0.052757 0.052757
0 0.685344 0.243615 0.062220 0.062220
0 0.080118 0.800125 0.057104 0.057104
0 0.196094 0.830216 0.104277 0.104277
0 0.505553 0.799561 0.071945 0.071945
0 0.870993 0.216308 0.061130 0.061130
0 0.715557 0.714570 0.102474 0.102474
0 0.324741 0.377961 0.052757 0.052757
0 0.609893 0.706745 0.104277 0.104277
0 0.134765 0.300716 0.104277 0.104277
0 0.082062 0.162362 0.057104 0.057104
0 0.287399 0.243966 0.052757 0.052757
0 0.618717 0.440537 0.062220 0.062220
0 0.462404 0.516087 0.061131 0.061131
0 0.420797 0.444538 0.071945 0.071945
0 0.449976 0.107567 0.071945 0.071945
0 0.208998 0.563087 0.062220 0.062220
0 0.450236 0.178391 0.061130 0.061130
0 0.423943 0.767398 0.057104 0.057104
0 0.161639 0.903937 0.057104 0.057104
0 0.064779 0.088954 0.052757 0.052757
0 0.330256 0.004069 0.057104 0.057104
0 0.236665 0.720925 0.104277 0.104277
0 0.029799 0.947601 0.062220 0.062220
0 0.105326 0.414708 0.071945 0.071945
0 0.905239 0.473482 0.045227 0.045227
0 0.539627 0.521809 0.052757 0.052757
0 0.965863 0.095082 0.104278 0.104278
0 0.249173 0.481347 0.061130 0.061130
0 0.960904 0.377277 0.061130 0.061130
0 0.057246 0.240137 0.057104 0.057104
0 0.522736 0.728919 0.062220 0.062220
0 0.467159 0.908678 0.104277 0.104277
0 0.059711 0.670656 0.062220 0.062220
0 0.037056 0.524512 0.071945 0.071945
0 0.194610 0.990690 0.062220 0.062220
0 0.574389 0.096059 0.052757 0.052757
0 0.262066 0.175276 0.104277 0.104277
0 0.295252 0.872331 0.062220 0.062220
0 0.617253 0.335570 0.052757 0.052757
0 0.169465 0.761678 0.071945 0.071945
0 0.529300 0.387434 0.052757 0.052757
0 0.952493 0.944132 0.061131 0.061131
0 0.348837 0.453821 0.057104 0.057104
0 0.819310 0.320974 0.061131 0.061131
0 0.724947 0.185237 0.057104 0.057104
0 0.446101 0.834400 0.104277 0.104277
0 0.918065 0.820144 0.061131 0.061131
0 0.884319 0.971229 0.062221 0.062221
0 0.720217 0.971511 0.052757 0.052757
0 0.616322 0.613870 0.055027 0.055027
0 0.748514 0.414692 0.061131 0.061131
0 0.407013 0.642783 0.062220 0.062220
0 0.826351 0.718048 0.104277 0.104277
0 0.262380 0.408811 0.050559 0.050559
0 0.556602 0.906946 0.052757 0.052757
0 0.391519 0.351590 0.061130 0.061130
0 0.520790 0.171962 0.071945 0.071945
0 0.622777 0.026348 0.057104 0.057104
0 0.076782 0.883158 0.052757 0.052757
0 0.662823 0.083486 0.104277 0.104277
0 0.363003 0.799746 0.071945 0.071945
0 0.164022 0.144367 0.061131 0.061131
0 0.011129 0.185692 0.104277 0.104277
0 0.519590 0.266515 0.071945 0.071945
0 0.479052 0.655593 0.104277 0.104277
0 0.643062 0.799850 0.061130 0.061130
0 0.321553 0.999856 0.104277 0.104277
0 0.003557 0.878436 0.052757 0.052757
0 0.906433 0.334468 0.052757 0.052757
0 0.086034 0.014419 0.071945 0.071945
0 0.326235 0.080639 0.071945 0.071945
0 0.037229 0.743822 0.061130 0.061130
0 0.632499 0.175090 0.104277 0.104277
0 0.356942 0.218579 0.104277 0.104277
0 0.121435 0.538493 0.052757 0.052757
0 0.908708 0.140635 0.061131 0.061131
0 0.881090 0.666722 0.057104 0.057104
0 0.895040 0.590639 0.088662 0.088662