0 0.663785 0.717677 0.062220 0.062220
0 0.588342 0.944893 0.052757 0.052757
0 0.582612 0.182106 0.104277 0.104277
0 0.610670 0.592062 0.057103 0.057103
0 0.779723 0.839353 0.071945 0.071945
0 0.244270 0.565348 0.104277 0.104277
0 0.826971 0.901792 0.061130 0.061130
0 0.382016 0.637707 0.052757 0.052757
0 0.155740 0.919772 0.104278 0.104278
0 0.815475 0.342252 0.057104 0.057104
0 0.542790 0.414200 0.104277 0.104277
0 0.526832 0.856387 0.071945 0.071945
0 0.456587 0.849302 0.057104 0.057104
0 0.351551 0.347259 0.104277 0.104277
0 0.562187 0.278349 0.057104 0.057104
0 0.209386 0.369090 0.062220 0.062220
0 0.221051 0.259312 0.062220 0.062220
0 0.753240 0.497383 0.057104 0.057104
0 0.510757 0.227218 0.104277 0.104277
0 0.282696 0.405611 0.062220 0.062220
0 0.871829 0.779485 0.061130 0.061130
0 0.125597 0.400365 0.104278 0.104278
0 0.786404 0.258679 0.104277 0.104277
0 0.673263 0.539818 0.052757 0.052757
0 0.477118 0.096166 0.052757 0.052757
0 0.951566 0.077743 0.104277 0.104277
0 0.744179 0.079527 0.062220 0.062220
0 0.426438 0.563160 0.062220 0.062220
0 0.125785 0.511120 0.071945 0.071945
0 0.329929 0.021744 0.062220 0.062220
0 0.598504 0.342848 0.057104 0.057104
0 0.755658 0.591883 0.057104 0.057104
0 0.657763 0.979246 0.104277 0.104277
0 0.521803 0.757424 0.057104 0.057104
0 0.763519 0.759171 0.057104 0.057104
0 0.429158 0.934553 0.057104 0.057104
0 0.125849 0.162255 0.052757 0.052757
0 0.804048 0.421212 0.052757 0.052757
0 0.875239 0.490293 0.104277 0.104277
0 0.843796 0.059404 0.062220 0.062220
0 0.632085 0.873508 0.104277 0.104277
0 0.916128 0.990911 0.052757 0.052757
0 0.275387 0.137635 0.061130 0.061130
0 0.214703 0.703611 0.062220 0.062220
0 0.436642 0.766807 0.052757 0.052757
0 0.631343 0.778777 0.052757 0.052757
0 0.448254 0.698098 0.061130 0.061130
0 0.816707 0.692270 0.104277 0.104277
0 0.952016 0.575467 0.061130 0.061130
0 0.641987 0.218315 0.052757 0.052757
0 0.687929 0.429898 0.057104 0.057104
0 0.126755 0.056043 0.104277 0.104277
0 0.517208 0.612916 0.071945 0.071945
0 0.939427 0.310618 0.062220 0.062220
0 0.342798 0.106226 0.061130 0.061130
0 0.211972 0.085484 0.061130 0.061130
0 0.722095 0.941547 0.062220 0.062220
0 0.500007 0.354066 0.052757 0.052757
0 0.420912 0.045625 0.071945 0.071945
0 0.296369 0.475267 0.057104 0.057104
0 0.832371 0.565991 0.061130 0.061130
0 0.359899 0.218277 0.057104 0.057104
0 0.993959 0.715199 0.104278 0.104278
0 0.997242 0.187398 0.052757 0.052757
0 0.374405 0.726243 0.061130 0.061130
0 0.158354 0.229419 0.061130 0.061130
0 0.341017 0.563429 0.062220 0.062220
0 0.518835 0.962039 0.057104 0.057104
0 0.829343 0.970946 0.057104 0.057104
0 0.321031 0.904213 0.104277 0.104277
0 0.131507 0.707125 0.061130 0.061130
0 0.929534 0.895686 0.057104 0.057104
0 0.875293 0.212813 0.104277 0.104277
0 0.653811 0.292800 0.061130 0.061130
0 0.597662 0.112716 0.104277 0.104277
0 0.172723 0.635133 0.061130 0.061130
0 0.364422 0.485494 0.057104 0.057104
0 0.996477 0.950042 0.062220 0.062220
0 0.780862 0.017379 0.057104 0.057104
0 0.219955 0.850805 0.104277 0.104277
0 0.663247 0.141805 0.071945 0.071945
0 0.222790 0.492843 0.052757 0.052757
0 0.893810 0.368247 0.061130 0.061130
0 0.730120 0.676593 0.057104 0.057104
0 0.928536 0.673279 0.104277 0.104277
0 0.604878 0.666942 0.104277 0.104277
0 0.934569 0.441160 0.061130 0.061130
0 0.296403 0.265955 0.062220 0.062220
0 0.877476 0.125662 0.057104 0.057104
0 0.629005 0.472019 0.062220 0.062220
0 0.980015 0.379970 0.071945 0.071945
0 0.258337 0.640815 0.071945 0.071945
0 0.728198 0.166961 0.057104 0.057104
0 0.327187 0.827750 0.061130 0.061130
0 0.410275 0.395175 0.104277 0.104277
0 0.528816 0.530874 0.052757 0.052757
0 0.415677 0.275470 0.057104 0.057104
0 0.711252 0.863655 0.057104 0.057104
0 0.476067 0.456331 0.062220 0.062220
0 0.130257 0.796557 0.071945 0.071945
0 0.162808 0.314218 0.061130 0.061130
0 0.295209 0.763940 0.062220 0.062220