0 0.571630 0.206742 0.071945 0.071945
0 0.366807 0.710161 0.104277 0.104277
0 0.556909 0.674689 0.104277 0.104277
0 0.601098 0.870937 0.057104 0.057104
0 0.470364 0.321019 0.062220 0.062220
0 0.603342 0.318966 0.057104 0.057104
0 0.693483 0.832816 0.104277 0.104277
0 0.636153 0.244274 0.052757 0.052757
0 0.519939 0.584446 0.057104 0.057104
0 0.448099 0.435929 0.104277 0.104277
0 0.430402 0.787825 0.104277 0.104277
0 0.236043 0.974589 0.052757 0.052757
0 0.433293 0.626405 0.061131 0.061131
0 0.443101 0.250312 0.052757 0.052757
0 0.316509 0.549938 0.071945 0.071945
0 0.533518 0.450217 0.062220 0.062220
0 0.369397 0.845480 0.062220 0.062220
0 0.207223 0.912028 0.057104 0.057104
0 0.204070 0.751203 0.052757 0.052757
0 0.315224 0.889466 0.061130 0.061130
0 0.591675 0.571468 0.071945 0.071945
0 0.673472 0.342009 0.071945 0.071945
0 0.030093 0.738506 0.061131 0.061131
0 0.535260 0.270622 0.071945 0.071945
0 0.619362 0.948284 0.071945 0.071945
0 0.525087 0.762275 0.061130 0.061130
0 0.703773 0.105358 0.061131 0.061131
0 0.258153 0.846489 0.061131 0.061131
0 0.307380 0.779942 0.057104 0.057104
0 0.722407 0.280222 0.071945 0.071945
0 0.104182 0.102999 0.071945 0.071945
0 0.385581 0.010375 0.061130 0.061130
0 0.374294 0.373747 0.071945 0.071945
0 0.224743 0.254898 0.061130 0.061130
0 0.734973 0.203585 0.071945 0.071945
0 0.249756 0.373773 0.104277 0.104277
0 0.717785 0.701852 0.057104 0.057104
0 0.000515 0.240317 0.071945 0.071945
0 0.373672 0.505450 0.104277 0.104277
0 0.665760 0.449150 0.104278 0.104278
0 0.530874 0.837150 0.061130 0.061130
0 0.615111 0.018654 0.057104 0.057104
0 0.062598 0.489231 0.071945 0.071945
0 0.043966 0.940650 0.104277 0.104277
0 0.076406 0.623645 0.061131 0.061131
0 0.470265 0.111592 0.062220 0.062220
0 0.433840 0.173159 0.062220 0.062220
0 0.147383 0.454590 0.062220 0.062220
0 0.670117 0.755854 0.052757 0.052757
0 0.165945 0.694024 0.057104 0.057104
0 0.030414 0.168792 0.061131 0.061131
0 0.326548 0.994991 0.071945 0.071945
0 0.289431 0.652648 0.071945 0.071945
0 0.395992 0.100306 0.052757 0.052757
0 0.194430 0.176636 0.057104 0.057104
0 0.144102 0.876245 0.062220 0.062220
0 0.049355 0.017969 0.071945 0.071945
0 0.707203 0.531192 0.057104 0.057104
0 0.588143 0.501312 0.057104 0.057104
0 0.445513 0.525198 0.052757 0.052757
0 0.195563 0.627072 0.052757 0.052757
0 0.714921 0.926423 0.104277 0.104277
0 0.332274 0.191212 0.071945 0.071945
0 0.234236 0.105783 0.062220 0.062220
0 0.226528 0.470229 0.057104 0.057104
0 0.469508 0.958652 0.057104 0.057104
0 0.608365 0.137571 0.062220 0.062220
0 0.160331 0.543915 0.057104 0.057104
0 0.066180 0.291936 0.104277 0.104277
0 0.023098 0.867282 0.052757 0.052757
0 0.132522 0.361373 0.052757 0.052757
0 0.011550 0.580056 0.071945 0.071945
0 0.301192 0.129375 0.104277 0.104277
0 0.139677 0.226917 0.071945 0.071945
0 0.460913 0.884953 0.104277 0.104277
0 0.153650 0.036931 0.104277 0.104277
0 0.687905 0.634657 0.061130 0.061130
0 0.668494 0.171799 0.104278 0.104278
0 0.356433 0.290117 0.104277 0.104277
0 0.530246 0.912548 0.104277 0.104277
0 0.020079 0.351073 0.052757 0.052757
0 0.314514 0.468227 0.062220 0.062220
0 0.111907 0.753665 0.061131 0.061131