0 0.287208 0.594363 0.052757 0.052757
0 0.839136 0.333731 0.052757 0.052757
0 0.752854 0.990578 0.061130 0.061130
0 0.762822 0.754912 0.057104 0.057104
0 0.713342 0.054268 0.052757 0.052757
0 0.260127 0.255411 0.071945 0.071945
0 0.838681 0.541561 0.057104 0.057104
0 0.951971 0.011167 0.061130 0.061130
0 0.253043 0.664608 0.062220 0.062220
0 0.465713 0.735765 0.071945 0.071945
0 0.604318 0.840287 0.104277 0.104277
0 0.524749 0.909211 0.052757 0.052757
0 0.883490 0.224207 0.057104 0.057104
0 0.747704 0.909448 0.104277 0.104277
0 0.970421 0.220464 0.057104 0.057104
0 0.280740 0.029147 0.104278 0.104278
0 0.437317 0.903409 0.052757 0.052757
0 0.683659 0.991505 0.052757 0.052757
0 0.849640 0.124669 0.057104 0.057104
0 0.984902 0.868166 0.061130 0.061130
0 0.876255 0.767008 0.071945 0.071945
0 0.250671 0.757778 0.052757 0.052757
0 0.396264 0.465883 0.071945 0.071945
0 0.586088 0.648512 0.061130 0.061130
0 0.389330 0.395427 0.071945 0.071945
0 0.885003 0.490194 0.071945 0.071945
0 0.865159 0.935301 0.061130 0.061130
0 0.835828 0.851636 0.062220 0.062220
0 0.979598 0.702822 0.062220 0.062220
0 0.304130 0.999813 0.061130 0.061130
0 0.585119 0.292437 0.071945 0.071945
0 0.538956 0.798290 0.104277 0.104277
0 0.782763 0.088621 0.104277 0.104277
0 0.554158 0.043928 0.057104 0.057104
0 0.772178 0.175183 0.104277 0.104277
0 0.596288 0.374135 0.071945 0.071945
0 0.715575 0.325266 0.052757 0.052757
0 0.547539 0.456360 0.052757 0.052757
0 0.391175 0.795991 0.052757 0.052757
0 0.480222 0.134914 0.061130 0.061130
0 0.288544 0.516699 0.104278 0.104278
0 0.922150 0.297952 0.071945 0.071945
0 0.976478 0.944801 0.104277 0.104277
0 0.847095 0.050922 0.062220 0.062220
0 0.471316 0.328793 0.061130 0.061130
0 0.937124 0.798822 0.071945 0.071945
0 0.479266 0.649948 0.104277 0.104277
0 0.808027 0.256619 0.104277 0.104277
0 0.678190 0.862889 0.071945 0.071945
0 0.818062 0.706986 0.050932 0.050932
0 0.357848 0.199065 0.061130 0.061130
0 0.954798 0.528100 0.052757 0.052757
0 0.430173 0.560818 0.057104 0.057104
0 0.720935 0.474991 0.071945 0.071945
0 0.931695 0.435160 0.061130 0.061130
0 0.507297 0.399619 0.062220 0.062220
0 0.643835 0.071414 0.057104 0.057104
0 0.954343 0.080321 0.057104 0.057104
0 0.373326 0.118477 0.057104 0.057104
0 0.446031 0.013588 0.104277 0.104277
0 0.678519 0.761622 0.071945 0.071945
0 0.586156 0.524793 0.104277 0.104277
0 0.292911 0.324737 0.061130 0.061130
0 0.357379 0.883201 0.104277 0.104277
0 0.928599 0.595126 0.061130 0.061130
0 0.790964 0.438285 0.071945 0.071945
0 0.643599 0.149523 0.061130 0.061130
0 0.573436 0.136802 0.062220 0.062220
0 0.601630 0.970139 0.104277 0.104277
0 0.918451 0.154786 0.048997 0.048997
0 0.385253 0.625535 0.062220 0.062220
0 0.592136 0.746441 0.052757 0.052757
0 0.889391 0.691811 0.062220 0.062220
0 0.685146 0.669715 0.062220 0.062220
0 0.303497 0.117525 0.057104 0.057104
0 0.350943 0.276299 0.057104 0.057104
0 0.386532 0.959705 0.104277 0.104277
0 0.541997 0.221342 0.071945 0.071945
0 0.325037 0.721604 0.057104 0.057104
0 0.695810 0.249163 0.104277 0.104277
0 0.461936 0.214266 0.071945 0.071945
0 0.534914 0.579720 0.071945 0.071945
0 0.629999 0.584689 0.047555 0.047555
0 0.764099 0.609485 0.052757 0.052757
0 0.276639 0.902436 0.071945 0.071945
0 0.394516 0.708490 0.057103 0.057103
0 0.759819 0.827590 0.071945 0.071945
0 0.844049 0.617366 0.071945 0.071945
0 0.291181 0.412953 0.062220 0.062220