0 0.998057 0.738286 0.104277 0.104277
0 0.195035 0.842677 0.062220 0.062220
0 0.364870 0.004073 0.062220 0.062220
0 0.113862 0.307106 0.104277 0.104277
0 0.141920 0.717062 0.057103 0.057103
0 0.310973 0.964353 0.071945 0.071945
0 0.947759 0.578063 0.071945 0.071945
0 0.838473 0.940153 0.057104 0.057104
0 0.835320 0.779328 0.052757 0.052757
0 0.946474 0.917591 0.061130 0.061130
0 0.318944 0.062915 0.062220 0.062220
0 0.661343 0.766631 0.061131 0.061131
0 0.465518 0.039927 0.070161 0.070161
0 0.096238 0.031539 0.104278 0.104278
0 0.346725 0.467252 0.057104 0.057104
0 0.596469 0.687938 0.062220 0.062220
0 0.889403 0.874614 0.061131 0.061131
0 0.074040 0.539200 0.104277 0.104277
0 0.938630 0.808067 0.057104 0.057104
0 0.735432 0.131124 0.071945 0.071945
0 0.058082 0.981387 0.071945 0.071945
0 0.254919 0.011051 0.071945 0.071945
0 0.551225 0.069680 0.062220 0.062220
0 0.568353 0.371972 0.061131 0.061131
0 0.855993 0.283023 0.061130 0.061130
0 0.881006 0.401898 0.104277 0.104277
0 0.587796 0.133516 0.104277 0.104277
0 0.093437 0.403349 0.057104 0.057104
0 0.284490 0.622383 0.057104 0.057104
0 0.042007 0.352218 0.104277 0.104277
0 0.631765 0.268442 0.071945 0.071945
0 0.403079 0.904485 0.061130 0.061130
0 0.317654 0.383679 0.104277 0.104277
0 0.204513 0.664818 0.052757 0.052757
0 0.008368 0.221166 0.052757 0.052757
0 0.482816 0.202743 0.104277 0.104277
0 0.275429 0.204527 0.062220 0.062220
0 0.693848 0.517356 0.071945 0.071945
0 0.675216 0.968775 0.104277 0.104277
0 0.129754 0.467848 0.057104 0.057104
0 0.286908 0.716883 0.057104 0.057104
0 0.053053 0.882424 0.057104 0.057104
0 0.294769 0.884171 0.057104 0.057104
0 0.335298 0.546212 0.052757 0.052757
0 0.406489 0.615293 0.104277 0.104277
0 0.375046 0.184404 0.062220 0.062220
0 0.163335 0.998508 0.104277 0.104277
0 0.707656 0.651770 0.061131 0.061131
0 0.162593 0.903777 0.052757 0.052757
0 0.182571 0.107531 0.071945 0.071945
0 0.347957 0.817270 0.104277 0.104277
0 0.483266 0.700467 0.061130 0.061130
0 0.173237 0.343315 0.052757 0.052757
0 0.219179 0.554898 0.057104 0.057104
0 0.048458 0.737916 0.071945 0.071945
0 0.565752 0.598255 0.104277 0.104277
0 0.617100 0.012979 0.062220 0.062220
0 0.778633 0.482715 0.062220 0.062220
0 0.470677 0.435618 0.062220 0.062220
0 0.797195 0.722149 0.057104 0.057104
0 0.031257 0.479066 0.052757 0.052757
0 0.661664 0.196917 0.061131 0.061131
0 0.560444 0.776581 0.062220 0.062220
0 0.565508 0.234235 0.061131 0.061131
0 0.834049 0.008439 0.071945 0.071945
0 0.920681 0.680773 0.071945 0.071945
0 0.363621 0.690991 0.061130 0.061130
0 0.525209 0.840199 0.104278 0.104278
0 0.528492 0.312398 0.052757 0.052757
0 0.608126 0.507219 0.061131 0.061131
0 0.825680 0.204761 0.057104 0.057104
0 0.433459 0.112431 0.052757 0.052757
0 0.775352 0.904370 0.062220 0.062220
0 0.680605 0.046094 0.071945 0.071945
0 0.943591 0.021969 0.052757 0.052757
0 0.582227 0.906110 0.062220 0.062220
0 0.406543 0.337813 0.104277 0.104277
0 0.185061 0.417800 0.061130 0.061130
0 0.128912 0.237716 0.104277 0.104277
0 0.091613 0.108616 0.052757 0.052757
0 0.826813 0.655197 0.052757 0.052757
0 0.614147 0.838481 0.071945 0.071945
0 0.963524 0.219337 0.071945 0.071945
0 0.312112 0.142379 0.057104 0.057104
0 0.865486 0.133908 0.062220 0.062220
0 0.194497 0.266805 0.071945 0.071945
0 0.857778 0.498354 0.057104 0.057104
0 0.425060 0.493247 0.061130 0.061130
0 0.261370 0.801593 0.057104 0.057104
0 0.459786 0.798279 0.104277 0.104277
0 0.188634 0.029309 0.056505 0.056505
0 0.136128 0.791942 0.104277 0.104277
0 0.791581 0.572040 0.057104 0.057104
0 0.697430 0.320061 0.104277 0.104277
0 0.654348 0.895407 0.052757 0.052757
0 0.465819 0.566160 0.061130 0.061130
0 0.763772 0.389498 0.052757 0.052757
0 0.642800 0.608181 0.071945 0.071945
0 0.932442 0.157500 0.104277 0.104277
0 0.770927 0.255042 0.071945 0.071945
0 0.784900 0.065056 0.104277 0.104277
0 0.408726 0.250662 0.057104 0.057104
0 0.160255 0.597019 0.062220 0.062220
0 0.511265 0.504970 0.071945 0.071945
0 0.259448 0.291961 0.057104 0.057104
0 0.060066 0.655874 0.052757 0.052757
0 0.987683 0.318242 0.104277 0.104277
0 0.242502 0.988655 0.057104 0.057104
0 0.007317 0.581331 0.062220 0.062220
0 0.651329 0.379198 0.052757 0.052757
0 0.945764 0.496352 0.062220 0.062220
0 0.743157 0.781790 0.061131 0.061131