0 0.940380 0.631742 0.071945 0.071945
0 0.839114 0.746019 0.062220 0.062220
0 0.972092 0.743966 0.057104 0.057104
0 0.816849 0.860929 0.104277 0.104277
0 0.102370 0.400948 0.062220 0.062220
0 0.651368 0.179087 0.052757 0.052757
0 0.744581 0.126161 0.052757 0.052757
0 0.811851 0.675312 0.052757 0.052757
0 0.685259 0.974938 0.071945 0.071945
0 0.902268 0.875217 0.062220 0.062220
0 0.960425 0.996468 0.071945 0.071945
0 0.056444 0.459790 0.062220 0.062220
0 0.203018 0.436802 0.070161 0.070161
0 0.965380 0.090655 0.104277 0.104277
0 0.904010 0.695622 0.071945 0.071945
0 0.556392 0.095395 0.062220 0.062220
0 0.084225 0.864127 0.057104 0.057104
0 0.472932 0.527999 0.071945 0.071945
0 0.754331 0.435375 0.061130 0.061130
0 0.570591 0.215377 0.062220 0.062220
0 0.288725 0.466555 0.062220 0.062220
0 0.743044 0.798747 0.071945 0.071945
0 0.305853 0.768847 0.061131 0.061131
0 0.593493 0.679898 0.061130 0.061130
0 0.618506 0.798773 0.104277 0.104277
0 0.325296 0.530391 0.104277 0.104277
0 0.500491 0.182782 0.052757 0.052757
0 0.239755 0.376026 0.061130 0.061130
0 0.369265 0.665317 0.071945 0.071945
0 0.742422 0.930450 0.104277 0.104277
0 0.626876 0.352219 0.061130 0.061130
0 0.055154 0.780554 0.104277 0.104277
0 0.723430 0.331320 0.057104 0.057104
0 0.433481 0.261831 0.071945 0.071945
0 0.039352 0.130260 0.071945 0.071945
0 0.220316 0.599618 0.104277 0.104277
0 0.983861 0.443654 0.057104 0.057104
0 0.321180 0.344215 0.057104 0.057104
0 0.012929 0.601402 0.062220 0.062220
0 0.321936 0.147071 0.061131 0.061131
0 0.431348 0.914231 0.071945 0.071945
0 0.631375 0.102699 0.057104 0.057104
0 0.786542 0.279272 0.062220 0.062220
0 0.291652 0.246346 0.071945 0.071945
0 0.181107 0.306528 0.071945 0.071945
0 0.072798 0.943087 0.052757 0.052757
0 0.112546 0.581279 0.062220 0.062220
0 0.042749 0.241582 0.052757 0.052757
0 0.303252 0.995130 0.104277 0.104277
0 0.839015 0.536592 0.062220 0.062220
0 0.418771 0.164360 0.052757 0.052757
0 0.802590 0.598159 0.062220 0.062220
0 0.354600 0.409854 0.062220 0.062220
0 0.516133 0.879590 0.062220 0.062220
0 0.899786 0.129375 0.071945 0.071945
0 0.208177 0.832493 0.062220 0.062220
0 0.624285 0.269507 0.061131 0.061131
0 0.098346 0.296693 0.052757 0.052757
0 0.399164 0.593792 0.061131 0.061131
0 0.152029 0.125657 0.071945 0.071945
0 0.303008 0.631110 0.061131 0.061131
0 0.571549 0.405314 0.071945 0.071945
0 0.483014 0.102575 0.062220 0.062220
0 0.175963 0.206910 0.057104 0.057104
0 0.265992 0.709273 0.052757 0.052757
0 0.345626 0.904094 0.061131 0.061131
0 0.764742 0.525306 0.052757 0.052757
0 0.563180 0.601636 0.057104 0.057104
0 0.170959 0.509306 0.052757 0.052757
0 0.864283 0.268699 0.052757 0.052757
0 0.418105 0.442969 0.071945 0.071945
0 0.956893 0.926312 0.057104 0.057104
0 0.681091 0.418844 0.052757 0.052757
0 0.814263 0.950198 0.052757 0.052757
0 0.499279 0.304972 0.071945 0.071945
0 0.932136 0.210177 0.062220 0.062220
0 0.234733 0.093502 0.104277 0.104277
0 0.144043 0.734688 0.104277 0.104277
0 0.701024 0.616212 0.071945 0.071945
0 0.049612 0.539254 0.057104 0.057104
0 0.602986 0.530783 0.062220 0.062220
0 0.008141 0.304117 0.104277 0.104277
0 0.801702 0.170958 0.071945 0.071945
0 0.934441 0.326214 0.052559 0.052559
0 0.595278 0.895229 0.057104 0.057104
0 0.162560 0.890122 0.061130 0.061130
0 0.429685 0.366019 0.071945 0.071945
0 0.977115 0.562571 0.062220 0.062220
0 0.529081 0.968915 0.057104 0.057104
0 0.434930 0.716936 0.104277 0.104277
0 0.203319 0.963035 0.061130 0.061130
0 0.501272 0.786373 0.052757 0.052757
0 0.669942 0.554375 0.104277 0.104277
0 0.508427 0.651917 0.071945 0.071945
0 0.522400 0.461931 0.104277 0.104277
0 0.146226 0.647537 0.057104 0.057104
0 0.248765 0.901845 0.071945 0.071945
0 0.253332 0.307580 0.057103 0.057103
0 0.881367 0.406020 0.071945 0.071945
0 0.725183 0.715117 0.104277 0.104277
0 0.406049 0.093924 0.057104 0.057104
0 0.781960 0.369810 0.052757 0.052757
0 0.388829 0.776073 0.052757 0.052757
0 0.683264 0.893227 0.062220 0.062220
0 0.734656 0.219152 0.061131 0.061131
0 0.804373 0.092567 0.062220 0.062220