0 0.778927 0.469505 0.104278 0.104278
0 0.963690 0.011884 0.052757 0.052757
0 0.834583 0.906627 0.104277 0.104277
0 0.897071 0.630853 0.052757 0.052757
0 0.569562 0.987821 0.052757 0.052757
0 0.421604 0.621828 0.061130 0.061130
0 0.796365 0.580310 0.052757 0.052757
0 0.817436 0.751537 0.052757 0.052757
0 0.560987 0.900400 0.104277 0.104277
0 0.893743 0.826672 0.071945 0.071945
0 0.643344 0.832198 0.104277 0.104277
0 0.567511 0.801258 0.061130 0.061130
0 0.431572 0.386162 0.057104 0.057104
0 0.782619 0.039983 0.104277 0.104277
0 0.474582 0.699215 0.104277 0.104277
0 0.507431 0.172811 0.057104 0.057104
0 0.694452 0.978253 0.104277 0.104277
0 0.147039 0.828549 0.061130 0.061130
0 0.728773 0.380943 0.052757 0.052757
0 0.134463 0.367015 0.071945 0.071945
0 0.273068 0.471537 0.104277 0.104277
0 0.193499 0.540461 0.052757 0.052757
0 0.416454 0.540698 0.104277 0.104277
0 0.489934 0.939180 0.052757 0.052757
0 0.971616 0.902961 0.052757 0.052757
0 0.913902 0.373188 0.052757 0.052757
0 0.106067 0.534659 0.052757 0.052757
0 0.352409 0.622755 0.052757 0.052757
0 0.781640 0.825716 0.104277 0.104277
0 0.728937 0.687362 0.057104 0.057104
0 0.934274 0.768966 0.052757 0.052757
0 0.632105 0.911348 0.061130 0.061130
0 0.306936 0.841899 0.104278 0.104278
0 0.879975 0.293819 0.071945 0.071945
0 0.373785 0.820290 0.052757 0.052757
0 0.653652 0.499416 0.061130 0.061130
0 0.545005 0.398258 0.071945 0.071945
0 0.711654 0.613954 0.052757 0.052757
0 0.977131 0.529069 0.057104 0.057104
0 0.014894 0.999367 0.062220 0.062220
0 0.065014 0.097133 0.071945 0.071945
0 0.254838 0.279762 0.061130 0.061130
0 0.058080 0.026677 0.071945 0.071945
0 0.752201 0.939708 0.071945 0.071945
0 0.553753 0.121444 0.071945 0.071945
0 0.533909 0.566551 0.061130 0.061130
0 0.504578 0.482886 0.062220 0.062220
0 0.648348 0.334072 0.062220 0.062220
0 0.764009 0.163072 0.061130 0.061130
0 0.991326 0.407195 0.052757 0.052757
0 0.553947 0.728852 0.052757 0.052757
0 0.704121 0.765137 0.057104 0.057104
0 0.339664 0.942783 0.057104 0.057104
0 0.207706 0.429540 0.104277 0.104277
0 0.699321 0.065333 0.061130 0.061130
0 0.266939 0.909163 0.071945 0.071945
0 0.849075 0.119868 0.104277 0.104277
0 0.205524 0.988729 0.052757 0.052757
0 0.397820 0.984621 0.071945 0.071945
0 0.702775 0.271459 0.061130 0.061130
0 0.265038 0.005385 0.071945 0.071945
0 0.802868 0.363995 0.057104 0.057104
0 0.695017 0.187777 0.104277 0.104277
0 0.902469 0.441611 0.062220 0.062220
0 0.133781 0.897133 0.057104 0.057104
0 0.899636 0.168405 0.104277 0.104277
0 0.104278 0.974955 0.104277 0.104277
0 0.878541 0.055715 0.052757 0.052757
0 0.216289 0.087610 0.052757 0.052757
0 0.908941 0.700276 0.104277 0.104277
0 0.059925 0.427241 0.052757 0.052757
0 0.645228 0.576051 0.104277 0.104277
0 0.605874 0.430072 0.071945 0.071945
0 0.148016 0.281198 0.104277 0.104277
0 0.995712 0.978821 0.057104 0.057104
0 0.848772 0.497700 0.104277 0.104277
0 0.055859 0.875515 0.071945 0.071945
0 0.346940 0.494139 0.071945 0.071945
0 0.486812 0.338236 0.050932 0.050932
0 0.623548 0.159350 0.052757 0.052757
0 0.098923 0.192068 0.057104 0.057104
0 0.389685 0.106241 0.071945 0.071945
0 0.600445 0.066410 0.061130 0.061130
0 0.176047 0.030869 0.062220 0.062220
0 0.959474 0.124465 0.052757 0.052757
0 0.813780 0.275912 0.057104 0.057104
0 0.347269 0.392872 0.071945 0.071945
0 0.254906 0.156043 0.104277 0.104277
0 0.026129 0.514451 0.104277 0.104277
0 0.037235 0.768518 0.057104 0.057104
0 0.597349 0.226376 0.061130 0.061130
0 0.459714 0.069535 0.071945 0.071945
0 0.909255 0.933811 0.050559 0.050559
0 0.220237 0.757154 0.104277 0.104277
0 0.270380 0.601389 0.104277 0.104277
0 0.810897 0.669367 0.061131 0.061131
0 0.054003 0.256785 0.062220 0.062220
0 0.658004 0.710692 0.104277 0.104277
0 0.260886 0.377691 0.052757 0.052757
0 0.558141 0.323061 0.062220 0.062220
0 0.353896 0.300965 0.062220 0.062220
0 0.176053 0.676166 0.052757 0.052757
0 0.055282 0.590955 0.104277 0.104277
0 0.144942 0.748802 0.061130 0.061130
0 0.268285 0.691752 0.062220 0.062220
0 0.334795 0.726794 0.071945 0.071945
0 0.732909 0.539419 0.071945 0.071945
0 0.563902 0.650448 0.061130 0.061130
0 0.203664 0.210970 0.071945 0.071945
0 0.973110 0.605639 0.071945 0.071945
0 0.298749 0.215939 0.047555 0.047555
0 0.432849 0.240735 0.052757 0.052757
0 0.464417 0.837898 0.104277 0.104277
0 0.237968 0.833170 0.052757 0.052757
0 0.063266 0.339740 0.057103 0.057103
0 0.428569 0.458840 0.071945 0.071945
0 0.046977 0.662297 0.104277 0.104277
0 0.512799 0.248616 0.071945 0.071945