0 0.267887 0.944690 0.104277 0.104277
0 0.329713 0.853642 0.071945 0.071945
0 0.481526 0.839252 0.071945 0.071945
0 0.532432 0.388286 0.104277 0.104277
0 0.564912 0.729555 0.061131 0.061131
0 0.722534 0.352814 0.104277 0.104277
0 0.273596 0.716743 0.104277 0.104277
0 0.766723 0.549062 0.057104 0.057104
0 0.893176 0.754022 0.062221 0.062221
0 0.782082 0.717027 0.104277 0.104277
0 0.859108 0.510941 0.104277 0.104277
0 0.685564 0.262571 0.057104 0.057104
0 0.613724 0.114054 0.104277 0.104277
0 0.596027 0.465950 0.104277 0.104277
0 0.143659 0.889199 0.062220 0.062220
0 0.401668 0.652714 0.052757 0.052757
0 0.598918 0.304530 0.061131 0.061131
0 0.345606 0.763239 0.057104 0.057104
0 0.482134 0.228063 0.071945 0.071945
0 0.396688 0.971393 0.052757 0.052757
0 0.664745 0.707195 0.104277 0.104277
0 0.699143 0.128342 0.062220 0.062220
0 0.070730 0.800747 0.052757 0.052757
0 0.535022 0.523605 0.062220 0.062220
0 0.452895 0.907353 0.057104 0.057104
0 0.372848 0.590153 0.057104 0.057104
0 0.369695 0.429328 0.052757 0.052757
0 0.843444 0.860110 0.052757 0.052757
0 0.480849 0.567591 0.061130 0.061130
0 0.757300 0.249593 0.071945 0.071945
0 0.839097 0.020134 0.071945 0.071945
0 0.195718 0.416631 0.061131 0.061131
0 0.783357 0.820921 0.062221 0.062221
0 0.137930 0.736656 0.052757 0.052757
0 0.784987 0.626409 0.071945 0.071945
0 0.721902 0.856550 0.052757 0.052757
0 0.690712 0.440400 0.061130 0.061130
0 0.709008 0.924412 0.104277 0.104277
0 0.130844 0.337938 0.062220 0.062220
0 0.423778 0.524614 0.061131 0.061131
0 0.614646 0.948044 0.104277 0.104277
0 0.242993 0.818939 0.071945 0.071945
0 0.473005 0.458067 0.057104 0.057104
0 0.539919 0.051872 0.071945 0.071945
0 0.102728 0.021972 0.061131 0.061131
0 0.415381 0.051898 0.104277 0.104277
0 0.883410 0.379977 0.057104 0.057104
0 0.205117 0.979057 0.057104 0.057104
0 0.539297 0.183575 0.104277 0.104277
0 0.831385 0.127275 0.104278 0.104278
0 0.561573 0.889752 0.061130 0.061130
0 0.696499 0.515275 0.061130 0.061130
0 0.228223 0.167356 0.071945 0.071945
0 0.209591 0.618775 0.104277 0.104277
0 0.511669 0.984235 0.062220 0.062220
0 0.425101 0.755265 0.062220 0.062220
0 0.242031 0.301770 0.061131 0.061131
0 0.017641 0.350467 0.061130 0.061130
0 0.100127 0.248255 0.104277 0.104277
0 0.313008 0.132715 0.062220 0.062220
0 0.835742 0.433979 0.052757 0.052757
0 0.005052 0.085618 0.062220 0.062220
0 0.331570 0.372149 0.057104 0.057104
0 0.492173 0.673116 0.071945 0.071945
0 0.102052 0.656244 0.052757 0.052757
0 0.094819 0.426581 0.062220 0.062220
0 0.455056 0.330773 0.071945 0.071945
0 0.059584 0.490199 0.104278 0.104278
0 0.142501 0.157219 0.061131 0.061131
0 0.309727 0.554370 0.062220 0.062220
0 0.902999 0.905351 0.071945 0.071945
0 0.872828 0.209317 0.057104 0.057104
0 0.753768 0.179437 0.057104 0.057104
0 0.611138 0.203323 0.052757 0.052757
0 0.116602 0.556110 0.062220 0.062220
0 0.786165 0.955573 0.071945 0.071945
0 0.361188 0.305197 0.052757 0.052757
0 0.148522 0.488481 0.071945 0.071945
0 0.062102 0.725042 0.062220 0.062220
0 0.880546 0.604548 0.104277 0.104277
0 0.392153 0.148354 0.057104 0.057104
0 0.635133 0.636777 0.057104 0.057104
0 0.325956 0.222040 0.057104 0.057104
0 0.058084 0.966403 0.062220 0.062220
0 0.188723 0.545407 0.052757 0.052757
0 0.617876 0.776715 0.057104 0.057104
0 0.000194 0.216160 0.061130 0.061130
0 0.298147 0.039498 0.052757 0.052757
0 0.061661 0.876592 0.061131 0.061131
0 0.177175 0.258181 0.071945 0.071945
0 0.626538 0.563078 0.104277 0.104277
0 0.853530 0.312782 0.061130 0.061130
0 0.045640 0.154970 0.071945 0.071945
0 0.695871 0.590673 0.104277 0.104277
0 0.710051 0.786931 0.052757 0.052757
0 0.185704 0.029198 0.052757 0.052757
0 0.480139 0.146352 0.062220 0.062220
0 0.277532 0.431790 0.061131 0.061131