0 0.571120 0.507198 0.062220 0.062220
0 0.320112 0.810231 0.104277 0.104277
0 0.525194 0.566040 0.062220 0.062220
0 0.671768 0.543052 0.070161 0.070161
0 0.173854 0.213713 0.062220 0.062220
0 0.302488 0.534664 0.104278 0.104278
0 0.552975 0.970377 0.057104 0.057104
0 0.421881 0.206071 0.057104 0.057104
0 0.941682 0.634249 0.071945 0.071945
0 0.461169 0.514176 0.071945 0.071945
0 0.757475 0.572805 0.062220 0.062220
0 0.774603 0.875097 0.061131 0.061131
0 0.435589 0.282756 0.062220 0.062220
0 0.089051 0.975384 0.104277 0.104277
0 0.794046 0.636641 0.104277 0.104277
0 0.969241 0.289032 0.052757 0.052757
0 0.202584 0.572243 0.071945 0.071945
0 0.708505 0.482276 0.061130 0.061130
0 0.299687 0.906474 0.057104 0.057104
0 0.421390 0.365517 0.071945 0.071945
0 0.248257 0.855343 0.104277 0.104277
0 0.838015 0.771567 0.071945 0.071945
0 0.355694 0.304518 0.104277 0.104277
0 0.171935 0.380298 0.104277 0.104277
0 0.299156 0.416955 0.057104 0.057104
0 0.291239 0.280254 0.071945 0.071945
0 0.523904 0.886804 0.104277 0.104277
0 0.902231 0.368081 0.071945 0.071945
0 0.508102 0.236510 0.071945 0.071945
0 0.214618 0.724291 0.052757 0.052757
0 0.689066 0.705868 0.104277 0.104277
0 0.789930 0.450465 0.057104 0.057104
0 0.481679 0.707652 0.062220 0.062220
0 0.790686 0.253321 0.061131 0.061131
0 0.067429 0.649869 0.062220 0.062220
0 0.336004 0.970973 0.057104 0.057104
0 0.089530 0.289003 0.104277 0.104277
0 0.760402 0.352596 0.071945 0.071945
0 0.649857 0.412778 0.071945 0.071945
0 0.581296 0.687529 0.062220 0.062220
0 0.012887 0.765760 0.061130 0.061130
0 0.511499 0.347832 0.052757 0.052757
0 0.388821 0.610656 0.071945 0.071945
0 0.379487 0.846440 0.052757 0.052757
0 0.887521 0.270610 0.052757 0.052757
0 0.823350 0.516104 0.062220 0.062220
0 0.984883 0.985840 0.062220 0.062220
0 0.022646 0.426849 0.104277 0.104277
0 0.093750 0.376438 0.057104 0.057104
0 0.676927 0.938743 0.062220 0.062220
0 0.080298 0.734351 0.061130 0.061130
0 0.237507 0.982191 0.052757 0.052757
0 0.567096 0.402943 0.052757 0.052757
0 0.867914 0.700042 0.061131 0.061131
0 0.620779 0.231907 0.071945 0.071945
0 0.158412 0.673750 0.071945 0.071945
0 0.771758 0.737360 0.061131 0.061131
0 0.120326 0.453110 0.104277 0.104277
0 0.951764 0.208825 0.062220 0.062220
0 0.644713 0.313160 0.057104 0.057104
0 0.016839 0.524239 0.057104 0.057104
0 0.097399 0.846402 0.057104 0.057104
0 0.261223 0.355854 0.062220 0.062220
0 0.331251 0.186434 0.104277 0.104277
0 0.734742 0.815523 0.052757 0.052757
0 0.639709 0.615556 0.052757 0.052757
0 0.886855 0.549219 0.071945 0.071945
0 0.968029 0.411222 0.071945 0.071945
0 0.703483 0.199752 0.104277 0.104277
0 0.612793 0.840938 0.104277 0.104277
0 0.391311 0.920925 0.061130 0.061130
0 0.335162 0.740841 0.104277 0.104277
0 0.297863 0.611741 0.052757 0.052757
0 0.518362 0.645504 0.057104 0.057104
0 0.400747 0.769930 0.071945 0.071945
0 0.476891 0.410367 0.104277 0.104277
0 0.631310 0.996372 0.061130 0.061130
0 0.898435 0.472269 0.071945 0.071945
0 0.394884 0.532434 0.056505 0.056505
0 0.903680 0.823186 0.104277 0.104277
0 0.033903 0.894080 0.062220 0.062220
0 0.970022 0.892623 0.052757 0.052757
0 0.977177 0.758167 0.071945 0.071945
0 0.991150 0.568181 0.104277 0.104277
0 0.614976 0.753787 0.057104 0.057104
0 0.389181 0.463745 0.061130 0.061130
0 0.722082 0.413830 0.057103 0.057103
0 0.465698 0.795086 0.057104 0.057104
0 0.188735 0.487547 0.062220 0.062220
0 0.099286 0.193490 0.062220 0.062220
0 0.125998 0.607966 0.057104 0.057104
0 0.153177 0.903595 0.057104 0.057104
0 0.206011 0.274797 0.061130 0.061130
0 0.874799 0.200174 0.057104 0.057104
0 0.000666 0.282419 0.057104 0.057104
0 0.857579 0.882323 0.052757 0.052757