0 0.795035 0.942677 0.062220 0.062220
0 0.964870 0.104073 0.062220 0.062220
0 0.713862 0.407106 0.104277 0.104277
0 0.741920 0.817062 0.057103 0.057103
0 0.375520 0.790348 0.104277 0.104277
0 0.513266 0.862707 0.052757 0.052757
0 0.918944 0.162915 0.062220 0.062220
0 0.696238 0.131539 0.104278 0.104278
0 0.946725 0.567252 0.057104 0.057104
0 0.674040 0.639200 0.104277 0.104277
0 0.854919 0.111051 0.071945 0.071945
0 0.482801 0.572259 0.104277 0.104277
0 0.376378 0.186423 0.104277 0.104277
0 0.337384 0.081417 0.071945 0.071945
0 0.596334 0.169118 0.071945 0.071945
0 0.261645 0.018877 0.057104 0.057104
0 0.693437 0.503349 0.057104 0.057104
0 0.340636 0.594090 0.062220 0.062220
0 0.352301 0.484312 0.062220 0.062220
0 0.884490 0.722383 0.057104 0.057104
0 0.642007 0.452218 0.104277 0.104277
0 0.413946 0.630611 0.062220 0.062220
0 0.692906 0.013830 0.057104 0.057104
0 0.256847 0.625365 0.104278 0.104278
0 0.917654 0.483679 0.104277 0.104277
0 0.804513 0.764818 0.052757 0.052757
0 0.608368 0.321166 0.052757 0.052757
0 0.875429 0.304527 0.062220 0.062220
0 0.557688 0.788160 0.062220 0.062220
0 0.257035 0.736120 0.071945 0.071945
0 0.461179 0.246744 0.062220 0.062220
0 0.729754 0.567848 0.057104 0.057104
0 0.886908 0.816883 0.057104 0.057104
0 0.653053 0.982424 0.057104 0.057104
0 0.894769 0.984171 0.057104 0.057104
0 0.257099 0.387255 0.052757 0.052757
0 0.935298 0.646212 0.052757 0.052757
0 0.975046 0.284404 0.062220 0.062220
0 0.406637 0.362635 0.061130 0.061130
0 0.345953 0.928611 0.062220 0.062220
0 0.567892 0.991807 0.052757 0.052757
0 0.579504 0.923098 0.061130 0.061130
0 0.782571 0.207531 0.071945 0.071945
0 0.947957 0.917270 0.104277 0.104277
0 0.773237 0.443315 0.052757 0.052757
0 0.819179 0.654898 0.057104 0.057104
0 0.258005 0.281043 0.104277 0.104277
0 0.648458 0.837916 0.071945 0.071945
0 0.280670 0.125309 0.052757 0.052757
0 0.416396 0.023724 0.104277 0.104277
0 0.474048 0.331226 0.061130 0.061130
0 0.343222 0.310484 0.061130 0.061130
0 0.631257 0.579066 0.052757 0.052757
0 0.552162 0.270625 0.071945 0.071945
0 0.514076 0.049985 0.104277 0.104277
0 0.427619 0.700267 0.057104 0.057104
0 0.410589 0.121114 0.057104 0.057104
0 0.963621 0.790991 0.061130 0.061130
0 0.491149 0.443277 0.057104 0.057104
0 0.505655 0.951243 0.061130 0.061130
0 0.289604 0.454419 0.061130 0.061130
0 0.472267 0.788429 0.062220 0.062220
0 0.310252 0.220526 0.104278 0.104278
0 0.262757 0.932125 0.061130 0.061130
0 0.785061 0.517800 0.061130 0.061130
0 0.728912 0.337716 0.104277 0.104277
0 0.691613 0.208616 0.052757 0.052757
0 0.303973 0.860133 0.061130 0.061130
0 0.495672 0.710494 0.057104 0.057104
0 0.912112 0.242379 0.057104 0.057104
0 0.794497 0.366805 0.071945 0.071945
0 0.870641 0.007242 0.104277 0.104277
0 0.354040 0.717843 0.052757 0.052757
0 0.329755 0.008269 0.071945 0.071945
0 0.861370 0.901593 0.057104 0.057104
0 0.788634 0.129309 0.056505 0.056505
0 0.736128 0.891942 0.104277 0.104277
0 0.427653 0.490955 0.062220 0.062220
0 0.782931 0.060620 0.061130 0.061130
0 0.760255 0.697019 0.062220 0.062220
0 0.389587 0.865815 0.071945 0.071945
0 0.859448 0.391961 0.057104 0.057104
0 0.582485 0.084422 0.062220 0.062220
0 0.541525 0.620175 0.104277 0.104277
0 0.519748 0.204841 0.057104 0.057104
0 0.660066 0.755874 0.052757 0.052757
0 0.546927 0.500470 0.057104 0.057104
0 0.607317 0.681331 0.062220 0.062220
0 0.294058 0.539218 0.061130 0.061130
0 0.426459 0.988940 0.062220 0.062220