0 0.920364 0.821019 0.062220 0.062220
0 0.898099 0.935929 0.104277 0.104277
0 0.183620 0.475948 0.062220 0.062220
0 0.732618 0.254087 0.052757 0.052757
0 0.825831 0.201161 0.052757 0.052757
0 0.893101 0.750312 0.052757 0.052757
0 0.983518 0.950217 0.062220 0.062220
0 0.137694 0.534790 0.062220 0.062220
0 0.284268 0.511802 0.070161 0.070161
0 0.985260 0.770622 0.071945 0.071945
0 0.637642 0.170395 0.062220 0.062220
0 0.165475 0.939127 0.057104 0.057104
0 0.034381 0.174821 0.057104 0.057104
0 0.554182 0.602999 0.071945 0.071945
0 0.835581 0.510375 0.061130 0.061130
0 0.651841 0.290377 0.062220 0.062220
0 0.073669 0.482926 0.071945 0.071945
0 0.369975 0.541555 0.062220 0.062220
0 0.824294 0.873747 0.071945 0.071945
0 0.387103 0.843847 0.061131 0.061131
0 0.674743 0.754898 0.061130 0.061130
0 0.048089 0.251506 0.062220 0.062220
0 0.699756 0.873773 0.104277 0.104277
0 0.406546 0.605391 0.104277 0.104277
0 0.581741 0.257782 0.052757 0.052757
0 0.321005 0.451026 0.061130 0.061130
0 0.033890 0.334267 0.071945 0.071945
0 0.450515 0.740317 0.071945 0.071945
0 0.708126 0.427219 0.061130 0.061130
0 0.136404 0.855554 0.104277 0.104277
0 0.804680 0.406320 0.057104 0.057104
0 0.514731 0.336831 0.071945 0.071945
0 0.120602 0.205260 0.071945 0.071945
0 0.301566 0.674618 0.104277 0.104277
0 0.402430 0.419215 0.057104 0.057104
0 0.094179 0.676402 0.062220 0.062220
0 0.403186 0.222071 0.061131 0.061131
0 0.512598 0.989231 0.071945 0.071945
0 0.712625 0.177699 0.057104 0.057104
0 0.867792 0.354272 0.062220 0.062220
0 0.372902 0.321346 0.071945 0.071945
0 0.262357 0.381528 0.071945 0.071945
0 0.193796 0.656279 0.062220 0.062220
0 0.123999 0.316582 0.052757 0.052757
0 0.001321 0.579406 0.071945 0.071945
0 0.920265 0.611592 0.062220 0.062220
0 0.500021 0.239360 0.052757 0.052757
0 0.883840 0.673159 0.062220 0.062220
0 0.435850 0.484854 0.062220 0.062220
0 0.597383 0.954590 0.062220 0.062220
0 0.981036 0.204375 0.071945 0.071945
0 0.289427 0.907493 0.062220 0.062220
0 0.705535 0.344507 0.061131 0.061131
0 0.179596 0.371693 0.052757 0.052757
0 0.480414 0.668792 0.061131 0.061131
0 0.233279 0.200657 0.071945 0.071945
0 0.384258 0.706110 0.061131 0.061131
0 0.652799 0.480314 0.071945 0.071945
0 0.564264 0.177575 0.062220 0.062220
0 0.257213 0.281910 0.057104 0.057104
0 0.347242 0.784273 0.052757 0.052757
0 0.426876 0.979094 0.061131 0.061131
0 0.845992 0.600306 0.052757 0.052757
0 0.644430 0.676636 0.057104 0.057104
0 0.252209 0.584306 0.052757 0.052757
0 0.945533 0.343699 0.052757 0.052757
0 0.499355 0.517969 0.071945 0.071945
0 0.762341 0.493844 0.052757 0.052757
0 0.580529 0.379972 0.071945 0.071945
0 0.315983 0.168502 0.104277 0.104277
0 0.225293 0.809688 0.104277 0.104277
0 0.003811 0.889675 0.061130 0.061130
0 0.782274 0.691212 0.071945 0.071945
0 0.130862 0.614254 0.057104 0.057104
0 0.684236 0.605783 0.062220 0.062220
0 0.013247 0.738680 0.071945 0.071945
0 0.089391 0.379117 0.104277 0.104277
0 0.882952 0.245958 0.071945 0.071945
0 0.676528 0.970229 0.057104 0.057104
0 0.243810 0.965122 0.061130 0.061130
0 0.510935 0.441019 0.071945 0.071945
0 0.007384 0.501184 0.056505 0.056505
0 0.516180 0.791936 0.104277 0.104277
0 0.582522 0.861373 0.052757 0.052757
0 0.751192 0.629375 0.104277 0.104277
0 0.589677 0.726917 0.071945 0.071945
0 0.603650 0.536931 0.104277 0.104277
0 0.227476 0.722537 0.057104 0.057104
0 0.001681 0.432495 0.061130 0.061130
0 0.330015 0.976845 0.071945 0.071945
0 0.334582 0.382580 0.057103 0.057103
0 0.962617 0.481020 0.071945 0.071945
0 0.078198 0.763836 0.057104 0.057104
0 0.806433 0.790117 0.104277 0.104277
0 0.487299 0.168924 0.057104 0.057104
0 0.863210 0.444810 0.052757 0.052757
0 0.470079 0.851073 0.052757 0.052757
0 0.764514 0.968227 0.062220 0.062220
0 0.815906 0.294152 0.061131 0.061131
0 0.885623 0.167567 0.062220 0.062220