0 0.321120 0.579073 0.062220 0.062220
0 0.070112 0.882106 0.104277 0.104277
0 0.870118 0.357212 0.052757 0.052757
0 0.963331 0.304286 0.052757 0.052757
0 0.275194 0.637915 0.062220 0.062220
0 0.421768 0.614927 0.070161 0.070161
0 0.052488 0.606539 0.104278 0.104278
0 0.775142 0.273520 0.062220 0.062220
0 0.171881 0.277946 0.057104 0.057104
0 0.691682 0.706124 0.071945 0.071945
0 0.973081 0.613500 0.061130 0.061130
0 0.789341 0.393502 0.062220 0.062220
0 0.211169 0.586051 0.071945 0.071945
0 0.507475 0.644680 0.062220 0.062220
0 0.961794 0.976872 0.071945 0.071945
0 0.524603 0.946972 0.061131 0.061131
0 0.812243 0.858023 0.061130 0.061130
0 0.185589 0.354631 0.062220 0.062220
0 0.837256 0.976898 0.104277 0.104277
0 0.544046 0.708516 0.104277 0.104277
0 0.719241 0.360907 0.052757 0.052757
0 0.458505 0.554151 0.061130 0.061130
0 0.049687 0.978349 0.057104 0.057104
0 0.171390 0.437392 0.071945 0.071945
0 0.588015 0.843442 0.071945 0.071945
0 0.105694 0.376393 0.104277 0.104277
0 0.049156 0.488830 0.057104 0.057104
0 0.041239 0.352129 0.071945 0.071945
0 0.845626 0.530344 0.061130 0.061130
0 0.273904 0.958679 0.104277 0.104277
0 0.942180 0.509445 0.057104 0.057104
0 0.652231 0.439956 0.071945 0.071945
0 0.258102 0.308385 0.071945 0.071945
0 0.439066 0.777743 0.104277 0.104277
0 0.539930 0.522340 0.057104 0.057104
0 0.231679 0.779527 0.062220 0.062220
0 0.540686 0.325196 0.061131 0.061131
0 0.850125 0.280824 0.057104 0.057104
0 0.510402 0.424471 0.071945 0.071945
0 0.399857 0.484653 0.071945 0.071945
0 0.331296 0.759404 0.062220 0.062220
0 0.261499 0.419707 0.052757 0.052757
0 0.138821 0.682531 0.071945 0.071945
0 0.129487 0.918315 0.052757 0.052757
0 0.637521 0.342485 0.052757 0.052757
0 0.573350 0.587979 0.062220 0.062220
0 0.843035 0.447632 0.061131 0.061131
0 0.317096 0.474818 0.052757 0.052757
0 0.617914 0.771917 0.061131 0.061131
0 0.370779 0.303782 0.071945 0.071945
0 0.521758 0.809235 0.061131 0.061131
0 0.790299 0.583439 0.071945 0.071945
0 0.701764 0.280700 0.062220 0.062220
0 0.394713 0.385035 0.057104 0.057104
0 0.011223 0.427729 0.062220 0.062220
0 0.081251 0.258309 0.104277 0.104277
0 0.484742 0.887398 0.052757 0.052757
0 0.983492 0.703431 0.052757 0.052757
0 0.781930 0.779761 0.057104 0.057104
0 0.389709 0.687431 0.052757 0.052757
0 0.636855 0.621094 0.071945 0.071945
0 0.899841 0.596969 0.052757 0.052757
0 0.718029 0.483097 0.071945 0.071945
0 0.453483 0.271627 0.104277 0.104277
0 0.362793 0.912813 0.104277 0.104277
0 0.141311 0.992800 0.061130 0.061130
0 0.085162 0.812716 0.104277 0.104277
0 0.047863 0.683616 0.052757 0.052757
0 0.919774 0.794337 0.071945 0.071945
0 0.268362 0.717379 0.057104 0.057104
0 0.821736 0.708908 0.062220 0.062220
0 0.150747 0.841805 0.071945 0.071945
0 0.226891 0.482242 0.104277 0.104277
0 0.648435 0.544144 0.071945 0.071945
0 0.144884 0.604309 0.056505 0.056505
0 0.653680 0.895061 0.104277 0.104277
0 0.720022 0.964498 0.052757 0.052757
0 0.888692 0.732500 0.104277 0.104277
0 0.727177 0.830042 0.071945 0.071945
0 0.741150 0.640056 0.104277 0.104277
0 0.364976 0.825662 0.057104 0.057104
0 0.139181 0.535620 0.061130 0.061130
0 0.472082 0.485705 0.057103 0.057103
0 0.215698 0.866961 0.057104 0.057104
0 0.943933 0.893242 0.104277 0.104277
0 0.624799 0.272049 0.057104 0.057104
0 0.607579 0.954198 0.052757 0.052757
0 0.953406 0.397277 0.061131 0.061131