0 0.565842 0.796352 0.104277 0.104277
0 0.522294 0.584361 0.061130 0.061130
0 0.925239 0.546070 0.052757 0.052757
0 0.455387 0.444690 0.104277 0.104277
0 0.517213 0.353642 0.071945 0.071945
0 0.716132 0.794028 0.062220 0.062220
0 0.669026 0.339252 0.071945 0.071945
0 0.747779 0.546110 0.104277 0.104277
0 0.423065 0.546259 0.052757 0.052757
0 0.825643 0.592635 0.071945 0.071945
0 0.752412 0.229555 0.061131 0.061131
0 0.461096 0.216743 0.104277 0.104277
0 0.954223 0.049062 0.057104 0.057104
0 0.969582 0.217027 0.104277 0.104277
0 0.559966 0.711167 0.057104 0.057104
0 0.331159 0.389199 0.062220 0.062220
0 0.595828 0.897803 0.051819 0.051819
0 0.589168 0.152714 0.052757 0.052757
0 0.241994 0.574358 0.104277 0.104277
0 0.499972 0.510898 0.061131 0.061131
0 0.775976 0.841516 0.052757 0.052757
0 0.533106 0.263239 0.057104 0.057104
0 0.032848 0.114353 0.071945 0.071945
0 0.837252 0.790031 0.057103 0.057103
0 0.584188 0.471393 0.052757 0.052757
0 0.080096 0.176792 0.061130 0.061130
0 0.852245 0.207195 0.104277 0.104277
0 0.258230 0.300747 0.052757 0.052757
0 0.722522 0.023605 0.062220 0.062220
0 0.640395 0.407353 0.057104 0.057104
0 0.560348 0.090153 0.057104 0.057104
0 0.752868 0.629364 0.036679 0.036679
0 0.188148 0.915318 0.052757 0.052757
0 0.668349 0.067591 0.061130 0.061130
0 0.871906 0.907371 0.104277 0.104277
0 0.011615 0.389832 0.057104 0.057104
0 0.970857 0.320921 0.062221 0.062221
0 0.586630 0.559975 0.057104 0.057104
0 0.671669 0.968147 0.104277 0.104277
0 0.325430 0.236656 0.052757 0.052757
0 0.666806 0.894854 0.071945 0.071945
0 0.098546 0.386089 0.057104 0.057104
0 0.972487 0.126409 0.071945 0.071945
0 0.909402 0.356550 0.052757 0.052757
0 0.896508 0.424412 0.104277 0.104277
0 0.321398 0.512608 0.071945 0.071945
0 0.611278 0.024614 0.061131 0.061131
0 0.373277 0.907563 0.052757 0.052757
0 0.802146 0.448044 0.104277 0.104277
0 0.430493 0.318939 0.071945 0.071945
0 0.969237 0.922239 0.061131 0.061131
0 0.893051 0.615519 0.062220 0.062220
0 0.755676 0.988688 0.057103 0.057103
0 0.339350 0.828194 0.071945 0.071945
0 0.004380 0.932633 0.071945 0.071945
0 0.801160 0.923390 0.061131 0.061131
0 0.392617 0.479057 0.057104 0.057104
0 0.124954 0.054485 0.061130 0.061130
0 0.013128 0.655819 0.071945 0.071945
0 0.749073 0.389752 0.061130 0.061130
0 0.107723 0.868447 0.062220 0.062220
0 0.223384 0.697447 0.061130 0.061130
0 0.883999 0.015275 0.061130 0.061130
0 0.827833 0.520367 0.061130 0.061130
0 0.450701 0.941570 0.052757 0.052757
0 0.397091 0.118775 0.104277 0.104277
0 0.158696 0.599708 0.061130 0.061130
0 0.129770 0.527973 0.061130 0.061130
0 0.699169 0.484235 0.062220 0.062220
0 0.016644 0.034171 0.057104 0.057104
0 0.308450 0.654243 0.104277 0.104277
0 0.471855 0.752116 0.071945 0.071945
0 0.169253 0.265911 0.052757 0.052757
0 0.612601 0.255265 0.062220 0.062220
0 0.162150 0.805834 0.061130 0.061130
0 0.976298 0.631443 0.104277 0.104277
0 0.262243 0.898370 0.057104 0.057104
0 0.154392 0.722152 0.104277 0.104277
0 0.361844 0.975986 0.062220 0.062220
0 0.359011 0.702780 0.104277 0.104277
0 0.337916 0.590090 0.052757 0.052757
0 0.644832 0.629778 0.062220 0.062220
0 0.050275 0.463577 0.071945 0.071945
0 0.065249 0.964447 0.071945 0.071945
0 0.679673 0.173116 0.071945 0.071945
0 0.289552 0.156244 0.052757 0.052757
0 0.787043 0.712474 0.104277 0.104277
0 0.462980 0.836032 0.057104 0.057104
0 0.082923 0.693725 0.052757 0.052757
0 0.850232 0.979113 0.071945 0.071945
0 0.700495 0.677696 0.071945 0.071945
0 0.059820 0.600785 0.061130 0.061130
0 0.418849 0.658840 0.052757 0.052757
0 0.273155 0.810287 0.057104 0.057104
0 0.497227 0.054370 0.062220 0.062220
0 0.082468 0.245946 0.057104 0.057104
0 0.304102 0.056110 0.062220 0.062220
0 0.182659 0.170686 0.057104 0.057104
0 0.056724 0.760751 0.061130 0.061130
0 0.841390 0.667843 0.061131 0.061131
0 0.973665 0.455573 0.071945 0.071945
0 0.046576 0.320411 0.048997 0.048997
0 0.249602 0.225042 0.062220 0.062220
0 0.822633 0.136777 0.057104 0.057104
0 0.245584 0.466403 0.062220 0.062220
0 0.574565 0.986822 0.052757 0.052757
0 0.376223 0.045407 0.052757 0.052757
0 0.017516 0.857436 0.062220 0.062220
0 0.805376 0.276715 0.057104 0.057104
0 0.249161 0.376592 0.061131 0.061131
0 0.814038 0.063078 0.104277 0.104277
0 0.934058 0.704840 0.071945 0.071945
0 0.883371 0.090673 0.104277 0.104277
0 0.897551 0.286931 0.052757 0.052757
0 0.176669 0.473397 0.071945 0.071945
0 0.637451 0.757595 0.057104 0.057104
0 0.907202 0.840326 0.061131 0.061131