0 0.340842 0.102602 0.104277 0.104277
0 0.013302 0.310130 0.104278 0.104278
0 0.267345 0.901907 0.071945 0.071945
0 0.491132 0.100278 0.062220 0.062220
0 0.542466 0.869886 0.071945 0.071945
0 0.822844 0.610207 0.071945 0.071945
0 0.068958 0.747252 0.104277 0.104277
0 0.574594 0.985256 0.052757 0.052757
0 0.131446 0.471478 0.052757 0.052757
0 0.311743 0.658224 0.061130 0.061130
0 0.718021 0.783201 0.104277 0.104277
0 0.854390 0.090753 0.047276 0.047276
0 0.744744 0.397354 0.062220 0.062220
0 0.030740 0.420935 0.052757 0.052757
0 0.484687 0.620100 0.071945 0.071945
0 0.051811 0.592162 0.052757 0.052757
0 0.165494 0.921362 0.062220 0.062220
0 0.334966 0.017417 0.057104 0.057104
0 0.128118 0.667297 0.071945 0.071945
0 0.370828 0.204053 0.051819 0.051819
0 0.685017 0.946320 0.104277 0.104277
0 0.550976 0.147766 0.052757 0.052757
0 0.263534 0.492854 0.104277 0.104277
0 0.563395 0.738958 0.104277 0.104277
0 0.681174 0.550151 0.071945 0.071945
0 0.612252 0.096281 0.057103 0.057103
0 0.685921 0.481705 0.062220 0.062220
0 0.623877 0.677456 0.057104 0.057104
0 0.666844 0.851131 0.062220 0.062220
0 0.419586 0.978318 0.052757 0.052757
0 0.566594 0.609240 0.062220 0.062220
0 0.646906 0.213621 0.104277 0.104277
0 0.446669 0.274397 0.104277 0.104277
0 0.752243 0.581933 0.061130 0.061130
0 0.441806 0.201104 0.071945 0.071945
0 0.838398 0.196678 0.071945 0.071945
0 0.205991 0.743586 0.052757 0.052757
0 0.148277 0.213813 0.052757 0.052757
0 0.744237 0.228489 0.061131 0.061131
0 0.016015 0.666341 0.104277 0.104277
0 0.168649 0.609591 0.052757 0.052757
0 0.363124 0.361026 0.054783 0.054783
0 0.499967 0.806162 0.062220 0.062220
0 0.343654 0.881712 0.061131 0.061131
0 0.530676 0.294938 0.057103 0.057103
0 0.302047 0.810163 0.071945 0.071945
0 0.331226 0.473192 0.071945 0.071945
0 0.090248 0.928712 0.062220 0.062220
0 0.331486 0.544016 0.061130 0.061130
0 0.114350 0.134444 0.071945 0.071945
0 0.624982 0.361759 0.061131 0.061131
0 0.211506 0.369694 0.057104 0.057104
0 0.576160 0.229640 0.061131 0.061131
0 0.786489 0.839107 0.045227 0.045227
0 0.420877 0.887434 0.052757 0.052757
0 0.841731 0.322182 0.071945 0.071945
0 0.847113 0.460707 0.104278 0.104278
0 0.776714 0.082620 0.062220 0.062220
0 0.130423 0.846972 0.061130 0.061130
0 0.225701 0.247820 0.052757 0.052757
0 0.842154 0.742902 0.061130 0.061130
0 0.246855 0.058366 0.071945 0.071945
0 0.778318 0.295285 0.104278 0.104278
0 0.455639 0.461684 0.052757 0.052757
0 0.037243 0.204620 0.057104 0.057104
0 0.136844 0.282236 0.062220 0.062220
0 0.701671 0.334864 0.062220 0.062220
0 0.134011 0.009030 0.104277 0.104277
0 0.143316 0.540901 0.104277 0.104277
0 0.498503 0.701195 0.052757 0.052757
0 0.410550 0.753059 0.052757 0.052757
0 0.230087 0.819446 0.057104 0.057104
0 0.083147 0.338325 0.104277 0.104277
0 0.562043 0.018724 0.104277 0.104277
0 0.237980 0.142282 0.057104 0.057104
0 0.700560 0.686599 0.061131 0.061131
0 0.606197 0.550862 0.057104 0.057104
0 0.625232 0.285363 0.071945 0.071945
0 0.048155 0.116537 0.057104 0.057104
0 0.439484 0.347775 0.104277 0.104277
0 0.497572 0.979495 0.055027 0.055027
0 0.629764 0.780317 0.061131 0.061131
0 0.143630 0.774436 0.050559 0.050559
0 0.272769 0.717215 0.061130 0.061130
0 0.402040 0.537587 0.071945 0.071945
0 0.504027 0.391973 0.057104 0.057104
0 0.544073 0.449111 0.104277 0.104277
0 0.045272 0.509992 0.061131 0.061131
0 0.400840 0.632140 0.071945 0.071945
0 0.349565 0.293072 0.052757 0.052757
0 0.277002 0.327299 0.104277 0.104277
0 0.787683 0.700093 0.052757 0.052757
0 0.709058 0.011090 0.071945 0.071945
0 0.207485 0.446264 0.071945 0.071945
0 0.513749 0.540715 0.104277 0.104277
0 0.238192 0.584204 0.104277 0.104277
0 0.002685 0.904118 0.052757 0.052757
0 0.789958 0.506260 0.061131 0.061131
0 0.412451 0.063845 0.057104 0.057104
0 0.776290 0.956264 0.088662 0.088662
0 0.682202 0.146576 0.061131 0.061131