0 0.470035 0.805177 0.062220 0.062220
0 0.388862 0.269606 0.104277 0.104277
0 0.416920 0.679562 0.057103 0.057103
0 0.585973 0.926853 0.071945 0.071945
0 0.050520 0.652848 0.104277 0.104277
0 0.633221 0.989292 0.061130 0.061130
0 0.188266 0.725207 0.052757 0.052757
0 0.593944 0.025415 0.062220 0.062220
0 0.936343 0.729131 0.061131 0.061131
0 0.740518 0.002427 0.070161 0.070161
0 0.621725 0.429752 0.057104 0.057104
0 0.871469 0.650438 0.062220 0.062220
0 0.349040 0.501700 0.104277 0.104277
0 0.333082 0.943887 0.071945 0.071945
0 0.262837 0.936802 0.057104 0.057104
0 0.826225 0.032180 0.062220 0.062220
0 0.843353 0.334472 0.061131 0.061131
0 0.157801 0.434759 0.104277 0.104277
0 0.051378 0.048923 0.104277 0.104277
0 0.862796 0.096016 0.104277 0.104277
0 0.271334 0.031618 0.071945 0.071945
0 0.368437 0.365849 0.057104 0.057104
0 0.015636 0.456590 0.062220 0.062220
0 0.027301 0.346812 0.062220 0.062220
0 0.559490 0.584883 0.057104 0.057104
0 0.317007 0.314718 0.104277 0.104277
0 0.906765 0.230942 0.071945 0.071945
0 0.088946 0.493111 0.062220 0.062220
0 0.678079 0.866985 0.061130 0.061130
0 0.592654 0.346179 0.104277 0.104277
0 0.479513 0.627318 0.052757 0.052757
0 0.283368 0.183666 0.052757 0.052757
0 0.757816 0.165243 0.104277 0.104277
0 0.550429 0.167027 0.062220 0.062220
0 0.232688 0.650660 0.062220 0.062220
0 0.968848 0.479856 0.071945 0.071945
0 0.950216 0.931275 0.104277 0.104277
0 0.136179 0.109244 0.062220 0.062220
0 0.404754 0.430348 0.057104 0.057104
0 0.561908 0.679383 0.057104 0.057104
0 0.328053 0.844924 0.057104 0.057104
0 0.569769 0.846671 0.057104 0.057104
0 0.610298 0.508712 0.052757 0.052757
0 0.681489 0.577793 0.104277 0.104277
0 0.650046 0.146904 0.062220 0.062220
0 0.438335 0.961008 0.104277 0.104277
0 0.081637 0.225135 0.061130 0.061130
0 0.020953 0.791111 0.062220 0.062220
0 0.242892 0.854307 0.052757 0.052757
0 0.982656 0.614270 0.061131 0.061131
0 0.437593 0.866277 0.052757 0.052757
0 0.254504 0.785598 0.061130 0.061130
0 0.457571 0.070031 0.071945 0.071945
0 0.622957 0.779770 0.104277 0.104277
0 0.758266 0.662967 0.061130 0.061130
0 0.448237 0.305815 0.052757 0.052757
0 0.494179 0.517398 0.057104 0.057104
0 0.323458 0.700416 0.071945 0.071945
0 0.840752 0.560755 0.104277 0.104277
0 0.745677 0.398118 0.062220 0.062220
0 0.149048 0.193726 0.061130 0.061130
0 0.018222 0.172984 0.061130 0.061130
0 0.306257 0.441566 0.052757 0.052757
0 0.936664 0.159417 0.061131 0.061131
0 0.842677 0.968744 0.052757 0.052757
0 0.835444 0.739081 0.062220 0.062220
0 0.227162 0.133125 0.071945 0.071945
0 0.840508 0.196735 0.061131 0.061131
0 0.102619 0.562767 0.057104 0.057104
0 0.638621 0.653491 0.061130 0.061130
0 0.166149 0.305777 0.057104 0.057104
0 0.800209 0.802699 0.104278 0.104278
0 0.803492 0.274898 0.052757 0.052757
0 0.883126 0.469719 0.061131 0.061131
0 0.180655 0.813743 0.061130 0.061130
0 0.708459 0.074931 0.052757 0.052757
0 0.147267 0.650929 0.062220 0.062220
0 0.127281 0.991713 0.104277 0.104277
0 0.955605 0.008594 0.071945 0.071945
0 0.857227 0.868610 0.062220 0.062220
0 0.735784 0.983186 0.057104 0.057104
0 0.681543 0.300313 0.104277 0.104277
0 0.460061 0.380300 0.061130 0.061130
0 0.403912 0.200216 0.104277 0.104277
0 0.366613 0.071116 0.052757 0.052757
0 0.889147 0.800981 0.071945 0.071945
0 0.170672 0.572994 0.057104 0.057104
0 0.587112 0.104879 0.057104 0.057104
0 0.026205 0.938305 0.104277 0.104277
0 0.469497 0.229305 0.071945 0.071945
0 0.029040 0.580343 0.052757 0.052757
0 0.700060 0.455747 0.061130 0.061130
0 0.536370 0.764093 0.057104 0.057104
0 0.734786 0.760779 0.104277 0.104277
0 0.411128 0.754442 0.104277 0.104277
0 0.972430 0.282561 0.104277 0.104277
0 0.929348 0.857907 0.052757 0.052757
0 0.740819 0.528660 0.061130 0.061130
0 0.102653 0.353455 0.062220 0.062220
0 0.917800 0.570681 0.071945 0.071945
0 0.683726 0.213162 0.057104 0.057104
0 0.435255 0.559519 0.062220 0.062220
0 0.786265 0.467470 0.071945 0.071945
0 0.064587 0.728315 0.071945 0.071945
0 0.534448 0.254461 0.057104 0.057104
0 0.133437 0.915250 0.061130 0.061130
0 0.216525 0.482675 0.104277 0.104277
0 0.194748 0.067341 0.057104 0.057104
0 0.335066 0.618374 0.052757 0.052757
0 0.221927 0.362970 0.057104 0.057104
0 0.517502 0.951155 0.057104 0.057104
0 0.282317 0.543831 0.062220 0.062220
0 0.926329 0.341698 0.052757 0.052757
0 0.101459 0.851440 0.062220 0.062220