0 0.500217 0.165102 0.104277 0.104277
0 0.172677 0.372630 0.104278 0.104278
0 0.426720 0.964407 0.071945 0.071945
0 0.650507 0.162778 0.062220 0.062220
0 0.701841 0.932386 0.071945 0.071945
0 0.982219 0.672707 0.071945 0.071945
0 0.228333 0.809752 0.104277 0.104277
0 0.290821 0.533978 0.052757 0.052757
0 0.471118 0.720724 0.061130 0.061130
0 0.877396 0.845701 0.104277 0.104277
0 0.904119 0.459854 0.062220 0.062220
0 0.190115 0.483435 0.052757 0.052757
0 0.644062 0.682600 0.071945 0.071945
0 0.211186 0.654662 0.052757 0.052757
0 0.324869 0.983862 0.062220 0.062220
0 0.494341 0.079917 0.057104 0.057104
0 0.287493 0.729797 0.071945 0.071945
0 0.037094 0.735323 0.104277 0.104277
0 0.530203 0.266553 0.051819 0.051819
0 0.710351 0.210266 0.052757 0.052757
0 0.422909 0.555354 0.104277 0.104277
0 0.722770 0.801458 0.104277 0.104277
0 0.840549 0.612651 0.071945 0.071945
0 0.771627 0.158781 0.057103 0.057103
0 0.845296 0.544205 0.062220 0.062220
0 0.088202 0.881378 0.104277 0.104277
0 0.783252 0.739956 0.057104 0.057104
0 0.826219 0.913631 0.062220 0.062220
0 0.725969 0.671740 0.062220 0.062220
0 0.122523 0.284068 0.052757 0.052757
0 0.806281 0.276121 0.104277 0.104277
0 0.606044 0.336897 0.104277 0.104277
0 0.911618 0.644433 0.061130 0.061130
0 0.601181 0.263604 0.071945 0.071945
0 0.997773 0.259178 0.071945 0.071945
0 0.365366 0.806086 0.052757 0.052757
0 0.307652 0.276313 0.052757 0.052757
0 0.903612 0.290989 0.061131 0.061131
0 0.175390 0.728841 0.104277 0.104277
0 0.122687 0.590487 0.057104 0.057104
0 0.328024 0.672091 0.052757 0.052757
0 0.522499 0.423526 0.054783 0.054783
0 0.659342 0.868662 0.062220 0.062220
0 0.503029 0.944212 0.061131 0.061131
0 0.690051 0.357438 0.057103 0.057103
0 0.025855 0.814473 0.061130 0.061130
0 0.461422 0.872663 0.071945 0.071945
0 0.490601 0.535692 0.071945 0.071945
0 0.249623 0.991212 0.062220 0.062220
0 0.490861 0.606516 0.061130 0.061130
0 0.273725 0.196944 0.071945 0.071945
0 0.047402 0.402541 0.061130 0.061130
0 0.105404 0.517079 0.052757 0.052757
0 0.784357 0.424259 0.061131 0.061131
0 0.370881 0.432194 0.057104 0.057104
0 0.735535 0.292140 0.061131 0.061131
0 0.145951 0.842833 0.071945 0.071945
0 0.945864 0.901607 0.045227 0.045227
0 0.580252 0.949934 0.052757 0.052757
0 0.042098 0.237197 0.062220 0.062220
0 0.157759 0.066197 0.061130 0.061130
0 0.936089 0.145120 0.062220 0.062220
0 0.289798 0.909472 0.061130 0.061130
0 0.385076 0.310320 0.052757 0.052757
0 0.097871 0.668262 0.057104 0.057104
0 0.077681 0.952637 0.071945 0.071945
0 0.242825 0.022993 0.104277 0.104277
0 0.406230 0.120866 0.071945 0.071945
0 0.937693 0.357785 0.104278 0.104278
0 0.615014 0.524184 0.052757 0.052757
0 0.096525 0.174584 0.061130 0.061130
0 0.910673 0.000193 0.104277 0.104277
0 0.196618 0.267120 0.057104 0.057104
0 0.088767 0.090902 0.104277 0.104277
0 0.296219 0.344736 0.062220 0.062220
0 0.861046 0.397364 0.062220 0.062220
0 0.293386 0.071530 0.104277 0.104277
0 0.302691 0.603401 0.104277 0.104277
0 0.657878 0.763695 0.052757 0.052757
0 0.038978 0.479176 0.104277 0.104277
0 0.569925 0.815559 0.052757 0.052757
0 0.389462 0.881946 0.057104 0.057104
0 0.242522 0.400825 0.104277 0.104277
0 0.721418 0.081224 0.104277 0.104277
0 0.397355 0.204782 0.057104 0.057104
0 0.859935 0.749099 0.061131 0.061131
0 0.765572 0.613362 0.057104 0.057104
0 0.017298 0.062475 0.052757 0.052757
0 0.784607 0.347863 0.071945 0.071945
0 0.634870 0.046446 0.071945 0.071945
0 0.353224 0.027590 0.052757 0.052757
0 0.207530 0.179037 0.057104 0.057104
0 0.598859 0.410275 0.104277 0.104277
0 0.789139 0.842817 0.061131 0.061131
0 0.303005 0.836936 0.050559 0.050559
0 0.775765 0.036593 0.061131 0.061131
0 0.432144 0.779715 0.061130 0.061130
0 0.561415 0.600087 0.071945 0.071945
0 0.663402 0.454473 0.057104 0.057104
0 0.703448 0.511611 0.104277 0.104277
0 0.204647 0.572492 0.061131 0.061131
0 0.051754 0.613817 0.104277 0.104277
0 0.560215 0.694640 0.071945 0.071945
0 0.508940 0.355572 0.052757 0.052757
0 0.436377 0.389799 0.104277 0.104277
0 0.947058 0.762593 0.052757 0.052757
0 0.126659 0.442544 0.071945 0.071945
0 0.868433 0.073590 0.071945 0.071945
0 0.366860 0.508764 0.071945 0.071945
0 0.673124 0.603215 0.104277 0.104277
0 0.397567 0.646704 0.104277 0.104277
0 0.162060 0.966618 0.052757 0.052757
0 0.949333 0.568760 0.061131 0.061131
0 0.571826 0.126345 0.057104 0.057104
0 0.841577 0.209076 0.061131 0.061131