0 0.691044 0.899986 0.061130 0.061130
0 0.624137 0.760315 0.104277 0.104277
0 0.685963 0.669267 0.071945 0.071945
0 0.837776 0.654877 0.071945 0.071945
0 0.916529 0.861735 0.104277 0.104277
0 0.591815 0.861884 0.052757 0.052757
0 0.994393 0.908260 0.071945 0.071945
0 0.888682 0.203911 0.104277 0.104277
0 0.921162 0.545180 0.061131 0.061131
0 0.629846 0.532368 0.104277 0.104277
0 0.136011 0.814981 0.052757 0.052757
0 0.085660 0.308302 0.062220 0.062220
0 0.952277 0.281575 0.104277 0.104277
0 0.499909 0.704824 0.062220 0.062220
0 0.757918 0.468339 0.052757 0.052757
0 0.410744 0.889983 0.104277 0.104277
0 0.955168 0.120155 0.061131 0.061131
0 0.010217 0.535518 0.052757 0.052757
0 0.668722 0.826523 0.061131 0.061131
0 0.032545 0.182687 0.057103 0.057103
0 0.701856 0.578864 0.057104 0.057104
0 0.201598 0.429978 0.071945 0.071945
0 0.838384 0.043688 0.071945 0.071945
0 0.752938 0.787018 0.052757 0.052757
0 0.248846 0.492417 0.061130 0.061130
0 0.426980 0.616372 0.052757 0.052757
0 0.891272 0.339230 0.062220 0.062220
0 0.809145 0.722978 0.057104 0.057104
0 0.729098 0.405778 0.057104 0.057104
0 0.725945 0.244953 0.052757 0.052757
0 0.921618 0.944989 0.036679 0.036679
0 0.837099 0.383216 0.061130 0.061130
0 0.551968 0.232256 0.061131 0.061131
0 0.180365 0.705457 0.057104 0.057104
0 0.755380 0.875600 0.057104 0.057104
0 0.494180 0.552281 0.052757 0.052757
0 0.267296 0.701714 0.057104 0.057104
0 0.490148 0.828233 0.071945 0.071945
0 0.487094 0.153563 0.062220 0.062220
0 0.780028 0.340239 0.061131 0.061131
0 0.970896 0.763669 0.104277 0.104277
0 0.599243 0.634564 0.071945 0.071945
0 0.829255 0.273692 0.057104 0.057104
0 0.146515 0.605919 0.057104 0.057104
0 0.175115 0.088008 0.057104 0.057104
0 0.561367 0.794682 0.057104 0.057104
0 0.293704 0.370110 0.061130 0.061130
0 0.181878 0.971444 0.071945 0.071945
0 0.917823 0.705377 0.061130 0.061130
0 0.996583 0.835992 0.061130 0.061130
0 0.095138 0.130443 0.052757 0.052757
0 0.565841 0.434400 0.104277 0.104277
0 0.327446 0.915333 0.061130 0.061130
0 0.298520 0.843598 0.061130 0.061130
0 0.177533 0.182508 0.057104 0.057104
0 0.867919 0.799860 0.062220 0.062220
0 0.079638 0.569871 0.104277 0.104277
0 0.185394 0.349796 0.057104 0.057104
0 0.225923 0.011837 0.052757 0.052757
0 0.297114 0.080918 0.104277 0.104277
0 0.477200 0.969868 0.104277 0.104277
0 0.053960 0.464133 0.104277 0.104277
0 0.338003 0.581536 0.052757 0.052757
0 0.781351 0.570890 0.062220 0.062220
0 0.069053 0.656433 0.104277 0.104277
0 0.598281 0.117395 0.061131 0.061131
0 0.053218 0.369402 0.052757 0.052757
0 0.012450 0.806516 0.052757 0.052757
0 0.238582 0.282895 0.104277 0.104277
0 0.506666 0.905715 0.052757 0.052757
0 0.373891 0.166092 0.061130 0.061130
0 0.109804 0.020523 0.057104 0.057104
0 0.456377 0.063880 0.104277 0.104277
0 0.813582 0.945403 0.062220 0.062220
0 0.687820 0.187774 0.057104 0.057104
0 0.219025 0.779202 0.071945 0.071945
0 0.143970 0.532172 0.062220 0.062220
0 0.848423 0.488741 0.071945 0.071945
0 0.458302 0.471869 0.052757 0.052757
0 0.451069 0.242206 0.062220 0.062220
0 0.104902 0.737869 0.104277 0.104277
0 0.811306 0.146398 0.071945 0.071945
0 0.254246 0.156616 0.061130 0.061130
0 0.415834 0.305824 0.104278 0.104278
0 0.017810 0.956241 0.071945 0.071945
0 0.869245 0.993321 0.071945 0.071945
0 0.228570 0.916410 0.061130 0.061130
0 0.587599 0.974465 0.052757 0.052757
0 0.665977 0.369995 0.062220 0.062220
0 0.251218 0.561571 0.057104 0.057104
0 0.967388 0.018948 0.052757 0.052757
0 0.472852 0.371735 0.062220 0.062220
0 0.351409 0.486311 0.057104 0.057104
0 0.087839 0.919535 0.071945 0.071945
0 0.717438 0.120822 0.052757 0.052757
0 0.215326 0.636036 0.048997 0.048997
0 0.504772 0.304106 0.071945 0.071945
0 0.418352 0.540667 0.062220 0.062220
0 0.991383 0.452402 0.057104 0.057104
0 0.151995 0.267218 0.057104 0.057104
0 0.350411 0.263904 0.104277 0.104277
0 0.026753 0.257567 0.104277 0.104277
0 0.682206 0.037665 0.057104 0.057104
0 0.414334 0.782028 0.062220 0.062220
0 0.544973 0.361032 0.052757 0.052757
0 0.974126 0.592340 0.057104 0.057104
0 0.356444 0.031785 0.061130 0.061130
0 0.417911 0.692217 0.061131 0.061131
0 0.533425 0.073806 0.071945 0.071945
0 0.982788 0.378703 0.104277 0.104277
0 0.050880 0.062644 0.062220 0.062220
0 0.133127 0.454280 0.057104 0.057104
0 0.345419 0.789022 0.071945 0.071945
0 0.633782 0.247415 0.061131 0.061131