0 0.988302 0.591380 0.104278 0.104278
0 0.165333 0.347488 0.052757 0.052757
0 0.717261 0.086856 0.052757 0.052757
0 0.630979 0.743703 0.061130 0.061130
0 0.852719 0.954073 0.104277 0.104277
0 0.776886 0.923133 0.061130 0.061130
0 0.640947 0.508037 0.057104 0.057104
0 0.991994 0.161858 0.104277 0.104277
0 0.135809 0.831667 0.062220 0.062220
0 0.138252 0.008536 0.071945 0.071945
0 0.683957 0.821090 0.104277 0.104277
0 0.716806 0.294686 0.057104 0.057104
0 0.131168 0.417733 0.062220 0.062220
0 0.356414 0.950424 0.061130 0.061130
0 0.938148 0.502818 0.052757 0.052757
0 0.343838 0.488890 0.071945 0.071945
0 0.482443 0.593412 0.104277 0.104277
0 0.402874 0.662336 0.052757 0.052757
0 0.625829 0.662573 0.104277 0.104277
0 0.315442 0.656534 0.052757 0.052757
0 0.561784 0.744630 0.052757 0.052757
0 0.991015 0.947591 0.104277 0.104277
0 0.938312 0.809237 0.057104 0.057104
0 0.516311 0.963774 0.104278 0.104278
0 0.583160 0.942165 0.052757 0.052757
0 0.863027 0.621291 0.061130 0.061130
0 0.754380 0.520133 0.071945 0.071945
0 0.921029 0.735829 0.052757 0.052757
0 0.128796 0.510903 0.052757 0.052757
0 0.274389 0.219008 0.071945 0.071945
0 0.464213 0.401637 0.061130 0.061130
0 0.267455 0.148552 0.071945 0.071945
0 0.763128 0.243319 0.071945 0.071945
0 0.743284 0.688426 0.061130 0.061130
0 0.713953 0.604761 0.062220 0.062220
0 0.857723 0.455947 0.062220 0.062220
0 0.973384 0.284947 0.061130 0.061130
0 0.182255 0.752938 0.061130 0.061130
0 0.763322 0.850727 0.052757 0.052757
0 0.913496 0.887012 0.057104 0.057104
0 0.463244 0.045562 0.071945 0.071945
0 0.417081 0.551415 0.104277 0.104277
0 0.908696 0.187208 0.061130 0.061130
0 0.879770 0.115473 0.061130 0.061130
0 0.912150 0.393334 0.061130 0.061130
0 0.474413 0.127260 0.071945 0.071945
0 0.904392 0.309652 0.104277 0.104277
0 0.593700 0.078391 0.052757 0.052757
0 0.425664 0.209485 0.052757 0.052757
0 0.269300 0.549116 0.052757 0.052757
0 0.166669 0.269824 0.104278 0.104278
0 0.800275 0.051077 0.071945 0.071945
0 0.854603 0.697926 0.104277 0.104277
0 0.349441 0.081918 0.061130 0.061130
0 0.815249 0.551947 0.071945 0.071945
0 0.357391 0.403073 0.104277 0.104277
0 0.686152 0.009744 0.104277 0.104277
0 0.265234 0.997390 0.071945 0.071945
0 0.556315 0.616014 0.071945 0.071945
0 0.696187 0.460111 0.050932 0.050932
0 0.139403 0.938631 0.057104 0.057104
0 0.832923 0.281225 0.052757 0.052757
0 0.308298 0.313943 0.057104 0.057104
0 0.599060 0.228116 0.071945 0.071945
0 0.809820 0.188285 0.061130 0.061130
0 0.385422 0.152744 0.062220 0.062220
0 0.556644 0.514747 0.071945 0.071945
0 0.464281 0.277918 0.104277 0.104277
0 0.171036 0.077862 0.061130 0.061130
0 0.235504 0.636326 0.104277 0.104277
0 0.246610 0.890393 0.057104 0.057104
0 0.806724 0.348251 0.061130 0.061130
0 0.669089 0.191410 0.071945 0.071945
0 0.429612 0.879029 0.104277 0.104277
0 0.479755 0.723264 0.104277 0.104277
0 0.263378 0.378660 0.062220 0.062220
0 0.867379 0.832567 0.104277 0.104277
0 0.470261 0.499566 0.052757 0.052757
0 0.995584 0.053903 0.062220 0.062220
0 0.767516 0.444936 0.062220 0.062220
0 0.563271 0.422840 0.062220 0.062220
0 0.385428 0.798041 0.052757 0.052757
0 0.229068 0.029424 0.057104 0.057104
0 0.264657 0.712830 0.104277 0.104277
0 0.354317 0.870677 0.061130 0.061130
0 0.203162 0.474729 0.057104 0.057104
0 0.573935 0.002288 0.104277 0.104277
0 0.477660 0.813627 0.062220 0.062220
0 0.544170 0.848669 0.071945 0.071945
0 0.942284 0.661294 0.071945 0.071945
0 0.773277 0.772323 0.061130 0.061130
0 0.413039 0.332845 0.071945 0.071945
0 0.182163 0.995109 0.052757 0.052757
0 0.508124 0.337814 0.047555 0.047555
0 0.642224 0.362610 0.052757 0.052757
0 0.673792 0.959773 0.104277 0.104277
0 0.154764 0.655561 0.071945 0.071945
0 0.447343 0.955045 0.052757 0.052757
0 0.272641 0.461615 0.057103 0.057103
0 0.926669 0.060897 0.071945 0.071945
0 0.637944 0.580715 0.071945 0.071945
0 0.256352 0.784172 0.104277 0.104277
0 0.722174 0.370491 0.071945 0.071945
0 0.169306 0.166078 0.062220 0.062220