0 0.716910 0.898927 0.062220 0.062220
0 0.886745 0.060323 0.062220 0.062220
0 0.635737 0.363356 0.104277 0.104277
0 0.663795 0.773312 0.057103 0.057103
0 0.297395 0.746598 0.104277 0.104277
0 0.435141 0.818957 0.052757 0.052757
0 0.840819 0.119165 0.062220 0.062220
0 0.987393 0.096177 0.070161 0.070161
0 0.618113 0.087789 0.104278 0.104278
0 0.868600 0.523502 0.057104 0.057104
0 0.595915 0.595450 0.104277 0.104277
0 0.776794 0.067301 0.071945 0.071945
0 0.404676 0.528509 0.104277 0.104277
0 0.298253 0.142673 0.104277 0.104277
0 0.259259 0.037667 0.071945 0.071945
0 0.518209 0.125368 0.071945 0.071945
0 0.615312 0.459599 0.057104 0.057104
0 0.262511 0.550340 0.062220 0.062220
0 0.274176 0.440562 0.062220 0.062220
0 0.806365 0.678633 0.057104 0.057104
0 0.563882 0.408468 0.104277 0.104277
0 0.335821 0.586861 0.062220 0.062220
0 0.924954 0.960735 0.061130 0.061130
0 0.178722 0.581615 0.104278 0.104278
0 0.839529 0.439929 0.104277 0.104277
0 0.726388 0.721068 0.052757 0.052757
0 0.530243 0.277416 0.052757 0.052757
0 0.797304 0.260777 0.062220 0.062220
0 0.479563 0.744410 0.062220 0.062220
0 0.178910 0.692370 0.071945 0.071945
0 0.383054 0.202994 0.062220 0.062220
0 0.651629 0.524098 0.057104 0.057104
0 0.808783 0.773133 0.057104 0.057104
0 0.574928 0.938674 0.057104 0.057104
0 0.816644 0.940421 0.057104 0.057104
0 0.178974 0.343505 0.052757 0.052757
0 0.857173 0.602462 0.052757 0.052757
0 0.928364 0.671543 0.104277 0.104277
0 0.896921 0.240654 0.062220 0.062220
0 0.328512 0.318885 0.061130 0.061130
0 0.267828 0.884861 0.062220 0.062220
0 0.489767 0.948057 0.052757 0.052757
0 0.684468 0.960027 0.052757 0.052757
0 0.501379 0.879348 0.061130 0.061130
0 0.704446 0.163781 0.071945 0.071945
0 0.869832 0.873520 0.104277 0.104277
0 0.695112 0.399565 0.052757 0.052757
0 0.741054 0.611148 0.057104 0.057104
0 0.179880 0.237293 0.104277 0.104277
0 0.570333 0.794166 0.071945 0.071945
0 0.202545 0.081559 0.052757 0.052757
0 0.992552 0.491868 0.062220 0.062220
0 0.395923 0.287476 0.061130 0.061130
0 0.265097 0.266734 0.061130 0.061130
0 0.553132 0.535316 0.052757 0.052757
0 0.474037 0.226875 0.071945 0.071945
0 0.435951 0.006235 0.104277 0.104277
0 0.349494 0.656517 0.057104 0.057104
0 0.332464 0.077364 0.057104 0.057104
0 0.885496 0.747241 0.061130 0.061130
0 0.413024 0.399527 0.057104 0.057104
0 0.427530 0.907493 0.061130 0.061130
0 0.955334 0.168681 0.052757 0.052757
0 0.211479 0.410669 0.061130 0.061130
0 0.394142 0.744679 0.062220 0.062220
0 0.232127 0.176776 0.104278 0.104278
0 0.184632 0.888375 0.061130 0.061130
0 0.928418 0.394063 0.104277 0.104277
0 0.706936 0.474050 0.061130 0.061130
0 0.650787 0.293966 0.104277 0.104277
0 0.613488 0.164866 0.052757 0.052757
0 0.225848 0.816383 0.061130 0.061130
0 0.417547 0.666744 0.057104 0.057104
0 0.833987 0.198629 0.057104 0.057104
0 0.716372 0.323055 0.071945 0.071945
0 0.275915 0.674093 0.052757 0.052757
0 0.946935 0.549497 0.061130 0.061130
0 0.783245 0.857843 0.057104 0.057104
0 0.981661 0.854529 0.104277 0.104277
0 0.710509 0.085559 0.056505 0.056505
0 0.658003 0.848192 0.104277 0.104277
0 0.987694 0.622410 0.061130 0.061130
0 0.349528 0.447205 0.062220 0.062220
0 0.930601 0.306912 0.057104 0.057104
0 0.704806 0.016870 0.061130 0.061130
0 0.682130 0.653269 0.062220 0.062220
0 0.311462 0.822065 0.071945 0.071945
0 0.781323 0.348211 0.057104 0.057104
0 0.504360 0.040672 0.062220 0.062220
0 0.463400 0.576425 0.104277 0.104277
0 0.441623 0.161091 0.057104 0.057104
0 0.581941 0.712124 0.052757 0.052757
0 0.468802 0.456720 0.057104 0.057104
0 0.529192 0.637581 0.062220 0.062220
0 0.183382 0.977807 0.071945 0.071945
0 0.215933 0.495468 0.061130 0.061130
0 0.348334 0.945190 0.062220 0.062220