0 0.322433 0.547854 0.062220 0.062220
0 0.284207 0.353830 0.062220 0.062220
0 0.773595 0.070657 0.071945 0.071945
0 0.060109 0.661468 0.057103 0.057103
0 0.975139 0.681308 0.052757 0.052757
0 0.782279 0.440989 0.061130 0.061130
0 0.844406 0.549081 0.104277 0.104277
0 0.321879 0.083745 0.104277 0.104277
0 0.668343 0.337370 0.104277 0.104277
0 0.080781 0.408117 0.052757 0.052757
0 0.627204 0.458981 0.104277 0.104277
0 0.513720 0.500955 0.071945 0.071945
0 0.671744 0.090112 0.062220 0.062220
0 0.039972 0.492787 0.062220 0.062220
0 0.697097 0.262370 0.057104 0.057104
0 0.050412 0.214288 0.061130 0.061130
0 0.030828 0.126405 0.052757 0.052757
0 0.707221 0.616980 0.062220 0.062220
0 0.765444 0.244806 0.104277 0.104277
0 0.923106 0.541998 0.062220 0.062220
0 0.650797 0.185868 0.061130 0.061130
0 0.530102 0.227742 0.057104 0.057104
0 0.219853 0.707351 0.062220 0.062220
0 0.191630 0.127232 0.061130 0.061130
0 0.272474 0.252690 0.062220 0.062220
0 0.925836 0.147068 0.052757 0.052757
0 0.467618 0.334500 0.057104 0.057104
0 0.583594 0.364591 0.104277 0.104277
0 0.377683 0.690646 0.071945 0.071945
0 0.314363 0.160900 0.057104 0.057104
0 0.079699 0.590031 0.061130 0.061130
0 0.893053 0.333936 0.071945 0.071945
0 0.523031 0.573920 0.071945 0.071945
0 0.132161 0.362343 0.062220 0.062220
0 0.330280 0.618656 0.057104 0.057104
0 0.997393 0.241120 0.104277 0.104277
0 0.350909 0.296343 0.057104 0.057104
0 0.162984 0.208444 0.061130 0.061130
0 0.849904 0.050462 0.061131 0.061131
0 0.294124 0.698309 0.052757 0.052757
0 0.596498 0.097462 0.062220 0.062220
0 0.811443 0.301773 0.057104 0.057104
0 0.128214 0.469475 0.062220 0.062220
0 0.549139 0.438312 0.057104 0.057104
0 0.624165 0.255300 0.104277 0.104277
0 0.253429 0.589670 0.050891 0.050891
0 0.123871 0.084689 0.057104 0.057104
0 0.417299 0.481976 0.062220 0.062220
0 0.538118 0.691042 0.057104 0.057104
0 0.138449 0.668692 0.052757 0.052757
0 0.952047 0.607751 0.062220 0.062220
0 0.927127 0.056184 0.052757 0.052757
0 0.186080 0.514816 0.062220 0.062220
0 0.281839 0.480735 0.104277 0.104277
0 0.636673 0.015722 0.061130 0.061130
0 0.906798 0.706322 0.052757 0.052757
0 0.910236 0.263294 0.062220 0.062220
0 0.443687 0.609913 0.061130 0.061130
0 0.854659 0.443053 0.104277 0.104277
0 0.447211 0.205031 0.062220 0.062220
0 0.424556 0.058887 0.071945 0.071945
0 0.582110 0.525065 0.062220 0.062220
0 0.766654 0.670783 0.052757 0.052757
0 0.155027 0.587625 0.062220 0.062220
0 0.453265 0.713263 0.062220 0.062220
0 0.682752 0.406706 0.062220 0.062220
0 0.556965 0.296053 0.071945 0.071945
0 0.858276 0.618613 0.061131 0.061131
0 0.233007 0.412755 0.104277 0.104277
0 0.833601 0.368775 0.104277 0.104277
0 0.017974 0.028889 0.052757 0.052757
0 0.794513 0.177158 0.062220 0.062220
0 0.677039 0.701693 0.061130 0.061130
0 0.822257 0.719828 0.062220 0.062220
0 0.944102 0.441321 0.052757 0.052757
0 0.464282 0.417533 0.052757 0.052757
0 0.750503 0.334121 0.071945 0.071945
0 0.619032 0.605178 0.061131 0.061131
0 0.866552 0.189968 0.104277 0.104277
0 0.000249 0.321457 0.057104 0.057104
0 0.709053 0.534231 0.104277 0.104277
0 0.391057 0.412811 0.052757 0.052757
0 0.424729 0.278197 0.061130 0.061130
0 0.096210 0.297541 0.104277 0.104277
0 0.508935 0.072868 0.052757 0.052757
0 0.244326 0.017533 0.104277 0.104277