0 0.582886 0.764981 0.052757 0.052757
0 0.532535 0.258302 0.062220 0.062220
0 0.946784 0.654824 0.062220 0.062220
0 0.857619 0.839983 0.104277 0.104277
0 0.457092 0.485518 0.052757 0.052757
0 0.003877 0.686661 0.071945 0.071945
0 0.479420 0.132687 0.057103 0.057103
0 0.582431 0.972811 0.057104 0.057104
0 0.648473 0.379978 0.071945 0.071945
0 0.113020 0.105973 0.104277 0.104277
0 0.695721 0.442417 0.061130 0.061130
0 0.250766 0.178332 0.052757 0.052757
0 0.873855 0.566372 0.052757 0.052757
0 0.998843 0.182256 0.061131 0.061131
0 0.627240 0.655457 0.057104 0.057104
0 0.941055 0.502281 0.052757 0.052757
0 0.714171 0.651714 0.057104 0.057104
0 0.024490 0.460397 0.104278 0.104278
0 0.937023 0.778233 0.071945 0.071945
0 0.933969 0.103563 0.062220 0.062220
0 0.395582 0.397012 0.071945 0.071945
0 0.325337 0.389927 0.057104 0.057104
0 0.593390 0.555919 0.057104 0.057104
0 0.621990 0.038008 0.057104 0.057104
0 0.140014 0.897133 0.071945 0.071945
0 0.133080 0.826677 0.071945 0.071945
0 0.740579 0.320110 0.061130 0.061130
0 0.628753 0.921444 0.071945 0.071945
0 0.839009 0.963072 0.061130 0.061130
0 0.542013 0.080443 0.052757 0.052757
0 0.328869 0.723687 0.071945 0.071945
0 0.295188 0.103785 0.062220 0.062220
0 0.774321 0.865333 0.061130 0.061130
0 0.745395 0.793598 0.061130 0.061130
0 0.624408 0.132508 0.057104 0.057104
0 0.526513 0.519871 0.104277 0.104277
0 0.390553 0.298049 0.057104 0.057104
0 0.632269 0.299796 0.057104 0.057104
0 0.297908 0.475178 0.057104 0.057104
0 0.743989 0.030918 0.104277 0.104277
0 0.924075 0.919868 0.104277 0.104277
0 0.500835 0.414133 0.104277 0.104277
0 0.784878 0.531536 0.052757 0.052757
0 0.083453 0.244236 0.062220 0.062220
0 0.515928 0.606433 0.104277 0.104277
0 0.340038 0.805385 0.071945 0.071945
0 0.770017 0.987777 0.104277 0.104277
0 0.305392 0.307432 0.052757 0.052757
0 0.500093 0.319402 0.052757 0.052757
0 0.974636 0.968405 0.104277 0.104277
0 0.317004 0.238723 0.061130 0.061130
0 0.459325 0.756516 0.052757 0.052757
0 0.685457 0.232895 0.104277 0.104277
0 0.953541 0.855715 0.052757 0.052757
0 0.291289 0.887610 0.052757 0.052757
0 0.820766 0.116092 0.061130 0.061130
0 0.385958 0.153541 0.071945 0.071945
0 0.903252 0.013880 0.104277 0.104277
0 0.223972 0.566164 0.061130 0.061130
0 0.032294 0.947949 0.104278 0.104278
0 0.665900 0.729202 0.071945 0.071945
0 0.590845 0.482172 0.062220 0.062220
0 0.215066 0.760043 0.061130 0.061130
0 0.905177 0.421869 0.052757 0.052757
0 0.897944 0.192206 0.062220 0.062220
0 0.551777 0.687869 0.104277 0.104277
0 0.101598 0.630315 0.061130 0.061130
0 0.165119 0.015892 0.057104 0.057104
0 0.698548 0.959350 0.052757 0.052757
0 0.173923 0.992068 0.057104 0.057104
0 0.701121 0.106616 0.061130 0.061130
0 0.862709 0.255824 0.104278 0.104278
0 0.464685 0.906241 0.071945 0.071945
0 0.675445 0.866410 0.061130 0.061130
0 0.251047 0.830869 0.062220 0.062220
0 0.243155 0.266868 0.061130 0.061130
0 0.209767 0.104054 0.062220 0.062220
0 0.387585 0.502664 0.057104 0.057104
0 0.698093 0.511571 0.057104 0.057104
0 0.117076 0.549727 0.057104 0.057104
0 0.189781 0.444838 0.104277 0.104277
0 0.329906 0.956043 0.104277 0.104277
0 0.036661 0.755987 0.061130 0.061130
0 0.919727 0.321735 0.062220 0.062220
0 0.000257 0.247750 0.061130 0.061130
0 0.798284 0.436311 0.057104 0.057104
0 0.534714 0.869535 0.071945 0.071945
0 0.387349 0.580773 0.061130 0.061130
0 0.317186 0.568052 0.062220 0.062220
0 0.662201 0.586036 0.048997 0.048997
0 0.041473 0.175758 0.061130 0.061130
0 0.951647 0.254106 0.071945 0.071945
0 0.233172 0.026119 0.057104 0.057104
0 0.865227 0.490667 0.062220 0.062220
0 0.088705 0.391430 0.104277 0.104277
0 0.091540 0.033468 0.052757 0.052757
0 0.598870 0.217218 0.057104 0.057104
0 0.797286 0.213904 0.104277 0.104277
0 0.473628 0.207567 0.104277 0.104277
0 0.861209 0.732028 0.062220 0.062220
0 0.991848 0.311032 0.052757 0.052757
0 0.047247 0.548775 0.057104 0.057104
0 0.094693 0.707549 0.057104 0.057104
0 0.864786 0.642217 0.061131 0.061131
0 0.980300 0.023806 0.071945 0.071945
0 0.285747 0.652592 0.071945 0.071945
0 0.497755 0.012644 0.062220 0.062220
0 0.127087 0.181440 0.071945 0.071945
0 0.439560 0.680413 0.104277 0.104277
0 0.205686 0.645516 0.071945 0.071945
0 0.195937 0.368375 0.061130 0.061130
0 0.397566 0.071499 0.052757 0.052757
0 0.580002 0.404280 0.057104 0.057104
0 0.792294 0.739022 0.071945 0.071945
0 0.034931 0.844203 0.062220 0.062220
0 0.163959 0.304565 0.062220 0.062220