0 0.821630 0.641117 0.071945 0.071945
0 0.720364 0.755394 0.062220 0.062220
0 0.853342 0.753341 0.057104 0.057104
0 0.886153 0.678649 0.052757 0.052757
0 0.698099 0.870304 0.104277 0.104277
0 0.952402 0.174793 0.061130 0.061130
0 0.922831 0.312006 0.061130 0.061130
0 0.532618 0.188462 0.052757 0.052757
0 0.625831 0.135536 0.052757 0.052757
0 0.693101 0.684687 0.052757 0.052757
0 0.566509 0.984313 0.071945 0.071945
0 0.783518 0.884592 0.062220 0.062220
0 0.923472 0.776384 0.071945 0.071945
0 0.084268 0.446177 0.070161 0.070161
0 0.846630 0.100030 0.104277 0.104277
0 0.785260 0.704997 0.071945 0.071945
0 0.437642 0.104770 0.062220 0.062220
0 0.953773 0.539733 0.061131 0.061131
0 0.972407 0.714597 0.071945 0.071945
0 0.354182 0.537374 0.071945 0.071945
0 0.635581 0.444750 0.061130 0.061130
0 0.451841 0.224752 0.062220 0.062220
0 0.169975 0.475930 0.062220 0.062220
0 0.624294 0.808122 0.071945 0.071945
0 0.187103 0.778222 0.061131 0.061131
0 0.474743 0.689273 0.061130 0.061130
0 0.984973 0.637960 0.071945 0.071945
0 0.499756 0.808148 0.104277 0.104277
0 0.206546 0.539766 0.104277 0.104277
0 0.381741 0.192157 0.052757 0.052757
0 0.121005 0.385401 0.061130 0.061130
0 0.250515 0.674692 0.071945 0.071945
0 0.623672 0.939825 0.104277 0.104277
0 0.915760 0.883525 0.104278 0.104278
0 0.508126 0.361594 0.061130 0.061130
0 0.604680 0.340695 0.057104 0.057104
0 0.314731 0.271206 0.071945 0.071945
0 0.101566 0.608993 0.104277 0.104277
0 0.865111 0.453029 0.057104 0.057104
0 0.202430 0.353590 0.057104 0.057104
0 0.203186 0.156446 0.061131 0.061131
0 0.312598 0.923606 0.071945 0.071945
0 0.512625 0.112074 0.057104 0.057104
0 0.667792 0.288647 0.062220 0.062220
0 0.172902 0.255721 0.071945 0.071945
0 0.062357 0.315903 0.071945 0.071945
0 0.720265 0.545967 0.062220 0.062220
0 0.300021 0.173735 0.052757 0.052757
0 0.683840 0.607534 0.062220 0.062220
0 0.235850 0.419229 0.062220 0.062220
0 0.397383 0.888965 0.062220 0.062220
0 0.781036 0.138750 0.071945 0.071945
0 0.089427 0.841868 0.062220 0.062220
0 0.505535 0.278882 0.061131 0.061131
0 0.280414 0.603167 0.061131 0.061131
0 0.033279 0.135032 0.071945 0.071945
0 0.896315 0.230282 0.104278 0.104278
0 0.184258 0.640485 0.061131 0.061131
0 0.452799 0.414689 0.071945 0.071945
0 0.364264 0.111950 0.062220 0.062220
0 0.057213 0.216285 0.057104 0.057104
0 0.967479 0.415027 0.061131 0.061131
0 0.147242 0.718648 0.052757 0.052757
0 0.226876 0.913469 0.061131 0.061131
0 0.645992 0.534681 0.052757 0.052757
0 0.444430 0.611011 0.057104 0.057104
0 0.052209 0.518681 0.052757 0.052757
0 0.745533 0.278074 0.052757 0.052757
0 0.299355 0.452344 0.071945 0.071945
0 0.957203 0.965567 0.057104 0.057104
0 0.838143 0.935687 0.057104 0.057104
0 0.562341 0.428219 0.052757 0.052757
0 0.695513 0.959573 0.052757 0.052757
0 0.380529 0.314347 0.071945 0.071945
0 0.813386 0.219552 0.062220 0.062220
0 0.115983 0.102877 0.104277 0.104277
0 0.025293 0.744063 0.104277 0.104277
0 0.582274 0.625587 0.071945 0.071945
0 0.484236 0.540158 0.062220 0.062220
0 0.682952 0.180333 0.071945 0.071945
0 0.815691 0.335589 0.052559 0.052559
0 0.476528 0.904604 0.057104 0.057104
0 0.043810 0.899497 0.061130 0.061130
0 0.310935 0.375394 0.071945 0.071945
0 0.858365 0.571946 0.062220 0.062220
0 0.410331 0.978290 0.057104 0.057104
0 0.316180 0.726311 0.104277 0.104277
0 0.084569 0.972410 0.061130 0.061130
0 0.382522 0.795748 0.052757 0.052757
0 0.551192 0.563750 0.104277 0.104277
0 0.389677 0.661292 0.071945 0.071945
0 0.403650 0.471306 0.104277 0.104277
0 0.027476 0.656912 0.057104 0.057104
0 0.130015 0.911220 0.071945 0.071945
0 0.134582 0.316955 0.057103 0.057103
0 0.762617 0.415395 0.071945 0.071945
0 0.918494 0.606174 0.104278 0.104278
0 0.606433 0.724492 0.104277 0.104277
0 0.287299 0.103299 0.057104 0.057104
0 0.663210 0.379185 0.052757 0.052757
0 0.270079 0.785448 0.052757 0.052757
0 0.564514 0.902602 0.062220 0.062220
0 0.615906 0.228527 0.061131 0.061131
0 0.685623 0.101942 0.062220 0.062220