0 0.651285 0.873927 0.062220 0.062220
0 0.821120 0.035323 0.062220 0.062220
0 0.570112 0.338356 0.104277 0.104277
0 0.598170 0.748312 0.057103 0.057103
0 0.767223 0.995603 0.071945 0.071945
0 0.231770 0.721598 0.104277 0.104277
0 0.369516 0.793957 0.052757 0.052757
0 0.775194 0.094165 0.062220 0.062220
0 0.921768 0.071177 0.070161 0.070161
0 0.552488 0.062789 0.104278 0.104278
0 0.802975 0.498502 0.057104 0.057104
0 0.530290 0.570450 0.104277 0.104277
0 0.711169 0.042301 0.071945 0.071945
0 0.339051 0.503509 0.104277 0.104277
0 0.232628 0.117673 0.104277 0.104277
0 0.193634 0.012667 0.071945 0.071945
0 0.452584 0.100368 0.071945 0.071945
0 0.958505 0.010401 0.061130 0.061130
0 0.549687 0.434599 0.057104 0.057104
0 0.196886 0.525340 0.062220 0.062220
0 0.208551 0.415562 0.062220 0.062220
0 0.740740 0.653633 0.057104 0.057104
0 0.498257 0.383468 0.104277 0.104277
0 0.270196 0.561861 0.062220 0.062220
0 0.859329 0.935735 0.061130 0.061130
0 0.113097 0.556615 0.104278 0.104278
0 0.773904 0.414929 0.104277 0.104277
0 0.660763 0.696068 0.052757 0.052757
0 0.464618 0.252416 0.052757 0.052757
0 0.939066 0.233993 0.104277 0.104277
0 0.731679 0.235777 0.062220 0.062220
0 0.413938 0.719410 0.062220 0.062220
0 0.113285 0.667370 0.071945 0.071945
0 0.317429 0.177994 0.062220 0.062220
0 0.586004 0.499098 0.057104 0.057104
0 0.743158 0.748133 0.057104 0.057104
0 0.509303 0.913674 0.057104 0.057104
0 0.751019 0.915421 0.057104 0.057104
0 0.113349 0.318505 0.052757 0.052757
0 0.791548 0.577462 0.052757 0.052757
0 0.862739 0.646543 0.104277 0.104277
0 0.831296 0.215654 0.062220 0.062220
0 0.262887 0.293885 0.061130 0.061130
0 0.202203 0.859861 0.062220 0.062220
0 0.424142 0.923057 0.052757 0.052757
0 0.618843 0.935027 0.052757 0.052757
0 0.435754 0.854348 0.061130 0.061130
0 0.638821 0.138781 0.071945 0.071945
0 0.804207 0.848520 0.104277 0.104277
0 0.939516 0.731717 0.061130 0.061130
0 0.629487 0.374565 0.052757 0.052757
0 0.675429 0.586148 0.057104 0.057104
0 0.114255 0.212293 0.104277 0.104277
0 0.504708 0.769166 0.071945 0.071945
0 0.136920 0.056559 0.052757 0.052757
0 0.926927 0.466868 0.062220 0.062220
0 0.330298 0.262476 0.061130 0.061130
0 0.199472 0.241734 0.061130 0.061130
0 0.487507 0.510316 0.052757 0.052757
0 0.408412 0.201875 0.071945 0.071945
0 0.283869 0.631517 0.057104 0.057104
0 0.266839 0.052364 0.057104 0.057104
0 0.819871 0.722241 0.061130 0.061130
0 0.347399 0.374527 0.057104 0.057104
0 0.981459 0.871449 0.104278 0.104278
0 0.984742 0.343648 0.052757 0.052757
0 0.361905 0.882493 0.061130 0.061130
0 0.889709 0.143681 0.052757 0.052757
0 0.145854 0.385669 0.061130 0.061130
0 0.328517 0.719679 0.062220 0.062220
0 0.166502 0.151776 0.104278 0.104278
0 0.119007 0.863375 0.061130 0.061130
0 0.862793 0.369063 0.104277 0.104277
0 0.641311 0.449050 0.061130 0.061130
0 0.585162 0.268966 0.104277 0.104277
0 0.547863 0.139866 0.052757 0.052757
0 0.160223 0.791383 0.061130 0.061130
0 0.351922 0.641744 0.057104 0.057104
0 0.768362 0.173629 0.057104 0.057104
0 0.650747 0.298055 0.071945 0.071945
0 0.210290 0.649093 0.052757 0.052757
0 0.881310 0.524497 0.061130 0.061130
0 0.717620 0.832843 0.057104 0.057104
0 0.916036 0.829529 0.104277 0.104277
0 0.644884 0.060559 0.056505 0.056505
0 0.592378 0.823192 0.104277 0.104277
0 0.922069 0.597410 0.061130 0.061130
0 0.283903 0.422205 0.062220 0.062220
0 0.864976 0.281912 0.057104 0.057104
0 0.616505 0.628269 0.062220 0.062220
0 0.967515 0.536220 0.071945 0.071945
0 0.245837 0.797065 0.071945 0.071945
0 0.715698 0.323211 0.057104 0.057104
0 0.438735 0.015672 0.062220 0.062220
0 0.314687 0.984000 0.061130 0.061130
0 0.397775 0.551425 0.104277 0.104277
0 0.375998 0.136091 0.057104 0.057104
0 0.516316 0.687124 0.052757 0.052757
0 0.403177 0.431720 0.057104 0.057104
0 0.463567 0.612581 0.062220 0.062220
0 0.117757 0.952807 0.071945 0.071945
0 0.150308 0.470468 0.061130 0.061130
0 0.282709 0.920190 0.062220 0.062220