0 0.713302 0.291380 0.104278 0.104278
0 0.967345 0.883157 0.071945 0.071945
0 0.768958 0.728502 0.104277 0.104277
0 0.831446 0.452728 0.052757 0.052757
0 0.503937 0.809696 0.052757 0.052757
0 0.515629 0.896245 0.104277 0.104277
0 0.355979 0.443703 0.061130 0.061130
0 0.730740 0.402185 0.052757 0.052757
0 0.751811 0.573412 0.052757 0.052757
0 0.865494 0.902612 0.062220 0.062220
0 0.495362 0.722275 0.104277 0.104277
0 0.828118 0.648547 0.071945 0.071945
0 0.577719 0.654073 0.104277 0.104277
0 0.501886 0.623133 0.061130 0.061130
0 0.365947 0.208037 0.057104 0.057104
0 0.408957 0.521090 0.104277 0.104277
0 0.963534 0.474104 0.104277 0.104277
0 0.224578 0.938905 0.052757 0.052757
0 0.844547 0.998368 0.061130 0.061130
0 0.628827 0.800128 0.104277 0.104277
0 0.385380 0.939732 0.061130 0.061130
0 0.081414 0.650424 0.061130 0.061130
0 0.663148 0.202818 0.052757 0.052757
0 0.068838 0.188890 0.071945 0.071945
0 0.207443 0.293412 0.104277 0.104277
0 0.127874 0.362336 0.052757 0.052757
0 0.508113 0.973400 0.057104 0.057104
0 0.350829 0.362573 0.104277 0.104277
0 0.424309 0.761055 0.052757 0.052757
0 0.905991 0.724836 0.052757 0.052757
0 0.848277 0.195063 0.052757 0.052757
0 0.040442 0.356534 0.052757 0.052757
0 0.286784 0.444630 0.052757 0.052757
0 0.716015 0.647591 0.104277 0.104277
0 0.663312 0.509237 0.057104 0.057104
0 0.868649 0.590841 0.052757 0.052757
0 0.566480 0.733223 0.061130 0.061130
0 0.241311 0.663774 0.104278 0.104278
0 0.790248 0.909962 0.062220 0.062220
0 0.814350 0.115694 0.071945 0.071945
0 0.308160 0.642165 0.052757 0.052757
0 0.588027 0.321291 0.061130 0.061130
0 0.479380 0.220133 0.071945 0.071945
0 0.646029 0.435829 0.052757 0.052757
0 0.911506 0.350944 0.057104 0.057104
0 0.100601 0.908466 0.062220 0.062220
0 0.317621 0.897189 0.057104 0.057104
0 0.189213 0.101637 0.061130 0.061130
0 0.686576 0.761583 0.071945 0.071945
0 0.468284 0.388426 0.061130 0.061130
0 0.438953 0.304761 0.062220 0.062220
0 0.582723 0.155947 0.062220 0.062220
0 0.830423 0.828222 0.061130 0.061130
0 0.925701 0.229070 0.052757 0.052757
0 0.488322 0.550727 0.052757 0.052757
0 0.638496 0.587012 0.057104 0.057104
0 0.274039 0.764658 0.057104 0.057104
0 0.142081 0.251415 0.104277 0.104277
0 0.201314 0.731038 0.071945 0.071945
0 0.101675 0.995812 0.052757 0.052757
0 0.618306 0.871387 0.071945 0.071945
0 0.946855 0.039616 0.071945 0.071945
0 0.139899 0.810604 0.052757 0.052757
0 0.332195 0.806496 0.071945 0.071945
0 0.637150 0.093334 0.061130 0.061130
0 0.737243 0.185870 0.057104 0.057104
0 0.629392 0.009652 0.104277 0.104277
0 0.836844 0.263486 0.062220 0.062220
0 0.068156 0.719008 0.057104 0.057104
0 0.038653 0.796830 0.104277 0.104277
0 0.843316 0.522151 0.104277 0.104277
0 0.579603 0.397926 0.104277 0.104277
0 0.540249 0.251947 0.071945 0.071945
0 0.082391 0.103073 0.104277 0.104277
0 0.930087 0.800696 0.057104 0.057104
0 0.783147 0.319575 0.104277 0.104277
0 0.937980 0.123532 0.057104 0.057104
0 0.281315 0.316014 0.071945 0.071945
0 0.421187 0.160111 0.050932 0.050932
0 0.033298 0.013943 0.057104 0.057104
0 0.211724 0.841389 0.052757 0.052757
0 0.748155 0.097787 0.057104 0.057104
0 0.281644 0.214747 0.071945 0.071945
0 0.988263 0.989658 0.062220 0.062220
0 0.531724 0.048251 0.061130 0.061130
0 0.843630 0.755686 0.050559 0.050559
0 0.154612 0.579029 0.104277 0.104277
0 0.972769 0.698465 0.061130 0.061130
0 0.204755 0.423264 0.104277 0.104277
0 0.745272 0.491242 0.061131 0.061131
0 0.592379 0.532567 0.104277 0.104277
0 0.195261 0.199566 0.052757 0.052757
0 0.977002 0.308549 0.104277 0.104277
0 0.492516 0.144936 0.062220 0.062220
0 0.288271 0.122840 0.062220 0.062220
0 0.110428 0.498041 0.052757 0.052757
0 0.079317 0.570677 0.061130 0.061130
0 0.202660 0.513627 0.062220 0.062220
0 0.269170 0.548669 0.071945 0.071945
0 0.667284 0.361294 0.071945 0.071945
0 0.498277 0.472323 0.061130 0.061130
0 0.138039 0.032845 0.071945 0.071945
0 0.907485 0.427514 0.071945 0.071945
0 0.233124 0.037814 0.047555 0.047555
0 0.367224 0.062610 0.052757 0.052757
0 0.398792 0.659773 0.104277 0.104277
0 0.938192 0.565454 0.104277 0.104277
0 0.172343 0.655045 0.052757 0.052757
0 0.702685 0.885368 0.052757 0.052757
0 0.362944 0.280715 0.071945 0.071945
0 0.447174 0.070491 0.071945 0.071945
0 0.438076 0.830033 0.104277 0.104277