0 0.099708 0.891238 0.052757 0.052757
0 0.651636 0.630606 0.052757 0.052757
0 0.601285 0.123927 0.062220 0.062220
0 0.926369 0.705608 0.104277 0.104277
0 0.525842 0.351143 0.052757 0.052757
0 0.072627 0.552286 0.071945 0.071945
0 0.651181 0.838436 0.057104 0.057104
0 0.717223 0.245603 0.071945 0.071945
0 0.764471 0.308042 0.061130 0.061130
0 0.319516 0.043957 0.052757 0.052757
0 0.065543 0.961483 0.062220 0.062220
0 0.942605 0.431997 0.052757 0.052757
0 0.695990 0.521082 0.057104 0.057104
0 0.782921 0.517339 0.057104 0.057104
0 0.093240 0.326022 0.104278 0.104278
0 0.464332 0.262637 0.071945 0.071945
0 0.394087 0.255552 0.057104 0.057104
0 0.662140 0.421544 0.057104 0.057104
0 0.208764 0.762758 0.071945 0.071945
0 0.398588 0.945387 0.061130 0.061130
0 0.201830 0.692302 0.071945 0.071945
0 0.809329 0.185735 0.061130 0.061130
0 0.697503 0.787069 0.071945 0.071945
0 0.792098 0.999697 0.062220 0.062220
0 0.907759 0.828697 0.061130 0.061130
0 0.397619 0.589312 0.071945 0.071945
0 0.843071 0.730958 0.061130 0.061130
0 0.814145 0.659223 0.061130 0.061130
0 0.595263 0.385496 0.104277 0.104277
0 0.459303 0.163674 0.057104 0.057104
0 0.701019 0.165421 0.057104 0.057104
0 0.366658 0.340803 0.057104 0.057104
0 0.992825 0.785493 0.104277 0.104277
0 0.569585 0.279758 0.104277 0.104277
0 0.853628 0.397161 0.052757 0.052757
0 0.152203 0.109861 0.062220 0.062220
0 0.846525 0.937084 0.061130 0.061130
0 0.584678 0.472058 0.104277 0.104277
0 0.408788 0.671010 0.071945 0.071945
0 0.838767 0.853402 0.104277 0.104277
0 0.374142 0.173057 0.052757 0.052757
0 0.568843 0.185027 0.052757 0.052757
0 0.385754 0.104348 0.061130 0.061130
0 0.528075 0.622141 0.052757 0.052757
0 0.754207 0.098520 0.104277 0.104277
0 0.360039 0.753235 0.052757 0.052757
0 0.454708 0.019166 0.071945 0.071945
0 0.292722 0.431789 0.061130 0.061130
0 0.101044 0.813574 0.104278 0.104278
0 0.734650 0.594827 0.071945 0.071945
0 0.659595 0.347797 0.062220 0.062220
0 0.283816 0.625668 0.061130 0.061130
0 0.291766 0.946823 0.104277 0.104277
0 0.973927 0.287494 0.052757 0.052757
0 0.966694 0.057831 0.062220 0.062220
0 0.620527 0.553494 0.104277 0.104277
0 0.170348 0.495940 0.061130 0.061130
0 0.767298 0.824975 0.052757 0.052757
0 0.242673 0.857693 0.057104 0.057104
0 0.931459 0.121449 0.104278 0.104278
0 0.533435 0.771866 0.071945 0.071945
0 0.744195 0.732035 0.061130 0.061130
0 0.319797 0.696494 0.062220 0.062220
0 0.311905 0.132493 0.061130 0.061130
0 0.957530 0.941537 0.057104 0.057104
0 0.456335 0.368289 0.057104 0.057104
0 0.766843 0.377196 0.057104 0.057104
0 0.185826 0.415352 0.057104 0.057104
0 0.258531 0.310463 0.104277 0.104277
0 0.398656 0.821668 0.104277 0.104277
0 0.105411 0.621612 0.061130 0.061130
0 0.988477 0.187360 0.062220 0.062220
0 0.069007 0.113375 0.061130 0.061130
0 0.867034 0.301936 0.057104 0.057104
0 0.741099 0.892001 0.061130 0.061130
0 0.603464 0.735160 0.071945 0.071945
0 0.456099 0.446398 0.061130 0.061130
0 0.385936 0.433677 0.062220 0.062220
0 0.730951 0.451661 0.048997 0.048997
0 0.110223 0.041383 0.061130 0.061130
0 0.933977 0.356292 0.062220 0.062220
0 0.197753 0.922410 0.062220 0.062220
0 0.157455 0.257055 0.104277 0.104277
0 0.667620 0.082843 0.057104 0.057104
0 0.866036 0.079529 0.104277 0.104277
0 0.542378 0.073192 0.104277 0.104277
0 0.929959 0.597653 0.062220 0.062220
0 0.701891 0.988686 0.062220 0.062220
0 0.497646 0.966590 0.062220 0.062220
0 0.115997 0.414400 0.057104 0.057104
0 0.163443 0.573174 0.057104 0.057104
0 0.933536 0.507842 0.061131 0.061131
0 0.354497 0.518217 0.071945 0.071945
0 0.195837 0.047065 0.071945 0.071945
0 0.508310 0.546038 0.104277 0.104277
0 0.274436 0.511141 0.071945 0.071945
0 0.264687 0.234000 0.061130 0.061130
0 0.347414 0.876595 0.071945 0.071945
0 0.442499 0.881564 0.047555 0.047555
0 0.576599 0.906360 0.052757 0.052757
0 0.648752 0.269905 0.057104 0.057104
0 0.067757 0.202807 0.071945 0.071945
0 0.861044 0.604647 0.071945 0.071945
0 0.656549 0.914241 0.071945 0.071945
0 0.103681 0.709828 0.062220 0.062220
0 0.232709 0.170190 0.062220 0.062220