0 0.075195 0.145009 0.104277 0.104277
0 0.777370 0.457198 0.062220 0.062220
0 0.526362 0.760231 0.104277 0.104277
0 0.731444 0.516040 0.062220 0.062220
0 0.878018 0.493052 0.070161 0.070161
0 0.380104 0.163713 0.062220 0.062220
0 0.508738 0.484664 0.104278 0.104278
0 0.759225 0.920377 0.057104 0.057104
0 0.628131 0.156071 0.057104 0.057104
0 0.175459 0.299271 0.062220 0.062220
0 0.486540 0.992325 0.104277 0.104277
0 0.667419 0.464176 0.071945 0.071945
0 0.963725 0.522805 0.062220 0.062220
0 0.980853 0.825097 0.061131 0.061131
0 0.641839 0.232756 0.062220 0.062220
0 0.295301 0.925384 0.104277 0.104277
0 0.188878 0.539548 0.104277 0.104277
0 0.149884 0.434542 0.071945 0.071945
0 0.408834 0.522243 0.071945 0.071945
0 0.074145 0.372002 0.057104 0.057104
0 0.914755 0.432276 0.061130 0.061130
0 0.505937 0.856474 0.057104 0.057104
0 0.153136 0.947215 0.062220 0.062220
0 0.627640 0.315517 0.071945 0.071945
0 0.164801 0.837437 0.062220 0.062220
0 0.454507 0.805343 0.104277 0.104277
0 0.226446 0.983736 0.062220 0.062220
0 0.561944 0.254518 0.104277 0.104277
0 0.378185 0.330298 0.104277 0.104277
0 0.505406 0.366955 0.057104 0.057104
0 0.497489 0.230254 0.071945 0.071945
0 0.069347 0.978490 0.104278 0.104278
0 0.730154 0.836804 0.104277 0.104277
0 0.714352 0.186510 0.071945 0.071945
0 0.420868 0.674291 0.052757 0.052757
0 0.895316 0.655868 0.104277 0.104277
0 0.996180 0.400465 0.057104 0.057104
0 0.687929 0.657652 0.062220 0.062220
0 0.996936 0.203321 0.061131 0.061131
0 0.273679 0.599869 0.062220 0.062220
0 0.542254 0.920973 0.057104 0.057104
0 0.295780 0.239003 0.104277 0.104277
0 0.966652 0.302596 0.071945 0.071945
0 0.069599 0.740380 0.052757 0.052757
0 0.856107 0.362778 0.071945 0.071945
0 0.747798 0.999337 0.052757 0.052757
0 0.787546 0.637529 0.062220 0.062220
0 0.219137 0.715760 0.061130 0.061130
0 0.106917 0.271473 0.071945 0.071945
0 0.717749 0.297832 0.052757 0.052757
0 0.595071 0.560656 0.071945 0.071945
0 0.585737 0.796440 0.052757 0.052757
0 0.070505 0.634168 0.104277 0.104277
0 0.093170 0.478434 0.052757 0.052757
0 0.228896 0.376849 0.104277 0.104277
0 0.300000 0.326438 0.057104 0.057104
0 0.883177 0.888743 0.062220 0.062220
0 0.286548 0.684351 0.061130 0.061130
0 0.155722 0.663609 0.061130 0.061130
0 0.443757 0.932191 0.052757 0.052757
0 0.773346 0.352943 0.052757 0.052757
0 0.827029 0.181907 0.071945 0.071945
0 0.364662 0.623750 0.071945 0.071945
0 0.978008 0.687360 0.061131 0.061131
0 0.326576 0.403110 0.104277 0.104277
0 0.850963 0.263160 0.057104 0.057104
0 0.223089 0.474239 0.057104 0.057104
0 0.303649 0.796402 0.057104 0.057104
0 0.467473 0.305854 0.062220 0.062220
0 0.537501 0.136434 0.104277 0.104277
0 0.940992 0.765523 0.052757 0.052757
0 0.845959 0.565556 0.052757 0.052757
0 0.102104 0.807544 0.061130 0.061130
0 0.122752 0.573651 0.104278 0.104278
0 0.909733 0.149752 0.104277 0.104277
0 0.819043 0.790938 0.104277 0.104277
0 0.597561 0.870925 0.061130 0.061130
0 0.541412 0.690841 0.104277 0.104277
0 0.504113 0.561741 0.052757 0.052757
0 0.724612 0.595504 0.057104 0.057104
0 0.606997 0.719930 0.071945 0.071945
0 0.683141 0.360367 0.104277 0.104277
0 0.837560 0.946372 0.061130 0.061130
0 0.142255 0.361394 0.071945 0.071945
0 0.601134 0.482434 0.056505 0.056505
0 0.240153 0.844080 0.062220 0.062220
0 0.821226 0.703787 0.057104 0.057104
0 0.595431 0.413745 0.061130 0.061130
0 0.923765 0.958095 0.071945 0.071945
0 0.928332 0.363830 0.057103 0.057103
0 0.671948 0.745086 0.057104 0.057104
0 0.394985 0.437547 0.062220 0.062220
0 0.305536 0.143490 0.062220 0.062220
0 0.354025 0.973300 0.104277 0.104277
0 0.332248 0.557966 0.057104 0.057104
0 0.359427 0.853595 0.057104 0.057104
0 0.412261 0.224797 0.061130 0.061130
0 0.206916 0.232419 0.057104 0.057104
0 0.180478 0.143562 0.071945 0.071945
0 0.106558 0.892343 0.061130 0.061130