0 0.819552 0.688255 0.104278 0.104278
0 0.937696 0.849603 0.052757 0.052757
0 0.548511 0.183731 0.052757 0.052757
0 0.462229 0.840578 0.061130 0.061130
0 0.836990 0.799060 0.052757 0.052757
0 0.858061 0.970287 0.052757 0.052757
0 0.912409 0.073574 0.062220 0.062220
0 0.472197 0.604912 0.057104 0.057104
0 0.823244 0.258733 0.104277 0.104277
0 0.515207 0.917965 0.104277 0.104277
0 0.548056 0.391561 0.057104 0.057104
0 0.769398 0.599693 0.052757 0.052757
0 0.175088 0.585765 0.071945 0.071945
0 0.313693 0.690287 0.104277 0.104277
0 0.234124 0.759211 0.052757 0.052757
0 0.592865 0.074207 0.057104 0.057104
0 0.457079 0.759448 0.104277 0.104277
0 0.679796 0.070464 0.057104 0.057104
0 0.902648 0.196983 0.071945 0.071945
0 0.954527 0.591938 0.052757 0.052757
0 0.146692 0.753409 0.052757 0.052757
0 0.393034 0.841505 0.052757 0.052757
0 0.769562 0.906112 0.057104 0.057104
0 0.974899 0.987716 0.052757 0.052757
0 0.920600 0.512569 0.071945 0.071945
0 0.694277 0.718166 0.061130 0.061130
0 0.585630 0.617008 0.071945 0.071945
0 0.752279 0.832704 0.052757 0.052757
0 0.973867 0.163432 0.057104 0.057104
0 0.105639 0.315883 0.071945 0.071945
0 0.295463 0.498512 0.061130 0.061130
0 0.098705 0.245427 0.071945 0.071945
0 0.594378 0.340194 0.071945 0.071945
0 0.574534 0.785301 0.061130 0.061130
0 0.545203 0.701636 0.062220 0.062220
0 0.688973 0.552822 0.062220 0.062220
0 0.804634 0.381822 0.061130 0.061130
0 0.013505 0.849813 0.061130 0.061130
0 0.594572 0.947602 0.052757 0.052757
0 0.744746 0.983887 0.057104 0.057104
0 0.294494 0.142437 0.071945 0.071945
0 0.248331 0.648290 0.104277 0.104277
0 0.739946 0.284083 0.061130 0.061130
0 0.711020 0.212348 0.061130 0.061130
0 0.889700 0.338618 0.104277 0.104277
0 0.743400 0.490209 0.061130 0.061130
0 0.481553 0.025183 0.104277 0.104277
0 0.305663 0.224135 0.071945 0.071945
0 0.843493 0.582745 0.057104 0.057104
0 0.735642 0.406527 0.104277 0.104277
0 0.943094 0.660361 0.062220 0.062220
0 0.940261 0.387155 0.104277 0.104277
0 0.424950 0.175266 0.052757 0.052757
0 0.919166 0.274465 0.052757 0.052757
0 0.256914 0.306360 0.052757 0.052757
0 0.949566 0.919026 0.104277 0.104277
0 0.100550 0.645991 0.052757 0.052757
0 0.631525 0.147952 0.071945 0.071945
0 0.685853 0.794801 0.104277 0.104277
0 0.180691 0.178793 0.061130 0.061130
0 0.646499 0.648822 0.071945 0.071945
0 0.188641 0.499948 0.104277 0.104277
0 0.889397 0.716450 0.104277 0.104277
0 0.517402 0.106619 0.104277 0.104277
0 0.387565 0.712889 0.071945 0.071945
0 0.527437 0.556986 0.050932 0.050932
0 0.067223 0.049065 0.061130 0.061130
0 0.664173 0.378100 0.052757 0.052757
0 0.139548 0.410818 0.057104 0.057104
0 0.430310 0.324991 0.071945 0.071945
0 0.641070 0.285160 0.061130 0.061130
0 0.216672 0.249619 0.062220 0.062220
0 0.854405 0.494662 0.057104 0.057104
0 0.387894 0.611622 0.071945 0.071945
0 0.295531 0.374793 0.104277 0.104277
0 0.002286 0.174737 0.061130 0.061130
0 0.066754 0.733201 0.104277 0.104277
0 0.077860 0.987268 0.057104 0.057104
0 0.637974 0.445126 0.061130 0.061130
0 0.500339 0.288285 0.071945 0.071945
0 0.260862 0.975904 0.104277 0.104277
0 0.311005 0.820139 0.104277 0.104277
0 0.627826 0.004786 0.048997 0.048997
0 0.851522 0.888117 0.061131 0.061131
0 0.094628 0.475535 0.062220 0.062220
0 0.698629 0.929442 0.104277 0.104277
0 0.301511 0.596441 0.052757 0.052757
0 0.826834 0.150778 0.062220 0.062220
0 0.598766 0.541811 0.062220 0.062220
0 0.394521 0.519715 0.062220 0.062220
0 0.216678 0.894916 0.052757 0.052757
0 0.060318 0.126299 0.057104 0.057104
0 0.830411 0.060967 0.061131 0.061131
0 0.095907 0.809705 0.104277 0.104277
0 0.185567 0.967552 0.061130 0.061130
0 0.251372 0.071342 0.071945 0.071945
0 0.034412 0.571604 0.057104 0.057104
0 0.405185 0.099163 0.104277 0.104277
0 0.308910 0.910502 0.062220 0.062220
0 0.171311 0.064266 0.071945 0.071945
0 0.375420 0.945544 0.071945 0.071945
0 0.773534 0.758169 0.071945 0.071945
0 0.604527 0.869198 0.061130 0.061130
0 0.244289 0.429720 0.071945 0.071945
0 0.339374 0.434689 0.047555 0.047555
0 0.473474 0.459485 0.052757 0.052757
0 0.103891 0.558490 0.057103 0.057103
0 0.757919 0.157772 0.071945 0.071945
0 0.469194 0.677590 0.071945 0.071945
0 0.087602 0.881047 0.104277 0.104277
0 0.553424 0.467366 0.071945 0.071945
0 0.000556 0.262953 0.062220 0.062220