0 0.712255 0.753617 0.071945 0.071945
0 0.610989 0.867894 0.062220 0.062220
0 0.743967 0.865841 0.057104 0.057104
0 0.776778 0.791149 0.052757 0.052757
0 0.588724 0.982804 0.104277 0.104277
0 0.843027 0.287293 0.061130 0.061130
0 0.813456 0.424506 0.061130 0.061130
0 0.423243 0.300962 0.052757 0.052757
0 0.516456 0.248036 0.052757 0.052757
0 0.583726 0.797187 0.052757 0.052757
0 0.674143 0.997092 0.062220 0.062220
0 0.814097 0.888884 0.071945 0.071945
0 0.737255 0.212530 0.104277 0.104277
0 0.675885 0.817497 0.071945 0.071945
0 0.328267 0.217270 0.062220 0.062220
0 0.844398 0.652233 0.061131 0.061131
0 0.863032 0.827097 0.071945 0.071945
0 0.244807 0.649874 0.071945 0.071945
0 0.526206 0.557250 0.061130 0.061130
0 0.342466 0.337252 0.062220 0.062220
0 0.060600 0.588430 0.062220 0.062220
0 0.514919 0.920622 0.071945 0.071945
0 0.077728 0.890722 0.061131 0.061131
0 0.365368 0.801773 0.061130 0.061130
0 0.875598 0.750460 0.071945 0.071945
0 0.390381 0.920648 0.104277 0.104277
0 0.097171 0.652266 0.104277 0.104277
0 0.272366 0.304657 0.052757 0.052757
0 0.011630 0.497901 0.061130 0.061130
0 0.141140 0.787192 0.071945 0.071945
0 0.806385 0.996025 0.104278 0.104278
0 0.398751 0.474094 0.061130 0.061130
0 0.495305 0.453195 0.057104 0.057104
0 0.205356 0.383706 0.071945 0.071945
0 0.755736 0.565529 0.057104 0.057104
0 0.093055 0.466090 0.057104 0.057104
0 0.093811 0.268946 0.061131 0.061131
0 0.403250 0.224574 0.057104 0.057104
0 0.558417 0.401147 0.062220 0.062220
0 0.063527 0.368221 0.071945 0.071945
0 0.610890 0.658467 0.062220 0.062220
0 0.190646 0.286235 0.052757 0.052757
0 0.574465 0.720034 0.062220 0.062220
0 0.126475 0.531729 0.062220 0.062220
0 0.671661 0.251250 0.071945 0.071945
0 0.396160 0.391382 0.061131 0.061131
0 0.171039 0.715667 0.061131 0.061131
0 0.786940 0.342782 0.104278 0.104278
0 0.074883 0.752985 0.061131 0.061131
0 0.343424 0.527189 0.071945 0.071945
0 0.254889 0.224450 0.062220 0.062220
0 0.858104 0.527527 0.061131 0.061131
0 0.037867 0.831148 0.052757 0.052757
0 0.536617 0.647181 0.052757 0.052757
0 0.335055 0.723511 0.057104 0.057104
0 0.636158 0.390574 0.052757 0.052757
0 0.189980 0.564844 0.071945 0.071945
0 0.452966 0.540719 0.052757 0.052757
0 0.271154 0.426847 0.071945 0.071945
0 0.704011 0.332052 0.062220 0.062220
0 0.006608 0.215377 0.104277 0.104277
0 0.472899 0.738087 0.071945 0.071945
0 0.374861 0.652658 0.062220 0.062220
0 0.573577 0.292833 0.071945 0.071945
0 0.706316 0.448089 0.052559 0.052559
0 0.201560 0.487894 0.071945 0.071945
0 0.748990 0.684446 0.062220 0.062220
0 0.206805 0.838811 0.104277 0.104277
0 0.273147 0.908248 0.052757 0.052757
0 0.441817 0.676250 0.104277 0.104277
0 0.280302 0.773792 0.071945 0.071945
0 0.294275 0.583806 0.104277 0.104277
0 0.025207 0.429455 0.057103 0.057103
0 0.653242 0.527895 0.071945 0.071945
0 0.809119 0.718674 0.104278 0.104278
0 0.497058 0.836992 0.104277 0.104277
0 0.177924 0.215799 0.057104 0.057104
0 0.553835 0.491685 0.052757 0.052757
0 0.160704 0.897948 0.052757 0.052757
0 0.506531 0.341027 0.061131 0.061131
0 0.576248 0.214442 0.062220 0.062220