0 0.987717 0.811977 0.104277 0.104277
0 0.944169 0.599986 0.061130 0.061130
0 0.877262 0.460315 0.104277 0.104277
0 0.939088 0.369267 0.071945 0.071945
0 0.844940 0.561884 0.052757 0.052757
0 0.882971 0.232368 0.104277 0.104277
0 0.389136 0.514981 0.052757 0.052757
0 0.338785 0.008302 0.062220 0.062220
0 0.981841 0.726792 0.057104 0.057104
0 0.753034 0.404824 0.062220 0.062220
0 0.312822 0.936162 0.057104 0.057104
0 0.663869 0.589983 0.104277 0.104277
0 0.263342 0.235518 0.052757 0.052757
0 0.921847 0.526523 0.061131 0.061131
0 0.388681 0.722811 0.057104 0.057104
0 0.954981 0.278864 0.057104 0.057104
0 0.454723 0.129978 0.071945 0.071945
0 0.501971 0.192417 0.061130 0.061130
0 0.680105 0.316372 0.052757 0.052757
0 0.982223 0.105778 0.057104 0.057104
0 0.610023 0.930943 0.052757 0.052757
0 0.015713 0.917015 0.071945 0.071945
0 0.433490 0.405457 0.057104 0.057104
0 0.747305 0.252281 0.052757 0.052757
0 0.520421 0.401714 0.057104 0.057104
0 0.743273 0.528233 0.071945 0.071945
0 0.795152 0.923188 0.052757 0.052757
0 0.852368 0.334564 0.071945 0.071945
0 0.201832 0.147012 0.071945 0.071945
0 0.131587 0.139927 0.057104 0.057104
0 0.399640 0.305919 0.057104 0.057104
0 0.761225 0.843819 0.071945 0.071945
0 0.426255 0.948258 0.071945 0.071945
0 0.814492 0.494682 0.057104 0.057104
0 0.136088 0.829762 0.061130 0.061130
0 0.546829 0.070110 0.061130 0.061130
0 0.435003 0.671444 0.071945 0.071945
0 0.529598 0.884072 0.062220 0.062220
0 0.645259 0.713072 0.061130 0.061130
0 0.872576 0.957195 0.052757 0.052757
0 0.135119 0.473687 0.071945 0.071945
0 0.088956 0.979540 0.104277 0.104277
0 0.818966 0.134400 0.104277 0.104277
0 0.580571 0.615333 0.061130 0.061130
0 0.551645 0.543598 0.061130 0.061130
0 0.332763 0.269871 0.104277 0.104277
0 0.196803 0.048049 0.057104 0.057104
0 0.438519 0.049796 0.057104 0.057104
0 0.104158 0.225178 0.057104 0.057104
0 0.730325 0.669868 0.104277 0.104277
0 0.893730 0.767741 0.071945 0.071945
0 0.307085 0.164133 0.104277 0.104277
0 0.591128 0.281536 0.052757 0.052757
0 0.584025 0.821459 0.061130 0.061130
0 0.322178 0.356433 0.104277 0.104277
0 0.146288 0.555385 0.071945 0.071945
0 0.684118 0.913995 0.057104 0.057104
0 0.576267 0.737777 0.104277 0.104277
0 0.783719 0.991611 0.062220 0.062220
0 0.111642 0.057432 0.052757 0.052757
0 0.306343 0.069402 0.052757 0.052757
0 0.780886 0.718405 0.104277 0.104277
0 0.265575 0.506516 0.052757 0.052757
0 0.759791 0.605715 0.052757 0.052757
0 0.097539 0.637610 0.052757 0.052757
0 0.030222 0.316164 0.061130 0.061130
0 0.472150 0.479202 0.071945 0.071945
0 0.397095 0.232172 0.062220 0.062220
0 0.021316 0.510043 0.061130 0.061130
0 0.487124 0.980072 0.071945 0.071945
0 0.029266 0.831198 0.104277 0.104277
0 0.711427 0.171869 0.052757 0.052757
0 0.358027 0.437869 0.104277 0.104277
0 0.884855 0.851657 0.057104 0.057104
0 0.368062 0.888236 0.050932 0.050932
0 0.504798 0.709350 0.052757 0.052757
0 0.668959 0.005824 0.104278 0.104278
0 0.270935 0.656241 0.071945 0.071945
0 0.481695 0.616410 0.061130 0.061130
0 0.057297 0.580869 0.062220 0.062220
0 0.840724 0.674465 0.052757 0.052757
0 0.049405 0.016868 0.061130 0.061130
0 0.695030 0.825912 0.057104 0.057104
0 0.919102 0.069995 0.062220 0.062220
0 0.193835 0.252664 0.057104 0.057104
0 0.504343 0.261571 0.057104 0.057104
0 0.228519 0.942872 0.071945 0.071945
0 0.136156 0.706043 0.104277 0.104277
0 0.725977 0.071735 0.062220 0.062220
0 0.604534 0.186311 0.057104 0.057104
0 0.478599 0.776376 0.061130 0.061130
0 0.340964 0.619535 0.071945 0.071945
0 0.193599 0.330773 0.061130 0.061130
0 0.123436 0.318052 0.062220 0.062220
0 0.468451 0.336036 0.048997 0.048997
0 0.757897 0.004106 0.071945 0.071945
0 0.671477 0.240667 0.062220 0.062220
0 0.142136 0.927691 0.052757 0.052757
0 0.667459 0.482028 0.062220 0.062220
0 0.798098 0.061032 0.052757 0.052757
0 0.439391 0.873061 0.062220 0.062220
0 0.235146 0.850965 0.062220 0.062220
0 0.671036 0.392217 0.061131 0.061131
0 0.091997 0.402592 0.071945 0.071945
0 0.245810 0.430413 0.104277 0.104277
0 0.011936 0.395516 0.071945 0.071945
0 0.002187 0.118375 0.061130 0.061130
0 0.084914 0.760970 0.071945 0.071945
0 0.179999 0.765939 0.047555 0.047555
0 0.314099 0.790735 0.052757 0.052757
0 0.386252 0.154280 0.057104 0.057104
0 0.598544 0.489022 0.071945 0.071945
0 0.394049 0.798616 0.071945 0.071945