0 0.813302 0.688255 0.104278 0.104278
0 0.998065 0.230634 0.052757 0.052757
0 0.931446 0.849603 0.052757 0.052757
0 0.542261 0.183731 0.052757 0.052757
0 0.455979 0.840578 0.061130 0.061130
0 0.830740 0.799060 0.052757 0.052757
0 0.851811 0.970287 0.052757 0.052757
0 0.906159 0.073574 0.062220 0.062220
0 0.465947 0.604912 0.057104 0.057104
0 0.816994 0.258733 0.104277 0.104277
0 0.508957 0.917965 0.104277 0.104277
0 0.541806 0.391561 0.057104 0.057104
0 0.763148 0.599693 0.052757 0.052757
0 0.168838 0.585765 0.071945 0.071945
0 0.307443 0.690287 0.104277 0.104277
0 0.227874 0.759211 0.052757 0.052757
0 0.586615 0.074207 0.057104 0.057104
0 0.450829 0.759448 0.104277 0.104277
0 0.673546 0.070464 0.057104 0.057104
0 0.896398 0.196983 0.071945 0.071945
0 0.948277 0.591938 0.052757 0.052757
0 0.140442 0.753409 0.052757 0.052757
0 0.386784 0.841505 0.052757 0.052757
0 0.763312 0.906112 0.057104 0.057104
0 0.968649 0.987716 0.052757 0.052757
0 0.914350 0.512569 0.071945 0.071945
0 0.688027 0.718166 0.061130 0.061130
0 0.579380 0.617008 0.071945 0.071945
0 0.746029 0.832704 0.052757 0.052757
0 0.967617 0.163432 0.057104 0.057104
0 0.099389 0.315883 0.071945 0.071945
0 0.289213 0.498512 0.061130 0.061130
0 0.092455 0.245427 0.071945 0.071945
0 0.588128 0.340194 0.071945 0.071945
0 0.568284 0.785301 0.061130 0.061130
0 0.538953 0.701636 0.062220 0.062220
0 0.682723 0.552822 0.062220 0.062220
0 0.798384 0.381822 0.061130 0.061130
0 0.007255 0.849813 0.061130 0.061130
0 0.588322 0.947602 0.052757 0.052757
0 0.738496 0.983887 0.057104 0.057104
0 0.288244 0.142437 0.071945 0.071945
0 0.242081 0.648290 0.104277 0.104277
0 0.733696 0.284083 0.061130 0.061130
0 0.704770 0.212348 0.061130 0.061130
0 0.883450 0.338618 0.104277 0.104277
0 0.737150 0.490209 0.061130 0.061130
0 0.475303 0.025183 0.104277 0.104277
0 0.299413 0.224135 0.071945 0.071945
0 0.837243 0.582745 0.057104 0.057104
0 0.729392 0.406527 0.104277 0.104277
0 0.936844 0.660361 0.062220 0.062220
0 0.934011 0.387155 0.104277 0.104277
0 0.418700 0.175266 0.052757 0.052757
0 0.912916 0.274465 0.052757 0.052757
0 0.250664 0.306360 0.052757 0.052757
0 0.943316 0.919026 0.104277 0.104277
0 0.094300 0.645991 0.052757 0.052757
0 0.625275 0.147952 0.071945 0.071945
0 0.679603 0.794801 0.104277 0.104277
0 0.174441 0.178793 0.061130 0.061130
0 0.640249 0.648822 0.071945 0.071945
0 0.182391 0.499948 0.104277 0.104277
0 0.883147 0.716450 0.104277 0.104277
0 0.511152 0.106619 0.104277 0.104277
0 0.381315 0.712889 0.071945 0.071945
0 0.521187 0.556986 0.050932 0.050932
0 0.060973 0.049065 0.061130 0.061130
0 0.657923 0.378100 0.052757 0.052757
0 0.133298 0.410818 0.057104 0.057104
0 0.424060 0.324991 0.071945 0.071945
0 0.634820 0.285160 0.061130 0.061130
0 0.210422 0.249619 0.062220 0.062220
0 0.993849 0.343215 0.052757 0.052757
0 0.848155 0.494662 0.057104 0.057104
0 0.381644 0.611622 0.071945 0.071945
0 0.289281 0.374793 0.104277 0.104277
0 0.060504 0.733201 0.104277 0.104277
0 0.071610 0.987268 0.057104 0.057104
0 0.631724 0.445126 0.061130 0.061130
0 0.494089 0.288285 0.071945 0.071945
0 0.254612 0.975904 0.104277 0.104277
0 0.304755 0.820139 0.104277 0.104277
0 0.621576 0.004786 0.048997 0.048997
0 0.845272 0.888117 0.061131 0.061131
0 0.088378 0.475535 0.062220 0.062220
0 0.692379 0.929442 0.104277 0.104277
0 0.295261 0.596441 0.052757 0.052757
0 0.820584 0.150778 0.062220 0.062220
0 0.592516 0.541811 0.062220 0.062220
0 0.388271 0.519715 0.062220 0.062220
0 0.210428 0.894916 0.052757 0.052757
0 0.054068 0.126299 0.057104 0.057104
0 0.824161 0.060967 0.061131 0.061131
0 0.089657 0.809705 0.104277 0.104277
0 0.179317 0.967552 0.061130 0.061130
0 0.245122 0.071342 0.071945 0.071945
0 0.028162 0.571604 0.057104 0.057104
0 0.398935 0.099163 0.104277 0.104277
0 0.302660 0.910502 0.062220 0.062220
0 0.165061 0.064266 0.071945 0.071945
0 0.369170 0.945544 0.071945 0.071945
0 0.767284 0.758169 0.071945 0.071945
0 0.598277 0.869198 0.061130 0.061130
0 0.238039 0.429720 0.071945 0.071945
0 0.333124 0.434689 0.047555 0.047555
0 0.467224 0.459485 0.052757 0.052757
0 0.097641 0.558490 0.057103 0.057103
0 0.751669 0.157772 0.071945 0.071945
0 0.462944 0.677590 0.071945 0.071945
0 0.081352 0.881047 0.104277 0.104277
0 0.547174 0.467366 0.071945 0.071945