0 0.000195 0.195009 0.104277 0.104277
0 0.702370 0.507198 0.062220 0.062220
0 0.451362 0.810231 0.104277 0.104277
0 0.656444 0.566040 0.062220 0.062220
0 0.803018 0.543052 0.070161 0.070161
0 0.305104 0.213713 0.062220 0.062220
0 0.433738 0.534664 0.104278 0.104278
0 0.684225 0.970377 0.057104 0.057104
0 0.553131 0.206071 0.057104 0.057104
0 0.100459 0.349271 0.062220 0.062220
0 0.592419 0.514176 0.071945 0.071945
0 0.888725 0.572805 0.062220 0.062220
0 0.905853 0.875097 0.061131 0.061131
0 0.566839 0.282756 0.062220 0.062220
0 0.220301 0.975384 0.104277 0.104277
0 0.113878 0.589548 0.104277 0.104277
0 0.074884 0.484542 0.071945 0.071945
0 0.925296 0.636641 0.104277 0.104277
0 0.333834 0.572243 0.071945 0.071945
0 0.839755 0.482276 0.061130 0.061130
0 0.430937 0.906474 0.057104 0.057104
0 0.078136 0.997215 0.062220 0.062220
0 0.552640 0.365517 0.071945 0.071945
0 0.089801 0.887437 0.062220 0.062220
0 0.379507 0.855343 0.104277 0.104277
0 0.969265 0.771567 0.071945 0.071945
0 0.486944 0.304518 0.104277 0.104277
0 0.303185 0.380298 0.104277 0.104277
0 0.430406 0.416955 0.057104 0.057104
0 0.422489 0.280254 0.071945 0.071945
0 0.655154 0.886804 0.104277 0.104277
0 0.639352 0.236510 0.071945 0.071945
0 0.345868 0.724291 0.052757 0.052757
0 0.820316 0.705868 0.104277 0.104277
0 0.921180 0.450465 0.057104 0.057104
0 0.612929 0.707652 0.062220 0.062220
0 0.921936 0.253321 0.061131 0.061131
0 0.198679 0.649869 0.062220 0.062220
0 0.467254 0.970973 0.057104 0.057104
0 0.220780 0.289003 0.104277 0.104277
0 0.891652 0.352596 0.071945 0.071945
0 0.781107 0.412778 0.071945 0.071945
0 0.712546 0.687529 0.062220 0.062220
0 0.144137 0.765760 0.061130 0.061130
0 0.031917 0.321473 0.071945 0.071945
0 0.642749 0.347832 0.052757 0.052757
0 0.520071 0.610656 0.071945 0.071945
0 0.510737 0.846440 0.052757 0.052757
0 0.018170 0.528434 0.052757 0.052757
0 0.954600 0.516104 0.062220 0.062220
0 0.153896 0.426849 0.104277 0.104277
0 0.225000 0.376438 0.057104 0.057104
0 0.808177 0.938743 0.062220 0.062220
0 0.211548 0.734351 0.061130 0.061130
0 0.080722 0.713609 0.061130 0.061130
0 0.368757 0.982191 0.052757 0.052757
0 0.698346 0.402943 0.052757 0.052757
0 0.999164 0.700042 0.061131 0.061131
0 0.752029 0.231907 0.071945 0.071945
0 0.289662 0.673750 0.071945 0.071945
0 0.903008 0.737360 0.061131 0.061131
0 0.251576 0.453110 0.104277 0.104277
0 0.775963 0.313160 0.057104 0.057104
0 0.148089 0.524239 0.057104 0.057104
0 0.228649 0.846402 0.057104 0.057104
0 0.392473 0.355854 0.062220 0.062220
0 0.462501 0.186434 0.104277 0.104277
0 0.865992 0.815523 0.052757 0.052757
0 0.770959 0.615556 0.052757 0.052757
0 0.027104 0.857544 0.061130 0.061130
0 0.047752 0.623651 0.104278 0.104278
0 0.834733 0.199752 0.104277 0.104277
0 0.744043 0.840938 0.104277 0.104277
0 0.522561 0.920925 0.061130 0.061130
0 0.466412 0.740841 0.104277 0.104277
0 0.429113 0.611741 0.052757 0.052757
0 0.649612 0.645504 0.057104 0.057104
0 0.531997 0.769930 0.071945 0.071945
0 0.608141 0.410367 0.104277 0.104277
0 0.762560 0.996372 0.061130 0.061130
0 0.067255 0.411394 0.071945 0.071945
0 0.526134 0.532434 0.056505 0.056505
0 0.165153 0.894080 0.062220 0.062220
0 0.746226 0.753787 0.057104 0.057104
0 0.520431 0.463745 0.061130 0.061130
0 0.853332 0.413830 0.057103 0.057103
0 0.596948 0.795086 0.057104 0.057104
0 0.319985 0.487547 0.062220 0.062220
0 0.230536 0.193490 0.062220 0.062220
0 0.257248 0.607966 0.057104 0.057104
0 0.284427 0.903595 0.057104 0.057104
0 0.337261 0.274797 0.061130 0.061130
0 0.131916 0.282419 0.057104 0.057104
0 0.105478 0.193562 0.071945 0.071945
0 0.988829 0.882323 0.052757 0.052757
0 0.031558 0.942343 0.061130 0.061130