0 0.623511 0.946231 0.052757 0.052757
0 0.573160 0.439552 0.062220 0.062220
0 0.987409 0.836074 0.062220 0.062220
0 0.497717 0.666768 0.052757 0.052757
0 0.044502 0.867911 0.071945 0.071945
0 0.520045 0.313937 0.057103 0.057103
0 0.689098 0.561228 0.071945 0.071945
0 0.153645 0.287223 0.104277 0.104277
0 0.736346 0.623667 0.061130 0.061130
0 0.291391 0.359582 0.052757 0.052757
0 0.914480 0.747622 0.052757 0.052757
0 0.667865 0.836707 0.057104 0.057104
0 0.981680 0.683531 0.052757 0.052757
0 0.754796 0.832964 0.057104 0.057104
0 0.065115 0.641647 0.104278 0.104278
0 0.724850 0.064127 0.057104 0.057104
0 0.977648 0.959483 0.071945 0.071945
0 0.974594 0.284813 0.062220 0.062220
0 0.452165 0.136075 0.104277 0.104277
0 0.436207 0.578262 0.071945 0.071945
0 0.365962 0.571177 0.057104 0.057104
0 0.260926 0.069134 0.104277 0.104277
0 0.634015 0.737169 0.057104 0.057104
0 0.471562 0.000224 0.057104 0.057104
0 0.118761 0.090965 0.062220 0.062220
0 0.662615 0.219258 0.057104 0.057104
0 0.192071 0.127486 0.062220 0.062220
0 0.781204 0.501360 0.061130 0.061130
0 0.034972 0.122240 0.104278 0.104278
0 0.582638 0.261693 0.052757 0.052757
0 0.369494 0.904937 0.071945 0.071945
0 0.335813 0.285035 0.062220 0.062220
0 0.035160 0.232995 0.071945 0.071945
0 0.507879 0.064723 0.057104 0.057104
0 0.786020 0.974848 0.061130 0.061130
0 0.665033 0.313758 0.057104 0.057104
0 0.567138 0.701121 0.104277 0.104277
0 0.431178 0.479299 0.057104 0.057104
0 0.672894 0.481046 0.057104 0.057104
0 0.338533 0.656428 0.057104 0.057104
0 0.713423 0.143087 0.052757 0.052757
0 0.784614 0.212168 0.104277 0.104277
0 0.541460 0.595383 0.104277 0.104277
0 0.825503 0.712786 0.052757 0.052757
0 0.124078 0.425486 0.062220 0.062220
0 0.556553 0.787683 0.104277 0.104277
0 0.380663 0.986635 0.071945 0.071945
0 0.346017 0.488682 0.052757 0.052757
0 0.540718 0.500652 0.052757 0.052757
0 0.357629 0.419973 0.061130 0.061130
0 0.499950 0.937766 0.052757 0.052757
0 0.726082 0.414145 0.104277 0.104277
0 0.861391 0.297342 0.061130 0.061130
0 0.597304 0.151773 0.057104 0.057104
0 0.426583 0.334791 0.071945 0.071945
0 0.943877 0.195130 0.104277 0.104277
0 0.264597 0.747414 0.061130 0.061130
0 0.848802 0.032493 0.062220 0.062220
0 0.706525 0.910452 0.071945 0.071945
0 0.631470 0.663422 0.062220 0.062220
0 0.255691 0.941293 0.061130 0.061130
0 0.409382 0.075941 0.052757 0.052757
0 0.945802 0.603119 0.052757 0.052757
0 0.938569 0.373456 0.062220 0.062220
0 0.592402 0.869119 0.104277 0.104277
0 0.142223 0.811565 0.061130 0.061130
0 0.205744 0.197142 0.057104 0.057104
0 0.741746 0.287866 0.061130 0.061130
0 0.903334 0.437074 0.104278 0.104278
0 0.986251 0.104094 0.061131 0.061131
0 0.283780 0.448118 0.061130 0.061130
0 0.250392 0.285304 0.062220 0.062220
0 0.428210 0.683914 0.057104 0.057104
0 0.738718 0.692821 0.057104 0.057104
0 0.157701 0.730977 0.057104 0.057104
0 0.230406 0.626088 0.104277 0.104277
0 0.077286 0.937237 0.061130 0.061130
0 0.960352 0.502985 0.062220 0.062220
0 0.040882 0.429000 0.061130 0.061130
0 0.838909 0.617561 0.057104 0.057104
0 0.563186 0.014675 0.061130 0.061130
0 0.427974 0.762023 0.061130 0.061130
0 0.357811 0.749302 0.062220 0.062220
0 0.702826 0.767286 0.048997 0.048997
0 0.082098 0.357008 0.061130 0.061130
0 0.992272 0.435356 0.071945 0.071945
0 0.273797 0.207369 0.057104 0.057104
0 0.905852 0.671917 0.062220 0.062220
0 0.129330 0.572680 0.104277 0.104277
0 0.132165 0.214718 0.052757 0.052757
0 0.803185 0.090122 0.061130 0.061130
0 0.639495 0.398468 0.057104 0.057104
0 0.837911 0.395154 0.104277 0.104277
0 0.514253 0.388817 0.104277 0.104277
0 0.901834 0.913278 0.062220 0.062220
0 0.087872 0.730025 0.057104 0.057104
0 0.843944 0.163035 0.061130 0.061130
0 0.135318 0.888799 0.057104 0.057104
0 0.905411 0.823467 0.061131 0.061131
0 0.326372 0.833842 0.071945 0.071945
0 0.538380 0.193894 0.062220 0.062220
0 0.889390 0.101845 0.071945 0.071945
0 0.167712 0.362690 0.071945 0.071945
0 0.480185 0.861663 0.104277 0.104277
0 0.246311 0.826766 0.071945 0.071945
0 0.236562 0.549625 0.061130 0.061130
0 0.319650 0.117050 0.104277 0.104277
0 0.438191 0.252749 0.052757 0.052757
0 0.620627 0.585530 0.057104 0.057104
0 0.385442 0.178206 0.062220 0.062220
0 0.039632 0.518432 0.071945 0.071945
0 0.832919 0.920272 0.071945 0.071945
0 0.072183 0.036093 0.061130 0.061130
0 0.204584 0.485815 0.062220 0.062220