0 0.737717 0.136977 0.104277 0.104277
0 0.410177 0.344505 0.104278 0.104278
0 0.664220 0.936282 0.071945 0.071945
0 0.888007 0.134653 0.062220 0.062220
0 0.939341 0.904261 0.071945 0.071945
0 0.465833 0.781627 0.104277 0.104277
0 0.528321 0.505853 0.052757 0.052757
0 0.708618 0.692599 0.061130 0.061130
0 0.200812 0.862821 0.052757 0.052757
0 0.212504 0.949370 0.104277 0.104277
0 0.052854 0.496828 0.061130 0.061130
0 0.427615 0.455310 0.052757 0.052757
0 0.881562 0.654475 0.071945 0.071945
0 0.448686 0.626537 0.052757 0.052757
0 0.562369 0.955737 0.062220 0.062220
0 0.192237 0.775400 0.104277 0.104277
0 0.731841 0.051792 0.057104 0.057104
0 0.524993 0.701672 0.071945 0.071945
0 0.274594 0.707198 0.104277 0.104277
0 0.767703 0.238428 0.051819 0.051819
0 0.198761 0.676258 0.061130 0.061130
0 0.062822 0.261162 0.057104 0.057104
0 0.947851 0.182141 0.052757 0.052757
0 0.105832 0.574215 0.104277 0.104277
0 0.138681 0.047811 0.057104 0.057104
0 0.660409 0.527229 0.104277 0.104277
0 0.960270 0.773333 0.104277 0.104277
0 0.325702 0.853253 0.104277 0.104277
0 0.082255 0.992857 0.061130 0.061130
0 0.963469 0.643615 0.062220 0.062220
0 0.360023 0.255943 0.052757 0.052757
0 0.843544 0.308772 0.104277 0.104277
0 0.838681 0.235479 0.071945 0.071945
0 0.047704 0.415698 0.104277 0.104277
0 0.121184 0.814180 0.052757 0.052757
0 0.602866 0.777961 0.052757 0.052757
0 0.545152 0.248188 0.052757 0.052757
0 0.412890 0.700716 0.104277 0.104277
0 0.360187 0.562362 0.057104 0.057104
0 0.565524 0.643966 0.052757 0.052757
0 0.759999 0.395401 0.054783 0.054783
0 0.896842 0.840537 0.062220 0.062220
0 0.740529 0.916087 0.061131 0.061131
0 0.927551 0.329313 0.057103 0.057103
0 0.263355 0.786348 0.061130 0.061130
0 0.698922 0.844538 0.071945 0.071945
0 0.728101 0.507567 0.071945 0.071945
0 0.487123 0.963087 0.062220 0.062220
0 0.728361 0.578391 0.061130 0.061130
0 0.511225 0.168819 0.071945 0.071945
0 0.005035 0.695290 0.052757 0.052757
0 0.284902 0.374416 0.061130 0.061130
0 0.176255 0.273258 0.071945 0.071945
0 0.342904 0.488954 0.052757 0.052757
0 0.608381 0.404069 0.057104 0.057104
0 0.973035 0.264015 0.061131 0.061131
0 0.014496 0.950314 0.057104 0.057104
0 0.383451 0.814708 0.071945 0.071945
0 0.165159 0.441551 0.061130 0.061130
0 0.135828 0.357886 0.062220 0.062220
0 0.817752 0.921809 0.052757 0.052757
0 0.279598 0.209072 0.062220 0.062220
0 0.395259 0.038072 0.061130 0.061130
0 0.527298 0.881347 0.061130 0.061130
0 0.622576 0.282195 0.052757 0.052757
0 0.185197 0.603852 0.052757 0.052757
0 0.335371 0.640137 0.057104 0.057104
0 0.315181 0.924512 0.071945 0.071945
0 0.643730 0.092741 0.071945 0.071945
0 0.029070 0.859621 0.071945 0.071945
0 0.852514 0.496059 0.052757 0.052757
0 0.334025 0.146459 0.061130 0.061130
0 0.434118 0.238995 0.057104 0.057104
0 0.326267 0.062777 0.104277 0.104277
0 0.533719 0.316611 0.062220 0.062220
0 0.530886 0.043405 0.104277 0.104277
0 0.540191 0.575276 0.104277 0.104277
0 0.895378 0.735570 0.052757 0.052757
0 0.276478 0.451051 0.104277 0.104277
0 0.807425 0.787434 0.052757 0.052757
0 0.237124 0.305072 0.071945 0.071945
0 0.626962 0.853821 0.057104 0.057104
0 0.480022 0.372700 0.104277 0.104277
0 0.958918 0.053099 0.104277 0.104277
0 0.634855 0.176657 0.057104 0.057104
0 0.118062 0.213236 0.050932 0.050932
0 0.254798 0.034350 0.052757 0.052757
0 0.872370 0.018321 0.071945 0.071945
0 0.445030 0.150912 0.057104 0.057104
0 0.836359 0.382150 0.104277 0.104277
0 0.228599 0.101376 0.061130 0.061130
0 0.540505 0.808811 0.050559 0.050559
0 0.669644 0.751590 0.061130 0.061130
0 0.798915 0.571962 0.071945 0.071945
0 0.900902 0.426348 0.057104 0.057104
0 0.940948 0.483486 0.104277 0.104277
0 0.442147 0.544367 0.061131 0.061131
0 0.289254 0.585692 0.104277 0.104277
0 0.797715 0.666515 0.071945 0.071945
0 0.746440 0.327447 0.052757 0.052757
0 0.673877 0.361674 0.104277 0.104277
0 0.189391 0.198061 0.062220 0.062220
0 0.364159 0.414419 0.071945 0.071945
0 0.195152 0.525448 0.061130 0.061130
0 0.604360 0.480639 0.071945 0.071945
0 0.064099 0.115735 0.052757 0.052757
0 0.095667 0.712898 0.104277 0.104277
0 0.910624 0.575090 0.104277 0.104277
0 0.635067 0.618579 0.104277 0.104277
0 0.399560 0.938493 0.052757 0.052757
0 0.059819 0.333840 0.071945 0.071945
0 0.809326 0.098220 0.057104 0.057104
0 0.144049 0.123616 0.071945 0.071945
0 0.134951 0.883158 0.104277 0.104277