0 0.441044 0.924986 0.061130 0.061130
0 0.843989 0.886695 0.052757 0.052757
0 0.374137 0.785315 0.104277 0.104277
0 0.435963 0.694267 0.071945 0.071945
0 0.587776 0.679877 0.071945 0.071945
0 0.666529 0.886735 0.104277 0.104277
0 0.341815 0.886884 0.052757 0.052757
0 0.744393 0.933260 0.071945 0.071945
0 0.638682 0.228911 0.104277 0.104277
0 0.671162 0.570180 0.061131 0.061131
0 0.828784 0.193439 0.104277 0.104277
0 0.379846 0.557368 0.104277 0.104277
0 0.872973 0.389687 0.057104 0.057104
0 0.999426 0.594647 0.062221 0.062221
0 0.888332 0.557652 0.104277 0.104277
0 0.965358 0.351566 0.104277 0.104277
0 0.791814 0.103196 0.057104 0.057104
0 0.702277 0.306575 0.104277 0.104277
0 0.249909 0.729824 0.062220 0.062220
0 0.507918 0.493339 0.052757 0.052757
0 0.160744 0.914983 0.104277 0.104277
0 0.989379 0.866761 0.071945 0.071945
0 0.705168 0.145155 0.061131 0.061131
0 0.418722 0.851523 0.061131 0.061131
0 0.451856 0.603864 0.057104 0.057104
0 0.588384 0.068688 0.071945 0.071945
0 0.502938 0.812018 0.052757 0.052757
0 0.770995 0.547820 0.104277 0.104277
0 0.176980 0.641372 0.052757 0.052757
0 0.641272 0.364230 0.062220 0.062220
0 0.559145 0.747978 0.057104 0.057104
0 0.479098 0.430778 0.057104 0.057104
0 0.475945 0.269953 0.052757 0.052757
0 0.949694 0.700735 0.052757 0.052757
0 0.671618 0.969989 0.036679 0.036679
0 0.587099 0.408216 0.061130 0.061130
0 0.863550 0.090218 0.071945 0.071945
0 0.301968 0.257256 0.061131 0.061131
0 0.889607 0.661546 0.062221 0.062221
0 0.505380 0.900600 0.057104 0.057104
0 0.244180 0.577281 0.052757 0.052757
0 0.017296 0.726714 0.057104 0.057104
0 0.891237 0.467034 0.071945 0.071945
0 0.828152 0.697175 0.052757 0.052757
0 0.796962 0.281025 0.061130 0.061130
0 0.815258 0.765037 0.104277 0.104277
0 0.240148 0.853233 0.071945 0.071945
0 0.237094 0.178563 0.062220 0.062220
0 0.530028 0.365239 0.061131 0.061131
0 0.720896 0.788669 0.104277 0.104277
0 0.349243 0.659564 0.071945 0.071945
0 0.579255 0.298692 0.057104 0.057104
0 0.811801 0.956144 0.062220 0.062220
0 0.989660 0.220602 0.057104 0.057104
0 0.311367 0.819682 0.057104 0.057104
0 0.645547 0.024200 0.104277 0.104277
0 0.043704 0.395110 0.061130 0.061130
0 0.667823 0.730377 0.061130 0.061130
0 0.802749 0.355900 0.061130 0.061130
0 0.746583 0.860992 0.061130 0.061130
0 0.334473 0.007981 0.071945 0.071945
0 0.315841 0.459400 0.104277 0.104277
0 0.077446 0.940333 0.061130 0.061130
0 0.048520 0.868598 0.061130 0.061130
0 0.617919 0.824860 0.062220 0.062220
0 0.047114 0.105918 0.104277 0.104277
0 0.227200 0.994868 0.104277 0.104277
0 0.088003 0.606536 0.052757 0.052757
0 0.531351 0.595890 0.062220 0.062220
0 0.895048 0.972068 0.104277 0.104277
0 0.348281 0.142395 0.061131 0.061131
0 0.256666 0.930715 0.052757 0.052757
0 0.123891 0.191092 0.061130 0.061130
0 0.206377 0.088880 0.104277 0.104277
0 0.563582 0.970403 0.062220 0.062220
0 0.941992 0.274604 0.052757 0.052757
0 0.437820 0.212774 0.057104 0.057104
0 0.598423 0.513741 0.071945 0.071945
0 0.208302 0.496869 0.052757 0.052757
0 0.201069 0.267206 0.062220 0.062220
0 0.561306 0.171398 0.071945 0.071945
0 0.004246 0.181616 0.061130 0.061130
0 0.165834 0.330824 0.104278 0.104278
0 0.337599 0.999465 0.052757 0.052757
0 0.415977 0.394995 0.062220 0.062220
0 0.001218 0.586571 0.057104 0.057104
0 0.979078 0.049942 0.057104 0.057104
0 0.860018 0.020062 0.057104 0.057104
0 0.717388 0.043948 0.052757 0.052757
0 0.222852 0.396735 0.062220 0.062220
0 0.101409 0.511311 0.057104 0.057104
0 0.892415 0.796198 0.071945 0.071945
0 0.467438 0.145822 0.052757 0.052757
0 0.254772 0.329106 0.071945 0.071945
0 0.168352 0.565667 0.062220 0.062220
0 0.986796 0.445173 0.104277 0.104277
0 0.741383 0.477402 0.057104 0.057104
0 0.100411 0.288904 0.104277 0.104277
0 0.432206 0.062665 0.057104 0.057104
0 0.164334 0.807028 0.062220 0.062220
0 0.294973 0.386032 0.052757 0.052757
0 0.724126 0.617340 0.057104 0.057104
0 0.106444 0.056785 0.061130 0.061130
0 0.167911 0.717217 0.061131 0.061131
0 0.283425 0.098806 0.071945 0.071945
0 0.732788 0.403703 0.104277 0.104277
0 0.959780 0.153407 0.061130 0.061130
0 0.802121 0.431298 0.104277 0.104277
0 0.816301 0.627556 0.052757 0.052757
0 0.095419 0.814022 0.071945 0.071945
0 0.383782 0.272415 0.061131 0.061131