0 0.305958 0.756863 0.052757 0.052757
0 0.857886 0.496231 0.052757 0.052757
0 0.781572 0.917412 0.057104 0.057104
0 0.732092 0.216768 0.052757 0.052757
0 0.278877 0.417911 0.071945 0.071945
0 0.857431 0.704061 0.057104 0.057104
0 0.923473 0.111228 0.071945 0.071945
0 0.970721 0.173667 0.061130 0.061130
0 0.271793 0.827108 0.062220 0.062220
0 0.484463 0.898265 0.071945 0.071945
0 0.902240 0.386707 0.057104 0.057104
0 0.989171 0.382964 0.057104 0.057104
0 0.299490 0.191647 0.104278 0.104278
0 0.670582 0.128262 0.071945 0.071945
0 0.600337 0.121177 0.057104 0.057104
0 0.868390 0.287169 0.057104 0.057104
0 0.895005 0.929508 0.071945 0.071945
0 0.269421 0.920278 0.052757 0.052757
0 0.415014 0.628383 0.071945 0.071945
0 0.604838 0.811012 0.061130 0.061130
0 0.408080 0.557927 0.071945 0.071945
0 0.903753 0.652694 0.071945 0.071945
0 0.998348 0.865322 0.062220 0.062220
0 0.603869 0.454937 0.071945 0.071945
0 0.557706 0.960790 0.104277 0.104277
0 0.801513 0.251121 0.104277 0.104277
0 0.665553 0.029299 0.057104 0.057104
0 0.907269 0.031046 0.057104 0.057104
0 0.572908 0.206428 0.057104 0.057104
0 0.775835 0.145383 0.104277 0.104277
0 0.790928 0.337683 0.104277 0.104277
0 0.615038 0.536635 0.071945 0.071945
0 0.580392 0.038682 0.052757 0.052757
0 0.775093 0.050652 0.052757 0.052757
0 0.734325 0.487766 0.052757 0.052757
0 0.566289 0.618860 0.052757 0.052757
0 0.409925 0.958491 0.052757 0.052757
0 0.498972 0.297414 0.061130 0.061130
0 0.307294 0.679199 0.104278 0.104278
0 0.940900 0.460452 0.071945 0.071945
0 0.865845 0.213422 0.062220 0.062220
0 0.490066 0.491293 0.061130 0.061130
0 0.955874 0.961322 0.071945 0.071945
0 0.498016 0.812448 0.104277 0.104277
0 0.826777 0.419119 0.104277 0.104277
0 0.836812 0.869486 0.050932 0.050932
0 0.376598 0.361565 0.061130 0.061130
0 0.973548 0.690600 0.052757 0.052757
0 0.448923 0.723318 0.057104 0.057104
0 0.739685 0.637491 0.071945 0.071945
0 0.950445 0.597660 0.061130 0.061130
0 0.526047 0.562119 0.062220 0.062220
0 0.662585 0.233914 0.057104 0.057104
0 0.973093 0.242821 0.057104 0.057104
0 0.392076 0.280977 0.057104 0.057104
0 0.464781 0.176088 0.104277 0.104277
0 0.697269 0.924122 0.071945 0.071945
0 0.604906 0.687293 0.104277 0.104277
0 0.311661 0.487237 0.061130 0.061130
0 0.947349 0.757626 0.061130 0.061130
0 0.809714 0.600785 0.071945 0.071945
0 0.662349 0.312023 0.061130 0.061130
0 0.592186 0.299302 0.062220 0.062220
0 0.937201 0.317286 0.048997 0.048997
0 0.404003 0.788035 0.062220 0.062220
0 0.363705 0.122680 0.104277 0.104277
0 0.610886 0.908941 0.052757 0.052757
0 0.908141 0.854311 0.062220 0.062220
0 0.703896 0.832215 0.062220 0.062220
0 0.322247 0.280025 0.057104 0.057104
0 0.369693 0.438799 0.057104 0.057104
0 0.560747 0.383842 0.071945 0.071945
0 0.343787 0.884104 0.057104 0.057104
0 0.714560 0.411663 0.104277 0.104277
0 0.480686 0.376766 0.071945 0.071945
0 0.470937 0.099625 0.061130 0.061130
0 0.553664 0.742220 0.071945 0.071945
0 0.648749 0.747189 0.047555 0.047555
0 0.782849 0.771985 0.052757 0.052757
0 0.855002 0.135530 0.057104 0.057104
0 0.274007 0.068432 0.071945 0.071945
0 0.413266 0.870990 0.057103 0.057103
0 0.778569 0.990090 0.071945 0.071945
0 0.862799 0.779866 0.071945 0.071945
0 0.309931 0.575453 0.062220 0.062220
0 0.438959 0.035815 0.062220 0.062220