0 0.363302 0.088255 0.104278 0.104278
0 0.127957 0.963205 0.062220 0.062220
0 0.617345 0.680032 0.071945 0.071945
0 0.892466 0.648011 0.071945 0.071945
0 0.418958 0.525377 0.104277 0.104277
0 0.924594 0.763381 0.052757 0.052757
0 0.481446 0.249603 0.052757 0.052757
0 0.661743 0.436349 0.061130 0.061130
0 0.153937 0.606571 0.052757 0.052757
0 0.165629 0.693120 0.104277 0.104277
0 0.005979 0.240578 0.061130 0.061130
0 0.512093 0.946745 0.104277 0.104277
0 0.380740 0.199060 0.052757 0.052757
0 0.834687 0.398225 0.071945 0.071945
0 0.401811 0.370287 0.052757 0.052757
0 0.515494 0.699487 0.062220 0.062220
0 0.145362 0.519150 0.104277 0.104277
0 0.478118 0.445422 0.071945 0.071945
0 0.227719 0.450948 0.104277 0.104277
0 0.151886 0.420008 0.061130 0.061130
0 0.015947 0.004912 0.057104 0.057104
0 0.540847 0.871745 0.057104 0.057104
0 0.990156 0.915564 0.071945 0.071945
0 0.058957 0.317965 0.104277 0.104277
0 0.613534 0.270979 0.104277 0.104277
0 0.913395 0.517083 0.104277 0.104277
0 0.609194 0.854181 0.104277 0.104277
0 0.494547 0.795243 0.061130 0.061130
0 0.373852 0.837117 0.057104 0.057104
0 0.278827 0.597003 0.104277 0.104277
0 0.035380 0.736607 0.061130 0.061130
0 0.116224 0.862065 0.062220 0.062220
0 0.973877 0.455581 0.057104 0.057104
0 0.769586 0.756443 0.052757 0.052757
0 0.916594 0.387365 0.062220 0.062220
0 0.311368 0.943875 0.057104 0.057104
0 0.427344 0.973966 0.104277 0.104277
0 0.158113 0.770275 0.057104 0.057104
0 0.796669 0.052522 0.104277 0.104277
0 0.736803 0.943311 0.071945 0.071945
0 0.000829 0.159448 0.104277 0.104277
0 0.074309 0.557930 0.052757 0.052757
0 0.946807 0.858320 0.102474 0.102474
0 0.555991 0.521711 0.052757 0.052757
0 0.841143 0.850495 0.104277 0.104277
0 0.194659 0.905718 0.057104 0.057104
0 0.366015 0.444466 0.104277 0.104277
0 0.313312 0.306112 0.057104 0.057104
0 0.518649 0.387716 0.052757 0.052757
0 0.713124 0.139151 0.054783 0.054783
0 0.006734 0.817819 0.061130 0.061130
0 0.849967 0.584287 0.062220 0.062220
0 0.693654 0.659837 0.061131 0.061131
0 0.880676 0.073063 0.057103 0.057103
0 0.216480 0.530098 0.061130 0.061130
0 0.652047 0.588288 0.071945 0.071945
0 0.681226 0.251317 0.071945 0.071945
0 0.440248 0.706837 0.062220 0.062220
0 0.681486 0.322141 0.061130 0.061130
0 0.238027 0.118166 0.061130 0.061130
0 0.655193 0.911148 0.057104 0.057104
0 0.129380 0.017008 0.071945 0.071945
0 0.296029 0.232704 0.052757 0.052757
0 0.974982 0.139884 0.061131 0.061131
0 0.561506 0.147819 0.057104 0.057104
0 0.926160 0.007765 0.061131 0.061131
0 0.467915 0.864675 0.104277 0.104277
0 0.336576 0.558458 0.071945 0.071945
0 0.118284 0.185301 0.061130 0.061130
0 0.088953 0.101636 0.062220 0.062220
0 0.770877 0.665559 0.052757 0.052757
0 0.480423 0.625097 0.061130 0.061130
0 0.575701 0.025945 0.052757 0.052757
0 0.138322 0.347602 0.052757 0.052757
0 0.288496 0.383887 0.057104 0.057104
0 0.753986 0.872669 0.062220 0.062220
0 0.290961 0.814406 0.062220 0.062220
0 0.268306 0.668262 0.071945 0.071945
0 0.805639 0.239809 0.052757 0.052757
0 0.486844 0.060361 0.062220 0.062220
0 0.493316 0.319026 0.104277 0.104277
0 0.848503 0.479320 0.052757 0.052757
0 0.400715 0.905428 0.071945 0.071945
0 0.229603 0.194801 0.104277 0.104277
0 0.760550 0.531184 0.052757 0.052757
0 0.190249 0.048822 0.071945 0.071945
0 0.580087 0.597571 0.057104 0.057104
0 0.433147 0.116450 0.104277 0.104277
0 0.956197 0.328987 0.057104 0.057104
0 0.677351 0.978150 0.104277 0.104277
0 0.975232 0.063488 0.071945 0.071945
0 0.789484 0.125900 0.104277 0.104277
0 0.847572 0.757620 0.055027 0.055027
0 0.979764 0.558442 0.061131 0.061131
0 0.638263 0.786533 0.062220 0.062220
0 0.493630 0.552561 0.050559 0.050559
0 0.622769 0.495340 0.061130 0.061130
0 0.752040 0.315712 0.071945 0.071945
0 0.854027 0.170098 0.057104 0.057104
0 0.894073 0.227236 0.104277 0.104277
0 0.594253 0.943496 0.071945 0.071945
0 0.395272 0.288117 0.061131 0.061131
0 0.242379 0.329442 0.104277 0.104277
0 0.750840 0.410265 0.071945 0.071945
0 0.710302 0.799343 0.104277 0.104277
0 0.699565 0.071197 0.052757 0.052757
0 0.627002 0.105424 0.104277 0.104277
0 0.874312 0.943600 0.061130 0.061130
0 0.317284 0.158169 0.071945 0.071945
0 0.148277 0.269198 0.061130 0.061130
0 0.557485 0.224389 0.071945 0.071945
0 0.268479 0.887572 0.061130 0.061130
0 0.048792 0.456648 0.104277 0.104277
0 0.863749 0.318840 0.104277 0.104277
0 0.588192 0.362329 0.104277 0.104277
0 0.352685 0.682243 0.052757 0.052757
0 0.012944 0.077590 0.071945 0.071945
0 0.088076 0.626908 0.104277 0.104277