0 0.773160 0.980177 0.062220 0.062220
0 0.942995 0.141573 0.062220 0.062220
0 0.691987 0.444606 0.104277 0.104277
0 0.720045 0.854562 0.057103 0.057103
0 0.353645 0.827848 0.104277 0.104277
0 0.491391 0.900207 0.052757 0.052757
0 0.897069 0.200415 0.062220 0.062220
0 0.674363 0.169039 0.104278 0.104278
0 0.924850 0.604752 0.057104 0.057104
0 0.652165 0.676700 0.104277 0.104277
0 0.833044 0.148551 0.071945 0.071945
0 0.460926 0.609759 0.104277 0.104277
0 0.354503 0.223923 0.104277 0.104277
0 0.315509 0.118917 0.071945 0.071945
0 0.574459 0.206618 0.071945 0.071945
0 0.239770 0.056377 0.057104 0.057104
0 0.671562 0.540849 0.057104 0.057104
0 0.318761 0.631590 0.062220 0.062220
0 0.330426 0.521812 0.062220 0.062220
0 0.862615 0.759883 0.057104 0.057104
0 0.620132 0.489718 0.104277 0.104277
0 0.392071 0.668111 0.062220 0.062220
0 0.543810 0.014673 0.104277 0.104277
0 0.671031 0.051330 0.057104 0.057104
0 0.234972 0.662865 0.104278 0.104278
0 0.895779 0.521179 0.104277 0.104277
0 0.782638 0.802318 0.052757 0.052757
0 0.586493 0.358666 0.052757 0.052757
0 0.853554 0.342027 0.062220 0.062220
0 0.535813 0.825660 0.062220 0.062220
0 0.235160 0.773620 0.071945 0.071945
0 0.439304 0.284244 0.062220 0.062220
0 0.707879 0.605348 0.057104 0.057104
0 0.865033 0.854383 0.057104 0.057104
0 0.235224 0.424755 0.052757 0.052757
0 0.913423 0.683712 0.052757 0.052757
0 0.984614 0.752793 0.104277 0.104277
0 0.953171 0.321904 0.062220 0.062220
0 0.384762 0.400135 0.061130 0.061130
0 0.324078 0.966111 0.062220 0.062220
0 0.557629 0.960598 0.061130 0.061130
0 0.760696 0.245031 0.071945 0.071945
0 0.926082 0.954770 0.104277 0.104277
0 0.751362 0.480815 0.052757 0.052757
0 0.797304 0.692398 0.057104 0.057104
0 0.236130 0.318543 0.104277 0.104277
0 0.626583 0.875416 0.071945 0.071945
0 0.258795 0.162809 0.052757 0.052757
0 0.394521 0.061224 0.104277 0.104277
0 0.465625 0.010813 0.057104 0.057104
0 0.452173 0.368726 0.061130 0.061130
0 0.321347 0.347984 0.061130 0.061130
0 0.609382 0.616566 0.052757 0.052757
0 0.938971 0.037318 0.052757 0.052757
0 0.530287 0.308125 0.071945 0.071945
0 0.492201 0.087485 0.104277 0.104277
0 0.405744 0.737767 0.057104 0.057104
0 0.388714 0.158614 0.057104 0.057104
0 0.941746 0.828491 0.061130 0.061130
0 0.469274 0.480777 0.057104 0.057104
0 0.483780 0.988743 0.061130 0.061130
0 0.267729 0.491919 0.061130 0.061130
0 0.450392 0.825929 0.062220 0.062220
0 0.288377 0.258026 0.104278 0.104278
0 0.240882 0.969625 0.061130 0.061130
0 0.984668 0.475313 0.104277 0.104277
0 0.763186 0.555300 0.061130 0.061130
0 0.707037 0.375216 0.104277 0.104277
0 0.669738 0.246116 0.052757 0.052757
0 0.282098 0.897633 0.061130 0.061130
0 0.473797 0.747994 0.057104 0.057104
0 0.890237 0.279879 0.057104 0.057104
0 0.772622 0.404305 0.071945 0.071945
0 0.848766 0.044742 0.104277 0.104277
0 0.332165 0.755343 0.052757 0.052757
0 0.307880 0.045769 0.071945 0.071945
0 0.839495 0.939093 0.057104 0.057104
0 0.766759 0.166809 0.056505 0.056505
0 0.714253 0.929442 0.104277 0.104277
0 0.405778 0.528455 0.062220 0.062220
0 0.986851 0.388162 0.057104 0.057104
0 0.761056 0.098120 0.061130 0.061130
0 0.738380 0.734519 0.062220 0.062220
0 0.367712 0.903315 0.071945 0.071945
0 0.837573 0.429461 0.057104 0.057104
0 0.560610 0.121922 0.062220 0.062220
0 0.519650 0.657675 0.104277 0.104277
0 0.497873 0.242341 0.057104 0.057104
0 0.638191 0.793374 0.052757 0.052757
0 0.525052 0.537970 0.057104 0.057104
0 0.585442 0.718831 0.062220 0.062220
0 0.272183 0.576718 0.061130 0.061130