0 0.196583 0.569363 0.052757 0.052757
0 0.748511 0.308731 0.052757 0.052757
0 0.662229 0.965578 0.061130 0.061130
0 0.672197 0.729912 0.057104 0.057104
0 0.622717 0.029268 0.052757 0.052757
0 0.169502 0.230411 0.071945 0.071945
0 0.748056 0.516561 0.057104 0.057104
0 0.162418 0.639608 0.062220 0.062220
0 0.969398 0.724693 0.052757 0.052757
0 0.375088 0.710765 0.071945 0.071945
0 0.513693 0.815287 0.104277 0.104277
0 0.434124 0.884211 0.052757 0.052757
0 0.792865 0.199207 0.057104 0.057104
0 0.657079 0.884448 0.104277 0.104277
0 0.879796 0.195464 0.057104 0.057104
0 0.190115 0.004147 0.104278 0.104278
0 0.346692 0.878409 0.052757 0.052757
0 0.593034 0.966505 0.052757 0.052757
0 0.759015 0.099669 0.057104 0.057104
0 0.894277 0.843166 0.061130 0.061130
0 0.785630 0.742008 0.071945 0.071945
0 0.952279 0.957704 0.052757 0.052757
0 0.160046 0.732778 0.052757 0.052757
0 0.305639 0.440883 0.071945 0.071945
0 0.495463 0.623512 0.061130 0.061130
0 0.298705 0.370427 0.071945 0.071945
0 0.794378 0.465194 0.071945 0.071945
0 0.774534 0.910301 0.061130 0.061130
0 0.745203 0.826636 0.062220 0.062220
0 0.888973 0.677822 0.062220 0.062220
0 0.213505 0.974813 0.061130 0.061130
0 0.494494 0.267437 0.071945 0.071945
0 0.448331 0.773290 0.104277 0.104277
0 0.939946 0.409083 0.061130 0.061130
0 0.911020 0.337348 0.061130 0.061130
0 0.692138 0.063621 0.104277 0.104277
0 0.463533 0.018928 0.057104 0.057104
0 0.950503 0.075286 0.052757 0.052757
0 0.943400 0.615209 0.061130 0.061130
0 0.681553 0.150183 0.104277 0.104277
0 0.505663 0.349135 0.071945 0.071945
0 0.935642 0.531527 0.104277 0.104277
0 0.624950 0.300266 0.052757 0.052757
0 0.456914 0.431360 0.052757 0.052757
0 0.300550 0.770991 0.052757 0.052757
0 0.389597 0.109914 0.061130 0.061130
0 0.197919 0.491699 0.104278 0.104278
0 0.831525 0.272952 0.071945 0.071945
0 0.885853 0.919801 0.104277 0.104277
0 0.756470 0.025922 0.062220 0.062220
0 0.380691 0.303793 0.061130 0.061130
0 0.846499 0.773822 0.071945 0.071945
0 0.388641 0.624948 0.104277 0.104277
0 0.717402 0.231619 0.104277 0.104277
0 0.587565 0.837889 0.071945 0.071945
0 0.727437 0.681986 0.050932 0.050932
0 0.267223 0.174065 0.061130 0.061130
0 0.864173 0.503100 0.052757 0.052757
0 0.339548 0.535818 0.057104 0.057104
0 0.630310 0.449991 0.071945 0.071945
0 0.841070 0.410160 0.061130 0.061130
0 0.416672 0.374619 0.062220 0.062220
0 0.553210 0.046414 0.057104 0.057104
0 0.863718 0.055321 0.057104 0.057104
0 0.282701 0.093477 0.057104 0.057104
0 0.587894 0.736622 0.071945 0.071945
0 0.495531 0.499793 0.104277 0.104277
0 0.202286 0.299737 0.061130 0.061130
0 0.266754 0.858201 0.104277 0.104277
0 0.837974 0.570126 0.061130 0.061130
0 0.700339 0.413285 0.071945 0.071945
0 0.552974 0.124523 0.061130 0.061130
0 0.482811 0.111802 0.062220 0.062220
0 0.511005 0.945139 0.104277 0.104277
0 0.827826 0.129786 0.048997 0.048997
0 0.294628 0.600535 0.062220 0.062220
0 0.501511 0.721441 0.052757 0.052757
0 0.798766 0.666811 0.062220 0.062220
0 0.594521 0.644715 0.062220 0.062220
0 0.212872 0.092525 0.057104 0.057104
0 0.260318 0.251299 0.057104 0.057104
0 0.295907 0.934705 0.104277 0.104277
0 0.451372 0.196342 0.071945 0.071945
0 0.234412 0.696604 0.057104 0.057104
0 0.605185 0.224163 0.104277 0.104277
0 0.371311 0.189266 0.071945 0.071945
0 0.973534 0.883169 0.071945 0.071945
0 0.804527 0.994198 0.061130 0.061130
0 0.444289 0.554720 0.071945 0.071945
0 0.539374 0.559689 0.047555 0.047555
0 0.673474 0.584485 0.052757 0.052757
0 0.186014 0.877436 0.071945 0.071945
0 0.303891 0.683490 0.057103 0.057103
0 0.957919 0.282772 0.071945 0.071945
0 0.669194 0.802590 0.071945 0.071945
0 0.753424 0.592366 0.071945 0.071945
0 0.200556 0.387953 0.062220 0.062220