0 0.009083 0.934988 0.052757 0.052757
0 0.561011 0.674356 0.052757 0.052757
0 0.510660 0.167677 0.062220 0.062220
0 0.924909 0.564199 0.062220 0.062220
0 0.835744 0.749358 0.104277 0.104277
0 0.435217 0.394893 0.052757 0.052757
0 0.457545 0.042062 0.057103 0.057103
0 0.560556 0.882186 0.057104 0.057104
0 0.626598 0.289353 0.071945 0.071945
0 0.091145 0.015348 0.104277 0.104277
0 0.673846 0.351792 0.061130 0.061130
0 0.228891 0.087707 0.052757 0.052757
0 0.851980 0.475747 0.052757 0.052757
0 0.976968 0.091631 0.061131 0.061131
0 0.605365 0.564832 0.057104 0.057104
0 0.919180 0.411656 0.052757 0.052757
0 0.692296 0.561089 0.057104 0.057104
0 0.002615 0.369772 0.104278 0.104278
0 0.915148 0.687608 0.071945 0.071945
0 0.912094 0.012938 0.062220 0.062220
0 0.373707 0.306387 0.071945 0.071945
0 0.303462 0.299302 0.057104 0.057104
0 0.571515 0.465294 0.057104 0.057104
0 0.986367 0.654057 0.057104 0.057104
0 0.118139 0.806508 0.071945 0.071945
0 0.307963 0.989137 0.061130 0.061130
0 0.111205 0.736052 0.071945 0.071945
0 0.718704 0.229485 0.061130 0.061130
0 0.606878 0.830819 0.071945 0.071945
0 0.817134 0.872447 0.061130 0.061130
0 0.306994 0.633062 0.071945 0.071945
0 0.273313 0.013160 0.062220 0.062220
0 0.990841 0.293775 0.104277 0.104277
0 0.752446 0.774708 0.061130 0.061130
0 0.723520 0.702973 0.061130 0.061130
0 0.602533 0.041883 0.057104 0.057104
0 0.504638 0.429246 0.104277 0.104277
0 0.368678 0.207424 0.057104 0.057104
0 0.610394 0.209171 0.057104 0.057104
0 0.276033 0.384553 0.057104 0.057104
0 0.902200 0.829243 0.104277 0.104277
0 0.478960 0.323508 0.104277 0.104277
0 0.763003 0.440911 0.052757 0.052757
0 0.061578 0.153611 0.062220 0.062220
0 0.755900 0.980834 0.061130 0.061130
0 0.494053 0.515808 0.104277 0.104277
0 0.318163 0.714760 0.071945 0.071945
0 0.748142 0.897152 0.104277 0.104277
0 0.283517 0.216807 0.052757 0.052757
0 0.478218 0.228777 0.052757 0.052757
0 0.952761 0.877780 0.104277 0.104277
0 0.295129 0.148098 0.061130 0.061130
0 0.437450 0.665891 0.052757 0.052757
0 0.663582 0.142270 0.104277 0.104277
0 0.931666 0.765090 0.052757 0.052757
0 0.269414 0.796985 0.052757 0.052757
0 0.798891 0.025467 0.061130 0.061130
0 0.364083 0.062916 0.071945 0.071945
0 0.202097 0.475539 0.061130 0.061130
0 0.010419 0.857324 0.104278 0.104278
0 0.644025 0.638577 0.071945 0.071945
0 0.568970 0.391547 0.062220 0.062220
0 0.193191 0.669418 0.061130 0.061130
0 0.201141 0.990573 0.104277 0.104277
0 0.883302 0.331244 0.052757 0.052757
0 0.876069 0.101581 0.062220 0.062220
0 0.529902 0.597244 0.104277 0.104277
0 0.079723 0.539690 0.061130 0.061130
0 0.676673 0.868725 0.052757 0.052757
0 0.152048 0.901443 0.057104 0.057104
0 0.679246 0.015991 0.061130 0.061130
0 0.840834 0.165199 0.104278 0.104278
0 0.442810 0.815616 0.071945 0.071945
0 0.653570 0.775785 0.061130 0.061130
0 0.229172 0.740244 0.062220 0.062220
0 0.221280 0.176243 0.061130 0.061130
0 0.866905 0.985287 0.057104 0.057104
0 0.187892 0.013429 0.062220 0.062220
0 0.365710 0.412039 0.057104 0.057104
0 0.676218 0.420946 0.057104 0.057104
0 0.095201 0.459102 0.057104 0.057104
0 0.167906 0.354213 0.104277 0.104277
0 0.308031 0.865418 0.104277 0.104277
0 0.014786 0.665362 0.061130 0.061130
0 0.897852 0.231110 0.062220 0.062220
0 0.776409 0.345686 0.057104 0.057104
0 0.650474 0.935751 0.061130 0.061130
0 0.512839 0.778910 0.071945 0.071945
0 0.365474 0.490148 0.061130 0.061130
0 0.295311 0.477427 0.062220 0.062220
0 0.640326 0.495411 0.048997 0.048997
0 0.019598 0.085133 0.061130 0.061130
0 0.929772 0.163481 0.071945 0.071945
0 0.843352 0.400042 0.062220 0.062220
0 0.107128 0.966160 0.062220 0.062220
0 0.066830 0.300805 0.104277 0.104277
0 0.576995 0.126593 0.057104 0.057104
0 0.775411 0.123279 0.104277 0.104277
0 0.451753 0.116942 0.104277 0.104277
0 0.839334 0.641403 0.062220 0.062220
0 0.969973 0.220407 0.052757 0.052757
0 0.025372 0.458150 0.057104 0.057104
0 0.072818 0.616924 0.057104 0.057104
0 0.842911 0.551592 0.061131 0.061131
0 0.263872 0.561967 0.071945 0.071945
0 0.105212 0.090815 0.071945 0.071945
0 0.417685 0.589788 0.104277 0.104277
0 0.183811 0.554891 0.071945 0.071945
0 0.174062 0.277750 0.061130 0.061130
0 0.256789 0.920345 0.071945 0.071945
0 0.351874 0.925314 0.047555 0.047555
0 0.485974 0.950110 0.052757 0.052757
0 0.558127 0.313655 0.057104 0.057104
0 0.770419 0.648397 0.071945 0.071945
0 0.565924 0.957991 0.071945 0.071945
0 0.013056 0.753578 0.062220 0.062220
0 0.142084 0.213940 0.062220 0.062220