0 0.278544 0.803111 0.061130 0.061130
0 0.681489 0.764820 0.052757 0.052757
0 0.211637 0.663440 0.104277 0.104277
0 0.273463 0.572392 0.071945 0.071945
0 0.425276 0.558002 0.071945 0.071945
0 0.504029 0.764860 0.104277 0.104277
0 0.179315 0.765009 0.052757 0.052757
0 0.581893 0.811385 0.071945 0.071945
0 0.476182 0.107036 0.104277 0.104277
0 0.508662 0.448305 0.061131 0.061131
0 0.666284 0.071564 0.104277 0.104277
0 0.217346 0.435493 0.104277 0.104277
0 0.710473 0.267812 0.057104 0.057104
0 0.836926 0.472772 0.062221 0.062221
0 0.725832 0.435777 0.104277 0.104277
0 0.802858 0.229691 0.104277 0.104277
0 0.539777 0.184700 0.104277 0.104277
0 0.316216 0.929917 0.057104 0.057104
0 0.087409 0.607949 0.062220 0.062220
0 0.345418 0.371464 0.052757 0.052757
0 0.826879 0.744886 0.071945 0.071945
0 0.542668 0.023280 0.061131 0.061131
0 0.256222 0.729648 0.061131 0.061131
0 0.289356 0.481989 0.057104 0.057104
0 0.340438 0.690143 0.052757 0.052757
0 0.608495 0.425945 0.104277 0.104277
0 0.014480 0.519497 0.052757 0.052757
0 0.478772 0.242355 0.062220 0.062220
0 0.396645 0.626103 0.057104 0.057104
0 0.316598 0.308903 0.057104 0.057104
0 0.313445 0.148078 0.052757 0.052757
0 0.787194 0.578860 0.052757 0.052757
0 0.509118 0.848114 0.036679 0.036679
0 0.424599 0.286341 0.061130 0.061130
0 0.139468 0.135381 0.061131 0.061131
0 0.727107 0.539671 0.062221 0.062221
0 0.342880 0.778725 0.057104 0.057104
0 0.081680 0.455406 0.052757 0.052757
0 0.728737 0.345159 0.071945 0.071945
0 0.665652 0.575300 0.052757 0.052757
0 0.634462 0.159150 0.061130 0.061130
0 0.652758 0.643162 0.104277 0.104277
0 0.077648 0.731358 0.071945 0.071945
0 0.074594 0.056688 0.062220 0.062220
0 0.367528 0.243364 0.061131 0.061131
0 0.558396 0.666794 0.104277 0.104277
0 0.186743 0.537689 0.071945 0.071945
0 0.416755 0.176817 0.057104 0.057104
0 0.841526 0.892251 0.057104 0.057104
0 0.649301 0.834269 0.062220 0.062220
0 0.827160 0.098727 0.057104 0.057104
0 0.148867 0.697807 0.057104 0.057104
0 0.505323 0.608502 0.061130 0.061130
0 0.640249 0.234025 0.061130 0.061130
0 0.757964 0.995120 0.062220 0.062220
0 0.584083 0.739117 0.061130 0.061130
0 0.153341 0.337525 0.104277 0.104277
0 0.455419 0.702985 0.062220 0.062220
0 0.064700 0.872993 0.104277 0.104277
0 0.228105 0.970866 0.071945 0.071945
0 0.368851 0.474015 0.062220 0.062220
0 0.732548 0.850193 0.104277 0.104277
0 0.185781 0.020520 0.061131 0.061131
0 0.115261 0.921530 0.104277 0.104277
0 0.094166 0.808840 0.052757 0.052757
0 0.401082 0.848528 0.062220 0.062220
0 0.779492 0.152729 0.052757 0.052757
0 0.275320 0.090899 0.057104 0.057104
0 0.435923 0.391866 0.071945 0.071945
0 0.045802 0.374994 0.052757 0.052757
0 0.038569 0.145331 0.062220 0.062220
0 0.543293 0.931224 0.104277 0.104277
0 0.398806 0.049523 0.071945 0.071945
0 0.003334 0.208949 0.104278 0.104278
0 0.456745 0.896446 0.071945 0.071945
0 0.175099 0.877590 0.052757 0.052757
0 0.253477 0.273120 0.062220 0.062220
0 0.846749 0.624101 0.071945 0.071945
0 0.060352 0.274860 0.062220 0.062220
0 0.597640 0.886593 0.061131 0.061131
0 0.729915 0.674323 0.071945 0.071945
0 0.304938 0.023947 0.052757 0.052757
0 0.092272 0.207231 0.071945 0.071945
0 0.005852 0.443792 0.062220 0.062220
0 0.824296 0.323298 0.104277 0.104277
0 0.578883 0.355527 0.057104 0.057104
0 0.001834 0.685153 0.062220 0.062220
0 0.132473 0.264157 0.052757 0.052757
0 0.561626 0.495465 0.057104 0.057104
0 0.005411 0.595342 0.061131 0.061131
0 0.570288 0.281828 0.104277 0.104277
0 0.797280 0.031532 0.061130 0.061130
0 0.690308 0.923590 0.071945 0.071945
0 0.639621 0.309423 0.104277 0.104277
0 0.653801 0.505681 0.052757 0.052757
0 0.393701 0.976345 0.057104 0.057104
0 0.221282 0.150540 0.061131 0.061131