0 0.178927 0.044505 0.104278 0.104278
0 0.432970 0.636282 0.071945 0.071945
0 0.708091 0.604261 0.071945 0.071945
0 0.988469 0.344582 0.071945 0.071945
0 0.234583 0.481627 0.104277 0.104277
0 0.740219 0.719631 0.052757 0.052757
0 0.297071 0.205853 0.052757 0.052757
0 0.978502 0.826785 0.061131 0.061131
0 0.884379 0.943119 0.062220 0.062220
0 0.477368 0.392599 0.061130 0.061130
0 0.883646 0.517576 0.104277 0.104277
0 0.327718 0.902995 0.104277 0.104277
0 0.910369 0.131729 0.062220 0.062220
0 0.196365 0.155310 0.052757 0.052757
0 0.650312 0.354475 0.071945 0.071945
0 0.217436 0.326537 0.052757 0.052757
0 0.331119 0.655737 0.062220 0.062220
0 0.293743 0.401672 0.071945 0.071945
0 0.043344 0.407198 0.104277 0.104277
0 0.760534 0.965915 0.104277 0.104277
0 0.356472 0.827995 0.057104 0.057104
0 0.850642 0.680695 0.104277 0.104277
0 0.805781 0.871814 0.071945 0.071945
0 0.429159 0.227229 0.104277 0.104277
0 0.729020 0.473333 0.104277 0.104277
0 0.846799 0.284526 0.071945 0.071945
0 0.424819 0.810431 0.104277 0.104277
0 0.851546 0.216080 0.062220 0.062220
0 0.310172 0.751493 0.061130 0.061130
0 0.189477 0.793367 0.057104 0.057104
0 0.094452 0.553253 0.104277 0.104277
0 0.789502 0.411831 0.057104 0.057104
0 0.832469 0.585506 0.062220 0.062220
0 0.585211 0.712693 0.052757 0.052757
0 0.732219 0.343615 0.062220 0.062220
0 0.126993 0.900125 0.057104 0.057104
0 0.242969 0.930216 0.104277 0.104277
0 0.612294 0.008772 0.104277 0.104277
0 0.552428 0.899561 0.071945 0.071945
0 0.917868 0.316308 0.061130 0.061130
0 0.762432 0.814570 0.102474 0.102474
0 0.371616 0.477961 0.052757 0.052757
0 0.656768 0.806745 0.104277 0.104277
0 0.010284 0.861968 0.057104 0.057104
0 0.181640 0.400716 0.104277 0.104277
0 0.128937 0.262362 0.057104 0.057104
0 0.334274 0.343966 0.052757 0.052757
0 0.528749 0.095401 0.054783 0.054783
0 0.665592 0.540537 0.062220 0.062220
0 0.509279 0.616087 0.061131 0.061131
0 0.696301 0.029313 0.057103 0.057103
0 0.032105 0.486348 0.061130 0.061130
0 0.467672 0.544538 0.071945 0.071945
0 0.496851 0.207567 0.071945 0.071945
0 0.255873 0.663087 0.062220 0.062220
0 0.497111 0.278391 0.061130 0.061130
0 0.053652 0.074416 0.061130 0.061130
0 0.470818 0.867398 0.057104 0.057104
0 0.111654 0.188954 0.052757 0.052757
0 0.790607 0.096134 0.061131 0.061131
0 0.377131 0.104069 0.057104 0.057104
0 0.283540 0.820925 0.104277 0.104277
0 0.152201 0.514708 0.071945 0.071945
0 0.952114 0.573482 0.045227 0.045227
0 0.586502 0.621809 0.052757 0.052757
0 0.296048 0.581347 0.061130 0.061130
0 0.104121 0.340137 0.057104 0.057104
0 0.569611 0.828919 0.062220 0.062220
0 0.106586 0.770656 0.062220 0.062220
0 0.083931 0.624512 0.071945 0.071945
0 0.943943 0.029660 0.104278 0.104278
0 0.621264 0.196059 0.052757 0.052757
0 0.302469 0.016611 0.062220 0.062220
0 0.867296 0.069239 0.062220 0.062220
0 0.308941 0.275276 0.104277 0.104277
0 0.342127 0.972331 0.062220 0.062220
0 0.664128 0.435570 0.052757 0.052757
0 0.216340 0.861678 0.071945 0.071945
0 0.045228 0.151051 0.104277 0.104277
0 0.576175 0.487434 0.052757 0.052757
0 0.005874 0.005072 0.071945 0.071945
0 0.395712 0.553821 0.057104 0.057104
0 0.248772 0.072700 0.104277 0.104277
0 0.866185 0.420974 0.061131 0.061131
0 0.771822 0.285237 0.057104 0.057104
0 0.492976 0.934400 0.104277 0.104277
0 0.964940 0.920144 0.061131 0.061131
0 0.790857 0.019738 0.071945 0.071945
0 0.605109 0.082150 0.104277 0.104277
0 0.663197 0.713870 0.055027 0.055027
0 0.795389 0.514692 0.061131 0.061131
0 0.453888 0.742783 0.062220 0.062220
0 0.873226 0.818048 0.104277 0.104277
0 0.309255 0.508811 0.050559 0.050559
0 0.438394 0.451590 0.061130 0.061130
0 0.567665 0.271962 0.071945 0.071945
0 0.669652 0.126348 0.057104 0.057104
0 0.123657 0.983158 0.052757 0.052757
0 0.709698 0.183486 0.104277 0.104277
0 0.409878 0.899746 0.071945 0.071945
0 0.210897 0.244367 0.061131 0.061131
0 0.058004 0.285692 0.104277 0.104277
0 0.566465 0.366515 0.071945 0.071945
0 0.525927 0.755593 0.104277 0.104277
0 0.515190 0.027447 0.052757 0.052757
0 0.442627 0.061674 0.104277 0.104277
0 0.689937 0.899850 0.061130 0.061130
0 0.050432 0.978436 0.052757 0.052757
0 0.953308 0.434468 0.052757 0.052757
0 0.132909 0.114419 0.071945 0.071945
0 0.373110 0.180639 0.071945 0.071945
0 0.084104 0.843822 0.061130 0.061130
0 0.679374 0.275090 0.104277 0.104277
0 0.403817 0.318579 0.104277 0.104277
0 0.168310 0.638493 0.052757 0.052757
0 0.955583 0.240635 0.061131 0.061131
0 0.927965 0.766722 0.057104 0.057104
0 0.941915 0.690639 0.088662 0.088662