0 0.924755 0.744242 0.071945 0.071945
0 0.823489 0.858519 0.062220 0.062220
0 0.956467 0.856466 0.057104 0.057104
0 0.989278 0.781774 0.052757 0.052757
0 0.801224 0.973429 0.104277 0.104277
0 0.086745 0.513448 0.062220 0.062220
0 0.635743 0.291587 0.052757 0.052757
0 0.728956 0.238661 0.052757 0.052757
0 0.796226 0.787812 0.052757 0.052757
0 0.886643 0.987717 0.062220 0.062220
0 0.040819 0.572290 0.062220 0.062220
0 0.187393 0.549302 0.070161 0.070161
0 0.949755 0.203155 0.104277 0.104277
0 0.888385 0.808122 0.071945 0.071945
0 0.540767 0.207895 0.062220 0.062220
0 0.068600 0.976627 0.057104 0.057104
0 0.457307 0.640499 0.071945 0.071945
0 0.738706 0.547875 0.061130 0.061130
0 0.554966 0.327877 0.062220 0.062220
0 0.273100 0.579055 0.062220 0.062220
0 0.727419 0.911247 0.071945 0.071945
0 0.290228 0.881347 0.061131 0.061131
0 0.577868 0.792398 0.061130 0.061130
0 0.602881 0.911273 0.104277 0.104277
0 0.309671 0.642891 0.104277 0.104277
0 0.484866 0.295282 0.052757 0.052757
0 0.224130 0.488526 0.061130 0.061130
0 0.353640 0.777817 0.071945 0.071945
0 0.611251 0.464719 0.061130 0.061130
0 0.039529 0.893054 0.104277 0.104277
0 0.707805 0.443820 0.057104 0.057104
0 0.417856 0.374331 0.071945 0.071945
0 0.023727 0.242760 0.071945 0.071945
0 0.204691 0.712118 0.104277 0.104277
0 0.968236 0.556154 0.057104 0.057104
0 0.305555 0.456715 0.057104 0.057104
0 0.306311 0.259571 0.061131 0.061131
0 0.615750 0.215199 0.057104 0.057104
0 0.770917 0.391772 0.062220 0.062220
0 0.276027 0.358846 0.071945 0.071945
0 0.165482 0.419028 0.071945 0.071945
0 0.096921 0.693779 0.062220 0.062220
0 0.027124 0.354082 0.052757 0.052757
0 0.823390 0.649092 0.062220 0.062220
0 0.403146 0.276860 0.052757 0.052757
0 0.786965 0.710659 0.062220 0.062220
0 0.338975 0.522354 0.062220 0.062220
0 0.500508 0.992090 0.062220 0.062220
0 0.884161 0.241875 0.071945 0.071945
0 0.192552 0.944993 0.062220 0.062220
0 0.608660 0.382007 0.061131 0.061131
0 0.082721 0.409193 0.052757 0.052757
0 0.383539 0.706292 0.061131 0.061131
0 0.136404 0.238157 0.071945 0.071945
0 0.999440 0.333407 0.104278 0.104278
0 0.287383 0.743610 0.061131 0.061131
0 0.555924 0.517814 0.071945 0.071945
0 0.467389 0.215075 0.062220 0.062220
0 0.160338 0.319410 0.057104 0.057104
0 0.250367 0.821773 0.052757 0.052757
0 0.749117 0.637806 0.052757 0.052757
0 0.547555 0.714136 0.057104 0.057104
0 0.155334 0.621806 0.052757 0.052757
0 0.848658 0.381199 0.052757 0.052757
0 0.402480 0.555469 0.071945 0.071945
0 0.665466 0.531344 0.052757 0.052757
0 0.483654 0.417472 0.071945 0.071945
0 0.916511 0.322677 0.062220 0.062220
0 0.219108 0.206002 0.104277 0.104277
0 0.128418 0.847188 0.104277 0.104277
0 0.685399 0.728712 0.071945 0.071945
0 0.033987 0.651754 0.057104 0.057104
0 0.587361 0.643283 0.062220 0.062220
0 0.786077 0.283458 0.071945 0.071945
0 0.918816 0.438714 0.052559 0.052559
0 0.414060 0.478519 0.071945 0.071945
0 0.961490 0.675071 0.062220 0.062220
0 0.419305 0.829436 0.104277 0.104277
0 0.485647 0.898873 0.052757 0.052757
0 0.654317 0.666875 0.104277 0.104277
0 0.492802 0.764417 0.071945 0.071945
0 0.506775 0.574431 0.104277 0.104277
0 0.130601 0.760037 0.057104 0.057104
0 0.237707 0.420080 0.057103 0.057103
0 0.865742 0.518520 0.071945 0.071945
0 0.709558 0.827617 0.104277 0.104277
0 0.390424 0.206424 0.057104 0.057104
0 0.766335 0.482310 0.052757 0.052757
0 0.373204 0.888573 0.052757 0.052757
0 0.719031 0.331652 0.061131 0.061131
0 0.788748 0.205067 0.062220 0.062220