0 0.854761 0.821231 0.052757 0.052757
0 0.804410 0.314552 0.062220 0.062220
0 0.728967 0.541768 0.052757 0.052757
0 0.275752 0.742911 0.071945 0.071945
0 0.751295 0.188937 0.057103 0.057103
0 0.920348 0.436228 0.071945 0.071945
0 0.384895 0.162223 0.104277 0.104277
0 0.967596 0.498667 0.061130 0.061130
0 0.522641 0.234582 0.052757 0.052757
0 0.899115 0.711707 0.057104 0.057104
0 0.986046 0.707964 0.057104 0.057104
0 0.296365 0.516647 0.104278 0.104278
0 0.683415 0.011075 0.104277 0.104277
0 0.667457 0.453262 0.071945 0.071945
0 0.597212 0.446177 0.057104 0.057104
0 0.865265 0.612169 0.057104 0.057104
0 0.893865 0.094258 0.057104 0.057104
0 0.411889 0.953383 0.071945 0.071945
0 0.423321 0.002486 0.062220 0.062220
0 0.404955 0.882927 0.071945 0.071945
0 0.900628 0.977694 0.071945 0.071945
0 0.813888 0.136693 0.052757 0.052757
0 0.600744 0.779937 0.071945 0.071945
0 0.567063 0.160035 0.062220 0.062220
0 0.266410 0.107995 0.071945 0.071945
0 0.896283 0.188758 0.057104 0.057104
0 0.798388 0.576121 0.104277 0.104277
0 0.662428 0.354299 0.057104 0.057104
0 0.904144 0.356046 0.057104 0.057104
0 0.569783 0.531428 0.057104 0.057104
0 0.944673 0.018087 0.052757 0.052757
0 0.772710 0.470383 0.104277 0.104277
0 0.355328 0.300486 0.062220 0.062220
0 0.787803 0.662683 0.104277 0.104277
0 0.611913 0.861635 0.071945 0.071945
0 0.577267 0.363682 0.052757 0.052757
0 0.771968 0.375652 0.052757 0.052757
0 0.588879 0.294973 0.061130 0.061130
0 0.731200 0.812766 0.052757 0.052757
0 0.957332 0.289145 0.104277 0.104277
0 0.563164 0.943860 0.052757 0.052757
0 0.828554 0.026773 0.057104 0.057104
0 0.657833 0.209791 0.071945 0.071945
0 0.495847 0.622414 0.061130 0.061130
0 0.937775 0.785452 0.071945 0.071945
0 0.862720 0.538422 0.062220 0.062220
0 0.486941 0.816293 0.061130 0.061130
0 0.823652 0.744119 0.104277 0.104277
0 0.373473 0.686565 0.061130 0.061130
0 0.436994 0.072142 0.057104 0.057104
0 0.972996 0.162866 0.061130 0.061130
0 0.736560 0.962491 0.071945 0.071945
0 0.947320 0.922660 0.061130 0.061130
0 0.522922 0.887119 0.062220 0.062220
0 0.515030 0.323118 0.061130 0.061130
0 0.481642 0.160304 0.062220 0.062220
0 0.659460 0.558914 0.057104 0.057104
0 0.969968 0.567821 0.057104 0.057104
0 0.388951 0.605977 0.057104 0.057104
0 0.461656 0.501088 0.104277 0.104277
0 0.308536 0.812237 0.061130 0.061130
0 0.272132 0.304000 0.061130 0.061130
0 0.806589 0.925785 0.071945 0.071945
0 0.659224 0.637023 0.061130 0.061130
0 0.589061 0.624302 0.062220 0.062220
0 0.934076 0.642286 0.048997 0.048997
0 0.313348 0.232008 0.061130 0.061130
0 0.505047 0.082369 0.057104 0.057104
0 0.360580 0.447680 0.104277 0.104277
0 0.363415 0.089718 0.052757 0.052757
0 0.870745 0.273468 0.057104 0.057104
0 0.745503 0.263817 0.104277 0.104277
0 0.319122 0.605025 0.057104 0.057104
0 0.366568 0.763799 0.057104 0.057104
0 0.557622 0.708842 0.071945 0.071945
0 0.769630 0.068894 0.062220 0.062220
0 0.398962 0.237690 0.071945 0.071945
0 0.711435 0.736663 0.104277 0.104277
0 0.477561 0.701766 0.071945 0.071945
0 0.467812 0.424625 0.061130 0.061130
0 0.669441 0.127749 0.052757 0.052757
0 0.851877 0.460530 0.057104 0.057104
0 0.616692 0.053206 0.062220 0.062220
0 0.270882 0.393432 0.071945 0.071945
0 0.306806 0.900453 0.062220 0.062220
0 0.435834 0.360815 0.062220 0.062220