0 0.311637 0.910315 0.104277 0.104277
0 0.373463 0.819267 0.071945 0.071945
0 0.525276 0.804877 0.071945 0.071945
0 0.576182 0.353911 0.104277 0.104277
0 0.608662 0.695180 0.061131 0.061131
0 0.766284 0.318439 0.104277 0.104277
0 0.317346 0.682368 0.104277 0.104277
0 0.810473 0.514687 0.057104 0.057104
0 0.936926 0.719647 0.062221 0.062221
0 0.825832 0.682652 0.104277 0.104277
0 0.902858 0.476566 0.104277 0.104277
0 0.729314 0.228196 0.057104 0.057104
0 0.657474 0.079679 0.104277 0.104277
0 0.639777 0.431575 0.104277 0.104277
0 0.187409 0.854824 0.062220 0.062220
0 0.445418 0.618339 0.052757 0.052757
0 0.926879 0.991761 0.071945 0.071945
0 0.642668 0.270155 0.061131 0.061131
0 0.356222 0.976523 0.061131 0.061131
0 0.389356 0.728864 0.057104 0.057104
0 0.525884 0.193688 0.071945 0.071945
0 0.440438 0.937018 0.052757 0.052757
0 0.708495 0.672820 0.104277 0.104277
0 0.742893 0.093967 0.062220 0.062220
0 0.114480 0.766372 0.052757 0.052757
0 0.578772 0.489230 0.062220 0.062220
0 0.496645 0.872978 0.057104 0.057104
0 0.416598 0.555778 0.057104 0.057104
0 0.413445 0.394953 0.052757 0.052757
0 0.887194 0.825735 0.052757 0.052757
0 0.524599 0.533216 0.061130 0.061130
0 0.801050 0.215218 0.071945 0.071945
0 0.239468 0.382256 0.061131 0.061131
0 0.827107 0.786546 0.062221 0.062221
0 0.181680 0.702281 0.052757 0.052757
0 0.828737 0.592034 0.071945 0.071945
0 0.765652 0.822175 0.052757 0.052757
0 0.734462 0.406025 0.061130 0.061130
0 0.752758 0.890037 0.104277 0.104277
0 0.177648 0.978233 0.071945 0.071945
0 0.174594 0.303563 0.062220 0.062220
0 0.467528 0.490239 0.061131 0.061131
0 0.658396 0.913669 0.104277 0.104277
0 0.286743 0.784564 0.071945 0.071945
0 0.516755 0.423692 0.057104 0.057104
0 0.583669 0.017497 0.071945 0.071945
0 0.459131 0.017523 0.104277 0.104277
0 0.927160 0.345602 0.057104 0.057104
0 0.248867 0.944682 0.057104 0.057104
0 0.583047 0.149200 0.104277 0.104277
0 0.875135 0.092900 0.104278 0.104278
0 0.605323 0.855377 0.061130 0.061130
0 0.740249 0.480900 0.061130 0.061130
0 0.684083 0.985992 0.061130 0.061130
0 0.271973 0.132981 0.071945 0.071945
0 0.253341 0.584400 0.104277 0.104277
0 0.555419 0.949860 0.062220 0.062220
0 0.025503 0.731536 0.052757 0.052757
0 0.468851 0.720890 0.062220 0.062220
0 0.285781 0.267395 0.061131 0.061131
0 0.061391 0.316092 0.061130 0.061130
0 0.143877 0.213880 0.104277 0.104277
0 0.356758 0.098340 0.062220 0.062220
0 0.879492 0.399604 0.052757 0.052757
0 0.048802 0.051243 0.062220 0.062220
0 0.375320 0.337774 0.057104 0.057104
0 0.535923 0.638741 0.071945 0.071945
0 0.145802 0.621869 0.052757 0.052757
0 0.138569 0.392206 0.062220 0.062220
0 0.498806 0.296398 0.071945 0.071945
0 0.103334 0.455824 0.104278 0.104278
0 0.186251 0.122844 0.061131 0.061131
0 0.353477 0.519995 0.062220 0.062220
0 0.946749 0.870976 0.071945 0.071945
0 0.916578 0.174942 0.057104 0.057104
0 0.797518 0.145062 0.057104 0.057104
0 0.654888 0.168948 0.052757 0.052757
0 0.160352 0.521735 0.062220 0.062220
0 0.038909 0.636311 0.057104 0.057104
0 0.829915 0.921198 0.071945 0.071945
0 0.404938 0.270822 0.052757 0.052757
0 0.192272 0.454106 0.071945 0.071945
0 0.105852 0.690667 0.062220 0.062220
0 0.924296 0.570173 0.104277 0.104277
0 0.435903 0.113979 0.057104 0.057104
0 0.678883 0.602402 0.057104 0.057104
0 0.003185 0.108872 0.061130 0.061130
0 0.037911 0.413904 0.104277 0.104277
0 0.369706 0.187665 0.057104 0.057104
0 0.101834 0.932028 0.062220 0.062220
0 0.232473 0.511032 0.052757 0.052757
0 0.661626 0.742340 0.057104 0.057104
0 0.043944 0.181785 0.061130 0.061130
0 0.341897 0.005123 0.052757 0.052757
0 0.105411 0.842217 0.061131 0.061131
0 0.220925 0.223806 0.071945 0.071945
0 0.670288 0.528703 0.104277 0.104277
0 0.897280 0.278407 0.061130 0.061130
0 0.089390 0.120595 0.071945 0.071945
0 0.739621 0.556298 0.104277 0.104277
0 0.753801 0.752556 0.052757 0.052757
0 0.523889 0.111977 0.062220 0.062220
0 0.032919 0.939022 0.071945 0.071945
0 0.321282 0.397415 0.061131 0.061131