0 0.732535 0.995802 0.062220 0.062220
0 0.902370 0.157198 0.062220 0.062220
0 0.651362 0.460231 0.104277 0.104277
0 0.679420 0.870187 0.057103 0.057103
0 0.313020 0.843473 0.104277 0.104277
0 0.450766 0.915832 0.052757 0.052757
0 0.856444 0.216040 0.062220 0.062220
0 0.633738 0.184664 0.104278 0.104278
0 0.884225 0.620377 0.057104 0.057104
0 0.611540 0.692325 0.104277 0.104277
0 0.792419 0.164176 0.071945 0.071945
0 0.420301 0.625384 0.104277 0.104277
0 0.313878 0.239548 0.104277 0.104277
0 0.274884 0.134542 0.071945 0.071945
0 0.533834 0.222243 0.071945 0.071945
0 0.199145 0.072002 0.057104 0.057104
0 0.630937 0.556474 0.057104 0.057104
0 0.278136 0.647215 0.062220 0.062220
0 0.752640 0.015517 0.071945 0.071945
0 0.289801 0.537437 0.062220 0.062220
0 0.821990 0.775508 0.057104 0.057104
0 0.579507 0.505343 0.104277 0.104277
0 0.351446 0.683736 0.062220 0.062220
0 0.503185 0.030298 0.104277 0.104277
0 0.630406 0.066955 0.057104 0.057104
0 0.194347 0.678490 0.104278 0.104278
0 0.855154 0.536804 0.104277 0.104277
0 0.742013 0.817943 0.052757 0.052757
0 0.545868 0.374291 0.052757 0.052757
0 0.812929 0.357652 0.062220 0.062220
0 0.495188 0.841285 0.062220 0.062220
0 0.194535 0.789245 0.071945 0.071945
0 0.398679 0.299869 0.062220 0.062220
0 0.667254 0.620973 0.057104 0.057104
0 0.824408 0.870008 0.057104 0.057104
0 0.194599 0.440380 0.052757 0.052757
0 0.981107 0.062778 0.071945 0.071945
0 0.872798 0.699337 0.052757 0.052757
0 0.943989 0.768418 0.104277 0.104277
0 0.912546 0.337529 0.062220 0.062220
0 0.344137 0.415760 0.061130 0.061130
0 0.283453 0.981736 0.062220 0.062220
0 0.517004 0.976223 0.061130 0.061130
0 0.720071 0.260656 0.071945 0.071945
0 0.885457 0.970395 0.104277 0.104277
0 0.710737 0.496440 0.052757 0.052757
0 0.756679 0.708023 0.057104 0.057104
0 0.195505 0.334168 0.104277 0.104277
0 0.585958 0.891041 0.071945 0.071945
0 0.218170 0.178434 0.052757 0.052757
0 0.353896 0.076849 0.104277 0.104277
0 0.425000 0.026438 0.057104 0.057104
0 0.411548 0.384351 0.061130 0.061130
0 0.280722 0.363609 0.061130 0.061130
0 0.568757 0.632191 0.052757 0.052757
0 0.898346 0.052943 0.052757 0.052757
0 0.489662 0.323750 0.071945 0.071945
0 0.451576 0.103110 0.104277 0.104277
0 0.365119 0.753392 0.057104 0.057104
0 0.348089 0.174239 0.057104 0.057104
0 0.901121 0.844116 0.061130 0.061130
0 0.428649 0.496402 0.057104 0.057104
0 0.592473 0.005854 0.062220 0.062220
0 0.970959 0.265556 0.052757 0.052757
0 0.227104 0.507544 0.061130 0.061130
0 0.409767 0.841554 0.062220 0.062220
0 0.247752 0.273651 0.104278 0.104278
0 0.200257 0.985250 0.061130 0.061130
0 0.944043 0.490938 0.104277 0.104277
0 0.722561 0.570925 0.061130 0.061130
0 0.666412 0.390841 0.104277 0.104277
0 0.629113 0.261741 0.052757 0.052757
0 0.241473 0.913258 0.061130 0.061130
0 0.433172 0.763619 0.057104 0.057104
0 0.849612 0.295504 0.057104 0.057104
0 0.731997 0.419930 0.071945 0.071945
0 0.808141 0.060367 0.104277 0.104277
0 0.291540 0.770968 0.052757 0.052757
0 0.962560 0.646372 0.061130 0.061130
0 0.267255 0.061394 0.071945 0.071945
0 0.798870 0.954718 0.057104 0.057104
0 0.997286 0.951404 0.104277 0.104277
0 0.726134 0.182434 0.056505 0.056505
0 0.673628 0.945067 0.104277 0.104277
0 0.365153 0.544080 0.062220 0.062220
0 0.946226 0.403787 0.057104 0.057104
0 0.720431 0.113745 0.061130 0.061130
0 0.697755 0.750144 0.062220 0.062220
0 0.327087 0.918940 0.071945 0.071945
0 0.796948 0.445086 0.057104 0.057104
0 0.519985 0.137547 0.062220 0.062220
0 0.479025 0.673300 0.104277 0.104277
0 0.457248 0.257966 0.057104 0.057104
0 0.597566 0.808999 0.052757 0.052757
0 0.484427 0.553595 0.057104 0.057104
0 0.544817 0.734456 0.062220 0.062220
0 0.231558 0.592343 0.061130 0.061130