0 0.426795 0.283226 0.062220 0.062220
0 0.772433 0.622854 0.062220 0.062220
0 0.734207 0.428830 0.062220 0.062220
0 0.510109 0.736468 0.057103 0.057103
0 0.760187 0.072196 0.052757 0.052757
0 0.771879 0.158745 0.104277 0.104277
0 0.530781 0.483117 0.052757 0.052757
0 0.963720 0.575955 0.071945 0.071945
0 0.369124 0.338108 0.071945 0.071945
0 0.489972 0.567787 0.062220 0.062220
0 0.395005 0.760769 0.071945 0.071945
0 0.419924 0.598423 0.104277 0.104277
0 0.223546 0.371234 0.061130 0.061130
0 0.500412 0.289288 0.061130 0.061130
0 0.480828 0.201405 0.052757 0.052757
0 0.271974 0.667586 0.104278 0.104278
0 0.980102 0.302742 0.057104 0.057104
0 0.885077 0.062628 0.104277 0.104277
0 0.669853 0.782351 0.062220 0.062220
0 0.641630 0.202232 0.061130 0.061130
0 0.722474 0.327690 0.062220 0.062220
0 0.917618 0.409500 0.057104 0.057104
0 0.140135 0.031536 0.104278 0.104278
0 0.827683 0.765646 0.071945 0.071945
0 0.764363 0.235900 0.057104 0.057104
0 0.529699 0.665031 0.061130 0.061130
0 0.973031 0.648920 0.071945 0.071945
0 0.582161 0.437343 0.062220 0.062220
0 0.680559 0.023555 0.052757 0.052757
0 0.780280 0.693656 0.057104 0.057104
0 0.289148 0.470821 0.062220 0.062220
0 0.800909 0.371343 0.057104 0.057104
0 0.612984 0.283444 0.061130 0.061130
0 0.744124 0.773309 0.052757 0.052757
0 0.578214 0.544475 0.062220 0.062220
0 0.999139 0.513312 0.057104 0.057104
0 0.205519 0.083742 0.062220 0.062220
0 0.703429 0.664670 0.050891 0.050891
0 0.356851 0.170966 0.062220 0.062220
0 0.429255 0.680105 0.104277 0.104277
0 0.573871 0.159689 0.057104 0.057104
0 0.867299 0.556976 0.062220 0.062220
0 0.942826 0.024083 0.071945 0.071945
0 0.988118 0.766042 0.057104 0.057104
0 0.364025 0.502972 0.062220 0.062220
0 0.588449 0.743692 0.052757 0.052757
0 0.636080 0.589816 0.062220 0.062220
0 0.731839 0.555735 0.104277 0.104277
0 0.530289 0.027158 0.057104 0.057104
0 0.239287 0.264848 0.104278 0.104278
0 0.357925 0.258312 0.052757 0.052757
0 0.267108 0.774439 0.071945 0.071945
0 0.176496 0.780114 0.052757 0.052757
0 0.893687 0.684913 0.061130 0.061130
0 0.897211 0.280031 0.062220 0.062220
0 0.874556 0.133887 0.071945 0.071945
0 0.326723 0.728211 0.057104 0.057104
0 0.396149 0.073104 0.052757 0.052757
0 0.588445 0.068996 0.071945 0.071945
0 0.114473 0.101578 0.104277 0.104277
0 0.290828 0.312830 0.057104 0.057104
0 0.605027 0.662625 0.062220 0.062220
0 0.294903 0.059330 0.104277 0.104277
0 0.903265 0.788263 0.062220 0.062220
0 0.256030 0.178855 0.104277 0.104277
0 0.146183 0.703661 0.104277 0.104277
0 0.683007 0.487755 0.104277 0.104277
0 0.256304 0.588514 0.061131 0.061131
0 0.137440 0.583572 0.057104 0.057104
0 0.467974 0.103889 0.052757 0.052757
0 0.116599 0.511655 0.062220 0.062220
0 0.914282 0.492533 0.052757 0.052757
0 0.329641 0.603609 0.057104 0.057104
0 0.450249 0.396457 0.057104 0.057104
0 0.171011 0.304844 0.062220 0.062220
0 0.171185 0.232409 0.057104 0.057104
0 0.841057 0.487811 0.052757 0.052757
0 0.874729 0.353197 0.061130 0.061130
0 0.546210 0.372541 0.104277 0.104277
0 0.206188 0.496383 0.057104 0.057104
0 0.194839 0.640390 0.061130 0.061130
0 0.958935 0.147868 0.052757 0.052757
0 0.694326 0.092533 0.104277 0.104277
0 0.118928 0.380565 0.057104 0.057104