0 0.451795 0.495726 0.062220 0.062220
0 0.797433 0.835354 0.062220 0.062220
0 0.759207 0.641330 0.062220 0.062220
0 0.535109 0.948968 0.057103 0.057103
0 0.785187 0.284696 0.052757 0.052757
0 0.796879 0.371245 0.104277 0.104277
0 0.555781 0.695617 0.052757 0.052757
0 0.988720 0.788455 0.071945 0.071945
0 0.394124 0.550608 0.071945 0.071945
0 0.514972 0.780287 0.062220 0.062220
0 0.420005 0.973269 0.071945 0.071945
0 0.776612 0.197275 0.104277 0.104277
0 0.858969 0.129073 0.104277 0.104277
0 0.783136 0.098133 0.061130 0.061130
0 0.444924 0.810923 0.104277 0.104277
0 0.142059 0.006667 0.062220 0.062220
0 0.248546 0.583734 0.061130 0.061130
0 0.525412 0.501788 0.061130 0.061130
0 0.505828 0.413905 0.052757 0.052757
0 0.296974 0.880086 0.104278 0.104278
0 0.910077 0.275128 0.104277 0.104277
0 0.694853 0.994851 0.062220 0.062220
0 0.666630 0.414732 0.061130 0.061130
0 0.747474 0.540190 0.062220 0.062220
0 0.362664 0.125424 0.061130 0.061130
0 0.942618 0.622000 0.057104 0.057104
0 0.165135 0.244036 0.104278 0.104278
0 0.852683 0.978146 0.071945 0.071945
0 0.789363 0.448400 0.057104 0.057104
0 0.554699 0.877531 0.061130 0.061130
0 0.998031 0.861420 0.071945 0.071945
0 0.607161 0.649843 0.062220 0.062220
0 0.705559 0.236055 0.052757 0.052757
0 0.805280 0.906156 0.057104 0.057104
0 0.314148 0.683321 0.062220 0.062220
0 0.825909 0.583843 0.057104 0.057104
0 0.997265 0.122591 0.104277 0.104277
0 0.637984 0.495944 0.061130 0.061130
0 0.769124 0.985809 0.052757 0.052757
0 0.847730 0.208223 0.061130 0.061130
0 0.522561 0.138774 0.104278 0.104278
0 0.589410 0.117165 0.052757 0.052757
0 0.603214 0.756975 0.062220 0.062220
0 0.230519 0.296242 0.062220 0.062220
0 0.728429 0.877170 0.050891 0.050891
0 0.381851 0.383466 0.062220 0.062220
0 0.454255 0.892605 0.104277 0.104277
0 0.598871 0.372189 0.057104 0.057104
0 0.892299 0.769476 0.062220 0.062220
0 0.967826 0.236583 0.071945 0.071945
0 0.389025 0.715472 0.062220 0.062220
0 0.613449 0.956192 0.052757 0.052757
0 0.661080 0.802316 0.062220 0.062220
0 0.756839 0.768235 0.104277 0.104277
0 0.769572 0.025727 0.052757 0.052757
0 0.919746 0.062012 0.057104 0.057104
0 0.555289 0.239658 0.057104 0.057104
0 0.264287 0.477348 0.104278 0.104278
0 0.482564 0.206038 0.071945 0.071945
0 0.382925 0.470812 0.052757 0.052757
0 0.292108 0.986939 0.071945 0.071945
0 0.201496 0.992614 0.052757 0.052757
0 0.918687 0.897413 0.061130 0.061130
0 0.922211 0.492531 0.062220 0.062220
0 0.899556 0.346387 0.071945 0.071945
0 0.351723 0.940711 0.057104 0.057104
0 0.421149 0.285604 0.052757 0.052757
0 0.613445 0.281496 0.071945 0.071945
0 0.139473 0.314078 0.104277 0.104277
0 0.315828 0.525330 0.057104 0.057104
0 0.349406 0.194008 0.057104 0.057104
0 0.630027 0.875125 0.062220 0.062220
0 0.319903 0.271830 0.104277 0.104277
0 0.281030 0.391355 0.104277 0.104277
0 0.271484 0.172390 0.071945 0.071945
0 0.171183 0.916161 0.104277 0.104277
0 0.708007 0.700255 0.104277 0.104277
0 0.145653 0.113631 0.057104 0.057104
0 0.281304 0.801014 0.061131 0.061131
0 0.162440 0.796072 0.057104 0.057104
0 0.492974 0.316389 0.052757 0.052757
0 0.252860 0.065393 0.057104 0.057104
0 0.141599 0.724155 0.062220 0.062220
0 0.435862 0.054029 0.104277 0.104277
0 0.939282 0.705033 0.052757 0.052757
0 0.354641 0.816109 0.057104 0.057104
0 0.873629 0.007567 0.104277 0.104277
0 0.475249 0.608957 0.057104 0.057104
0 0.196011 0.517344 0.062220 0.062220
0 0.196185 0.444909 0.057104 0.057104
0 0.360567 0.045677 0.061130 0.061130
0 0.866057 0.700311 0.052757 0.052757
0 0.550420 0.023669 0.071945 0.071945
0 0.899729 0.565697 0.061130 0.061130
0 0.188413 0.170109 0.052757 0.052757
0 0.571210 0.585041 0.104277 0.104277
0 0.231188 0.708883 0.057104 0.057104
0 0.680042 0.134773 0.104277 0.104277
0 0.453593 0.130045 0.052757 0.052757
0 0.219839 0.852890 0.061130 0.061130
0 0.983935 0.360368 0.052757 0.052757
0 0.719326 0.305033 0.104277 0.104277
0 0.143928 0.593065 0.057104 0.057104