0 0.014295 0.823851 0.062220 0.062220
0 0.557052 0.094505 0.104278 0.104278
0 0.321707 0.969455 0.062220 0.062220
0 0.811095 0.686282 0.071945 0.071945
0 0.612708 0.531627 0.104277 0.104277
0 0.675196 0.255853 0.052757 0.052757
0 0.855493 0.442599 0.061130 0.061130
0 0.347687 0.612821 0.052757 0.052757
0 0.359379 0.699370 0.104277 0.104277
0 0.199729 0.246828 0.061130 0.061130
0 0.705843 0.952995 0.104277 0.104277
0 0.574490 0.205310 0.052757 0.052757
0 0.595561 0.376537 0.052757 0.052757
0 0.709244 0.705737 0.062220 0.062220
0 0.339112 0.525400 0.104277 0.104277
0 0.671868 0.451672 0.071945 0.071945
0 0.421469 0.457198 0.104277 0.104277
0 0.345636 0.426258 0.061130 0.061130
0 0.209697 0.011162 0.057104 0.057104
0 0.734597 0.877995 0.057104 0.057104
0 0.252707 0.324215 0.104277 0.104277
0 0.087912 0.829913 0.061130 0.061130
0 0.807284 0.277229 0.104277 0.104277
0 0.068328 0.742030 0.052757 0.052757
0 0.802944 0.860431 0.104277 0.104277
0 0.688297 0.801493 0.061130 0.061130
0 0.567602 0.843367 0.057104 0.057104
0 0.472577 0.603253 0.104277 0.104277
0 0.229130 0.742857 0.061130 0.061130
0 0.309974 0.868315 0.062220 0.062220
0 0.963336 0.762693 0.052757 0.052757
0 0.506898 0.005943 0.052757 0.052757
0 0.505118 0.950125 0.057104 0.057104
0 0.621094 0.980216 0.104277 0.104277
0 0.051193 0.096537 0.104277 0.104277
0 0.351863 0.776525 0.057104 0.057104
0 0.990419 0.058772 0.104277 0.104277
0 0.930553 0.949561 0.071945 0.071945
0 0.169661 0.977968 0.062220 0.062220
0 0.194579 0.165698 0.104277 0.104277
0 0.268059 0.564180 0.052757 0.052757
0 0.749741 0.527961 0.052757 0.052757
0 0.388409 0.911968 0.057104 0.057104
0 0.130534 0.247755 0.052757 0.052757
0 0.559765 0.450716 0.104277 0.104277
0 0.507062 0.312362 0.057104 0.057104
0 0.712399 0.393966 0.052757 0.052757
0 0.906874 0.145401 0.054783 0.054783
0 0.200484 0.824069 0.061130 0.061130
0 0.887404 0.666087 0.061131 0.061131
0 0.410230 0.536348 0.061130 0.061130
0 0.845797 0.594538 0.071945 0.071945
0 0.874976 0.257567 0.071945 0.071945
0 0.085061 0.466899 0.104278 0.104278
0 0.633998 0.713087 0.062220 0.062220
0 0.875236 0.328391 0.061130 0.061130
0 0.151910 0.445290 0.052757 0.052757
0 0.431777 0.124416 0.061130 0.061130
0 0.848943 0.917398 0.057104 0.057104
0 0.323130 0.023258 0.071945 0.071945
0 0.489779 0.238954 0.052757 0.052757
0 0.755256 0.154069 0.057104 0.057104
0 0.661665 0.870925 0.104277 0.104277
0 0.161371 0.700314 0.057104 0.057104
0 0.530326 0.564708 0.071945 0.071945
0 0.312034 0.191551 0.061130 0.061130
0 0.282703 0.107886 0.062220 0.062220
0 0.964627 0.671809 0.052757 0.052757
0 0.674173 0.631347 0.061130 0.061130
0 0.769451 0.032195 0.052757 0.052757
0 0.332072 0.353852 0.052757 0.052757
0 0.482246 0.390137 0.057104 0.057104
0 0.117789 0.567783 0.057104 0.057104
0 0.045064 0.534163 0.071945 0.071945
0 0.947736 0.878919 0.062220 0.062220
0 0.484711 0.820656 0.062220 0.062220
0 0.462056 0.674512 0.071945 0.071945
0 0.175945 0.609621 0.071945 0.071945
0 0.999389 0.246059 0.052757 0.052757
0 0.680594 0.066611 0.062220 0.062220
0 0.687066 0.325276 0.104277 0.104277
0 0.594465 0.911678 0.071945 0.071945
0 0.423353 0.201051 0.104277 0.104277
0 0.954300 0.537434 0.052757 0.052757
0 0.383999 0.055072 0.071945 0.071945
0 0.773837 0.603821 0.057104 0.057104
0 0.626897 0.122700 0.104277 0.104277
0 0.125065 0.119139 0.071945 0.071945
0 0.871101 0.984400 0.104277 0.104277
0 0.055474 0.644514 0.052757 0.052757
0 0.983234 0.132150 0.104277 0.104277
0 0.125394 0.017872 0.071945 0.071945
0 0.832013 0.792783 0.062220 0.062220
0 0.687380 0.558811 0.050559 0.050559
0 0.816519 0.501590 0.061130 0.061130
0 0.945790 0.321962 0.071945 0.071945
0 0.048505 0.226389 0.104277 0.104277
0 0.788003 0.949746 0.071945 0.071945
0 0.589022 0.294367 0.061131 0.061131
0 0.436129 0.335692 0.104277 0.104277
0 0.944590 0.416515 0.071945 0.071945
0 0.039011 0.002691 0.052757 0.052757
0 0.904052 0.805593 0.104277 0.104277
0 0.893315 0.077447 0.052757 0.052757
0 0.820752 0.111674 0.104277 0.104277
0 0.037749 0.937082 0.057104 0.057104
0 0.046410 0.316752 0.062220 0.062220
0 0.112920 0.351794 0.071945 0.071945
0 0.511034 0.164419 0.071945 0.071945
0 0.342027 0.275448 0.061130 0.061130
0 0.751235 0.230639 0.071945 0.071945
0 0.462229 0.893822 0.061130 0.061130
0 0.133710 0.913166 0.104277 0.104277
0 0.242542 0.462898 0.104277 0.104277
0 0.781942 0.368579 0.104277 0.104277
0 0.016093 0.458170 0.052757 0.052757
0 0.546435 0.688493 0.052757 0.052757
0 0.206694 0.083840 0.071945 0.071945
0 0.281826 0.633158 0.104277 0.104277