0 0.418967 0.683852 0.104277 0.104277
0 0.375419 0.471861 0.061130 0.061130
0 0.091427 0.891380 0.104278 0.104278
0 0.778364 0.433570 0.052757 0.052757
0 0.308512 0.332190 0.104277 0.104277
0 0.370338 0.241142 0.071945 0.071945
0 0.569257 0.681528 0.062220 0.062220
0 0.522151 0.226752 0.071945 0.071945
0 0.600904 0.433610 0.104277 0.104277
0 0.276190 0.433759 0.052757 0.052757
0 0.678768 0.480135 0.071945 0.071945
0 0.605537 0.117055 0.061131 0.061131
0 0.314221 0.104243 0.104277 0.104277
0 0.933801 0.141522 0.062221 0.062221
0 0.822707 0.104527 0.104277 0.104277
0 0.932515 0.672003 0.047276 0.047276
0 0.822869 0.978604 0.062220 0.062220
0 0.413091 0.598667 0.057104 0.057104
0 0.184284 0.276699 0.062220 0.062220
0 0.448953 0.785303 0.051819 0.051819
0 0.442293 0.040214 0.052757 0.052757
0 0.095119 0.461858 0.104277 0.104277
0 0.923754 0.413636 0.071945 0.071945
0 0.353097 0.398398 0.061131 0.061131
0 0.629101 0.729016 0.052757 0.052757
0 0.386231 0.150739 0.057104 0.057104
0 0.690377 0.677531 0.057103 0.057103
0 0.437313 0.358893 0.052757 0.052757
0 0.705370 0.094695 0.104277 0.104277
0 0.111355 0.188247 0.052757 0.052757
0 0.493520 0.294853 0.057104 0.057104
0 0.884069 0.247610 0.052757 0.052757
0 0.605993 0.516864 0.036679 0.036679
0 0.041273 0.802818 0.052757 0.052757
0 0.725031 0.794871 0.104277 0.104277
0 0.823982 0.208421 0.062221 0.062221
0 0.439755 0.447475 0.057104 0.057104
0 0.524794 0.855647 0.104277 0.104277
0 0.178555 0.124156 0.052757 0.052757
0 0.519931 0.782354 0.071945 0.071945
0 0.825612 0.013909 0.071945 0.071945
0 0.762527 0.244050 0.052757 0.052757
0 0.749633 0.311912 0.104277 0.104277
0 0.916523 0.777928 0.071945 0.071945
0 0.174523 0.400108 0.071945 0.071945
0 0.226402 0.795063 0.052757 0.052757
0 0.655271 0.335544 0.104277 0.104277
0 0.283618 0.206439 0.071945 0.071945
0 0.822362 0.809739 0.061131 0.061131
0 0.938401 0.561001 0.057104 0.057104
0 0.441249 0.942276 0.054783 0.054783
0 0.746176 0.503019 0.062220 0.062220
0 0.608801 0.876188 0.057103 0.057103
0 0.192475 0.715694 0.071945 0.071945
0 0.703107 0.943009 0.061131 0.061131
0 0.289631 0.950944 0.057104 0.057104
0 0.654285 0.810890 0.061131 0.061131
0 0.245742 0.366557 0.057104 0.057104
0 0.602198 0.277252 0.061130 0.061130
0 0.076509 0.584947 0.061130 0.061130
0 0.919856 0.903432 0.071945 0.071945
0 0.854839 0.663870 0.062220 0.062220
0 0.680958 0.407867 0.061130 0.061130
0 0.303826 0.829070 0.052757 0.052757
0 0.250216 0.006275 0.104277 0.104277
0 0.011821 0.487208 0.061130 0.061130
0 0.552294 0.371735 0.062220 0.062220
0 0.161575 0.541743 0.104277 0.104277
0 0.324980 0.639616 0.071945 0.071945
0 0.856443 0.876535 0.104278 0.104278
0 0.022378 0.153411 0.052757 0.052757
0 0.465726 0.142765 0.062220 0.062220
0 0.015275 0.693334 0.061130 0.061130
0 0.829423 0.518943 0.104277 0.104277
0 0.115368 0.785870 0.057104 0.057104
0 0.007517 0.609652 0.104277 0.104277
0 0.214969 0.863486 0.062220 0.062220
0 0.779796 0.916114 0.062220 0.062220
0 0.212136 0.590280 0.104277 0.104277
0 0.191041 0.477590 0.052757 0.052757
0 0.497957 0.517278 0.062220 0.062220
0 0.532798 0.060616 0.071945 0.071945
0 0.161272 0.919575 0.104277 0.104277
0 0.142677 0.043744 0.052757 0.052757
0 0.640168 0.599974 0.104277 0.104277
0 0.316105 0.723532 0.057104 0.057104
0 0.703357 0.866613 0.071945 0.071945
0 0.553620 0.565196 0.071945 0.071945
0 0.271974 0.546340 0.052757 0.052757
0 0.126280 0.697787 0.057104 0.057104
0 0.517609 0.929025 0.104277 0.104277
0 0.943624 0.292851 0.071945 0.071945
0 0.035784 0.058186 0.057104 0.057104
0 0.694515 0.555343 0.061131 0.061131
0 0.826790 0.343073 0.071945 0.071945
0 0.582152 0.973223 0.057104 0.057104
0 0.102727 0.112542 0.062220 0.062220
0 0.675758 0.024277 0.057104 0.057104
0 0.098709 0.353903 0.062220 0.062220
0 0.427690 0.874322 0.052757 0.052757
0 0.355127 0.908549 0.104277 0.104277
0 0.658501 0.164215 0.057104 0.057104
0 0.102286 0.264092 0.061131 0.061131
0 0.045409 0.961294 0.071945 0.071945
0 0.787183 0.592340 0.071945 0.071945
0 0.750676 0.174431 0.052757 0.052757
0 0.029794 0.360897 0.071945 0.071945
0 0.490576 0.645095 0.057104 0.057104
0 0.760327 0.727826 0.061131 0.061131