0 0.923596 0.907368 0.104277 0.104277
0 0.379410 0.683302 0.062220 0.062220
0 0.303967 0.910518 0.052757 0.052757
0 0.298237 0.147731 0.104277 0.104277
0 0.326295 0.557687 0.057103 0.057103
0 0.995606 0.953864 0.057104 0.057104
0 0.495348 0.804978 0.071945 0.071945
0 0.542596 0.867417 0.061130 0.061130
0 0.097641 0.603332 0.052757 0.052757
0 0.720730 0.991372 0.052757 0.052757
0 0.845718 0.607256 0.061131 0.061131
0 0.787930 0.927281 0.052757 0.052757
0 0.531100 0.307877 0.057104 0.057104
0 0.780844 0.528563 0.062220 0.062220
0 0.258415 0.379825 0.104277 0.104277
0 0.242457 0.822012 0.071945 0.071945
0 0.172212 0.814927 0.057104 0.057104
0 0.752728 0.212597 0.061131 0.061131
0 0.067176 0.312884 0.104277 0.104277
0 0.440265 0.980919 0.057104 0.057104
0 0.277812 0.243974 0.057104 0.057104
0 0.468865 0.463008 0.057104 0.057104
0 0.226382 0.192843 0.104277 0.104277
0 0.816140 0.109067 0.071945 0.071945
0 0.587454 0.745110 0.061130 0.061130
0 0.502029 0.224304 0.104277 0.104277
0 0.388888 0.505443 0.052757 0.052757
0 0.192743 0.061791 0.052757 0.052757
0 0.667191 0.043368 0.104277 0.104277
0 0.459804 0.045152 0.062220 0.062220
0 0.142063 0.528785 0.062220 0.062220
0 0.878223 0.357981 0.071945 0.071945
0 0.859591 0.809400 0.104277 0.104277
0 0.314129 0.308473 0.057104 0.057104
0 0.471283 0.557508 0.057104 0.057104
0 0.373388 0.944871 0.104277 0.104277
0 0.237428 0.723049 0.057104 0.057104
0 0.479144 0.724796 0.057104 0.057104
0 0.144783 0.900178 0.057104 0.057104
0 0.519673 0.386837 0.052757 0.052757
0 0.590864 0.455918 0.104277 0.104277
0 0.559421 0.025029 0.062220 0.062220
0 0.347710 0.839133 0.104277 0.104277
0 0.631753 0.956536 0.052757 0.052757
0 0.152267 0.732432 0.052757 0.052757
0 0.892031 0.492395 0.061131 0.061131
0 0.346968 0.744402 0.052757 0.052757
0 0.163879 0.663723 0.061130 0.061130
0 0.532332 0.657895 0.104277 0.104277
0 0.667641 0.541092 0.061130 0.061130
0 0.357612 0.183940 0.052757 0.052757
0 0.403554 0.395523 0.057104 0.057104
0 0.232833 0.578541 0.071945 0.071945
0 0.750127 0.438880 0.104277 0.104277
0 0.070847 0.991164 0.061130 0.061130
0 0.963008 0.323340 0.062220 0.062220
0 0.655052 0.276243 0.062220 0.062220
0 0.981570 0.562774 0.057104 0.057104
0 0.058423 0.071851 0.061130 0.061130
0 0.437720 0.907172 0.062220 0.062220
0 0.215632 0.319691 0.052757 0.052757
0 0.846039 0.037542 0.061131 0.061131
0 0.752052 0.846869 0.052757 0.052757
0 0.744819 0.617206 0.062220 0.062220
0 0.136537 0.011250 0.071945 0.071945
0 0.749883 0.074860 0.061131 0.061131
0 0.011994 0.440892 0.057104 0.057104
0 0.547996 0.531616 0.061130 0.061130
0 0.075524 0.183902 0.057104 0.057104
0 0.709584 0.680824 0.104278 0.104278
0 0.712867 0.153023 0.052757 0.052757
0 0.792501 0.347844 0.061131 0.061131
0 0.090030 0.691868 0.061130 0.061130
0 0.056642 0.529054 0.062220 0.062220
0 0.959727 0.744995 0.062220 0.062220
0 0.234460 0.927664 0.057104 0.057104
0 0.544968 0.936571 0.057104 0.057104
0 0.036656 0.869838 0.104277 0.104277
0 0.766602 0.746735 0.062220 0.062220
0 0.645159 0.861311 0.057104 0.057104
0 0.590918 0.178438 0.104277 0.104277
0 0.369436 0.258425 0.061130 0.061130
0 0.313287 0.078341 0.104277 0.104277
0 0.164061 0.993052 0.062220 0.062220
0 0.798522 0.679106 0.071945 0.071945
0 0.080047 0.451119 0.057104 0.057104
0 0.712102 0.915667 0.062220 0.062220
0 0.378872 0.107430 0.071945 0.071945
0 0.609435 0.333872 0.061130 0.061130
0 0.445745 0.642218 0.057104 0.057104
0 0.644161 0.638904 0.104277 0.104277
0 0.320503 0.632567 0.104277 0.104277
0 0.975956 0.412665 0.057104 0.057104
0 0.881805 0.160686 0.104277 0.104277
0 0.838723 0.736032 0.052757 0.052757
0 0.650194 0.406785 0.061130 0.061130
0 0.012028 0.231580 0.062220 0.062220
0 0.948147 0.230123 0.052757 0.052757
0 0.827175 0.448806 0.071945 0.071945
0 0.955302 0.095667 0.071945 0.071945
0 0.593101 0.091287 0.057104 0.057104
0 0.344630 0.437644 0.062220 0.062220
0 0.695640 0.345595 0.071945 0.071945
0 0.443823 0.132586 0.057104 0.057104
0 0.042812 0.793375 0.061130 0.061130
0 0.125900 0.360800 0.104277 0.104277
0 0.244441 0.496499 0.052757 0.052757
0 0.131302 0.241095 0.057104 0.057104
0 0.426877 0.829280 0.057104 0.057104
0 0.191692 0.421956 0.062220 0.062220
0 0.835704 0.219823 0.052757 0.052757
0 0.010834 0.729565 0.062220 0.062220
0 0.927532 0.622415 0.061131 0.061131