0 0.840842 0.143227 0.104277 0.104277
0 0.513302 0.350755 0.104278 0.104278
0 0.767345 0.942532 0.071945 0.071945
0 0.991132 0.140903 0.062220 0.062220
0 0.568958 0.787877 0.104277 0.104277
0 0.631446 0.512103 0.052757 0.052757
0 0.811743 0.698849 0.061130 0.061130
0 0.303937 0.869071 0.052757 0.052757
0 0.315629 0.955620 0.104277 0.104277
0 0.155979 0.503078 0.061130 0.061130
0 0.530740 0.461560 0.052757 0.052757
0 0.984687 0.660725 0.071945 0.071945
0 0.551811 0.632787 0.052757 0.052757
0 0.665494 0.961987 0.062220 0.062220
0 0.295362 0.781650 0.104277 0.104277
0 0.834966 0.058042 0.057104 0.057104
0 0.628118 0.707922 0.071945 0.071945
0 0.377719 0.713448 0.104277 0.104277
0 0.870828 0.244678 0.051819 0.051819
0 0.301886 0.682508 0.061130 0.061130
0 0.165947 0.267412 0.057104 0.057104
0 0.208957 0.580465 0.104277 0.104277
0 0.241806 0.054061 0.057104 0.057104
0 0.763534 0.533479 0.104277 0.104277
0 0.024578 0.998280 0.052757 0.052757
0 0.428827 0.859503 0.104277 0.104277
0 0.185380 0.999107 0.061130 0.061130
0 0.463148 0.262193 0.052757 0.052757
0 0.007443 0.352787 0.104277 0.104277
0 0.946669 0.315022 0.104277 0.104277
0 0.941806 0.241729 0.071945 0.071945
0 0.150829 0.421948 0.104277 0.104277
0 0.224309 0.820430 0.052757 0.052757
0 0.705991 0.784211 0.052757 0.052757
0 0.648277 0.254438 0.052757 0.052757
0 0.086784 0.504005 0.052757 0.052757
0 0.516015 0.706966 0.104277 0.104277
0 0.463312 0.568612 0.057104 0.057104
0 0.668649 0.650216 0.052757 0.052757
0 0.863124 0.401651 0.054783 0.054783
0 0.999967 0.846787 0.062220 0.062220
0 0.843654 0.922337 0.061131 0.061131
0 0.366480 0.792598 0.061130 0.061130
0 0.802047 0.850788 0.071945 0.071945
0 0.831226 0.513817 0.071945 0.071945
0 0.041311 0.723149 0.104278 0.104278
0 0.590248 0.969337 0.062220 0.062220
0 0.831486 0.584641 0.061130 0.061130
0 0.614350 0.175069 0.071945 0.071945
0 0.108160 0.701540 0.052757 0.052757
0 0.388027 0.380666 0.061130 0.061130
0 0.279380 0.279508 0.071945 0.071945
0 0.446029 0.495204 0.052757 0.052757
0 0.711506 0.410319 0.057104 0.057104
0 0.117621 0.956564 0.057104 0.057104
0 0.486576 0.820958 0.071945 0.071945
0 0.288128 0.002694 0.071945 0.071945
0 0.268284 0.447801 0.061130 0.061130
0 0.238953 0.364136 0.062220 0.062220
0 0.920877 0.928059 0.052757 0.052757
0 0.382723 0.215322 0.062220 0.062220
0 0.498384 0.044322 0.061130 0.061130
0 0.630423 0.887597 0.061130 0.061130
0 0.725701 0.288445 0.052757 0.052757
0 0.288322 0.610102 0.052757 0.052757
0 0.438496 0.646387 0.057104 0.057104
0 0.074039 0.824033 0.057104 0.057104
0 0.001314 0.790413 0.071945 0.071945
0 0.418306 0.930762 0.071945 0.071945
0 0.583450 0.001118 0.104277 0.104277
0 0.746855 0.098991 0.071945 0.071945
0 0.132195 0.865871 0.071945 0.071945
0 0.955639 0.502309 0.052757 0.052757
0 0.437150 0.152709 0.061130 0.061130
0 0.537243 0.245245 0.057104 0.057104
0 0.429392 0.069027 0.104277 0.104277
0 0.636844 0.322861 0.062220 0.062220
0 0.634011 0.049655 0.104277 0.104277
0 0.643316 0.581526 0.104277 0.104277
0 0.998503 0.741820 0.052757 0.052757
0 0.379603 0.457301 0.104277 0.104277
0 0.910550 0.793684 0.052757 0.052757
0 0.340249 0.311322 0.071945 0.071945
0 0.730087 0.860071 0.057104 0.057104
0 0.583147 0.378950 0.104277 0.104277
0 0.737980 0.182907 0.057104 0.057104
0 0.081315 0.375389 0.071945 0.071945
0 0.221187 0.219486 0.050932 0.050932
0 0.357923 0.040600 0.052757 0.052757
0 0.975495 0.024571 0.071945 0.071945
0 0.011724 0.900764 0.052757 0.052757
0 0.693849 0.005715 0.052757 0.052757
0 0.548155 0.157162 0.057104 0.057104
0 0.939484 0.388400 0.104277 0.104277
0 0.081644 0.274122 0.071945 0.071945
0 0.331724 0.107626 0.061130 0.061130
0 0.643630 0.815061 0.050559 0.050559
0 0.772769 0.757840 0.061130 0.061130
0 0.902040 0.578212 0.071945 0.071945
0 0.004755 0.482639 0.104277 0.104277
0 0.545272 0.550617 0.061131 0.061131
0 0.392379 0.591942 0.104277 0.104277
0 0.900840 0.672765 0.071945 0.071945
0 0.849565 0.333697 0.052757 0.052757
0 0.777002 0.367924 0.104277 0.104277
0 0.292516 0.204311 0.062220 0.062220
0 0.088271 0.182215 0.062220 0.062220
0 0.002660 0.573002 0.062220 0.062220
0 0.069170 0.608044 0.071945 0.071945
0 0.467284 0.420669 0.071945 0.071945
0 0.298277 0.531698 0.061130 0.061130
0 0.707485 0.486889 0.071945 0.071945
0 0.033124 0.097189 0.047555 0.047555
0 0.167224 0.121985 0.052757 0.052757
0 0.198792 0.719148 0.104277 0.104277
0 0.738192 0.624829 0.104277 0.104277
0 0.502685 0.944743 0.052757 0.052757
0 0.162944 0.340090 0.071945 0.071945
0 0.912451 0.104470 0.057104 0.057104
0 0.247174 0.129866 0.071945 0.071945
0 0.238076 0.889408 0.104277 0.104277