0 0.292420 0.461351 0.062220 0.062220
0 0.638058 0.800979 0.062220 0.062220
0 0.599832 0.606955 0.062220 0.062220
0 0.375734 0.914593 0.057103 0.057103
0 0.890833 0.169127 0.104277 0.104277
0 0.625812 0.250321 0.052757 0.052757
0 0.637504 0.336870 0.104277 0.104277
0 0.983968 0.590495 0.104277 0.104277
0 0.396406 0.661242 0.052757 0.052757
0 0.942829 0.712106 0.104277 0.104277
0 0.829345 0.754080 0.071945 0.071945
0 0.234749 0.516233 0.071945 0.071945
0 0.873686 0.014037 0.052757 0.052757
0 0.987369 0.343237 0.062220 0.062220
0 0.355597 0.745912 0.062220 0.062220
0 0.260630 0.938894 0.071945 0.071945
0 0.617237 0.162900 0.104277 0.104277
0 0.949993 0.089172 0.071945 0.071945
0 0.699594 0.094698 0.104277 0.104277
0 0.623761 0.063758 0.061130 0.061130
0 0.285549 0.776548 0.104277 0.104277
0 0.089171 0.549359 0.061130 0.061130
0 0.366037 0.467413 0.061130 0.061130
0 0.346453 0.379530 0.052757 0.052757
0 0.137599 0.845711 0.104278 0.104278
0 0.966422 0.438993 0.061130 0.061130
0 0.845727 0.480867 0.057104 0.057104
0 0.750702 0.240753 0.104277 0.104277
0 0.535478 0.960476 0.062220 0.062220
0 0.507255 0.380357 0.061130 0.061130
0 0.588099 0.505815 0.062220 0.062220
0 0.203289 0.091049 0.061130 0.061130
0 0.783243 0.587625 0.057104 0.057104
0 0.005760 0.209661 0.104278 0.104278
0 0.899219 0.617716 0.104277 0.104277
0 0.693308 0.943771 0.071945 0.071945
0 0.629988 0.414025 0.057104 0.057104
0 0.395324 0.843156 0.061130 0.061130
0 0.838656 0.827045 0.071945 0.071945
0 0.447786 0.615468 0.062220 0.062220
0 0.546184 0.201680 0.052757 0.052757
0 0.645905 0.871781 0.057104 0.057104
0 0.154773 0.648946 0.062220 0.062220
0 0.666534 0.549468 0.057104 0.057104
0 0.837890 0.088216 0.104277 0.104277
0 0.990524 0.031466 0.052757 0.052757
0 0.478609 0.461569 0.061130 0.061130
0 0.609749 0.951434 0.052757 0.052757
0 0.688355 0.173848 0.061130 0.061130
0 0.363186 0.104399 0.104278 0.104278
0 0.912123 0.350587 0.062220 0.062220
0 0.430035 0.082790 0.052757 0.052757
0 0.443839 0.722600 0.062220 0.062220
0 0.864764 0.691437 0.057104 0.057104
0 0.071144 0.261867 0.062220 0.062220
0 0.939790 0.508425 0.104277 0.104277
0 0.569054 0.842795 0.050891 0.050891
0 0.222476 0.349091 0.062220 0.062220
0 0.294880 0.858230 0.104277 0.104277
0 0.439496 0.337814 0.057104 0.057104
0 0.732924 0.735101 0.062220 0.062220
0 0.808451 0.202208 0.071945 0.071945
0 0.853743 0.944167 0.057104 0.057104
0 0.229650 0.681097 0.062220 0.062220
0 0.454074 0.921817 0.052757 0.052757
0 0.501705 0.767941 0.062220 0.062220
0 0.597464 0.733860 0.104277 0.104277
0 0.952298 0.268847 0.061130 0.061130
0 0.760371 0.027637 0.057104 0.057104
0 0.395914 0.205283 0.057104 0.057104
0 0.104912 0.442973 0.104278 0.104278
0 0.323189 0.171663 0.071945 0.071945
0 0.223550 0.436437 0.052757 0.052757
0 0.132733 0.952564 0.071945 0.071945
0 0.042121 0.958239 0.052757 0.052757
0 0.759312 0.863038 0.061130 0.061130
0 0.762836 0.458156 0.062220 0.062220
0 0.740181 0.312012 0.071945 0.071945
0 0.897735 0.778190 0.062220 0.062220
0 0.192348 0.906336 0.057104 0.057104
0 0.261774 0.251229 0.052757 0.052757
0 0.454070 0.247121 0.071945 0.071945
0 0.156453 0.490955 0.057104 0.057104
0 0.190031 0.159633 0.057104 0.057104
0 0.470652 0.840750 0.062220 0.062220
0 0.160528 0.237455 0.104277 0.104277
0 0.768890 0.966388 0.062220 0.062220
0 0.998377 0.659831 0.062220 0.062220
0 0.872590 0.549178 0.071945 0.071945
0 0.121655 0.356980 0.104277 0.104277
0 0.112109 0.138015 0.071945 0.071945
0 0.011808 0.881786 0.104277 0.104277
0 0.548632 0.665880 0.104277 0.104277
0 0.121929 0.766639 0.061131 0.061131
0 0.003065 0.761697 0.057104 0.057104
0 0.333599 0.282014 0.052757 0.052757
0 0.093485 0.031018 0.057104 0.057104
0 0.992664 0.954818 0.061130 0.061130
0 0.965505 0.196311 0.050559 0.050559
0 0.276487 0.019654 0.104277 0.104277
0 0.779907 0.670658 0.052757 0.052757
0 0.195266 0.781734 0.057104 0.057104
0 0.934657 0.858303 0.061131 0.061131
0 0.315874 0.574582 0.057104 0.057104
0 0.036636 0.482969 0.062220 0.062220
0 0.036810 0.410534 0.057104 0.057104
0 0.201192 0.011302 0.061130 0.061130
0 0.706682 0.665936 0.052757 0.052757
0 0.740354 0.531322 0.061130 0.061130
0 0.029038 0.135734 0.052757 0.052757
0 0.411835 0.550666 0.104277 0.104277
0 0.071813 0.674508 0.057104 0.057104
0 0.520667 0.100398 0.104277 0.104277
0 0.294218 0.095670 0.052757 0.052757
0 0.060464 0.818515 0.061130 0.061130
0 0.824560 0.325993 0.052757 0.052757
0 0.559951 0.270658 0.104277 0.104277