0 0.290333 0.269363 0.052757 0.052757
0 0.842261 0.008731 0.052757 0.052757
0 0.755979 0.665578 0.061130 0.061130
0 0.895362 0.944150 0.104277 0.104277
0 0.977719 0.875948 0.104277 0.104277
0 0.901886 0.845008 0.061130 0.061130
0 0.765947 0.429912 0.057104 0.057104
0 0.260809 0.753542 0.062220 0.062220
0 0.808957 0.742965 0.104277 0.104277
0 0.841806 0.216561 0.057104 0.057104
0 0.256168 0.339608 0.062220 0.062220
0 0.481414 0.872299 0.061130 0.061130
0 0.468838 0.410765 0.071945 0.071945
0 0.283885 0.990911 0.104278 0.104278
0 0.607443 0.515287 0.104277 0.104277
0 0.527874 0.584211 0.052757 0.052757
0 0.750829 0.584448 0.104277 0.104277
0 0.824309 0.982930 0.052757 0.052757
0 0.440442 0.578409 0.052757 0.052757
0 0.686784 0.666505 0.052757 0.052757
0 0.966480 0.955098 0.061130 0.061130
0 0.641311 0.885649 0.104278 0.104278
0 0.708160 0.864040 0.052757 0.052757
0 0.988027 0.543166 0.061130 0.061130
0 0.879380 0.442008 0.071945 0.071945
0 0.253796 0.432778 0.052757 0.052757
0 0.399389 0.140883 0.071945 0.071945
0 0.589213 0.323512 0.061130 0.061130
0 0.392455 0.070427 0.071945 0.071945
0 0.888128 0.165194 0.071945 0.071945
0 0.868284 0.610301 0.061130 0.061130
0 0.838953 0.526636 0.062220 0.062220
0 0.982723 0.377822 0.062220 0.062220
0 0.307255 0.674813 0.061130 0.061130
0 0.888322 0.772602 0.052757 0.052757
0 0.674039 0.986533 0.057104 0.057104
0 0.542081 0.473290 0.104277 0.104277
0 0.601314 0.952913 0.071945 0.071945
0 0.599413 0.049135 0.071945 0.071945
0 0.468156 0.940883 0.057104 0.057104
0 0.718700 0.000266 0.052757 0.052757
0 0.550664 0.131360 0.052757 0.052757
0 0.394300 0.470991 0.052757 0.052757
0 0.291669 0.191699 0.104278 0.104278
0 0.979603 0.619801 0.104277 0.104277
0 0.474441 0.003793 0.061130 0.061130
0 0.940249 0.473822 0.071945 0.071945
0 0.482391 0.324948 0.104277 0.104277
0 0.390234 0.919265 0.071945 0.071945
0 0.681315 0.537889 0.071945 0.071945
0 0.821187 0.381986 0.050932 0.050932
0 0.264403 0.860506 0.057104 0.057104
0 0.957923 0.203100 0.052757 0.052757
0 0.433298 0.235818 0.057104 0.057104
0 0.724060 0.149991 0.071945 0.071945
0 0.934820 0.110160 0.061130 0.061130
0 0.510422 0.074619 0.062220 0.062220
0 0.681644 0.436622 0.071945 0.071945
0 0.589281 0.199793 0.104277 0.104277
0 0.360504 0.558201 0.104277 0.104277
0 0.371610 0.812268 0.057104 0.057104
0 0.931724 0.270126 0.061130 0.061130
0 0.794089 0.113285 0.071945 0.071945
0 0.554612 0.800904 0.104277 0.104277
0 0.604755 0.645139 0.104277 0.104277
0 0.388378 0.300535 0.062220 0.062220
0 0.992379 0.754442 0.104277 0.104277
0 0.595261 0.421441 0.052757 0.052757
0 0.892516 0.366811 0.062220 0.062220
0 0.688271 0.344715 0.062220 0.062220
0 0.510428 0.719916 0.052757 0.052757
0 0.389657 0.634705 0.104277 0.104277
0 0.479317 0.792552 0.061130 0.061130
0 0.328162 0.396604 0.057104 0.057104
0 0.602660 0.735502 0.062220 0.062220
0 0.669170 0.770544 0.071945 0.071945
0 0.898277 0.694198 0.061130 0.061130
0 0.538039 0.254720 0.071945 0.071945
0 0.307163 0.916984 0.052757 0.052757
0 0.633124 0.259689 0.047555 0.047555
0 0.767224 0.284485 0.052757 0.052757
0 0.798792 0.881648 0.104277 0.104277
0 0.279764 0.577436 0.071945 0.071945
0 0.572343 0.876920 0.052757 0.052757
0 0.397641 0.383490 0.057103 0.057103
0 0.762944 0.502590 0.071945 0.071945
0 0.381352 0.706047 0.104277 0.104277
0 0.847174 0.292366 0.071945 0.071945
0 0.294306 0.087953 0.062220 0.062220