0 0.386745 0.535323 0.062220 0.062220
0 0.135737 0.838356 0.104277 0.104277
0 0.935743 0.313462 0.052757 0.052757
0 0.340819 0.594165 0.062220 0.062220
0 0.487393 0.571177 0.070161 0.070161
0 0.118113 0.562789 0.104278 0.104278
0 0.840767 0.229770 0.062220 0.062220
0 0.368600 0.998502 0.057104 0.057104
0 0.237506 0.234196 0.057104 0.057104
0 0.757307 0.662374 0.071945 0.071945
0 0.854966 0.349752 0.062220 0.062220
0 0.276794 0.542301 0.071945 0.071945
0 0.573100 0.600930 0.062220 0.062220
0 0.590228 0.903222 0.061131 0.061131
0 0.877868 0.814273 0.061130 0.061130
0 0.251214 0.310881 0.062220 0.062220
0 0.902881 0.933148 0.104277 0.104277
0 0.609671 0.664766 0.104277 0.104277
0 0.784866 0.317157 0.052757 0.052757
0 0.018209 0.600368 0.071945 0.071945
0 0.524130 0.510401 0.061130 0.061130
0 0.115312 0.934599 0.057104 0.057104
0 0.237015 0.393642 0.071945 0.071945
0 0.063882 0.883468 0.104277 0.104277
0 0.653640 0.799692 0.071945 0.071945
0 0.171319 0.332643 0.104277 0.104277
0 0.114781 0.445080 0.057104 0.057104
0 0.106864 0.308379 0.071945 0.071945
0 0.911251 0.486594 0.061130 0.061130
0 0.339529 0.914929 0.104277 0.104277
0 0.717856 0.396206 0.071945 0.071945
0 0.323727 0.264635 0.071945 0.071945
0 0.030243 0.752416 0.052757 0.052757
0 0.504691 0.733993 0.104277 0.104277
0 0.605555 0.478590 0.057104 0.057104
0 0.297304 0.735777 0.062220 0.062220
0 0.606311 0.281446 0.061131 0.061131
0 0.151629 0.999098 0.057104 0.057104
0 0.915750 0.237074 0.057104 0.057104
0 0.576027 0.380721 0.071945 0.071945
0 0.465482 0.440903 0.071945 0.071945
0 0.396921 0.715654 0.062220 0.062220
0 0.327124 0.375957 0.052757 0.052757
0 0.204446 0.638781 0.071945 0.071945
0 0.195112 0.874565 0.052757 0.052757
0 0.703146 0.298735 0.052757 0.052757
0 0.638975 0.544229 0.062220 0.062220
0 0.492552 0.966868 0.062220 0.062220
0 0.908660 0.403882 0.061131 0.061131
0 0.382721 0.431068 0.052757 0.052757
0 0.683539 0.728167 0.061131 0.061131
0 0.436404 0.260032 0.071945 0.071945
0 0.587383 0.765485 0.061131 0.061131
0 0.855924 0.539689 0.071945 0.071945
0 0.767389 0.236950 0.062220 0.062220
0 0.460338 0.341285 0.057104 0.057104
0 0.076848 0.383979 0.062220 0.062220
0 0.146876 0.214559 0.104277 0.104277
0 0.550367 0.843648 0.052757 0.052757
0 0.847555 0.736011 0.057104 0.057104
0 0.455334 0.643681 0.052757 0.052757
0 0.702480 0.577344 0.071945 0.071945
0 0.965466 0.553219 0.052757 0.052757
0 0.783654 0.439347 0.071945 0.071945
0 0.519108 0.227877 0.104277 0.104277
0 0.428418 0.869063 0.104277 0.104277
0 0.206936 0.949050 0.061130 0.061130
0 0.150787 0.768966 0.104277 0.104277
0 0.113488 0.639866 0.052757 0.052757
0 0.985399 0.750587 0.071945 0.071945
0 0.333987 0.673629 0.057104 0.057104
0 0.887361 0.665158 0.062220 0.062220
0 0.216372 0.798055 0.071945 0.071945
0 0.292516 0.438492 0.104277 0.104277
0 0.714060 0.500394 0.071945 0.071945
0 0.210509 0.560559 0.056505 0.056505
0 0.719305 0.851311 0.104277 0.104277
0 0.785647 0.920748 0.052757 0.052757
0 0.954317 0.688750 0.104277 0.104277
0 0.792802 0.786292 0.071945 0.071945
0 0.806775 0.596306 0.104277 0.104277
0 0.430601 0.781912 0.057104 0.057104
0 0.204806 0.491870 0.061130 0.061130
0 0.537707 0.441955 0.057103 0.057103
0 0.281323 0.823211 0.057104 0.057104
0 0.004360 0.515672 0.062220 0.062220
0 0.021636 0.302922 0.061130 0.061130
0 0.690424 0.228299 0.057104 0.057104
0 0.673204 0.910448 0.052757 0.052757