0 0.670035 0.702052 0.062220 0.062220
0 0.594592 0.929268 0.052757 0.052757
0 0.588862 0.166481 0.104277 0.104277
0 0.616920 0.576437 0.057103 0.057103
0 0.785973 0.823728 0.071945 0.071945
0 0.250520 0.549723 0.104277 0.104277
0 0.833221 0.886167 0.061130 0.061130
0 0.388266 0.622082 0.052757 0.052757
0 0.161990 0.904147 0.104278 0.104278
0 0.821725 0.326627 0.057104 0.057104
0 0.549040 0.398575 0.104277 0.104277
0 0.533082 0.840762 0.071945 0.071945
0 0.462837 0.833677 0.057104 0.057104
0 0.357801 0.331634 0.104277 0.104277
0 0.730890 0.999669 0.057104 0.057104
0 0.568437 0.262724 0.057104 0.057104
0 0.215636 0.353465 0.062220 0.062220
0 0.227301 0.243687 0.062220 0.062220
0 0.759490 0.481758 0.057104 0.057104
0 0.517007 0.211593 0.104277 0.104277
0 0.288946 0.389986 0.062220 0.062220
0 0.878079 0.763860 0.061130 0.061130
0 0.131847 0.384740 0.104278 0.104278
0 0.792654 0.243054 0.104277 0.104277
0 0.679513 0.524193 0.052757 0.052757
0 0.483368 0.080541 0.052757 0.052757
0 0.957816 0.062118 0.104277 0.104277
0 0.750429 0.063902 0.062220 0.062220
0 0.432688 0.547535 0.062220 0.062220
0 0.132035 0.495495 0.071945 0.071945
0 0.336179 0.006119 0.062220 0.062220
0 0.604754 0.327223 0.057104 0.057104
0 0.761908 0.576258 0.057104 0.057104
0 0.664013 0.963621 0.104277 0.104277
0 0.528053 0.741799 0.057104 0.057104
0 0.769769 0.743546 0.057104 0.057104
0 0.435408 0.918928 0.057104 0.057104
0 0.132099 0.146630 0.052757 0.052757
0 0.810298 0.405587 0.052757 0.052757
0 0.881489 0.474668 0.104277 0.104277
0 0.850046 0.043779 0.062220 0.062220
0 0.638335 0.857883 0.104277 0.104277
0 0.922378 0.975286 0.052757 0.052757
0 0.281637 0.122010 0.061130 0.061130
0 0.220953 0.687986 0.062220 0.062220
0 0.442892 0.751182 0.052757 0.052757
0 0.637593 0.763152 0.052757 0.052757
0 0.454504 0.682473 0.061130 0.061130
0 0.822957 0.676645 0.104277 0.104277
0 0.958266 0.559842 0.061130 0.061130
0 0.648237 0.202690 0.052757 0.052757
0 0.694179 0.414273 0.057104 0.057104
0 0.133005 0.040418 0.104277 0.104277
0 0.523458 0.597291 0.071945 0.071945
0 0.945677 0.294993 0.062220 0.062220
0 0.349048 0.090601 0.061130 0.061130
0 0.218222 0.069859 0.061130 0.061130
0 0.728345 0.925922 0.062220 0.062220
0 0.506257 0.338441 0.052757 0.052757
0 0.427162 0.030000 0.071945 0.071945
0 0.302619 0.459642 0.057104 0.057104
0 0.838621 0.550366 0.061130 0.061130
0 0.366149 0.202652 0.057104 0.057104
0 0.380655 0.710618 0.061130 0.061130
0 0.164604 0.213794 0.061130 0.061130
0 0.347267 0.547804 0.062220 0.062220
0 0.525085 0.946414 0.057104 0.057104
0 0.835593 0.955321 0.057104 0.057104
0 0.254576 0.993477 0.057104 0.057104
0 0.327281 0.888588 0.104277 0.104277
0 0.137757 0.691500 0.061130 0.061130
0 0.935784 0.880061 0.057104 0.057104
0 0.881543 0.197188 0.104277 0.104277
0 0.660061 0.277175 0.061130 0.061130
0 0.603912 0.097091 0.104277 0.104277
0 0.178973 0.619508 0.061130 0.061130
0 0.370672 0.469869 0.057104 0.057104
0 0.787112 0.001754 0.057104 0.057104
0 0.226205 0.835180 0.104277 0.104277
0 0.669497 0.126180 0.071945 0.071945
0 0.229040 0.477218 0.052757 0.052757
0 0.900060 0.352622 0.061130 0.061130
0 0.736370 0.660968 0.057104 0.057104
0 0.934786 0.657654 0.104277 0.104277
0 0.611128 0.651317 0.104277 0.104277
0 0.184747 0.992525 0.057104 0.057104
0 0.940819 0.425535 0.061130 0.061130
0 0.302653 0.250330 0.062220 0.062220
0 0.883726 0.110037 0.057104 0.057104
0 0.635255 0.456394 0.062220 0.062220
0 0.986265 0.364345 0.071945 0.071945
0 0.264587 0.625190 0.071945 0.071945
0 0.734448 0.151336 0.057104 0.057104
0 0.333437 0.812125 0.061130 0.061130
0 0.416525 0.379550 0.104277 0.104277
0 0.535066 0.515249 0.052757 0.052757
0 0.421927 0.259845 0.057104 0.057104
0 0.717502 0.848030 0.057104 0.057104
0 0.482317 0.440706 0.062220 0.062220
0 0.136507 0.780932 0.071945 0.071945
0 0.169058 0.298593 0.061130 0.061130
0 0.301459 0.748315 0.062220 0.062220