0 0.229920 0.739476 0.062220 0.062220
0 0.772677 0.010130 0.104278 0.104278
0 0.537332 0.885080 0.062220 0.062220
0 0.828333 0.447252 0.104277 0.104277
0 0.890821 0.171478 0.052757 0.052757
0 0.563312 0.528446 0.052757 0.052757
0 0.575004 0.614995 0.104277 0.104277
0 0.415354 0.162453 0.061130 0.061130
0 0.921468 0.868620 0.104277 0.104277
0 0.333906 0.939367 0.052757 0.052757
0 0.880329 0.990231 0.104277 0.104277
0 0.172249 0.794358 0.071945 0.071945
0 0.790115 0.120935 0.052757 0.052757
0 0.811186 0.292162 0.052757 0.052757
0 0.924869 0.621362 0.062220 0.062220
0 0.554737 0.441025 0.104277 0.104277
0 0.887493 0.367297 0.071945 0.071945
0 0.637094 0.372823 0.104277 0.104277
0 0.561261 0.341883 0.061130 0.061130
0 0.950222 0.793620 0.057104 0.057104
0 0.026671 0.827484 0.061130 0.061130
0 0.468332 0.239840 0.104277 0.104277
0 0.303537 0.745538 0.061130 0.061130
0 0.283953 0.657655 0.052757 0.052757
0 0.903922 0.717118 0.061130 0.061130
0 0.783227 0.758992 0.057104 0.057104
0 0.688202 0.518878 0.104277 0.104277
0 0.444755 0.658482 0.061130 0.061130
0 0.525599 0.783940 0.062220 0.062220
0 0.140789 0.369174 0.061130 0.061130
0 0.720743 0.865750 0.057104 0.057104
0 0.836719 0.895841 0.104277 0.104277
0 0.266818 0.012162 0.104277 0.104277
0 0.187249 0.081086 0.052757 0.052757
0 0.567488 0.692150 0.057104 0.057104
0 0.385286 0.893593 0.062220 0.062220
0 0.410204 0.081323 0.104277 0.104277
0 0.483684 0.479805 0.052757 0.052757
0 0.965366 0.443586 0.052757 0.052757
0 0.099817 0.075284 0.052757 0.052757
0 0.092273 0.927071 0.062220 0.062220
0 0.604034 0.827593 0.057104 0.057104
0 0.346159 0.163380 0.052757 0.052757
0 0.775390 0.366341 0.104277 0.104277
0 0.722687 0.227987 0.057104 0.057104
0 0.928024 0.309591 0.052757 0.052757
0 0.416109 0.739694 0.061130 0.061130
0 0.625855 0.451973 0.061130 0.061130
0 0.300686 0.382524 0.104278 0.104278
0 0.849623 0.628712 0.062220 0.062220
0 0.367535 0.360915 0.052757 0.052757
0 0.647402 0.040041 0.061130 0.061130
0 0.802264 0.969562 0.057104 0.057104
0 0.705404 0.154579 0.052757 0.052757
0 0.970881 0.069694 0.057104 0.057104
0 0.008644 0.539992 0.062220 0.062220
0 0.877290 0.786550 0.104277 0.104277
0 0.159976 0.627216 0.062220 0.062220
0 0.376996 0.615939 0.057104 0.057104
0 0.745951 0.480333 0.071945 0.071945
0 0.527659 0.107176 0.061130 0.061130
0 0.498328 0.023511 0.062220 0.062220
0 0.167150 0.959222 0.062220 0.062220
0 0.889798 0.546972 0.061130 0.061130
0 0.547697 0.269477 0.052757 0.052757
0 0.697871 0.305762 0.057104 0.057104
0 0.333414 0.483408 0.057104 0.057104
0 0.042412 0.721098 0.104278 0.104278
0 0.260689 0.449788 0.071945 0.071945
0 0.161050 0.714562 0.052757 0.052757
0 0.700336 0.736281 0.062220 0.062220
0 0.677681 0.590137 0.071945 0.071945
0 0.199274 0.529354 0.052757 0.052757
0 0.391570 0.525246 0.071945 0.071945
0 0.093953 0.769080 0.057104 0.057104
0 0.127531 0.437758 0.057104 0.057104
0 0.098028 0.515580 0.104277 0.104277
0 0.902691 0.240901 0.104277 0.104277
0 0.935877 0.937956 0.062220 0.062220
0 0.810090 0.827303 0.071945 0.071945
0 0.638978 0.116676 0.104277 0.104277
0 0.989462 0.519446 0.057104 0.057104
0 0.842522 0.038325 0.104277 0.104277
0 0.059155 0.635105 0.104277 0.104277
0 0.049609 0.416140 0.071945 0.071945
0 0.340690 0.034764 0.071945 0.071945
0 0.486132 0.944005 0.104277 0.104277
0 0.271099 0.560139 0.052757 0.052757
0 0.019879 0.055076 0.104277 0.104277
0 0.030985 0.309143 0.057104 0.057104
0 0.903005 0.474436 0.050559 0.050559
0 0.213987 0.297779 0.104277 0.104277
0 0.717407 0.948783 0.052757 0.052757
0 0.264130 0.142014 0.104277 0.104277
0 0.804647 0.209992 0.061131 0.061131
0 0.651754 0.251317 0.104277 0.104277
0 0.169803 0.216791 0.052757 0.052757
0 0.253374 0.852707 0.057104 0.057104
0 0.049032 0.131580 0.104277 0.104277
0 0.138692 0.289427 0.061130 0.061130
0 0.644182 0.944061 0.052757 0.052757
0 0.262035 0.232377 0.062220 0.062220
0 0.328545 0.267419 0.071945 0.071945
0 0.726659 0.080044 0.071945 0.071945
0 0.557652 0.191073 0.061130 0.061130
0 0.966860 0.146264 0.071945 0.071945
0 0.677854 0.809447 0.061130 0.061130
0 0.349335 0.828791 0.104277 0.104277
0 0.009313 0.952633 0.057104 0.057104
0 0.458167 0.378523 0.104277 0.104277
0 0.997567 0.284204 0.104277 0.104277
0 0.231718 0.373795 0.052757 0.052757
0 0.762060 0.604118 0.052757 0.052757
0 0.040727 0.202922 0.104277 0.104277
0 0.497451 0.548783 0.104277 0.104277