0 0.903927 0.769505 0.104278 0.104278
0 0.080958 0.525613 0.052757 0.052757
0 0.632886 0.264981 0.052757 0.052757
0 0.546604 0.921828 0.061130 0.061130
0 0.921365 0.880310 0.052757 0.052757
0 0.996784 0.154824 0.062220 0.062220
0 0.556572 0.686162 0.057104 0.057104
0 0.907619 0.339983 0.104277 0.104277
0 0.053877 0.186661 0.071945 0.071945
0 0.599582 0.999215 0.104277 0.104277
0 0.632431 0.472811 0.057104 0.057104
0 0.046793 0.595858 0.062220 0.062220
0 0.923855 0.066372 0.052757 0.052757
0 0.853773 0.680943 0.052757 0.052757
0 0.259463 0.667015 0.071945 0.071945
0 0.398068 0.771537 0.104277 0.104277
0 0.318499 0.840461 0.052757 0.052757
0 0.677240 0.155457 0.057104 0.057104
0 0.991055 0.002281 0.052757 0.052757
0 0.541454 0.840698 0.104277 0.104277
0 0.764171 0.151714 0.057104 0.057104
0 0.987023 0.278233 0.071945 0.071945
0 0.231067 0.834659 0.052757 0.052757
0 0.477409 0.922755 0.052757 0.052757
0 0.853937 0.987362 0.057104 0.057104
0 0.643390 0.055919 0.057104 0.057104
0 0.778652 0.799416 0.061130 0.061130
0 0.670005 0.698258 0.071945 0.071945
0 0.836654 0.913954 0.052757 0.052757
0 0.044421 0.689028 0.052757 0.052757
0 0.190014 0.397133 0.071945 0.071945
0 0.379838 0.579762 0.061130 0.061130
0 0.183080 0.326677 0.071945 0.071945
0 0.678753 0.421444 0.071945 0.071945
0 0.658909 0.866551 0.061130 0.061130
0 0.629578 0.782886 0.062220 0.062220
0 0.773348 0.634072 0.062220 0.062220
0 0.889009 0.463072 0.061130 0.061130
0 0.097880 0.931063 0.061130 0.061130
0 0.378869 0.223687 0.071945 0.071945
0 0.332706 0.729540 0.104277 0.104277
0 0.824321 0.365333 0.061130 0.061130
0 0.795395 0.293598 0.061130 0.061130
0 0.576513 0.019871 0.104277 0.104277
0 0.974075 0.419868 0.104277 0.104277
0 0.834878 0.031536 0.052757 0.052757
0 0.827775 0.571459 0.061130 0.061130
0 0.565928 0.106433 0.104277 0.104277
0 0.390038 0.305385 0.071945 0.071945
0 0.927868 0.663995 0.057104 0.057104
0 0.820017 0.487777 0.104277 0.104277
0 0.509325 0.256516 0.052757 0.052757
0 0.341289 0.387610 0.052757 0.052757
0 0.184925 0.727241 0.052757 0.052757
0 0.273972 0.066164 0.061130 0.061130
0 0.082294 0.447949 0.104278 0.104278
0 0.715900 0.229202 0.071945 0.071945
0 0.770228 0.876051 0.104277 0.104277
0 0.265066 0.260043 0.061130 0.061130
0 0.730874 0.730072 0.071945 0.071945
0 0.273016 0.581198 0.104277 0.104277
0 0.973772 0.797700 0.104277 0.104277
0 0.601777 0.187869 0.104277 0.104277
0 0.471940 0.794139 0.071945 0.071945
0 0.611812 0.638236 0.050932 0.050932
0 0.151598 0.130315 0.061130 0.061130
0 0.748548 0.459350 0.052757 0.052757
0 0.223923 0.492068 0.057104 0.057104
0 0.514685 0.406241 0.071945 0.071945
0 0.725445 0.366410 0.061130 0.061130
0 0.301047 0.330869 0.062220 0.062220
0 0.938780 0.575912 0.057104 0.057104
0 0.437585 0.002664 0.057104 0.057104
0 0.748093 0.011571 0.057104 0.057104
0 0.167076 0.049727 0.057104 0.057104
0 0.472269 0.692872 0.071945 0.071945
0 0.379906 0.456043 0.104277 0.104277
0 0.086661 0.255987 0.061130 0.061130
0 0.151129 0.814451 0.104277 0.104277
0 0.722349 0.526376 0.061130 0.061130
0 0.584714 0.369535 0.071945 0.071945
0 0.437349 0.080773 0.061130 0.061130
0 0.367186 0.068052 0.062220 0.062220
0 0.395380 0.901389 0.104277 0.104277
0 0.712201 0.086036 0.048997 0.048997
0 0.935897 0.969367 0.061131 0.061131
0 0.179003 0.556785 0.062220 0.062220
0 0.385886 0.677691 0.052757 0.052757
0 0.911209 0.232028 0.062220 0.062220
0 0.683141 0.623061 0.062220 0.062220
0 0.478896 0.600965 0.062220 0.062220
0 0.301053 0.976166 0.052757 0.052757
0 0.097247 0.048775 0.057104 0.057104
0 0.144693 0.207549 0.057104 0.057104
0 0.914786 0.142217 0.061131 0.061131
0 0.180282 0.890955 0.104277 0.104277
0 0.335747 0.152592 0.071945 0.071945
0 0.118787 0.652854 0.057104 0.057104
0 0.489560 0.180413 0.104277 0.104277
0 0.393285 0.991752 0.062220 0.062220
0 0.255686 0.145516 0.071945 0.071945
0 0.857909 0.839419 0.071945 0.071945
0 0.688902 0.950448 0.061130 0.061130
0 0.328664 0.510970 0.071945 0.071945
0 0.423749 0.515939 0.047555 0.047555
0 0.557849 0.540735 0.052757 0.052757
0 0.070389 0.833686 0.071945 0.071945
0 0.188266 0.639740 0.057103 0.057103
0 0.842294 0.239022 0.071945 0.071945
0 0.553569 0.758840 0.071945 0.071945
0 0.171977 0.962297 0.104277 0.104277
0 0.637799 0.548616 0.071945 0.071945
0 0.084931 0.344203 0.062220 0.062220