0 0.302833 0.609988 0.052757 0.052757
0 0.854761 0.349356 0.052757 0.052757
0 0.778447 0.770537 0.057104 0.057104
0 0.728967 0.069893 0.052757 0.052757
0 0.275752 0.271036 0.071945 0.071945
0 0.854306 0.557186 0.057104 0.057104
0 0.967596 0.026792 0.061130 0.061130
0 0.268668 0.680233 0.062220 0.062220
0 0.481338 0.751390 0.071945 0.071945
0 0.619943 0.855912 0.104277 0.104277
0 0.540374 0.924836 0.052757 0.052757
0 0.899115 0.239832 0.057104 0.057104
0 0.763329 0.925073 0.104277 0.104277
0 0.986046 0.236089 0.057104 0.057104
0 0.296365 0.044772 0.104278 0.104278
0 0.452942 0.919034 0.052757 0.052757
0 0.865265 0.140294 0.057104 0.057104
0 0.891880 0.782633 0.071945 0.071945
0 0.266296 0.773403 0.052757 0.052757
0 0.411889 0.481508 0.071945 0.071945
0 0.601713 0.664137 0.061130 0.061130
0 0.404955 0.411052 0.071945 0.071945
0 0.900628 0.505819 0.071945 0.071945
0 0.880784 0.950926 0.061130 0.061130
0 0.851453 0.867261 0.062220 0.062220
0 0.995223 0.718447 0.062220 0.062220
0 0.600744 0.308062 0.071945 0.071945
0 0.554581 0.813915 0.104277 0.104277
0 0.798388 0.104246 0.104277 0.104277
0 0.569783 0.059553 0.057104 0.057104
0 0.787803 0.190808 0.104277 0.104277
0 0.611913 0.389760 0.071945 0.071945
0 0.731200 0.340891 0.052757 0.052757
0 0.563164 0.471985 0.052757 0.052757
0 0.406800 0.811616 0.052757 0.052757
0 0.495847 0.150539 0.061130 0.061130
0 0.304169 0.532324 0.104278 0.104278
0 0.937775 0.313577 0.071945 0.071945
0 0.992103 0.960426 0.104277 0.104277
0 0.862720 0.066547 0.062220 0.062220
0 0.486941 0.344418 0.061130 0.061130
0 0.952749 0.814447 0.071945 0.071945
0 0.494891 0.665573 0.104277 0.104277
0 0.823652 0.272244 0.104277 0.104277
0 0.693815 0.878514 0.071945 0.071945
0 0.833687 0.722611 0.050932 0.050932
0 0.373473 0.214690 0.061130 0.061130
0 0.970423 0.543725 0.052757 0.052757
0 0.445798 0.576443 0.057104 0.057104
0 0.736560 0.490616 0.071945 0.071945
0 0.947320 0.450785 0.061130 0.061130
0 0.522922 0.415244 0.062220 0.062220
0 0.659460 0.087039 0.057104 0.057104
0 0.969968 0.095946 0.057104 0.057104
0 0.388951 0.134102 0.057104 0.057104
0 0.461656 0.029213 0.104277 0.104277
0 0.694144 0.777247 0.071945 0.071945
0 0.601781 0.540418 0.104277 0.104277
0 0.308536 0.340362 0.061130 0.061130
0 0.373004 0.898826 0.104277 0.104277
0 0.944224 0.610751 0.061130 0.061130
0 0.806589 0.453910 0.071945 0.071945
0 0.659224 0.165148 0.061130 0.061130
0 0.589061 0.152427 0.062220 0.062220
0 0.617255 0.985764 0.104277 0.104277
0 0.934076 0.170411 0.048997 0.048997
0 0.400878 0.641160 0.062220 0.062220
0 0.607761 0.762066 0.052757 0.052757
0 0.905016 0.707436 0.062220 0.062220
0 0.700771 0.685340 0.062220 0.062220
0 0.319122 0.133150 0.057104 0.057104
0 0.366568 0.291924 0.057104 0.057104
0 0.402157 0.975330 0.104277 0.104277
0 0.557622 0.236967 0.071945 0.071945
0 0.340662 0.737229 0.057104 0.057104
0 0.711435 0.264788 0.104277 0.104277
0 0.477561 0.229891 0.071945 0.071945
0 0.550539 0.595345 0.071945 0.071945
0 0.645624 0.600314 0.047555 0.047555
0 0.779724 0.625110 0.052757 0.052757
0 0.292264 0.918061 0.071945 0.071945
0 0.410141 0.724115 0.057103 0.057103
0 0.775444 0.843215 0.071945 0.071945
0 0.859674 0.632991 0.071945 0.071945
0 0.306806 0.428578 0.062220 0.062220