0 0.671630 0.659867 0.071945 0.071945
0 0.570364 0.774144 0.062220 0.062220
0 0.703342 0.772091 0.057104 0.057104
0 0.736153 0.697399 0.052757 0.052757
0 0.548099 0.889054 0.104277 0.104277
0 0.802402 0.193543 0.061130 0.061130
0 0.772831 0.330756 0.061130 0.061130
0 0.382618 0.207212 0.052757 0.052757
0 0.475831 0.154286 0.052757 0.052757
0 0.543101 0.703437 0.052757 0.052757
0 0.633518 0.903342 0.062220 0.062220
0 0.773472 0.795134 0.071945 0.071945
0 0.696630 0.118780 0.104277 0.104277
0 0.635260 0.723747 0.071945 0.071945
0 0.287642 0.123520 0.062220 0.062220
0 0.803773 0.558483 0.061131 0.061131
0 0.822407 0.733347 0.071945 0.071945
0 0.204182 0.556124 0.071945 0.071945
0 0.485581 0.463500 0.061130 0.061130
0 0.301841 0.243502 0.062220 0.062220
0 0.019975 0.494680 0.062220 0.062220
0 0.474294 0.826872 0.071945 0.071945
0 0.037103 0.796972 0.061131 0.061131
0 0.324743 0.708023 0.061130 0.061130
0 0.834973 0.656710 0.071945 0.071945
0 0.349756 0.826898 0.104277 0.104277
0 0.056546 0.558516 0.104277 0.104277
0 0.231741 0.210907 0.052757 0.052757
0 0.100515 0.693442 0.071945 0.071945
0 0.473672 0.958575 0.104277 0.104277
0 0.765760 0.902275 0.104278 0.104278
0 0.358126 0.380344 0.061130 0.061130
0 0.454680 0.359445 0.057104 0.057104
0 0.164731 0.289956 0.071945 0.071945
0 0.715111 0.471779 0.057104 0.057104
0 0.052430 0.372340 0.057104 0.057104
0 0.053186 0.175196 0.061131 0.061131
0 0.162598 0.942356 0.071945 0.071945
0 0.362625 0.130824 0.057104 0.057104
0 0.517792 0.307397 0.062220 0.062220
0 0.022902 0.274471 0.071945 0.071945
0 0.570265 0.564717 0.062220 0.062220
0 0.150021 0.192485 0.052757 0.052757
0 0.533840 0.626284 0.062220 0.062220
0 0.085850 0.437979 0.062220 0.062220
0 0.247383 0.907715 0.062220 0.062220
0 0.631036 0.157500 0.071945 0.071945
0 0.355535 0.297632 0.061131 0.061131
0 0.130414 0.621917 0.061131 0.061131
0 0.746315 0.249032 0.104278 0.104278
0 0.034258 0.659235 0.061131 0.061131
0 0.302799 0.433439 0.071945 0.071945
0 0.214264 0.130700 0.062220 0.062220
0 0.817479 0.433777 0.061131 0.061131
0 0.076876 0.932219 0.061131 0.061131
0 0.495992 0.553431 0.052757 0.052757
0 0.294430 0.629761 0.057104 0.057104
0 0.595533 0.296824 0.052757 0.052757
0 0.149355 0.471094 0.071945 0.071945
0 0.807203 0.984317 0.057104 0.057104
0 0.688143 0.954437 0.057104 0.057104
0 0.412341 0.446969 0.052757 0.052757
0 0.545513 0.978323 0.052757 0.052757
0 0.230529 0.333097 0.071945 0.071945
0 0.663386 0.238302 0.062220 0.062220
0 0.432274 0.644337 0.071945 0.071945
0 0.334236 0.558908 0.062220 0.062220
0 0.532952 0.199083 0.071945 0.071945
0 0.665691 0.354339 0.052559 0.052559
0 0.326528 0.923354 0.057104 0.057104
0 0.160935 0.394144 0.071945 0.071945
0 0.708365 0.590696 0.062220 0.062220
0 0.260331 0.997040 0.057104 0.057104
0 0.166180 0.745061 0.104277 0.104277
0 0.232522 0.814498 0.052757 0.052757
0 0.401192 0.582500 0.104277 0.104277
0 0.239677 0.680042 0.071945 0.071945
0 0.253650 0.490056 0.104277 0.104277
0 0.612617 0.434145 0.071945 0.071945
0 0.768494 0.624924 0.104278 0.104278
0 0.456433 0.743242 0.104277 0.104277
0 0.137299 0.122049 0.057104 0.057104
0 0.513210 0.397935 0.052757 0.052757
0 0.120079 0.804198 0.052757 0.052757
0 0.414514 0.921352 0.062220 0.062220
0 0.465906 0.247277 0.061131 0.061131
0 0.535623 0.120692 0.062220 0.062220