0 0.444552 0.144505 0.104278 0.104278
0 0.698595 0.736282 0.071945 0.071945
0 0.973716 0.704261 0.071945 0.071945
0 0.500208 0.581627 0.104277 0.104277
0 0.562696 0.305853 0.052757 0.052757
0 0.742993 0.492599 0.061130 0.061130
0 0.235187 0.662821 0.052757 0.052757
0 0.246879 0.749370 0.104277 0.104277
0 0.087229 0.296828 0.061130 0.061130
0 0.461990 0.255310 0.052757 0.052757
0 0.915937 0.454475 0.071945 0.071945
0 0.483061 0.426537 0.052757 0.052757
0 0.596744 0.755737 0.062220 0.062220
0 0.226612 0.575400 0.104277 0.104277
0 0.559368 0.501672 0.071945 0.071945
0 0.308969 0.507198 0.104277 0.104277
0 0.802078 0.038428 0.051819 0.051819
0 0.233136 0.476258 0.061130 0.061130
0 0.097197 0.061162 0.057104 0.057104
0 0.622097 0.927995 0.057104 0.057104
0 0.140207 0.374215 0.104277 0.104277
0 0.694784 0.327229 0.104277 0.104277
0 0.994645 0.573333 0.104277 0.104277
0 0.690444 0.910431 0.104277 0.104277
0 0.575797 0.851493 0.061130 0.061130
0 0.455102 0.893367 0.057104 0.057104
0 0.360077 0.653253 0.104277 0.104277
0 0.116630 0.792857 0.061130 0.061130
0 0.197474 0.918315 0.062220 0.062220
0 0.850836 0.812693 0.052757 0.052757
0 0.997844 0.443615 0.062220 0.062220
0 0.394398 0.055943 0.052757 0.052757
0 0.239363 0.826525 0.057104 0.057104
0 0.877919 0.108772 0.104277 0.104277
0 0.818053 0.999561 0.071945 0.071945
0 0.873056 0.035479 0.071945 0.071945
0 0.082079 0.215698 0.104277 0.104277
0 0.155559 0.614180 0.052757 0.052757
0 0.637241 0.577961 0.052757 0.052757
0 0.922393 0.906745 0.104277 0.104277
0 0.579527 0.048188 0.052757 0.052757
0 0.275909 0.961968 0.057104 0.057104
0 0.018034 0.297755 0.052757 0.052757
0 0.447265 0.500716 0.104277 0.104277
0 0.394562 0.362362 0.057104 0.057104
0 0.599899 0.443966 0.052757 0.052757
0 0.794374 0.195401 0.054783 0.054783
0 0.087984 0.874069 0.061130 0.061130
0 0.931217 0.640537 0.062220 0.062220
0 0.774904 0.716087 0.061131 0.061131
0 0.961926 0.129313 0.057103 0.057103
0 0.297730 0.586348 0.061130 0.061130
0 0.733297 0.644538 0.071945 0.071945
0 0.762476 0.307567 0.071945 0.071945
0 0.521498 0.763087 0.062220 0.062220
0 0.762736 0.378391 0.061130 0.061130
0 0.039410 0.495290 0.052757 0.052757
0 0.319277 0.174416 0.061130 0.061130
0 0.736443 0.967398 0.057104 0.057104
0 0.210630 0.073258 0.071945 0.071945
0 0.377279 0.288954 0.052757 0.052757
0 0.642756 0.204069 0.057104 0.057104
0 0.549165 0.920925 0.104277 0.104277
0 0.048871 0.750314 0.057104 0.057104
0 0.417826 0.614708 0.071945 0.071945
0 0.199534 0.241551 0.061130 0.061130
0 0.170203 0.157886 0.062220 0.062220
0 0.852127 0.721809 0.052757 0.052757
0 0.313973 0.009072 0.062220 0.062220
0 0.561673 0.681347 0.061130 0.061130
0 0.656951 0.082195 0.052757 0.052757
0 0.219572 0.403852 0.052757 0.052757
0 0.369746 0.440137 0.057104 0.057104
0 0.005289 0.617783 0.057104 0.057104
0 0.835236 0.928919 0.062220 0.062220
0 0.372211 0.870656 0.062220 0.062220
0 0.349556 0.724512 0.071945 0.071945
0 0.063445 0.659621 0.071945 0.071945
0 0.886889 0.296059 0.052757 0.052757
0 0.468493 0.038995 0.057104 0.057104
0 0.568094 0.116611 0.062220 0.062220
0 0.574566 0.375276 0.104277 0.104277
0 0.929753 0.535570 0.052757 0.052757
0 0.481965 0.961678 0.071945 0.071945
0 0.310853 0.251051 0.104277 0.104277
0 0.841800 0.587434 0.052757 0.052757
0 0.271499 0.105072 0.071945 0.071945
0 0.661337 0.653821 0.057104 0.057104
0 0.514397 0.172700 0.104277 0.104277
0 0.012565 0.169139 0.071945 0.071945
0 0.152437 0.013236 0.050932 0.050932
0 0.870734 0.182150 0.104277 0.104277
0 0.928822 0.813870 0.055027 0.055027
0 0.012894 0.067872 0.071945 0.071945
0 0.719513 0.842783 0.062220 0.062220
0 0.574880 0.608811 0.050559 0.050559
0 0.704019 0.551590 0.061130 0.061130
0 0.833290 0.371962 0.071945 0.071945
0 0.935277 0.226348 0.057104 0.057104
0 0.975323 0.283486 0.104277 0.104277
0 0.675503 0.999746 0.071945 0.071945
0 0.476522 0.344367 0.061131 0.061131
0 0.323629 0.385692 0.104277 0.104277
0 0.832090 0.466515 0.071945 0.071945
0 0.791552 0.855593 0.104277 0.104277
0 0.780815 0.127447 0.052757 0.052757
0 0.708252 0.161674 0.104277 0.104277
0 0.955562 0.999850 0.061130 0.061130
0 0.000420 0.401794 0.071945 0.071945
0 0.398534 0.214419 0.071945 0.071945
0 0.229527 0.325448 0.061130 0.061130
0 0.638735 0.280639 0.071945 0.071945
0 0.349729 0.943822 0.061130 0.061130
0 0.021210 0.963166 0.104277 0.104277
0 0.130042 0.512898 0.104277 0.104277
0 0.944999 0.375090 0.104277 0.104277
0 0.669442 0.418579 0.104277 0.104277
0 0.433935 0.738493 0.052757 0.052757
0 0.094194 0.133840 0.071945 0.071945
0 0.169326 0.683158 0.104277 0.104277