0 0.685660 0.923927 0.062220 0.062220
0 0.855495 0.085323 0.062220 0.062220
0 0.604487 0.388356 0.104277 0.104277
0 0.632545 0.798312 0.057103 0.057103
0 0.266145 0.771598 0.104277 0.104277
0 0.403891 0.843957 0.052757 0.052757
0 0.809569 0.144165 0.062220 0.062220
0 0.956143 0.121177 0.070161 0.070161
0 0.586863 0.112789 0.104278 0.104278
0 0.837350 0.548502 0.057104 0.057104
0 0.564665 0.620450 0.104277 0.104277
0 0.745544 0.092301 0.071945 0.071945
0 0.373426 0.553509 0.104277 0.104277
0 0.267003 0.167673 0.104277 0.104277
0 0.228009 0.062667 0.071945 0.071945
0 0.486959 0.150368 0.071945 0.071945
0 0.152270 0.000127 0.057104 0.057104
0 0.992880 0.060401 0.061130 0.061130
0 0.584062 0.484599 0.057104 0.057104
0 0.231261 0.575340 0.062220 0.062220
0 0.242926 0.465562 0.062220 0.062220
0 0.775115 0.703633 0.057104 0.057104
0 0.532632 0.433468 0.104277 0.104277
0 0.304571 0.611861 0.062220 0.062220
0 0.893704 0.985735 0.061130 0.061130
0 0.147472 0.606615 0.104278 0.104278
0 0.808279 0.464929 0.104277 0.104277
0 0.695138 0.746068 0.052757 0.052757
0 0.498993 0.302416 0.052757 0.052757
0 0.973441 0.283993 0.104277 0.104277
0 0.766054 0.285777 0.062220 0.062220
0 0.448313 0.769410 0.062220 0.062220
0 0.147660 0.717370 0.071945 0.071945
0 0.351804 0.227994 0.062220 0.062220
0 0.620379 0.549098 0.057104 0.057104
0 0.777533 0.798133 0.057104 0.057104
0 0.543678 0.963674 0.057104 0.057104
0 0.785394 0.965421 0.057104 0.057104
0 0.147724 0.368505 0.052757 0.052757
0 0.825923 0.627462 0.052757 0.052757
0 0.897114 0.696543 0.104277 0.104277
0 0.865671 0.265654 0.062220 0.062220
0 0.297262 0.343885 0.061130 0.061130
0 0.236578 0.909861 0.062220 0.062220
0 0.458517 0.973057 0.052757 0.052757
0 0.653218 0.985027 0.052757 0.052757
0 0.470129 0.904348 0.061130 0.061130
0 0.673196 0.188781 0.071945 0.071945
0 0.838582 0.898520 0.104277 0.104277
0 0.973891 0.781717 0.061130 0.061130
0 0.663862 0.424565 0.052757 0.052757
0 0.709804 0.636148 0.057104 0.057104
0 0.148630 0.262293 0.104277 0.104277
0 0.539083 0.819166 0.071945 0.071945
0 0.171295 0.106559 0.052757 0.052757
0 0.307021 0.004974 0.104277 0.104277
0 0.961302 0.516868 0.062220 0.062220
0 0.364673 0.312476 0.061130 0.061130
0 0.233847 0.291734 0.061130 0.061130
0 0.521882 0.560316 0.052757 0.052757
0 0.442787 0.251875 0.071945 0.071945
0 0.404701 0.031235 0.104277 0.104277
0 0.318244 0.681517 0.057104 0.057104
0 0.301214 0.102364 0.057104 0.057104
0 0.854246 0.772241 0.061130 0.061130
0 0.381774 0.424527 0.057104 0.057104
0 0.396280 0.932493 0.061130 0.061130
0 0.924084 0.193681 0.052757 0.052757
0 0.180229 0.435669 0.061130 0.061130
0 0.362892 0.769679 0.062220 0.062220
0 0.200877 0.201776 0.104278 0.104278
0 0.153382 0.913375 0.061130 0.061130
0 0.897168 0.419063 0.104277 0.104277
0 0.675686 0.499050 0.061130 0.061130
0 0.619537 0.318966 0.104277 0.104277
0 0.582238 0.189866 0.052757 0.052757
0 0.194598 0.841383 0.061130 0.061130
0 0.386297 0.691744 0.057104 0.057104
0 0.802737 0.223629 0.057104 0.057104
0 0.685122 0.348055 0.071945 0.071945
0 0.244665 0.699093 0.052757 0.052757
0 0.915685 0.574497 0.061130 0.061130
0 0.751995 0.882843 0.057104 0.057104
0 0.950411 0.879529 0.104277 0.104277
0 0.679259 0.110559 0.056505 0.056505
0 0.626753 0.873192 0.104277 0.104277
0 0.956444 0.647410 0.061130 0.061130
0 0.318278 0.472205 0.062220 0.062220
0 0.899351 0.331912 0.057104 0.057104
0 0.673556 0.041870 0.061130 0.061130
0 0.650880 0.678269 0.062220 0.062220
0 0.280212 0.847065 0.071945 0.071945
0 0.750073 0.373211 0.057104 0.057104
0 0.473110 0.065672 0.062220 0.062220
0 0.432150 0.601425 0.104277 0.104277
0 0.410373 0.186091 0.057104 0.057104
0 0.550691 0.737124 0.052757 0.052757
0 0.437552 0.481720 0.057104 0.057104
0 0.497942 0.662581 0.062220 0.062220
0 0.184683 0.520468 0.061130 0.061130
0 0.317084 0.970190 0.062220 0.062220