0 0.867887 0.941565 0.104277 0.104277
0 0.929713 0.850517 0.071945 0.071945
0 0.873596 0.713618 0.104277 0.104277
0 0.379761 0.996231 0.052757 0.052757
0 0.329410 0.489552 0.062220 0.062220
0 0.743659 0.886074 0.062220 0.062220
0 0.253967 0.716768 0.052757 0.052757
0 0.276295 0.363937 0.057103 0.057103
0 0.945606 0.760114 0.057104 0.057104
0 0.445348 0.611228 0.071945 0.071945
0 0.996688 0.968268 0.052757 0.052757
0 0.492596 0.673667 0.061130 0.061130
0 0.047641 0.409582 0.052757 0.052757
0 0.670730 0.797622 0.052757 0.052757
0 0.972848 0.587028 0.057104 0.057104
0 0.969695 0.426203 0.052757 0.052757
0 0.795718 0.413506 0.061131 0.061131
0 0.424115 0.886707 0.057104 0.057104
0 0.737930 0.733531 0.052757 0.052757
0 0.511046 0.882964 0.057104 0.057104
0 0.481100 0.114127 0.057104 0.057104
0 0.730844 0.334813 0.062220 0.062220
0 0.842993 0.815814 0.071945 0.071945
0 0.208415 0.186075 0.104277 0.104277
0 0.192457 0.628262 0.071945 0.071945
0 0.122212 0.621177 0.057104 0.057104
0 0.702728 0.018847 0.061131 0.061131
0 0.017176 0.119134 0.104277 0.104277
0 0.390265 0.787169 0.057104 0.057104
0 0.227812 0.050224 0.057104 0.057104
0 0.418865 0.269258 0.057104 0.057104
0 0.805117 0.975932 0.057104 0.057104
0 0.537454 0.551360 0.061130 0.061130
0 0.452029 0.030554 0.104277 0.104277
0 0.338888 0.311693 0.052757 0.052757
0 0.125744 0.954937 0.071945 0.071945
0 0.092063 0.335035 0.062220 0.062220
0 0.828223 0.164231 0.071945 0.071945
0 0.809591 0.615650 0.104277 0.104277
0 0.264129 0.114723 0.057104 0.057104
0 0.421283 0.363758 0.057104 0.057104
0 0.323388 0.751121 0.104277 0.104277
0 0.187428 0.529299 0.057104 0.057104
0 0.429144 0.531046 0.057104 0.057104
0 0.094783 0.706428 0.057104 0.057104
0 0.469673 0.193087 0.052757 0.052757
0 0.540864 0.262168 0.104277 0.104277
0 0.297710 0.645383 0.104277 0.104277
0 0.581753 0.762786 0.052757 0.052757
0 0.312803 0.837683 0.104277 0.104277
0 0.102267 0.538682 0.052757 0.052757
0 0.842031 0.298645 0.061131 0.061131
0 0.296968 0.550652 0.052757 0.052757
0 0.113879 0.469973 0.061130 0.061130
0 0.256200 0.987766 0.052757 0.052757
0 0.482332 0.464145 0.104277 0.104277
0 0.617641 0.347342 0.061130 0.061130
0 0.353554 0.201773 0.057104 0.057104
0 0.182833 0.384791 0.071945 0.071945
0 0.700127 0.245130 0.104277 0.104277
0 0.020847 0.797414 0.061130 0.061130
0 0.913008 0.129590 0.062220 0.062220
0 0.605052 0.082493 0.062220 0.062220
0 0.931570 0.369024 0.057104 0.057104
0 0.462775 0.960452 0.071945 0.071945
0 0.387720 0.713422 0.062220 0.062220
0 0.011941 0.991293 0.061130 0.061130
0 0.165632 0.125941 0.052757 0.052757
0 0.702052 0.653119 0.052757 0.052757
0 0.694819 0.423456 0.062220 0.062220
0 0.348652 0.919119 0.104277 0.104277
0 0.497996 0.337866 0.061130 0.061130
0 0.659584 0.487074 0.104278 0.104278
0 0.742501 0.154094 0.061131 0.061131
0 0.040030 0.498118 0.061130 0.061130
0 0.006642 0.335304 0.062220 0.062220
0 0.909727 0.551245 0.062220 0.062220
0 0.184460 0.733914 0.057104 0.057104
0 0.494968 0.742821 0.057104 0.057104
0 0.716602 0.552985 0.062220 0.062220
0 0.595159 0.667561 0.057104 0.057104
0 0.319436 0.064675 0.061130 0.061130
0 0.184224 0.812023 0.061130 0.061130
0 0.114061 0.799302 0.062220 0.062220
0 0.961188 0.302072 0.052757 0.052757
0 0.459076 0.817286 0.048997 0.048997
0 0.748522 0.485356 0.071945 0.071945
0 0.030047 0.257369 0.057104 0.057104
0 0.662102 0.721917 0.062220 0.062220
0 0.992153 0.145229 0.057104 0.057104
0 0.559435 0.140122 0.061130 0.061130
0 0.395745 0.448468 0.057104 0.057104
0 0.594161 0.445154 0.104277 0.104277
0 0.270503 0.438817 0.104277 0.104277
0 0.925956 0.218915 0.057104 0.057104
0 0.658084 0.963278 0.062220 0.062220
0 0.788723 0.542282 0.052757 0.052757
0 0.600194 0.213035 0.061130 0.061130
0 0.898147 0.036373 0.052757 0.052757
0 0.661661 0.873467 0.061131 0.061131
0 0.777175 0.255056 0.071945 0.071945
0 0.082622 0.883842 0.071945 0.071945
0 0.294630 0.243894 0.062220 0.062220
0 0.645640 0.151845 0.071945 0.071945
0 0.236435 0.911663 0.104277 0.104277
0 0.002561 0.876766 0.071945 0.071945
0 0.075900 0.167050 0.104277 0.104277
0 0.194441 0.302749 0.052757 0.052757
0 0.081302 0.047345 0.057104 0.057104
0 0.376877 0.635530 0.057104 0.057104
0 0.141692 0.228206 0.062220 0.062220
0 0.785704 0.026073 0.052757 0.052757
0 0.589169 0.970272 0.071945 0.071945
0 0.877532 0.428665 0.061131 0.061131