0 0.129920 0.558226 0.062220 0.062220
0 0.475558 0.897854 0.062220 0.062220
0 0.437332 0.703830 0.062220 0.062220
0 0.926720 0.420657 0.071945 0.071945
0 0.728333 0.266002 0.104277 0.104277
0 0.935404 0.790989 0.061130 0.061130
0 0.971118 0.176974 0.061130 0.061130
0 0.463312 0.347196 0.052757 0.052757
0 0.997531 0.899081 0.104277 0.104277
0 0.475004 0.433745 0.104277 0.104277
0 0.821468 0.687370 0.104277 0.104277
0 0.233906 0.758117 0.052757 0.052757
0 0.780329 0.808981 0.104277 0.104277
0 0.666845 0.850955 0.071945 0.071945
0 0.072249 0.613108 0.071945 0.071945
0 0.711186 0.110912 0.052757 0.052757
0 0.824869 0.440112 0.062220 0.062220
0 0.193097 0.842787 0.062220 0.062220
0 0.454737 0.259775 0.104277 0.104277
0 0.787493 0.186047 0.071945 0.071945
0 0.537094 0.191573 0.104277 0.104277
0 0.461261 0.160633 0.061130 0.061130
0 0.123049 0.873423 0.104277 0.104277
0 0.850222 0.612370 0.057104 0.057104
0 0.368332 0.058590 0.104277 0.104277
0 0.203537 0.564288 0.061130 0.061130
0 0.922909 0.011604 0.104277 0.104277
0 0.183953 0.476405 0.052757 0.052757
0 0.860346 0.966980 0.062220 0.062220
0 0.918569 0.594806 0.104277 0.104277
0 0.803922 0.535868 0.061130 0.061130
0 0.683227 0.577742 0.057104 0.057104
0 0.588202 0.337628 0.104277 0.104277
0 0.344755 0.477232 0.061130 0.061130
0 0.425599 0.602690 0.062220 0.062220
0 0.040789 0.187924 0.061130 0.061130
0 0.620743 0.684500 0.057104 0.057104
0 0.736719 0.714591 0.104277 0.104277
0 0.467488 0.510900 0.057104 0.057104
0 0.232824 0.940031 0.061130 0.061130
0 0.676156 0.923920 0.071945 0.071945
0 0.285286 0.712343 0.062220 0.062220
0 0.383684 0.298555 0.052757 0.052757
0 0.483405 0.968656 0.057104 0.057104
0 0.865366 0.262336 0.052757 0.052757
0 0.504034 0.646343 0.057104 0.057104
0 0.675390 0.185091 0.104277 0.104277
0 0.622687 0.046737 0.057104 0.057104
0 0.828024 0.128341 0.052757 0.052757
0 0.316109 0.558444 0.061130 0.061130
0 0.525855 0.270723 0.061130 0.061130
0 0.961422 0.328913 0.071945 0.071945
0 0.200686 0.201274 0.104278 0.104278
0 0.749623 0.447462 0.062220 0.062220
0 0.990861 0.062766 0.061130 0.061130
0 0.267535 0.179665 0.052757 0.052757
0 0.964568 0.651773 0.057104 0.057104
0 0.281339 0.819475 0.062220 0.062220
0 0.702264 0.788312 0.057104 0.057104
0 0.777290 0.605300 0.104277 0.104277
0 0.406554 0.939670 0.050891 0.050891
0 0.059976 0.445966 0.062220 0.062220
0 0.132380 0.955105 0.104277 0.104277
0 0.276996 0.434689 0.057104 0.057104
0 0.570424 0.831976 0.062220 0.062220
0 0.645951 0.299083 0.071945 0.071945
0 0.067150 0.777972 0.062220 0.062220
0 0.339205 0.864816 0.062220 0.062220
0 0.434964 0.830735 0.104277 0.104277
0 0.789798 0.365722 0.061130 0.061130
0 0.447697 0.088227 0.052757 0.052757
0 0.597871 0.124512 0.057104 0.057104
0 0.233414 0.302158 0.057104 0.057104
0 0.160689 0.268538 0.071945 0.071945
0 0.061050 0.533312 0.052757 0.052757
0 0.596812 0.959913 0.061130 0.061130
0 0.600336 0.555031 0.062220 0.062220
0 0.577681 0.408887 0.071945 0.071945
0 0.735235 0.875065 0.062220 0.062220
0 0.099274 0.348104 0.052757 0.052757
0 0.291570 0.343996 0.071945 0.071945
0 0.027531 0.256508 0.057104 0.057104
0 0.308152 0.937625 0.062220 0.062220
0 0.802691 0.059651 0.104277 0.104277
0 0.835877 0.756706 0.062220 0.062220
0 0.710090 0.646053 0.071945 0.071945
0 0.889462 0.338196 0.057104 0.057104
0 0.386132 0.762755 0.104277 0.104277
0 0.986726 0.718775 0.104277 0.104277
0 0.171099 0.378889 0.052757 0.052757
0 0.947638 0.527158 0.062220 0.062220
0 0.803005 0.293186 0.050559 0.050559
0 0.113987 0.116529 0.104277 0.104277
0 0.932144 0.235965 0.061130 0.061130
0 0.617407 0.767533 0.052757 0.052757
0 0.903628 0.684121 0.071945 0.071945
0 0.032766 0.878609 0.057104 0.057104
0 0.704647 0.028742 0.061131 0.061131
0 0.772157 0.955178 0.061131 0.061131
0 0.551754 0.070067 0.104277 0.104277
0 0.069803 0.035541 0.052757 0.052757
0 0.153374 0.671457 0.057104 0.057104
0 0.038692 0.108177 0.061130 0.061130
0 0.862178 0.884231 0.104277 0.104277
0 0.544182 0.762811 0.052757 0.052757
0 0.162035 0.051127 0.062220 0.062220
0 0.228545 0.086169 0.071945 0.071945
0 0.457652 0.009823 0.061130 0.061130
0 0.577854 0.628197 0.061130 0.061130
0 0.249335 0.647541 0.104277 0.104277
0 0.358167 0.197273 0.104277 0.104277
0 0.897567 0.102954 0.104277 0.104277
0 0.131718 0.192545 0.052757 0.052757
0 0.662060 0.422868 0.052757 0.052757
0 0.397451 0.367533 0.104277 0.104277