0 0.198670 0.830101 0.062220 0.062220
0 0.741427 0.100755 0.104278 0.104278
0 0.506082 0.975705 0.062220 0.062220
0 0.995470 0.692532 0.071945 0.071945
0 0.797083 0.537877 0.104277 0.104277
0 0.859571 0.262103 0.052757 0.052757
0 0.532062 0.619071 0.052757 0.052757
0 0.543754 0.705620 0.104277 0.104277
0 0.384104 0.253078 0.061130 0.061130
0 0.890218 0.959245 0.104277 0.104277
0 0.140999 0.884983 0.071945 0.071945
0 0.758865 0.211560 0.052757 0.052757
0 0.779936 0.382787 0.052757 0.052757
0 0.893619 0.711987 0.062220 0.062220
0 0.523487 0.531650 0.104277 0.104277
0 0.856243 0.457922 0.071945 0.071945
0 0.605844 0.463448 0.104277 0.104277
0 0.530011 0.432508 0.061130 0.061130
0 0.394072 0.017412 0.057104 0.057104
0 0.918972 0.884245 0.057104 0.057104
0 0.437082 0.330465 0.104277 0.104277
0 0.272287 0.836163 0.061130 0.061130
0 0.991659 0.283479 0.104277 0.104277
0 0.252703 0.748280 0.052757 0.052757
0 0.987319 0.866681 0.104277 0.104277
0 0.872672 0.807743 0.061130 0.061130
0 0.751977 0.849617 0.057104 0.057104
0 0.656952 0.609503 0.104277 0.104277
0 0.413505 0.749107 0.061130 0.061130
0 0.494349 0.874565 0.062220 0.062220
0 0.109539 0.459799 0.061130 0.061130
0 0.691273 0.012193 0.052757 0.052757
0 0.689493 0.956375 0.057104 0.057104
0 0.805469 0.986466 0.104277 0.104277
0 0.235568 0.102787 0.104277 0.104277
0 0.155999 0.171711 0.052757 0.052757
0 0.536238 0.782775 0.057104 0.057104
0 0.354036 0.984218 0.062220 0.062220
0 0.378954 0.171948 0.104277 0.104277
0 0.452434 0.570430 0.052757 0.052757
0 0.934116 0.534211 0.052757 0.052757
0 0.876402 0.004438 0.052757 0.052757
0 0.068567 0.165909 0.052757 0.052757
0 0.572784 0.918218 0.057104 0.057104
0 0.314909 0.254005 0.052757 0.052757
0 0.744140 0.456966 0.104277 0.104277
0 0.691437 0.318612 0.057104 0.057104
0 0.896774 0.400216 0.052757 0.052757
0 0.384859 0.830319 0.061130 0.061130
0 0.594605 0.542598 0.061130 0.061130
0 0.269436 0.473149 0.104278 0.104278
0 0.818373 0.719337 0.062220 0.062220
0 0.336285 0.451540 0.052757 0.052757
0 0.616152 0.130666 0.061130 0.061130
0 0.507505 0.029508 0.071945 0.071945
0 0.674154 0.245204 0.052757 0.052757
0 0.939631 0.160319 0.057104 0.057104
0 0.846040 0.877175 0.104277 0.104277
0 0.128726 0.717841 0.062220 0.062220
0 0.345746 0.706564 0.057104 0.057104
0 0.714701 0.570958 0.071945 0.071945
0 0.496409 0.197801 0.061130 0.061130
0 0.467078 0.114136 0.062220 0.062220
0 0.858548 0.637597 0.061130 0.061130
0 0.953826 0.038445 0.052757 0.052757
0 0.516447 0.360102 0.052757 0.052757
0 0.666621 0.396387 0.057104 0.057104
0 0.302164 0.574033 0.057104 0.057104
0 0.170206 0.060790 0.104277 0.104277
0 0.011162 0.811723 0.104278 0.104278
0 0.229439 0.540413 0.071945 0.071945
0 0.129800 0.805187 0.052757 0.052757
0 0.669086 0.826906 0.062220 0.062220
0 0.646431 0.680762 0.071945 0.071945
0 0.168024 0.619979 0.052757 0.052757
0 0.360320 0.615871 0.071945 0.071945
0 0.062703 0.859705 0.057104 0.057104
0 0.864969 0.072861 0.062220 0.062220
0 0.096281 0.528383 0.057104 0.057104
0 0.066778 0.606205 0.104277 0.104277
0 0.871441 0.331526 0.104277 0.104277
0 0.022425 0.058491 0.052757 0.052757
0 0.778840 0.917928 0.071945 0.071945
0 0.607728 0.207301 0.104277 0.104277
0 0.568374 0.061322 0.071945 0.071945
0 0.958212 0.610071 0.057104 0.057104
0 0.811272 0.128950 0.104277 0.104277
0 0.027905 0.725730 0.104277 0.104277
0 0.018359 0.506765 0.071945 0.071945
0 0.309440 0.125389 0.071945 0.071945
0 0.239849 0.650764 0.052757 0.052757
0 0.309769 0.024122 0.071945 0.071945
0 0.871755 0.565061 0.050559 0.050559
0 0.182737 0.388404 0.104277 0.104277
0 0.232880 0.232639 0.104277 0.104277
0 0.972378 0.955996 0.071945 0.071945
0 0.773397 0.300617 0.061131 0.061131
0 0.620504 0.341942 0.104277 0.104277
0 0.223386 0.008941 0.052757 0.052757
0 0.138553 0.307416 0.052757 0.052757
0 0.222124 0.943332 0.057104 0.057104
0 0.017782 0.222205 0.104277 0.104277
0 0.107442 0.380052 0.061130 0.061130
0 0.230785 0.323002 0.062220 0.062220
0 0.297295 0.358044 0.071945 0.071945
0 0.695409 0.170669 0.071945 0.071945
0 0.526402 0.281698 0.061130 0.061130
0 0.935610 0.236889 0.071945 0.071945
0 0.646604 0.900072 0.061130 0.061130
0 0.318085 0.919416 0.104277 0.104277
0 0.426917 0.469148 0.104277 0.104277
0 0.966317 0.374829 0.104277 0.104277
0 0.200468 0.464420 0.052757 0.052757
0 0.730810 0.694743 0.052757 0.052757
0 0.391069 0.090090 0.071945 0.071945
0 0.009477 0.293547 0.104277 0.104277
0 0.466201 0.639408 0.104277 0.104277