0 0.407970 0.126907 0.071945 0.071945
0 0.970509 0.633609 0.104277 0.104277
0 0.609514 0.737558 0.052757 0.052757
0 0.683091 0.094886 0.071945 0.071945
0 0.715219 0.210256 0.052757 0.052757
0 0.416654 0.497239 0.061130 0.061130
0 0.953502 0.317410 0.061131 0.061131
0 0.859379 0.433744 0.062220 0.062220
0 0.858646 0.008201 0.104277 0.104277
0 0.842735 0.603937 0.052757 0.052757
0 0.478781 0.605331 0.104277 0.104277
0 0.302718 0.393620 0.104277 0.104277
0 0.261579 0.515231 0.104277 0.104277
0 0.148095 0.557205 0.071945 0.071945
0 0.306119 0.146362 0.062220 0.062220
0 0.735534 0.456540 0.104277 0.104277
0 0.331472 0.318620 0.057104 0.057104
0 0.825642 0.171320 0.104277 0.104277
0 0.874992 0.713661 0.061130 0.061130
0 0.846549 0.784641 0.104277 0.104277
0 0.780781 0.362439 0.071945 0.071945
0 0.990839 0.255063 0.052757 0.052757
0 0.341596 0.673230 0.062220 0.062220
0 0.399819 0.301056 0.104277 0.104277
0 0.817033 0.515198 0.052757 0.052757
0 0.557481 0.598248 0.062220 0.062220
0 0.285172 0.242118 0.061130 0.061130
0 0.164477 0.283992 0.057104 0.057104
0 0.069452 0.043878 0.104277 0.104277
0 0.807469 0.076131 0.062220 0.062220
0 0.560211 0.203318 0.052757 0.052757
0 0.101993 0.390750 0.057104 0.057104
0 0.217969 0.420841 0.104277 0.104277
0 0.012058 0.746896 0.071945 0.071945
0 0.678954 0.591068 0.062220 0.062220
0 0.527428 0.390186 0.071945 0.071945
0 0.157406 0.630170 0.071945 0.071945
0 0.737432 0.305195 0.102474 0.102474
0 0.778321 0.662315 0.071945 0.071945
0 0.631768 0.297370 0.104277 0.104277
0 0.680171 0.762109 0.104277 0.104277
0 0.640592 0.031162 0.062220 0.062220
0 0.484279 0.106712 0.061131 0.061131
0 0.442672 0.035163 0.071945 0.071945
0 0.230873 0.153712 0.062220 0.062220
0 0.764818 0.758996 0.104277 0.104277
0 0.445818 0.358023 0.057104 0.057104
0 0.183514 0.494562 0.057104 0.057104
0 0.258540 0.311550 0.104277 0.104277
0 0.051674 0.538226 0.062220 0.062220
0 0.127201 0.005333 0.071945 0.071945
0 0.172493 0.747292 0.057104 0.057104
0 0.927114 0.064107 0.045227 0.045227
0 0.586422 0.664001 0.062220 0.062220
0 0.561502 0.112434 0.052757 0.052757
0 0.271048 0.071972 0.061130 0.061130
0 0.541173 0.762572 0.052757 0.052757
0 0.544611 0.319544 0.062220 0.062220
0 0.078062 0.666163 0.061130 0.061130
0 0.489034 0.499303 0.104277 0.104277
0 0.081586 0.261281 0.062220 0.062220
0 0.058931 0.115137 0.071945 0.071945
0 0.216485 0.581315 0.062220 0.062220
0 0.401029 0.727033 0.052757 0.052757
0 0.673016 0.688969 0.052757 0.052757
0 0.087640 0.769513 0.062220 0.062220
0 0.317127 0.462956 0.062220 0.062220
0 0.191340 0.352303 0.071945 0.071945
0 0.974368 0.534757 0.061131 0.061131
0 0.492651 0.674863 0.061131 0.061131
0 0.370712 0.044446 0.057104 0.057104
0 0.467976 0.425025 0.104277 0.104277
0 0.939940 0.410769 0.061131 0.061131
0 0.906194 0.561854 0.062221 0.062221
0 0.742092 0.562136 0.052757 0.052757
0 0.638197 0.204495 0.055027 0.055027
0 0.770389 0.005317 0.061131 0.061131
0 0.428888 0.233408 0.062220 0.062220
0 0.311414 0.757943 0.061130 0.061130
0 0.848226 0.308673 0.104277 0.104277
0 0.456632 0.776078 0.062220 0.062220
0 0.578477 0.497571 0.052757 0.052757
0 0.098657 0.473783 0.052757 0.052757
0 0.384878 0.390371 0.071945 0.071945
0 0.253407 0.661428 0.061131 0.061131
0 0.500927 0.246218 0.104277 0.104277
0 0.664937 0.390475 0.061130 0.061130
0 0.343428 0.590481 0.104277 0.104277
0 0.025432 0.469061 0.052757 0.052757
0 0.059104 0.334447 0.061130 0.061130
0 0.143310 0.129118 0.052757 0.052757
0 0.902965 0.257347 0.057104 0.057104
0 0.916915 0.181264 0.088662 0.088662