0 0.306808 0.560354 0.062220 0.062220
0 0.268582 0.366330 0.062220 0.062220
0 0.757970 0.083157 0.071945 0.071945
0 0.044484 0.673968 0.057103 0.057103
0 0.959514 0.693808 0.052757 0.052757
0 0.766654 0.453489 0.061130 0.061130
0 0.294562 0.009696 0.052757 0.052757
0 0.828781 0.561581 0.104277 0.104277
0 0.306254 0.096245 0.104277 0.104277
0 0.652718 0.349870 0.104277 0.104277
0 0.065156 0.420617 0.052757 0.052757
0 0.611579 0.471481 0.104277 0.104277
0 0.498095 0.513455 0.071945 0.071945
0 0.656119 0.102612 0.062220 0.062220
0 0.024347 0.505287 0.062220 0.062220
0 0.681472 0.274870 0.057104 0.057104
0 0.034787 0.226788 0.061130 0.061130
0 0.015203 0.138905 0.052757 0.052757
0 0.691596 0.629480 0.062220 0.062220
0 0.749819 0.257306 0.104277 0.104277
0 0.907481 0.554498 0.062220 0.062220
0 0.635172 0.198368 0.061130 0.061130
0 0.514477 0.240242 0.057104 0.057104
0 0.419452 0.000128 0.104277 0.104277
0 0.204228 0.719851 0.062220 0.062220
0 0.176005 0.139732 0.061130 0.061130
0 0.256849 0.265190 0.062220 0.062220
0 0.910211 0.159568 0.052757 0.052757
0 0.451993 0.347000 0.057104 0.057104
0 0.567969 0.377091 0.104277 0.104277
0 0.362058 0.703146 0.071945 0.071945
0 0.298738 0.173400 0.057104 0.057104
0 0.064074 0.602531 0.061130 0.061130
0 0.877428 0.346436 0.071945 0.071945
0 0.507406 0.586420 0.071945 0.071945
0 0.116536 0.374843 0.062220 0.062220
0 0.314655 0.631156 0.057104 0.057104
0 0.981768 0.253620 0.104277 0.104277
0 0.335284 0.308843 0.057104 0.057104
0 0.147359 0.220944 0.061130 0.061130
0 0.834279 0.062962 0.061131 0.061131
0 0.278499 0.710809 0.052757 0.052757
0 0.580873 0.109962 0.062220 0.062220
0 0.795818 0.314273 0.057104 0.057104
0 0.112589 0.481975 0.062220 0.062220
0 0.533514 0.450812 0.057104 0.057104
0 0.608540 0.267800 0.104277 0.104277
0 0.237804 0.602170 0.050891 0.050891
0 0.108246 0.097189 0.057104 0.057104
0 0.401674 0.494476 0.062220 0.062220
0 0.522493 0.703542 0.057104 0.057104
0 0.122824 0.681192 0.052757 0.052757
0 0.936422 0.620251 0.062220 0.062220
0 0.911502 0.068684 0.052757 0.052757
0 0.170455 0.527316 0.062220 0.062220
0 0.266214 0.493235 0.104277 0.104277
0 0.621048 0.028222 0.061130 0.061130
0 0.891173 0.718822 0.052757 0.052757
0 0.894611 0.275794 0.062220 0.062220
0 0.428062 0.622413 0.061130 0.061130
0 0.839034 0.455553 0.104277 0.104277
0 0.431586 0.217531 0.062220 0.062220
0 0.408931 0.071387 0.071945 0.071945
0 0.566485 0.537565 0.062220 0.062220
0 0.122820 0.006496 0.071945 0.071945
0 0.751029 0.683283 0.052757 0.052757
0 0.139402 0.600125 0.062220 0.062220
0 0.437640 0.725763 0.062220 0.062220
0 0.667127 0.419206 0.062220 0.062220
0 0.541340 0.308553 0.071945 0.071945
0 0.842651 0.631113 0.061131 0.061131
0 0.720712 0.000696 0.057104 0.057104
0 0.217382 0.425255 0.104277 0.104277
0 0.817976 0.381275 0.104277 0.104277
0 0.002349 0.041389 0.052757 0.052757
0 0.988197 0.160745 0.055027 0.055027
0 0.778888 0.189658 0.062220 0.062220
0 0.661414 0.714193 0.061130 0.061130
0 0.806632 0.732328 0.062220 0.062220
0 0.928477 0.453821 0.052757 0.052757
0 0.448657 0.430033 0.052757 0.052757
0 0.734878 0.346621 0.071945 0.071945
0 0.603407 0.617678 0.061131 0.061131
0 0.850927 0.202468 0.104277 0.104277
0 0.693428 0.546731 0.104277 0.104277
0 0.375432 0.425311 0.052757 0.052757
0 0.409104 0.290697 0.061130 0.061130
0 0.080585 0.310041 0.104277 0.104277
0 0.493310 0.085368 0.052757 0.052757
0 0.228701 0.030033 0.104277 0.104277