0 0.415842 0.536977 0.104277 0.104277
0 0.372294 0.324986 0.061130 0.061130
0 0.088302 0.744505 0.104278 0.104278
0 0.775239 0.286695 0.052757 0.052757
0 0.305387 0.185315 0.104277 0.104277
0 0.367213 0.094267 0.071945 0.071945
0 0.566132 0.534653 0.062220 0.062220
0 0.519026 0.079877 0.071945 0.071945
0 0.597779 0.286735 0.104277 0.104277
0 0.273065 0.286884 0.052757 0.052757
0 0.206446 0.905853 0.052757 0.052757
0 0.675643 0.333260 0.071945 0.071945
0 0.929390 0.525128 0.047276 0.047276
0 0.819744 0.831729 0.062220 0.062220
0 0.105740 0.855310 0.052757 0.052757
0 0.409966 0.451792 0.057104 0.057104
0 0.181159 0.129824 0.062220 0.062220
0 0.445828 0.638428 0.051819 0.051819
0 0.091994 0.314983 0.104277 0.104277
0 0.920629 0.266761 0.071945 0.071945
0 0.349972 0.251523 0.061131 0.061131
0 0.625976 0.582141 0.052757 0.052757
0 0.383106 0.003864 0.057104 0.057104
0 0.338534 0.927229 0.104277 0.104277
0 0.756174 0.984526 0.071945 0.071945
0 0.687252 0.530656 0.057103 0.057103
0 0.434188 0.212018 0.052757 0.052757
0 0.760921 0.916080 0.062220 0.062220
0 0.108230 0.041372 0.052757 0.052757
0 0.490395 0.147978 0.057104 0.057104
0 0.880944 0.100735 0.052757 0.052757
0 0.602868 0.369989 0.036679 0.036679
0 0.038148 0.655943 0.052757 0.052757
0 0.721906 0.647996 0.104277 0.104277
0 0.820857 0.061546 0.062221 0.062221
0 0.436630 0.300600 0.057104 0.057104
0 0.521669 0.708772 0.104277 0.104277
0 0.516806 0.635479 0.071945 0.071945
0 0.759402 0.097175 0.052757 0.052757
0 0.746508 0.165037 0.104277 0.104277
0 0.913398 0.631053 0.071945 0.071945
0 0.171398 0.253233 0.071945 0.071945
0 0.223277 0.648188 0.052757 0.052757
0 0.652146 0.188669 0.104277 0.104277
0 0.280493 0.059564 0.071945 0.071945
0 0.819237 0.662864 0.061131 0.061131
0 0.038312 0.962362 0.057104 0.057104
0 0.935276 0.414126 0.057104 0.057104
0 0.438124 0.795401 0.054783 0.054783
0 0.743051 0.356144 0.062220 0.062220
0 0.605676 0.729313 0.057103 0.057103
0 0.406226 0.907567 0.071945 0.071945
0 0.406486 0.978391 0.061130 0.061130
0 0.189350 0.568819 0.071945 0.071945
0 0.021029 0.888954 0.052757 0.052757
0 0.699982 0.796134 0.061131 0.061131
0 0.286506 0.804069 0.057104 0.057104
0 0.651160 0.664015 0.061131 0.061131
0 0.242617 0.219682 0.057104 0.057104
0 0.599073 0.130377 0.061130 0.061130
0 0.073384 0.438072 0.061130 0.061130
0 0.916731 0.756557 0.071945 0.071945
0 0.922113 0.895082 0.104278 0.104278
0 0.851714 0.516995 0.062220 0.062220
0 0.677833 0.260992 0.061130 0.061130
0 0.300701 0.682195 0.052757 0.052757
0 0.008696 0.340333 0.061130 0.061130
0 0.549169 0.224860 0.062220 0.062220
0 0.158450 0.394868 0.104277 0.104277
0 0.321855 0.492741 0.071945 0.071945
0 0.853318 0.729660 0.104278 0.104278
0 0.019253 0.006536 0.052757 0.052757
0 0.530639 0.896059 0.052757 0.052757
0 0.012150 0.546459 0.061130 0.061130
0 0.826298 0.372068 0.104277 0.104277
0 0.112243 0.638995 0.057104 0.057104
0 0.004392 0.462777 0.104277 0.104277
0 0.211844 0.716611 0.062220 0.062220
0 0.776671 0.769239 0.062220 0.062220
0 0.209011 0.443405 0.104277 0.104277
0 0.187916 0.330715 0.052757 0.052757
0 0.218316 0.975276 0.104277 0.104277
0 0.494832 0.370403 0.062220 0.062220
0 0.158147 0.772700 0.104277 0.104277
0 0.637043 0.453099 0.104277 0.104277
0 0.312980 0.576657 0.057104 0.057104
0 0.681197 0.985237 0.057104 0.057104
0 0.700232 0.719738 0.071945 0.071945
0 0.550495 0.418321 0.071945 0.071945
0 0.268849 0.399465 0.052757 0.052757
0 0.123155 0.550912 0.057104 0.057104
0 0.514484 0.782150 0.104277 0.104277
0 0.940499 0.145976 0.071945 0.071945
0 0.691390 0.408468 0.061131 0.061131
0 0.823665 0.196198 0.071945 0.071945
0 0.477040 0.971962 0.071945 0.071945
0 0.579027 0.826348 0.057104 0.057104
0 0.619073 0.883486 0.104277 0.104277
0 0.120272 0.944367 0.061131 0.061131
0 0.095584 0.207028 0.062220 0.062220
0 0.424565 0.727447 0.052757 0.052757
0 0.352002 0.761674 0.104277 0.104277
0 0.655376 0.017340 0.057104 0.057104
0 0.099161 0.117217 0.061131 0.061131
0 0.042284 0.814419 0.071945 0.071945
0 0.784058 0.445465 0.071945 0.071945
0 0.282485 0.880639 0.071945 0.071945
0 0.747551 0.027556 0.052757 0.052757
0 0.588749 0.975090 0.104277 0.104277
0 0.864958 0.940635 0.061131 0.061131
0 0.026669 0.214022 0.071945 0.071945
0 0.487451 0.498220 0.057104 0.057104
0 0.757202 0.580951 0.061131 0.061131