0 0.964762 0.810315 0.104277 0.104277
0 0.932440 0.911884 0.052757 0.052757
0 0.970471 0.582368 0.104277 0.104277
0 0.476636 0.864981 0.052757 0.052757
0 0.426285 0.358302 0.062220 0.062220
0 0.840534 0.754824 0.062220 0.062220
0 0.751369 0.939983 0.104277 0.104277
0 0.350842 0.585518 0.052757 0.052757
0 0.373170 0.232687 0.057103 0.057103
0 0.542223 0.479978 0.071945 0.071945
0 0.006770 0.205973 0.104277 0.104277
0 0.589471 0.542417 0.061130 0.061130
0 0.144516 0.278332 0.052757 0.052757
0 0.767605 0.666372 0.052757 0.052757
0 0.892593 0.282256 0.061131 0.061131
0 0.520990 0.755457 0.057104 0.057104
0 0.834805 0.602281 0.052757 0.052757
0 0.607921 0.751714 0.057104 0.057104
0 0.830773 0.878233 0.071945 0.071945
0 0.827719 0.203563 0.062220 0.062220
0 0.939868 0.684564 0.071945 0.071945
0 0.305290 0.054825 0.104277 0.104277
0 0.289332 0.497012 0.071945 0.071945
0 0.219087 0.489927 0.057104 0.057104
0 0.487140 0.655919 0.057104 0.057104
0 0.515740 0.138008 0.057104 0.057104
0 0.901992 0.844682 0.057104 0.057104
0 0.033764 0.997133 0.071945 0.071945
0 0.045196 0.046236 0.062220 0.062220
0 0.026830 0.926677 0.071945 0.071945
0 0.634329 0.420110 0.061130 0.061130
0 0.435763 0.180443 0.052757 0.052757
0 0.222619 0.823687 0.071945 0.071945
0 0.188938 0.203785 0.062220 0.062220
0 0.925098 0.032981 0.071945 0.071945
0 0.906466 0.484400 0.104277 0.104277
0 0.668071 0.965333 0.061130 0.061130
0 0.639145 0.893598 0.061130 0.061130
0 0.518158 0.232508 0.057104 0.057104
0 0.420263 0.619871 0.104277 0.104277
0 0.284303 0.398049 0.057104 0.057104
0 0.526019 0.399796 0.057104 0.057104
0 0.191658 0.575178 0.057104 0.057104
0 0.566548 0.061837 0.052757 0.052757
0 0.637739 0.130918 0.104277 0.104277
0 0.394585 0.514133 0.104277 0.104277
0 0.678628 0.631536 0.052757 0.052757
0 0.409678 0.706433 0.104277 0.104277
0 0.233788 0.905385 0.071945 0.071945
0 0.199142 0.407432 0.052757 0.052757
0 0.938906 0.167395 0.061131 0.061131
0 0.393843 0.419402 0.052757 0.052757
0 0.210754 0.338723 0.061130 0.061130
0 0.353075 0.856516 0.052757 0.052757
0 0.579207 0.332895 0.104277 0.104277
0 0.847291 0.955715 0.052757 0.052757
0 0.185039 0.987610 0.052757 0.052757
0 0.714516 0.216092 0.061130 0.061130
0 0.450429 0.070523 0.057104 0.057104
0 0.279708 0.253541 0.071945 0.071945
0 0.797002 0.113880 0.104277 0.104277
0 0.117722 0.666164 0.061130 0.061130
0 0.559650 0.829202 0.071945 0.071945
0 0.484595 0.582172 0.062220 0.062220
0 0.108816 0.860043 0.061130 0.061130
0 0.798927 0.521869 0.052757 0.052757
0 0.791694 0.292206 0.062220 0.062220
0 0.445527 0.787869 0.104277 0.104277
0 0.058869 0.115892 0.057104 0.057104
0 0.594871 0.206616 0.061130 0.061130
0 0.756459 0.355824 0.104278 0.104278
0 0.839376 0.022844 0.061131 0.061131
0 0.569195 0.966410 0.061130 0.061130
0 0.144797 0.930869 0.062220 0.062220
0 0.136905 0.366868 0.061130 0.061130
0 0.103517 0.204054 0.062220 0.062220
0 0.281335 0.602664 0.057104 0.057104
0 0.591843 0.611571 0.057104 0.057104
0 0.010826 0.649727 0.057104 0.057104
0 0.083531 0.544838 0.104277 0.104277
0 0.813477 0.421735 0.062220 0.062220
0 0.692034 0.536311 0.057104 0.057104
0 0.428464 0.969535 0.071945 0.071945
0 0.281099 0.680773 0.061130 0.061130
0 0.210936 0.668052 0.062220 0.062220
0 0.555951 0.686036 0.048997 0.048997
0 0.845397 0.354106 0.071945 0.071945
0 0.126922 0.126119 0.057104 0.057104
0 0.758977 0.590667 0.062220 0.062220
0 0.656310 0.008872 0.061130 0.061130
0 0.492620 0.317218 0.057104 0.057104
0 0.691036 0.313904 0.104277 0.104277
0 0.367378 0.307567 0.104277 0.104277
0 0.754959 0.832028 0.062220 0.062220
0 0.885598 0.411032 0.052757 0.052757
0 0.697069 0.081785 0.061130 0.061130
0 0.758536 0.742217 0.061131 0.061131
0 0.874050 0.123806 0.071945 0.071945
0 0.179497 0.752592 0.071945 0.071945
0 0.391505 0.112644 0.062220 0.062220
0 0.742515 0.020595 0.071945 0.071945
0 0.020837 0.281440 0.071945 0.071945
0 0.333310 0.780413 0.104277 0.104277
0 0.099436 0.745516 0.071945 0.071945
0 0.089687 0.468375 0.061130 0.061130
0 0.172775 0.035800 0.104277 0.104277
0 0.291316 0.171499 0.052757 0.052757
0 0.473752 0.504280 0.057104 0.057104
0 0.238567 0.096956 0.062220 0.062220
0 0.686044 0.839022 0.071945 0.071945
0 0.057709 0.404565 0.062220 0.062220
0 0.974407 0.297415 0.061131 0.061131