0 0.374245 0.566573 0.062220 0.062220
0 0.123237 0.869606 0.104277 0.104277
0 0.923243 0.344712 0.052757 0.052757
0 0.328319 0.625415 0.062220 0.062220
0 0.474893 0.602427 0.070161 0.070161
0 0.105613 0.594039 0.104278 0.104278
0 0.828267 0.261020 0.062220 0.062220
0 0.225006 0.265446 0.057104 0.057104
0 0.744807 0.693624 0.071945 0.071945
0 0.842466 0.381002 0.062220 0.062220
0 0.264294 0.573551 0.071945 0.071945
0 0.560600 0.632180 0.062220 0.062220
0 0.577728 0.934472 0.061131 0.061131
0 0.865368 0.845523 0.061130 0.061130
0 0.238714 0.342131 0.062220 0.062220
0 0.890381 0.964398 0.104277 0.104277
0 0.597171 0.696016 0.104277 0.104277
0 0.772366 0.348407 0.052757 0.052757
0 0.005709 0.631618 0.071945 0.071945
0 0.511630 0.541651 0.061130 0.061130
0 0.102812 0.965849 0.057104 0.057104
0 0.224515 0.424892 0.071945 0.071945
0 0.051382 0.914718 0.104277 0.104277
0 0.641140 0.830942 0.071945 0.071945
0 0.158819 0.363893 0.104277 0.104277
0 0.102281 0.476330 0.057104 0.057104
0 0.094364 0.339629 0.071945 0.071945
0 0.898751 0.517844 0.061130 0.061130
0 0.327029 0.946179 0.104277 0.104277
0 0.995305 0.496945 0.057104 0.057104
0 0.705356 0.427456 0.071945 0.071945
0 0.311227 0.295885 0.071945 0.071945
0 0.017743 0.783666 0.052757 0.052757
0 0.492191 0.765243 0.104277 0.104277
0 0.593055 0.509840 0.057104 0.057104
0 0.284804 0.767027 0.062220 0.062220
0 0.593811 0.312696 0.061131 0.061131
0 0.903250 0.268324 0.057104 0.057104
0 0.563527 0.411971 0.071945 0.071945
0 0.452982 0.472153 0.071945 0.071945
0 0.384421 0.746904 0.062220 0.062220
0 0.314624 0.407207 0.052757 0.052757
0 0.191946 0.670031 0.071945 0.071945
0 0.182612 0.905815 0.052757 0.052757
0 0.690646 0.329985 0.052757 0.052757
0 0.626475 0.575479 0.062220 0.062220
0 0.480052 0.998118 0.062220 0.062220
0 0.896160 0.435132 0.061131 0.061131
0 0.370221 0.462318 0.052757 0.052757
0 0.671039 0.759417 0.061131 0.061131
0 0.423904 0.291282 0.071945 0.071945
0 0.574883 0.796735 0.061131 0.061131
0 0.843424 0.570939 0.071945 0.071945
0 0.754889 0.268200 0.062220 0.062220
0 0.447838 0.372535 0.057104 0.057104
0 0.064348 0.415229 0.062220 0.062220
0 0.134376 0.245809 0.104277 0.104277
0 0.537867 0.874898 0.052757 0.052757
0 0.835055 0.767261 0.057104 0.057104
0 0.442834 0.674931 0.052757 0.052757
0 0.689980 0.608594 0.071945 0.071945
0 0.952966 0.584469 0.052757 0.052757
0 0.771154 0.470597 0.071945 0.071945
0 0.506608 0.259127 0.104277 0.104277
0 0.415918 0.900313 0.104277 0.104277
0 0.194436 0.980300 0.061130 0.061130
0 0.138287 0.800216 0.104277 0.104277
0 0.100988 0.671116 0.052757 0.052757
0 0.972899 0.781837 0.071945 0.071945
0 0.321487 0.704879 0.057104 0.057104
0 0.874861 0.696408 0.062220 0.062220
0 0.203872 0.829305 0.071945 0.071945
0 0.280016 0.469742 0.104277 0.104277
0 0.701560 0.531644 0.071945 0.071945
0 0.198009 0.591809 0.056505 0.056505
0 0.706805 0.882561 0.104277 0.104277
0 0.773147 0.951998 0.052757 0.052757
0 0.941817 0.720000 0.104277 0.104277
0 0.780302 0.817542 0.071945 0.071945
0 0.794275 0.627556 0.104277 0.104277
0 0.418101 0.813162 0.057104 0.057104
0 0.192306 0.523120 0.061130 0.061130
0 0.525207 0.473205 0.057103 0.057103
0 0.268823 0.854461 0.057104 0.057104
0 0.009136 0.334172 0.061130 0.061130
0 0.997058 0.880742 0.104277 0.104277
0 0.677924 0.259549 0.057104 0.057104
0 0.660704 0.941698 0.052757 0.052757