0 0.372092 0.471352 0.104277 0.104277
0 0.328544 0.259361 0.061130 0.061130
0 0.044552 0.678880 0.104278 0.104278
0 0.731489 0.221070 0.052757 0.052757
0 0.261637 0.119690 0.104277 0.104277
0 0.323463 0.028642 0.071945 0.071945
0 0.522382 0.469028 0.062220 0.062220
0 0.475276 0.014252 0.071945 0.071945
0 0.554029 0.221110 0.104277 0.104277
0 0.229315 0.221259 0.052757 0.052757
0 0.854094 0.978957 0.071945 0.071945
0 0.162696 0.840228 0.052757 0.052757
0 0.631893 0.267635 0.071945 0.071945
0 0.885640 0.459503 0.047276 0.047276
0 0.775994 0.766104 0.062220 0.062220
0 0.061990 0.789685 0.052757 0.052757
0 0.515937 0.988850 0.071945 0.071945
0 0.083061 0.960912 0.052757 0.052757
0 0.366216 0.386167 0.057104 0.057104
0 0.137409 0.064199 0.062220 0.062220
0 0.402078 0.572803 0.051819 0.051819
0 0.048244 0.249358 0.104277 0.104277
0 0.876879 0.201136 0.071945 0.071945
0 0.306222 0.185898 0.061131 0.061131
0 0.582226 0.516516 0.052757 0.052757
0 0.294784 0.861604 0.104277 0.104277
0 0.712424 0.918901 0.071945 0.071945
0 0.643502 0.465031 0.057103 0.057103
0 0.390438 0.146393 0.052757 0.052757
0 0.717171 0.850455 0.062220 0.062220
0 0.446645 0.082353 0.057104 0.057104
0 0.597844 0.977990 0.062220 0.062220
0 0.837194 0.035110 0.052757 0.052757
0 0.559118 0.304364 0.036679 0.036679
0 0.678156 0.582371 0.104277 0.104277
0 0.392880 0.234975 0.057104 0.057104
0 0.477919 0.643147 0.104277 0.104277
0 0.783493 0.950683 0.061130 0.061130
0 0.473056 0.569854 0.071945 0.071945
0 0.715652 0.031550 0.052757 0.052757
0 0.702758 0.099412 0.104277 0.104277
0 0.869648 0.565428 0.071945 0.071945
0 0.127648 0.187608 0.071945 0.071945
0 0.179527 0.582563 0.052757 0.052757
0 0.608396 0.123044 0.104277 0.104277
0 0.775487 0.597239 0.061131 0.061131
0 0.199899 0.978341 0.052757 0.052757
0 0.891526 0.348501 0.057104 0.057104
0 0.394374 0.729776 0.054783 0.054783
0 0.699301 0.290519 0.062220 0.062220
0 0.561926 0.663688 0.057103 0.057103
0 0.362476 0.841942 0.071945 0.071945
0 0.362736 0.912766 0.061130 0.061130
0 0.145600 0.503194 0.071945 0.071945
0 0.656232 0.730509 0.061131 0.061131
0 0.242756 0.738444 0.057104 0.057104
0 0.607410 0.598390 0.061131 0.061131
0 0.198867 0.154057 0.057104 0.057104
0 0.555323 0.064752 0.061130 0.061130
0 0.029634 0.372447 0.061130 0.061130
0 0.872981 0.690932 0.071945 0.071945
0 0.878363 0.829457 0.104278 0.104278
0 0.807964 0.451370 0.062220 0.062220
0 0.634083 0.195367 0.061130 0.061130
0 0.256951 0.616570 0.052757 0.052757
0 0.505419 0.159235 0.062220 0.062220
0 0.114700 0.329243 0.104277 0.104277
0 0.278105 0.427116 0.071945 0.071945
0 0.809568 0.664035 0.104278 0.104278
0 0.486889 0.830434 0.052757 0.052757
0 0.782548 0.306443 0.104277 0.104277
0 0.068493 0.573370 0.057104 0.057104
0 0.168094 0.650986 0.062220 0.062220
0 0.732921 0.703614 0.062220 0.062220
0 0.165261 0.377780 0.104277 0.104277
0 0.144166 0.265090 0.052757 0.052757
0 0.174566 0.909651 0.104277 0.104277
0 0.451082 0.304778 0.062220 0.062220
0 0.114397 0.707075 0.104277 0.104277
0 0.593293 0.387474 0.104277 0.104277
0 0.269230 0.511032 0.057104 0.057104
0 0.637447 0.919612 0.057104 0.057104
0 0.656482 0.654113 0.071945 0.071945
0 0.506745 0.352696 0.071945 0.071945
0 0.225099 0.333840 0.052757 0.052757
0 0.079405 0.485287 0.057104 0.057104
0 0.470734 0.716525 0.104277 0.104277
0 0.896749 0.080351 0.071945 0.071945
0 0.647640 0.342843 0.061131 0.061131
0 0.779915 0.130573 0.071945 0.071945
0 0.433290 0.906337 0.071945 0.071945
0 0.535277 0.760723 0.057104 0.057104
0 0.575323 0.817861 0.104277 0.104277
0 0.076522 0.878742 0.061131 0.061131
0 0.051834 0.141403 0.062220 0.062220
0 0.380815 0.661822 0.052757 0.052757
0 0.308252 0.696049 0.104277 0.104277
0 0.055411 0.051592 0.061131 0.061131
0 0.740308 0.379840 0.071945 0.071945
0 0.238735 0.815014 0.071945 0.071945
0 0.544999 0.909465 0.104277 0.104277
0 0.269442 0.952954 0.104277 0.104277
0 0.821208 0.875010 0.061131 0.061131
0 0.443701 0.432595 0.057104 0.057104
0 0.713452 0.515326 0.061131 0.061131