0 0.257970 0.323782 0.071945 0.071945
0 0.820509 0.830484 0.104277 0.104277
0 0.459514 0.934433 0.052757 0.052757
0 0.533091 0.291761 0.071945 0.071945
0 0.813469 0.032082 0.071945 0.071945
0 0.059583 0.169127 0.104277 0.104277
0 0.565219 0.407131 0.052757 0.052757
0 0.266654 0.694114 0.061130 0.061130
0 0.803502 0.514285 0.061131 0.061131
0 0.709379 0.630619 0.062220 0.062220
0 0.302368 0.080099 0.061130 0.061130
0 0.708646 0.205076 0.104277 0.104277
0 0.692735 0.800812 0.052757 0.052757
0 0.328781 0.802206 0.104277 0.104277
0 0.850557 0.922937 0.052757 0.052757
0 0.152718 0.590495 0.104277 0.104277
0 0.111579 0.712106 0.104277 0.104277
0 0.475312 0.041975 0.071945 0.071945
0 0.042436 0.014037 0.052757 0.052757
0 0.156119 0.343237 0.062220 0.062220
0 0.118743 0.089172 0.071945 0.071945
0 0.585534 0.653415 0.104277 0.104277
0 0.181472 0.515495 0.057104 0.057104
0 0.675642 0.368195 0.104277 0.104277
0 0.724992 0.910536 0.061130 0.061130
0 0.696549 0.981516 0.104277 0.104277
0 0.630781 0.559314 0.071945 0.071945
0 0.840839 0.451938 0.052757 0.052757
0 0.554020 0.160833 0.104277 0.104277
0 0.191596 0.870105 0.062220 0.062220
0 0.249819 0.497931 0.104277 0.104277
0 0.667033 0.712073 0.052757 0.052757
0 0.407481 0.795123 0.062220 0.062220
0 0.135172 0.438993 0.061130 0.061130
0 0.014477 0.480867 0.057104 0.057104
0 0.614502 0.099331 0.057104 0.057104
0 0.657469 0.273006 0.062220 0.062220
0 0.410211 0.400193 0.052757 0.052757
0 0.557219 0.031115 0.062220 0.062220
0 0.067969 0.617716 0.104277 0.104277
0 0.528954 0.787943 0.062220 0.062220
0 0.377428 0.587061 0.071945 0.071945
0 0.007406 0.827045 0.071945 0.071945
0 0.742868 0.003808 0.061130 0.061130
0 0.587432 0.502070 0.102474 0.102474
0 0.628321 0.859190 0.071945 0.071945
0 0.196616 0.165461 0.052757 0.052757
0 0.481768 0.494245 0.104277 0.104277
0 0.006640 0.088216 0.104277 0.104277
0 0.159274 0.031466 0.052757 0.052757
0 0.530171 0.958984 0.104277 0.104277
0 0.490592 0.228037 0.062220 0.062220
0 0.334279 0.303587 0.061131 0.061131
0 0.292672 0.232038 0.071945 0.071945
0 0.080873 0.350587 0.062220 0.062220
0 0.614818 0.955871 0.104277 0.104277
0 0.295818 0.554898 0.057104 0.057104
0 0.033514 0.691437 0.057104 0.057104
0 0.108540 0.508425 0.104277 0.104277
0 0.022493 0.944167 0.057104 0.057104
0 0.777114 0.260982 0.045227 0.045227
0 0.436422 0.860876 0.062220 0.062220
0 0.411502 0.309309 0.052757 0.052757
0 0.121048 0.268847 0.061130 0.061130
0 0.832779 0.164777 0.061130 0.061130
0 0.391173 0.959447 0.052757 0.052757
0 0.394611 0.516419 0.062220 0.062220
0 0.339034 0.696178 0.104277 0.104277
0 0.066485 0.778190 0.062220 0.062220
0 0.251029 0.923908 0.052757 0.052757
0 0.523016 0.885844 0.052757 0.052757
0 0.167127 0.659831 0.062220 0.062220
0 0.489128 0.123070 0.052757 0.052757
0 0.041340 0.549178 0.071945 0.071945
0 0.401175 0.174934 0.052757 0.052757
0 0.824368 0.731632 0.061131 0.061131
0 0.342651 0.871738 0.061131 0.061131
0 0.220712 0.241321 0.057104 0.057104
0 0.691185 0.108474 0.061131 0.061131
0 0.317976 0.621900 0.104277 0.104277
0 0.789940 0.607644 0.061131 0.061131
0 0.756194 0.758729 0.062221 0.062221
0 0.592092 0.759011 0.052757 0.052757
0 0.488197 0.401370 0.055027 0.055027
0 0.620389 0.202192 0.061131 0.061131
0 0.278888 0.430283 0.062220 0.062220
0 0.161414 0.954818 0.061130 0.061130
0 0.698226 0.505548 0.104277 0.104277
0 0.306632 0.972953 0.062220 0.062220
0 0.134255 0.196311 0.050559 0.050559
0 0.428477 0.694446 0.052757 0.052757
0 0.263394 0.139090 0.061130 0.061130
0 0.234878 0.587246 0.071945 0.071945
0 0.103407 0.858303 0.061131 0.061131
0 0.391465 0.054015 0.071945 0.071945
0 0.350927 0.443093 0.104277 0.104277
0 0.514937 0.587350 0.061130 0.061130
0 0.193428 0.787356 0.104277 0.104277
0 0.778308 0.121968 0.052757 0.052757
0 0.228817 0.006079 0.104277 0.104277
0 0.752965 0.454222 0.057104 0.057104
0 0.766915 0.378139 0.088662 0.088662