0 0.881669 0.959361 0.061130 0.061130
0 0.814762 0.819690 0.104277 0.104277
0 0.876588 0.728642 0.071945 0.071945
0 0.782440 0.921259 0.052757 0.052757
0 0.820471 0.591743 0.104277 0.104277
0 0.326636 0.874356 0.052757 0.052757
0 0.276285 0.367677 0.062220 0.062220
0 0.690534 0.764199 0.062220 0.062220
0 0.948543 0.527714 0.052757 0.052757
0 0.601369 0.949358 0.104277 0.104277
0 0.200842 0.594893 0.052757 0.052757
0 0.859347 0.885898 0.061131 0.061131
0 0.223170 0.242062 0.057103 0.057103
0 0.892481 0.638239 0.057104 0.057104
0 0.392223 0.489353 0.071945 0.071945
0 0.943563 0.846393 0.052757 0.052757
0 0.439471 0.551792 0.061130 0.061130
0 0.617605 0.675747 0.052757 0.052757
0 0.999770 0.782353 0.057104 0.057104
0 0.919723 0.465153 0.057104 0.057104
0 0.916570 0.304328 0.052757 0.052757
0 0.742593 0.291631 0.061131 0.061131
0 0.370990 0.764832 0.057104 0.057104
0 0.946005 0.934975 0.057104 0.057104
0 0.684805 0.611656 0.052757 0.052757
0 0.457921 0.761089 0.057104 0.057104
0 0.680773 0.887608 0.071945 0.071945
0 0.677719 0.212938 0.062220 0.062220
0 0.970653 0.399614 0.061131 0.061131
0 0.789868 0.693939 0.071945 0.071945
0 0.155290 0.064200 0.104277 0.104277
0 0.139332 0.506387 0.071945 0.071945
0 0.069087 0.499302 0.057104 0.057104
0 0.337140 0.665294 0.057104 0.057104
0 0.365740 0.147383 0.057104 0.057104
0 0.751992 0.854057 0.057104 0.057104
0 0.484329 0.429485 0.061130 0.061130
0 0.285763 0.189818 0.052757 0.052757
0 0.072619 0.833062 0.071945 0.071945
0 0.038938 0.213160 0.062220 0.062220
0 0.775098 0.042356 0.071945 0.071945
0 0.756466 0.493775 0.104277 0.104277
0 0.518071 0.974708 0.061130 0.061130
0 0.489145 0.902973 0.061130 0.061130
0 0.368158 0.241883 0.057104 0.057104
0 0.270263 0.629246 0.104277 0.104277
0 0.134303 0.407424 0.057104 0.057104
0 0.376019 0.409171 0.057104 0.057104
0 0.041658 0.584553 0.057104 0.057104
0 0.416548 0.071212 0.052757 0.052757
0 0.487739 0.140293 0.104277 0.104277
0 0.244585 0.523508 0.104277 0.104277
0 0.528628 0.640911 0.052757 0.052757
0 0.971976 0.630265 0.062220 0.062220
0 0.259678 0.715808 0.104277 0.104277
0 0.083788 0.914760 0.071945 0.071945
0 0.049142 0.416807 0.052757 0.052757
0 0.788906 0.176770 0.061131 0.061131
0 0.243843 0.428777 0.052757 0.052757
0 0.060754 0.348098 0.061130 0.061130
0 0.203075 0.865891 0.052757 0.052757
0 0.429207 0.342270 0.104277 0.104277
0 0.697291 0.965090 0.052757 0.052757
0 0.035039 0.996985 0.052757 0.052757
0 0.564516 0.225467 0.061130 0.061130
0 0.300429 0.079898 0.057104 0.057104
0 0.129708 0.262916 0.071945 0.071945
0 0.647002 0.123255 0.104277 0.104277
0 0.859883 0.007715 0.062220 0.062220
0 0.878445 0.247149 0.057104 0.057104
0 0.409650 0.838577 0.071945 0.071945
0 0.334595 0.591547 0.062220 0.062220
0 0.112507 0.004066 0.052757 0.052757
0 0.648927 0.531244 0.052757 0.052757
0 0.641694 0.301581 0.062220 0.062220
0 0.295527 0.797244 0.104277 0.104277
0 0.444871 0.215991 0.061130 0.061130
0 0.606459 0.365199 0.104278 0.104278
0 0.689376 0.032219 0.061131 0.061131
0 0.419195 0.975785 0.061130 0.061130
0 0.856602 0.429370 0.062220 0.062220
0 0.131335 0.612039 0.057104 0.057104
0 0.441843 0.620946 0.057104 0.057104
0 0.663477 0.431110 0.062220 0.062220
0 0.542034 0.545686 0.057104 0.057104
0 0.278464 0.978910 0.071945 0.071945
0 0.131099 0.690148 0.061130 0.061130
0 0.060936 0.677427 0.062220 0.062220
0 0.908063 0.180197 0.052757 0.052757
0 0.405951 0.695411 0.048997 0.048997
0 0.695397 0.363481 0.071945 0.071945
0 0.608977 0.600042 0.062220 0.062220
0 0.939028 0.023354 0.057104 0.057104
0 0.506310 0.018247 0.061130 0.061130
0 0.342620 0.326593 0.057104 0.057104
0 0.541036 0.323279 0.104277 0.104277
0 0.217378 0.316942 0.104277 0.104277
0 0.872831 0.097040 0.057104 0.057104
0 0.604959 0.841403 0.062220 0.062220
0 0.735598 0.420407 0.052757 0.052757
0 0.547069 0.091160 0.061130 0.061130
0 0.608536 0.751592 0.061131 0.061131
0 0.724050 0.133181 0.071945 0.071945
0 0.029497 0.761967 0.071945 0.071945
0 0.241505 0.122019 0.062220 0.062220
0 0.592515 0.029970 0.071945 0.071945
0 0.183310 0.789788 0.104277 0.104277
0 0.022775 0.045175 0.104277 0.104277
0 0.141316 0.180874 0.052757 0.052757
0 0.323752 0.513655 0.057104 0.057104
0 0.088567 0.106331 0.062220 0.062220
0 0.536044 0.848397 0.071945 0.071945
0 0.824407 0.306790 0.061131 0.061131