0 0.733512 0.966565 0.104277 0.104277
0 0.795338 0.875517 0.071945 0.071945
0 0.947151 0.861127 0.071945 0.071945
0 0.998057 0.410161 0.104277 0.104277
0 0.739221 0.738618 0.104277 0.104277
0 0.195035 0.514552 0.062220 0.062220
0 0.609284 0.911074 0.062220 0.062220
0 0.867293 0.674589 0.052757 0.052757
0 0.119592 0.741768 0.052757 0.052757
0 0.141920 0.388937 0.057103 0.057103
0 0.811231 0.785114 0.057104 0.057104
0 0.310973 0.636228 0.071945 0.071945
0 0.947759 0.249938 0.071945 0.071945
0 0.862313 0.993268 0.052757 0.052757
0 0.358221 0.698667 0.061130 0.061130
0 0.536355 0.822622 0.052757 0.052757
0 0.918520 0.929228 0.057104 0.057104
0 0.838473 0.612028 0.057104 0.057104
0 0.835320 0.451203 0.052757 0.052757
0 0.946474 0.589466 0.061130 0.061130
0 0.661343 0.438506 0.061131 0.061131
0 0.289740 0.911707 0.057104 0.057104
0 0.603555 0.758531 0.052757 0.052757
0 0.376671 0.907964 0.057104 0.057104
0 0.346725 0.139127 0.057104 0.057104
0 0.596469 0.359813 0.062220 0.062220
0 0.889403 0.546489 0.061131 0.061131
0 0.708618 0.840814 0.071945 0.071945
0 0.074040 0.211075 0.104277 0.104277
0 0.938630 0.479942 0.057104 0.057104
0 0.058082 0.653262 0.071945 0.071945
0 0.568353 0.043847 0.061131 0.061131
0 0.255890 0.812169 0.057104 0.057104
0 0.881006 0.073773 0.104277 0.104277
0 0.093437 0.075224 0.057104 0.057104
0 0.284490 0.294258 0.057104 0.057104
0 0.042007 0.024093 0.104277 0.104277
0 0.403079 0.576360 0.061130 0.061130
0 0.317654 0.055554 0.104277 0.104277
0 0.204513 0.336693 0.052757 0.052757
0 0.693848 0.189231 0.071945 0.071945
0 0.675216 0.640650 0.104277 0.104277
0 0.129754 0.139723 0.057104 0.057104
0 0.286908 0.388758 0.057104 0.057104
0 0.189013 0.776121 0.104277 0.104277
0 0.053053 0.554299 0.057104 0.057104
0 0.294769 0.556046 0.057104 0.057104
0 0.335298 0.218087 0.052757 0.052757
0 0.406489 0.287168 0.104277 0.104277
0 0.163335 0.670383 0.104277 0.104277
0 0.447378 0.787786 0.052757 0.052757
0 0.890726 0.777140 0.062220 0.062220
0 0.178428 0.862683 0.104277 0.104277
0 0.707656 0.323645 0.061131 0.061131
0 0.162593 0.575652 0.052757 0.052757
0 0.347957 0.489145 0.104277 0.104277
0 0.483266 0.372342 0.061130 0.061130
0 0.173237 0.015190 0.052757 0.052757
0 0.219179 0.226773 0.057104 0.057104
0 0.048458 0.409791 0.071945 0.071945
0 0.565752 0.270130 0.104277 0.104277
0 0.778633 0.154590 0.062220 0.062220
0 0.470677 0.107493 0.062220 0.062220
0 0.797195 0.394024 0.057104 0.057104
0 0.328400 0.985452 0.071945 0.071945
0 0.253345 0.738422 0.062220 0.062220
0 0.031257 0.150941 0.052757 0.052757
0 0.957798 0.694991 0.071945 0.071945
0 0.567677 0.678119 0.052757 0.052757
0 0.560444 0.448456 0.062220 0.062220
0 0.214277 0.944119 0.104277 0.104277
0 0.920681 0.352648 0.071945 0.071945
0 0.363621 0.362866 0.061130 0.061130
0 0.525209 0.512074 0.104278 0.104278
0 0.608126 0.179094 0.061131 0.061131
0 0.775352 0.576245 0.062220 0.062220
0 0.050085 0.758914 0.057104 0.057104
0 0.360593 0.767821 0.057104 0.057104
0 0.582227 0.577985 0.062220 0.062220
0 0.460784 0.692561 0.057104 0.057104
0 0.406543 0.009688 0.104277 0.104277
0 0.185061 0.089675 0.061130 0.061130
0 0.049849 0.837023 0.061130 0.061130
0 0.826813 0.327072 0.052757 0.052757
0 0.324701 0.842286 0.048997 0.048997
0 0.614147 0.510356 0.071945 0.071945
0 0.527727 0.746917 0.062220 0.062220
0 0.857778 0.170229 0.057104 0.057104
0 0.425060 0.165122 0.061130 0.061130
0 0.261370 0.473468 0.057104 0.057104
0 0.459786 0.470154 0.104277 0.104277
0 0.136128 0.463817 0.104277 0.104277
0 0.791581 0.243915 0.057104 0.057104
0 0.523709 0.988278 0.062220 0.062220
0 0.654348 0.567282 0.052757 0.052757
0 0.465819 0.238035 0.061130 0.061130
0 0.763772 0.061373 0.052757 0.052757
0 0.527286 0.898467 0.061131 0.061131
0 0.642800 0.280056 0.071945 0.071945
0 0.160255 0.268894 0.062220 0.062220
0 0.511265 0.176845 0.071945 0.071945
0 0.102060 0.936663 0.104277 0.104277
0 0.060066 0.327749 0.052757 0.052757
0 0.242502 0.660530 0.057104 0.057104
0 0.007317 0.253206 0.062220 0.062220
0 0.651329 0.051073 0.052757 0.052757
0 0.945764 0.168227 0.062220 0.062220
0 0.454794 0.995272 0.071945 0.071945
0 0.743157 0.453665 0.061131 0.061131