0 0.178544 0.990611 0.061130 0.061130
0 0.581489 0.952320 0.052757 0.052757
0 0.111637 0.850940 0.104277 0.104277
0 0.173463 0.759892 0.071945 0.071945
0 0.325276 0.745502 0.071945 0.071945
0 0.404029 0.952360 0.104277 0.104277
0 0.079315 0.952509 0.052757 0.052757
0 0.481893 0.998885 0.071945 0.071945
0 0.376182 0.294536 0.104277 0.104277
0 0.408662 0.635805 0.061131 0.061131
0 0.566284 0.259064 0.104277 0.104277
0 0.117346 0.622993 0.104277 0.104277
0 0.610473 0.455312 0.057104 0.057104
0 0.736926 0.660272 0.062221 0.062221
0 0.625832 0.623277 0.104277 0.104277
0 0.702858 0.417191 0.104277 0.104277
0 0.529314 0.168821 0.057104 0.057104
0 0.457474 0.020304 0.104277 0.104277
0 0.439777 0.372200 0.104277 0.104277
0 0.245418 0.558964 0.052757 0.052757
0 0.726879 0.932386 0.071945 0.071945
0 0.442668 0.210780 0.061131 0.061131
0 0.156222 0.917148 0.061131 0.061131
0 0.189356 0.669489 0.057104 0.057104
0 0.325884 0.134313 0.071945 0.071945
0 0.240438 0.877643 0.052757 0.052757
0 0.508495 0.613445 0.104277 0.104277
0 0.542893 0.034592 0.062220 0.062220
0 0.378772 0.429855 0.062220 0.062220
0 0.296645 0.813603 0.057104 0.057104
0 0.216598 0.496403 0.057104 0.057104
0 0.213445 0.335578 0.052757 0.052757
0 0.687194 0.766360 0.052757 0.052757
0 0.324599 0.473841 0.061130 0.061130
0 0.601050 0.155843 0.071945 0.071945
0 0.039468 0.322881 0.061131 0.061131
0 0.627107 0.727171 0.062221 0.062221
0 0.242880 0.966225 0.057104 0.057104
0 0.628737 0.532659 0.071945 0.071945
0 0.565652 0.762800 0.052757 0.052757
0 0.534462 0.346650 0.061130 0.061130
0 0.552758 0.830662 0.104277 0.104277
0 0.267528 0.430864 0.061131 0.061131
0 0.458396 0.854294 0.104277 0.104277
0 0.086743 0.725189 0.071945 0.071945
0 0.316755 0.364317 0.057104 0.057104
0 0.727160 0.286227 0.057104 0.057104
0 0.048867 0.885307 0.057104 0.057104
0 0.383047 0.089825 0.104277 0.104277
0 0.675135 0.033525 0.104278 0.104278
0 0.405323 0.796002 0.061130 0.061130
0 0.540249 0.421525 0.061130 0.061130
0 0.484083 0.926617 0.061130 0.061130
0 0.071973 0.073606 0.071945 0.071945
0 0.053341 0.525025 0.104277 0.104277
0 0.355419 0.890485 0.062220 0.062220
0 0.268851 0.661515 0.062220 0.062220
0 0.085781 0.208020 0.061131 0.061131
0 0.156758 0.038965 0.062220 0.062220
0 0.679492 0.340229 0.052757 0.052757
0 0.175320 0.278399 0.057104 0.057104
0 0.335923 0.579366 0.071945 0.071945
0 0.298806 0.237023 0.071945 0.071945
0 0.153477 0.460620 0.062220 0.062220
0 0.746749 0.811601 0.071945 0.071945
0 0.716578 0.115567 0.057104 0.057104
0 0.597518 0.085687 0.057104 0.057104
0 0.454888 0.109573 0.052757 0.052757
0 0.629915 0.861823 0.071945 0.071945
0 0.204938 0.211447 0.052757 0.052757
0 0.724296 0.510798 0.104277 0.104277
0 0.235903 0.054604 0.057104 0.057104
0 0.478883 0.543027 0.057104 0.057104
0 0.169706 0.128290 0.057104 0.057104
0 0.032473 0.451657 0.052757 0.052757
0 0.461626 0.682965 0.057104 0.057104
0 0.020925 0.164431 0.071945 0.071945
0 0.470288 0.469328 0.104277 0.104277
0 0.697280 0.219032 0.061130 0.061130
0 0.539621 0.496923 0.104277 0.104277
0 0.553801 0.693181 0.052757 0.052757
0 0.323889 0.052602 0.062220 0.062220
0 0.121282 0.338040 0.061131 0.061131