0 0.419552 0.091380 0.104278 0.104278
0 0.184207 0.966330 0.062220 0.062220
0 0.673595 0.683157 0.071945 0.071945
0 0.948716 0.651136 0.071945 0.071945
0 0.475208 0.528502 0.104277 0.104277
0 0.980844 0.766506 0.052757 0.052757
0 0.537696 0.252728 0.052757 0.052757
0 0.717993 0.439474 0.061130 0.061130
0 0.210187 0.609696 0.052757 0.052757
0 0.221879 0.696245 0.104277 0.104277
0 0.062229 0.243703 0.061130 0.061130
0 0.568343 0.949870 0.104277 0.104277
0 0.436990 0.202185 0.052757 0.052757
0 0.890937 0.401350 0.071945 0.071945
0 0.458061 0.373412 0.052757 0.052757
0 0.571744 0.702612 0.062220 0.062220
0 0.201612 0.522275 0.104277 0.104277
0 0.534368 0.448547 0.071945 0.071945
0 0.283969 0.454073 0.104277 0.104277
0 0.208136 0.423133 0.061130 0.061130
0 0.072197 0.008037 0.057104 0.057104
0 0.597097 0.874870 0.057104 0.057104
0 0.115207 0.321090 0.104277 0.104277
0 0.669784 0.274104 0.104277 0.104277
0 0.969645 0.520208 0.104277 0.104277
0 0.665444 0.857306 0.104277 0.104277
0 0.550797 0.798368 0.061130 0.061130
0 0.430102 0.840242 0.057104 0.057104
0 0.335077 0.600128 0.104277 0.104277
0 0.091630 0.739732 0.061130 0.061130
0 0.172474 0.865190 0.062220 0.062220
0 0.825836 0.759568 0.052757 0.052757
0 0.972844 0.390490 0.062220 0.062220
0 0.369398 0.002818 0.052757 0.052757
0 0.367618 0.947000 0.057104 0.057104
0 0.483594 0.977091 0.104277 0.104277
0 0.214363 0.773400 0.057104 0.057104
0 0.852919 0.055647 0.104277 0.104277
0 0.793053 0.946436 0.071945 0.071945
0 0.032161 0.974843 0.062220 0.062220
0 0.057079 0.162573 0.104277 0.104277
0 0.130559 0.561055 0.052757 0.052757
0 0.612241 0.524836 0.052757 0.052757
0 0.897393 0.853620 0.104277 0.104277
0 0.250909 0.908843 0.057104 0.057104
0 0.422265 0.447591 0.104277 0.104277
0 0.369562 0.309237 0.057104 0.057104
0 0.574899 0.390841 0.052757 0.052757
0 0.769374 0.142276 0.054783 0.054783
0 0.062984 0.820944 0.061130 0.061130
0 0.906217 0.587412 0.062220 0.062220
0 0.749904 0.662962 0.061131 0.061131
0 0.936926 0.076188 0.057103 0.057103
0 0.272730 0.533223 0.061130 0.061130
0 0.708297 0.591413 0.071945 0.071945
0 0.737476 0.254442 0.071945 0.071945
0 0.496498 0.709962 0.062220 0.062220
0 0.737736 0.325266 0.061130 0.061130
0 0.014410 0.442165 0.052757 0.052757
0 0.294277 0.121291 0.061130 0.061130
0 0.711443 0.914273 0.057104 0.057104
0 0.185630 0.020133 0.071945 0.071945
0 0.352279 0.235829 0.052757 0.052757
0 0.617756 0.150944 0.057104 0.057104
0 0.982410 0.010890 0.061131 0.061131
0 0.524165 0.867800 0.104277 0.104277
0 0.023871 0.697189 0.057104 0.057104
0 0.392826 0.561583 0.071945 0.071945
0 0.174534 0.188426 0.061130 0.061130
0 0.145203 0.104761 0.062220 0.062220
0 0.827127 0.668684 0.052757 0.052757
0 0.536673 0.628222 0.061130 0.061130
0 0.631951 0.029070 0.052757 0.052757
0 0.194572 0.350727 0.052757 0.052757
0 0.344746 0.387012 0.057104 0.057104
0 0.810236 0.875794 0.062220 0.062220
0 0.347211 0.817531 0.062220 0.062220
0 0.324556 0.671387 0.071945 0.071945
0 0.038445 0.606496 0.071945 0.071945
0 0.861889 0.242934 0.052757 0.052757
0 0.543094 0.063486 0.062220 0.062220
0 0.549566 0.322151 0.104277 0.104277
0 0.904753 0.482445 0.052757 0.052757
0 0.456965 0.908553 0.071945 0.071945
0 0.285853 0.197926 0.104277 0.104277
0 0.816800 0.534309 0.052757 0.052757
0 0.246499 0.051947 0.071945 0.071945
0 0.636337 0.600696 0.057104 0.057104
0 0.489397 0.119575 0.104277 0.104277
0 0.733601 0.981275 0.104277 0.104277
0 0.845734 0.129025 0.104277 0.104277
0 0.903822 0.760745 0.055027 0.055027
0 0.694513 0.789658 0.062220 0.062220
0 0.549880 0.555686 0.050559 0.050559
0 0.679019 0.498465 0.061130 0.061130
0 0.808290 0.318837 0.071945 0.071945
0 0.910277 0.173223 0.057104 0.057104
0 0.950323 0.230361 0.104277 0.104277
0 0.650503 0.946621 0.071945 0.071945
0 0.451522 0.291242 0.061131 0.061131
0 0.298629 0.332567 0.104277 0.104277
0 0.807090 0.413390 0.071945 0.071945
0 0.766552 0.802468 0.104277 0.104277
0 0.755815 0.074322 0.052757 0.052757
0 0.683252 0.108549 0.104277 0.104277
0 0.930562 0.946725 0.061130 0.061130
0 0.373534 0.161294 0.071945 0.071945
0 0.204527 0.272323 0.061130 0.061130
0 0.613735 0.227514 0.071945 0.071945
0 0.324729 0.890697 0.061130 0.061130
0 0.105042 0.459773 0.104277 0.104277
0 0.919999 0.321965 0.104277 0.104277
0 0.644442 0.365454 0.104277 0.104277
0 0.408935 0.685368 0.052757 0.052757
0 0.069194 0.080715 0.071945 0.071945
0 0.144326 0.630033 0.104277 0.104277