0 0.194308 0.638479 0.062220 0.062220
0 0.156082 0.444455 0.062220 0.062220
0 0.645470 0.161282 0.071945 0.071945
0 0.847014 0.771933 0.052757 0.052757
0 0.920591 0.129261 0.071945 0.071945
0 0.447083 0.006627 0.104277 0.104277
0 0.952719 0.244631 0.052757 0.052757
0 0.654154 0.531614 0.061130 0.061130
0 0.182062 0.087821 0.052757 0.052757
0 0.716281 0.639706 0.104277 0.104277
0 0.193754 0.174370 0.104277 0.104277
0 0.540218 0.427995 0.104277 0.104277
0 0.499079 0.549606 0.104277 0.104277
0 0.385595 0.591580 0.071945 0.071945
0 0.543619 0.180737 0.062220 0.062220
0 0.173487 0.000400 0.104277 0.104277
0 0.973034 0.490915 0.104277 0.104277
0 0.568972 0.352995 0.057104 0.057104
0 0.579096 0.707605 0.062220 0.062220
0 0.637319 0.335431 0.104277 0.104277
0 0.794981 0.632623 0.062220 0.062220
0 0.522672 0.276493 0.061130 0.061130
0 0.401977 0.318367 0.057104 0.057104
0 0.306952 0.078253 0.104277 0.104277
0 0.091728 0.797976 0.062220 0.062220
0 0.063505 0.217857 0.061130 0.061130
0 0.144349 0.343315 0.062220 0.062220
0 0.797711 0.237693 0.052757 0.052757
0 0.339493 0.425125 0.057104 0.057104
0 0.455469 0.455216 0.104277 0.104277
0 0.249558 0.781271 0.071945 0.071945
0 0.186238 0.251525 0.057104 0.057104
0 0.916454 0.625443 0.062220 0.062220
0 0.764928 0.424561 0.071945 0.071945
0 0.394906 0.664545 0.071945 0.071945
0 0.004036 0.452968 0.062220 0.062220
0 0.102434 0.039180 0.052757 0.052757
0 0.974932 0.339570 0.102474 0.102474
0 0.202155 0.709281 0.057104 0.057104
0 0.584116 0.002961 0.052757 0.052757
0 0.869268 0.331745 0.104277 0.104277
0 0.222784 0.386968 0.057104 0.057104
0 0.917671 0.796484 0.104277 0.104277
0 0.034859 0.299069 0.061130 0.061130
0 0.878092 0.065537 0.062220 0.062220
0 0.721779 0.141087 0.061131 0.061131
0 0.165999 0.788934 0.052757 0.052757
0 0.244605 0.011348 0.061130 0.061130
0 0.680172 0.069538 0.071945 0.071945
0 0.468373 0.188087 0.062220 0.062220
0 0.683318 0.392398 0.057104 0.057104
0 0.000089 0.560100 0.062220 0.062220
0 0.421014 0.528937 0.057104 0.057104
0 0.496040 0.345925 0.104277 0.104277
0 0.125304 0.680295 0.050891 0.050891
0 0.289174 0.572601 0.062220 0.062220
0 0.364701 0.039708 0.071945 0.071945
0 0.409993 0.781667 0.057104 0.057104
0 0.010324 0.759317 0.052757 0.052757
0 0.823922 0.698376 0.062220 0.062220
0 0.799002 0.146809 0.052757 0.052757
0 0.057955 0.605441 0.062220 0.062220
0 0.153714 0.571360 0.104277 0.104277
0 0.508548 0.106347 0.061130 0.061130
0 0.778673 0.796947 0.052757 0.052757
0 0.782111 0.353919 0.062220 0.062220
0 0.315562 0.700538 0.061130 0.061130
0 0.726534 0.533678 0.104277 0.104277
0 0.319086 0.295656 0.062220 0.062220
0 0.296431 0.149512 0.071945 0.071945
0 0.453985 0.615690 0.062220 0.062220
0 0.010320 0.084621 0.071945 0.071945
0 0.638529 0.761408 0.052757 0.052757
0 0.026902 0.678250 0.062220 0.062220
0 0.910516 0.723344 0.052757 0.052757
0 0.325140 0.803888 0.062220 0.062220
0 0.554627 0.497331 0.062220 0.062220
0 0.428840 0.386678 0.071945 0.071945
0 0.788675 0.012434 0.052757 0.052757
0 0.730151 0.709238 0.061131 0.061131
0 0.608212 0.078821 0.057104 0.057104
0 0.104882 0.503380 0.104277 0.104277
0 0.705476 0.459400 0.104277 0.104277
0 0.979592 0.596511 0.052757 0.052757
0 0.875697 0.238870 0.055027 0.055027
0 0.666388 0.267783 0.062220 0.062220
0 0.548914 0.792318 0.061130 0.061130
0 0.694132 0.810453 0.062220 0.062220
0 0.521755 0.033811 0.050559 0.050559
0 0.815977 0.531946 0.052757 0.052757
0 0.336157 0.508158 0.052757 0.052757
0 0.622378 0.424746 0.071945 0.071945
0 0.490907 0.695803 0.061131 0.061131
0 0.738427 0.280593 0.104277 0.104277
0 0.902437 0.424850 0.061130 0.061130
0 0.580928 0.624856 0.104277 0.104277
0 0.262932 0.503436 0.052757 0.052757
0 0.296604 0.368822 0.061130 0.061130
0 0.380810 0.163493 0.052757 0.052757
0 0.116201 0.108158 0.104277 0.104277