0 0.415842 0.058852 0.104277 0.104277
0 0.088302 0.266380 0.104278 0.104278
0 0.342345 0.858157 0.071945 0.071945
0 0.566132 0.056528 0.062220 0.062220
0 0.617466 0.826136 0.071945 0.071945
0 0.897844 0.566457 0.071945 0.071945
0 0.143958 0.703502 0.104277 0.104277
0 0.649594 0.941506 0.052757 0.052757
0 0.206446 0.427728 0.052757 0.052757
0 0.386743 0.614474 0.061130 0.061130
0 0.793021 0.739451 0.104277 0.104277
0 0.929390 0.047003 0.047276 0.047276
0 0.819744 0.353604 0.062220 0.062220
0 0.105740 0.377185 0.052757 0.052757
0 0.559687 0.576350 0.071945 0.071945
0 0.126811 0.548412 0.052757 0.052757
0 0.240494 0.877612 0.062220 0.062220
0 0.203118 0.623547 0.071945 0.071945
0 0.445828 0.160303 0.051819 0.051819
0 0.760017 0.902570 0.104277 0.104277
0 0.925214 0.986313 0.052757 0.052757
0 0.625976 0.104016 0.052757 0.052757
0 0.338534 0.449104 0.104277 0.104277
0 0.638395 0.695208 0.104277 0.104277
0 0.756174 0.506401 0.071945 0.071945
0 0.687252 0.052531 0.057103 0.057103
0 0.760921 0.437955 0.062220 0.062220
0 0.219547 0.973368 0.061130 0.061130
0 0.003827 0.775128 0.104277 0.104277
0 0.698877 0.633706 0.057104 0.057104
0 0.741844 0.807381 0.062220 0.062220
0 0.494586 0.934568 0.052757 0.052757
0 0.641594 0.565490 0.062220 0.062220
0 0.038148 0.177818 0.052757 0.052757
0 0.721906 0.169871 0.104277 0.104277
0 0.521669 0.230647 0.104277 0.104277
0 0.827243 0.538183 0.061130 0.061130
0 0.516806 0.157354 0.071945 0.071945
0 0.913398 0.152928 0.071945 0.071945
0 0.280991 0.699836 0.052757 0.052757
0 0.223277 0.170063 0.052757 0.052757
0 0.819237 0.184739 0.061131 0.061131
0 0.091015 0.622591 0.104277 0.104277
0 0.038312 0.484237 0.057104 0.057104
0 0.243649 0.565841 0.052757 0.052757
0 0.438124 0.317276 0.054783 0.054783
0 0.574967 0.762412 0.062220 0.062220
0 0.418654 0.837962 0.061131 0.061131
0 0.605676 0.251188 0.057103 0.057103
0 0.377047 0.766413 0.071945 0.071945
0 0.406226 0.429442 0.071945 0.071945
0 0.165248 0.884962 0.062220 0.062220
0 0.406486 0.500266 0.061130 0.061130
0 0.189350 0.090694 0.071945 0.071945
0 0.021029 0.410829 0.052757 0.052757
0 0.699982 0.318009 0.061131 0.061131
0 0.286506 0.325944 0.057104 0.057104
0 0.651160 0.185890 0.061131 0.061131
0 0.061576 0.736583 0.071945 0.071945
0 0.861489 0.795357 0.045227 0.045227
0 0.495877 0.843684 0.052757 0.052757
0 0.916731 0.278432 0.071945 0.071945
0 0.922113 0.416957 0.104278 0.104278
0 0.851714 0.038870 0.062220 0.062220
0 0.205423 0.803222 0.061130 0.061130
0 0.300701 0.204070 0.052757 0.052757
0 0.917154 0.699152 0.061130 0.061130
0 0.013496 0.562012 0.057104 0.057104
0 0.015961 0.992531 0.062220 0.062220
0 0.321855 0.014616 0.071945 0.071945
0 0.853318 0.251535 0.104278 0.104278
0 0.530639 0.417934 0.052757 0.052757
0 0.012150 0.068334 0.061130 0.061130
0 0.112243 0.160870 0.057104 0.057104
0 0.211844 0.238486 0.062220 0.062220
0 0.776671 0.291114 0.062220 0.062220
0 0.218316 0.497151 0.104277 0.104277
0 0.573503 0.657445 0.052757 0.052757
0 0.485550 0.709309 0.052757 0.052757
0 0.305087 0.775696 0.057104 0.057104
0 0.158147 0.294575 0.104277 0.104277
0 0.312980 0.098532 0.057104 0.057104
0 0.775560 0.642849 0.061131 0.061131
0 0.681197 0.507112 0.057104 0.057104
0 0.700232 0.241613 0.071945 0.071945
0 0.123155 0.072787 0.057104 0.057104
0 0.514484 0.304025 0.104277 0.104277
0 0.572572 0.935745 0.055027 0.055027
0 0.704764 0.736567 0.061131 0.061131
0 0.363263 0.964658 0.062220 0.062220
0 0.218630 0.730686 0.050559 0.050559
0 0.347769 0.673465 0.061130 0.061130
0 0.477040 0.493837 0.071945 0.071945
0 0.579027 0.348223 0.057104 0.057104
0 0.619073 0.405361 0.104277 0.104277
0 0.120272 0.466242 0.061131 0.061131
0 0.475840 0.588390 0.071945 0.071945
0 0.435302 0.977468 0.104277 0.104277
0 0.424565 0.249322 0.052757 0.052757
0 0.352002 0.283549 0.104277 0.104277
0 0.862683 0.656343 0.052757 0.052757
0 0.042284 0.336294 0.071945 0.071945
0 0.282485 0.402514 0.071945 0.071945
0 0.588749 0.496965 0.104277 0.104277
0 0.313192 0.540454 0.104277 0.104277
0 0.077685 0.860368 0.052757 0.052757
0 0.864958 0.462510 0.061131 0.061131
0 0.837340 0.988597 0.057104 0.057104
0 0.487451 0.020095 0.057104 0.057104
0 0.851290 0.912514 0.088662 0.088662
0 0.757202 0.102826 0.061131 0.061131