0 0.214220 0.414407 0.071945 0.071945
0 0.776759 0.921109 0.104277 0.104277
0 0.489341 0.382386 0.071945 0.071945
0 0.769719 0.122707 0.071945 0.071945
0 0.015833 0.259752 0.104277 0.104277
0 0.521469 0.497756 0.052757 0.052757
0 0.222904 0.784739 0.061130 0.061130
0 0.759752 0.604910 0.061131 0.061131
0 0.665629 0.721244 0.062220 0.062220
0 0.258618 0.170724 0.061130 0.061130
0 0.664896 0.295701 0.104277 0.104277
0 0.648985 0.891437 0.052757 0.052757
0 0.285031 0.892831 0.104277 0.104277
0 0.108968 0.681120 0.104277 0.104277
0 0.067829 0.802731 0.104277 0.104277
0 0.431562 0.132600 0.071945 0.071945
0 0.112369 0.433862 0.062220 0.062220
0 0.074993 0.179797 0.071945 0.071945
0 0.541784 0.744040 0.104277 0.104277
0 0.137722 0.606120 0.057104 0.057104
0 0.631892 0.458820 0.104277 0.104277
0 0.587031 0.649939 0.071945 0.071945
0 0.797089 0.542563 0.052757 0.052757
0 0.210409 0.005354 0.104277 0.104277
0 0.510270 0.251458 0.104277 0.104277
0 0.147846 0.960730 0.062220 0.062220
0 0.628049 0.062651 0.071945 0.071945
0 0.206069 0.588556 0.104277 0.104277
0 0.623283 0.802698 0.052757 0.052757
0 0.363731 0.885748 0.062220 0.062220
0 0.091422 0.529618 0.061130 0.061130
0 0.570752 0.189956 0.057104 0.057104
0 0.613719 0.363631 0.062220 0.062220
0 0.366461 0.490818 0.052757 0.052757
0 0.513469 0.121740 0.062220 0.062220
0 0.024219 0.708341 0.104277 0.104277
0 0.485204 0.878568 0.062220 0.062220
0 0.333678 0.677686 0.071945 0.071945
0 0.699118 0.094433 0.061130 0.061130
0 0.543682 0.592695 0.102474 0.102474
0 0.584571 0.949815 0.071945 0.071945
0 0.152866 0.256086 0.052757 0.052757
0 0.438018 0.584870 0.104277 0.104277
0 0.115524 0.122091 0.052757 0.052757
0 0.446842 0.318662 0.062220 0.062220
0 0.290529 0.394212 0.061131 0.061131
0 0.248922 0.322663 0.071945 0.071945
0 0.037123 0.441212 0.062220 0.062220
0 0.278361 0.056516 0.061130 0.061130
0 0.252068 0.645523 0.057104 0.057104
0 0.064790 0.599050 0.104277 0.104277
0 0.733364 0.351607 0.045227 0.045227
0 0.392672 0.951501 0.062220 0.062220
0 0.367752 0.399934 0.052757 0.052757
0 0.077298 0.359472 0.061130 0.061130
0 0.789029 0.255402 0.061130 0.061130
0 0.350861 0.607044 0.062220 0.062220
0 0.295284 0.786803 0.104277 0.104277
0 0.022735 0.868815 0.062220 0.062220
0 0.479266 0.976469 0.052757 0.052757
0 0.090191 0.053401 0.104277 0.104277
0 0.123377 0.750456 0.062220 0.062220
0 0.445378 0.213695 0.052757 0.052757
0 0.357425 0.265559 0.052757 0.052757
0 0.780618 0.822257 0.061131 0.061131
0 0.298901 0.962363 0.061131 0.061131
0 0.176962 0.331946 0.057104 0.057104
0 0.647435 0.199099 0.061131 0.061131
0 0.553072 0.063362 0.057104 0.057104
0 0.274226 0.712525 0.104277 0.104277
0 0.746190 0.698269 0.061131 0.061131
0 0.712444 0.849354 0.062221 0.062221
0 0.548342 0.849636 0.052757 0.052757
0 0.444447 0.491995 0.055027 0.055027
0 0.576639 0.292817 0.061131 0.061131
0 0.235138 0.520908 0.062220 0.062220
0 0.654476 0.596173 0.104277 0.104277
0 0.090505 0.286936 0.050559 0.050559
0 0.384727 0.785071 0.052757 0.052757
0 0.219644 0.229715 0.061130 0.061130
0 0.348915 0.050087 0.071945 0.071945
0 0.191128 0.677871 0.071945 0.071945
0 0.059657 0.948928 0.061131 0.061131
0 0.347715 0.144640 0.071945 0.071945
0 0.307177 0.533718 0.104277 0.104277
0 0.471187 0.677975 0.061130 0.061130
0 0.149678 0.877981 0.104277 0.104277
0 0.734558 0.212593 0.052757 0.052757
0 0.460624 0.053215 0.104277 0.104277
0 0.185067 0.096704 0.104277 0.104277
0 0.736833 0.018760 0.061131 0.061131
0 0.709215 0.544847 0.057104 0.057104
0 0.723165 0.468764 0.088662 0.088662