0 0.584130 0.209867 0.071945 0.071945
0 0.379307 0.713286 0.104277 0.104277
0 0.569409 0.677814 0.104277 0.104277
0 0.613598 0.874062 0.057104 0.057104
0 0.482864 0.324144 0.062220 0.062220
0 0.615842 0.322091 0.057104 0.057104
0 0.705983 0.835941 0.104277 0.104277
0 0.648653 0.247399 0.052757 0.052757
0 0.532439 0.587571 0.057104 0.057104
0 0.460599 0.439054 0.104277 0.104277
0 0.442902 0.790950 0.104277 0.104277
0 0.248543 0.977714 0.052757 0.052757
0 0.445793 0.629530 0.061131 0.061131
0 0.455601 0.253437 0.052757 0.052757
0 0.329009 0.553063 0.071945 0.071945
0 0.546018 0.453342 0.062220 0.062220
0 0.381897 0.848605 0.062220 0.062220
0 0.219723 0.915153 0.057104 0.057104
0 0.216570 0.754328 0.052757 0.052757
0 0.327724 0.892591 0.061130 0.061130
0 0.604175 0.574593 0.071945 0.071945
0 0.685972 0.345134 0.071945 0.071945
0 0.042593 0.741631 0.061131 0.061131
0 0.547760 0.273747 0.071945 0.071945
0 0.631862 0.951409 0.071945 0.071945
0 0.537587 0.765400 0.061130 0.061130
0 0.716273 0.108483 0.061131 0.061131
0 0.270653 0.849614 0.061131 0.061131
0 0.319880 0.783067 0.057104 0.057104
0 0.734907 0.283347 0.071945 0.071945
0 0.116682 0.106124 0.071945 0.071945
0 0.398081 0.013500 0.061130 0.061130
0 0.386794 0.376872 0.071945 0.071945
0 0.237243 0.258023 0.061130 0.061130
0 0.747473 0.206710 0.071945 0.071945
0 0.262256 0.376898 0.104277 0.104277
0 0.730285 0.704977 0.057104 0.057104
0 0.013015 0.243442 0.071945 0.071945
0 0.386172 0.508575 0.104277 0.104277
0 0.678260 0.452275 0.104278 0.104278
0 0.543374 0.840275 0.061130 0.061130
0 0.627611 0.021779 0.057104 0.057104
0 0.075098 0.492356 0.071945 0.071945
0 0.056466 0.943775 0.104277 0.104277
0 0.088906 0.626770 0.061131 0.061131
0 0.482765 0.114717 0.062220 0.062220
0 0.446340 0.176284 0.062220 0.062220
0 0.159883 0.457715 0.062220 0.062220
0 0.682617 0.758979 0.052757 0.052757
0 0.178445 0.697149 0.057104 0.057104
0 0.042914 0.171917 0.061131 0.061131
0 0.339048 0.998116 0.071945 0.071945
0 0.301931 0.655773 0.071945 0.071945
0 0.408492 0.103431 0.052757 0.052757
0 0.206930 0.179761 0.057104 0.057104
0 0.156602 0.879370 0.062220 0.062220
0 0.061855 0.021094 0.071945 0.071945
0 0.719703 0.534317 0.057104 0.057104
0 0.600643 0.504437 0.057104 0.057104
0 0.458013 0.528323 0.052757 0.052757
0 0.208063 0.630197 0.052757 0.052757
0 0.727421 0.929548 0.104277 0.104277
0 0.344774 0.194337 0.071945 0.071945
0 0.246736 0.108908 0.062220 0.062220
0 0.239028 0.473354 0.057104 0.057104
0 0.482008 0.961777 0.057104 0.057104
0 0.620865 0.140696 0.062220 0.062220
0 0.172831 0.547040 0.057104 0.057104
0 0.078680 0.295061 0.104277 0.104277
0 0.035598 0.870407 0.052757 0.052757
0 0.145022 0.364498 0.052757 0.052757
0 0.024050 0.583181 0.071945 0.071945
0 0.313692 0.132500 0.104277 0.104277
0 0.152177 0.230042 0.071945 0.071945
0 0.473413 0.888078 0.104277 0.104277
0 0.166150 0.040056 0.104277 0.104277
0 0.700405 0.637782 0.061130 0.061130
0 0.680994 0.174924 0.104278 0.104278
0 0.368933 0.293242 0.104277 0.104277
0 0.542746 0.915673 0.104277 0.104277
0 0.032579 0.354198 0.052757 0.052757
0 0.327014 0.471352 0.062220 0.062220
0 0.124407 0.756790 0.061131 0.061131