0 0.701636 0.811856 0.052757 0.052757
0 0.651285 0.305177 0.062220 0.062220
0 0.976369 0.886858 0.104277 0.104277
0 0.575842 0.532393 0.052757 0.052757
0 0.122627 0.733536 0.071945 0.071945
0 0.598170 0.179562 0.057103 0.057103
0 0.767223 0.426853 0.071945 0.071945
0 0.231770 0.152848 0.104277 0.104277
0 0.814471 0.489292 0.061130 0.061130
0 0.369516 0.225207 0.052757 0.052757
0 0.992605 0.613247 0.052757 0.052757
0 0.745990 0.702332 0.057104 0.057104
0 0.832921 0.698589 0.057104 0.057104
0 0.143240 0.507272 0.104278 0.104278
0 0.530290 0.001700 0.104277 0.104277
0 0.514332 0.443887 0.071945 0.071945
0 0.444087 0.436802 0.057104 0.057104
0 0.712140 0.602794 0.057104 0.057104
0 0.740740 0.084883 0.057104 0.057104
0 0.258764 0.944008 0.071945 0.071945
0 0.251830 0.873552 0.071945 0.071945
0 0.859329 0.366985 0.061130 0.061130
0 0.747503 0.968319 0.071945 0.071945
0 0.660763 0.127318 0.052757 0.052757
0 0.447619 0.770562 0.071945 0.071945
0 0.413938 0.150660 0.062220 0.062220
0 0.113285 0.098620 0.071945 0.071945
0 0.893071 0.912208 0.061130 0.061130
0 0.864145 0.840473 0.061130 0.061130
0 0.743158 0.179383 0.057104 0.057104
0 0.645263 0.566746 0.104277 0.104277
0 0.509303 0.344924 0.057104 0.057104
0 0.751019 0.346671 0.057104 0.057104
0 0.416658 0.522053 0.057104 0.057104
0 0.791548 0.008712 0.052757 0.052757
0 0.862739 0.077793 0.104277 0.104277
0 0.619585 0.461008 0.104277 0.104277
0 0.903628 0.578411 0.052757 0.052757
0 0.202203 0.291111 0.062220 0.062220
0 0.634678 0.653308 0.104277 0.104277
0 0.458788 0.852260 0.071945 0.071945
0 0.424142 0.354307 0.052757 0.052757
0 0.618843 0.366277 0.052757 0.052757
0 0.435754 0.285598 0.061130 0.061130
0 0.578075 0.803391 0.052757 0.052757
0 0.804207 0.279770 0.104277 0.104277
0 0.410039 0.934485 0.052757 0.052757
0 0.939516 0.162967 0.061130 0.061130
0 0.675429 0.017398 0.057104 0.057104
0 0.504708 0.200416 0.071945 0.071945
0 0.342722 0.613039 0.061130 0.061130
0 0.151044 0.994824 0.104278 0.104278
0 0.784650 0.776077 0.071945 0.071945
0 0.709595 0.529047 0.062220 0.062220
0 0.333816 0.806918 0.061130 0.061130
0 0.670527 0.734744 0.104277 0.104277
0 0.220348 0.677190 0.061130 0.061130
0 0.283869 0.062767 0.057104 0.057104
0 0.819871 0.153491 0.061130 0.061130
0 0.981459 0.302699 0.104278 0.104278
0 0.583435 0.953116 0.071945 0.071945
0 0.794195 0.913285 0.061130 0.061130
0 0.369797 0.877744 0.062220 0.062220
0 0.361905 0.313743 0.061130 0.061130
0 0.328517 0.150929 0.062220 0.062220
0 0.506335 0.549539 0.057104 0.057104
0 0.816843 0.558446 0.057104 0.057104
0 0.235826 0.596602 0.057104 0.057104
0 0.308531 0.491713 0.104277 0.104277
0 0.155411 0.802862 0.061130 0.061130
0 0.119007 0.294625 0.061130 0.061130
0 0.917034 0.483186 0.057104 0.057104
0 0.653464 0.916410 0.071945 0.071945
0 0.506099 0.627648 0.061130 0.061130
0 0.435936 0.614927 0.062220 0.062220
0 0.780951 0.632911 0.048997 0.048997
0 0.160223 0.222633 0.061130 0.061130
0 0.351922 0.072994 0.057104 0.057104
0 0.983977 0.537542 0.062220 0.062220
0 0.207455 0.438305 0.104277 0.104277
0 0.210290 0.080343 0.052757 0.052757
0 0.717620 0.264093 0.057104 0.057104
0 0.916036 0.260779 0.104277 0.104277
0 0.592378 0.254442 0.104277 0.104277
0 0.979959 0.778903 0.062220 0.062220
0 0.165997 0.595650 0.057104 0.057104
0 0.922069 0.028660 0.061130 0.061130
0 0.213443 0.754424 0.057104 0.057104
0 0.983536 0.689092 0.061131 0.061131
0 0.404497 0.699467 0.071945 0.071945
0 0.616505 0.059519 0.062220 0.062220
0 0.245837 0.228315 0.071945 0.071945
0 0.558310 0.727288 0.104277 0.104277
0 0.324436 0.692391 0.071945 0.071945
0 0.314687 0.415250 0.061130 0.061130
0 0.516316 0.118374 0.052757 0.052757
0 0.698752 0.451155 0.057104 0.057104
0 0.463567 0.043831 0.062220 0.062220
0 0.117757 0.384057 0.071945 0.071945
0 0.911044 0.785897 0.071945 0.071945
0 0.153681 0.891078 0.062220 0.062220
0 0.282709 0.351440 0.062220 0.062220