0 0.309592 0.546352 0.104277 0.104277
0 0.266044 0.334361 0.061130 0.061130
0 0.668989 0.296070 0.052757 0.052757
0 0.199137 0.194690 0.104277 0.104277
0 0.260963 0.103642 0.071945 0.071945
0 0.459882 0.544028 0.062220 0.062220
0 0.412776 0.089252 0.071945 0.071945
0 0.491529 0.296110 0.104277 0.104277
0 0.166815 0.296259 0.052757 0.052757
0 0.100196 0.915228 0.052757 0.052757
0 0.569393 0.342635 0.071945 0.071945
0 0.824426 0.004022 0.062221 0.062221
0 0.823140 0.534503 0.047276 0.047276
0 0.713494 0.841104 0.062220 0.062220
0 0.303716 0.461167 0.057104 0.057104
0 0.074909 0.139199 0.062220 0.062220
0 0.339578 0.647803 0.051819 0.051819
0 0.814379 0.276136 0.071945 0.071945
0 0.243722 0.260898 0.061131 0.061131
0 0.519726 0.591516 0.052757 0.052757
0 0.276856 0.013239 0.057104 0.057104
0 0.232284 0.936604 0.104277 0.104277
0 0.649924 0.993901 0.071945 0.071945
0 0.581002 0.540031 0.057103 0.057103
0 0.327938 0.221393 0.052757 0.052757
0 0.654671 0.925455 0.062220 0.062220
0 0.001980 0.050747 0.052757 0.052757
0 0.384145 0.157353 0.057104 0.057104
0 0.774694 0.110110 0.052757 0.052757
0 0.496618 0.379364 0.036679 0.036679
0 0.615656 0.657371 0.104277 0.104277
0 0.714607 0.070921 0.062221 0.062221
0 0.330380 0.309975 0.057104 0.057104
0 0.415419 0.718147 0.104277 0.104277
0 0.410556 0.644854 0.071945 0.071945
0 0.653152 0.106550 0.052757 0.052757
0 0.640258 0.174412 0.104277 0.104277
0 0.807148 0.640428 0.071945 0.071945
0 0.065148 0.262608 0.071945 0.071945
0 0.117027 0.657563 0.052757 0.052757
0 0.545896 0.198044 0.104277 0.104277
0 0.174243 0.068939 0.071945 0.071945
0 0.712987 0.672239 0.061131 0.061131
0 0.829026 0.423501 0.057104 0.057104
0 0.331874 0.804776 0.054783 0.054783
0 0.636801 0.365519 0.062220 0.062220
0 0.499426 0.738688 0.057103 0.057103
0 0.299976 0.916942 0.071945 0.071945
0 0.300236 0.987766 0.061130 0.061130
0 0.083100 0.578194 0.071945 0.071945
0 0.593732 0.805509 0.061131 0.061131
0 0.180256 0.813444 0.057104 0.057104
0 0.544910 0.673390 0.061131 0.061131
0 0.136367 0.229057 0.057104 0.057104
0 0.492823 0.139752 0.061130 0.061130
0 0.810481 0.765932 0.071945 0.071945
0 0.815863 0.904457 0.104278 0.104278
0 0.745464 0.526370 0.062220 0.062220
0 0.571583 0.270367 0.061130 0.061130
0 0.194451 0.691570 0.052757 0.052757
0 0.442919 0.234235 0.062220 0.062220
0 0.052200 0.404243 0.104277 0.104277
0 0.215605 0.502116 0.071945 0.071945
0 0.747068 0.739035 0.104278 0.104278
0 0.356351 0.005265 0.062220 0.062220
0 0.424389 0.905434 0.052757 0.052757
0 0.720048 0.381443 0.104277 0.104277
0 0.005993 0.648370 0.057104 0.057104
0 0.105594 0.725986 0.062220 0.062220
0 0.670421 0.778614 0.062220 0.062220
0 0.102761 0.452780 0.104277 0.104277
0 0.081666 0.340090 0.052757 0.052757
0 0.112066 0.984651 0.104277 0.104277
0 0.388582 0.379778 0.062220 0.062220
0 0.051897 0.782075 0.104277 0.104277
0 0.530793 0.462474 0.104277 0.104277
0 0.206730 0.586032 0.057104 0.057104
0 0.574947 0.994612 0.057104 0.057104
0 0.593982 0.729113 0.071945 0.071945
0 0.444245 0.427696 0.071945 0.071945
0 0.162599 0.408840 0.052757 0.052757
0 0.016905 0.560287 0.057104 0.057104
0 0.408234 0.791525 0.104277 0.104277
0 0.834249 0.155351 0.071945 0.071945
0 0.585140 0.417843 0.061131 0.061131
0 0.717415 0.205573 0.071945 0.071945
0 0.370790 0.981337 0.071945 0.071945
0 0.472777 0.835723 0.057104 0.057104
0 0.512823 0.892861 0.104277 0.104277
0 0.014022 0.953742 0.061131 0.061131
0 0.318315 0.736822 0.052757 0.052757
0 0.245752 0.771049 0.104277 0.104277
0 0.549126 0.026715 0.057104 0.057104
0 0.677808 0.454840 0.071945 0.071945
0 0.176235 0.890014 0.071945 0.071945
0 0.641301 0.036931 0.052757 0.052757
0 0.482499 0.984465 0.104277 0.104277
0 0.758708 0.950010 0.061131 0.061131
0 0.381201 0.507595 0.057104 0.057104
0 0.650952 0.590326 0.061131 0.061131