0 0.222092 0.193227 0.104277 0.104277
0 0.148595 0.992532 0.071945 0.071945
0 0.372382 0.190903 0.062220 0.062220
0 0.423716 0.960511 0.071945 0.071945
0 0.704094 0.700832 0.071945 0.071945
0 0.012696 0.562103 0.052757 0.052757
0 0.192993 0.748849 0.061130 0.061130
0 0.599271 0.873826 0.104277 0.104277
0 0.735640 0.181378 0.047276 0.047276
0 0.625994 0.487979 0.062220 0.062220
0 0.365937 0.710725 0.071945 0.071945
0 0.216216 0.108042 0.057104 0.057104
0 0.009368 0.757922 0.071945 0.071945
0 0.252078 0.294678 0.051819 0.051819
0 0.432226 0.238391 0.052757 0.052757
0 0.144784 0.583479 0.104277 0.104277
0 0.444645 0.829583 0.104277 0.104277
0 0.562424 0.640776 0.071945 0.071945
0 0.493502 0.186906 0.057103 0.057103
0 0.567171 0.572330 0.062220 0.062220
0 0.505127 0.768081 0.057104 0.057104
0 0.548094 0.941756 0.062220 0.062220
0 0.447844 0.699865 0.062220 0.062220
0 0.409118 0.026239 0.036679 0.036679
0 0.528156 0.304246 0.104277 0.104277
0 0.327919 0.365022 0.104277 0.104277
0 0.633493 0.672558 0.061130 0.061130
0 0.323056 0.291729 0.071945 0.071945
0 0.719648 0.287303 0.071945 0.071945
0 0.087241 0.834211 0.052757 0.052757
0 0.029527 0.304438 0.052757 0.052757
0 0.625487 0.319114 0.061131 0.061131
0 0.049899 0.700216 0.052757 0.052757
0 0.741526 0.070376 0.057104 0.057104
0 0.244374 0.451651 0.054783 0.054783
0 0.549301 0.012394 0.062220 0.062220
0 0.381217 0.896787 0.062220 0.062220
0 0.224904 0.972337 0.061131 0.061131
0 0.411926 0.385563 0.057103 0.057103
0 0.183297 0.900788 0.071945 0.071945
0 0.212476 0.563817 0.071945 0.071945
0 0.212736 0.634641 0.061130 0.061130
0 0.506232 0.452384 0.061131 0.061131
0 0.092756 0.460319 0.057104 0.057104
0 0.457410 0.320265 0.061131 0.061131
0 0.667739 0.929732 0.045227 0.045227
0 0.302127 0.978059 0.052757 0.052757
0 0.722981 0.412807 0.071945 0.071945
0 0.728363 0.551332 0.104278 0.104278
0 0.657964 0.173245 0.062220 0.062220
0 0.011673 0.937597 0.061130 0.061130
0 0.106951 0.338445 0.052757 0.052757
0 0.723404 0.833527 0.061130 0.061130
0 0.128105 0.148991 0.071945 0.071945
0 0.659568 0.385910 0.104278 0.104278
0 0.336889 0.552309 0.052757 0.052757
0 0.632548 0.028318 0.104277 0.104277
0 0.018094 0.372861 0.062220 0.062220
0 0.582921 0.425489 0.062220 0.062220
0 0.015261 0.099655 0.104277 0.104277
0 0.024566 0.631526 0.104277 0.104277
0 0.379753 0.791820 0.052757 0.052757
0 0.301082 0.026653 0.062220 0.062220
0 0.291800 0.843684 0.052757 0.052757
0 0.111337 0.910071 0.057104 0.057104
0 0.443293 0.109349 0.104277 0.104277
0 0.119230 0.232907 0.057104 0.057104
0 0.581810 0.777224 0.061131 0.061131
0 0.487447 0.641487 0.057104 0.057104
0 0.506482 0.375988 0.071945 0.071945
0 0.356745 0.074571 0.071945 0.071945
0 0.075099 0.055715 0.052757 0.052757
0 0.320734 0.438400 0.104277 0.104277
0 0.511014 0.870942 0.061131 0.061131
0 0.024880 0.865061 0.050559 0.050559
0 0.497640 0.064718 0.061131 0.061131
0 0.154019 0.807840 0.061130 0.061130
0 0.283290 0.628212 0.071945 0.071945
0 0.385277 0.482598 0.057104 0.057104
0 0.425323 0.539736 0.104277 0.104277
0 0.282090 0.722765 0.071945 0.071945
0 0.230815 0.383697 0.052757 0.052757
0 0.158252 0.417924 0.104277 0.104277
0 0.668933 0.790718 0.052757 0.052757
0 0.590308 0.101715 0.071945 0.071945
0 0.088735 0.536889 0.071945 0.071945
0 0.394999 0.631340 0.104277 0.104277
0 0.119442 0.674829 0.104277 0.104277
0 0.671208 0.596885 0.061131 0.061131
0 0.293701 0.154470 0.057104 0.057104
0 0.563452 0.237201 0.061131 0.061131