0 0.789221 0.976118 0.104277 0.104277
0 0.245035 0.752052 0.062220 0.062220
0 0.917293 0.912089 0.052757 0.052757
0 0.169592 0.979268 0.052757 0.052757
0 0.163862 0.216481 0.104277 0.104277
0 0.191920 0.626437 0.057103 0.057103
0 0.360973 0.873728 0.071945 0.071945
0 0.997759 0.487438 0.071945 0.071945
0 0.408221 0.936167 0.061130 0.061130
0 0.888473 0.849528 0.057104 0.057104
0 0.885320 0.688703 0.052757 0.052757
0 0.996474 0.826966 0.061130 0.061130
0 0.711343 0.676006 0.061131 0.061131
0 0.653555 0.996031 0.052757 0.052757
0 0.396725 0.376627 0.057104 0.057104
0 0.646469 0.597313 0.062220 0.062220
0 0.939403 0.783989 0.061131 0.061131
0 0.124040 0.448575 0.104277 0.104277
0 0.988630 0.717442 0.057104 0.057104
0 0.785432 0.040499 0.071945 0.071945
0 0.108082 0.890762 0.071945 0.071945
0 0.037837 0.883677 0.057104 0.057104
0 0.618353 0.281347 0.061131 0.061131
0 0.905993 0.192398 0.061130 0.061130
0 0.931006 0.311273 0.104277 0.104277
0 0.637796 0.042891 0.104277 0.104277
0 0.143437 0.312724 0.057104 0.057104
0 0.334490 0.531758 0.057104 0.057104
0 0.092007 0.261593 0.104277 0.104277
0 0.681765 0.177817 0.071945 0.071945
0 0.453079 0.813860 0.061130 0.061130
0 0.367654 0.293054 0.104277 0.104277
0 0.254513 0.574193 0.052757 0.052757
0 0.058368 0.130541 0.052757 0.052757
0 0.532816 0.112118 0.104277 0.104277
0 0.325429 0.113902 0.062220 0.062220
0 0.007688 0.597535 0.062220 0.062220
0 0.743848 0.426731 0.071945 0.071945
0 0.725216 0.878150 0.104277 0.104277
0 0.179754 0.377223 0.057104 0.057104
0 0.336908 0.626258 0.057104 0.057104
0 0.103053 0.791799 0.057104 0.057104
0 0.344769 0.793546 0.057104 0.057104
0 0.010408 0.968928 0.057104 0.057104
0 0.385298 0.455587 0.052757 0.052757
0 0.456489 0.524668 0.104277 0.104277
0 0.425046 0.093779 0.062220 0.062220
0 0.213335 0.907883 0.104277 0.104277
0 0.017892 0.801182 0.052757 0.052757
0 0.757656 0.561145 0.061131 0.061131
0 0.212593 0.813152 0.052757 0.052757
0 0.029504 0.732473 0.061130 0.061130
0 0.232571 0.016906 0.071945 0.071945
0 0.397957 0.726645 0.104277 0.104277
0 0.533266 0.609842 0.061130 0.061130
0 0.223237 0.252690 0.052757 0.052757
0 0.269179 0.464273 0.057104 0.057104
0 0.098458 0.647291 0.071945 0.071945
0 0.615752 0.507630 0.104277 0.104277
0 0.828633 0.392090 0.062220 0.062220
0 0.520677 0.344993 0.062220 0.062220
0 0.847195 0.631524 0.057104 0.057104
0 0.303345 0.975922 0.062220 0.062220
0 0.081257 0.388441 0.052757 0.052757
0 0.711664 0.106292 0.061131 0.061131
0 0.617677 0.915619 0.052757 0.052757
0 0.610444 0.685956 0.062220 0.062220
0 0.002162 0.080000 0.071945 0.071945
0 0.615508 0.143610 0.061131 0.061131
0 0.970681 0.590148 0.071945 0.071945
0 0.413621 0.600366 0.061130 0.061130
0 0.575209 0.749574 0.104278 0.104278
0 0.578492 0.221773 0.052757 0.052757
0 0.658126 0.416594 0.061131 0.061131
0 0.875680 0.114136 0.057104 0.057104
0 0.483459 0.021806 0.052757 0.052757
0 0.825352 0.813745 0.062220 0.062220
0 0.100085 0.996414 0.057104 0.057104
0 0.632227 0.815485 0.062220 0.062220
0 0.510784 0.930061 0.057104 0.057104
0 0.456543 0.247188 0.104277 0.104277
0 0.235061 0.327175 0.061130 0.061130
0 0.178912 0.147091 0.104277 0.104277
0 0.141613 0.017991 0.052757 0.052757
0 0.876813 0.564572 0.052757 0.052757
0 0.664147 0.747856 0.071945 0.071945
0 0.577727 0.984417 0.062220 0.062220
0 0.362112 0.051754 0.057104 0.057104
0 0.915486 0.043283 0.062220 0.062220
0 0.244497 0.176180 0.071945 0.071945
0 0.907778 0.407729 0.057104 0.057104
0 0.475060 0.402622 0.061130 0.061130
0 0.311370 0.710968 0.057104 0.057104
0 0.509786 0.707654 0.104277 0.104277
0 0.186128 0.701317 0.104277 0.104277
0 0.841581 0.481415 0.057104 0.057104
0 0.747430 0.229436 0.104277 0.104277
0 0.704348 0.804782 0.052757 0.052757
0 0.515819 0.475535 0.061130 0.061130
0 0.813772 0.298873 0.052757 0.052757
0 0.692800 0.517556 0.071945 0.071945
0 0.982442 0.066875 0.104277 0.104277
0 0.820927 0.164417 0.071945 0.071945
0 0.458726 0.160037 0.057104 0.057104
0 0.210255 0.506394 0.062220 0.062220
0 0.561265 0.414345 0.071945 0.071945
0 0.309448 0.201336 0.057104 0.057104
0 0.110066 0.565249 0.052757 0.052757
0 0.292502 0.898030 0.057104 0.057104
0 0.057317 0.490706 0.062220 0.062220
0 0.701329 0.288573 0.052757 0.052757
0 0.995764 0.405727 0.062220 0.062220
0 0.793157 0.691165 0.061131 0.061131