0 0.950802 0.500755 0.104278 0.104278
0 0.127833 0.256863 0.052757 0.052757
0 0.593479 0.653078 0.061130 0.061130
0 0.968240 0.611560 0.052757 0.052757
0 0.989311 0.782787 0.052757 0.052757
0 0.732862 0.931650 0.104277 0.104277
0 0.815219 0.863448 0.104277 0.104277
0 0.739386 0.832508 0.061130 0.061130
0 0.603447 0.417412 0.057104 0.057104
0 0.954494 0.071233 0.104277 0.104277
0 0.098309 0.741042 0.062220 0.062220
0 0.646457 0.730465 0.104277 0.104277
0 0.679306 0.204061 0.057104 0.057104
0 0.093668 0.327108 0.062220 0.062220
0 0.318914 0.859799 0.061130 0.061130
0 0.900648 0.412193 0.052757 0.052757
0 0.306338 0.398265 0.071945 0.071945
0 0.121385 0.978411 0.104278 0.104278
0 0.444943 0.502787 0.104277 0.104277
0 0.365374 0.571711 0.052757 0.052757
0 0.588329 0.571948 0.104277 0.104277
0 0.661809 0.970430 0.052757 0.052757
0 0.277942 0.565909 0.052757 0.052757
0 0.524284 0.654005 0.052757 0.052757
0 0.953515 0.856966 0.104277 0.104277
0 0.900812 0.718612 0.057104 0.057104
0 0.803980 0.942598 0.061130 0.061130
0 0.478811 0.873149 0.104278 0.104278
0 0.545660 0.851540 0.052757 0.052757
0 0.825527 0.530666 0.061130 0.061130
0 0.716880 0.429508 0.071945 0.071945
0 0.883529 0.645204 0.052757 0.052757
0 0.091296 0.420278 0.052757 0.052757
0 0.236889 0.128383 0.071945 0.071945
0 0.426713 0.311012 0.061130 0.061130
0 0.229955 0.057927 0.071945 0.071945
0 0.924076 0.970958 0.071945 0.071945
0 0.725628 0.152694 0.071945 0.071945
0 0.705784 0.597801 0.061130 0.061130
0 0.676453 0.514136 0.062220 0.062220
0 0.820223 0.365322 0.062220 0.062220
0 0.935884 0.194322 0.061130 0.061130
0 0.144755 0.662313 0.061130 0.061130
0 0.725822 0.760102 0.052757 0.052757
0 0.875996 0.796387 0.057104 0.057104
0 0.511539 0.974033 0.057104 0.057104
0 0.379581 0.460790 0.104277 0.104277
0 0.871196 0.096583 0.061130 0.061130
0 0.438814 0.940413 0.071945 0.071945
0 0.842270 0.024848 0.061130 0.061130
0 0.874650 0.302709 0.061130 0.061130
0 0.436913 0.036635 0.071945 0.071945
0 0.974743 0.395245 0.057104 0.057104
0 0.866892 0.219027 0.104277 0.104277
0 0.305656 0.928383 0.057104 0.057104
0 0.388164 0.118860 0.052757 0.052757
0 0.231800 0.458491 0.052757 0.052757
0 0.129169 0.179199 0.104278 0.104278
0 0.817103 0.607301 0.104277 0.104277
0 0.777749 0.461322 0.071945 0.071945
0 0.319891 0.312448 0.104277 0.104277
0 0.227734 0.906765 0.071945 0.071945
0 0.518815 0.525389 0.071945 0.071945
0 0.658687 0.369486 0.050932 0.050932
0 0.101903 0.848006 0.057104 0.057104
0 0.795423 0.190600 0.052757 0.052757
0 0.270798 0.223318 0.057104 0.057104
0 0.561560 0.137491 0.071945 0.071945
0 0.772320 0.097660 0.061130 0.061130
0 0.347922 0.062119 0.062220 0.062220
0 0.985655 0.307162 0.057104 0.057104
0 0.519144 0.424122 0.071945 0.071945
0 0.426781 0.187293 0.104277 0.104277
0 0.198004 0.545701 0.104277 0.104277
0 0.209110 0.799768 0.057104 0.057104
0 0.769224 0.257626 0.061130 0.061130
0 0.631589 0.100785 0.071945 0.071945
0 0.392112 0.788404 0.104277 0.104277
0 0.442255 0.632639 0.104277 0.104277
0 0.982772 0.700617 0.061131 0.061131
0 0.225878 0.288035 0.062220 0.062220
0 0.829879 0.741942 0.104277 0.104277
0 0.432761 0.408941 0.052757 0.052757
0 0.730016 0.354311 0.062220 0.062220
0 0.525771 0.332215 0.062220 0.062220
0 0.347928 0.707416 0.052757 0.052757
0 0.227157 0.622205 0.104277 0.104277
0 0.316817 0.780052 0.061130 0.061130
0 0.165662 0.384104 0.057104 0.057104
0 0.440160 0.723002 0.062220 0.062220
0 0.506670 0.758044 0.071945 0.071945
0 0.904784 0.570669 0.071945 0.071945
0 0.735777 0.681698 0.061130 0.061130
0 0.375539 0.242220 0.071945 0.071945
0 0.144663 0.904484 0.052757 0.052757
0 0.470624 0.247189 0.047555 0.047555
0 0.604724 0.271985 0.052757 0.052757
0 0.636292 0.869148 0.104277 0.104277
0 0.117264 0.564936 0.071945 0.071945
0 0.409843 0.864420 0.052757 0.052757
0 0.235141 0.370990 0.057103 0.057103
0 0.600444 0.490090 0.071945 0.071945
0 0.218852 0.693547 0.104277 0.104277
0 0.684674 0.279866 0.071945 0.071945
0 0.131806 0.075453 0.062220 0.062220