0 0.298595 0.467532 0.071945 0.071945
0 0.861134 0.974234 0.104277 0.104277
0 0.573716 0.435511 0.071945 0.071945
0 0.854094 0.175832 0.071945 0.071945
0 0.100208 0.312877 0.104277 0.104277
0 0.605844 0.550881 0.052757 0.052757
0 0.162696 0.037103 0.052757 0.052757
0 0.307279 0.837864 0.061130 0.061130
0 0.844127 0.658035 0.061131 0.061131
0 0.750004 0.774369 0.062220 0.062220
0 0.342993 0.223849 0.061130 0.061130
0 0.749271 0.348826 0.104277 0.104277
0 0.733360 0.944562 0.052757 0.052757
0 0.369406 0.945956 0.104277 0.104277
0 0.193343 0.734245 0.104277 0.104277
0 0.152204 0.855856 0.104277 0.104277
0 0.038720 0.897830 0.071945 0.071945
0 0.515937 0.185725 0.071945 0.071945
0 0.083061 0.157787 0.052757 0.052757
0 0.196744 0.486987 0.062220 0.062220
0 0.159368 0.232922 0.071945 0.071945
0 0.626159 0.797165 0.104277 0.104277
0 0.222097 0.659245 0.057104 0.057104
0 0.716267 0.511945 0.104277 0.104277
0 0.671406 0.703064 0.071945 0.071945
0 0.881464 0.595688 0.052757 0.052757
0 0.294784 0.058479 0.104277 0.104277
0 0.594645 0.304583 0.104277 0.104277
0 0.712424 0.115776 0.071945 0.071945
0 0.290444 0.641681 0.104277 0.104277
0 0.707658 0.855823 0.052757 0.052757
0 0.717171 0.047330 0.062220 0.062220
0 0.448106 0.938873 0.062220 0.062220
0 0.175797 0.582743 0.061130 0.061130
0 0.055102 0.624617 0.057104 0.057104
0 0.655127 0.243081 0.057104 0.057104
0 0.698094 0.416756 0.062220 0.062220
0 0.450836 0.543943 0.052757 0.052757
0 0.597844 0.174865 0.062220 0.062220
0 0.108594 0.761466 0.104277 0.104277
0 0.569579 0.931693 0.062220 0.062220
0 0.418053 0.730811 0.071945 0.071945
0 0.048031 0.970795 0.071945 0.071945
0 0.783493 0.147558 0.061130 0.061130
0 0.628057 0.645820 0.102474 0.102474
0 0.237241 0.309211 0.052757 0.052757
0 0.522393 0.637995 0.104277 0.104277
0 0.047265 0.231966 0.104277 0.104277
0 0.199899 0.175216 0.052757 0.052757
0 0.531217 0.371787 0.062220 0.062220
0 0.374904 0.447337 0.061131 0.061131
0 0.333297 0.375788 0.071945 0.071945
0 0.362476 0.038817 0.071945 0.071945
0 0.121498 0.494337 0.062220 0.062220
0 0.362736 0.109641 0.061130 0.061130
0 0.336443 0.698648 0.057104 0.057104
0 0.074139 0.835187 0.057104 0.057104
0 0.149165 0.652175 0.104277 0.104277
0 0.017826 0.345958 0.071945 0.071945
0 0.817739 0.404732 0.045227 0.045227
0 0.452127 0.453059 0.052757 0.052757
0 0.878363 0.026332 0.104278 0.104278
0 0.161673 0.412597 0.061130 0.061130
0 0.873404 0.308527 0.061130 0.061130
0 0.435236 0.660169 0.062220 0.062220
0 0.379659 0.839928 0.104277 0.104277
0 0.107110 0.921940 0.062220 0.062220
0 0.486889 0.027309 0.052757 0.052757
0 0.174566 0.106526 0.104277 0.104277
0 0.207752 0.803581 0.062220 0.062220
0 0.529753 0.266820 0.052757 0.052757
0 0.081965 0.692928 0.071945 0.071945
0 0.441800 0.318684 0.052757 0.052757
0 0.864993 0.875382 0.061131 0.061131
0 0.261337 0.385071 0.057104 0.057104
0 0.731810 0.252224 0.061131 0.061131
0 0.637447 0.116487 0.057104 0.057104
0 0.358601 0.765650 0.104277 0.104277
0 0.830565 0.751394 0.061131 0.061131
0 0.796819 0.902479 0.062221 0.062221
0 0.632717 0.902761 0.052757 0.052757
0 0.528822 0.545120 0.055027 0.055027
0 0.661014 0.345942 0.061131 0.061131
0 0.319513 0.574033 0.062220 0.062220
0 0.738851 0.649298 0.104277 0.104277
0 0.174880 0.340061 0.050559 0.050559
0 0.469102 0.838196 0.052757 0.052757
0 0.304019 0.282840 0.061130 0.061130
0 0.433290 0.103212 0.071945 0.071945
0 0.575323 0.014736 0.104277 0.104277
0 0.275503 0.730996 0.071945 0.071945
0 0.076522 0.075617 0.061131 0.061131
0 0.432090 0.197765 0.071945 0.071945
0 0.391552 0.586843 0.104277 0.104277
0 0.555562 0.731100 0.061130 0.061130
0 0.234053 0.931106 0.104277 0.104277
0 0.818933 0.265718 0.052757 0.052757
0 0.238735 0.011889 0.071945 0.071945
0 0.544999 0.106340 0.104277 0.104277
0 0.269442 0.149829 0.104277 0.104277
0 0.033935 0.469743 0.052757 0.052757
0 0.821208 0.071885 0.061131 0.061131
0 0.793590 0.597972 0.057104 0.057104
0 0.807540 0.521889 0.088662 0.088662