0 0.246012 0.950940 0.104277 0.104277
0 0.307838 0.859892 0.071945 0.071945
0 0.459651 0.845502 0.071945 0.071945
0 0.510557 0.394536 0.104277 0.104277
0 0.543037 0.735805 0.061131 0.061131
0 0.700659 0.359064 0.104277 0.104277
0 0.251721 0.722993 0.104277 0.104277
0 0.744848 0.555312 0.057104 0.057104
0 0.614114 0.005394 0.062220 0.062220
0 0.871301 0.760272 0.062221 0.062221
0 0.747092 0.003341 0.057104 0.057104
0 0.760207 0.723277 0.104277 0.104277
0 0.837233 0.517191 0.104277 0.104277
0 0.663689 0.268821 0.057104 0.057104
0 0.591849 0.120304 0.104277 0.104277
0 0.574152 0.472200 0.104277 0.104277
0 0.121784 0.895449 0.062220 0.062220
0 0.379793 0.658964 0.052757 0.052757
0 0.577043 0.310780 0.061131 0.061131
0 0.323731 0.769489 0.057104 0.057104
0 0.460259 0.234313 0.071945 0.071945
0 0.374813 0.977643 0.052757 0.052757
0 0.642870 0.713445 0.104277 0.104277
0 0.677268 0.134592 0.062220 0.062220
0 0.048855 0.806997 0.052757 0.052757
0 0.513147 0.529855 0.062220 0.062220
0 0.431020 0.913603 0.057104 0.057104
0 0.350973 0.596403 0.057104 0.057104
0 0.347820 0.435578 0.052757 0.052757
0 0.821569 0.866360 0.052757 0.052757
0 0.458974 0.573841 0.061130 0.061130
0 0.735425 0.255843 0.071945 0.071945
0 0.817222 0.026384 0.071945 0.071945
0 0.173843 0.422881 0.061131 0.061131
0 0.761482 0.827171 0.062221 0.062221
0 0.116055 0.742906 0.052757 0.052757
0 0.763112 0.632659 0.071945 0.071945
0 0.700027 0.862800 0.052757 0.052757
0 0.668837 0.446650 0.061130 0.061130
0 0.687133 0.930662 0.104277 0.104277
0 0.108969 0.344188 0.062220 0.062220
0 0.401903 0.530864 0.061131 0.061131
0 0.592771 0.954294 0.104277 0.104277
0 0.221118 0.825189 0.071945 0.071945
0 0.451130 0.464317 0.057104 0.057104
0 0.518044 0.058122 0.071945 0.071945
0 0.080853 0.028222 0.061131 0.061131
0 0.393506 0.058148 0.104277 0.104277
0 0.861535 0.386227 0.057104 0.057104
0 0.183242 0.985307 0.057104 0.057104
0 0.517422 0.189825 0.104277 0.104277
0 0.809510 0.133525 0.104278 0.104278
0 0.539698 0.896002 0.061130 0.061130
0 0.674624 0.521525 0.061130 0.061130
0 0.206348 0.173606 0.071945 0.071945
0 0.187716 0.625025 0.104277 0.104277
0 0.489794 0.990485 0.062220 0.062220
0 0.403226 0.761515 0.062220 0.062220
0 0.220156 0.308020 0.061131 0.061131
0 0.078252 0.254505 0.104277 0.104277
0 0.291133 0.138965 0.062220 0.062220
0 0.813867 0.440229 0.052757 0.052757
0 0.309695 0.378399 0.057104 0.057104
0 0.470298 0.679366 0.071945 0.071945
0 0.080177 0.662494 0.052757 0.052757
0 0.072944 0.432831 0.062220 0.062220
0 0.433181 0.337023 0.071945 0.071945
0 0.037709 0.496449 0.104278 0.104278
0 0.120626 0.163469 0.061131 0.061131
0 0.287852 0.560620 0.062220 0.062220
0 0.881124 0.911601 0.071945 0.071945
0 0.850953 0.215567 0.057104 0.057104
0 0.731893 0.185687 0.057104 0.057104
0 0.589263 0.209573 0.052757 0.052757
0 0.094727 0.562360 0.062220 0.062220
0 0.764290 0.961823 0.071945 0.071945
0 0.339313 0.311447 0.052757 0.052757
0 0.126647 0.494731 0.071945 0.071945
0 0.040227 0.731292 0.062220 0.062220
0 0.858671 0.610798 0.104277 0.104277
0 0.370278 0.154604 0.057104 0.057104
0 0.613258 0.643027 0.057104 0.057104
0 0.304081 0.228290 0.057104 0.057104
0 0.036209 0.972653 0.062220 0.062220
0 0.166848 0.551657 0.052757 0.052757
0 0.596001 0.782965 0.057104 0.057104
0 0.276272 0.045748 0.052757 0.052757
0 0.039786 0.882842 0.061131 0.061131
0 0.155300 0.264431 0.071945 0.071945
0 0.604663 0.569328 0.104277 0.104277
0 0.831655 0.319032 0.061130 0.061130
0 0.023765 0.161220 0.071945 0.071945
0 0.673996 0.596923 0.104277 0.104277
0 0.688176 0.793181 0.052757 0.052757
0 0.163829 0.035448 0.052757 0.052757
0 0.458264 0.152602 0.062220 0.062220
0 0.255657 0.438040 0.061131 0.061131