0 0.589762 0.929065 0.104277 0.104277
0 0.651588 0.838017 0.071945 0.071945
0 0.803401 0.823627 0.071945 0.071945
0 0.854307 0.372661 0.104277 0.104277
0 0.886787 0.713930 0.061131 0.061131
0 0.595471 0.701118 0.104277 0.104277
0 0.101636 0.983731 0.052757 0.052757
0 0.051285 0.477052 0.062220 0.062220
0 0.935599 0.098429 0.104277 0.104277
0 0.917902 0.450325 0.104277 0.104277
0 0.465534 0.873574 0.062220 0.062220
0 0.723543 0.637089 0.052757 0.052757
0 0.920793 0.288905 0.061131 0.061131
0 0.634347 0.995273 0.061131 0.061131
0 0.667481 0.747614 0.057104 0.057104
0 0.167223 0.598728 0.071945 0.071945
0 0.804009 0.212438 0.071945 0.071945
0 0.718563 0.955768 0.052757 0.052757
0 0.214471 0.661167 0.061130 0.061130
0 0.986620 0.691570 0.104277 0.104277
0 0.392605 0.785122 0.052757 0.052757
0 0.856897 0.507980 0.062220 0.062220
0 0.774770 0.891728 0.057104 0.057104
0 0.694723 0.574528 0.057104 0.057104
0 0.691570 0.413703 0.052757 0.052757
0 0.802724 0.551966 0.061130 0.061130
0 0.517593 0.401006 0.061131 0.061131
0 0.145990 0.874207 0.057104 0.057104
0 0.459805 0.721031 0.052757 0.052757
0 0.232921 0.870464 0.057104 0.057104
0 0.202975 0.101627 0.057104 0.057104
0 0.455773 0.996983 0.071945 0.071945
0 0.452719 0.322313 0.062220 0.062220
0 0.745653 0.508989 0.061131 0.061131
0 0.936521 0.932419 0.104277 0.104277
0 0.564868 0.803314 0.071945 0.071945
0 0.794880 0.442442 0.057104 0.057104
0 0.861794 0.036247 0.071945 0.071945
0 0.424603 0.006347 0.061131 0.061131
0 0.112140 0.774669 0.057104 0.057104
0 0.737256 0.036273 0.104277 0.104277
0 0.140740 0.256758 0.057104 0.057104
0 0.526992 0.963432 0.057104 0.057104
0 0.861172 0.167950 0.104277 0.104277
0 0.259329 0.538860 0.061130 0.061130
0 0.883448 0.874127 0.061130 0.061130
0 0.173904 0.018054 0.104277 0.104277
0 0.060763 0.299193 0.052757 0.052757
0 0.550098 0.151731 0.071945 0.071945
0 0.531466 0.603150 0.104277 0.104277
0 0.143158 0.351258 0.057104 0.057104
0 0.833544 0.968610 0.062220 0.062220
0 0.045263 0.738621 0.104277 0.104277
0 0.151019 0.518546 0.057104 0.057104
0 0.191548 0.180587 0.052757 0.052757
0 0.262739 0.249668 0.104277 0.104277
0 0.019585 0.632883 0.104277 0.104277
0 0.303628 0.750286 0.052757 0.052757
0 0.746976 0.739640 0.062220 0.062220
0 0.034678 0.825183 0.104277 0.104277
0 0.563906 0.286145 0.061131 0.061131
0 0.018843 0.538152 0.052757 0.052757
0 0.204207 0.451645 0.104277 0.104277
0 0.339516 0.334842 0.061130 0.061130
0 0.075429 0.189273 0.057104 0.057104
0 0.422002 0.232630 0.104277 0.104277
0 0.634883 0.117090 0.062220 0.062220
0 0.326927 0.069993 0.062220 0.062220
0 0.653445 0.356524 0.057104 0.057104
0 0.184650 0.947952 0.071945 0.071945
0 0.109595 0.700922 0.062220 0.062220
0 0.814048 0.657491 0.071945 0.071945
0 0.423927 0.640619 0.052757 0.052757
0 0.416694 0.410956 0.062220 0.062220
0 0.070527 0.906619 0.104277 0.104277
0 0.776931 0.315148 0.071945 0.071945
0 0.219871 0.325366 0.061130 0.061130
0 0.381459 0.474574 0.104278 0.104278
0 0.464376 0.141594 0.061131 0.061131
0 0.631602 0.538745 0.062220 0.062220
0 0.216843 0.730321 0.057104 0.057104
0 0.933013 0.187698 0.052757 0.052757
0 0.438477 0.540485 0.062220 0.062220
0 0.317034 0.655061 0.057104 0.057104
0 0.041311 0.052175 0.061130 0.061130
0 0.683063 0.289572 0.052757 0.052757
0 0.180951 0.804786 0.048997 0.048997
0 0.470397 0.472856 0.071945 0.071945
0 0.383977 0.709417 0.062220 0.062220
0 0.714028 0.132729 0.057104 0.057104
0 0.957008 0.621152 0.057104 0.057104
0 0.281310 0.127622 0.061130 0.061130
0 0.117620 0.435968 0.057104 0.057104
0 0.316036 0.432654 0.104277 0.104277
0 0.647831 0.206415 0.057104 0.057104
0 0.379959 0.950778 0.062220 0.062220
0 0.510598 0.529782 0.052757 0.052757
0 0.939751 0.761090 0.057104 0.057104
0 0.322069 0.200535 0.061130 0.061130
0 0.620022 0.023873 0.052757 0.052757
0 0.383536 0.860967 0.061131 0.061131
0 0.499050 0.242556 0.071945 0.071945
0 0.948413 0.547453 0.104277 0.104277
0 0.016505 0.231394 0.062220 0.062220
0 0.367515 0.139345 0.071945 0.071945
0 0.098752 0.623030 0.057104 0.057104
0 0.507579 0.013573 0.052757 0.052757
0 0.802014 0.130727 0.062220 0.062220
0 0.311044 0.957772 0.071945 0.071945
0 0.599407 0.416165 0.061131 0.061131