0 0.944552 0.669505 0.104278 0.104278
0 0.121583 0.425613 0.052757 0.052757
0 0.673511 0.164981 0.052757 0.052757
0 0.587229 0.821828 0.061130 0.061130
0 0.961990 0.780310 0.052757 0.052757
0 0.983061 0.951537 0.052757 0.052757
0 0.597197 0.586162 0.057104 0.057104
0 0.948244 0.239983 0.104277 0.104277
0 0.092059 0.909792 0.062220 0.062220
0 0.094502 0.086661 0.071945 0.071945
0 0.640207 0.899215 0.104277 0.104277
0 0.673056 0.372811 0.057104 0.057104
0 0.087418 0.495858 0.062220 0.062220
0 0.894398 0.580943 0.052757 0.052757
0 0.300088 0.567015 0.071945 0.071945
0 0.438693 0.671537 0.104277 0.104277
0 0.359124 0.740461 0.052757 0.052757
0 0.717865 0.055457 0.057104 0.057104
0 0.582079 0.740698 0.104277 0.104277
0 0.804796 0.051714 0.057104 0.057104
0 0.271692 0.734659 0.052757 0.052757
0 0.518034 0.822755 0.052757 0.052757
0 0.894562 0.887362 0.057104 0.057104
0 0.819277 0.699416 0.061130 0.061130
0 0.710630 0.598258 0.071945 0.071945
0 0.877279 0.813954 0.052757 0.052757
0 0.085046 0.589028 0.052757 0.052757
0 0.230639 0.297133 0.071945 0.071945
0 0.420463 0.479762 0.061130 0.061130
0 0.223705 0.226677 0.071945 0.071945
0 0.719378 0.321444 0.071945 0.071945
0 0.699534 0.766551 0.061130 0.061130
0 0.670203 0.682886 0.062220 0.062220
0 0.813973 0.534072 0.062220 0.062220
0 0.929634 0.363072 0.061130 0.061130
0 0.138505 0.831063 0.061130 0.061130
0 0.719572 0.928852 0.052757 0.052757
0 0.869746 0.965137 0.057104 0.057104
0 0.419494 0.123687 0.071945 0.071945
0 0.373331 0.629540 0.104277 0.104277
0 0.864946 0.265333 0.061130 0.061130
0 0.836020 0.193598 0.061130 0.061130
0 0.868400 0.471459 0.061130 0.061130
0 0.606553 0.006433 0.104277 0.104277
0 0.430663 0.205385 0.071945 0.071945
0 0.968493 0.563995 0.057104 0.057104
0 0.860642 0.387777 0.104277 0.104277
0 0.549950 0.156516 0.052757 0.052757
0 0.381914 0.287610 0.052757 0.052757
0 0.225550 0.627241 0.052757 0.052757
0 0.122919 0.347949 0.104278 0.104278
0 0.756525 0.129202 0.071945 0.071945
0 0.810853 0.776051 0.104277 0.104277
0 0.305691 0.160043 0.061130 0.061130
0 0.771499 0.630072 0.071945 0.071945
0 0.313641 0.481198 0.104277 0.104277
0 0.642402 0.087869 0.104277 0.104277
0 0.512565 0.694139 0.071945 0.071945
0 0.652437 0.538236 0.050932 0.050932
0 0.192223 0.030315 0.061130 0.061130
0 0.789173 0.359350 0.052757 0.052757
0 0.264548 0.392068 0.057104 0.057104
0 0.555310 0.306241 0.071945 0.071945
0 0.766070 0.266410 0.061130 0.061130
0 0.341672 0.230869 0.062220 0.062220
0 0.979405 0.475912 0.057104 0.057104
0 0.512894 0.592872 0.071945 0.071945
0 0.420531 0.356043 0.104277 0.104277
0 0.127286 0.155987 0.061130 0.061130
0 0.191754 0.714451 0.104277 0.104277
0 0.202860 0.968518 0.057104 0.057104
0 0.762974 0.426376 0.061130 0.061130
0 0.625339 0.269535 0.071945 0.071945
0 0.385862 0.957154 0.104277 0.104277
0 0.436005 0.801389 0.104277 0.104277
0 0.976522 0.869367 0.061131 0.061131
0 0.219628 0.456785 0.062220 0.062220
0 0.823629 0.910692 0.104277 0.104277
0 0.426511 0.577691 0.052757 0.052757
0 0.951834 0.132028 0.062220 0.062220
0 0.723766 0.523061 0.062220 0.062220
0 0.519521 0.500965 0.062220 0.062220
0 0.341678 0.876166 0.052757 0.052757
0 0.185318 0.107549 0.057104 0.057104
0 0.955411 0.042217 0.061131 0.061131
0 0.220907 0.790955 0.104277 0.104277
0 0.310567 0.948802 0.061130 0.061130
0 0.376372 0.052592 0.071945 0.071945
0 0.159412 0.552854 0.057104 0.057104
0 0.530185 0.080413 0.104277 0.104277
0 0.433910 0.891752 0.062220 0.062220
0 0.296311 0.045516 0.071945 0.071945
0 0.500420 0.926794 0.071945 0.071945
0 0.898534 0.739419 0.071945 0.071945
0 0.729527 0.850448 0.061130 0.061130
0 0.369289 0.410970 0.071945 0.071945
0 0.464374 0.415939 0.047555 0.047555
0 0.598474 0.440735 0.052757 0.052757
0 0.111014 0.733686 0.071945 0.071945
0 0.228891 0.539740 0.057103 0.057103
0 0.882919 0.139022 0.071945 0.071945
0 0.594194 0.658840 0.071945 0.071945
0 0.212602 0.862297 0.104277 0.104277
0 0.678424 0.448616 0.071945 0.071945
0 0.125556 0.244203 0.062220 0.062220