0 0.850802 0.547630 0.104278 0.104278
0 0.906458 0.984752 0.104277 0.104277
0 0.968946 0.708978 0.052757 0.052757
0 0.027833 0.303738 0.052757 0.052757
0 0.579761 0.043106 0.052757 0.052757
0 0.493479 0.699953 0.061130 0.061130
0 0.868240 0.658435 0.052757 0.052757
0 0.889311 0.829662 0.052757 0.052757
0 0.632862 0.978525 0.104277 0.104277
0 0.965618 0.904797 0.071945 0.071945
0 0.715219 0.910323 0.104277 0.104277
0 0.639386 0.879383 0.061130 0.061130
0 0.503447 0.464287 0.057104 0.057104
0 0.854494 0.118108 0.104277 0.104277
0 0.546457 0.777340 0.104277 0.104277
0 0.579306 0.250936 0.057104 0.057104
0 0.218914 0.906674 0.061130 0.061130
0 0.800648 0.459068 0.052757 0.052757
0 0.206338 0.445140 0.071945 0.071945
0 0.344943 0.549662 0.104277 0.104277
0 0.265374 0.618586 0.052757 0.052757
0 0.488329 0.618823 0.104277 0.104277
0 0.933898 0.056358 0.071945 0.071945
0 0.985777 0.451313 0.052757 0.052757
0 0.177942 0.612784 0.052757 0.052757
0 0.424284 0.700880 0.052757 0.052757
0 0.853515 0.903841 0.104277 0.104277
0 0.800812 0.765487 0.057104 0.057104
0 0.703980 0.989473 0.061130 0.061130
0 0.378811 0.920024 0.104278 0.104278
0 0.951850 0.371944 0.071945 0.071945
0 0.445660 0.898415 0.052757 0.052757
0 0.725527 0.577541 0.061130 0.061130
0 0.616880 0.476383 0.071945 0.071945
0 0.783529 0.692079 0.052757 0.052757
0 0.136889 0.175258 0.071945 0.071945
0 0.326713 0.357887 0.061130 0.061130
0 0.129955 0.104802 0.071945 0.071945
0 0.625628 0.199569 0.071945 0.071945
0 0.605784 0.644676 0.061130 0.061130
0 0.576453 0.561011 0.062220 0.062220
0 0.720223 0.412197 0.062220 0.062220
0 0.835884 0.241197 0.061130 0.061130
0 0.044755 0.709188 0.061130 0.061130
0 0.625822 0.806977 0.052757 0.052757
0 0.775996 0.843262 0.057104 0.057104
0 0.325744 0.001812 0.071945 0.071945
0 0.279581 0.507665 0.104277 0.104277
0 0.771196 0.143458 0.061130 0.061130
0 0.338814 0.987288 0.071945 0.071945
0 0.742270 0.071723 0.061130 0.061130
0 0.920950 0.197993 0.104277 0.104277
0 0.774650 0.349584 0.061130 0.061130
0 0.336913 0.083510 0.071945 0.071945
0 0.874743 0.442120 0.057104 0.057104
0 0.766892 0.265902 0.104277 0.104277
0 0.974344 0.519736 0.062220 0.062220
0 0.205656 0.975258 0.057104 0.057104
0 0.971511 0.246530 0.104277 0.104277
0 0.456200 0.034641 0.052757 0.052757
0 0.950416 0.133840 0.052757 0.052757
0 0.288164 0.165735 0.052757 0.052757
0 0.980816 0.778401 0.104277 0.104277
0 0.131800 0.505366 0.052757 0.052757
0 0.029169 0.226074 0.104278 0.104278
0 0.662775 0.007327 0.071945 0.071945
0 0.717103 0.654176 0.104277 0.104277
0 0.211941 0.038168 0.061130 0.061130
0 0.677749 0.508197 0.071945 0.071945
0 0.219891 0.359323 0.104277 0.104277
0 0.920647 0.575825 0.104277 0.104277
0 0.127734 0.953640 0.071945 0.071945
0 0.418815 0.572264 0.071945 0.071945
0 0.558687 0.416361 0.050932 0.050932
0 0.001903 0.894881 0.057104 0.057104
0 0.695423 0.237475 0.052757 0.052757
0 0.170798 0.270193 0.057104 0.057104
0 0.461560 0.184366 0.071945 0.071945
0 0.672320 0.144535 0.061130 0.061130
0 0.247922 0.108994 0.062220 0.062220
0 0.885655 0.354037 0.057104 0.057104
0 0.419144 0.470997 0.071945 0.071945
0 0.326781 0.234168 0.104277 0.104277
0 0.033536 0.034112 0.061130 0.061130
0 0.098004 0.592576 0.104277 0.104277
0 0.109110 0.846643 0.057104 0.057104
0 0.669224 0.304501 0.061130 0.061130
0 0.531589 0.147660 0.071945 0.071945
0 0.292112 0.835279 0.104277 0.104277
0 0.342255 0.679514 0.104277 0.104277
0 0.882772 0.747492 0.061131 0.061131
0 0.125878 0.334910 0.062220 0.062220
0 0.729879 0.788817 0.104277 0.104277
0 0.332761 0.455816 0.052757 0.052757
0 0.858084 0.010153 0.062220 0.062220
0 0.630016 0.401186 0.062220 0.062220
0 0.425771 0.379090 0.062220 0.062220
0 0.247928 0.754291 0.052757 0.052757
0 0.127157 0.669080 0.104277 0.104277
0 0.216817 0.826927 0.061130 0.061130
0 0.065662 0.430979 0.057104 0.057104
0 0.340160 0.769877 0.062220 0.062220
0 0.406670 0.804919 0.071945 0.071945
0 0.804784 0.617544 0.071945 0.071945
0 0.635777 0.728573 0.061130 0.061130
0 0.275539 0.289095 0.071945 0.071945
0 0.044663 0.951359 0.052757 0.052757
0 0.370624 0.294064 0.047555 0.047555
0 0.504724 0.318860 0.052757 0.052757
0 0.536292 0.916023 0.104277 0.104277
0 0.017264 0.611811 0.071945 0.071945
0 0.309843 0.911295 0.052757 0.052757
0 0.135141 0.417865 0.057103 0.057103
0 0.789169 0.017147 0.071945 0.071945
0 0.500444 0.536965 0.071945 0.071945
0 0.118852 0.740422 0.104277 0.104277
0 0.584674 0.326741 0.071945 0.071945
0 0.031806 0.122328 0.062220 0.062220