0 0.184083 0.963113 0.052757 0.052757
0 0.736011 0.702481 0.052757 0.052757
0 0.685660 0.195802 0.062220 0.062220
0 0.610217 0.423018 0.052757 0.052757
0 0.157002 0.624161 0.071945 0.071945
0 0.632545 0.070187 0.057103 0.057103
0 0.735556 0.910311 0.057104 0.057104
0 0.801598 0.317478 0.071945 0.071945
0 0.266145 0.043473 0.104277 0.104277
0 0.848846 0.379917 0.061130 0.061130
0 0.403891 0.115832 0.052757 0.052757
0 0.780365 0.592957 0.057104 0.057104
0 0.867296 0.589214 0.057104 0.057104
0 0.177615 0.397897 0.104278 0.104278
0 0.548707 0.334512 0.071945 0.071945
0 0.478462 0.327427 0.057104 0.057104
0 0.746515 0.493419 0.057104 0.057104
0 0.293139 0.834633 0.071945 0.071945
0 0.286205 0.764177 0.071945 0.071945
0 0.893704 0.257610 0.061130 0.061130
0 0.781878 0.858944 0.071945 0.071945
0 0.992134 0.900572 0.061130 0.061130
0 0.695138 0.017943 0.052757 0.052757
0 0.481994 0.661187 0.071945 0.071945
0 0.448313 0.041285 0.062220 0.062220
0 0.927446 0.802833 0.061130 0.061130
0 0.898520 0.731098 0.061130 0.061130
0 0.777533 0.070008 0.057104 0.057104
0 0.679638 0.457371 0.104277 0.104277
0 0.543678 0.235549 0.057104 0.057104
0 0.785394 0.237296 0.057104 0.057104
0 0.451033 0.412678 0.057104 0.057104
0 0.653960 0.351633 0.104277 0.104277
0 0.938003 0.469036 0.052757 0.052757
0 0.236578 0.181736 0.062220 0.062220
0 0.669053 0.543933 0.104277 0.104277
0 0.493163 0.742885 0.071945 0.071945
0 0.923142 0.925277 0.104277 0.104277
0 0.458517 0.244932 0.052757 0.052757
0 0.653218 0.256902 0.052757 0.052757
0 0.470129 0.176223 0.061130 0.061130
0 0.612450 0.694016 0.052757 0.052757
0 0.838582 0.170395 0.104277 0.104277
0 0.444414 0.825110 0.052757 0.052757
0 0.973891 0.053592 0.061130 0.061130
0 0.539083 0.091041 0.071945 0.071945
0 0.377097 0.503664 0.061130 0.061130
0 0.185419 0.885449 0.104278 0.104278
0 0.819025 0.666702 0.071945 0.071945
0 0.743970 0.419672 0.062220 0.062220
0 0.368191 0.697543 0.061130 0.061130
0 0.704902 0.625369 0.104277 0.104277
0 0.254723 0.567815 0.061130 0.061130
0 0.851673 0.896850 0.052757 0.052757
0 0.327048 0.929568 0.057104 0.057104
0 0.854246 0.044116 0.061130 0.061130
0 0.617810 0.843741 0.071945 0.071945
0 0.828570 0.803910 0.061130 0.061130
0 0.404172 0.768369 0.062220 0.062220
0 0.396280 0.204368 0.061130 0.061130
0 0.362892 0.041554 0.062220 0.062220
0 0.540710 0.440164 0.057104 0.057104
0 0.851218 0.449071 0.057104 0.057104
0 0.270201 0.487227 0.057104 0.057104
0 0.342906 0.382338 0.104277 0.104277
0 0.483031 0.893543 0.104277 0.104277
0 0.189786 0.693487 0.061130 0.061130
0 0.153382 0.185250 0.061130 0.061130
0 0.951409 0.373811 0.057104 0.057104
0 0.825474 0.963876 0.061130 0.061130
0 0.687839 0.807035 0.071945 0.071945
0 0.540474 0.518273 0.061130 0.061130
0 0.470311 0.505552 0.062220 0.062220
0 0.815326 0.523536 0.048997 0.048997
0 0.194598 0.113258 0.061130 0.061130
0 0.282128 0.994285 0.062220 0.062220
0 0.241830 0.328930 0.104277 0.104277
0 0.751995 0.154718 0.057104 0.057104
0 0.950411 0.151404 0.104277 0.104277
0 0.626753 0.145067 0.104277 0.104277
0 0.200372 0.486275 0.057104 0.057104
0 0.247818 0.645049 0.057104 0.057104
0 0.438872 0.590092 0.071945 0.071945
0 0.280212 0.118940 0.071945 0.071945
0 0.592685 0.617913 0.104277 0.104277
0 0.358811 0.583016 0.071945 0.071945
0 0.349062 0.305875 0.061130 0.061130
0 0.431789 0.948470 0.071945 0.071945
0 0.550691 0.008999 0.052757 0.052757
0 0.526874 0.953439 0.047555 0.047555
0 0.660974 0.978235 0.052757 0.052757
0 0.733127 0.341780 0.057104 0.057104
0 0.152132 0.274682 0.071945 0.071945
0 0.945419 0.676522 0.071945 0.071945
0 0.740924 0.986116 0.071945 0.071945
0 0.188056 0.781703 0.062220 0.062220
0 0.317084 0.242065 0.062220 0.062220