0 0.620338 0.941142 0.071945 0.071945
0 0.772151 0.926752 0.071945 0.071945
0 0.823057 0.475786 0.104277 0.104277
0 0.855537 0.817055 0.061131 0.061131
0 0.564221 0.804243 0.104277 0.104277
0 0.926614 0.086644 0.062220 0.062220
0 0.020035 0.580177 0.062220 0.062220
0 0.976189 0.350071 0.057104 0.057104
0 0.904349 0.201554 0.104277 0.104277
0 0.886652 0.553450 0.104277 0.104277
0 0.434284 0.976699 0.062220 0.062220
0 0.692293 0.740214 0.052757 0.052757
0 0.889543 0.392030 0.061131 0.061131
0 0.899351 0.015937 0.052757 0.052757
0 0.636231 0.850739 0.057104 0.057104
0 0.135973 0.701853 0.071945 0.071945
0 0.772759 0.315563 0.071945 0.071945
0 0.183221 0.764292 0.061130 0.061130
0 0.955370 0.794695 0.104277 0.104277
0 0.989768 0.215842 0.062220 0.062220
0 0.361355 0.888247 0.052757 0.052757
0 0.825647 0.611105 0.062220 0.062220
0 0.743520 0.994853 0.057104 0.057104
0 0.663473 0.677653 0.057104 0.057104
0 0.660320 0.516828 0.052757 0.052757
0 0.771474 0.655091 0.061130 0.061130
0 0.486343 0.504131 0.061131 0.061131
0 0.114740 0.977332 0.057104 0.057104
0 0.991510 0.036247 0.071945 0.071945
0 0.428555 0.824156 0.052757 0.052757
0 0.201671 0.973589 0.057104 0.057104
0 0.171725 0.204752 0.057104 0.057104
0 0.981337 0.527900 0.061130 0.061130
0 0.421469 0.425438 0.062220 0.062220
0 0.714403 0.612114 0.061131 0.061131
0 0.533618 0.906439 0.071945 0.071945
0 0.763630 0.545567 0.057104 0.057104
0 0.830544 0.139372 0.071945 0.071945
0 0.393353 0.109472 0.061131 0.061131
0 0.680993 0.020523 0.061130 0.061130
0 0.080890 0.877794 0.057104 0.057104
0 0.706006 0.139398 0.104277 0.104277
0 0.109490 0.359883 0.057104 0.057104
0 0.456765 0.005942 0.071945 0.071945
0 0.829922 0.271075 0.104277 0.104277
0 0.228079 0.641985 0.061130 0.061130
0 0.852198 0.977252 0.061130 0.061130
0 0.987124 0.602775 0.061130 0.061130
0 0.142654 0.121179 0.104277 0.104277
0 0.029513 0.402318 0.052757 0.052757
0 0.518848 0.254856 0.071945 0.071945
0 0.500216 0.706275 0.104277 0.104277
0 0.111908 0.454383 0.057104 0.057104
0 0.014013 0.841746 0.104277 0.104277
0 0.119769 0.621671 0.057104 0.057104
0 0.160298 0.283712 0.052757 0.052757
0 0.231489 0.352793 0.104277 0.104277
0 0.272378 0.853411 0.052757 0.052757
0 0.715726 0.842765 0.062220 0.062220
0 0.003428 0.928308 0.104277 0.104277
0 0.532656 0.389270 0.061131 0.061131
0 0.172957 0.554770 0.104277 0.104277
0 0.308266 0.437967 0.061130 0.061130
0 0.044179 0.292398 0.057104 0.057104
0 0.390752 0.335755 0.104277 0.104277
0 0.603633 0.220215 0.062220 0.062220
0 0.295677 0.173118 0.062220 0.062220
0 0.622195 0.459649 0.057104 0.057104
0 0.078345 0.804047 0.062220 0.062220
0 0.782798 0.760616 0.071945 0.071945
0 0.392677 0.743744 0.052757 0.052757
0 0.385444 0.514081 0.062220 0.062220
0 0.745681 0.418273 0.071945 0.071945
0 0.188621 0.428491 0.061130 0.061130
0 0.350209 0.577699 0.104278 0.104278
0 0.353492 0.049898 0.052757 0.052757
0 0.433126 0.244719 0.061131 0.061131
0 0.600352 0.641870 0.062220 0.062220
0 0.185593 0.833446 0.057104 0.057104
0 0.901763 0.290823 0.052757 0.052757
0 0.407227 0.643610 0.062220 0.062220
0 0.285784 0.758186 0.057104 0.057104
0 0.231543 0.075313 0.104277 0.104277
0 0.010061 0.155300 0.061130 0.061130
0 0.651813 0.392697 0.052757 0.052757
0 0.149701 0.907911 0.048997 0.048997
0 0.439147 0.575981 0.071945 0.071945
0 0.352727 0.812542 0.062220 0.062220
0 0.019497 0.004305 0.071945 0.071945
0 0.682778 0.235854 0.057104 0.057104
0 0.925758 0.724277 0.057104 0.057104
0 0.250060 0.230747 0.061130 0.061130
0 0.086370 0.539093 0.057104 0.057104
0 0.284786 0.535779 0.104277 0.104277
0 0.616581 0.309540 0.057104 0.057104
0 0.522430 0.057561 0.104277 0.104277
0 0.479348 0.632907 0.052757 0.052757
0 0.908501 0.864215 0.057104 0.057104
0 0.290819 0.303660 0.061130 0.061130
0 0.588772 0.126998 0.052757 0.052757
0 0.352286 0.964092 0.061131 0.061131
0 0.467800 0.345681 0.071945 0.071945
0 0.917163 0.650578 0.104277 0.104277
0 0.336265 0.242470 0.071945 0.071945
0 0.084448 0.029461 0.057104 0.057104
0 0.812683 0.055742 0.104277 0.104277
0 0.986496 0.678173 0.104277 0.104277
0 0.067502 0.726155 0.057104 0.057104
0 0.476329 0.116698 0.052757 0.052757
0 0.770764 0.233852 0.062220 0.062220
0 0.568157 0.519290 0.061131 0.061131