0 0.366910 0.836427 0.062220 0.062220
0 0.285737 0.300856 0.104277 0.104277
0 0.313795 0.710812 0.057103 0.057103
0 0.482848 0.958103 0.071945 0.071945
0 0.085141 0.756457 0.052757 0.052757
0 0.490819 0.056665 0.062220 0.062220
0 0.833218 0.760381 0.061131 0.061131
0 0.637393 0.033677 0.070161 0.070161
0 0.268113 0.025289 0.104278 0.104278
0 0.518600 0.461002 0.057104 0.057104
0 0.768344 0.681688 0.062220 0.062220
0 0.245915 0.532950 0.104277 0.104277
0 0.907307 0.124874 0.071945 0.071945
0 0.229957 0.975137 0.071945 0.071945
0 0.159712 0.968052 0.057104 0.057104
0 0.426794 0.004801 0.071945 0.071945
0 0.723100 0.063430 0.062220 0.062220
0 0.740228 0.365722 0.061131 0.061131
0 0.054676 0.466009 0.104277 0.104277
0 0.759671 0.127266 0.104277 0.104277
0 0.168209 0.062868 0.071945 0.071945
0 0.265312 0.397099 0.057104 0.057104
0 0.456365 0.616133 0.057104 0.057104
0 0.213882 0.345968 0.104277 0.104277
0 0.803640 0.262192 0.071945 0.071945
0 0.574954 0.898235 0.061130 0.061130
0 0.489529 0.377429 0.104277 0.104277
0 0.376388 0.658568 0.052757 0.052757
0 0.180243 0.214916 0.052757 0.052757
0 0.654691 0.196493 0.104277 0.104277
0 0.447304 0.198277 0.062220 0.062220
0 0.129563 0.681910 0.062220 0.062220
0 0.865723 0.511106 0.071945 0.071945
0 0.847091 0.962525 0.104277 0.104277
0 0.033054 0.140494 0.062220 0.062220
0 0.301629 0.461598 0.057104 0.057104
0 0.458783 0.710633 0.057104 0.057104
0 0.224928 0.876174 0.057104 0.057104
0 0.466644 0.877921 0.057104 0.057104
0 0.507173 0.539962 0.052757 0.052757
0 0.578364 0.609043 0.104277 0.104277
0 0.546921 0.178154 0.062220 0.062220
0 0.335210 0.992258 0.104277 0.104277
0 0.139767 0.885557 0.052757 0.052757
0 0.879531 0.645520 0.061131 0.061131
0 0.334468 0.897527 0.052757 0.052757
0 0.151379 0.816848 0.061130 0.061130
0 0.354446 0.101281 0.071945 0.071945
0 0.519832 0.811020 0.104277 0.104277
0 0.655141 0.694217 0.061130 0.061130
0 0.345112 0.337065 0.052757 0.052757
0 0.391054 0.548648 0.057104 0.057104
0 0.220333 0.731666 0.071945 0.071945
0 0.737627 0.592005 0.104277 0.104277
0 0.788975 0.006729 0.062220 0.062220
0 0.950508 0.476465 0.062220 0.062220
0 0.642552 0.429368 0.062220 0.062220
0 0.969070 0.715899 0.057104 0.057104
0 0.045923 0.224976 0.061130 0.061130
0 0.203132 0.472816 0.052757 0.052757
0 0.833539 0.190667 0.061131 0.061131
0 0.739552 0.999994 0.052757 0.052757
0 0.732319 0.770331 0.062220 0.062220
0 0.124037 0.164375 0.071945 0.071945
0 0.737383 0.227985 0.061131 0.061131
0 0.535496 0.684741 0.061130 0.061130
0 0.063024 0.337027 0.057104 0.057104
0 0.697084 0.833949 0.104278 0.104278
0 0.700367 0.306148 0.052757 0.052757
0 0.780001 0.500969 0.061131 0.061131
0 0.997555 0.198511 0.057104 0.057104
0 0.077530 0.844993 0.061130 0.061130
0 0.605334 0.106181 0.052757 0.052757
0 0.044142 0.682179 0.062220 0.062220
0 0.947227 0.898120 0.062220 0.062220
0 0.852480 0.039844 0.071945 0.071945
0 0.754102 0.899860 0.062220 0.062220
0 0.578418 0.331563 0.104277 0.104277
0 0.356936 0.411550 0.061130 0.061130
0 0.300787 0.231466 0.104277 0.104277
0 0.263488 0.102366 0.052757 0.052757
0 0.998688 0.648947 0.052757 0.052757
0 0.786022 0.832231 0.071945 0.071945
0 0.067547 0.604244 0.057104 0.057104
0 0.483987 0.136129 0.057104 0.057104
0 0.366372 0.260555 0.071945 0.071945
0 0.596935 0.486997 0.061130 0.061130
0 0.433245 0.795343 0.057104 0.057104
0 0.631661 0.792029 0.104277 0.104277
0 0.360509 0.023059 0.056505 0.056505
0 0.308003 0.785692 0.104277 0.104277
0 0.963456 0.565790 0.057104 0.057104
0 0.869305 0.313811 0.104277 0.104277
0 0.826223 0.889157 0.052757 0.052757
0 0.637694 0.559910 0.061130 0.061130
0 0.935647 0.383248 0.052757 0.052757
0 0.814675 0.601931 0.071945 0.071945
0 0.942802 0.248792 0.071945 0.071945
0 0.956775 0.058806 0.104277 0.104277
0 0.580601 0.244412 0.057104 0.057104
0 0.332130 0.590769 0.062220 0.062220
0 0.683140 0.498720 0.071945 0.071945
0 0.431323 0.285711 0.057104 0.057104
0 0.030312 0.946500 0.061130 0.061130
0 0.113400 0.513925 0.104277 0.104277
0 0.091623 0.098591 0.057104 0.057104
0 0.231941 0.649624 0.052757 0.052757
0 0.118802 0.394220 0.057104 0.057104
0 0.414377 0.982405 0.057104 0.057104
0 0.179192 0.575081 0.062220 0.062220
0 0.823204 0.372948 0.052757 0.052757
0 0.915032 0.775540 0.061131 0.061131