0 0.590380 0.125492 0.071945 0.071945
0 0.385557 0.628911 0.104277 0.104277
0 0.418037 0.970180 0.061131 0.061131
0 0.575659 0.593439 0.104277 0.104277
0 0.126721 0.957368 0.104277 0.104277
0 0.619848 0.789687 0.057104 0.057104
0 0.489114 0.239769 0.062220 0.062220
0 0.746301 0.994647 0.062221 0.062221
0 0.622092 0.237716 0.057104 0.057104
0 0.635207 0.957652 0.104277 0.104277
0 0.712233 0.751566 0.104277 0.104277
0 0.654903 0.163024 0.052757 0.052757
0 0.538689 0.503196 0.057104 0.057104
0 0.466849 0.354679 0.104277 0.104277
0 0.449152 0.706575 0.104277 0.104277
0 0.254793 0.893339 0.052757 0.052757
0 0.452043 0.545155 0.061131 0.061131
0 0.461851 0.169062 0.052757 0.052757
0 0.335259 0.468688 0.071945 0.071945
0 0.517870 0.947820 0.104277 0.104277
0 0.552268 0.368967 0.062220 0.062220
0 0.388147 0.764230 0.062220 0.062220
0 0.225973 0.830778 0.057104 0.057104
0 0.222820 0.669953 0.052757 0.052757
0 0.333974 0.808216 0.061130 0.061130
0 0.610425 0.490218 0.071945 0.071945
0 0.692222 0.260759 0.071945 0.071945
0 0.048843 0.657256 0.061131 0.061131
0 0.554010 0.189372 0.071945 0.071945
0 0.638112 0.867034 0.071945 0.071945
0 0.543837 0.681025 0.061130 0.061130
0 0.722523 0.024108 0.061131 0.061131
0 0.276903 0.765239 0.061131 0.061131
0 0.326130 0.698692 0.057104 0.057104
0 0.741157 0.198972 0.071945 0.071945
0 0.122932 0.021749 0.071945 0.071945
0 0.393044 0.292497 0.071945 0.071945
0 0.243493 0.173648 0.061130 0.061130
0 0.753723 0.122335 0.071945 0.071945
0 0.268506 0.292523 0.104277 0.104277
0 0.736535 0.620602 0.057104 0.057104
0 0.019265 0.159067 0.071945 0.071945
0 0.392422 0.424200 0.104277 0.104277
0 0.684510 0.367900 0.104278 0.104278
0 0.549624 0.755900 0.061130 0.061130
0 0.081348 0.407981 0.071945 0.071945
0 0.062716 0.859400 0.104277 0.104277
0 0.278226 0.995890 0.062220 0.062220
0 0.095156 0.542395 0.061131 0.061131
0 0.489015 0.030342 0.062220 0.062220
0 0.452590 0.091909 0.062220 0.062220
0 0.166133 0.373340 0.062220 0.062220
0 0.688867 0.674604 0.052757 0.052757
0 0.184695 0.612774 0.057104 0.057104
0 0.049164 0.087542 0.061131 0.061131
0 0.345298 0.913741 0.071945 0.071945
0 0.308181 0.571398 0.071945 0.071945
0 0.414742 0.019056 0.052757 0.052757
0 0.213180 0.095386 0.057104 0.057104
0 0.162852 0.794995 0.062220 0.062220
0 0.725953 0.449942 0.057104 0.057104
0 0.606893 0.420062 0.057104 0.057104
0 0.464263 0.443948 0.052757 0.052757
0 0.214313 0.545822 0.052757 0.052757
0 0.001647 0.729106 0.071945 0.071945
0 0.733671 0.845173 0.104277 0.104277
0 0.351024 0.109962 0.071945 0.071945
0 0.252986 0.024533 0.062220 0.062220
0 0.245278 0.388979 0.057104 0.057104
0 0.488258 0.877402 0.057104 0.057104
0 0.627115 0.056321 0.062220 0.062220
0 0.179081 0.462665 0.057104 0.057104
0 0.084930 0.210686 0.104277 0.104277
0 0.041848 0.786032 0.052757 0.052757
0 0.151272 0.280123 0.052757 0.052757
0 0.030300 0.498806 0.071945 0.071945
0 0.319942 0.048125 0.104277 0.104277
0 0.158427 0.145667 0.071945 0.071945
0 0.479663 0.803703 0.104277 0.104277
0 0.706655 0.553407 0.061130 0.061130
0 0.687244 0.090549 0.104278 0.104278
0 0.375183 0.208867 0.104277 0.104277
0 0.548996 0.831298 0.104277 0.104277
0 0.038829 0.269823 0.052757 0.052757
0 0.333264 0.386977 0.062220 0.062220
0 0.130657 0.672415 0.061131 0.061131