0 0.846630 0.441117 0.071945 0.071945
0 0.641807 0.944536 0.104277 0.104277
0 0.831909 0.909064 0.104277 0.104277
0 0.745364 0.555394 0.062220 0.062220
0 0.878342 0.553341 0.057104 0.057104
0 0.911153 0.478649 0.052757 0.052757
0 0.794939 0.818821 0.057104 0.057104
0 0.723099 0.670304 0.104277 0.104277
0 0.708293 0.860780 0.061131 0.061131
0 0.008620 0.210323 0.062220 0.062220
0 0.947831 0.112006 0.061130 0.061130
0 0.718101 0.484687 0.052757 0.052757
0 0.591509 0.784313 0.071945 0.071945
0 0.808518 0.684592 0.062220 0.062220
0 0.479070 0.985578 0.052757 0.052757
0 0.866675 0.805843 0.071945 0.071945
0 0.948472 0.576384 0.071945 0.071945
0 0.305093 0.972881 0.061131 0.061131
0 0.109268 0.246177 0.070161 0.070161
0 0.810260 0.504997 0.071945 0.071945
0 0.800087 0.996650 0.061130 0.061130
0 0.240219 0.894188 0.062220 0.062220
0 0.978773 0.339733 0.061131 0.061131
0 0.997407 0.514597 0.071945 0.071945
0 0.379182 0.337374 0.071945 0.071945
0 0.660581 0.244750 0.061130 0.061130
0 0.476841 0.024752 0.062220 0.062220
0 0.194975 0.275930 0.062220 0.062220
0 0.649294 0.608122 0.071945 0.071945
0 0.212103 0.578222 0.061131 0.061131
0 0.499743 0.489273 0.061130 0.061130
0 0.524756 0.608148 0.104277 0.104277
0 0.231546 0.339766 0.104277 0.104277
0 0.146005 0.185401 0.061130 0.061130
0 0.992785 0.936227 0.057104 0.057104
0 0.275515 0.474692 0.071945 0.071945
0 0.648672 0.739825 0.104277 0.104277
0 0.940760 0.683525 0.104278 0.104278
0 0.533126 0.161594 0.061130 0.061130
0 0.629680 0.140695 0.057104 0.057104
0 0.339731 0.071206 0.071945 0.071945
0 0.126566 0.408993 0.104277 0.104277
0 0.890111 0.253029 0.057104 0.057104
0 0.227430 0.153590 0.057104 0.057104
0 0.337598 0.723606 0.071945 0.071945
0 0.692792 0.088647 0.062220 0.062220
0 0.197902 0.055721 0.071945 0.071945
0 0.087357 0.115903 0.071945 0.071945
0 0.050239 0.821543 0.104277 0.104277
0 0.018796 0.390654 0.062220 0.062220
0 0.351406 0.858020 0.061131 0.061131
0 0.127016 0.906717 0.061130 0.061130
0 0.209502 0.804505 0.104277 0.104277
0 0.745265 0.345967 0.062220 0.062220
0 0.708840 0.407534 0.062220 0.062220
0 0.260850 0.219229 0.062220 0.062220
0 0.422383 0.688965 0.062220 0.062220
0 0.945117 0.990229 0.052757 0.052757
0 0.114427 0.641868 0.062220 0.062220
0 0.440945 0.928399 0.057104 0.057104
0 0.530535 0.078882 0.061131 0.061131
0 0.004596 0.106068 0.052757 0.052757
0 0.305414 0.403167 0.061131 0.061131
0 0.204194 0.982831 0.062220 0.062220
0 0.921315 0.030282 0.104278 0.104278
0 0.209258 0.440485 0.061131 0.061131
0 0.477799 0.214689 0.071945 0.071945
0 0.082213 0.016285 0.057104 0.057104
0 0.564431 0.887023 0.071945 0.071945
0 0.007371 0.897241 0.061130 0.061130
0 0.992479 0.215027 0.061131 0.061131
0 0.172242 0.518648 0.052757 0.052757
0 0.251876 0.713469 0.061131 0.061131
0 0.670992 0.334681 0.052757 0.052757
0 0.469430 0.411011 0.057104 0.057104
0 0.077209 0.318681 0.052757 0.052757
0 0.770533 0.078074 0.052757 0.052757
0 0.324355 0.252344 0.071945 0.071945
0 0.982203 0.765567 0.057104 0.057104
0 0.863143 0.735687 0.057104 0.057104
0 0.587341 0.228219 0.052757 0.052757
0 0.720513 0.759573 0.052757 0.052757
0 0.405529 0.114347 0.071945 0.071945
0 0.838386 0.019552 0.062220 0.062220
0 0.050293 0.544063 0.104277 0.104277
0 0.470563 0.861447 0.052757 0.052757
0 0.607274 0.425587 0.071945 0.071945
0 0.509236 0.340158 0.062220 0.062220
0 0.840691 0.135589 0.052559 0.052559
0 0.501528 0.704604 0.057104 0.057104
0 0.068810 0.699497 0.061130 0.061130
0 0.335935 0.175394 0.071945 0.071945
0 0.883365 0.371946 0.062220 0.062220
0 0.435331 0.778290 0.057104 0.057104
0 0.341180 0.526311 0.104277 0.104277
0 0.109569 0.772410 0.061130 0.061130
0 0.407522 0.595748 0.052757 0.052757
0 0.286550 0.814431 0.071945 0.071945
0 0.576192 0.363750 0.104277 0.104277
0 0.414677 0.461292 0.071945 0.071945
0 0.428650 0.271306 0.104277 0.104277
0 0.962905 0.869032 0.061130 0.061130
0 0.052476 0.456912 0.057104 0.057104
0 0.155015 0.711220 0.071945 0.071945
0 0.159582 0.116955 0.057103 0.057103
0 0.787617 0.215395 0.071945 0.071945
0 0.943494 0.406174 0.104278 0.104278
0 0.631433 0.524492 0.104277 0.104277
0 0.688210 0.179185 0.052757 0.052757
0 0.295079 0.585448 0.052757 0.052757
0 0.589514 0.702602 0.062220 0.062220
0 0.640906 0.028527 0.061131 0.061131
0 0.386907 0.988040 0.061131 0.061131