0 0.776285 0.927052 0.062220 0.062220
0 0.946120 0.088448 0.062220 0.062220
0 0.695112 0.391481 0.104277 0.104277
0 0.723170 0.801437 0.057103 0.057103
0 0.356770 0.774723 0.104277 0.104277
0 0.494516 0.847082 0.052757 0.052757
0 0.900194 0.147290 0.062220 0.062220
0 0.677488 0.115914 0.104278 0.104278
0 0.927975 0.551627 0.057104 0.057104
0 0.655290 0.623575 0.104277 0.104277
0 0.836169 0.095426 0.071945 0.071945
0 0.464051 0.556634 0.104277 0.104277
0 0.357628 0.170798 0.104277 0.104277
0 0.318634 0.065792 0.071945 0.071945
0 0.577584 0.153493 0.071945 0.071945
0 0.242895 0.003252 0.057104 0.057104
0 0.674687 0.487724 0.057104 0.057104
0 0.321886 0.578465 0.062220 0.062220
0 0.333551 0.468687 0.062220 0.062220
0 0.865740 0.706758 0.057104 0.057104
0 0.623257 0.436593 0.104277 0.104277
0 0.395196 0.614986 0.062220 0.062220
0 0.984329 0.988860 0.061130 0.061130
0 0.238097 0.609740 0.104278 0.104278
0 0.898904 0.468054 0.104277 0.104277
0 0.785763 0.749193 0.052757 0.052757
0 0.589618 0.305541 0.052757 0.052757
0 0.856679 0.288902 0.062220 0.062220
0 0.538938 0.772535 0.062220 0.062220
0 0.238285 0.720495 0.071945 0.071945
0 0.442429 0.231119 0.062220 0.062220
0 0.711004 0.552223 0.057104 0.057104
0 0.868158 0.801258 0.057104 0.057104
0 0.634303 0.966799 0.057104 0.057104
0 0.876019 0.968546 0.057104 0.057104
0 0.238349 0.371630 0.052757 0.052757
0 0.916548 0.630587 0.052757 0.052757
0 0.987739 0.699668 0.104277 0.104277
0 0.956296 0.268779 0.062220 0.062220
0 0.387887 0.347010 0.061130 0.061130
0 0.327203 0.912986 0.062220 0.062220
0 0.549142 0.976182 0.052757 0.052757
0 0.743843 0.988152 0.052757 0.052757
0 0.560754 0.907473 0.061130 0.061130
0 0.763821 0.191906 0.071945 0.071945
0 0.929207 0.901645 0.104277 0.104277
0 0.754487 0.427690 0.052757 0.052757
0 0.800429 0.639273 0.057104 0.057104
0 0.239255 0.265418 0.104277 0.104277
0 0.629708 0.822291 0.071945 0.071945
0 0.261920 0.109684 0.052757 0.052757
0 0.397646 0.008099 0.104277 0.104277
0 0.455298 0.315601 0.061130 0.061130
0 0.324472 0.294859 0.061130 0.061130
0 0.612507 0.563441 0.052757 0.052757
0 0.533412 0.255000 0.071945 0.071945
0 0.495326 0.034360 0.104277 0.104277
0 0.408869 0.684642 0.057104 0.057104
0 0.391839 0.105489 0.057104 0.057104
0 0.944871 0.775366 0.061130 0.061130
0 0.472399 0.427652 0.057104 0.057104
0 0.486905 0.935618 0.061130 0.061130
0 0.270854 0.438794 0.061130 0.061130
0 0.453517 0.772804 0.062220 0.062220
0 0.291502 0.204901 0.104278 0.104278
0 0.244007 0.916500 0.061130 0.061130
0 0.987793 0.422188 0.104277 0.104277
0 0.766311 0.502175 0.061130 0.061130
0 0.710162 0.322091 0.104277 0.104277
0 0.672863 0.192991 0.052757 0.052757
0 0.285223 0.844508 0.061130 0.061130
0 0.476922 0.694869 0.057104 0.057104
0 0.893362 0.226754 0.057104 0.057104
0 0.775747 0.351180 0.071945 0.071945
0 0.335290 0.702218 0.052757 0.052757
0 0.842620 0.885968 0.057104 0.057104
0 0.769884 0.113684 0.056505 0.056505
0 0.717378 0.876317 0.104277 0.104277
0 0.408903 0.475330 0.062220 0.062220
0 0.989976 0.335037 0.057104 0.057104
0 0.764181 0.044995 0.061130 0.061130
0 0.741505 0.681394 0.062220 0.062220
0 0.370837 0.850190 0.071945 0.071945
0 0.840698 0.376336 0.057104 0.057104
0 0.563735 0.068797 0.062220 0.062220
0 0.522775 0.604550 0.104277 0.104277
0 0.500998 0.189216 0.057104 0.057104
0 0.641316 0.740249 0.052757 0.052757
0 0.528177 0.484845 0.057104 0.057104
0 0.588567 0.665706 0.062220 0.062220
0 0.275308 0.523593 0.061130 0.061130
0 0.407709 0.973315 0.062220 0.062220