0 0.503342 0.886977 0.104277 0.104277
0 0.459794 0.674986 0.061130 0.061130
0 0.862739 0.636695 0.052757 0.052757
0 0.392887 0.535315 0.104277 0.104277
0 0.454713 0.444267 0.071945 0.071945
0 0.653632 0.884653 0.062220 0.062220
0 0.606526 0.429877 0.071945 0.071945
0 0.685279 0.636735 0.104277 0.104277
0 0.360565 0.636884 0.052757 0.052757
0 0.763143 0.683260 0.071945 0.071945
0 0.689912 0.320180 0.061131 0.061131
0 0.398596 0.307368 0.104277 0.104277
0 0.891723 0.139687 0.057104 0.057104
0 0.907082 0.307652 0.104277 0.104277
0 0.984108 0.101566 0.104277 0.104277
0 0.721027 0.056575 0.104277 0.104277
0 0.497466 0.801792 0.057104 0.057104
0 0.268659 0.479824 0.062220 0.062220
0 0.533328 0.988428 0.051819 0.051819
0 0.526668 0.243339 0.052757 0.052757
0 0.179494 0.664983 0.104277 0.104277
0 0.437472 0.601523 0.061131 0.061131
0 0.713476 0.932141 0.052757 0.052757
0 0.470606 0.353864 0.057104 0.057104
0 0.774752 0.880656 0.057103 0.057103
0 0.521688 0.562018 0.052757 0.052757
0 0.017596 0.267417 0.061130 0.061130
0 0.789745 0.297820 0.104277 0.104277
0 0.195730 0.391372 0.052757 0.052757
0 0.660022 0.114230 0.062220 0.062220
0 0.577895 0.497978 0.057104 0.057104
0 0.497848 0.180778 0.057104 0.057104
0 0.494695 0.019953 0.052757 0.052757
0 0.968444 0.450735 0.052757 0.052757
0 0.690368 0.719989 0.036679 0.036679
0 0.605849 0.158216 0.061130 0.061130
0 0.809406 0.997996 0.104277 0.104277
0 0.320718 0.007256 0.061131 0.061131
0 0.908357 0.411546 0.062221 0.062221
0 0.524130 0.650600 0.057104 0.057104
0 0.262930 0.327281 0.052757 0.052757
0 0.604306 0.985479 0.071945 0.071945
0 0.036046 0.476714 0.057104 0.057104
0 0.909987 0.217034 0.071945 0.071945
0 0.846902 0.447175 0.052757 0.052757
0 0.815712 0.031025 0.061130 0.061130
0 0.834008 0.515037 0.104277 0.104277
0 0.258898 0.603233 0.071945 0.071945
0 0.548778 0.115239 0.061131 0.061131
0 0.310777 0.998188 0.052757 0.052757
0 0.739646 0.538669 0.104277 0.104277
0 0.367993 0.409564 0.071945 0.071945
0 0.598005 0.048692 0.057104 0.057104
0 0.830551 0.706144 0.062220 0.062220
0 0.276850 0.918819 0.071945 0.071945
0 0.330117 0.569682 0.057104 0.057104
0 0.062454 0.145110 0.061130 0.061130
0 0.686573 0.480377 0.061130 0.061130
0 0.045223 0.959072 0.062220 0.062220
0 0.160884 0.788072 0.061130 0.061130
0 0.821499 0.105900 0.061130 0.061130
0 0.939214 0.866995 0.062220 0.062220
0 0.765333 0.610992 0.061130 0.061130
0 0.334591 0.209400 0.104277 0.104277
0 0.096196 0.690333 0.061130 0.061130
0 0.067270 0.618598 0.061130 0.061130
0 0.636669 0.574860 0.062220 0.062220
0 0.245950 0.744868 0.104277 0.104277
0 0.409355 0.842741 0.071945 0.071945
0 0.106753 0.356536 0.052757 0.052757
0 0.550101 0.345890 0.062220 0.062220
0 0.099650 0.896459 0.061130 0.061130
0 0.913798 0.722068 0.104277 0.104277
0 0.199743 0.988995 0.057104 0.057104
0 0.091892 0.812777 0.104277 0.104277
0 0.296511 0.793405 0.104277 0.104277
0 0.007332 0.057895 0.104277 0.104277
0 0.275416 0.680715 0.052757 0.052757
0 0.582332 0.720403 0.062220 0.062220
0 0.960742 0.024604 0.052757 0.052757
0 0.617173 0.263741 0.071945 0.071945
0 0.227052 0.246869 0.052757 0.052757
0 0.219819 0.017206 0.062220 0.062220
0 0.724543 0.803099 0.104277 0.104277
0 0.400480 0.926657 0.057104 0.057104
0 0.020423 0.784350 0.052757 0.052757
0 0.184584 0.080824 0.104278 0.104278
0 0.637995 0.768321 0.071945 0.071945
0 0.356349 0.749465 0.052757 0.052757
0 0.210655 0.900912 0.057104 0.057104
0 0.434727 0.144995 0.062220 0.062220
0 0.019968 0.336571 0.057104 0.057104
0 0.241602 0.146735 0.062220 0.062220
0 0.120159 0.261311 0.057104 0.057104
0 0.778890 0.758468 0.061131 0.061131
0 0.911165 0.546198 0.071945 0.071945
0 0.273522 0.079106 0.071945 0.071945
0 0.187102 0.315667 0.062220 0.062220
0 0.760133 0.227402 0.057104 0.057104
0 0.119161 0.038904 0.104277 0.104277
0 0.183084 0.557028 0.062220 0.062220
0 0.313723 0.136032 0.052757 0.052757
0 0.742876 0.367340 0.057104 0.057104
0 0.186661 0.467217 0.061131 0.061131
0 0.751538 0.153703 0.104277 0.104277
0 0.871558 0.795465 0.071945 0.071945
0 0.820871 0.181298 0.104277 0.104277
0 0.835051 0.377556 0.052757 0.052757
0 0.114169 0.564022 0.071945 0.071945
0 0.574951 0.848220 0.057104 0.057104
0 0.402532 0.022415 0.061131 0.061131
0 0.844702 0.930951 0.061131 0.061131