0 0.016183 0.800979 0.062220 0.062220
0 0.467345 0.323782 0.071945 0.071945
0 0.668889 0.934433 0.052757 0.052757
0 0.742466 0.291761 0.071945 0.071945
0 0.268958 0.169127 0.104277 0.104277
0 0.774594 0.407131 0.052757 0.052757
0 0.476029 0.694114 0.061130 0.061130
0 0.918754 0.630619 0.062220 0.062220
0 0.511743 0.080099 0.061130 0.061130
0 0.918021 0.205076 0.104277 0.104277
0 0.003937 0.250321 0.052757 0.052757
0 0.902110 0.800812 0.052757 0.052757
0 0.538156 0.802206 0.104277 0.104277
0 0.015629 0.336870 0.104277 0.104277
0 0.362093 0.590495 0.104277 0.104277
0 0.320954 0.712106 0.104277 0.104277
0 0.207470 0.754080 0.071945 0.071945
0 0.684687 0.041975 0.071945 0.071945
0 0.251811 0.014037 0.052757 0.052757
0 0.365494 0.343237 0.062220 0.062220
0 0.328118 0.089172 0.071945 0.071945
0 0.077719 0.094698 0.104277 0.104277
0 0.794909 0.653415 0.104277 0.104277
0 0.001886 0.063758 0.061130 0.061130
0 0.390847 0.515495 0.057104 0.057104
0 0.885017 0.368195 0.104277 0.104277
0 0.934367 0.910536 0.061130 0.061130
0 0.905924 0.981516 0.104277 0.104277
0 0.840156 0.559314 0.071945 0.071945
0 0.763395 0.160833 0.104277 0.104277
0 0.400971 0.870105 0.062220 0.062220
0 0.459194 0.497931 0.104277 0.104277
0 0.876408 0.712073 0.052757 0.052757
0 0.616856 0.795123 0.062220 0.062220
0 0.344547 0.438993 0.061130 0.061130
0 0.223852 0.480867 0.057104 0.057104
0 0.128827 0.240753 0.104277 0.104277
0 0.823877 0.099331 0.057104 0.057104
0 0.866844 0.273006 0.062220 0.062220
0 0.619586 0.400193 0.052757 0.052757
0 0.766594 0.031115 0.062220 0.062220
0 0.161368 0.587625 0.057104 0.057104
0 0.277344 0.617716 0.104277 0.104277
0 0.071433 0.943771 0.071945 0.071945
0 0.008113 0.414025 0.057104 0.057104
0 0.738329 0.787943 0.062220 0.062220
0 0.586803 0.587061 0.071945 0.071945
0 0.216781 0.827045 0.071945 0.071945
0 0.952243 0.003808 0.061130 0.061130
0 0.796807 0.502070 0.102474 0.102474
0 0.024030 0.871781 0.057104 0.057104
0 0.837696 0.859190 0.071945 0.071945
0 0.405991 0.165461 0.052757 0.052757
0 0.691143 0.494245 0.104277 0.104277
0 0.044659 0.549468 0.057104 0.057104
0 0.216015 0.088216 0.104277 0.104277
0 0.368649 0.031466 0.052757 0.052757
0 0.739546 0.958984 0.104277 0.104277
0 0.699967 0.228037 0.062220 0.062220
0 0.543654 0.303587 0.061131 0.061131
0 0.066480 0.173848 0.061130 0.061130
0 0.502047 0.232038 0.071945 0.071945
0 0.290248 0.350587 0.062220 0.062220
0 0.824193 0.955871 0.104277 0.104277
0 0.505193 0.554898 0.057104 0.057104
0 0.242889 0.691437 0.057104 0.057104
0 0.317915 0.508425 0.104277 0.104277
0 0.111049 0.735101 0.062220 0.062220
0 0.186576 0.202208 0.071945 0.071945
0 0.231868 0.944167 0.057104 0.057104
0 0.986489 0.260982 0.045227 0.045227
0 0.645797 0.860876 0.062220 0.062220
0 0.620877 0.309309 0.052757 0.052757
0 0.330423 0.268847 0.061130 0.061130
0 0.138496 0.027637 0.057104 0.057104
0 0.600548 0.959447 0.052757 0.052757
0 0.603986 0.516419 0.062220 0.062220
0 0.137437 0.863038 0.061130 0.061130
0 0.548409 0.696178 0.104277 0.104277
0 0.140961 0.458156 0.062220 0.062220
0 0.118306 0.312012 0.071945 0.071945
0 0.275860 0.778190 0.062220 0.062220
0 0.460404 0.923908 0.052757 0.052757
0 0.732391 0.885844 0.052757 0.052757
0 0.147015 0.966388 0.062220 0.062220
0 0.376502 0.659831 0.062220 0.062220
0 0.698503 0.123070 0.052757 0.052757
0 0.250715 0.549178 0.071945 0.071945
0 0.610550 0.174934 0.052757 0.052757
0 0.552026 0.871738 0.061131 0.061131
0 0.430087 0.241321 0.057104 0.057104
0 0.900560 0.108474 0.061131 0.061131
0 0.527351 0.621900 0.104277 0.104277
0 0.999315 0.607644 0.061131 0.061131
0 0.965569 0.758729 0.062221 0.062221
0 0.801467 0.759011 0.052757 0.052757
0 0.697572 0.401370 0.055027 0.055027
0 0.829764 0.202192 0.061131 0.061131
0 0.488263 0.430283 0.062220 0.062220
0 0.370789 0.954818 0.061130 0.061130
0 0.907601 0.505548 0.104277 0.104277
0 0.516007 0.972953 0.062220 0.062220
0 0.343630 0.196311 0.050559 0.050559
0 0.637852 0.694446 0.052757 0.052757
0 0.472769 0.139090 0.061130 0.061130
0 0.158032 0.670658 0.052757 0.052757
0 0.444253 0.587246 0.071945 0.071945
0 0.312782 0.858303 0.061131 0.061131
0 0.600840 0.054015 0.071945 0.071945
0 0.560302 0.443093 0.104277 0.104277
0 0.724312 0.587350 0.061130 0.061130
0 0.402803 0.787356 0.104277 0.104277
0 0.084807 0.665936 0.052757 0.052757
0 0.987683 0.121968 0.052757 0.052757
0 0.118479 0.531322 0.061130 0.061130
0 0.438192 0.006079 0.104277 0.104277
0 0.202685 0.325993 0.052757 0.052757
0 0.962340 0.454222 0.057104 0.057104
0 0.976290 0.378139 0.088662 0.088662