0 0.584592 0.855727 0.104277 0.104277
0 0.541044 0.643736 0.061130 0.061130
0 0.943989 0.605445 0.052757 0.052757
0 0.474137 0.504065 0.104277 0.104277
0 0.535963 0.413017 0.071945 0.071945
0 0.734882 0.853403 0.062220 0.062220
0 0.687776 0.398627 0.071945 0.071945
0 0.766529 0.605485 0.104277 0.104277
0 0.441815 0.605634 0.052757 0.052757
0 0.844393 0.652010 0.071945 0.071945
0 0.771162 0.288930 0.061131 0.061131
0 0.479846 0.276118 0.104277 0.104277
0 0.972973 0.108437 0.057104 0.057104
0 0.988332 0.276402 0.104277 0.104277
0 0.802277 0.025325 0.104277 0.104277
0 0.578716 0.770542 0.057104 0.057104
0 0.349909 0.448574 0.062220 0.062220
0 0.614578 0.957178 0.051819 0.051819
0 0.607918 0.212089 0.052757 0.052757
0 0.260744 0.633733 0.104277 0.104277
0 0.518722 0.570273 0.061131 0.061131
0 0.794726 0.900891 0.052757 0.052757
0 0.551856 0.322614 0.057104 0.057104
0 0.051598 0.173728 0.071945 0.071945
0 0.856002 0.849406 0.057103 0.057103
0 0.602938 0.530768 0.052757 0.052757
0 0.098846 0.236167 0.061130 0.061130
0 0.870995 0.266570 0.104277 0.104277
0 0.276980 0.360122 0.052757 0.052757
0 0.741272 0.082980 0.062220 0.062220
0 0.659145 0.466728 0.057104 0.057104
0 0.579098 0.149528 0.057104 0.057104
0 0.771618 0.688739 0.036679 0.036679
0 0.206898 0.974693 0.052757 0.052757
0 0.687099 0.126966 0.061130 0.061130
0 0.890656 0.966746 0.104277 0.104277
0 0.030365 0.449207 0.057104 0.057104
0 0.989607 0.380296 0.062221 0.062221
0 0.605380 0.619350 0.057104 0.057104
0 0.344180 0.296031 0.052757 0.052757
0 0.685556 0.954229 0.071945 0.071945
0 0.117296 0.445464 0.057104 0.057104
0 0.991237 0.185784 0.071945 0.071945
0 0.928152 0.415925 0.052757 0.052757
0 0.915258 0.483787 0.104277 0.104277
0 0.340148 0.571983 0.071945 0.071945
0 0.630028 0.083989 0.061131 0.061131
0 0.392027 0.966938 0.052757 0.052757
0 0.820896 0.507419 0.104277 0.104277
0 0.449243 0.378314 0.071945 0.071945
0 0.987987 0.981614 0.061131 0.061131
0 0.679255 0.017442 0.057104 0.057104
0 0.911801 0.674894 0.062220 0.062220
0 0.358100 0.887569 0.071945 0.071945
0 0.023130 0.992008 0.071945 0.071945
0 0.819910 0.982765 0.061131 0.061131
0 0.411367 0.538432 0.057104 0.057104
0 0.143704 0.113860 0.061130 0.061130
0 0.031878 0.715194 0.071945 0.071945
0 0.767823 0.449127 0.061130 0.061130
0 0.126473 0.927822 0.062220 0.062220
0 0.242134 0.756822 0.061130 0.061130
0 0.902749 0.074650 0.061130 0.061130
0 0.846583 0.579742 0.061130 0.061130
0 0.415841 0.178150 0.104277 0.104277
0 0.177446 0.659083 0.061130 0.061130
0 0.148520 0.587348 0.061130 0.061130
0 0.717919 0.543610 0.062220 0.062220
0 0.035394 0.093546 0.057104 0.057104
0 0.327200 0.713618 0.104277 0.104277
0 0.490605 0.811491 0.071945 0.071945
0 0.188003 0.325286 0.052757 0.052757
0 0.631351 0.314640 0.062220 0.062220
0 0.180900 0.865209 0.061130 0.061130
0 0.995048 0.690818 0.104277 0.104277
0 0.280993 0.957745 0.057104 0.057104
0 0.173142 0.781527 0.104277 0.104277
0 0.377761 0.762155 0.104277 0.104277
0 0.088582 0.026645 0.104277 0.104277
0 0.356666 0.649465 0.052757 0.052757
0 0.663582 0.689153 0.062220 0.062220
0 0.069025 0.522952 0.071945 0.071945
0 0.698423 0.232491 0.071945 0.071945
0 0.308302 0.215619 0.052757 0.052757
0 0.805793 0.771849 0.104277 0.104277
0 0.481730 0.895407 0.057104 0.057104
0 0.101673 0.753100 0.052757 0.052757
0 0.265834 0.049574 0.104278 0.104278
0 0.719245 0.737071 0.071945 0.071945
0 0.078570 0.660160 0.061130 0.061130
0 0.437599 0.718215 0.052757 0.052757
0 0.291905 0.869662 0.057104 0.057104
0 0.515977 0.113745 0.062220 0.062220
0 0.101218 0.305321 0.057104 0.057104
0 0.322852 0.115485 0.062220 0.062220
0 0.201409 0.230061 0.057104 0.057104
0 0.075474 0.820126 0.061130 0.061130
0 0.860140 0.727218 0.061131 0.061131
0 0.992415 0.514948 0.071945 0.071945
0 0.065326 0.379786 0.048997 0.048997
0 0.354772 0.047856 0.071945 0.071945
0 0.268352 0.284417 0.062220 0.062220
0 0.841383 0.196152 0.057104 0.057104
0 0.001995 0.010968 0.057104 0.057104
0 0.200411 0.007654 0.104277 0.104277
0 0.264334 0.525778 0.062220 0.062220
0 0.394973 0.104782 0.052757 0.052757
0 0.036266 0.916811 0.062220 0.062220
0 0.824126 0.336090 0.057104 0.057104
0 0.267911 0.435967 0.061131 0.061131
0 0.832788 0.122453 0.104277 0.104277
0 0.952808 0.764215 0.071945 0.071945
0 0.902121 0.150048 0.104277 0.104277
0 0.916301 0.346306 0.052757 0.052757
0 0.195419 0.532772 0.071945 0.071945
0 0.656201 0.816970 0.057104 0.057104
0 0.925952 0.899701 0.061131 0.061131