0 0.523670 0.798851 0.062220 0.062220
0 0.831082 0.944455 0.062220 0.062220
0 0.857062 0.587821 0.052757 0.052757
0 0.868754 0.674370 0.104277 0.104277
0 0.709104 0.221828 0.061130 0.061130
0 0.627656 0.998742 0.052757 0.052757
0 0.465999 0.853733 0.071945 0.071945
0 0.848487 0.500400 0.104277 0.104277
0 0.930844 0.432198 0.104277 0.104277
0 0.855011 0.401258 0.061130 0.061130
0 0.213934 0.309792 0.062220 0.062220
0 0.320421 0.886859 0.061130 0.061130
0 0.762082 0.299215 0.104277 0.104277
0 0.597287 0.804913 0.061130 0.061130
0 0.577703 0.717030 0.052757 0.052757
0 0.981952 0.578253 0.104277 0.104277
0 0.738505 0.717857 0.061130 0.061130
0 0.819349 0.843315 0.062220 0.062220
0 0.434539 0.428549 0.061130 0.061130
0 0.237010 0.547161 0.104278 0.104278
0 0.560568 0.071537 0.104277 0.104277
0 0.480999 0.140461 0.052757 0.052757
0 0.861238 0.751525 0.057104 0.057104
0 0.679036 0.952968 0.062220 0.062220
0 0.703954 0.140698 0.104277 0.104277
0 0.777434 0.539180 0.052757 0.052757
0 0.393567 0.134659 0.052757 0.052757
0 0.386023 0.986446 0.062220 0.062220
0 0.897784 0.886968 0.057104 0.057104
0 0.639909 0.222755 0.052757 0.052757
0 0.709859 0.799069 0.061130 0.061130
0 0.919605 0.511348 0.061130 0.061130
0 0.594436 0.441899 0.104278 0.104278
0 0.661285 0.420290 0.052757 0.052757
0 0.941152 0.099416 0.061130 0.061130
0 0.999154 0.213954 0.052757 0.052757
0 0.302394 0.599367 0.062220 0.062220
0 0.453726 0.686591 0.062220 0.062220
0 0.670746 0.675314 0.057104 0.057104
0 0.821409 0.166551 0.061130 0.061130
0 0.792078 0.082886 0.062220 0.062220
0 0.260380 0.231063 0.061130 0.061130
0 0.841447 0.328852 0.052757 0.052757
0 0.991621 0.365137 0.057104 0.057104
0 0.627164 0.542783 0.057104 0.057104
0 0.495206 0.029540 0.104277 0.104277
0 0.336162 0.780473 0.104278 0.104278
0 0.554439 0.509163 0.071945 0.071945
0 0.454800 0.773937 0.052757 0.052757
0 0.994086 0.795656 0.062220 0.062220
0 0.971431 0.649512 0.071945 0.071945
0 0.493024 0.588729 0.052757 0.052757
0 0.685320 0.584621 0.071945 0.071945
0 0.211348 0.617203 0.104277 0.104277
0 0.387703 0.828455 0.057104 0.057104
0 0.421281 0.497133 0.057104 0.057104
0 0.391778 0.574955 0.104277 0.104277
0 0.347425 0.027241 0.052757 0.052757
0 0.932728 0.176051 0.104277 0.104277
0 0.893374 0.030072 0.071945 0.071945
0 0.352905 0.694480 0.104277 0.104277
0 0.343359 0.475515 0.071945 0.071945
0 0.634440 0.094139 0.071945 0.071945
0 0.217528 0.416756 0.057104 0.057104
0 0.564849 0.619514 0.052757 0.052757
0 0.313629 0.114451 0.104277 0.104277
0 0.324735 0.368518 0.057104 0.057104
0 0.507737 0.357154 0.104277 0.104277
0 0.557880 0.201389 0.104277 0.104277
0 0.945504 0.310692 0.104277 0.104277
0 0.463553 0.276166 0.052757 0.052757
0 0.547124 0.912082 0.057104 0.057104
0 0.267886 0.820469 0.062220 0.062220
0 0.268060 0.748034 0.057104 0.057104
0 0.342782 0.190955 0.104277 0.104277
0 0.432442 0.348802 0.061130 0.061130
0 0.555785 0.291752 0.062220 0.062220
0 0.622295 0.326794 0.071945 0.071945
0 0.851402 0.250448 0.061130 0.061130
0 0.971604 0.868822 0.061130 0.061130
0 0.260288 0.473234 0.052757 0.052757
0 0.643085 0.888166 0.104277 0.104277
0 0.751917 0.437898 0.104277 0.104277
0 0.232889 0.133686 0.071945 0.071945
0 0.525468 0.433170 0.052757 0.052757
0 0.716069 0.058840 0.071945 0.071945
0 0.334477 0.262297 0.104277 0.104277
0 0.791201 0.608158 0.104277 0.104277
0 0.215803 0.896190 0.057104 0.057104