0 0.814088 0.916142 0.071945 0.071945
0 0.965901 0.901752 0.071945 0.071945
0 0.757971 0.779243 0.104277 0.104277
0 0.213785 0.555177 0.062220 0.062220
0 0.628034 0.951699 0.062220 0.062220
0 0.886043 0.715214 0.052757 0.052757
0 0.138342 0.782393 0.052757 0.052757
0 0.132612 0.019606 0.104277 0.104277
0 0.160670 0.429562 0.057103 0.057103
0 0.829981 0.825739 0.057104 0.057104
0 0.329723 0.676853 0.071945 0.071945
0 0.966509 0.290563 0.071945 0.071945
0 0.376971 0.739292 0.061130 0.061130
0 0.555105 0.863247 0.052757 0.052757
0 0.937270 0.969853 0.057104 0.057104
0 0.857223 0.652653 0.057104 0.057104
0 0.854070 0.491828 0.052757 0.052757
0 0.965224 0.630091 0.061130 0.061130
0 0.680093 0.479131 0.061131 0.061131
0 0.308490 0.952332 0.057104 0.057104
0 0.622305 0.799156 0.052757 0.052757
0 0.395421 0.948589 0.057104 0.057104
0 0.365475 0.179752 0.057104 0.057104
0 0.615219 0.400438 0.062220 0.062220
0 0.908153 0.587114 0.061131 0.061131
0 0.727368 0.881439 0.071945 0.071945
0 0.092790 0.251700 0.104277 0.104277
0 0.957380 0.520567 0.057104 0.057104
0 0.076832 0.693887 0.071945 0.071945
0 0.006587 0.686802 0.057104 0.057104
0 0.587103 0.084472 0.061131 0.061131
0 0.274640 0.852794 0.057104 0.057104
0 0.899756 0.114398 0.104277 0.104277
0 0.112187 0.115849 0.057104 0.057104
0 0.303240 0.334883 0.057104 0.057104
0 0.060757 0.064718 0.104277 0.104277
0 0.421829 0.616985 0.061130 0.061130
0 0.336404 0.096179 0.104277 0.104277
0 0.223263 0.377318 0.052757 0.052757
0 0.712598 0.229856 0.071945 0.071945
0 0.693966 0.681275 0.104277 0.104277
0 0.148504 0.180348 0.057104 0.057104
0 0.305658 0.429383 0.057104 0.057104
0 0.207763 0.816746 0.104277 0.104277
0 0.071803 0.594924 0.057104 0.057104
0 0.313519 0.596671 0.057104 0.057104
0 0.354048 0.258712 0.052757 0.052757
0 0.425239 0.327793 0.104277 0.104277
0 0.182085 0.711008 0.104277 0.104277
0 0.466128 0.828411 0.052757 0.052757
0 0.909476 0.817765 0.062220 0.062220
0 0.197178 0.903308 0.104277 0.104277
0 0.726406 0.364270 0.061131 0.061131
0 0.181343 0.616277 0.052757 0.052757
0 0.366707 0.529770 0.104277 0.104277
0 0.502016 0.412967 0.061130 0.061130
0 0.191987 0.055815 0.052757 0.052757
0 0.237929 0.267398 0.057104 0.057104
0 0.067208 0.450416 0.071945 0.071945
0 0.584502 0.310755 0.104277 0.104277
0 0.797383 0.195215 0.062220 0.062220
0 0.489427 0.148118 0.062220 0.062220
0 0.815945 0.434649 0.057104 0.057104
0 0.272095 0.779047 0.062220 0.062220
0 0.050007 0.191566 0.052757 0.052757
0 0.976548 0.735616 0.071945 0.071945
0 0.586427 0.718744 0.052757 0.052757
0 0.579194 0.489081 0.062220 0.062220
0 0.233027 0.984744 0.104277 0.104277
0 0.939431 0.393273 0.071945 0.071945
0 0.382371 0.403491 0.061130 0.061130
0 0.543959 0.552699 0.104278 0.104278
0 0.547242 0.024898 0.052757 0.052757
0 0.626876 0.219719 0.061131 0.061131
0 0.794102 0.616870 0.062220 0.062220
0 0.068835 0.799539 0.057104 0.057104
0 0.379343 0.808446 0.057104 0.057104
0 0.600977 0.618610 0.062220 0.062220
0 0.479534 0.733186 0.057104 0.057104
0 0.425293 0.050313 0.104277 0.104277
0 0.203811 0.130300 0.061130 0.061130
0 0.068599 0.877648 0.061130 0.061130
0 0.845563 0.367697 0.052757 0.052757
0 0.343451 0.882911 0.048997 0.048997
0 0.632897 0.550981 0.071945 0.071945
0 0.546477 0.787542 0.062220 0.062220
0 0.876528 0.210854 0.057104 0.057104
0 0.443810 0.205747 0.061130 0.061130
0 0.280120 0.514093 0.057104 0.057104
0 0.478536 0.510779 0.104277 0.104277
0 0.154878 0.504442 0.104277 0.104277
0 0.810331 0.284540 0.057104 0.057104
0 0.716180 0.032561 0.104277 0.104277
0 0.673098 0.607907 0.052757 0.052757
0 0.484569 0.278660 0.061130 0.061130
0 0.782522 0.101998 0.052757 0.052757
0 0.546036 0.939092 0.061131 0.061131
0 0.661550 0.320681 0.071945 0.071945
0 0.179005 0.309519 0.062220 0.062220
0 0.530015 0.217470 0.071945 0.071945
0 0.278198 0.004461 0.057104 0.057104
0 0.120810 0.977288 0.104277 0.104277
0 0.078816 0.368374 0.052757 0.052757
0 0.261252 0.701155 0.057104 0.057104
0 0.026067 0.293831 0.062220 0.062220
0 0.670079 0.091698 0.052757 0.052757
0 0.964514 0.208852 0.062220 0.062220
0 0.761907 0.494290 0.061131 0.061131