0 0.352262 0.929065 0.104277 0.104277
0 0.414088 0.838017 0.071945 0.071945
0 0.565901 0.823627 0.071945 0.071945
0 0.616807 0.372661 0.104277 0.104277
0 0.649287 0.713930 0.061131 0.061131
0 0.806909 0.337189 0.104277 0.104277
0 0.357971 0.701118 0.104277 0.104277
0 0.851098 0.533437 0.057104 0.057104
0 0.977551 0.738397 0.062221 0.062221
0 0.866457 0.701402 0.104277 0.104277
0 0.943483 0.495316 0.104277 0.104277
0 0.769939 0.246946 0.057104 0.057104
0 0.698099 0.098429 0.104277 0.104277
0 0.680402 0.450325 0.104277 0.104277
0 0.228034 0.873574 0.062220 0.062220
0 0.486043 0.637089 0.052757 0.052757
0 0.683293 0.288905 0.061131 0.061131
0 0.396847 0.995273 0.061131 0.061131
0 0.429981 0.747614 0.057104 0.057104
0 0.566509 0.212438 0.071945 0.071945
0 0.481063 0.955768 0.052757 0.052757
0 0.749120 0.691570 0.104277 0.104277
0 0.783518 0.112717 0.062220 0.062220
0 0.155105 0.785122 0.052757 0.052757
0 0.619397 0.507980 0.062220 0.062220
0 0.537270 0.891728 0.057104 0.057104
0 0.457223 0.574528 0.057104 0.057104
0 0.454070 0.413703 0.052757 0.052757
0 0.927819 0.844485 0.052757 0.052757
0 0.565224 0.551966 0.061130 0.061130
0 0.841675 0.233968 0.071945 0.071945
0 0.923472 0.004509 0.071945 0.071945
0 0.280093 0.401006 0.061131 0.061131
0 0.867732 0.805296 0.062221 0.062221
0 0.222305 0.721031 0.052757 0.052757
0 0.869362 0.610784 0.071945 0.071945
0 0.806277 0.840925 0.052757 0.052757
0 0.775087 0.424775 0.061130 0.061130
0 0.793383 0.908787 0.104277 0.104277
0 0.218273 0.996983 0.071945 0.071945
0 0.215219 0.322313 0.062220 0.062220
0 0.508153 0.508989 0.061131 0.061131
0 0.699021 0.932419 0.104277 0.104277
0 0.327368 0.803314 0.071945 0.071945
0 0.557380 0.442442 0.057104 0.057104
0 0.624294 0.036247 0.071945 0.071945
0 0.187103 0.006347 0.061131 0.061131
0 0.499756 0.036273 0.104277 0.104277
0 0.967785 0.364352 0.057104 0.057104
0 0.289492 0.963432 0.057104 0.057104
0 0.623672 0.167950 0.104277 0.104277
0 0.021829 0.538860 0.061130 0.061130
0 0.915760 0.111650 0.104278 0.104278
0 0.645948 0.874127 0.061130 0.061130
0 0.780874 0.499650 0.061130 0.061130
0 0.312598 0.151731 0.071945 0.071945
0 0.293966 0.603150 0.104277 0.104277
0 0.596044 0.968610 0.062220 0.062220
0 0.025239 0.249668 0.104277 0.104277
0 0.066128 0.750286 0.052757 0.052757
0 0.509476 0.739640 0.062220 0.062220
0 0.326406 0.286145 0.061131 0.061131
0 0.102016 0.334842 0.061130 0.061130
0 0.184502 0.232630 0.104277 0.104277
0 0.397383 0.117090 0.062220 0.062220
0 0.920117 0.418354 0.052757 0.052757
0 0.089427 0.069993 0.062220 0.062220
0 0.415945 0.356524 0.057104 0.057104
0 0.576548 0.657491 0.071945 0.071945
0 0.186427 0.640619 0.052757 0.052757
0 0.179194 0.410956 0.062220 0.062220
0 0.539431 0.315148 0.071945 0.071945
0 0.143959 0.474574 0.104278 0.104278
0 0.226876 0.141594 0.061131 0.061131
0 0.394102 0.538745 0.062220 0.062220
0 0.987374 0.889726 0.071945 0.071945
0 0.957203 0.193692 0.057104 0.057104
0 0.838143 0.163812 0.057104 0.057104
0 0.695513 0.187698 0.052757 0.052757
0 0.200977 0.540485 0.062220 0.062220
0 0.079534 0.655061 0.057104 0.057104
0 0.870540 0.939948 0.071945 0.071945
0 0.445563 0.289572 0.052757 0.052757
0 0.232897 0.472856 0.071945 0.071945
0 0.146477 0.709417 0.062220 0.062220
0 0.964921 0.588923 0.104277 0.104277
0 0.476528 0.132729 0.057104 0.057104
0 0.719508 0.621152 0.057104 0.057104
0 0.043810 0.127622 0.061130 0.061130
0 0.078536 0.432654 0.104277 0.104277
0 0.410331 0.206415 0.057104 0.057104
0 0.142459 0.950778 0.062220 0.062220
0 0.273098 0.529782 0.052757 0.052757
0 0.702251 0.761090 0.057104 0.057104
0 0.084569 0.200535 0.061130 0.061130
0 0.382522 0.023873 0.052757 0.052757
0 0.146036 0.860967 0.061131 0.061131
0 0.261550 0.242556 0.071945 0.071945
0 0.710913 0.547453 0.104277 0.104277
0 0.937905 0.297157 0.061130 0.061130
0 0.130015 0.139345 0.071945 0.071945
0 0.780246 0.575048 0.104277 0.104277
0 0.794426 0.771306 0.052757 0.052757
0 0.270079 0.013573 0.052757 0.052757
0 0.564514 0.130727 0.062220 0.062220
0 0.073544 0.957772 0.071945 0.071945
0 0.361907 0.416165 0.061131 0.061131