0 0.800802 0.863255 0.104278 0.104278
0 0.985565 0.405634 0.052757 0.052757
0 0.529761 0.358731 0.052757 0.052757
0 0.818240 0.974060 0.052757 0.052757
0 0.893659 0.248574 0.062220 0.062220
0 0.453447 0.779912 0.057104 0.057104
0 0.804494 0.433733 0.104277 0.104277
0 0.403967 0.079268 0.052757 0.052757
0 0.529306 0.566561 0.057104 0.057104
0 0.642596 0.036167 0.061130 0.061130
0 0.820730 0.160122 0.052757 0.052757
0 0.750648 0.774693 0.052757 0.052757
0 0.156338 0.760765 0.071945 0.071945
0 0.294943 0.865287 0.104277 0.104277
0 0.215374 0.934211 0.052757 0.052757
0 0.574115 0.249207 0.057104 0.057104
0 0.887930 0.096031 0.052757 0.052757
0 0.438329 0.934448 0.104277 0.104277
0 0.661046 0.245464 0.057104 0.057104
0 0.883898 0.371983 0.071945 0.071945
0 0.935777 0.766938 0.052757 0.052757
0 0.992993 0.178314 0.071945 0.071945
0 0.127942 0.928409 0.052757 0.052757
0 0.540265 0.149669 0.057104 0.057104
0 0.901850 0.687569 0.071945 0.071945
0 0.675527 0.893166 0.061130 0.061130
0 0.566880 0.792008 0.071945 0.071945
0 0.999006 0.922819 0.057104 0.057104
0 0.955117 0.338432 0.057104 0.057104
0 0.086889 0.490883 0.071945 0.071945
0 0.276713 0.673512 0.061130 0.061130
0 0.079955 0.420427 0.071945 0.071945
0 0.575628 0.515194 0.071945 0.071945
0 0.555784 0.960301 0.061130 0.061130
0 0.526453 0.876636 0.062220 0.062220
0 0.670223 0.727822 0.062220 0.062220
0 0.785884 0.556822 0.061130 0.061130
0 0.275744 0.317437 0.071945 0.071945
0 0.229581 0.823290 0.104277 0.104277
0 0.721196 0.459083 0.061130 0.061130
0 0.692270 0.387348 0.061130 0.061130
0 0.473388 0.113621 0.104277 0.104277
0 0.244783 0.068928 0.057104 0.057104
0 0.870950 0.513618 0.104277 0.104277
0 0.447710 0.007883 0.104277 0.104277
0 0.731753 0.125286 0.052757 0.052757
0 0.724650 0.665209 0.061130 0.061130
0 0.462803 0.200183 0.104277 0.104277
0 0.286913 0.399135 0.071945 0.071945
0 0.824743 0.757745 0.057104 0.057104
0 0.716892 0.581527 0.104277 0.104277
0 0.924344 0.835361 0.062220 0.062220
0 0.921511 0.562155 0.104277 0.104277
0 0.406200 0.350266 0.052757 0.052757
0 0.900416 0.449465 0.052757 0.052757
0 0.238164 0.481360 0.052757 0.052757
0 0.081800 0.820991 0.052757 0.052757
0 0.170847 0.159914 0.061130 0.061130
0 0.612775 0.322952 0.071945 0.071945
0 0.667103 0.969801 0.104277 0.104277
0 0.537720 0.075922 0.062220 0.062220
0 0.161941 0.353793 0.061130 0.061130
0 0.627749 0.823822 0.071945 0.071945
0 0.169891 0.674948 0.104277 0.104277
0 0.870647 0.891450 0.104277 0.104277
0 0.852052 0.015619 0.052757 0.052757
0 0.498652 0.281619 0.104277 0.104277
0 0.368815 0.887889 0.071945 0.071945
0 0.508687 0.731986 0.050932 0.050932
0 0.048473 0.224065 0.061130 0.061130
0 0.645423 0.553100 0.052757 0.052757
0 0.120798 0.585818 0.057104 0.057104
0 0.411560 0.499991 0.071945 0.071945
0 0.622320 0.460160 0.061130 0.061130
0 0.197922 0.424619 0.062220 0.062220
0 0.981349 0.518215 0.052757 0.052757
0 0.835655 0.669662 0.057104 0.057104
0 0.334460 0.096414 0.057104 0.057104
0 0.644968 0.105321 0.057104 0.057104
0 0.063951 0.143477 0.057104 0.057104
0 0.136656 0.038588 0.104277 0.104277
0 0.369144 0.786622 0.071945 0.071945
0 0.276781 0.549793 0.104277 0.104277
0 0.048004 0.908201 0.104277 0.104277
0 0.745159 0.030061 0.057104 0.057104
0 0.619224 0.620126 0.061130 0.061130
0 0.481589 0.463285 0.071945 0.071945
0 0.334224 0.174523 0.061130 0.061130
0 0.264061 0.161802 0.062220 0.062220
0 0.292255 0.995139 0.104277 0.104277
0 0.609076 0.179786 0.048997 0.048997
0 0.812102 0.084417 0.062220 0.062220
0 0.075878 0.650535 0.062220 0.062220
0 0.282761 0.771441 0.052757 0.052757
0 0.808084 0.325778 0.062220 0.062220
0 0.580016 0.716811 0.062220 0.062220
0 0.375771 0.694715 0.062220 0.062220
0 0.041568 0.301299 0.057104 0.057104
0 0.811661 0.235967 0.061131 0.061131
0 0.077157 0.984705 0.104277 0.104277
0 0.232622 0.246342 0.071945 0.071945
0 0.015662 0.746604 0.057104 0.057104
0 0.386435 0.274163 0.104277 0.104277
0 0.152561 0.239266 0.071945 0.071945
0 0.754784 0.933169 0.071945 0.071945
0 0.225539 0.604720 0.071945 0.071945
0 0.994985 0.999389 0.071945 0.071945
0 0.320624 0.609689 0.047555 0.047555
0 0.454724 0.634485 0.052757 0.052757
0 0.085141 0.733490 0.057103 0.057103
0 0.739169 0.332772 0.071945 0.071945
0 0.450444 0.852590 0.071945 0.071945
0 0.534674 0.642366 0.071945 0.071945