0 0.766910 0.677052 0.062220 0.062220
0 0.691467 0.904268 0.052757 0.052757
0 0.685737 0.141481 0.104277 0.104277
0 0.713795 0.551437 0.057103 0.057103
0 0.882848 0.798728 0.071945 0.071945
0 0.347395 0.524723 0.104277 0.104277
0 0.930096 0.861167 0.061130 0.061130
0 0.485141 0.597082 0.052757 0.052757
0 0.258865 0.879147 0.104278 0.104278
0 0.918600 0.301627 0.057104 0.057104
0 0.645915 0.373575 0.104277 0.104277
0 0.629957 0.815762 0.071945 0.071945
0 0.559712 0.808677 0.057104 0.057104
0 0.454676 0.306634 0.104277 0.104277
0 0.827765 0.974669 0.057104 0.057104
0 0.665312 0.237724 0.057104 0.057104
0 0.312511 0.328465 0.062220 0.062220
0 0.324176 0.218687 0.062220 0.062220
0 0.856365 0.456758 0.057104 0.057104
0 0.613882 0.186593 0.104277 0.104277
0 0.385821 0.364986 0.062220 0.062220
0 0.974954 0.738860 0.061130 0.061130
0 0.228722 0.359740 0.104278 0.104278
0 0.889529 0.218054 0.104277 0.104277
0 0.776388 0.499193 0.052757 0.052757
0 0.580243 0.055541 0.052757 0.052757
0 0.847304 0.038902 0.062220 0.062220
0 0.529563 0.522535 0.062220 0.062220
0 0.228910 0.470495 0.071945 0.071945
0 0.701629 0.302223 0.057104 0.057104
0 0.858783 0.551258 0.057104 0.057104
0 0.760888 0.938621 0.104277 0.104277
0 0.624928 0.716799 0.057104 0.057104
0 0.866644 0.718546 0.057104 0.057104
0 0.532283 0.893928 0.057104 0.057104
0 0.228974 0.121630 0.052757 0.052757
0 0.907173 0.380587 0.052757 0.052757
0 0.978364 0.449668 0.104277 0.104277
0 0.946921 0.018779 0.062220 0.062220
0 0.735210 0.832883 0.104277 0.104277
0 0.378512 0.097010 0.061130 0.061130
0 0.317828 0.662986 0.062220 0.062220
0 0.539767 0.726182 0.052757 0.052757
0 0.734468 0.738152 0.052757 0.052757
0 0.551379 0.657473 0.061130 0.061130
0 0.919832 0.651645 0.104277 0.104277
0 0.745112 0.177690 0.052757 0.052757
0 0.791054 0.389273 0.057104 0.057104
0 0.229880 0.015418 0.104277 0.104277
0 0.620333 0.572291 0.071945 0.071945
0 0.458347 0.984914 0.061130 0.061130
0 0.445923 0.065601 0.061130 0.061130
0 0.315097 0.044859 0.061130 0.061130
0 0.825220 0.900922 0.062220 0.062220
0 0.603132 0.313441 0.052757 0.052757
0 0.524037 0.005000 0.071945 0.071945
0 0.399494 0.434642 0.057104 0.057104
0 0.935496 0.525366 0.061130 0.061130
0 0.463024 0.177652 0.057104 0.057104
0 0.477530 0.685618 0.061130 0.061130
0 0.261479 0.188794 0.061130 0.061130
0 0.444142 0.522804 0.062220 0.062220
0 0.621960 0.921414 0.057104 0.057104
0 0.932468 0.930321 0.057104 0.057104
0 0.351451 0.968477 0.057104 0.057104
0 0.424156 0.863588 0.104277 0.104277
0 0.234632 0.666500 0.061130 0.061130
0 0.978418 0.172188 0.104277 0.104277
0 0.756936 0.252175 0.061130 0.061130
0 0.700787 0.072091 0.104277 0.104277
0 0.621724 0.999523 0.061130 0.061130
0 0.551561 0.986802 0.062220 0.062220
0 0.275848 0.594508 0.061130 0.061130
0 0.467547 0.444869 0.057104 0.057104
0 0.323080 0.810180 0.104277 0.104277
0 0.766372 0.101180 0.071945 0.071945
0 0.325915 0.452218 0.052757 0.052757
0 0.996935 0.327622 0.061130 0.061130
0 0.833245 0.635968 0.057104 0.057104
0 0.708003 0.626317 0.104277 0.104277
0 0.281622 0.967525 0.057104 0.057104
0 0.399528 0.225330 0.062220 0.062220
0 0.980601 0.085037 0.057104 0.057104
0 0.732130 0.431394 0.062220 0.062220
0 0.361462 0.600190 0.071945 0.071945
0 0.831323 0.126336 0.057104 0.057104
0 0.430312 0.787125 0.061130 0.061130
0 0.513400 0.354550 0.104277 0.104277
0 0.631941 0.490249 0.052757 0.052757
0 0.518802 0.234845 0.057104 0.057104
0 0.814377 0.823030 0.057104 0.057104
0 0.579192 0.415706 0.062220 0.062220
0 0.233382 0.755932 0.071945 0.071945
0 0.265933 0.273593 0.061130 0.061130
0 0.398334 0.723315 0.062220 0.062220