0 0.835177 0.560130 0.104278 0.104278
0 0.890833 0.997252 0.104277 0.104277
0 0.953321 0.721478 0.052757 0.052757
0 0.012208 0.316238 0.052757 0.052757
0 0.564136 0.055606 0.052757 0.052757
0 0.477854 0.712453 0.061130 0.061130
0 0.852615 0.670935 0.052757 0.052757
0 0.873686 0.842162 0.052757 0.052757
0 0.617237 0.991025 0.104277 0.104277
0 0.949993 0.917297 0.071945 0.071945
0 0.699594 0.922823 0.104277 0.104277
0 0.623761 0.891883 0.061130 0.061130
0 0.487822 0.476787 0.057104 0.057104
0 0.838869 0.130608 0.104277 0.104277
0 0.530832 0.789840 0.104277 0.104277
0 0.563681 0.263436 0.057104 0.057104
0 0.203289 0.919174 0.061130 0.061130
0 0.785023 0.471568 0.052757 0.052757
0 0.190713 0.457640 0.071945 0.071945
0 0.329318 0.562162 0.104277 0.104277
0 0.249749 0.631086 0.052757 0.052757
0 0.472704 0.631323 0.104277 0.104277
0 0.918273 0.068858 0.071945 0.071945
0 0.970152 0.463813 0.052757 0.052757
0 0.162317 0.625284 0.052757 0.052757
0 0.408659 0.713380 0.052757 0.052757
0 0.837890 0.916341 0.104277 0.104277
0 0.785187 0.777987 0.057104 0.057104
0 0.990524 0.859591 0.052757 0.052757
0 0.363186 0.932524 0.104278 0.104278
0 0.936225 0.384444 0.071945 0.071945
0 0.430035 0.910915 0.052757 0.052757
0 0.709902 0.590041 0.061130 0.061130
0 0.601255 0.488883 0.071945 0.071945
0 0.767904 0.704579 0.052757 0.052757
0 0.989492 0.035307 0.057104 0.057104
0 0.121264 0.187758 0.071945 0.071945
0 0.311088 0.370387 0.061130 0.061130
0 0.114330 0.117302 0.071945 0.071945
0 0.610003 0.212069 0.071945 0.071945
0 0.590159 0.657176 0.061130 0.061130
0 0.560828 0.573511 0.062220 0.062220
0 0.704598 0.424697 0.062220 0.062220
0 0.820259 0.253697 0.061130 0.061130
0 0.029130 0.721688 0.061130 0.061130
0 0.610197 0.819477 0.052757 0.052757
0 0.760371 0.855762 0.057104 0.057104
0 0.310119 0.014312 0.071945 0.071945
0 0.263956 0.520165 0.104277 0.104277
0 0.755571 0.155958 0.061130 0.061130
0 0.323189 0.999788 0.071945 0.071945
0 0.726645 0.084223 0.061130 0.061130
0 0.905325 0.210493 0.104277 0.104277
0 0.759025 0.362084 0.061130 0.061130
0 0.321288 0.096010 0.071945 0.071945
0 0.859118 0.454620 0.057104 0.057104
0 0.751267 0.278402 0.104277 0.104277
0 0.958719 0.532236 0.062220 0.062220
0 0.190031 0.987758 0.057104 0.057104
0 0.955886 0.259030 0.104277 0.104277
0 0.440575 0.047141 0.052757 0.052757
0 0.934791 0.146340 0.052757 0.052757
0 0.272539 0.178235 0.052757 0.052757
0 0.965191 0.790901 0.104277 0.104277
0 0.116175 0.517866 0.052757 0.052757
0 0.013544 0.238574 0.104278 0.104278
0 0.647150 0.019827 0.071945 0.071945
0 0.701478 0.666676 0.104277 0.104277
0 0.196316 0.050668 0.061130 0.061130
0 0.662124 0.520697 0.071945 0.071945
0 0.204266 0.371823 0.104277 0.104277
0 0.905022 0.588325 0.104277 0.104277
0 0.112109 0.966140 0.071945 0.071945
0 0.403190 0.584764 0.071945 0.071945
0 0.543062 0.428861 0.050932 0.050932
0 0.679798 0.249975 0.052757 0.052757
0 0.155173 0.282693 0.057104 0.057104
0 0.445935 0.196866 0.071945 0.071945
0 0.656695 0.157035 0.061130 0.061130
0 0.232297 0.121494 0.062220 0.062220
0 0.870030 0.366537 0.057104 0.057104
0 0.403519 0.483497 0.071945 0.071945
0 0.311156 0.246668 0.104277 0.104277
0 0.017911 0.046612 0.061130 0.061130
0 0.082379 0.605076 0.104277 0.104277
0 0.093485 0.859143 0.057104 0.057104
0 0.653599 0.317001 0.061130 0.061130
0 0.515964 0.160160 0.071945 0.071945
0 0.276487 0.847779 0.104277 0.104277
0 0.326630 0.692014 0.104277 0.104277
0 0.867147 0.759992 0.061131 0.061131
0 0.110253 0.347410 0.062220 0.062220
0 0.714254 0.801317 0.104277 0.104277
0 0.317136 0.468316 0.052757 0.052757
0 0.842459 0.022653 0.062220 0.062220
0 0.614391 0.413686 0.062220 0.062220
0 0.410146 0.391590 0.062220 0.062220
0 0.232303 0.766791 0.052757 0.052757
0 0.111532 0.681580 0.104277 0.104277
0 0.201192 0.839427 0.061130 0.061130
0 0.050037 0.443479 0.057104 0.057104
0 0.324535 0.782377 0.062220 0.062220
0 0.391045 0.817419 0.071945 0.071945
0 0.789159 0.630044 0.071945 0.071945
0 0.620152 0.741073 0.061130 0.061130
0 0.259914 0.301595 0.071945 0.071945
0 0.029038 0.963859 0.052757 0.052757
0 0.354999 0.306564 0.047555 0.047555
0 0.489099 0.331360 0.052757 0.052757
0 0.520667 0.928523 0.104277 0.104277
0 0.001639 0.624311 0.071945 0.071945
0 0.294218 0.923795 0.052757 0.052757
0 0.119516 0.430365 0.057103 0.057103
0 0.773544 0.029647 0.071945 0.071945
0 0.484819 0.549465 0.071945 0.071945
0 0.103227 0.752922 0.104277 0.104277
0 0.569049 0.339241 0.071945 0.071945
0 0.016181 0.134828 0.062220 0.062220