0 0.570545 0.686351 0.062220 0.062220
0 0.877957 0.831955 0.062220 0.062220
0 0.903937 0.475321 0.052757 0.052757
0 0.915629 0.561870 0.104277 0.104277
0 0.755979 0.109328 0.061130 0.061130
0 0.674531 0.886242 0.052757 0.052757
0 0.512874 0.741233 0.071945 0.071945
0 0.633722 0.970912 0.062220 0.062220
0 0.895362 0.387900 0.104277 0.104277
0 0.977719 0.319698 0.104277 0.104277
0 0.901886 0.288758 0.061130 0.061130
0 0.260809 0.197292 0.062220 0.062220
0 0.367296 0.774359 0.061130 0.061130
0 0.808957 0.186715 0.104277 0.104277
0 0.644162 0.692413 0.061130 0.061130
0 0.624578 0.604530 0.052757 0.052757
0 0.785380 0.605357 0.061130 0.061130
0 0.866224 0.730815 0.062220 0.062220
0 0.481414 0.316049 0.061130 0.061130
0 0.283885 0.434661 0.104278 0.104278
0 0.527874 0.027961 0.052757 0.052757
0 0.908113 0.639025 0.057104 0.057104
0 0.725911 0.840468 0.062220 0.062220
0 0.750829 0.028198 0.104277 0.104277
0 0.824309 0.426680 0.052757 0.052757
0 0.440442 0.022159 0.052757 0.052757
0 0.432898 0.873946 0.062220 0.062220
0 0.944659 0.774468 0.057104 0.057104
0 0.686784 0.110255 0.052757 0.052757
0 0.756734 0.686569 0.061130 0.061130
0 0.966480 0.398848 0.061130 0.061130
0 0.641311 0.329399 0.104278 0.104278
0 0.708160 0.307790 0.052757 0.052757
0 0.721964 0.947600 0.062220 0.062220
0 0.349269 0.486867 0.062220 0.062220
0 0.500601 0.574091 0.062220 0.062220
0 0.717621 0.562814 0.057104 0.057104
0 0.868284 0.054051 0.061130 0.061130
0 0.507775 0.906097 0.062220 0.062220
0 0.779830 0.992941 0.062220 0.062220
0 0.307255 0.118563 0.061130 0.061130
0 0.875589 0.958860 0.104277 0.104277
0 0.888322 0.216352 0.052757 0.052757
0 0.674039 0.430283 0.057104 0.057104
0 0.383037 0.667973 0.104278 0.104278
0 0.601314 0.396663 0.071945 0.071945
0 0.501675 0.661437 0.052757 0.052757
0 0.539899 0.476229 0.052757 0.052757
0 0.732195 0.472121 0.071945 0.071945
0 0.258223 0.504703 0.104277 0.104277
0 0.434578 0.715955 0.057104 0.057104
0 0.468156 0.384633 0.057104 0.057104
0 0.438653 0.462455 0.104277 0.104277
0 0.979603 0.063551 0.104277 0.104277
0 0.399780 0.581980 0.104277 0.104277
0 0.390234 0.363015 0.071945 0.071945
0 0.826757 0.890880 0.104277 0.104277
0 0.264403 0.304256 0.057104 0.057104
0 0.400054 0.991639 0.061131 0.061131
0 0.281190 0.986697 0.057104 0.057104
0 0.611724 0.507014 0.052757 0.052757
0 0.360504 0.001951 0.104277 0.104277
0 0.371610 0.256018 0.057104 0.057104
0 0.260349 0.914780 0.062220 0.062220
0 0.554612 0.244654 0.104277 0.104277
0 0.604755 0.088889 0.104277 0.104277
0 0.992379 0.198192 0.104277 0.104277
0 0.510428 0.163666 0.052757 0.052757
0 0.593999 0.799582 0.057104 0.057104
0 0.314761 0.707969 0.062220 0.062220
0 0.314935 0.635534 0.057104 0.057104
0 0.389657 0.078455 0.104277 0.104277
0 0.479317 0.236302 0.061130 0.061130
0 0.984807 0.890936 0.052757 0.052757
0 0.602660 0.179252 0.062220 0.062220
0 0.669170 0.214294 0.071945 0.071945
0 0.898277 0.137948 0.061130 0.061130
0 0.307163 0.360734 0.052757 0.052757
0 0.689960 0.775666 0.104277 0.104277
0 0.349938 0.899508 0.057104 0.057104
0 0.798792 0.325398 0.104277 0.104277
0 0.279764 0.021186 0.071945 0.071945
0 0.572343 0.320670 0.052757 0.052757
0 0.381352 0.149797 0.104277 0.104277
0 0.838076 0.495658 0.104277 0.104277
0 0.262678 0.783690 0.057104 0.057104