0 0.389295 0.401976 0.062220 0.062220
0 0.734933 0.741604 0.062220 0.062220
0 0.696707 0.547580 0.062220 0.062220
0 0.472609 0.855218 0.057103 0.057103
0 0.987708 0.109752 0.104277 0.104277
0 0.722687 0.190946 0.052757 0.052757
0 0.734379 0.277495 0.104277 0.104277
0 0.493281 0.601867 0.052757 0.052757
0 0.926220 0.694705 0.071945 0.071945
0 0.331624 0.456858 0.071945 0.071945
0 0.452472 0.686537 0.062220 0.062220
0 0.357505 0.879519 0.071945 0.071945
0 0.714112 0.103525 0.104277 0.104277
0 0.796469 0.035323 0.104277 0.104277
0 0.720636 0.004383 0.061130 0.061130
0 0.382424 0.717173 0.104277 0.104277
0 0.186046 0.489984 0.061130 0.061130
0 0.462912 0.408038 0.061130 0.061130
0 0.443328 0.320155 0.052757 0.052757
0 0.234474 0.786336 0.104278 0.104278
0 0.942602 0.421492 0.057104 0.057104
0 0.847577 0.181378 0.104277 0.104277
0 0.632353 0.901101 0.062220 0.062220
0 0.604130 0.320982 0.061130 0.061130
0 0.684974 0.446440 0.062220 0.062220
0 0.300164 0.031674 0.061130 0.061130
0 0.880118 0.528250 0.057104 0.057104
0 0.102635 0.150286 0.104278 0.104278
0 0.996094 0.558341 0.104277 0.104277
0 0.790183 0.884396 0.071945 0.071945
0 0.726863 0.354650 0.057104 0.057104
0 0.492199 0.783781 0.061130 0.061130
0 0.935531 0.767670 0.071945 0.071945
0 0.544661 0.556093 0.062220 0.062220
0 0.643059 0.142305 0.052757 0.052757
0 0.742780 0.812406 0.057104 0.057104
0 0.251648 0.589571 0.062220 0.062220
0 0.763409 0.490093 0.057104 0.057104
0 0.934765 0.028841 0.104277 0.104277
0 0.575484 0.402194 0.061130 0.061130
0 0.706624 0.892059 0.052757 0.052757
0 0.785230 0.114473 0.061130 0.061130
0 0.460061 0.045024 0.104278 0.104278
0 0.526910 0.023415 0.052757 0.052757
0 0.540714 0.663225 0.062220 0.062220
0 0.961639 0.632062 0.057104 0.057104
0 0.168019 0.202492 0.062220 0.062220
0 0.665929 0.783420 0.050891 0.050891
0 0.319351 0.289716 0.062220 0.062220
0 0.391755 0.798855 0.104277 0.104277
0 0.536371 0.278439 0.057104 0.057104
0 0.829799 0.675726 0.062220 0.062220
0 0.905326 0.142833 0.071945 0.071945
0 0.950618 0.884792 0.057104 0.057104
0 0.326525 0.621722 0.062220 0.062220
0 0.550949 0.862442 0.052757 0.052757
0 0.598580 0.708566 0.062220 0.062220
0 0.694339 0.674485 0.104277 0.104277
0 0.492789 0.145908 0.057104 0.057104
0 0.201787 0.383598 0.104278 0.104278
0 0.420064 0.112288 0.071945 0.071945
0 0.320425 0.377062 0.052757 0.052757
0 0.229608 0.893189 0.071945 0.071945
0 0.138996 0.898864 0.052757 0.052757
0 0.856187 0.803663 0.061130 0.061130
0 0.859711 0.398781 0.062220 0.062220
0 0.837056 0.252637 0.071945 0.071945
0 0.994610 0.718815 0.062220 0.062220
0 0.289223 0.846961 0.057104 0.057104
0 0.358649 0.191854 0.052757 0.052757
0 0.550945 0.187746 0.071945 0.071945
0 0.076973 0.220328 0.104277 0.104277
0 0.253328 0.431580 0.057104 0.057104
0 0.286906 0.100258 0.057104 0.057104
0 0.567527 0.781375 0.062220 0.062220
0 0.257403 0.178080 0.104277 0.104277
0 0.865765 0.907013 0.062220 0.062220
0 0.969465 0.489803 0.071945 0.071945
0 0.218530 0.297605 0.104277 0.104277
0 0.208984 0.078640 0.071945 0.071945
0 0.108683 0.822411 0.104277 0.104277
0 0.645507 0.606505 0.104277 0.104277
0 0.083153 0.019881 0.057104 0.057104
0 0.218804 0.707264 0.061131 0.061131
0 0.099940 0.702322 0.057104 0.057104
0 0.430474 0.222639 0.052757 0.052757
0 0.079099 0.630405 0.062220 0.062220
0 0.876782 0.611283 0.052757 0.052757
0 0.292141 0.722359 0.057104 0.057104
0 0.412749 0.515207 0.057104 0.057104
0 0.133511 0.423594 0.062220 0.062220
0 0.133685 0.351159 0.057104 0.057104
0 0.803557 0.606561 0.052757 0.052757
0 0.837229 0.471947 0.061130 0.061130
0 0.125913 0.076359 0.052757 0.052757
0 0.508710 0.491291 0.104277 0.104277
0 0.168688 0.615133 0.057104 0.057104
0 0.617542 0.041023 0.104277 0.104277
0 0.391093 0.036295 0.052757 0.052757
0 0.157339 0.759140 0.061130 0.061130
0 0.921435 0.266618 0.052757 0.052757
0 0.656826 0.211283 0.104277 0.104277
0 0.081428 0.499315 0.057104 0.057104