0 0.587255 0.528617 0.071945 0.071945
0 0.572534 0.996564 0.104277 0.104277
0 0.485989 0.642894 0.062220 0.062220
0 0.618967 0.640841 0.057104 0.057104
0 0.651778 0.566149 0.052757 0.052757
0 0.535564 0.906321 0.057104 0.057104
0 0.463724 0.757804 0.104277 0.104277
0 0.448918 0.948280 0.061131 0.061131
0 0.718027 0.062293 0.061130 0.061130
0 0.688456 0.199506 0.061130 0.061130
0 0.298243 0.075962 0.052757 0.052757
0 0.391456 0.023036 0.052757 0.052757
0 0.458726 0.572187 0.052757 0.052757
0 0.332134 0.871813 0.071945 0.071945
0 0.549143 0.772092 0.062220 0.062220
0 0.607300 0.893343 0.071945 0.071945
0 0.689097 0.663884 0.071945 0.071945
0 0.550885 0.592497 0.071945 0.071945
0 0.719398 0.427233 0.061131 0.061131
0 0.738032 0.602097 0.071945 0.071945
0 0.119807 0.424874 0.071945 0.071945
0 0.401206 0.332250 0.061130 0.061130
0 0.217466 0.112252 0.062220 0.062220
0 0.389919 0.695622 0.071945 0.071945
0 0.240368 0.576773 0.061130 0.061130
0 0.750598 0.525460 0.071945 0.071945
0 0.265381 0.695648 0.104277 0.104277
0 0.147366 0.079657 0.052757 0.052757
0 0.016140 0.562192 0.071945 0.071945
0 0.389297 0.827325 0.104277 0.104277
0 0.681385 0.771025 0.104278 0.104278
0 0.273751 0.249094 0.061130 0.061130
0 0.370305 0.228195 0.057104 0.057104
0 0.080356 0.158706 0.071945 0.071945
0 0.630736 0.340529 0.057104 0.057104
0 0.078223 0.811106 0.071945 0.071945
0 0.433417 0.176147 0.062220 0.062220
0 0.092031 0.945520 0.061131 0.061131
0 0.485890 0.433467 0.062220 0.062220
0 0.065646 0.061235 0.052757 0.052757
0 0.449465 0.495034 0.062220 0.062220
0 0.001475 0.306729 0.062220 0.062220
0 0.163008 0.776465 0.062220 0.062220
0 0.546661 0.026250 0.071945 0.071945
0 0.271160 0.166382 0.061131 0.061131
0 0.046039 0.490667 0.061131 0.061131
0 0.661940 0.117782 0.104278 0.104278
0 0.218424 0.302189 0.071945 0.071945
0 0.305056 0.974523 0.071945 0.071945
0 0.733104 0.302527 0.061131 0.061131
0 0.411617 0.422181 0.052757 0.052757
0 0.210055 0.498511 0.057104 0.057104
0 0.511158 0.165574 0.052757 0.052757
0 0.064980 0.339844 0.071945 0.071945
0 0.722828 0.853067 0.057104 0.057104
0 0.603768 0.823187 0.057104 0.057104
0 0.327966 0.315719 0.052757 0.052757
0 0.461138 0.847073 0.052757 0.052757
0 0.146154 0.201847 0.071945 0.071945
0 0.579011 0.107052 0.062220 0.062220
0 0.211188 0.948947 0.052757 0.052757
0 0.347899 0.513087 0.071945 0.071945
0 0.249861 0.427658 0.062220 0.062220
0 0.448577 0.067833 0.071945 0.071945
0 0.581316 0.223089 0.052559 0.052559
0 0.242153 0.792104 0.057104 0.057104
0 0.076560 0.262894 0.071945 0.071945
0 0.623990 0.459446 0.062220 0.062220
0 0.175956 0.865790 0.057104 0.057104
0 0.081805 0.613811 0.104277 0.104277
0 0.148147 0.683248 0.052757 0.052757
0 0.027175 0.901931 0.071945 0.071945
0 0.316817 0.451250 0.104277 0.104277
0 0.155302 0.548792 0.071945 0.071945
0 0.169275 0.358806 0.104277 0.104277
0 0.703530 0.956532 0.061130 0.061130
0 0.528242 0.302895 0.071945 0.071945
0 0.684119 0.493674 0.104278 0.104278
0 0.372058 0.611992 0.104277 0.104277
0 0.428835 0.266685 0.052757 0.052757
0 0.035704 0.672948 0.052757 0.052757
0 0.330139 0.790102 0.062220 0.062220
0 0.381531 0.116027 0.061131 0.061131