0 0.258512 0.904065 0.104277 0.104277
0 0.320338 0.813017 0.071945 0.071945
0 0.472151 0.798627 0.071945 0.071945
0 0.523057 0.347661 0.104277 0.104277
0 0.555537 0.688930 0.061131 0.061131
0 0.713159 0.312189 0.104277 0.104277
0 0.264221 0.676118 0.104277 0.104277
0 0.757348 0.508437 0.057104 0.057104
0 0.883801 0.713397 0.062221 0.062221
0 0.772707 0.676402 0.104277 0.104277
0 0.849733 0.470316 0.104277 0.104277
0 0.676189 0.221946 0.057104 0.057104
0 0.604349 0.073429 0.104277 0.104277
0 0.586652 0.425325 0.104277 0.104277
0 0.134284 0.848574 0.062220 0.062220
0 0.392293 0.612089 0.052757 0.052757
0 0.873754 0.985511 0.071945 0.071945
0 0.589543 0.263905 0.061131 0.061131
0 0.303097 0.970273 0.061131 0.061131
0 0.336231 0.722614 0.057104 0.057104
0 0.472759 0.187438 0.071945 0.071945
0 0.387313 0.930768 0.052757 0.052757
0 0.655370 0.666570 0.104277 0.104277
0 0.689768 0.087717 0.062220 0.062220
0 0.061355 0.760122 0.052757 0.052757
0 0.525647 0.482980 0.062220 0.062220
0 0.443520 0.866728 0.057104 0.057104
0 0.363473 0.549528 0.057104 0.057104
0 0.360320 0.388703 0.052757 0.052757
0 0.834069 0.819485 0.052757 0.052757
0 0.471474 0.526966 0.061130 0.061130
0 0.747925 0.208968 0.071945 0.071945
0 0.186343 0.376006 0.061131 0.061131
0 0.773982 0.780296 0.062221 0.062221
0 0.128555 0.696031 0.052757 0.052757
0 0.775612 0.585784 0.071945 0.071945
0 0.712527 0.815925 0.052757 0.052757
0 0.681337 0.399775 0.061130 0.061130
0 0.699633 0.883787 0.104277 0.104277
0 0.124523 0.971983 0.071945 0.071945
0 0.121469 0.297313 0.062220 0.062220
0 0.414403 0.483989 0.061131 0.061131
0 0.605271 0.907419 0.104277 0.104277
0 0.233618 0.778314 0.071945 0.071945
0 0.463630 0.417442 0.057104 0.057104
0 0.530544 0.011247 0.071945 0.071945
0 0.406006 0.011273 0.104277 0.104277
0 0.874035 0.339352 0.057104 0.057104
0 0.195742 0.938432 0.057104 0.057104
0 0.529922 0.142950 0.104277 0.104277
0 0.822010 0.086650 0.104278 0.104278
0 0.552198 0.849127 0.061130 0.061130
0 0.687124 0.474650 0.061130 0.061130
0 0.630958 0.979742 0.061130 0.061130
0 0.218848 0.126731 0.071945 0.071945
0 0.200216 0.578150 0.104277 0.104277
0 0.502294 0.943610 0.062220 0.062220
0 0.415726 0.714640 0.062220 0.062220
0 0.232656 0.261145 0.061131 0.061131
0 0.008266 0.309842 0.061130 0.061130
0 0.090752 0.207630 0.104277 0.104277
0 0.303633 0.092090 0.062220 0.062220
0 0.826367 0.393354 0.052757 0.052757
0 0.322195 0.331524 0.057104 0.057104
0 0.482798 0.632491 0.071945 0.071945
0 0.092677 0.615619 0.052757 0.052757
0 0.085444 0.385956 0.062220 0.062220
0 0.445681 0.290148 0.071945 0.071945
0 0.050209 0.449574 0.104278 0.104278
0 0.133126 0.116594 0.061131 0.061131
0 0.300352 0.513745 0.062220 0.062220
0 0.893624 0.864726 0.071945 0.071945
0 0.863453 0.168692 0.057104 0.057104
0 0.744393 0.138812 0.057104 0.057104
0 0.601763 0.162698 0.052757 0.052757
0 0.107227 0.515485 0.062220 0.062220
0 0.776790 0.914948 0.071945 0.071945
0 0.351813 0.264572 0.052757 0.052757
0 0.139147 0.447856 0.071945 0.071945
0 0.052727 0.684417 0.062220 0.062220
0 0.871171 0.563923 0.104277 0.104277
0 0.382778 0.107729 0.057104 0.057104
0 0.625758 0.596152 0.057104 0.057104
0 0.316581 0.181415 0.057104 0.057104
0 0.048709 0.925778 0.062220 0.062220
0 0.179348 0.504782 0.052757 0.052757
0 0.608501 0.736090 0.057104 0.057104
0 0.052286 0.835967 0.061131 0.061131
0 0.167800 0.217556 0.071945 0.071945
0 0.617163 0.522453 0.104277 0.104277
0 0.844155 0.272157 0.061130 0.061130
0 0.036265 0.114345 0.071945 0.071945
0 0.686496 0.550048 0.104277 0.104277
0 0.700676 0.746306 0.052757 0.052757
0 0.470764 0.105727 0.062220 0.062220
0 0.268157 0.391165 0.061131 0.061131