0 0.291427 0.091380 0.104278 0.104278
0 0.056082 0.966330 0.062220 0.062220
0 0.545470 0.683157 0.071945 0.071945
0 0.820591 0.651136 0.071945 0.071945
0 0.347083 0.528502 0.104277 0.104277
0 0.852719 0.766506 0.052757 0.052757
0 0.409571 0.252728 0.052757 0.052757
0 0.996879 0.989994 0.062220 0.062220
0 0.589868 0.439474 0.061130 0.061130
0 0.996146 0.564451 0.104277 0.104277
0 0.082062 0.609696 0.052757 0.052757
0 0.093754 0.696245 0.104277 0.104277
0 0.440218 0.949870 0.104277 0.104277
0 0.308865 0.202185 0.052757 0.052757
0 0.762812 0.401350 0.071945 0.071945
0 0.329936 0.373412 0.052757 0.052757
0 0.443619 0.702612 0.062220 0.062220
0 0.073487 0.522275 0.104277 0.104277
0 0.406243 0.448547 0.071945 0.071945
0 0.155844 0.454073 0.104277 0.104277
0 0.080011 0.423133 0.061130 0.061130
0 0.468972 0.874870 0.057104 0.057104
0 0.963142 0.727570 0.104277 0.104277
0 0.918281 0.918689 0.071945 0.071945
0 0.541659 0.274104 0.104277 0.104277
0 0.841520 0.520208 0.104277 0.104277
0 0.959299 0.331401 0.071945 0.071945
0 0.537319 0.857306 0.104277 0.104277
0 0.964046 0.262955 0.062220 0.062220
0 0.422672 0.798368 0.061130 0.061130
0 0.301977 0.840242 0.057104 0.057104
0 0.206952 0.600128 0.104277 0.104277
0 0.044349 0.865190 0.062220 0.062220
0 0.902002 0.458706 0.057104 0.057104
0 0.944969 0.632381 0.062220 0.062220
0 0.697711 0.759568 0.052757 0.052757
0 0.844719 0.390490 0.062220 0.062220
0 0.241273 0.002818 0.052757 0.052757
0 0.239493 0.947000 0.057104 0.057104
0 0.355469 0.977091 0.104277 0.104277
0 0.086238 0.773400 0.057104 0.057104
0 0.724794 0.055647 0.104277 0.104277
0 0.664928 0.946436 0.071945 0.071945
0 0.002434 0.561055 0.052757 0.052757
0 0.874932 0.861445 0.102474 0.102474
0 0.484116 0.524836 0.052757 0.052757
0 0.769268 0.853620 0.104277 0.104277
0 0.122784 0.908843 0.057104 0.057104
0 0.294140 0.447591 0.104277 0.104277
0 0.241437 0.309237 0.057104 0.057104
0 0.446774 0.390841 0.052757 0.052757
0 0.641249 0.142276 0.054783 0.054783
0 0.778092 0.587412 0.062220 0.062220
0 0.621779 0.662962 0.061131 0.061131
0 0.808801 0.076188 0.057103 0.057103
0 0.144605 0.533223 0.061130 0.061130
0 0.580172 0.591413 0.071945 0.071945
0 0.609351 0.254442 0.071945 0.071945
0 0.368373 0.709962 0.062220 0.062220
0 0.609611 0.325266 0.061130 0.061130
0 0.166152 0.121291 0.061130 0.061130
0 0.583318 0.914273 0.057104 0.057104
0 0.057505 0.020133 0.071945 0.071945
0 0.224154 0.235829 0.052757 0.052757
0 0.903107 0.143009 0.061131 0.061131
0 0.489631 0.150944 0.057104 0.057104
0 0.854285 0.010890 0.061131 0.061131
0 0.396040 0.867800 0.104277 0.104277
0 0.264701 0.561583 0.071945 0.071945
0 0.046409 0.188426 0.061130 0.061130
0 0.017078 0.104761 0.062220 0.062220
0 0.699002 0.668684 0.052757 0.052757
0 0.408548 0.628222 0.061130 0.061130
0 0.503826 0.029070 0.052757 0.052757
0 0.066447 0.350727 0.052757 0.052757
0 0.216621 0.387012 0.057104 0.057104
0 0.682111 0.875794 0.062220 0.062220
0 0.219086 0.817531 0.062220 0.062220
0 0.196431 0.671387 0.071945 0.071945
0 0.733764 0.242934 0.052757 0.052757
0 0.414969 0.063486 0.062220 0.062220
0 0.979796 0.116114 0.062220 0.062220
0 0.421441 0.322151 0.104277 0.104277
0 0.776628 0.482445 0.052757 0.052757
0 0.328840 0.908553 0.071945 0.071945
0 0.157728 0.197926 0.104277 0.104277
0 0.688675 0.534309 0.052757 0.052757
0 0.118374 0.051947 0.071945 0.071945
0 0.508212 0.600696 0.057104 0.057104
0 0.361272 0.119575 0.104277 0.104277
0 0.978685 0.467849 0.061131 0.061131
0 0.884322 0.332112 0.057104 0.057104
0 0.605476 0.981275 0.104277 0.104277
0 0.903357 0.066613 0.071945 0.071945
0 0.717609 0.129025 0.104277 0.104277
0 0.775697 0.760745 0.055027 0.055027
0 0.907889 0.561567 0.061131 0.061131
0 0.566388 0.789658 0.062220 0.062220
0 0.985726 0.864923 0.104277 0.104277
0 0.421755 0.555686 0.050559 0.050559
0 0.550894 0.498465 0.061130 0.061130
0 0.680165 0.318837 0.071945 0.071945
0 0.782152 0.173223 0.057104 0.057104
0 0.822198 0.230361 0.104277 0.104277
0 0.522378 0.946621 0.071945 0.071945
0 0.323397 0.291242 0.061131 0.061131
0 0.170504 0.332567 0.104277 0.104277
0 0.678965 0.413390 0.071945 0.071945
0 0.638427 0.802468 0.104277 0.104277
0 0.627690 0.074322 0.052757 0.052757
0 0.555127 0.108549 0.104277 0.104277
0 0.802437 0.946725 0.061130 0.061130
0 0.245409 0.161294 0.071945 0.071945
0 0.076402 0.272323 0.061130 0.061130
0 0.485610 0.227514 0.071945 0.071945
0 0.196604 0.890697 0.061130 0.061130
0 0.791874 0.321965 0.104277 0.104277
0 0.516317 0.365454 0.104277 0.104277
0 0.280810 0.685368 0.052757 0.052757
0 0.016201 0.630033 0.104277 0.104277