0 0.768505 0.284867 0.071945 0.071945
0 0.563682 0.788286 0.104277 0.104277
0 0.753784 0.752814 0.104277 0.104277
0 0.797973 0.949062 0.057104 0.057104
0 0.667239 0.399144 0.062220 0.062220
0 0.800217 0.397091 0.057104 0.057104
0 0.890358 0.910941 0.104277 0.104277
0 0.833028 0.322399 0.052757 0.052757
0 0.716814 0.662571 0.057104 0.057104
0 0.644974 0.514054 0.104277 0.104277
0 0.627277 0.865950 0.104277 0.104277
0 0.630168 0.704530 0.061131 0.061131
0 0.639976 0.328437 0.052757 0.052757
0 0.513384 0.628063 0.071945 0.071945
0 0.730393 0.528342 0.062220 0.062220
0 0.566272 0.923605 0.062220 0.062220
0 0.404098 0.990153 0.057104 0.057104
0 0.400945 0.829328 0.052757 0.052757
0 0.512099 0.967591 0.061130 0.061130
0 0.788550 0.649593 0.071945 0.071945
0 0.870347 0.420134 0.071945 0.071945
0 0.226968 0.816631 0.061131 0.061131
0 0.031143 0.089927 0.070161 0.070161
0 0.732135 0.348747 0.071945 0.071945
0 0.721962 0.840400 0.061130 0.061130
0 0.162094 0.737938 0.062220 0.062220
0 0.900648 0.183483 0.061131 0.061131
0 0.455028 0.924614 0.061131 0.061131
0 0.504255 0.858067 0.057104 0.057104
0 0.919282 0.358347 0.071945 0.071945
0 0.301057 0.181124 0.071945 0.071945
0 0.582456 0.088500 0.061130 0.061130
0 0.116850 0.119680 0.062220 0.062220
0 0.571169 0.451872 0.071945 0.071945
0 0.133978 0.421972 0.061131 0.061131
0 0.421618 0.333023 0.061130 0.061130
0 0.931848 0.281710 0.071945 0.071945
0 0.446631 0.451898 0.104277 0.104277
0 0.153421 0.183516 0.104277 0.104277
0 0.067880 0.029151 0.061130 0.061130
0 0.914660 0.779977 0.057104 0.057104
0 0.197390 0.318442 0.071945 0.071945
0 0.570547 0.583575 0.104277 0.104277
0 0.862635 0.527275 0.104278 0.104278
0 0.727749 0.915275 0.061130 0.061130
0 0.455001 0.005344 0.061130 0.061130
0 0.048441 0.252743 0.104277 0.104277
0 0.811986 0.096779 0.057104 0.057104
0 0.259473 0.567356 0.071945 0.071945
0 0.273281 0.701770 0.061131 0.061131
0 0.048891 0.750467 0.061130 0.061130
0 0.131377 0.648255 0.104277 0.104277
0 0.667140 0.189717 0.062220 0.062220
0 0.630715 0.251284 0.062220 0.062220
0 0.182725 0.062979 0.062220 0.062220
0 0.344258 0.532715 0.062220 0.062220
0 0.866992 0.833979 0.052757 0.052757
0 0.036302 0.485618 0.062220 0.062220
0 0.362820 0.772149 0.057104 0.057104
0 0.227289 0.246917 0.061131 0.061131
0 0.126069 0.826581 0.062220 0.062220
0 0.131133 0.284235 0.061131 0.061131
0 0.399674 0.058439 0.071945 0.071945
0 0.486306 0.730773 0.071945 0.071945
0 0.090834 0.890199 0.104278 0.104278
0 0.914354 0.058777 0.061131 0.061131
0 0.094117 0.362398 0.052757 0.052757
0 0.173751 0.557219 0.061131 0.061131
0 0.592867 0.178431 0.052757 0.052757
0 0.391305 0.254761 0.057104 0.057104
0 0.340977 0.954370 0.062220 0.062220
0 0.246230 0.096094 0.071945 0.071945
0 0.904078 0.609317 0.057104 0.057104
0 0.785018 0.579437 0.057104 0.057104
0 0.509216 0.071969 0.052757 0.052757
0 0.642388 0.603323 0.052757 0.052757
0 0.147852 0.956110 0.062220 0.062220
0 0.392438 0.705197 0.052757 0.052757
0 0.179772 0.888481 0.071945 0.071945
0 0.529149 0.269337 0.071945 0.071945
0 0.431111 0.183908 0.062220 0.062220
0 0.423403 0.548354 0.057104 0.057104
0 0.257810 0.019144 0.071945 0.071945
0 0.025411 0.848279 0.104277 0.104277
0 0.805240 0.215696 0.062220 0.062220
0 0.357206 0.622040 0.057104 0.057104
0 0.263055 0.370061 0.104277 0.104277
0 0.219973 0.945407 0.052757 0.052757
0 0.031444 0.616160 0.061130 0.061130
0 0.329397 0.439498 0.052757 0.052757
0 0.208425 0.658181 0.071945 0.071945
0 0.498067 0.207500 0.104277 0.104277
0 0.336552 0.305042 0.071945 0.071945
0 0.657788 0.963078 0.104277 0.104277
0 0.350525 0.115056 0.104277 0.104277
0 0.884780 0.712782 0.061130 0.061130
0 0.076890 0.554970 0.071945 0.071945
0 0.709492 0.059145 0.071945 0.071945
0 0.865369 0.249924 0.104278 0.104278
0 0.553308 0.368242 0.104277 0.104277
0 0.727121 0.990673 0.104277 0.104277
0 0.610085 0.022935 0.052757 0.052757
0 0.216954 0.429198 0.052757 0.052757
0 0.511389 0.546352 0.062220 0.062220
0 0.308782 0.831790 0.061131 0.061131