0 0.089295 0.805101 0.062220 0.062220
0 0.632052 0.075755 0.104278 0.104278
0 0.396707 0.950705 0.062220 0.062220
0 0.886095 0.667532 0.071945 0.071945
0 0.687708 0.512877 0.104277 0.104277
0 0.750196 0.237103 0.052757 0.052757
0 0.930493 0.423849 0.061130 0.061130
0 0.422687 0.594071 0.052757 0.052757
0 0.434379 0.680620 0.104277 0.104277
0 0.274729 0.228078 0.061130 0.061130
0 0.780843 0.934245 0.104277 0.104277
0 0.031624 0.859983 0.071945 0.071945
0 0.649490 0.186560 0.052757 0.052757
0 0.670561 0.357787 0.052757 0.052757
0 0.784244 0.686987 0.062220 0.062220
0 0.414112 0.506650 0.104277 0.104277
0 0.746868 0.432922 0.071945 0.071945
0 0.496469 0.438448 0.104277 0.104277
0 0.420636 0.407508 0.061130 0.061130
0 0.809597 0.859245 0.057104 0.057104
0 0.327707 0.305465 0.104277 0.104277
0 0.162912 0.811163 0.061130 0.061130
0 0.882284 0.258479 0.104277 0.104277
0 0.143328 0.723280 0.052757 0.052757
0 0.877944 0.841681 0.104277 0.104277
0 0.763297 0.782743 0.061130 0.061130
0 0.642602 0.824617 0.057104 0.057104
0 0.547577 0.584503 0.104277 0.104277
0 0.304130 0.724107 0.061130 0.061130
0 0.384974 0.849565 0.062220 0.062220
0 0.000164 0.434799 0.061130 0.061130
0 0.580118 0.931375 0.057104 0.057104
0 0.696094 0.961466 0.104277 0.104277
0 0.126193 0.077787 0.104277 0.104277
0 0.046624 0.146711 0.052757 0.052757
0 0.426863 0.757775 0.057104 0.057104
0 0.244661 0.959218 0.062220 0.062220
0 0.269579 0.146948 0.104277 0.104277
0 0.343059 0.545430 0.052757 0.052757
0 0.824741 0.509211 0.052757 0.052757
0 0.463409 0.893218 0.057104 0.057104
0 0.205534 0.229005 0.052757 0.052757
0 0.634765 0.431966 0.104277 0.104277
0 0.582062 0.293612 0.057104 0.057104
0 0.787399 0.375216 0.052757 0.052757
0 0.981874 0.126651 0.054783 0.054783
0 0.275484 0.805319 0.061130 0.061130
0 0.962404 0.647337 0.061131 0.061131
0 0.485230 0.517598 0.061130 0.061130
0 0.920797 0.575788 0.071945 0.071945
0 0.949976 0.238817 0.071945 0.071945
0 0.160061 0.448149 0.104278 0.104278
0 0.708998 0.694337 0.062220 0.062220
0 0.950236 0.309641 0.061130 0.061130
0 0.226910 0.426540 0.052757 0.052757
0 0.506777 0.105666 0.061130 0.061130
0 0.923943 0.898648 0.057104 0.057104
0 0.398130 0.004508 0.071945 0.071945
0 0.564779 0.220204 0.052757 0.052757
0 0.830256 0.135319 0.057104 0.057104
0 0.736665 0.852175 0.104277 0.104277
0 0.019351 0.692841 0.062220 0.062220
0 0.236371 0.681564 0.057104 0.057104
0 0.605326 0.545958 0.071945 0.071945
0 0.387034 0.172801 0.061130 0.061130
0 0.357703 0.089136 0.062220 0.062220
0 0.749173 0.612597 0.061130 0.061130
0 0.844451 0.013445 0.052757 0.052757
0 0.407072 0.335102 0.052757 0.052757
0 0.557246 0.371387 0.057104 0.057104
0 0.192789 0.549033 0.057104 0.057104
0 0.060831 0.035790 0.104277 0.104277
0 0.120064 0.515413 0.071945 0.071945
0 0.020425 0.780187 0.052757 0.052757
0 0.559711 0.801906 0.062220 0.062220
0 0.537056 0.655762 0.071945 0.071945
0 0.058649 0.594979 0.052757 0.052757
0 0.250945 0.590871 0.071945 0.071945
0 0.755594 0.047861 0.062220 0.062220
0 0.762066 0.306526 0.104277 0.104277
0 0.669465 0.892928 0.071945 0.071945
0 0.498353 0.182301 0.104277 0.104277
0 0.458999 0.036322 0.071945 0.071945
0 0.848837 0.585071 0.057104 0.057104
0 0.701897 0.103950 0.104277 0.104277
0 0.200065 0.100389 0.071945 0.071945
0 0.946101 0.965650 0.104277 0.104277
0 0.130474 0.625764 0.052757 0.052757
0 0.907013 0.774033 0.062220 0.062220
0 0.762380 0.540061 0.050559 0.050559
0 0.073362 0.363404 0.104277 0.104277
0 0.891519 0.482840 0.061130 0.061130
0 0.123505 0.207639 0.104277 0.104277
0 0.863003 0.930996 0.071945 0.071945
0 0.664022 0.275617 0.061131 0.061131
0 0.511129 0.316942 0.104277 0.104277
0 0.979052 0.786843 0.104277 0.104277
0 0.968315 0.058697 0.052757 0.052757
0 0.895752 0.092924 0.104277 0.104277
0 0.029178 0.282416 0.052757 0.052757
0 0.112749 0.918332 0.057104 0.057104
0 0.121410 0.298002 0.062220 0.062220
0 0.187920 0.333044 0.071945 0.071945
0 0.586034 0.145669 0.071945 0.071945
0 0.417027 0.256698 0.061130 0.061130
0 0.826235 0.211889 0.071945 0.071945
0 0.537229 0.875072 0.061130 0.061130
0 0.208710 0.894416 0.104277 0.104277
0 0.317542 0.444148 0.104277 0.104277
0 0.856942 0.349829 0.104277 0.104277
0 0.091093 0.439420 0.052757 0.052757
0 0.621435 0.669743 0.052757 0.052757
0 0.281694 0.065090 0.071945 0.071945
0 0.356826 0.614408 0.104277 0.104277