0 0.621120 0.216573 0.062220 0.062220
0 0.370112 0.519606 0.104277 0.104277
0 0.398170 0.929562 0.057103 0.057103
0 0.031770 0.902848 0.104277 0.104277
0 0.169516 0.975207 0.052757 0.052757
0 0.575194 0.275415 0.062220 0.062220
0 0.917593 0.979131 0.061131 0.061131
0 0.721768 0.252427 0.070161 0.070161
0 0.352488 0.244039 0.104278 0.104278
0 0.602975 0.679752 0.057104 0.057104
0 0.852719 0.900438 0.062220 0.062220
0 0.019209 0.058646 0.062220 0.062220
0 0.330290 0.751700 0.104277 0.104277
0 0.991682 0.343624 0.071945 0.071945
0 0.511169 0.223551 0.071945 0.071945
0 0.807475 0.282180 0.062220 0.062220
0 0.824603 0.584472 0.061131 0.061131
0 0.139051 0.684759 0.104277 0.104277
0 0.032628 0.298923 0.104277 0.104277
0 0.844046 0.346016 0.104277 0.104277
0 0.252584 0.281618 0.071945 0.071945
0 0.758505 0.191651 0.061130 0.061130
0 0.349687 0.615849 0.057104 0.057104
0 0.471390 0.074892 0.071945 0.071945
0 0.008551 0.596812 0.062220 0.062220
0 0.540740 0.834883 0.057104 0.057104
0 0.298257 0.564718 0.104277 0.104277
0 0.888015 0.480942 0.071945 0.071945
0 0.070196 0.743111 0.062220 0.062220
0 0.405694 0.013893 0.104277 0.104277
0 0.221935 0.089673 0.104277 0.104277
0 0.349156 0.126330 0.057104 0.057104
0 0.573904 0.596179 0.104277 0.104277
0 0.952231 0.077456 0.071945 0.071945
0 0.460763 0.877318 0.052757 0.052757
0 0.264618 0.433666 0.052757 0.052757
0 0.739066 0.415243 0.104277 0.104277
0 0.839930 0.159840 0.057104 0.057104
0 0.531679 0.417027 0.062220 0.062220
0 0.213938 0.900660 0.062220 0.062220
0 0.950098 0.729856 0.071945 0.071945
0 0.117429 0.359244 0.062220 0.062220
0 0.386004 0.680348 0.057104 0.057104
0 0.543158 0.929383 0.057104 0.057104
0 0.810402 0.061971 0.071945 0.071945
0 0.699857 0.122153 0.071945 0.071945
0 0.591548 0.758712 0.052757 0.052757
0 0.662739 0.827793 0.104277 0.104277
0 0.631296 0.396904 0.062220 0.062220
0 0.062887 0.475135 0.061130 0.061130
0 0.561499 0.057207 0.052757 0.052757
0 0.963906 0.864270 0.061131 0.061131
0 0.438821 0.320031 0.071945 0.071945
0 0.739516 0.912967 0.061130 0.061130
0 0.429487 0.555815 0.052757 0.052757
0 0.475429 0.767398 0.057104 0.057104
0 0.304708 0.950416 0.071945 0.071945
0 0.822002 0.810755 0.104277 0.104277
0 0.873350 0.225479 0.062220 0.062220
0 0.072646 0.136224 0.104277 0.104277
0 0.143750 0.085813 0.057104 0.057104
0 0.726927 0.648118 0.062220 0.062220
0 0.130298 0.443726 0.061130 0.061130
0 0.287507 0.691566 0.052757 0.052757
0 0.617096 0.112318 0.052757 0.052757
0 0.917914 0.409417 0.061131 0.061131
0 0.816694 0.989081 0.062220 0.062220
0 0.208412 0.383125 0.071945 0.071945
0 0.821758 0.446735 0.061131 0.061131
0 0.170326 0.162485 0.104277 0.104277
0 0.083869 0.812767 0.057104 0.057104
0 0.694713 0.022535 0.057104 0.057104
0 0.066839 0.233614 0.057104 0.057104
0 0.619871 0.903491 0.061130 0.061130
0 0.147399 0.555777 0.057104 0.057104
0 0.311223 0.065229 0.062220 0.062220
0 0.784742 0.524898 0.052757 0.052757
0 0.864376 0.719719 0.061131 0.061131
0 0.689709 0.324931 0.052757 0.052757
0 0.128517 0.900929 0.062220 0.062220
0 0.936855 0.258594 0.071945 0.071945
0 0.662793 0.550313 0.104277 0.104277
0 0.441311 0.630300 0.061130 0.061130
0 0.385162 0.450216 0.104277 0.104277
0 0.347863 0.321116 0.052757 0.052757
0 0.151922 0.822994 0.057104 0.057104
0 0.568362 0.354879 0.057104 0.057104
0 0.450747 0.479305 0.071945 0.071945
0 0.526891 0.119742 0.104277 0.104277
0 0.010290 0.830343 0.052757 0.052757
0 0.681310 0.705747 0.061130 0.061130
0 0.948435 0.181644 0.071945 0.071945
0 0.444884 0.241809 0.056505 0.056505
0 0.953680 0.532561 0.104277 0.104277
0 0.722069 0.778660 0.061130 0.061130
0 0.083903 0.603455 0.062220 0.062220
0 0.899050 0.820681 0.071945 0.071945
0 0.664976 0.463162 0.057104 0.057104
0 0.439181 0.173120 0.061130 0.061130
0 0.416505 0.809519 0.062220 0.062220
0 0.767515 0.717470 0.071945 0.071945
0 0.045837 0.978315 0.071945 0.071945
0 0.772082 0.123205 0.057103 0.057103
0 0.515698 0.504461 0.057104 0.057104
0 0.238735 0.196922 0.062220 0.062220
0 0.197775 0.732675 0.104277 0.104277
0 0.175998 0.317341 0.057104 0.057104
0 0.316316 0.868374 0.052757 0.052757
0 0.203177 0.612970 0.057104 0.057104
0 0.263567 0.793831 0.062220 0.062220
0 0.907579 0.591698 0.052757 0.052757
0 0.999407 0.994290 0.061131 0.061131