0 0.640380 0.197367 0.071945 0.071945
0 0.435557 0.700786 0.104277 0.104277
0 0.625659 0.665314 0.104277 0.104277
0 0.669848 0.861562 0.057104 0.057104
0 0.539114 0.311644 0.062220 0.062220
0 0.672092 0.309591 0.057104 0.057104
0 0.762233 0.823441 0.104277 0.104277
0 0.704903 0.234899 0.052757 0.052757
0 0.588689 0.575071 0.057104 0.057104
0 0.516849 0.426554 0.104277 0.104277
0 0.499152 0.778450 0.104277 0.104277
0 0.304793 0.965214 0.052757 0.052757
0 0.502043 0.617030 0.061131 0.061131
0 0.511851 0.240937 0.052757 0.052757
0 0.385259 0.540563 0.071945 0.071945
0 0.602268 0.440842 0.062220 0.062220
0 0.438147 0.836105 0.062220 0.062220
0 0.275973 0.902653 0.057104 0.057104
0 0.272820 0.741828 0.052757 0.052757
0 0.383974 0.880091 0.061130 0.061130
0 0.660425 0.562093 0.071945 0.071945
0 0.742222 0.332634 0.071945 0.071945
0 0.098843 0.729131 0.061131 0.061131
0 0.604010 0.261247 0.071945 0.071945
0 0.688112 0.938909 0.071945 0.071945
0 0.593837 0.752900 0.061130 0.061130
0 0.033969 0.650438 0.062220 0.062220
0 0.772523 0.095983 0.061131 0.061131
0 0.326903 0.837114 0.061131 0.061131
0 0.376130 0.770567 0.057104 0.057104
0 0.791157 0.270847 0.071945 0.071945
0 0.172932 0.093624 0.071945 0.071945
0 0.454331 0.001000 0.061130 0.061130
0 0.443044 0.364372 0.071945 0.071945
0 0.005853 0.334472 0.061131 0.061131
0 0.293493 0.245523 0.061130 0.061130
0 0.803723 0.194210 0.071945 0.071945
0 0.318506 0.364398 0.104277 0.104277
0 0.025296 0.096016 0.104277 0.104277
0 0.786535 0.692477 0.057104 0.057104
0 0.069265 0.230942 0.071945 0.071945
0 0.442422 0.496075 0.104277 0.104277
0 0.734510 0.439775 0.104278 0.104278
0 0.599624 0.827775 0.061130 0.061130
0 0.683861 0.009279 0.057104 0.057104
0 0.131348 0.479856 0.071945 0.071945
0 0.112716 0.931275 0.104277 0.104277
0 0.145156 0.614270 0.061131 0.061131
0 0.003252 0.560755 0.104277 0.104277
0 0.539015 0.102217 0.062220 0.062220
0 0.502590 0.163784 0.062220 0.062220
0 0.216133 0.445215 0.062220 0.062220
0 0.738867 0.746479 0.052757 0.052757
0 0.234695 0.684649 0.057104 0.057104
0 0.099164 0.159417 0.061131 0.061131
0 0.395298 0.985616 0.071945 0.071945
0 0.005177 0.968744 0.052757 0.052757
0 0.003008 0.196735 0.061131 0.061131
0 0.358181 0.643273 0.071945 0.071945
0 0.045626 0.469719 0.061131 0.061131
0 0.464742 0.090931 0.052757 0.052757
0 0.263180 0.167261 0.057104 0.057104
0 0.212852 0.866870 0.062220 0.062220
0 0.118105 0.008594 0.071945 0.071945
0 0.775953 0.521817 0.057104 0.057104
0 0.656893 0.491937 0.057104 0.057104
0 0.514263 0.515823 0.052757 0.052757
0 0.019727 0.868610 0.062220 0.062220
0 0.264313 0.617697 0.052757 0.052757
0 0.051647 0.800981 0.071945 0.071945
0 0.783671 0.917048 0.104277 0.104277
0 0.401024 0.181837 0.071945 0.071945
0 0.302986 0.096408 0.062220 0.062220
0 0.295278 0.460854 0.057104 0.057104
0 0.538258 0.949277 0.057104 0.057104
0 0.677115 0.128196 0.062220 0.062220
0 0.229081 0.534540 0.057104 0.057104
0 0.134930 0.282561 0.104277 0.104277
0 0.091848 0.857907 0.052757 0.052757
0 0.201272 0.351998 0.052757 0.052757
0 0.080300 0.570681 0.071945 0.071945
0 0.369942 0.120000 0.104277 0.104277
0 0.208427 0.217542 0.071945 0.071945
0 0.529663 0.875578 0.104277 0.104277
0 0.222400 0.027556 0.104277 0.104277
0 0.756655 0.625282 0.061130 0.061130
0 0.737244 0.162424 0.104278 0.104278
0 0.425183 0.280742 0.104277 0.104277
0 0.598996 0.903173 0.104277 0.104277
0 0.088829 0.341698 0.052757 0.052757
0 0.383264 0.458852 0.062220 0.062220
0 0.180657 0.744290 0.061131 0.061131