0 0.106808 0.716604 0.062220 0.062220
0 0.068582 0.522580 0.062220 0.062220
0 0.557970 0.239407 0.071945 0.071945
0 0.759514 0.850058 0.052757 0.052757
0 0.833091 0.207386 0.071945 0.071945
0 0.359583 0.084752 0.104277 0.104277
0 0.865219 0.322756 0.052757 0.052757
0 0.566654 0.609739 0.061130 0.061130
0 0.094562 0.165946 0.052757 0.052757
0 0.992735 0.716437 0.052757 0.052757
0 0.628781 0.717831 0.104277 0.104277
0 0.106254 0.252495 0.104277 0.104277
0 0.452718 0.506120 0.104277 0.104277
0 0.411579 0.627731 0.104277 0.104277
0 0.298095 0.669705 0.071945 0.071945
0 0.456119 0.258862 0.062220 0.062220
0 0.085987 0.078525 0.104277 0.104277
0 0.418743 0.004797 0.071945 0.071945
0 0.168344 0.010323 0.104277 0.104277
0 0.885534 0.569040 0.104277 0.104277
0 0.481472 0.431120 0.057104 0.057104
0 0.975642 0.283820 0.104277 0.104277
0 0.996549 0.897141 0.104277 0.104277
0 0.930781 0.474939 0.071945 0.071945
0 0.854020 0.076458 0.104277 0.104277
0 0.491596 0.785730 0.062220 0.062220
0 0.549819 0.413556 0.104277 0.104277
0 0.967033 0.627698 0.052757 0.052757
0 0.707481 0.710748 0.062220 0.062220
0 0.435172 0.354618 0.061130 0.061130
0 0.314477 0.396492 0.057104 0.057104
0 0.219452 0.156378 0.104277 0.104277
0 0.004228 0.876101 0.062220 0.062220
0 0.056849 0.421440 0.062220 0.062220
0 0.914502 0.014956 0.057104 0.057104
0 0.957469 0.188631 0.062220 0.062220
0 0.710211 0.315818 0.052757 0.052757
0 0.251993 0.503250 0.057104 0.057104
0 0.367969 0.533341 0.104277 0.104277
0 0.162058 0.859396 0.071945 0.071945
0 0.098738 0.329650 0.057104 0.057104
0 0.828954 0.703568 0.062220 0.062220
0 0.677428 0.502686 0.071945 0.071945
0 0.307406 0.742670 0.071945 0.071945
0 0.014934 0.117305 0.052757 0.052757
0 0.887432 0.417695 0.102474 0.102474
0 0.114655 0.787406 0.057104 0.057104
0 0.928321 0.774815 0.071945 0.071945
0 0.496616 0.081086 0.052757 0.052757
0 0.781768 0.409870 0.104277 0.104277
0 0.135284 0.465093 0.057104 0.057104
0 0.306640 0.003841 0.104277 0.104277
0 0.830171 0.874609 0.104277 0.104277
0 0.790592 0.143662 0.062220 0.062220
0 0.634279 0.219212 0.061131 0.061131
0 0.078499 0.867059 0.052757 0.052757
0 0.157105 0.089473 0.061130 0.061130
0 0.592672 0.147663 0.071945 0.071945
0 0.380873 0.266212 0.062220 0.062220
0 0.914818 0.871496 0.104277 0.104277
0 0.595818 0.470523 0.057104 0.057104
0 0.333514 0.607062 0.057104 0.057104
0 0.408540 0.424050 0.104277 0.104277
0 0.037804 0.758420 0.050891 0.050891
0 0.201674 0.650726 0.062220 0.062220
0 0.277201 0.117833 0.071945 0.071945
0 0.322493 0.859792 0.057104 0.057104
0 0.736422 0.776501 0.062220 0.062220
0 0.711502 0.224934 0.052757 0.052757
0 0.066214 0.649485 0.104277 0.104277
0 0.421048 0.184472 0.061130 0.061130
0 0.691173 0.875072 0.052757 0.052757
0 0.694611 0.432044 0.062220 0.062220
0 0.228062 0.778663 0.061130 0.061130
0 0.639034 0.611803 0.104277 0.104277
0 0.231586 0.373781 0.062220 0.062220
0 0.208931 0.227637 0.071945 0.071945
0 0.366485 0.693815 0.062220 0.062220
0 0.551029 0.839533 0.052757 0.052757
0 0.823016 0.801469 0.052757 0.052757
0 0.237640 0.882013 0.062220 0.062220
0 0.467127 0.575456 0.062220 0.062220
0 0.789128 0.038695 0.052757 0.052757
0 0.341340 0.464803 0.071945 0.071945
0 0.701175 0.090559 0.052757 0.052757
0 0.642651 0.787363 0.061131 0.061131
0 0.520712 0.156946 0.057104 0.057104
0 0.017382 0.581505 0.104277 0.104277
0 0.991185 0.024099 0.061131 0.061131
0 0.617976 0.537525 0.104277 0.104277
0 0.892092 0.674636 0.052757 0.052757
0 0.788197 0.316995 0.055027 0.055027
0 0.920389 0.117817 0.061131 0.061131
0 0.578888 0.345908 0.062220 0.062220
0 0.461414 0.870443 0.061130 0.061130
0 0.998226 0.421173 0.104277 0.104277
0 0.606632 0.888578 0.062220 0.062220
0 0.434255 0.111936 0.050559 0.050559
0 0.728477 0.610071 0.052757 0.052757
0 0.563394 0.054715 0.061130 0.061130
0 0.248657 0.586283 0.052757 0.052757
0 0.534878 0.502871 0.071945 0.071945
0 0.403407 0.773928 0.061131 0.061131
0 0.650927 0.358718 0.104277 0.104277
0 0.814937 0.502975 0.061130 0.061130
0 0.493428 0.702981 0.104277 0.104277
0 0.175432 0.581561 0.052757 0.052757
0 0.209104 0.446947 0.061130 0.061130
0 0.293310 0.241618 0.052757 0.052757
0 0.028701 0.186283 0.104277 0.104277