0 0.576795 0.776976 0.062220 0.062220
0 0.884207 0.922580 0.062220 0.062220
0 0.910187 0.565946 0.052757 0.052757
0 0.921879 0.652495 0.104277 0.104277
0 0.762229 0.199953 0.061130 0.061130
0 0.680781 0.976867 0.052757 0.052757
0 0.519124 0.831858 0.071945 0.071945
0 0.901612 0.478525 0.104277 0.104277
0 0.983969 0.410323 0.104277 0.104277
0 0.908136 0.379383 0.061130 0.061130
0 0.267059 0.287917 0.062220 0.062220
0 0.373546 0.864984 0.061130 0.061130
0 0.815207 0.277340 0.104277 0.104277
0 0.650412 0.783038 0.061130 0.061130
0 0.630828 0.695155 0.052757 0.052757
0 0.791630 0.695982 0.061130 0.061130
0 0.872474 0.821440 0.062220 0.062220
0 0.487664 0.406674 0.061130 0.061130
0 0.290135 0.525286 0.104278 0.104278
0 0.613693 0.049662 0.104277 0.104277
0 0.534124 0.118586 0.052757 0.052757
0 0.914363 0.729650 0.057104 0.057104
0 0.732161 0.931093 0.062220 0.062220
0 0.757079 0.118823 0.104277 0.104277
0 0.830559 0.517305 0.052757 0.052757
0 0.446692 0.112784 0.052757 0.052757
0 0.439148 0.964571 0.062220 0.062220
0 0.950909 0.865093 0.057104 0.057104
0 0.693034 0.200880 0.052757 0.052757
0 0.762984 0.777194 0.061130 0.061130
0 0.972730 0.489473 0.061130 0.061130
0 0.647561 0.420024 0.104278 0.104278
0 0.714410 0.398415 0.052757 0.052757
0 0.994277 0.077541 0.061130 0.061130
0 0.355519 0.577492 0.062220 0.062220
0 0.506851 0.664716 0.062220 0.062220
0 0.723871 0.653439 0.057104 0.057104
0 0.874534 0.144676 0.061130 0.061130
0 0.845203 0.061011 0.062220 0.062220
0 0.514025 0.996722 0.062220 0.062220
0 0.313505 0.209188 0.061130 0.061130
0 0.894572 0.306977 0.052757 0.052757
0 0.680289 0.520908 0.057104 0.057104
0 0.548331 0.007665 0.104277 0.104277
0 0.389287 0.758598 0.104278 0.104278
0 0.607564 0.487288 0.071945 0.071945
0 0.507925 0.752062 0.052757 0.052757
0 0.546149 0.566854 0.052757 0.052757
0 0.738445 0.562746 0.071945 0.071945
0 0.264473 0.595328 0.104277 0.104277
0 0.440828 0.806580 0.057104 0.057104
0 0.474406 0.475258 0.057104 0.057104
0 0.444903 0.553080 0.104277 0.104277
0 0.400550 0.005366 0.052757 0.052757
0 0.985853 0.154176 0.104277 0.104277
0 0.946499 0.008197 0.071945 0.071945
0 0.406030 0.672605 0.104277 0.104277
0 0.396484 0.453640 0.071945 0.071945
0 0.687565 0.072264 0.071945 0.071945
0 0.833007 0.981505 0.104277 0.104277
0 0.270653 0.394881 0.057104 0.057104
0 0.617974 0.597639 0.052757 0.052757
0 0.366754 0.092576 0.104277 0.104277
0 0.377860 0.346643 0.057104 0.057104
0 0.560862 0.335279 0.104277 0.104277
0 0.611005 0.179514 0.104277 0.104277
0 0.998629 0.288817 0.104277 0.104277
0 0.516678 0.254291 0.052757 0.052757
0 0.600249 0.890207 0.057104 0.057104
0 0.321011 0.798594 0.062220 0.062220
0 0.321185 0.726159 0.057104 0.057104
0 0.395907 0.169080 0.104277 0.104277
0 0.485567 0.326927 0.061130 0.061130
0 0.991057 0.981561 0.052757 0.052757
0 0.608910 0.269877 0.062220 0.062220
0 0.675420 0.304919 0.071945 0.071945
0 0.904527 0.228573 0.061130 0.061130
0 0.313413 0.451359 0.052757 0.052757
0 0.696210 0.866291 0.104277 0.104277
0 0.356188 0.990133 0.057104 0.057104
0 0.805042 0.416023 0.104277 0.104277
0 0.286014 0.111811 0.071945 0.071945
0 0.578593 0.411295 0.052757 0.052757
0 0.769194 0.036965 0.071945 0.071945
0 0.387602 0.240422 0.104277 0.104277
0 0.844326 0.586283 0.104277 0.104277
0 0.268928 0.874315 0.057104 0.057104