0 0.639136 0.821231 0.052757 0.052757
0 0.588785 0.314552 0.062220 0.062220
0 0.913869 0.896233 0.104277 0.104277
0 0.513342 0.541768 0.052757 0.052757
0 0.060127 0.742911 0.071945 0.071945
0 0.535670 0.188937 0.057103 0.057103
0 0.704723 0.436228 0.071945 0.071945
0 0.169270 0.162223 0.104277 0.104277
0 0.751971 0.498667 0.061130 0.061130
0 0.307016 0.234582 0.052757 0.052757
0 0.930105 0.622622 0.052757 0.052757
0 0.683490 0.711707 0.057104 0.057104
0 0.997305 0.558531 0.052757 0.052757
0 0.770421 0.707964 0.057104 0.057104
0 0.080740 0.516647 0.104278 0.104278
0 0.993273 0.834483 0.071945 0.071945
0 0.990219 0.159813 0.062220 0.062220
0 0.467790 0.011075 0.104277 0.104277
0 0.451832 0.453262 0.071945 0.071945
0 0.381587 0.446177 0.057104 0.057104
0 0.649640 0.612169 0.057104 0.057104
0 0.678240 0.094258 0.057104 0.057104
0 0.196264 0.953383 0.071945 0.071945
0 0.207696 0.002486 0.062220 0.062220
0 0.189330 0.882927 0.071945 0.071945
0 0.796829 0.376360 0.061130 0.061130
0 0.685003 0.977694 0.071945 0.071945
0 0.598263 0.136693 0.052757 0.052757
0 0.385119 0.779937 0.071945 0.071945
0 0.351438 0.160035 0.062220 0.062220
0 0.050785 0.107995 0.071945 0.071945
0 0.830571 0.921583 0.061130 0.061130
0 0.801645 0.849848 0.061130 0.061130
0 0.680658 0.188758 0.057104 0.057104
0 0.582763 0.576121 0.104277 0.104277
0 0.446803 0.354299 0.057104 0.057104
0 0.688519 0.356046 0.057104 0.057104
0 0.354158 0.531428 0.057104 0.057104
0 0.729048 0.018087 0.052757 0.052757
0 0.800239 0.087168 0.104277 0.104277
0 0.980325 0.976118 0.104277 0.104277
0 0.557085 0.470383 0.104277 0.104277
0 0.841128 0.587786 0.052757 0.052757
0 0.139703 0.300486 0.062220 0.062220
0 0.572178 0.662683 0.104277 0.104277
0 0.396288 0.861635 0.071945 0.071945
0 0.361642 0.363682 0.052757 0.052757
0 0.556343 0.375652 0.052757 0.052757
0 0.373254 0.294973 0.061130 0.061130
0 0.515575 0.812766 0.052757 0.052757
0 0.741707 0.289145 0.104277 0.104277
0 0.347539 0.943860 0.052757 0.052757
0 0.877016 0.172342 0.061130 0.061130
0 0.612929 0.026773 0.057104 0.057104
0 0.442208 0.209791 0.071945 0.071945
0 0.959502 0.070130 0.104277 0.104277
0 0.280222 0.622414 0.061130 0.061130
0 0.722150 0.785452 0.071945 0.071945
0 0.647095 0.538422 0.062220 0.062220
0 0.271316 0.816293 0.061130 0.061130
0 0.961427 0.478119 0.052757 0.052757
0 0.954194 0.248456 0.062220 0.062220
0 0.608027 0.744119 0.104277 0.104277
0 0.157848 0.686565 0.061130 0.061130
0 0.221369 0.072142 0.057104 0.057104
0 0.757371 0.162866 0.061130 0.061130
0 0.918959 0.312074 0.104278 0.104278
0 0.520935 0.962491 0.071945 0.071945
0 0.731695 0.922660 0.061130 0.061130
0 0.307297 0.887119 0.062220 0.062220
0 0.299405 0.323118 0.061130 0.061130
0 0.266017 0.160304 0.062220 0.062220
0 0.443835 0.558914 0.057104 0.057104
0 0.754343 0.567821 0.057104 0.057104
0 0.173326 0.605977 0.057104 0.057104
0 0.246031 0.501088 0.104277 0.104277
0 0.092911 0.812237 0.061130 0.061130
0 0.975977 0.377985 0.062220 0.062220
0 0.056507 0.304000 0.061130 0.061130
0 0.854534 0.492561 0.057104 0.057104
0 0.590964 0.925785 0.071945 0.071945
0 0.443599 0.637023 0.061130 0.061130
0 0.373436 0.624302 0.062220 0.062220
0 0.718451 0.642286 0.048997 0.048997
0 0.097723 0.232008 0.061130 0.061130
0 0.289422 0.082369 0.057104 0.057104
0 0.921477 0.546917 0.062220 0.062220
0 0.144955 0.447680 0.104277 0.104277
0 0.147790 0.089718 0.052757 0.052757
0 0.655120 0.273468 0.057104 0.057104
0 0.853536 0.270154 0.104277 0.104277
0 0.529878 0.263817 0.104277 0.104277
0 0.917459 0.788278 0.062220 0.062220
0 0.103497 0.605025 0.057104 0.057104
0 0.859569 0.038035 0.061130 0.061130
0 0.150943 0.763799 0.057104 0.057104
0 0.921036 0.698467 0.061131 0.061131
0 0.341997 0.708842 0.071945 0.071945
0 0.554005 0.068894 0.062220 0.062220
0 0.183337 0.237690 0.071945 0.071945
0 0.495810 0.736663 0.104277 0.104277
0 0.261936 0.701766 0.071945 0.071945
0 0.252187 0.424625 0.061130 0.061130
0 0.453816 0.127749 0.052757 0.052757
0 0.636252 0.460530 0.057104 0.057104
0 0.401067 0.053206 0.062220 0.062220
0 0.055257 0.393432 0.071945 0.071945
0 0.848544 0.795272 0.071945 0.071945
0 0.091181 0.900453 0.062220 0.062220
0 0.220209 0.360815 0.062220 0.062220