0 0.363785 0.948927 0.062220 0.062220
0 0.533620 0.110323 0.062220 0.062220
0 0.282612 0.413356 0.104277 0.104277
0 0.310670 0.823312 0.057103 0.057103
0 0.082016 0.868957 0.052757 0.052757
0 0.487694 0.169165 0.062220 0.062220
0 0.830093 0.872881 0.061131 0.061131
0 0.634268 0.146177 0.070161 0.070161
0 0.264988 0.137789 0.104278 0.104278
0 0.515475 0.573502 0.057104 0.057104
0 0.765219 0.794188 0.062220 0.062220
0 0.242790 0.645450 0.104277 0.104277
0 0.904182 0.237374 0.071945 0.071945
0 0.423669 0.117301 0.071945 0.071945
0 0.719975 0.175930 0.062220 0.062220
0 0.737103 0.478222 0.061131 0.061131
0 0.051551 0.578509 0.104277 0.104277
0 0.756546 0.239766 0.104277 0.104277
0 0.165084 0.175368 0.071945 0.071945
0 0.671005 0.085401 0.061130 0.061130
0 0.262187 0.509599 0.057104 0.057104
0 0.453240 0.728633 0.057104 0.057104
0 0.210757 0.458468 0.104277 0.104277
0 0.800515 0.374692 0.071945 0.071945
0 0.261656 0.020080 0.057104 0.057104
0 0.486404 0.489929 0.104277 0.104277
0 0.373263 0.771068 0.052757 0.052757
0 0.177118 0.327416 0.052757 0.052757
0 0.651566 0.308993 0.104277 0.104277
0 0.752430 0.053590 0.057104 0.057104
0 0.444179 0.310777 0.062220 0.062220
0 0.126438 0.794410 0.062220 0.062220
0 0.862598 0.623606 0.071945 0.071945
0 0.029929 0.252994 0.062220 0.062220
0 0.298504 0.574098 0.057104 0.057104
0 0.455658 0.823133 0.057104 0.057104
0 0.221803 0.988674 0.057104 0.057104
0 0.463519 0.990421 0.057104 0.057104
0 0.612357 0.015903 0.071945 0.071945
0 0.504048 0.652462 0.052757 0.052757
0 0.575239 0.721543 0.104277 0.104277
0 0.543796 0.290654 0.062220 0.062220
0 0.136642 0.998057 0.052757 0.052757
0 0.876406 0.758020 0.061131 0.061131
0 0.148254 0.929348 0.061130 0.061130
0 0.351321 0.213781 0.071945 0.071945
0 0.516707 0.923520 0.104277 0.104277
0 0.652016 0.806717 0.061130 0.061130
0 0.341987 0.449565 0.052757 0.052757
0 0.387929 0.661148 0.057104 0.057104
0 0.217208 0.844166 0.071945 0.071945
0 0.734502 0.704505 0.104277 0.104277
0 0.785850 0.119229 0.062220 0.062220
0 0.947383 0.588965 0.062220 0.062220
0 0.639427 0.541868 0.062220 0.062220
0 0.965945 0.828399 0.057104 0.057104
0 0.042798 0.337476 0.061130 0.061130
0 0.200007 0.585316 0.052757 0.052757
0 0.529596 0.006068 0.052757 0.052757
0 0.830414 0.303167 0.061131 0.061131
0 0.729194 0.882831 0.062220 0.062220
0 0.120912 0.276875 0.071945 0.071945
0 0.734258 0.340485 0.061131 0.061131
0 0.082826 0.056235 0.104277 0.104277
0 0.532371 0.797241 0.061130 0.061130
0 0.059899 0.449527 0.057104 0.057104
0 0.693959 0.946449 0.104278 0.104278
0 0.697242 0.418648 0.052757 0.052757
0 0.776876 0.613469 0.061131 0.061131
0 0.994430 0.311011 0.057104 0.057104
0 0.074405 0.957493 0.061130 0.061130
0 0.602209 0.218681 0.052757 0.052757
0 0.041017 0.794679 0.062220 0.062220
0 0.849355 0.152344 0.071945 0.071945
0 0.930529 0.014347 0.071945 0.071945
0 0.575293 0.444063 0.104277 0.104277
0 0.353811 0.524050 0.061130 0.061130
0 0.297662 0.343966 0.104277 0.104277
0 0.260363 0.214866 0.052757 0.052757
0 0.995563 0.761447 0.052757 0.052757
0 0.782897 0.944731 0.071945 0.071945
0 0.064422 0.716744 0.057104 0.057104
0 0.480862 0.248629 0.057104 0.057104
0 0.363247 0.373055 0.071945 0.071945
0 0.439391 0.013492 0.104277 0.104277
0 0.593810 0.599497 0.061130 0.061130
0 0.430120 0.907843 0.057104 0.057104
0 0.860935 0.075394 0.071945 0.071945
0 0.628536 0.904529 0.104277 0.104277
0 0.357384 0.135559 0.056505 0.056505
0 0.304878 0.898192 0.104277 0.104277
0 0.960331 0.678290 0.057104 0.057104
0 0.866180 0.426311 0.104277 0.104277
0 0.634569 0.672410 0.061130 0.061130
0 0.932522 0.495748 0.052757 0.052757
0 0.811550 0.714431 0.071945 0.071945
0 0.939677 0.361292 0.071945 0.071945
0 0.953650 0.171306 0.104277 0.104277
0 0.577476 0.356912 0.057104 0.057104
0 0.351681 0.066870 0.061130 0.061130
0 0.329005 0.703269 0.062220 0.062220
0 0.680015 0.611220 0.071945 0.071945
0 0.684582 0.016955 0.057103 0.057103
0 0.428198 0.398211 0.057104 0.057104
0 0.151235 0.090672 0.062220 0.062220
0 0.110275 0.626425 0.104277 0.104277
0 0.088498 0.211091 0.057104 0.057104
0 0.228816 0.762124 0.052757 0.052757
0 0.115677 0.506720 0.057104 0.057104
0 0.176067 0.687581 0.062220 0.062220
0 0.820079 0.485448 0.052757 0.052757
0 0.911907 0.888040 0.061131 0.061131