0 0.061170 0.520726 0.062220 0.062220
0 0.406808 0.860354 0.062220 0.062220
0 0.368582 0.666330 0.062220 0.062220
0 0.857970 0.383157 0.071945 0.071945
0 0.144484 0.973968 0.057103 0.057103
0 0.659583 0.228502 0.104277 0.104277
0 0.866654 0.753489 0.061130 0.061130
0 0.902368 0.139474 0.061130 0.061130
0 0.394562 0.309696 0.052757 0.052757
0 0.928781 0.861581 0.104277 0.104277
0 0.406254 0.396245 0.104277 0.104277
0 0.752718 0.649870 0.104277 0.104277
0 0.165156 0.720617 0.052757 0.052757
0 0.711579 0.771481 0.104277 0.104277
0 0.598095 0.813455 0.071945 0.071945
0 0.003499 0.575608 0.071945 0.071945
0 0.642436 0.073412 0.052757 0.052757
0 0.756119 0.402612 0.062220 0.062220
0 0.124347 0.805287 0.062220 0.062220
0 0.029380 0.998269 0.071945 0.071945
0 0.385987 0.222275 0.104277 0.104277
0 0.718743 0.148547 0.071945 0.071945
0 0.468344 0.154073 0.104277 0.104277
0 0.392511 0.123133 0.061130 0.061130
0 0.054299 0.835923 0.104277 0.104277
0 0.781472 0.574870 0.057104 0.057104
0 0.299582 0.021090 0.104277 0.104277
0 0.134787 0.526788 0.061130 0.061130
0 0.115203 0.438905 0.052757 0.052757
0 0.791596 0.929480 0.062220 0.062220
0 0.849819 0.557306 0.104277 0.104277
0 0.735172 0.498368 0.061130 0.061130
0 0.614477 0.540242 0.057104 0.057104
0 0.519452 0.300128 0.104277 0.104277
0 0.276005 0.439732 0.061130 0.061130
0 0.356849 0.565190 0.062220 0.062220
0 0.551993 0.647000 0.057104 0.057104
0 0.667969 0.677091 0.104277 0.104277
0 0.398738 0.473400 0.057104 0.057104
0 0.164074 0.902531 0.061130 0.061130
0 0.977428 0.646436 0.071945 0.071945
0 0.607406 0.886420 0.071945 0.071945
0 0.216536 0.674843 0.062220 0.062220
0 0.314934 0.261055 0.052757 0.052757
0 0.414655 0.931156 0.057104 0.057104
0 0.796616 0.224836 0.052757 0.052757
0 0.435284 0.608843 0.057104 0.057104
0 0.606640 0.147591 0.104277 0.104277
0 0.553937 0.009237 0.057104 0.057104
0 0.759274 0.090841 0.052757 0.052757
0 0.247359 0.520944 0.061130 0.061130
0 0.934279 0.362962 0.061131 0.061131
0 0.457105 0.233223 0.061130 0.061130
0 0.892672 0.291413 0.071945 0.071945
0 0.131936 0.163774 0.104278 0.104278
0 0.680873 0.409962 0.062220 0.062220
0 0.922111 0.025266 0.061130 0.061130
0 0.198785 0.142165 0.052757 0.052757
0 0.895818 0.614273 0.057104 0.057104
0 0.212589 0.781975 0.062220 0.062220
0 0.633514 0.750812 0.057104 0.057104
0 0.708540 0.567800 0.104277 0.104277
0 0.337804 0.902170 0.050891 0.050891
0 0.063630 0.917605 0.104277 0.104277
0 0.208246 0.397189 0.057104 0.057104
0 0.501674 0.794476 0.062220 0.062220
0 0.577201 0.261583 0.071945 0.071945
0 0.222824 0.981192 0.052757 0.052757
0 0.270455 0.827316 0.062220 0.062220
0 0.366214 0.793235 0.104277 0.104277
0 0.721048 0.328222 0.061130 0.061130
0 0.378947 0.050727 0.052757 0.052757
0 0.529121 0.087012 0.057104 0.057104
0 0.164664 0.264658 0.057104 0.057104
0 0.091939 0.231038 0.071945 0.071945
0 0.994611 0.575794 0.062220 0.062220
0 0.528062 0.922413 0.061130 0.061130
0 0.939034 0.755553 0.104277 0.104277
0 0.531586 0.517531 0.062220 0.062220
0 0.508931 0.371387 0.071945 0.071945
0 0.666485 0.837565 0.062220 0.062220
0 0.030524 0.310604 0.052757 0.052757
0 0.222820 0.306496 0.071945 0.071945
0 0.851029 0.983283 0.052757 0.052757
0 0.239402 0.900125 0.062220 0.062220
0 0.733941 0.022151 0.104277 0.104277
0 0.767127 0.719206 0.062220 0.062220
0 0.641340 0.608553 0.071945 0.071945
0 0.942651 0.931113 0.061131 0.061131
0 0.820712 0.300696 0.057104 0.057104
0 0.317382 0.725255 0.104277 0.104277
0 0.917976 0.681275 0.104277 0.104277
0 0.102349 0.341389 0.052757 0.052757
0 0.878888 0.489658 0.062220 0.062220
0 0.734255 0.255686 0.050559 0.050559
0 0.045237 0.079029 0.104277 0.104277
0 0.863394 0.198465 0.061130 0.061130
0 0.992665 0.018837 0.071945 0.071945
0 0.548657 0.730033 0.052757 0.052757
0 0.834878 0.646621 0.071945 0.071945
0 0.703407 0.917678 0.061131 0.061131
0 0.483004 0.032567 0.104277 0.104277
0 0.991465 0.113390 0.071945 0.071945
0 0.950927 0.502468 0.104277 0.104277
0 0.084624 0.633957 0.057104 0.057104
0 0.793428 0.846731 0.104277 0.104277
0 0.475432 0.725311 0.052757 0.052757
0 0.093285 0.013627 0.062220 0.062220
0 0.159795 0.048669 0.071945 0.071945
0 0.509104 0.590697 0.061130 0.061130
0 0.180585 0.610041 0.104277 0.104277
0 0.289417 0.159773 0.104277 0.104277
0 0.828817 0.065454 0.104277 0.104277
0 0.062968 0.155045 0.052757 0.052757
0 0.593310 0.385368 0.052757 0.052757
0 0.328701 0.330033 0.104277 0.104277