0 0.403342 0.955727 0.104277 0.104277
0 0.359794 0.743736 0.061130 0.061130
0 0.762739 0.705445 0.052757 0.052757
0 0.292887 0.604065 0.104277 0.104277
0 0.354713 0.513017 0.071945 0.071945
0 0.553632 0.953403 0.062220 0.062220
0 0.506526 0.498627 0.071945 0.071945
0 0.585279 0.705485 0.104277 0.104277
0 0.260565 0.705634 0.052757 0.052757
0 0.663143 0.752010 0.071945 0.071945
0 0.557432 0.047661 0.104277 0.104277
0 0.589912 0.388930 0.061131 0.061131
0 0.747534 0.012189 0.104277 0.104277
0 0.298596 0.376118 0.104277 0.104277
0 0.791723 0.208437 0.057104 0.057104
0 0.918176 0.413397 0.062221 0.062221
0 0.807082 0.376402 0.104277 0.104277
0 0.884108 0.170316 0.104277 0.104277
0 0.916890 0.943878 0.047276 0.047276
0 0.621027 0.125325 0.104277 0.104277
0 0.397466 0.870542 0.057104 0.057104
0 0.168659 0.548574 0.062220 0.062220
0 0.426668 0.312089 0.052757 0.052757
0 0.079494 0.733733 0.104277 0.104277
0 0.908129 0.685511 0.071945 0.071945
0 0.337472 0.670273 0.061131 0.061131
0 0.370606 0.422614 0.057104 0.057104
0 0.674752 0.949406 0.057103 0.057103
0 0.421688 0.630768 0.052757 0.052757
0 0.689745 0.366570 0.104277 0.104277
0 0.095730 0.460122 0.052757 0.052757
0 0.560022 0.182980 0.062220 0.062220
0 0.477895 0.566728 0.057104 0.057104
0 0.397848 0.249528 0.057104 0.057104
0 0.394695 0.088703 0.052757 0.052757
0 0.868444 0.519485 0.052757 0.052757
0 0.590368 0.788739 0.036679 0.036679
0 0.505849 0.226966 0.061130 0.061130
0 0.220718 0.076006 0.061131 0.061131
0 0.808357 0.480296 0.062221 0.062221
0 0.424130 0.719350 0.057104 0.057104
0 0.162930 0.396031 0.052757 0.052757
0 0.809987 0.285784 0.071945 0.071945
0 0.746902 0.515925 0.052757 0.052757
0 0.715712 0.099775 0.061130 0.061130
0 0.734008 0.583787 0.104277 0.104277
0 0.158898 0.671983 0.071945 0.071945
0 0.448778 0.183989 0.061131 0.061131
0 0.639646 0.607419 0.104277 0.104277
0 0.267993 0.478314 0.071945 0.071945
0 0.498005 0.117442 0.057104 0.057104
0 0.922776 0.832876 0.057104 0.057104
0 0.730551 0.774894 0.062220 0.062220
0 0.176850 0.987569 0.071945 0.071945
0 0.908410 0.039352 0.057104 0.057104
0 0.230117 0.638432 0.057104 0.057104
0 0.586573 0.549127 0.061130 0.061130
0 0.060884 0.856822 0.061130 0.061130
0 0.721499 0.174650 0.061130 0.061130
0 0.839214 0.935745 0.062220 0.062220
0 0.665333 0.679742 0.061130 0.061130
0 0.234591 0.278150 0.104277 0.104277
0 0.536669 0.643610 0.062220 0.062220
0 0.145950 0.813618 0.104277 0.104277
0 0.309355 0.911491 0.071945 0.071945
0 0.006753 0.425286 0.052757 0.052757
0 0.450101 0.414640 0.062220 0.062220
0 0.813798 0.790818 0.104277 0.104277
0 0.196511 0.862155 0.104277 0.104277
0 0.175416 0.749465 0.052757 0.052757
0 0.042641 0.009842 0.061130 0.061130
0 0.482332 0.789153 0.062220 0.062220
0 0.860742 0.093354 0.052757 0.052757
0 0.356570 0.031524 0.057104 0.057104
0 0.517173 0.332491 0.071945 0.071945
0 0.127052 0.315619 0.052757 0.052757
0 0.119819 0.085956 0.062220 0.062220
0 0.624543 0.871849 0.104277 0.104277
0 0.300480 0.995407 0.057104 0.057104
0 0.084584 0.149574 0.104278 0.104278
0 0.537995 0.837071 0.071945 0.071945
0 0.256349 0.818215 0.052757 0.052757
0 0.110655 0.969662 0.057104 0.057104
0 0.334727 0.213745 0.062220 0.062220
0 0.927999 0.564726 0.071945 0.071945
0 0.141602 0.215485 0.062220 0.062220
0 0.020159 0.330061 0.057104 0.057104
0 0.678890 0.827218 0.061131 0.061131
0 0.811165 0.614948 0.071945 0.071945
0 0.173522 0.147856 0.071945 0.071945
0 0.087102 0.384417 0.062220 0.062220
0 0.905546 0.263923 0.104277 0.104277
0 0.660133 0.296152 0.057104 0.057104
0 0.019161 0.107654 0.104277 0.104277
0 0.083084 0.625778 0.062220 0.062220
0 0.213723 0.204782 0.052757 0.052757
0 0.642876 0.436090 0.057104 0.057104
0 0.086661 0.535967 0.061131 0.061131
0 0.651538 0.222453 0.104277 0.104277
0 0.771558 0.864215 0.071945 0.071945
0 0.720871 0.250048 0.104277 0.104277
0 0.735051 0.446306 0.052757 0.052757
0 0.014169 0.632772 0.071945 0.071945
0 0.474951 0.916970 0.057104 0.057104
0 0.302532 0.091165 0.061131 0.061131
0 0.744702 0.999701 0.061131 0.061131