0 0.722294 0.893736 0.061130 0.061130
0 0.655387 0.754065 0.104277 0.104277
0 0.717213 0.663017 0.071945 0.071945
0 0.869026 0.648627 0.071945 0.071945
0 0.947779 0.855485 0.104277 0.104277
0 0.623065 0.855634 0.052757 0.052757
0 0.919932 0.197661 0.104277 0.104277
0 0.952412 0.538930 0.061131 0.061131
0 0.661096 0.526118 0.104277 0.104277
0 0.167261 0.808731 0.052757 0.052757
0 0.116910 0.302052 0.062220 0.062220
0 0.983527 0.275325 0.104277 0.104277
0 0.531159 0.698574 0.062220 0.062220
0 0.789168 0.462089 0.052757 0.052757
0 0.441994 0.883733 0.104277 0.104277
0 0.986418 0.113905 0.061131 0.061131
0 0.041467 0.529268 0.052757 0.052757
0 0.699972 0.820273 0.061131 0.061131
0 0.063795 0.176437 0.057103 0.057103
0 0.733106 0.572614 0.057104 0.057104
0 0.232848 0.423728 0.071945 0.071945
0 0.869634 0.037438 0.071945 0.071945
0 0.784188 0.780768 0.052757 0.052757
0 0.280096 0.486167 0.061130 0.061130
0 0.458230 0.610122 0.052757 0.052757
0 0.922522 0.332980 0.062220 0.062220
0 0.840395 0.716728 0.057104 0.057104
0 0.760348 0.399528 0.057104 0.057104
0 0.757195 0.238703 0.052757 0.052757
0 0.952868 0.938739 0.036679 0.036679
0 0.868349 0.376966 0.061130 0.061130
0 0.583218 0.226006 0.061131 0.061131
0 0.211615 0.699207 0.057104 0.057104
0 0.786630 0.869350 0.057104 0.057104
0 0.525430 0.546031 0.052757 0.052757
0 0.298546 0.695464 0.057104 0.057104
0 0.521398 0.821983 0.071945 0.071945
0 0.518344 0.147313 0.062220 0.062220
0 0.811278 0.333989 0.061131 0.061131
0 0.630493 0.628314 0.071945 0.071945
0 0.860505 0.267442 0.057104 0.057104
0 0.177765 0.599669 0.057104 0.057104
0 0.206365 0.081758 0.057104 0.057104
0 0.592617 0.788432 0.057104 0.057104
0 0.324954 0.363860 0.061130 0.061130
0 0.213128 0.965194 0.071945 0.071945
0 0.949073 0.699127 0.061130 0.061130
0 0.126388 0.124193 0.052757 0.052757
0 0.597091 0.428150 0.104277 0.104277
0 0.358696 0.909083 0.061130 0.061130
0 0.329770 0.837348 0.061130 0.061130
0 0.208783 0.176258 0.057104 0.057104
0 0.899169 0.793610 0.062220 0.062220
0 0.110888 0.563621 0.104277 0.104277
0 0.216644 0.343546 0.057104 0.057104
0 0.257173 0.005587 0.052757 0.052757
0 0.328364 0.074668 0.104277 0.104277
0 0.508450 0.963618 0.104277 0.104277
0 0.085210 0.457883 0.104277 0.104277
0 0.369253 0.575286 0.052757 0.052757
0 0.812601 0.564640 0.062220 0.062220
0 0.100303 0.650183 0.104277 0.104277
0 0.629531 0.111145 0.061131 0.061131
0 0.084468 0.363152 0.052757 0.052757
0 0.043700 0.800266 0.052757 0.052757
0 0.269832 0.276645 0.104277 0.104277
0 0.537916 0.899465 0.052757 0.052757
0 0.405141 0.159842 0.061130 0.061130
0 0.141054 0.014273 0.057104 0.057104
0 0.487627 0.057630 0.104277 0.104277
0 0.844832 0.939153 0.062220 0.062220
0 0.719070 0.181524 0.057104 0.057104
0 0.250275 0.772952 0.071945 0.071945
0 0.175220 0.525922 0.062220 0.062220
0 0.879673 0.482491 0.071945 0.071945
0 0.489552 0.465619 0.052757 0.052757
0 0.482319 0.235956 0.062220 0.062220
0 0.136152 0.731619 0.104277 0.104277
0 0.842556 0.140148 0.071945 0.071945
0 0.285496 0.150366 0.061130 0.061130
0 0.447084 0.299574 0.104278 0.104278
0 0.049060 0.949991 0.071945 0.071945
0 0.900495 0.987071 0.071945 0.071945
0 0.259820 0.910160 0.061130 0.061130
0 0.618849 0.968215 0.052757 0.052757
0 0.697227 0.363745 0.062220 0.062220
0 0.282468 0.555321 0.057104 0.057104
0 0.998638 0.012698 0.052757 0.052757
0 0.504102 0.365485 0.062220 0.062220
0 0.382659 0.480061 0.057104 0.057104
0 0.119089 0.913285 0.071945 0.071945
0 0.748688 0.114572 0.052757 0.052757
0 0.246576 0.629786 0.048997 0.048997
0 0.536022 0.297856 0.071945 0.071945
0 0.449602 0.534417 0.062220 0.062220
0 0.183245 0.260968 0.057104 0.057104
0 0.381661 0.257654 0.104277 0.104277
0 0.058003 0.251317 0.104277 0.104277
0 0.713456 0.031415 0.057104 0.057104
0 0.445584 0.775778 0.062220 0.062220
0 0.576223 0.354782 0.052757 0.052757
0 0.387694 0.025535 0.061130 0.061130
0 0.449161 0.685967 0.061131 0.061131
0 0.564675 0.067556 0.071945 0.071945
0 0.082130 0.056394 0.062220 0.062220
0 0.023935 0.724163 0.104277 0.104277
0 0.164377 0.448030 0.057104 0.057104
0 0.376669 0.782772 0.071945 0.071945
0 0.665032 0.241165 0.061131 0.061131