0 0.853927 0.419505 0.104278 0.104278
0 0.909583 0.856627 0.104277 0.104277
0 0.972071 0.580853 0.052757 0.052757
0 0.030958 0.175613 0.052757 0.052757
0 0.644562 0.937821 0.052757 0.052757
0 0.496604 0.571828 0.061130 0.061130
0 0.871365 0.530310 0.052757 0.052757
0 0.892436 0.701537 0.052757 0.052757
0 0.635987 0.850400 0.104277 0.104277
0 0.968743 0.776672 0.071945 0.071945
0 0.718344 0.782198 0.104277 0.104277
0 0.642511 0.751258 0.061130 0.061130
0 0.506572 0.336162 0.057104 0.057104
0 0.001434 0.659792 0.062220 0.062220
0 0.549582 0.649215 0.104277 0.104277
0 0.582431 0.122811 0.057104 0.057104
0 0.769452 0.928253 0.104277 0.104277
0 0.222039 0.778549 0.061130 0.061130
0 0.803773 0.330943 0.052757 0.052757
0 0.209463 0.317015 0.071945 0.071945
0 0.024510 0.897161 0.104278 0.104278
0 0.348068 0.421537 0.104277 0.104277
0 0.268499 0.490461 0.052757 0.052757
0 0.491454 0.490698 0.104277 0.104277
0 0.564934 0.889180 0.052757 0.052757
0 0.988902 0.323188 0.052757 0.052757
0 0.181067 0.484659 0.052757 0.052757
0 0.427409 0.572755 0.052757 0.052757
0 0.856640 0.775716 0.104277 0.104277
0 0.803937 0.637362 0.057104 0.057104
0 0.707105 0.861348 0.061130 0.061130
0 0.381936 0.791899 0.104278 0.104278
0 0.954975 0.243819 0.071945 0.071945
0 0.448785 0.770290 0.052757 0.052757
0 0.728652 0.449416 0.061130 0.061130
0 0.620005 0.348258 0.071945 0.071945
0 0.786654 0.563954 0.052757 0.052757
0 0.089894 0.949367 0.062220 0.062220
0 0.140014 0.047133 0.071945 0.071945
0 0.329838 0.229762 0.061130 0.061130
0 0.827201 0.889708 0.071945 0.071945
0 0.628753 0.071444 0.071945 0.071945
0 0.608909 0.516551 0.061130 0.061130
0 0.579578 0.432886 0.062220 0.062220
0 0.723348 0.284072 0.062220 0.062220
0 0.839009 0.113072 0.061130 0.061130
0 0.047880 0.581063 0.061130 0.061130
0 0.971048 0.956347 0.061130 0.061130
0 0.628947 0.678852 0.052757 0.052757
0 0.779121 0.715137 0.057104 0.057104
0 0.414664 0.892783 0.057104 0.057104
0 0.282706 0.379540 0.104277 0.104277
0 0.774321 0.015333 0.061130 0.061130
0 0.341939 0.859163 0.071945 0.071945
0 0.758931 0.999512 0.071945 0.071945
0 0.924075 0.069868 0.104277 0.104277
0 0.280524 0.938729 0.052757 0.052757
0 0.472820 0.934621 0.071945 0.071945
0 0.777775 0.221459 0.061130 0.061130
0 0.877868 0.313995 0.057104 0.057104
0 0.770017 0.137777 0.104277 0.104277
0 0.977469 0.391611 0.062220 0.062220
0 0.208781 0.847133 0.057104 0.057104
0 0.974636 0.118405 0.104277 0.104277
0 0.179278 0.924955 0.104277 0.104277
0 0.953541 0.005715 0.052757 0.052757
0 0.291289 0.037610 0.052757 0.052757
0 0.983941 0.650276 0.104277 0.104277
0 0.134925 0.377241 0.052757 0.052757
0 0.032294 0.097949 0.104278 0.104278
0 0.720228 0.526051 0.104277 0.104277
0 0.680874 0.380072 0.071945 0.071945
0 0.223016 0.231198 0.104277 0.104277
0 0.923772 0.447700 0.104277 0.104277
0 0.130859 0.825515 0.071945 0.071945
0 0.421940 0.444139 0.071945 0.071945
0 0.561812 0.288236 0.050932 0.050932
0 0.005028 0.766756 0.057104 0.057104
0 0.698548 0.109350 0.052757 0.052757
0 0.173923 0.142068 0.057104 0.057104
0 0.464685 0.056241 0.071945 0.071945
0 0.675445 0.016410 0.061130 0.061130
0 0.352349 0.969514 0.052757 0.052757
0 0.888780 0.225912 0.057104 0.057104
0 0.422269 0.342872 0.071945 0.071945
0 0.329906 0.106043 0.104277 0.104277
0 0.101129 0.464451 0.104277 0.104277
0 0.112235 0.718518 0.057104 0.057104
0 0.672349 0.176376 0.061130 0.061130
0 0.534714 0.019535 0.071945 0.071945
0 0.984255 0.883811 0.050559 0.050559
0 0.295237 0.707154 0.104277 0.104277
0 0.345380 0.551389 0.104277 0.104277
0 0.885897 0.619367 0.061131 0.061131
0 0.129003 0.206785 0.062220 0.062220
0 0.733004 0.660692 0.104277 0.104277
0 0.335886 0.327691 0.052757 0.052757
0 0.633141 0.273061 0.062220 0.062220
0 0.428896 0.250965 0.062220 0.062220
0 0.251053 0.626166 0.052757 0.052757
0 0.130282 0.540955 0.104277 0.104277
0 0.219942 0.698802 0.061130 0.061130
0 0.068787 0.302854 0.057104 0.057104
0 0.343285 0.641752 0.062220 0.062220
0 0.409795 0.676794 0.071945 0.071945
0 0.807909 0.489419 0.071945 0.071945
0 0.638902 0.600448 0.061130 0.061130
0 0.278664 0.160970 0.071945 0.071945
0 0.047788 0.823234 0.052757 0.052757
0 0.373749 0.165939 0.047555 0.047555
0 0.507849 0.190735 0.052757 0.052757
0 0.539417 0.787898 0.104277 0.104277
0 0.020389 0.483686 0.071945 0.071945
0 0.312968 0.783170 0.052757 0.052757
0 0.138266 0.289740 0.057103 0.057103
0 0.503569 0.408840 0.071945 0.071945
0 0.121977 0.612297 0.104277 0.104277
0 0.587799 0.198616 0.071945 0.071945
0 0.578701 0.958158 0.104277 0.104277