0 0.707535 0.917677 0.062220 0.062220
0 0.877370 0.079073 0.062220 0.062220
0 0.626362 0.382106 0.104277 0.104277
0 0.654420 0.792062 0.057103 0.057103
0 0.288020 0.765348 0.104277 0.104277
0 0.425766 0.837707 0.052757 0.052757
0 0.831444 0.137915 0.062220 0.062220
0 0.978018 0.114927 0.070161 0.070161
0 0.608738 0.106539 0.104278 0.104278
0 0.859225 0.542252 0.057104 0.057104
0 0.586540 0.614200 0.104277 0.104277
0 0.767419 0.086051 0.071945 0.071945
0 0.395301 0.547259 0.104277 0.104277
0 0.288878 0.161423 0.104277 0.104277
0 0.249884 0.056417 0.071945 0.071945
0 0.508834 0.144118 0.071945 0.071945
0 0.605937 0.478349 0.057104 0.057104
0 0.253136 0.569090 0.062220 0.062220
0 0.264801 0.459312 0.062220 0.062220
0 0.796990 0.697383 0.057104 0.057104
0 0.554507 0.427218 0.104277 0.104277
0 0.326446 0.605611 0.062220 0.062220
0 0.915579 0.979485 0.061130 0.061130
0 0.169347 0.600365 0.104278 0.104278
0 0.830154 0.458679 0.104277 0.104277
0 0.717013 0.739818 0.052757 0.052757
0 0.520868 0.296166 0.052757 0.052757
0 0.995316 0.277743 0.104277 0.104277
0 0.787929 0.279527 0.062220 0.062220
0 0.470188 0.763160 0.062220 0.062220
0 0.169535 0.711120 0.071945 0.071945
0 0.373679 0.221744 0.062220 0.062220
0 0.642254 0.542848 0.057104 0.057104
0 0.799408 0.791883 0.057104 0.057104
0 0.565553 0.957424 0.057104 0.057104
0 0.807269 0.959171 0.057104 0.057104
0 0.169599 0.362255 0.052757 0.052757
0 0.847798 0.621212 0.052757 0.052757
0 0.918989 0.690293 0.104277 0.104277
0 0.887546 0.259404 0.062220 0.062220
0 0.319137 0.337635 0.061130 0.061130
0 0.258453 0.903611 0.062220 0.062220
0 0.480392 0.966807 0.052757 0.052757
0 0.675093 0.978777 0.052757 0.052757
0 0.492004 0.898098 0.061130 0.061130
0 0.695071 0.182531 0.071945 0.071945
0 0.860457 0.892270 0.104277 0.104277
0 0.995766 0.775467 0.061130 0.061130
0 0.685737 0.418315 0.052757 0.052757
0 0.731679 0.629898 0.057104 0.057104
0 0.170505 0.256043 0.104277 0.104277
0 0.560958 0.812916 0.071945 0.071945
0 0.193170 0.100309 0.052757 0.052757
0 0.983177 0.510618 0.062220 0.062220
0 0.386548 0.306226 0.061130 0.061130
0 0.255722 0.285484 0.061130 0.061130
0 0.543757 0.554066 0.052757 0.052757
0 0.464662 0.245625 0.071945 0.071945
0 0.426576 0.024985 0.104277 0.104277
0 0.340119 0.675267 0.057104 0.057104
0 0.323089 0.096114 0.057104 0.057104
0 0.876121 0.765991 0.061130 0.061130
0 0.403649 0.418277 0.057104 0.057104
0 0.418155 0.926243 0.061130 0.061130
0 0.945959 0.187431 0.052757 0.052757
0 0.202104 0.429419 0.061130 0.061130
0 0.384767 0.763429 0.062220 0.062220
0 0.222752 0.195526 0.104278 0.104278
0 0.175257 0.907125 0.061130 0.061130
0 0.919043 0.412813 0.104277 0.104277
0 0.697561 0.492800 0.061130 0.061130
0 0.641412 0.312716 0.104277 0.104277
0 0.604113 0.183616 0.052757 0.052757
0 0.216473 0.835133 0.061130 0.061130
0 0.408172 0.685494 0.057104 0.057104
0 0.824612 0.217379 0.057104 0.057104
0 0.706997 0.341805 0.071945 0.071945
0 0.266540 0.692843 0.052757 0.052757
0 0.937560 0.568247 0.061130 0.061130
0 0.773870 0.876593 0.057104 0.057104
0 0.972286 0.873279 0.104277 0.104277
0 0.701134 0.104309 0.056505 0.056505
0 0.648628 0.866942 0.104277 0.104277
0 0.978319 0.641160 0.061130 0.061130
0 0.340153 0.465955 0.062220 0.062220
0 0.921226 0.325662 0.057104 0.057104
0 0.695431 0.035620 0.061130 0.061130
0 0.672755 0.672019 0.062220 0.062220
0 0.302087 0.840815 0.071945 0.071945
0 0.771948 0.366961 0.057104 0.057104
0 0.494985 0.059422 0.062220 0.062220
0 0.454025 0.595175 0.104277 0.104277
0 0.432248 0.179841 0.057104 0.057104
0 0.572566 0.730874 0.052757 0.052757
0 0.459427 0.475470 0.057104 0.057104
0 0.519817 0.656331 0.062220 0.062220
0 0.174007 0.996557 0.071945 0.071945
0 0.206558 0.514218 0.061130 0.061130
0 0.338959 0.963940 0.062220 0.062220