0 0.512717 0.833852 0.104277 0.104277
0 0.469169 0.621861 0.061130 0.061130
0 0.872114 0.583570 0.052757 0.052757
0 0.402262 0.482190 0.104277 0.104277
0 0.464088 0.391142 0.071945 0.071945
0 0.663007 0.831528 0.062220 0.062220
0 0.615901 0.376752 0.071945 0.071945
0 0.694654 0.583610 0.104277 0.104277
0 0.369940 0.583759 0.052757 0.052757
0 0.772518 0.630135 0.071945 0.071945
0 0.699287 0.267055 0.061131 0.061131
0 0.407971 0.254243 0.104277 0.104277
0 0.901098 0.086562 0.057104 0.057104
0 0.916457 0.254527 0.104277 0.104277
0 0.993483 0.048441 0.104277 0.104277
0 0.730402 0.003450 0.104277 0.104277
0 0.506841 0.748667 0.057104 0.057104
0 0.278034 0.426699 0.062220 0.062220
0 0.542703 0.935303 0.051819 0.051819
0 0.536043 0.190214 0.052757 0.052757
0 0.188869 0.611858 0.104277 0.104277
0 0.446847 0.548398 0.061131 0.061131
0 0.722851 0.879016 0.052757 0.052757
0 0.479981 0.300739 0.057104 0.057104
0 0.784127 0.827531 0.057103 0.057103
0 0.531063 0.508893 0.052757 0.052757
0 0.026971 0.214292 0.061130 0.061130
0 0.799120 0.244695 0.104277 0.104277
0 0.205105 0.338247 0.052757 0.052757
0 0.669397 0.061105 0.062220 0.062220
0 0.587270 0.444853 0.057104 0.057104
0 0.507223 0.127653 0.057104 0.057104
0 0.977819 0.397610 0.052757 0.052757
0 0.699743 0.666864 0.036679 0.036679
0 0.135023 0.952818 0.052757 0.052757
0 0.615224 0.105091 0.061130 0.061130
0 0.818781 0.944871 0.104277 0.104277
0 0.917732 0.358421 0.062221 0.062221
0 0.533505 0.597475 0.057104 0.057104
0 0.272305 0.274156 0.052757 0.052757
0 0.613681 0.932354 0.071945 0.071945
0 0.045421 0.423589 0.057104 0.057104
0 0.919362 0.163909 0.071945 0.071945
0 0.856277 0.394050 0.052757 0.052757
0 0.843383 0.461912 0.104277 0.104277
0 0.268273 0.550108 0.071945 0.071945
0 0.558153 0.062114 0.061131 0.061131
0 0.320152 0.945063 0.052757 0.052757
0 0.749021 0.485544 0.104277 0.104277
0 0.377368 0.356439 0.071945 0.071945
0 0.916112 0.959739 0.061131 0.061131
0 0.839926 0.653019 0.062220 0.062220
0 0.286225 0.865694 0.071945 0.071945
0 0.748035 0.960890 0.061131 0.061131
0 0.339492 0.516557 0.057104 0.057104
0 0.071829 0.091985 0.061130 0.061130
0 0.695948 0.427252 0.061130 0.061130
0 0.054598 0.905947 0.062220 0.062220
0 0.170259 0.734947 0.061130 0.061130
0 0.830874 0.052775 0.061130 0.061130
0 0.948589 0.813870 0.062220 0.062220
0 0.774708 0.557867 0.061130 0.061130
0 0.397576 0.979070 0.052757 0.052757
0 0.343966 0.156275 0.104277 0.104277
0 0.105571 0.637208 0.061130 0.061130
0 0.076645 0.565473 0.061130 0.061130
0 0.646044 0.521735 0.062220 0.062220
0 0.255325 0.691743 0.104277 0.104277
0 0.418730 0.789616 0.071945 0.071945
0 0.116128 0.303411 0.052757 0.052757
0 0.559476 0.292765 0.062220 0.062220
0 0.109025 0.843334 0.061130 0.061130
0 0.923173 0.668943 0.104277 0.104277
0 0.209118 0.935870 0.057104 0.057104
0 0.101267 0.759652 0.104277 0.104277
0 0.305886 0.740280 0.104277 0.104277
0 0.016707 0.004770 0.104277 0.104277
0 0.284791 0.627590 0.052757 0.052757
0 0.591707 0.667278 0.062220 0.062220
0 0.626548 0.210616 0.071945 0.071945
0 0.236427 0.193744 0.052757 0.052757
0 0.733918 0.749974 0.104277 0.104277
0 0.409855 0.873532 0.057104 0.057104
0 0.029798 0.731225 0.052757 0.052757
0 0.193959 0.027699 0.104278 0.104278
0 0.647370 0.715196 0.071945 0.071945
0 0.006695 0.638285 0.061130 0.061130
0 0.365724 0.696340 0.052757 0.052757
0 0.220030 0.847787 0.057104 0.057104
0 0.444102 0.091870 0.062220 0.062220
0 0.029343 0.283446 0.057104 0.057104
0 0.250977 0.093610 0.062220 0.062220
0 0.129534 0.208186 0.057104 0.057104
0 0.003599 0.798251 0.061130 0.061130
0 0.788265 0.705343 0.061131 0.061131
0 0.920540 0.493073 0.071945 0.071945
0 0.282897 0.025981 0.071945 0.071945
0 0.196477 0.262542 0.062220 0.062220
0 0.769508 0.174277 0.057104 0.057104
0 0.192459 0.503903 0.062220 0.062220
0 0.323098 0.082907 0.052757 0.052757
0 0.752251 0.314215 0.057104 0.057104
0 0.196036 0.414092 0.061131 0.061131
0 0.760913 0.100578 0.104277 0.104277
0 0.880933 0.742340 0.071945 0.071945
0 0.830246 0.128173 0.104277 0.104277
0 0.844426 0.324431 0.052757 0.052757
0 0.123544 0.510897 0.071945 0.071945
0 0.584326 0.795095 0.057104 0.057104
0 0.854077 0.877826 0.061131 0.061131