0 0.046583 0.863113 0.052757 0.052757
0 0.598511 0.602481 0.052757 0.052757
0 0.548160 0.095802 0.062220 0.062220
0 0.962409 0.492324 0.062220 0.062220
0 0.873244 0.677483 0.104277 0.104277
0 0.472717 0.323018 0.052757 0.052757
0 0.019502 0.524161 0.071945 0.071945
0 0.598056 0.810311 0.057104 0.057104
0 0.664098 0.217478 0.071945 0.071945
0 0.711346 0.279917 0.061130 0.061130
0 0.266391 0.015832 0.052757 0.052757
0 0.012418 0.933358 0.062220 0.062220
0 0.889480 0.403872 0.052757 0.052757
0 0.642865 0.492957 0.057104 0.057104
0 0.956680 0.339781 0.052757 0.052757
0 0.729796 0.489214 0.057104 0.057104
0 0.040115 0.297897 0.104278 0.104278
0 0.952648 0.615733 0.071945 0.071945
0 0.411207 0.234512 0.071945 0.071945
0 0.340962 0.227427 0.057104 0.057104
0 0.609015 0.393419 0.057104 0.057104
0 0.970600 0.931319 0.071945 0.071945
0 0.155639 0.734633 0.071945 0.071945
0 0.345463 0.917262 0.061130 0.061130
0 0.148705 0.664177 0.071945 0.071945
0 0.756204 0.157610 0.061130 0.061130
0 0.644378 0.758944 0.071945 0.071945
0 0.738973 0.971572 0.062220 0.062220
0 0.854634 0.800572 0.061130 0.061130
0 0.344494 0.561187 0.071945 0.071945
0 0.789946 0.702833 0.061130 0.061130
0 0.761020 0.631098 0.061130 0.061130
0 0.542138 0.357371 0.104277 0.104277
0 0.406178 0.135549 0.057104 0.057104
0 0.647894 0.137296 0.057104 0.057104
0 0.313533 0.312678 0.057104 0.057104
0 0.939700 0.757368 0.104277 0.104277
0 0.516460 0.251633 0.104277 0.104277
0 0.800503 0.369036 0.052757 0.052757
0 0.099078 0.081736 0.062220 0.062220
0 0.793400 0.908959 0.061130 0.061130
0 0.531553 0.443933 0.104277 0.104277
0 0.355663 0.642885 0.071945 0.071945
0 0.785642 0.825277 0.104277 0.104277
0 0.321017 0.144932 0.052757 0.052757
0 0.515718 0.156902 0.052757 0.052757
0 0.990261 0.805905 0.104277 0.104277
0 0.332629 0.076223 0.061130 0.061130
0 0.474950 0.594016 0.052757 0.052757
0 0.701082 0.070395 0.104277 0.104277
0 0.969166 0.693215 0.052757 0.052757
0 0.306914 0.725110 0.052757 0.052757
0 0.239597 0.403664 0.061130 0.061130
0 0.047919 0.785449 0.104278 0.104278
0 0.681525 0.566702 0.071945 0.071945
0 0.606470 0.319672 0.062220 0.062220
0 0.230691 0.597543 0.061130 0.061130
0 0.238641 0.918698 0.104277 0.104277
0 0.920802 0.259369 0.052757 0.052757
0 0.913569 0.029706 0.062220 0.062220
0 0.567402 0.525369 0.104277 0.104277
0 0.577437 0.975736 0.050932 0.050932
0 0.117223 0.467815 0.061130 0.061130
0 0.714173 0.796850 0.052757 0.052757
0 0.189548 0.829568 0.057104 0.057104
0 0.878334 0.093324 0.104278 0.104278
0 0.480310 0.743741 0.071945 0.071945
0 0.691070 0.703910 0.061130 0.061130
0 0.266672 0.668369 0.062220 0.062220
0 0.258780 0.104368 0.061130 0.061130
0 0.904405 0.913412 0.057104 0.057104
0 0.403210 0.340164 0.057104 0.057104
0 0.713718 0.349071 0.057104 0.057104
0 0.132701 0.387227 0.057104 0.057104
0 0.205406 0.282338 0.104277 0.104277
0 0.345531 0.793543 0.104277 0.104277
0 0.052286 0.593487 0.061130 0.061130
0 0.935352 0.159235 0.062220 0.062220
0 0.015882 0.085250 0.061130 0.061130
0 0.813909 0.273811 0.057104 0.057104
0 0.687974 0.863876 0.061130 0.061130
0 0.550339 0.707035 0.071945 0.071945
0 0.402974 0.418273 0.061130 0.061130
0 0.332811 0.405552 0.062220 0.062220
0 0.677826 0.423536 0.048997 0.048997
0 0.057098 0.013258 0.061130 0.061130
0 0.967272 0.091606 0.071945 0.071945
0 0.880852 0.328167 0.062220 0.062220
0 0.144628 0.894285 0.062220 0.062220
0 0.104330 0.228930 0.104277 0.104277
0 0.614495 0.054718 0.057104 0.057104
0 0.812911 0.051404 0.104277 0.104277
0 0.489253 0.045067 0.104277 0.104277
0 0.876834 0.569528 0.062220 0.062220
0 0.648766 0.960561 0.062220 0.062220
0 0.444521 0.938465 0.062220 0.062220
0 0.062872 0.386275 0.057104 0.057104
0 0.110318 0.545049 0.057104 0.057104
0 0.880411 0.479717 0.061131 0.061131
0 0.301372 0.490092 0.071945 0.071945
0 0.084412 0.990354 0.057104 0.057104
0 0.142712 0.018940 0.071945 0.071945
0 0.455185 0.517913 0.104277 0.104277
0 0.221311 0.483016 0.071945 0.071945
0 0.211562 0.205875 0.061130 0.061130
0 0.294289 0.848470 0.071945 0.071945
0 0.389374 0.853439 0.047555 0.047555
0 0.523474 0.878235 0.052757 0.052757
0 0.595627 0.241780 0.057104 0.057104
0 0.014632 0.174682 0.071945 0.071945
0 0.153891 0.977240 0.057103 0.057103
0 0.807919 0.576522 0.071945 0.071945
0 0.603424 0.886116 0.071945 0.071945
0 0.050556 0.681703 0.062220 0.062220
0 0.179584 0.142065 0.062220 0.062220