0 0.627880 0.716117 0.071945 0.071945
0 0.526614 0.830394 0.062220 0.062220
0 0.659592 0.828341 0.057104 0.057104
0 0.692403 0.753649 0.052757 0.052757
0 0.504349 0.945304 0.104277 0.104277
0 0.758652 0.249793 0.061130 0.061130
0 0.729081 0.387006 0.061130 0.061130
0 0.338868 0.263462 0.052757 0.052757
0 0.432081 0.210536 0.052757 0.052757
0 0.499351 0.759687 0.052757 0.052757
0 0.589768 0.959592 0.062220 0.062220
0 0.729722 0.851384 0.071945 0.071945
0 0.652880 0.175030 0.104277 0.104277
0 0.591510 0.779997 0.071945 0.071945
0 0.243892 0.179770 0.062220 0.062220
0 0.760023 0.614733 0.061131 0.061131
0 0.778657 0.789597 0.071945 0.071945
0 0.160432 0.612374 0.071945 0.071945
0 0.441831 0.519750 0.061130 0.061130
0 0.258091 0.299752 0.062220 0.062220
0 0.430544 0.883122 0.071945 0.071945
0 0.280993 0.764273 0.061130 0.061130
0 0.791223 0.712960 0.071945 0.071945
0 0.306006 0.883148 0.104277 0.104277
0 0.012796 0.614766 0.104277 0.104277
0 0.187991 0.267157 0.052757 0.052757
0 0.056765 0.749692 0.071945 0.071945
0 0.722010 0.958525 0.104278 0.104278
0 0.314376 0.436594 0.061130 0.061130
0 0.410930 0.415695 0.057104 0.057104
0 0.120981 0.346206 0.071945 0.071945
0 0.671361 0.528029 0.057104 0.057104
0 0.008680 0.428590 0.057104 0.057104
0 0.009436 0.231446 0.061131 0.061131
0 0.118848 0.998606 0.071945 0.071945
0 0.318875 0.187074 0.057104 0.057104
0 0.474042 0.363647 0.062220 0.062220
0 0.526515 0.620967 0.062220 0.062220
0 0.106271 0.248735 0.052757 0.052757
0 0.490090 0.682534 0.062220 0.062220
0 0.042100 0.494229 0.062220 0.062220
0 0.203633 0.963965 0.062220 0.062220
0 0.587286 0.213750 0.071945 0.071945
0 0.311785 0.353882 0.061131 0.061131
0 0.086664 0.678167 0.061131 0.061131
0 0.702565 0.305282 0.104278 0.104278
0 0.259049 0.489689 0.071945 0.071945
0 0.170514 0.186950 0.062220 0.062220
0 0.773729 0.490027 0.061131 0.061131
0 0.033126 0.988469 0.061131 0.061131
0 0.452242 0.609681 0.052757 0.052757
0 0.250680 0.686011 0.057104 0.057104
0 0.551783 0.353074 0.052757 0.052757
0 0.105605 0.527344 0.071945 0.071945
0 0.368591 0.503219 0.052757 0.052757
0 0.186779 0.389347 0.071945 0.071945
0 0.619636 0.294552 0.062220 0.062220
0 0.388524 0.700587 0.071945 0.071945
0 0.290486 0.615158 0.062220 0.062220
0 0.489202 0.255333 0.071945 0.071945
0 0.621941 0.410589 0.052559 0.052559
0 0.282778 0.979604 0.057104 0.057104
0 0.117185 0.450394 0.071945 0.071945
0 0.664615 0.646946 0.062220 0.062220
0 0.122430 0.801311 0.104277 0.104277
0 0.188772 0.870748 0.052757 0.052757
0 0.357442 0.638750 0.104277 0.104277
0 0.195927 0.736292 0.071945 0.071945
0 0.209900 0.546306 0.104277 0.104277
0 0.568867 0.490395 0.071945 0.071945
0 0.724744 0.681174 0.104278 0.104278
0 0.412683 0.799492 0.104277 0.104277
0 0.093549 0.178299 0.057104 0.057104
0 0.469460 0.454185 0.052757 0.052757
0 0.076329 0.860448 0.052757 0.052757
0 0.370764 0.977602 0.062220 0.062220
0 0.422156 0.303527 0.061131 0.061131
0 0.491873 0.176942 0.062220 0.062220