0 0.515842 0.171352 0.104277 0.104277
0 0.188302 0.378880 0.104278 0.104278
0 0.442345 0.970657 0.071945 0.071945
0 0.666132 0.169028 0.062220 0.062220
0 0.717466 0.938636 0.071945 0.071945
0 0.997844 0.678957 0.071945 0.071945
0 0.243958 0.816002 0.104277 0.104277
0 0.306446 0.540228 0.052757 0.052757
0 0.486743 0.726974 0.061130 0.061130
0 0.893021 0.851951 0.104277 0.104277
0 0.919744 0.466104 0.062220 0.062220
0 0.205740 0.489685 0.052757 0.052757
0 0.659687 0.688850 0.071945 0.071945
0 0.226811 0.660912 0.052757 0.052757
0 0.340494 0.990112 0.062220 0.062220
0 0.509966 0.086167 0.057104 0.057104
0 0.303118 0.736047 0.071945 0.071945
0 0.052719 0.741573 0.104277 0.104277
0 0.545828 0.272803 0.051819 0.051819
0 0.725976 0.216516 0.052757 0.052757
0 0.438534 0.561604 0.104277 0.104277
0 0.738395 0.807708 0.104277 0.104277
0 0.856174 0.618901 0.071945 0.071945
0 0.787252 0.165031 0.057103 0.057103
0 0.860921 0.550455 0.062220 0.062220
0 0.103827 0.887628 0.104277 0.104277
0 0.798877 0.746206 0.057104 0.057104
0 0.841844 0.919881 0.062220 0.062220
0 0.741594 0.677990 0.062220 0.062220
0 0.702868 0.004364 0.036679 0.036679
0 0.138148 0.290318 0.052757 0.052757
0 0.821906 0.282371 0.104277 0.104277
0 0.621669 0.343147 0.104277 0.104277
0 0.927243 0.650683 0.061130 0.061130
0 0.616806 0.269854 0.071945 0.071945
0 0.380991 0.812336 0.052757 0.052757
0 0.323277 0.282563 0.052757 0.052757
0 0.919237 0.297239 0.061131 0.061131
0 0.191015 0.735091 0.104277 0.104277
0 0.138312 0.596737 0.057104 0.057104
0 0.343649 0.678341 0.052757 0.052757
0 0.538124 0.429776 0.054783 0.054783
0 0.674967 0.874912 0.062220 0.062220
0 0.518654 0.950462 0.061131 0.061131
0 0.705676 0.363688 0.057103 0.057103
0 0.041480 0.820723 0.061130 0.061130
0 0.477047 0.878913 0.071945 0.071945
0 0.506226 0.541942 0.071945 0.071945
0 0.265248 0.997462 0.062220 0.062220
0 0.506486 0.612766 0.061130 0.061130
0 0.289350 0.203194 0.071945 0.071945
0 0.063027 0.408791 0.061130 0.061130
0 0.121029 0.523329 0.052757 0.052757
0 0.799982 0.430509 0.061131 0.061131
0 0.386506 0.438444 0.057104 0.057104
0 0.751160 0.298390 0.061131 0.061131
0 0.161576 0.849083 0.071945 0.071945
0 0.961489 0.907857 0.045227 0.045227
0 0.595877 0.956184 0.052757 0.052757
0 0.057723 0.243447 0.062220 0.062220
0 0.173384 0.072447 0.061130 0.061130
0 0.951714 0.151370 0.062220 0.062220
0 0.305423 0.915722 0.061130 0.061130
0 0.400701 0.316570 0.052757 0.052757
0 0.113496 0.674512 0.057104 0.057104
0 0.093306 0.958887 0.071945 0.071945
0 0.258450 0.029243 0.104277 0.104277
0 0.421855 0.127116 0.071945 0.071945
0 0.953318 0.364035 0.104278 0.104278
0 0.630639 0.530434 0.052757 0.052757
0 0.112150 0.180834 0.061130 0.061130
0 0.926298 0.006443 0.104277 0.104277
0 0.212243 0.273370 0.057104 0.057104
0 0.104392 0.097152 0.104277 0.104277
0 0.311844 0.350986 0.062220 0.062220
0 0.876671 0.403614 0.062220 0.062220
0 0.309011 0.077780 0.104277 0.104277
0 0.318316 0.609651 0.104277 0.104277
0 0.673503 0.769945 0.052757 0.052757
0 0.594832 0.004778 0.062220 0.062220
0 0.054603 0.485426 0.104277 0.104277
0 0.585550 0.821809 0.052757 0.052757
0 0.015249 0.339447 0.071945 0.071945
0 0.405087 0.888196 0.057104 0.057104
0 0.258147 0.407075 0.104277 0.104277
0 0.737043 0.087474 0.104277 0.104277
0 0.412980 0.211032 0.057104 0.057104
0 0.875560 0.755349 0.061131 0.061131
0 0.781197 0.619612 0.057104 0.057104
0 0.032923 0.068725 0.052757 0.052757
0 0.800232 0.354113 0.071945 0.071945
0 0.650495 0.052696 0.071945 0.071945
0 0.368849 0.033840 0.052757 0.052757
0 0.223155 0.185287 0.057104 0.057104
0 0.614484 0.416525 0.104277 0.104277
0 0.804764 0.849067 0.061131 0.061131
0 0.006724 0.135751 0.061130 0.061130
0 0.318630 0.843186 0.050559 0.050559
0 0.791390 0.042843 0.061131 0.061131
0 0.447769 0.785965 0.061130 0.061130
0 0.577040 0.606337 0.071945 0.071945
0 0.679027 0.460723 0.057104 0.057104
0 0.719073 0.517861 0.104277 0.104277
0 0.220272 0.578742 0.061131 0.061131
0 0.067379 0.620067 0.104277 0.104277
0 0.575840 0.700890 0.071945 0.071945
0 0.524565 0.361822 0.052757 0.052757
0 0.452002 0.396049 0.104277 0.104277
0 0.962683 0.768843 0.052757 0.052757
0 0.142284 0.448794 0.071945 0.071945
0 0.884058 0.079840 0.071945 0.071945
0 0.382485 0.515014 0.071945 0.071945
0 0.688749 0.609465 0.104277 0.104277
0 0.413192 0.652954 0.104277 0.104277
0 0.177685 0.972868 0.052757 0.052757
0 0.964958 0.575010 0.061131 0.061131
0 0.587451 0.132595 0.057104 0.057104
0 0.857202 0.215326 0.061131 0.061131