0 0.571630 0.372367 0.071945 0.071945
0 0.366807 0.875786 0.104277 0.104277
0 0.556909 0.840314 0.104277 0.104277
0 0.470364 0.486644 0.062220 0.062220
0 0.603342 0.484591 0.057104 0.057104
0 0.693483 0.998441 0.104277 0.104277
0 0.636153 0.409899 0.052757 0.052757
0 0.519939 0.750071 0.057104 0.057104
0 0.448099 0.601554 0.104277 0.104277
0 0.430402 0.953450 0.104277 0.104277
0 0.433293 0.792030 0.061131 0.061131
0 0.672831 0.043256 0.061130 0.061130
0 0.443101 0.415937 0.052757 0.052757
0 0.316509 0.715563 0.071945 0.071945
0 0.533518 0.615842 0.062220 0.062220
0 0.204070 0.916828 0.052757 0.052757
0 0.591675 0.737093 0.071945 0.071945
0 0.673472 0.507634 0.071945 0.071945
0 0.030093 0.904131 0.061131 0.061131
0 0.535260 0.436247 0.071945 0.071945
0 0.525087 0.927900 0.061130 0.061130
0 0.703773 0.270983 0.061131 0.061131
0 0.307380 0.945567 0.057104 0.057104
0 0.722407 0.445847 0.071945 0.071945
0 0.104182 0.268624 0.071945 0.071945
0 0.385581 0.176000 0.061130 0.061130
0 0.374294 0.539372 0.071945 0.071945
0 0.224743 0.420523 0.061130 0.061130
0 0.734973 0.369210 0.071945 0.071945
0 0.249756 0.539398 0.104277 0.104277
0 0.717785 0.867477 0.057104 0.057104
0 0.000515 0.405942 0.071945 0.071945
0 0.373672 0.671075 0.104277 0.104277
0 0.665760 0.614775 0.104278 0.104278
0 0.258126 0.092844 0.061130 0.061130
0 0.354680 0.071945 0.057104 0.057104
0 0.064731 0.002456 0.071945 0.071945
0 0.615111 0.184279 0.057104 0.057104
0 0.062598 0.654856 0.071945 0.071945
0 0.417792 0.019897 0.062220 0.062220
0 0.076406 0.789270 0.061131 0.061131
0 0.470265 0.277217 0.062220 0.062220
0 0.433840 0.338784 0.062220 0.062220
0 0.147383 0.620215 0.062220 0.062220
0 0.670117 0.921479 0.052757 0.052757
0 0.165945 0.859649 0.057104 0.057104
0 0.255535 0.010132 0.061131 0.061131
0 0.030414 0.334417 0.061131 0.061131
0 0.202799 0.145939 0.071945 0.071945
0 0.289431 0.818273 0.071945 0.071945
0 0.717479 0.146277 0.061131 0.061131
0 0.395992 0.265931 0.052757 0.052757
0 0.194430 0.342261 0.057104 0.057104
0 0.495533 0.009324 0.052757 0.052757
0 0.049355 0.183594 0.071945 0.071945
0 0.707203 0.696817 0.057104 0.057104
0 0.588143 0.666937 0.057104 0.057104
0 0.312341 0.159469 0.052757 0.052757
0 0.445513 0.690823 0.052757 0.052757
0 0.130529 0.045597 0.071945 0.071945
0 0.195563 0.792697 0.052757 0.052757
0 0.332274 0.356837 0.071945 0.071945
0 0.234236 0.271408 0.062220 0.062220
0 0.565691 0.066839 0.052559 0.052559
0 0.226528 0.635854 0.057104 0.057104
0 0.060935 0.106644 0.071945 0.071945
0 0.608365 0.303196 0.062220 0.062220
0 0.160331 0.709540 0.057104 0.057104
0 0.066180 0.457561 0.104277 0.104277
0 0.132522 0.526998 0.052757 0.052757
0 0.011550 0.745681 0.071945 0.071945
0 0.301192 0.295000 0.104277 0.104277
0 0.139677 0.392542 0.071945 0.071945
0 0.153650 0.202556 0.104277 0.104277
0 0.687905 0.800282 0.061130 0.061130
0 0.512617 0.146645 0.071945 0.071945
0 0.668494 0.337424 0.104278 0.104278
0 0.356433 0.455742 0.104277 0.104277
0 0.413210 0.110435 0.052757 0.052757
0 0.020079 0.516698 0.052757 0.052757
0 0.314514 0.633852 0.062220 0.062220
0 0.111907 0.919290 0.061131 0.061131