0 0.247092 0.058852 0.104277 0.104277
0 0.173595 0.858157 0.071945 0.071945
0 0.397382 0.056528 0.062220 0.062220
0 0.448716 0.826136 0.071945 0.071945
0 0.729094 0.566457 0.071945 0.071945
0 0.480844 0.941506 0.052757 0.052757
0 0.037696 0.427728 0.052757 0.052757
0 0.217993 0.614474 0.061130 0.061130
0 0.624271 0.739451 0.104277 0.104277
0 0.760640 0.047003 0.047276 0.047276
0 0.650994 0.353604 0.062220 0.062220
0 0.390937 0.576350 0.071945 0.071945
0 0.071744 0.877612 0.062220 0.062220
0 0.034368 0.623547 0.071945 0.071945
0 0.277078 0.160303 0.051819 0.051819
0 0.591267 0.902570 0.104277 0.104277
0 0.756464 0.986313 0.052757 0.052757
0 0.457226 0.104016 0.052757 0.052757
0 0.169784 0.449104 0.104277 0.104277
0 0.469645 0.695208 0.104277 0.104277
0 0.587424 0.506401 0.071945 0.071945
0 0.518502 0.052531 0.057103 0.057103
0 0.592171 0.437955 0.062220 0.062220
0 0.050797 0.973368 0.061130 0.061130
0 0.530127 0.633706 0.057104 0.057104
0 0.573094 0.807381 0.062220 0.062220
0 0.325836 0.934568 0.052757 0.052757
0 0.472844 0.565490 0.062220 0.062220
0 0.553156 0.169871 0.104277 0.104277
0 0.352919 0.230647 0.104277 0.104277
0 0.658493 0.538183 0.061130 0.061130
0 0.348056 0.157354 0.071945 0.071945
0 0.744648 0.152928 0.071945 0.071945
0 0.112241 0.699836 0.052757 0.052757
0 0.054527 0.170063 0.052757 0.052757
0 0.650487 0.184739 0.061131 0.061131
0 0.074899 0.565841 0.052757 0.052757
0 0.269374 0.317276 0.054783 0.054783
0 0.406217 0.762412 0.062220 0.062220
0 0.249904 0.837962 0.061131 0.061131
0 0.436926 0.251188 0.057103 0.057103
0 0.208297 0.766413 0.071945 0.071945
0 0.237476 0.429442 0.071945 0.071945
0 0.237736 0.500266 0.061130 0.061130
0 0.020600 0.090694 0.071945 0.071945
0 0.531232 0.318009 0.061131 0.061131
0 0.117756 0.325944 0.057104 0.057104
0 0.482410 0.185890 0.061131 0.061131
0 0.692739 0.795357 0.045227 0.045227
0 0.327127 0.843684 0.052757 0.052757
0 0.747981 0.278432 0.071945 0.071945
0 0.753363 0.416957 0.104278 0.104278
0 0.682964 0.038870 0.062220 0.062220
0 0.036673 0.803222 0.061130 0.061130
0 0.131951 0.204070 0.052757 0.052757
0 0.748404 0.699152 0.061130 0.061130
0 0.153105 0.014616 0.071945 0.071945
0 0.684568 0.251535 0.104278 0.104278
0 0.361889 0.417934 0.052757 0.052757
0 0.043094 0.238486 0.062220 0.062220
0 0.607921 0.291114 0.062220 0.062220
0 0.049566 0.497151 0.104277 0.104277
0 0.404753 0.657445 0.052757 0.052757
0 0.316800 0.709309 0.052757 0.052757
0 0.136337 0.775696 0.057104 0.057104
0 0.144230 0.098532 0.057104 0.057104
0 0.606810 0.642849 0.061131 0.061131
0 0.512447 0.507112 0.057104 0.057104
0 0.531482 0.241613 0.071945 0.071945
0 0.345734 0.304025 0.104277 0.104277
0 0.403822 0.935745 0.055027 0.055027
0 0.536014 0.736567 0.061131 0.061131
0 0.194513 0.964658 0.062220 0.062220
0 0.049880 0.730686 0.050559 0.050559
0 0.179019 0.673465 0.061130 0.061130
0 0.308290 0.493837 0.071945 0.071945
0 0.410277 0.348223 0.057104 0.057104
0 0.450323 0.405361 0.104277 0.104277
0 0.307090 0.588390 0.071945 0.071945
0 0.266552 0.977468 0.104277 0.104277
0 0.255815 0.249322 0.052757 0.052757
0 0.183252 0.283549 0.104277 0.104277
0 0.693933 0.656343 0.052757 0.052757
0 0.113735 0.402514 0.071945 0.071945
0 0.419999 0.496965 0.104277 0.104277
0 0.144442 0.540454 0.104277 0.104277
0 0.696208 0.462510 0.061131 0.061131
0 0.668590 0.988597 0.057104 0.057104
0 0.318701 0.020095 0.057104 0.057104
0 0.682540 0.912514 0.088662 0.088662
0 0.588452 0.102826 0.061131 0.061131