0 0.759592 0.705727 0.104277 0.104277
0 0.716044 0.493736 0.061130 0.061130
0 0.432052 0.913255 0.104278 0.104278
0 0.649137 0.354065 0.104277 0.104277
0 0.710963 0.263017 0.071945 0.071945
0 0.909882 0.703403 0.062220 0.062220
0 0.862776 0.248627 0.071945 0.071945
0 0.941529 0.455485 0.104277 0.104277
0 0.616815 0.455634 0.052757 0.052757
0 0.946162 0.138930 0.061131 0.061131
0 0.654846 0.126118 0.104277 0.104277
0 0.161011 0.408731 0.052757 0.052757
0 0.753716 0.620542 0.057104 0.057104
0 0.524909 0.298574 0.062220 0.062220
0 0.789578 0.807178 0.051819 0.051819
0 0.084697 0.829912 0.057104 0.057104
0 0.782918 0.062089 0.052757 0.052757
0 0.435744 0.483733 0.104277 0.104277
0 0.035217 0.129268 0.052757 0.052757
0 0.693722 0.420273 0.061131 0.061131
0 0.969726 0.750891 0.052757 0.052757
0 0.160556 0.616561 0.057104 0.057104
0 0.726856 0.172614 0.057104 0.057104
0 0.226598 0.023728 0.071945 0.071945
0 0.777938 0.380768 0.052757 0.052757
0 0.273846 0.086167 0.061130 0.061130
0 0.451980 0.210122 0.052757 0.052757
0 0.834145 0.316728 0.057104 0.057104
0 0.946618 0.538739 0.036679 0.036679
0 0.381898 0.824693 0.052757 0.052757
0 0.205365 0.299207 0.057104 0.057104
0 0.780380 0.469350 0.057104 0.057104
0 0.865419 0.877522 0.104277 0.104277
0 0.519180 0.146031 0.052757 0.052757
0 0.860556 0.804229 0.071945 0.071945
0 0.069579 0.984448 0.104277 0.104277
0 0.292296 0.295464 0.057104 0.057104
0 0.515148 0.421983 0.071945 0.071945
0 0.567027 0.816938 0.052757 0.052757
0 0.995896 0.357419 0.104277 0.104277
0 0.624243 0.228314 0.071945 0.071945
0 0.781874 0.964151 0.054783 0.054783
0 0.171515 0.199669 0.057104 0.057104
0 0.949426 0.898063 0.057103 0.057103
0 0.533100 0.737569 0.071945 0.071945
0 0.306777 0.943166 0.061130 0.061130
0 0.198130 0.842008 0.071945 0.071945
0 0.630256 0.972819 0.057104 0.057104
0 0.994910 0.832765 0.061131 0.061131
0 0.586367 0.388432 0.057104 0.057104
0 0.206878 0.565194 0.071945 0.071945
0 0.157703 0.926636 0.062220 0.062220
0 0.942823 0.299127 0.061130 0.061130
0 0.301473 0.777822 0.062220 0.062220
0 0.417134 0.606822 0.061130 0.061130
0 0.644451 0.850945 0.052757 0.052757
0 0.590841 0.028150 0.104277 0.104277
0 0.352446 0.509083 0.061130 0.061130
0 0.323520 0.437348 0.061130 0.061130
0 0.892919 0.393610 0.062220 0.062220
0 0.104638 0.163621 0.104277 0.104277
0 0.502200 0.563618 0.104277 0.104277
0 0.665605 0.661491 0.071945 0.071945
0 0.078960 0.057883 0.104277 0.104277
0 0.363003 0.175286 0.052757 0.052757
0 0.806351 0.164640 0.062220 0.062220
0 0.355900 0.715209 0.061130 0.061130
0 0.094053 0.250183 0.104277 0.104277
0 0.455993 0.807745 0.057104 0.057104
0 0.348142 0.631527 0.104277 0.104277
0 0.555594 0.885361 0.062220 0.062220
0 0.552761 0.612155 0.104277 0.104277
0 0.037450 0.400266 0.052757 0.052757
0 0.531666 0.499465 0.052757 0.052757
0 0.838582 0.539153 0.062220 0.062220
0 0.244025 0.372952 0.071945 0.071945
0 0.168970 0.125922 0.062220 0.062220
0 0.258999 0.873822 0.071945 0.071945
0 0.873423 0.082491 0.071945 0.071945
0 0.501897 0.941450 0.104277 0.104277
0 0.483302 0.065619 0.052757 0.052757
0 0.980793 0.621849 0.104277 0.104277
0 0.129902 0.331619 0.104277 0.104277
0 0.656730 0.745407 0.057104 0.057104
0 0.000065 0.937889 0.071945 0.071945
0 0.139937 0.781986 0.050932 0.050932
0 0.276673 0.603100 0.052757 0.052757
0 0.042810 0.549991 0.071945 0.071945
0 0.894245 0.587071 0.071945 0.071945
0 0.253570 0.510160 0.061130 0.061130
0 0.612599 0.568215 0.052757 0.052757
0 0.466905 0.719662 0.057104 0.057104
0 0.858234 0.950900 0.104277 0.104277
0 0.276218 0.155321 0.057104 0.057104
0 0.000394 0.836622 0.071945 0.071945
0 0.376409 0.080061 0.057104 0.057104
0 0.250474 0.670126 0.061130 0.061130
0 0.112839 0.513285 0.071945 0.071945
0 0.922777 0.995098 0.057104 0.057104
0 0.240326 0.229786 0.048997 0.048997
0 0.443352 0.134417 0.062220 0.062220
0 0.439334 0.375778 0.062220 0.062220
0 0.768315 0.896197 0.052757 0.052757
0 0.695752 0.930424 0.104277 0.104277
0 0.211266 0.766811 0.062220 0.062220
0 0.007021 0.744715 0.062220 0.062220
0 0.999126 0.186090 0.057104 0.057104
0 0.442911 0.285967 0.061131 0.061131
0 0.017685 0.324163 0.104277 0.104277
0 0.386034 0.983169 0.071945 0.071945
0 0.085974 0.684485 0.052757 0.052757
0 0.158127 0.048030 0.057104 0.057104
0 0.370419 0.382772 0.071945 0.071945
0 0.081694 0.902590 0.071945 0.071945
0 0.831201 0.666970 0.057104 0.057104
0 0.165924 0.692366 0.071945 0.071945