0 0.265842 0.980727 0.104277 0.104277
0 0.222294 0.768736 0.061130 0.061130
0 0.625239 0.730445 0.052757 0.052757
0 0.155387 0.629065 0.104277 0.104277
0 0.217213 0.538017 0.071945 0.071945
0 0.416132 0.978403 0.062220 0.062220
0 0.369026 0.523627 0.071945 0.071945
0 0.447779 0.730485 0.104277 0.104277
0 0.123065 0.730634 0.052757 0.052757
0 0.525643 0.777010 0.071945 0.071945
0 0.419932 0.072661 0.104277 0.104277
0 0.452412 0.413930 0.061131 0.061131
0 0.610034 0.037189 0.104277 0.104277
0 0.161096 0.401118 0.104277 0.104277
0 0.654223 0.233437 0.057104 0.057104
0 0.780676 0.438397 0.062221 0.062221
0 0.669582 0.401402 0.104277 0.104277
0 0.746608 0.195316 0.104277 0.104277
0 0.779390 0.968878 0.047276 0.047276
0 0.483527 0.150325 0.104277 0.104277
0 0.259966 0.895542 0.057104 0.057104
0 0.031159 0.573574 0.062220 0.062220
0 0.289168 0.337089 0.052757 0.052757
0 0.770629 0.710511 0.071945 0.071945
0 0.199972 0.695273 0.061131 0.061131
0 0.233106 0.447614 0.057104 0.057104
0 0.537252 0.974406 0.057103 0.057103
0 0.284188 0.655768 0.052757 0.052757
0 0.552245 0.391570 0.104277 0.104277
0 0.422522 0.207980 0.062220 0.062220
0 0.340395 0.591728 0.057104 0.057104
0 0.260348 0.274528 0.057104 0.057104
0 0.257195 0.113703 0.052757 0.052757
0 0.730944 0.544485 0.052757 0.052757
0 0.452868 0.813739 0.036679 0.036679
0 0.368349 0.251966 0.061130 0.061130
0 0.083218 0.101006 0.061131 0.061131
0 0.670857 0.505296 0.062221 0.062221
0 0.286630 0.744350 0.057104 0.057104
0 0.025430 0.421031 0.052757 0.052757
0 0.672487 0.310784 0.071945 0.071945
0 0.609402 0.540925 0.052757 0.052757
0 0.578212 0.124775 0.061130 0.061130
0 0.596508 0.608787 0.104277 0.104277
0 0.021398 0.696983 0.071945 0.071945
0 0.018344 0.022313 0.062220 0.062220
0 0.311278 0.208989 0.061131 0.061131
0 0.502146 0.632419 0.104277 0.104277
0 0.130493 0.503314 0.071945 0.071945
0 0.360505 0.142442 0.057104 0.057104
0 0.785276 0.857876 0.057104 0.057104
0 0.593051 0.799894 0.062220 0.062220
0 0.770910 0.064352 0.057104 0.057104
0 0.092617 0.663432 0.057104 0.057104
0 0.449073 0.574127 0.061130 0.061130
0 0.583999 0.199650 0.061130 0.061130
0 0.701714 0.960745 0.062220 0.062220
0 0.527833 0.704742 0.061130 0.061130
0 0.097091 0.303150 0.104277 0.104277
0 0.399169 0.668610 0.062220 0.062220
0 0.008450 0.838618 0.104277 0.104277
0 0.171855 0.936491 0.071945 0.071945
0 0.312601 0.439640 0.062220 0.062220
0 0.676298 0.815818 0.104277 0.104277
0 0.059011 0.887155 0.104277 0.104277
0 0.037916 0.774465 0.052757 0.052757
0 0.344832 0.814153 0.062220 0.062220
0 0.723242 0.118354 0.052757 0.052757
0 0.219070 0.056524 0.057104 0.057104
0 0.379673 0.357491 0.071945 0.071945
0 0.487043 0.896849 0.104277 0.104277
0 0.342556 0.015148 0.071945 0.071945
0 0.400495 0.862071 0.071945 0.071945
0 0.118849 0.843215 0.052757 0.052757
0 0.197227 0.238745 0.062220 0.062220
0 0.790499 0.589726 0.071945 0.071945
0 0.004102 0.240485 0.062220 0.062220
0 0.541390 0.852218 0.061131 0.061131
0 0.673665 0.639948 0.071945 0.071945
0 0.036022 0.172856 0.071945 0.071945
0 0.768046 0.288923 0.104277 0.104277
0 0.522633 0.321152 0.057104 0.057104
0 0.076223 0.229782 0.052757 0.052757
0 0.505376 0.461090 0.057104 0.057104
0 0.514038 0.247453 0.104277 0.104277
0 0.634058 0.889215 0.071945 0.071945
0 0.583371 0.275048 0.104277 0.104277
0 0.597551 0.471306 0.052757 0.052757
0 0.337451 0.941970 0.057104 0.057104
0 0.165032 0.116165 0.061131 0.061131