0 0.756669 0.987486 0.061130 0.061130
0 0.689762 0.847815 0.104277 0.104277
0 0.751588 0.756767 0.071945 0.071945
0 0.903401 0.742377 0.071945 0.071945
0 0.982154 0.949235 0.104277 0.104277
0 0.657440 0.949384 0.052757 0.052757
0 0.954307 0.291411 0.104277 0.104277
0 0.986787 0.632680 0.061131 0.061131
0 0.695471 0.619868 0.104277 0.104277
0 0.201636 0.902481 0.052757 0.052757
0 0.151285 0.395802 0.062220 0.062220
0 0.565534 0.792324 0.062220 0.062220
0 0.823543 0.555839 0.052757 0.052757
0 0.476369 0.977483 0.104277 0.104277
0 0.075842 0.623018 0.052757 0.052757
0 0.734347 0.914023 0.061131 0.061131
0 0.098170 0.270187 0.057103 0.057103
0 0.767481 0.666364 0.057104 0.057104
0 0.267223 0.517478 0.071945 0.071945
0 0.904009 0.131188 0.071945 0.071945
0 0.818563 0.874518 0.052757 0.052757
0 0.314471 0.579917 0.061130 0.061130
0 0.492605 0.703872 0.052757 0.052757
0 0.956897 0.426730 0.062220 0.062220
0 0.874770 0.810478 0.057104 0.057104
0 0.794723 0.493278 0.057104 0.057104
0 0.791570 0.332453 0.052757 0.052757
0 0.902724 0.470716 0.061130 0.061130
0 0.617593 0.319756 0.061131 0.061131
0 0.245990 0.792957 0.057104 0.057104
0 0.821005 0.963100 0.057104 0.057104
0 0.559805 0.639781 0.052757 0.052757
0 0.332921 0.789214 0.057104 0.057104
0 0.302975 0.020377 0.057104 0.057104
0 0.555773 0.915733 0.071945 0.071945
0 0.552719 0.241063 0.062220 0.062220
0 0.845653 0.427739 0.061131 0.061131
0 0.664868 0.722064 0.071945 0.071945
0 0.030290 0.092325 0.104277 0.104277
0 0.894880 0.361192 0.057104 0.057104
0 0.014332 0.534512 0.071945 0.071945
0 0.212140 0.693419 0.057104 0.057104
0 0.240740 0.175508 0.057104 0.057104
0 0.626992 0.882182 0.057104 0.057104
0 0.961172 0.086700 0.104277 0.104277
0 0.359329 0.457610 0.061130 0.061130
0 0.983448 0.792877 0.061130 0.061130
0 0.160763 0.217943 0.052757 0.052757
0 0.650098 0.070481 0.071945 0.071945
0 0.631466 0.521900 0.104277 0.104277
0 0.086004 0.020973 0.057104 0.057104
0 0.364145 0.931098 0.061130 0.061130
0 0.243158 0.270008 0.057104 0.057104
0 0.933544 0.887360 0.062220 0.062220
0 0.145263 0.657371 0.104277 0.104277
0 0.009303 0.435549 0.057104 0.057104
0 0.251019 0.437296 0.057104 0.057104
0 0.291548 0.099337 0.052757 0.052757
0 0.362739 0.168418 0.104277 0.104277
0 0.119585 0.551633 0.104277 0.104277
0 0.403628 0.669036 0.052757 0.052757
0 0.846976 0.658390 0.062220 0.062220
0 0.134678 0.743933 0.104277 0.104277
0 0.663906 0.204895 0.061131 0.061131
0 0.118843 0.456902 0.052757 0.052757
0 0.078075 0.894016 0.052757 0.052757
0 0.304207 0.370395 0.104277 0.104277
0 0.572291 0.993215 0.052757 0.052757
0 0.439516 0.253592 0.061130 0.061130
0 0.175429 0.108023 0.057104 0.057104
0 0.004708 0.291041 0.071945 0.071945
0 0.522002 0.151380 0.104277 0.104277
0 0.734883 0.035840 0.062220 0.062220
0 0.753445 0.275274 0.057104 0.057104
0 0.284650 0.866702 0.071945 0.071945
0 0.209595 0.619672 0.062220 0.062220
0 0.914048 0.576241 0.071945 0.071945
0 0.523927 0.559369 0.052757 0.052757
0 0.516694 0.329706 0.062220 0.062220
0 0.170527 0.825369 0.104277 0.104277
0 0.876931 0.233898 0.071945 0.071945
0 0.319871 0.244116 0.061130 0.061130
0 0.481459 0.393324 0.104278 0.104278
0 0.564376 0.060344 0.061131 0.061131
0 0.731602 0.457495 0.062220 0.062220
0 0.006335 0.640164 0.057104 0.057104
0 0.316843 0.649071 0.057104 0.057104
0 0.538477 0.459235 0.062220 0.062220
0 0.417034 0.573811 0.057104 0.057104
0 0.006099 0.718273 0.061130 0.061130
0 0.783063 0.208322 0.052757 0.052757
0 0.280951 0.723536 0.048997 0.048997
0 0.570397 0.391606 0.071945 0.071945
0 0.483977 0.628167 0.062220 0.062220
0 0.814028 0.051479 0.057104 0.057104
0 0.381310 0.046372 0.061130 0.061130
0 0.217620 0.354718 0.057104 0.057104
0 0.416036 0.351404 0.104277 0.104277
0 0.092378 0.345067 0.104277 0.104277
0 0.747831 0.125165 0.057104 0.057104
0 0.479959 0.869528 0.062220 0.062220
0 0.610598 0.448532 0.052757 0.052757
0 0.422069 0.119285 0.061130 0.061130
0 0.483536 0.779717 0.061131 0.061131
0 0.599050 0.161306 0.071945 0.071945
0 0.116505 0.150144 0.062220 0.062220
0 0.467515 0.058095 0.071945 0.071945
0 0.058310 0.817913 0.104277 0.104277
0 0.016316 0.208999 0.052757 0.052757
0 0.198752 0.541780 0.057104 0.057104
0 0.902014 0.049477 0.062220 0.062220
0 0.411044 0.876522 0.071945 0.071945
0 0.699407 0.334915 0.061131 0.061131