0 0.259592 0.336977 0.104277 0.104277
0 0.216044 0.124986 0.061130 0.061130
0 0.618989 0.086695 0.052757 0.052757
0 0.409882 0.334653 0.062220 0.062220
0 0.441529 0.086735 0.104277 0.104277
0 0.116815 0.086884 0.052757 0.052757
0 0.741594 0.844582 0.071945 0.071945
0 0.050196 0.705853 0.052757 0.052757
0 0.519393 0.133260 0.071945 0.071945
0 0.230493 0.892599 0.061130 0.061130
0 0.773140 0.325128 0.047276 0.047276
0 0.663494 0.631729 0.062220 0.062220
0 0.403437 0.854475 0.071945 0.071945
0 0.253716 0.251792 0.057104 0.057104
0 0.046868 0.901672 0.071945 0.071945
0 0.289578 0.438428 0.051819 0.051819
0 0.764379 0.066761 0.071945 0.071945
0 0.193722 0.051523 0.061131 0.061131
0 0.469726 0.382141 0.052757 0.052757
0 0.182284 0.727229 0.104277 0.104277
0 0.482145 0.973333 0.104277 0.104277
0 0.599924 0.784526 0.071945 0.071945
0 0.531002 0.330656 0.057103 0.057103
0 0.277938 0.012018 0.052757 0.052757
0 0.604671 0.716080 0.062220 0.062220
0 0.542627 0.911831 0.057104 0.057104
0 0.485344 0.843615 0.062220 0.062220
0 0.446618 0.169989 0.036679 0.036679
0 0.565656 0.447996 0.104277 0.104277
0 0.280380 0.100600 0.057104 0.057104
0 0.365419 0.508772 0.104277 0.104277
0 0.670993 0.816308 0.061130 0.061130
0 0.360556 0.435479 0.071945 0.071945
0 0.757148 0.431053 0.071945 0.071945
0 0.015148 0.053233 0.071945 0.071945
0 0.124741 0.977961 0.052757 0.052757
0 0.067027 0.448188 0.052757 0.052757
0 0.662987 0.462864 0.061131 0.061131
0 0.087399 0.843966 0.052757 0.052757
0 0.779026 0.214126 0.057104 0.057104
0 0.281874 0.595401 0.054783 0.054783
0 0.586801 0.156144 0.062220 0.062220
0 0.449426 0.529313 0.057103 0.057103
0 0.249976 0.707567 0.071945 0.071945
0 0.250236 0.778391 0.061130 0.061130
0 0.033100 0.368819 0.071945 0.071945
0 0.543732 0.596134 0.061131 0.061131
0 0.130256 0.604069 0.057104 0.057104
0 0.494910 0.464015 0.061131 0.061131
0 0.086367 0.019682 0.057104 0.057104
0 0.760481 0.556557 0.071945 0.071945
0 0.765863 0.695082 0.104278 0.104278
0 0.695464 0.316995 0.062220 0.062220
0 0.521583 0.060992 0.061130 0.061130
0 0.144451 0.482195 0.052757 0.052757
0 0.760904 0.977277 0.061130 0.061130
0 0.392919 0.024860 0.062220 0.062220
0 0.002200 0.194868 0.104277 0.104277
0 0.165605 0.292741 0.071945 0.071945
0 0.697068 0.529660 0.104278 0.104278
0 0.374389 0.696059 0.052757 0.052757
0 0.670048 0.172068 0.104277 0.104277
0 0.055594 0.516611 0.062220 0.062220
0 0.620421 0.569239 0.062220 0.062220
0 0.052761 0.243405 0.104277 0.104277
0 0.031666 0.130715 0.052757 0.052757
0 0.062066 0.775276 0.104277 0.104277
0 0.417253 0.935570 0.052757 0.052757
0 0.338582 0.170403 0.062220 0.062220
0 0.329300 0.987434 0.052757 0.052757
0 0.001897 0.572700 0.104277 0.104277
0 0.480793 0.253099 0.104277 0.104277
0 0.156730 0.376657 0.057104 0.057104
0 0.619310 0.920974 0.061131 0.061131
0 0.524947 0.785237 0.057104 0.057104
0 0.543982 0.519738 0.071945 0.071945
0 0.394245 0.218321 0.071945 0.071945
0 0.112599 0.199465 0.052757 0.052757
0 0.358234 0.582150 0.104277 0.104277
0 0.535140 0.208468 0.061131 0.061131
0 0.191519 0.951590 0.061130 0.061130
0 0.320790 0.771962 0.071945 0.071945
0 0.422777 0.626348 0.057104 0.057104
0 0.462823 0.683486 0.104277 0.104277
0 0.319590 0.866515 0.071945 0.071945
0 0.268315 0.527447 0.052757 0.052757
0 0.195752 0.561674 0.104277 0.104277
0 0.706433 0.934468 0.052757 0.052757
0 0.627808 0.245465 0.071945 0.071945
0 0.126235 0.680639 0.071945 0.071945
0 0.432499 0.775090 0.104277 0.104277
0 0.156942 0.818579 0.104277 0.104277
0 0.708708 0.740635 0.061131 0.061131
0 0.331201 0.298220 0.057104 0.057104
0 0.600952 0.380951 0.061131 0.061131