0 0.559592 0.024477 0.104277 0.104277
0 0.232052 0.232005 0.104278 0.104278
0 0.486095 0.823782 0.071945 0.071945
0 0.709882 0.022153 0.062220 0.062220
0 0.761216 0.791761 0.071945 0.071945
0 0.287708 0.669127 0.104277 0.104277
0 0.793344 0.907131 0.052757 0.052757
0 0.350196 0.393353 0.052757 0.052757
0 0.530493 0.580099 0.061130 0.061130
0 0.936771 0.705076 0.104277 0.104277
0 0.022687 0.750321 0.052757 0.052757
0 0.034379 0.836870 0.104277 0.104277
0 0.963494 0.319229 0.062220 0.062220
0 0.249490 0.342810 0.052757 0.052757
0 0.703437 0.541975 0.071945 0.071945
0 0.270561 0.514037 0.052757 0.052757
0 0.384244 0.843237 0.062220 0.062220
0 0.014112 0.662900 0.104277 0.104277
0 0.346868 0.589172 0.071945 0.071945
0 0.096469 0.594698 0.104277 0.104277
0 0.589578 0.125928 0.051819 0.051819
0 0.020636 0.563758 0.061130 0.061130
0 0.903767 0.868195 0.104277 0.104277
0 0.769726 0.069641 0.052757 0.052757
0 0.482284 0.414729 0.104277 0.104277
0 0.782145 0.660833 0.104277 0.104277
0 0.899924 0.472026 0.071945 0.071945
0 0.831002 0.018156 0.057103 0.057103
0 0.477944 0.997931 0.104277 0.104277
0 0.904671 0.403580 0.062220 0.062220
0 0.363297 0.938993 0.061130 0.061130
0 0.242602 0.980867 0.057104 0.057104
0 0.147577 0.740753 0.104277 0.104277
0 0.842627 0.599331 0.057104 0.057104
0 0.885594 0.773006 0.062220 0.062220
0 0.638336 0.900193 0.052757 0.052757
0 0.785344 0.531115 0.062220 0.062220
0 0.181898 0.143443 0.052757 0.052757
0 0.865656 0.135496 0.104277 0.104277
0 0.026863 0.914025 0.057104 0.057104
0 0.665419 0.196272 0.104277 0.104277
0 0.970993 0.503808 0.061130 0.061130
0 0.660556 0.122979 0.071945 0.071945
0 0.424741 0.665461 0.052757 0.052757
0 0.709893 0.994245 0.104277 0.104277
0 0.367027 0.135688 0.052757 0.052757
0 0.962987 0.150364 0.061131 0.061131
0 0.234765 0.588216 0.104277 0.104277
0 0.182062 0.449862 0.057104 0.057104
0 0.387399 0.531466 0.052757 0.052757
0 0.581874 0.282901 0.054783 0.054783
0 0.718717 0.728037 0.062220 0.062220
0 0.562404 0.803587 0.061131 0.061131
0 0.749426 0.216813 0.057103 0.057103
0 0.085230 0.673848 0.061130 0.061130
0 0.520797 0.732038 0.071945 0.071945
0 0.549976 0.395067 0.071945 0.071945
0 0.308998 0.850587 0.062220 0.062220
0 0.550236 0.465891 0.061130 0.061130
0 0.333100 0.056319 0.071945 0.071945
0 0.106777 0.261916 0.061130 0.061130
0 0.164779 0.376454 0.052757 0.052757
0 0.843732 0.283634 0.061131 0.061131
0 0.430256 0.291569 0.057104 0.057104
0 0.794910 0.151515 0.061131 0.061131
0 0.205326 0.702208 0.071945 0.071945
0 0.639627 0.809309 0.052757 0.052757
0 0.101473 0.096572 0.062220 0.062220
0 0.995464 0.004495 0.062220 0.062220
0 0.349173 0.768847 0.061130 0.061130
0 0.444451 0.169695 0.052757 0.052757
0 0.007072 0.491352 0.052757 0.052757
0 0.157246 0.527637 0.057104 0.057104
0 0.159711 0.958156 0.062220 0.062220
0 0.137056 0.812012 0.071945 0.071945
0 0.997068 0.217160 0.104278 0.104278
0 0.674389 0.383559 0.052757 0.052757
0 0.155900 0.033959 0.061130 0.061130
0 0.255993 0.126495 0.057104 0.057104
0 0.355594 0.204111 0.062220 0.062220
0 0.920421 0.256739 0.062220 0.062220
0 0.362066 0.462776 0.104277 0.104277
0 0.717253 0.623070 0.052757 0.052757
0 0.098353 0.338551 0.104277 0.104277
0 0.629300 0.674934 0.052757 0.052757
0 0.058999 0.192572 0.071945 0.071945
0 0.448837 0.741321 0.057104 0.057104
0 0.301897 0.260200 0.104277 0.104277
0 0.456730 0.064157 0.057104 0.057104
0 0.919310 0.608474 0.061131 0.061131
0 0.824947 0.472737 0.057104 0.057104
0 0.843982 0.207238 0.071945 0.071945
0 0.266905 0.038412 0.057104 0.057104
0 0.658234 0.269650 0.104277 0.104277
0 0.716322 0.901370 0.055027 0.055027
0 0.848514 0.702192 0.061131 0.061131
0 0.507013 0.930283 0.062220 0.062220
0 0.362380 0.696311 0.050559 0.050559
0 0.491519 0.639090 0.061130 0.061130
0 0.620790 0.459462 0.071945 0.071945
0 0.722777 0.313848 0.057104 0.057104
0 0.762823 0.370986 0.104277 0.104277
0 0.264022 0.431867 0.061131 0.061131
0 0.111129 0.473192 0.104277 0.104277
0 0.619590 0.554015 0.071945 0.071945
0 0.579052 0.943093 0.104277 0.104277
0 0.568315 0.214947 0.052757 0.052757
0 0.495752 0.249174 0.104277 0.104277
0 0.011266 0.085561 0.062220 0.062220
0 0.186034 0.301919 0.071945 0.071945
0 0.017027 0.412948 0.061130 0.061130
0 0.426235 0.368139 0.071945 0.071945
0 0.732499 0.462590 0.104277 0.104277
0 0.456942 0.506079 0.104277 0.104277
0 0.221435 0.825993 0.052757 0.052757
0 0.981090 0.954222 0.057104 0.057104
0 0.995040 0.878139 0.088662 0.088662
0 0.900952 0.068451 0.061131 0.061131