0 0.209083 0.563113 0.052757 0.052757
0 0.761011 0.302481 0.052757 0.052757
0 0.674729 0.959328 0.061130 0.061130
0 0.684697 0.723662 0.057104 0.057104
0 0.635217 0.023018 0.052757 0.052757
0 0.182002 0.224161 0.071945 0.071945
0 0.760556 0.510311 0.057104 0.057104
0 0.174918 0.633358 0.062220 0.062220
0 0.981898 0.718443 0.052757 0.052757
0 0.387588 0.704515 0.071945 0.071945
0 0.526193 0.809037 0.104277 0.104277
0 0.446624 0.877961 0.052757 0.052757
0 0.805365 0.192957 0.057104 0.057104
0 0.669579 0.878198 0.104277 0.104277
0 0.892296 0.189214 0.057104 0.057104
0 0.359192 0.872159 0.052757 0.052757
0 0.605534 0.960255 0.052757 0.052757
0 0.771515 0.093419 0.057104 0.057104
0 0.906777 0.836916 0.061130 0.061130
0 0.798130 0.735758 0.071945 0.071945
0 0.964779 0.951454 0.052757 0.052757
0 0.172546 0.726528 0.052757 0.052757
0 0.318139 0.434633 0.071945 0.071945
0 0.507963 0.617262 0.061130 0.061130
0 0.311205 0.364177 0.071945 0.071945
0 0.806878 0.458944 0.071945 0.071945
0 0.787034 0.904051 0.061130 0.061130
0 0.757703 0.820386 0.062220 0.062220
0 0.901473 0.671572 0.062220 0.062220
0 0.226005 0.968563 0.061130 0.061130
0 0.506994 0.261187 0.071945 0.071945
0 0.460831 0.767040 0.104277 0.104277
0 0.952446 0.402833 0.061130 0.061130
0 0.923520 0.331098 0.061130 0.061130
0 0.704638 0.057371 0.104277 0.104277
0 0.476033 0.012678 0.057104 0.057104
0 0.963003 0.069036 0.052757 0.052757
0 0.955900 0.608959 0.061130 0.061130
0 0.694053 0.143933 0.104277 0.104277
0 0.518163 0.342885 0.071945 0.071945
0 0.948142 0.525277 0.104277 0.104277
0 0.637450 0.294016 0.052757 0.052757
0 0.469414 0.425110 0.052757 0.052757
0 0.313050 0.764741 0.052757 0.052757
0 0.402097 0.103664 0.061130 0.061130
0 0.210419 0.485449 0.104278 0.104278
0 0.844025 0.266702 0.071945 0.071945
0 0.898353 0.913551 0.104277 0.104277
0 0.768970 0.019672 0.062220 0.062220
0 0.393191 0.297543 0.061130 0.061130
0 0.858999 0.767572 0.071945 0.071945
0 0.401141 0.618698 0.104277 0.104277
0 0.729902 0.225369 0.104277 0.104277
0 0.600065 0.831639 0.071945 0.071945
0 0.739937 0.675736 0.050932 0.050932
0 0.279723 0.167815 0.061130 0.061130
0 0.876673 0.496850 0.052757 0.052757
0 0.352048 0.529568 0.057104 0.057104
0 0.642810 0.443741 0.071945 0.071945
0 0.853570 0.403910 0.061130 0.061130
0 0.429172 0.368369 0.062220 0.062220
0 0.565710 0.040164 0.057104 0.057104
0 0.876218 0.049071 0.057104 0.057104
0 0.295201 0.087227 0.057104 0.057104
0 0.600394 0.730372 0.071945 0.071945
0 0.508031 0.493543 0.104277 0.104277
0 0.214786 0.293487 0.061130 0.061130
0 0.279254 0.851951 0.104277 0.104277
0 0.850474 0.563876 0.061130 0.061130
0 0.712839 0.407035 0.071945 0.071945
0 0.565474 0.118273 0.061130 0.061130
0 0.495311 0.105552 0.062220 0.062220
0 0.523505 0.938889 0.104277 0.104277
0 0.840326 0.123536 0.048997 0.048997
0 0.307128 0.594285 0.062220 0.062220
0 0.514011 0.715191 0.052757 0.052757
0 0.811266 0.660561 0.062220 0.062220
0 0.607021 0.638465 0.062220 0.062220
0 0.225372 0.086275 0.057104 0.057104
0 0.272818 0.245049 0.057104 0.057104
0 0.308407 0.928455 0.104277 0.104277
0 0.463872 0.190092 0.071945 0.071945
0 0.246912 0.690354 0.057104 0.057104
0 0.617685 0.217913 0.104277 0.104277
0 0.383811 0.183016 0.071945 0.071945
0 0.986034 0.876919 0.071945 0.071945
0 0.817027 0.987948 0.061130 0.061130
0 0.456789 0.548470 0.071945 0.071945
0 0.551874 0.553439 0.047555 0.047555
0 0.685974 0.578235 0.052757 0.052757
0 0.198514 0.871186 0.071945 0.071945
0 0.316391 0.677240 0.057103 0.057103
0 0.970419 0.276522 0.071945 0.071945
0 0.681694 0.796340 0.071945 0.071945
0 0.300102 0.999797 0.104277 0.104277
0 0.765924 0.586116 0.071945 0.071945
0 0.213056 0.381703 0.062220 0.062220