0 0.368967 0.974477 0.104277 0.104277
0 0.325419 0.762486 0.061130 0.061130
0 0.728364 0.724195 0.052757 0.052757
0 0.258512 0.622815 0.104277 0.104277
0 0.320338 0.531767 0.071945 0.071945
0 0.519257 0.972153 0.062220 0.062220
0 0.472151 0.517377 0.071945 0.071945
0 0.550904 0.724235 0.104277 0.104277
0 0.226190 0.724384 0.052757 0.052757
0 0.628768 0.770760 0.071945 0.071945
0 0.523057 0.066411 0.104277 0.104277
0 0.555537 0.407680 0.061131 0.061131
0 0.713159 0.030939 0.104277 0.104277
0 0.264221 0.394868 0.104277 0.104277
0 0.757348 0.227187 0.057104 0.057104
0 0.883801 0.432147 0.062221 0.062221
0 0.772707 0.395152 0.104277 0.104277
0 0.849733 0.189066 0.104277 0.104277
0 0.882515 0.962628 0.047276 0.047276
0 0.586652 0.144075 0.104277 0.104277
0 0.363091 0.889292 0.057104 0.057104
0 0.134284 0.567324 0.062220 0.062220
0 0.392293 0.330839 0.052757 0.052757
0 0.045119 0.752483 0.104277 0.104277
0 0.873754 0.704261 0.071945 0.071945
0 0.303097 0.689023 0.061131 0.061131
0 0.336231 0.441364 0.057104 0.057104
0 0.640377 0.968156 0.057103 0.057103
0 0.387313 0.649518 0.052757 0.052757
0 0.655370 0.385320 0.104277 0.104277
0 0.061355 0.478872 0.052757 0.052757
0 0.525647 0.201730 0.062220 0.062220
0 0.443520 0.585478 0.057104 0.057104
0 0.363473 0.268278 0.057104 0.057104
0 0.360320 0.107453 0.052757 0.052757
0 0.834069 0.538235 0.052757 0.052757
0 0.555993 0.807489 0.036679 0.036679
0 0.471474 0.245716 0.061130 0.061130
0 0.186343 0.094756 0.061131 0.061131
0 0.773982 0.499046 0.062221 0.062221
0 0.389755 0.738100 0.057104 0.057104
0 0.128555 0.414781 0.052757 0.052757
0 0.775612 0.304534 0.071945 0.071945
0 0.712527 0.534675 0.052757 0.052757
0 0.681337 0.118525 0.061130 0.061130
0 0.699633 0.602537 0.104277 0.104277
0 0.124523 0.690733 0.071945 0.071945
0 0.121469 0.016063 0.062220 0.062220
0 0.414403 0.202739 0.061131 0.061131
0 0.605271 0.626169 0.104277 0.104277
0 0.233618 0.497064 0.071945 0.071945
0 0.463630 0.136192 0.057104 0.057104
0 0.888401 0.851626 0.057104 0.057104
0 0.696176 0.793644 0.062220 0.062220
0 0.874035 0.058102 0.057104 0.057104
0 0.195742 0.657182 0.057104 0.057104
0 0.552198 0.567877 0.061130 0.061130
0 0.026509 0.875572 0.061130 0.061130
0 0.687124 0.193400 0.061130 0.061130
0 0.804839 0.954495 0.062220 0.062220
0 0.630958 0.698492 0.061130 0.061130
0 0.200216 0.296900 0.104277 0.104277
0 0.502294 0.662360 0.062220 0.062220
0 0.111575 0.832368 0.104277 0.104277
0 0.274980 0.930241 0.071945 0.071945
0 0.415726 0.433390 0.062220 0.062220
0 0.779423 0.809568 0.104277 0.104277
0 0.162136 0.880905 0.104277 0.104277
0 0.141041 0.768215 0.052757 0.052757
0 0.008266 0.028592 0.061130 0.061130
0 0.447957 0.807903 0.062220 0.062220
0 0.826367 0.112104 0.052757 0.052757
0 0.322195 0.050274 0.057104 0.057104
0 0.482798 0.351241 0.071945 0.071945
0 0.092677 0.334369 0.052757 0.052757
0 0.085444 0.104706 0.062220 0.062220
0 0.590168 0.890599 0.104277 0.104277
0 0.445681 0.008898 0.071945 0.071945
0 0.050209 0.168324 0.104278 0.104278
0 0.503620 0.855821 0.071945 0.071945
0 0.221974 0.836965 0.052757 0.052757
0 0.076280 0.988412 0.057104 0.057104
0 0.300352 0.232495 0.062220 0.062220
0 0.893624 0.583476 0.071945 0.071945
0 0.107227 0.234235 0.062220 0.062220
0 0.644515 0.845968 0.061131 0.061131
0 0.776790 0.633698 0.071945 0.071945
0 0.139147 0.166606 0.071945 0.071945
0 0.052727 0.403167 0.062220 0.062220
0 0.871171 0.282673 0.104277 0.104277
0 0.625758 0.314902 0.057104 0.057104
0 0.048709 0.644528 0.062220 0.062220
0 0.179348 0.223532 0.052757 0.052757
0 0.608501 0.454840 0.057104 0.057104
0 0.052286 0.554717 0.061131 0.061131
0 0.617163 0.241203 0.104277 0.104277
0 0.737183 0.882965 0.071945 0.071945
0 0.686496 0.268798 0.104277 0.104277
0 0.700676 0.465056 0.052757 0.052757
0 0.440576 0.935720 0.057104 0.057104
0 0.268157 0.109915 0.061131 0.061131