0 0.590380 0.659867 0.071945 0.071945
0 0.489114 0.774144 0.062220 0.062220
0 0.622092 0.772091 0.057104 0.057104
0 0.654903 0.697399 0.052757 0.052757
0 0.466849 0.889054 0.104277 0.104277
0 0.721152 0.193543 0.061130 0.061130
0 0.691581 0.330756 0.061130 0.061130
0 0.301368 0.207212 0.052757 0.052757
0 0.394581 0.154286 0.052757 0.052757
0 0.461851 0.703437 0.052757 0.052757
0 0.552268 0.903342 0.062220 0.062220
0 0.692222 0.795134 0.071945 0.071945
0 0.615380 0.118780 0.104277 0.104277
0 0.554010 0.723747 0.071945 0.071945
0 0.206392 0.123520 0.062220 0.062220
0 0.722523 0.558483 0.061131 0.061131
0 0.741157 0.733347 0.071945 0.071945
0 0.122932 0.556124 0.071945 0.071945
0 0.404331 0.463500 0.061130 0.061130
0 0.220591 0.243502 0.062220 0.062220
0 0.393044 0.826872 0.071945 0.071945
0 0.243493 0.708023 0.061130 0.061130
0 0.753723 0.656710 0.071945 0.071945
0 0.268506 0.826898 0.104277 0.104277
0 0.150491 0.210907 0.052757 0.052757
0 0.019265 0.693442 0.071945 0.071945
0 0.392422 0.958575 0.104277 0.104277
0 0.684510 0.902275 0.104278 0.104278
0 0.276876 0.380344 0.061130 0.061130
0 0.373430 0.359445 0.057104 0.057104
0 0.083481 0.289956 0.071945 0.071945
0 0.633861 0.471779 0.057104 0.057104
0 0.081348 0.942356 0.071945 0.071945
0 0.281375 0.130824 0.057104 0.057104
0 0.436542 0.307397 0.062220 0.062220
0 0.489015 0.564717 0.062220 0.062220
0 0.068771 0.192485 0.052757 0.052757
0 0.452590 0.626284 0.062220 0.062220
0 0.004600 0.437979 0.062220 0.062220
0 0.166133 0.907715 0.062220 0.062220
0 0.549786 0.157500 0.071945 0.071945
0 0.274285 0.297632 0.061131 0.061131
0 0.049164 0.621917 0.061131 0.061131
0 0.665065 0.249032 0.104278 0.104278
0 0.221549 0.433439 0.071945 0.071945
0 0.133014 0.130700 0.062220 0.062220
0 0.736229 0.433777 0.061131 0.061131
0 0.414742 0.553431 0.052757 0.052757
0 0.213180 0.629761 0.057104 0.057104
0 0.514283 0.296824 0.052757 0.052757
0 0.068105 0.471094 0.071945 0.071945
0 0.725953 0.984317 0.057104 0.057104
0 0.606893 0.954437 0.057104 0.057104
0 0.331091 0.446969 0.052757 0.052757
0 0.464263 0.978323 0.052757 0.052757
0 0.149279 0.333097 0.071945 0.071945
0 0.582136 0.238302 0.062220 0.062220
0 0.351024 0.644337 0.071945 0.071945
0 0.252986 0.558908 0.062220 0.062220
0 0.451702 0.199083 0.071945 0.071945
0 0.584441 0.354339 0.052559 0.052559
0 0.245278 0.923354 0.057104 0.057104
0 0.079685 0.394144 0.071945 0.071945
0 0.627115 0.590696 0.062220 0.062220
0 0.179081 0.997040 0.057104 0.057104
0 0.084930 0.745061 0.104277 0.104277
0 0.151272 0.814498 0.052757 0.052757
0 0.319942 0.582500 0.104277 0.104277
0 0.158427 0.680042 0.071945 0.071945
0 0.172400 0.490056 0.104277 0.104277
0 0.531367 0.434145 0.071945 0.071945
0 0.687244 0.624924 0.104278 0.104278
0 0.375183 0.743242 0.104277 0.104277
0 0.056049 0.122049 0.057104 0.057104
0 0.431960 0.397935 0.052757 0.052757
0 0.038829 0.804198 0.052757 0.052757
0 0.333264 0.921352 0.062220 0.062220
0 0.384656 0.247277 0.061131 0.061131
0 0.454373 0.120692 0.062220 0.062220