0 0.179920 0.970726 0.062220 0.062220
0 0.722677 0.241380 0.104278 0.104278
0 0.976720 0.833157 0.071945 0.071945
0 0.778333 0.678502 0.104277 0.104277
0 0.840821 0.402728 0.052757 0.052757
0 0.513312 0.759696 0.052757 0.052757
0 0.525004 0.846245 0.104277 0.104277
0 0.365354 0.393703 0.061130 0.061130
0 0.740115 0.352185 0.052757 0.052757
0 0.761186 0.523412 0.052757 0.052757
0 0.874869 0.852612 0.062220 0.062220
0 0.504737 0.672275 0.104277 0.104277
0 0.837493 0.598547 0.071945 0.071945
0 0.587094 0.604073 0.104277 0.104277
0 0.511261 0.573133 0.061130 0.061130
0 0.375322 0.158037 0.057104 0.057104
0 0.418332 0.471090 0.104277 0.104277
0 0.253537 0.976788 0.061130 0.061130
0 0.972909 0.424104 0.104277 0.104277
0 0.233953 0.888905 0.052757 0.052757
0 0.853922 0.948368 0.061130 0.061130
0 0.733227 0.990242 0.057104 0.057104
0 0.638202 0.750128 0.104277 0.104277
0 0.394755 0.889732 0.061130 0.061130
0 0.090789 0.600424 0.061130 0.061130
0 0.672523 0.152818 0.052757 0.052757
0 0.078213 0.138890 0.071945 0.071945
0 0.216818 0.243412 0.104277 0.104277
0 0.137249 0.312336 0.052757 0.052757
0 0.517488 0.923400 0.057104 0.057104
0 0.360204 0.312573 0.104277 0.104277
0 0.433684 0.711055 0.052757 0.052757
0 0.915366 0.674836 0.052757 0.052757
0 0.857652 0.145063 0.052757 0.052757
0 0.049817 0.306534 0.052757 0.052757
0 0.296159 0.394630 0.052757 0.052757
0 0.725390 0.597591 0.104277 0.104277
0 0.672687 0.459237 0.057104 0.057104
0 0.878024 0.540841 0.052757 0.052757
0 0.366109 0.970944 0.061130 0.061130
0 0.575855 0.683223 0.061130 0.061130
0 0.250686 0.613774 0.104278 0.104278
0 0.799623 0.859962 0.062220 0.062220
0 0.823725 0.065694 0.071945 0.071945
0 0.317535 0.592165 0.052757 0.052757
0 0.597402 0.271291 0.061130 0.061130
0 0.488755 0.170133 0.071945 0.071945
0 0.655404 0.385829 0.052757 0.052757
0 0.920881 0.300944 0.057104 0.057104
0 0.109976 0.858466 0.062220 0.062220
0 0.326996 0.847189 0.057104 0.057104
0 0.198588 0.051637 0.061130 0.061130
0 0.695951 0.711583 0.071945 0.071945
0 0.477659 0.338426 0.061130 0.061130
0 0.448328 0.254761 0.062220 0.062220
0 0.592098 0.105947 0.062220 0.062220
0 0.839798 0.778222 0.061130 0.061130
0 0.935076 0.179070 0.052757 0.052757
0 0.497697 0.500727 0.052757 0.052757
0 0.647871 0.537012 0.057104 0.057104
0 0.283414 0.714658 0.057104 0.057104
0 0.151456 0.201415 0.104277 0.104277
0 0.210689 0.681038 0.071945 0.071945
0 0.111050 0.945812 0.052757 0.052757
0 0.650336 0.967531 0.062220 0.062220
0 0.627681 0.821387 0.071945 0.071945
0 0.149274 0.760604 0.052757 0.052757
0 0.341570 0.756496 0.071945 0.071945
0 0.646525 0.043334 0.061130 0.061130
0 0.746618 0.135870 0.057104 0.057104
0 0.846219 0.213486 0.062220 0.062220
0 0.077531 0.669008 0.057104 0.057104
0 0.048028 0.746830 0.104277 0.104277
0 0.852691 0.472151 0.104277 0.104277
0 0.003675 0.199116 0.052757 0.052757
0 0.588978 0.347926 0.104277 0.104277
0 0.549624 0.201947 0.071945 0.071945
0 0.091766 0.053073 0.104277 0.104277
0 0.939462 0.750696 0.057104 0.057104
0 0.792522 0.269575 0.104277 0.104277
0 0.947355 0.073532 0.057104 0.057104
0 0.009155 0.866355 0.104277 0.104277
0 0.290690 0.266014 0.071945 0.071945
0 0.430562 0.110111 0.050932 0.050932
0 0.221099 0.791389 0.052757 0.052757
0 0.757530 0.047787 0.057104 0.057104
0 0.291019 0.164747 0.071945 0.071945
0 0.997638 0.939658 0.062220 0.062220
0 0.853005 0.705686 0.050559 0.050559
0 0.163987 0.529029 0.104277 0.104277
0 0.982144 0.648465 0.061130 0.061130
0 0.214130 0.373264 0.104277 0.104277
0 0.754647 0.441242 0.061131 0.061131
0 0.601754 0.482567 0.104277 0.104277
0 0.204636 0.149566 0.052757 0.052757
0 0.986377 0.258549 0.104277 0.104277
0 0.501891 0.094936 0.062220 0.062220
0 0.297646 0.072840 0.062220 0.062220
0 0.119803 0.448041 0.052757 0.052757
0 0.088692 0.520677 0.061130 0.061130
0 0.212035 0.463627 0.062220 0.062220
0 0.278545 0.498669 0.071945 0.071945
0 0.676659 0.311294 0.071945 0.071945
0 0.507652 0.422323 0.061130 0.061130
0 0.916860 0.377514 0.071945 0.071945
0 0.376599 0.012610 0.052757 0.052757
0 0.408167 0.609773 0.104277 0.104277
0 0.947567 0.515454 0.104277 0.104277
0 0.181718 0.605045 0.052757 0.052757
0 0.007016 0.111615 0.057103 0.057103
0 0.712060 0.835368 0.052757 0.052757
0 0.372319 0.230715 0.071945 0.071945
0 0.456549 0.020491 0.071945 0.071945
0 0.447451 0.780033 0.104277 0.104277