0 0.442420 0.342601 0.062220 0.062220
0 0.788058 0.682229 0.062220 0.062220
0 0.749832 0.488205 0.062220 0.062220
0 0.525734 0.795843 0.057103 0.057103
0 0.775812 0.131571 0.052757 0.052757
0 0.787504 0.218120 0.104277 0.104277
0 0.546406 0.542492 0.052757 0.052757
0 0.979345 0.635330 0.071945 0.071945
0 0.384749 0.397483 0.071945 0.071945
0 0.505597 0.627162 0.062220 0.062220
0 0.410630 0.820144 0.071945 0.071945
0 0.767237 0.044150 0.104277 0.104277
0 0.435549 0.657798 0.104277 0.104277
0 0.239171 0.430609 0.061130 0.061130
0 0.516037 0.348663 0.061130 0.061130
0 0.496453 0.260780 0.052757 0.052757
0 0.287599 0.726961 0.104278 0.104278
0 0.995727 0.362117 0.057104 0.057104
0 0.900702 0.122003 0.104277 0.104277
0 0.685478 0.841726 0.062220 0.062220
0 0.657255 0.261607 0.061130 0.061130
0 0.738099 0.387065 0.062220 0.062220
0 0.933243 0.468875 0.057104 0.057104
0 0.155760 0.090911 0.104278 0.104278
0 0.843308 0.825021 0.071945 0.071945
0 0.779988 0.295275 0.057104 0.057104
0 0.545324 0.724406 0.061130 0.061130
0 0.988656 0.708295 0.071945 0.071945
0 0.597786 0.496718 0.062220 0.062220
0 0.696184 0.082930 0.052757 0.052757
0 0.795905 0.753031 0.057104 0.057104
0 0.304773 0.530196 0.062220 0.062220
0 0.816534 0.430718 0.057104 0.057104
0 0.628609 0.342819 0.061130 0.061130
0 0.759749 0.832684 0.052757 0.052757
0 0.838355 0.055098 0.061130 0.061130
0 0.593839 0.603850 0.062220 0.062220
0 0.221144 0.143117 0.062220 0.062220
0 0.719054 0.724045 0.050891 0.050891
0 0.372476 0.230341 0.062220 0.062220
0 0.444880 0.739480 0.104277 0.104277
0 0.589496 0.219064 0.057104 0.057104
0 0.882924 0.616351 0.062220 0.062220
0 0.958451 0.083458 0.071945 0.071945
0 0.379650 0.562347 0.062220 0.062220
0 0.604074 0.803067 0.052757 0.052757
0 0.651705 0.649191 0.062220 0.062220
0 0.747464 0.615110 0.104277 0.104277
0 0.545914 0.086533 0.057104 0.057104
0 0.254912 0.324223 0.104278 0.104278
0 0.473189 0.052913 0.071945 0.071945
0 0.373550 0.317687 0.052757 0.052757
0 0.282733 0.833814 0.071945 0.071945
0 0.192121 0.839489 0.052757 0.052757
0 0.909312 0.744288 0.061130 0.061130
0 0.912836 0.339406 0.062220 0.062220
0 0.890181 0.193262 0.071945 0.071945
0 0.342348 0.787586 0.057104 0.057104
0 0.411774 0.132479 0.052757 0.052757
0 0.604070 0.128371 0.071945 0.071945
0 0.130098 0.160953 0.104277 0.104277
0 0.306453 0.372205 0.057104 0.057104
0 0.340031 0.040883 0.057104 0.057104
0 0.620652 0.722000 0.062220 0.062220
0 0.310528 0.118705 0.104277 0.104277
0 0.918890 0.847638 0.062220 0.062220
0 0.271655 0.238230 0.104277 0.104277
0 0.262109 0.019265 0.071945 0.071945
0 0.161808 0.763036 0.104277 0.104277
0 0.698632 0.547130 0.104277 0.104277
0 0.271929 0.647889 0.061131 0.061131
0 0.153065 0.642947 0.057104 0.057104
0 0.483599 0.163264 0.052757 0.052757
0 0.132224 0.571030 0.062220 0.062220
0 0.929907 0.551908 0.052757 0.052757
0 0.345266 0.662984 0.057104 0.057104
0 0.465874 0.455832 0.057104 0.057104
0 0.186636 0.364219 0.062220 0.062220
0 0.186810 0.291784 0.057104 0.057104
0 0.856682 0.547186 0.052757 0.052757
0 0.890354 0.412572 0.061130 0.061130
0 0.179038 0.016984 0.052757 0.052757
0 0.561835 0.431916 0.104277 0.104277
0 0.221813 0.555758 0.057104 0.057104
0 0.210464 0.699765 0.061130 0.061130
0 0.974560 0.207243 0.052757 0.052757
0 0.709951 0.151908 0.104277 0.104277
0 0.134553 0.439940 0.057104 0.057104