0 0.343967 0.171352 0.104277 0.104277
0 0.016427 0.378880 0.104278 0.104278
0 0.270470 0.970657 0.071945 0.071945
0 0.494257 0.169028 0.062220 0.062220
0 0.545591 0.938636 0.071945 0.071945
0 0.825969 0.678957 0.071945 0.071945
0 0.072083 0.816002 0.104277 0.104277
0 0.134571 0.540228 0.052757 0.052757
0 0.314868 0.726974 0.061130 0.061130
0 0.721146 0.851951 0.104277 0.104277
0 0.857515 0.159503 0.047276 0.047276
0 0.747869 0.466104 0.062220 0.062220
0 0.033865 0.489685 0.052757 0.052757
0 0.487812 0.688850 0.071945 0.071945
0 0.054936 0.660912 0.052757 0.052757
0 0.168619 0.990112 0.062220 0.062220
0 0.338091 0.086167 0.057104 0.057104
0 0.131243 0.736047 0.071945 0.071945
0 0.373953 0.272803 0.051819 0.051819
0 0.554101 0.216516 0.052757 0.052757
0 0.266659 0.561604 0.104277 0.104277
0 0.566520 0.807708 0.104277 0.104277
0 0.684299 0.618901 0.071945 0.071945
0 0.615377 0.165031 0.057103 0.057103
0 0.689046 0.550455 0.062220 0.062220
0 0.627002 0.746206 0.057104 0.057104
0 0.669969 0.919881 0.062220 0.062220
0 0.569719 0.677990 0.062220 0.062220
0 0.530993 0.004364 0.036679 0.036679
0 0.650031 0.282371 0.104277 0.104277
0 0.449794 0.343147 0.104277 0.104277
0 0.755368 0.650683 0.061130 0.061130
0 0.444931 0.269854 0.071945 0.071945
0 0.841523 0.265428 0.071945 0.071945
0 0.209116 0.812336 0.052757 0.052757
0 0.151402 0.282563 0.052757 0.052757
0 0.747362 0.297239 0.061131 0.061131
0 0.019140 0.735091 0.104277 0.104277
0 0.171774 0.678341 0.052757 0.052757
0 0.863401 0.048501 0.057104 0.057104
0 0.366249 0.429776 0.054783 0.054783
0 0.503092 0.874912 0.062220 0.062220
0 0.346779 0.950462 0.061131 0.061131
0 0.533801 0.363688 0.057103 0.057103
0 0.305172 0.878913 0.071945 0.071945
0 0.334351 0.541942 0.071945 0.071945
0 0.093373 0.997462 0.062220 0.062220
0 0.334611 0.612766 0.061130 0.061130
0 0.117475 0.203194 0.071945 0.071945
0 0.628107 0.430509 0.061131 0.061131
0 0.214631 0.438444 0.057104 0.057104
0 0.579285 0.298390 0.061131 0.061131
0 0.789614 0.907857 0.045227 0.045227
0 0.424002 0.956184 0.052757 0.052757
0 0.001509 0.072447 0.061130 0.061130
0 0.844856 0.390932 0.071945 0.071945
0 0.850238 0.529457 0.104278 0.104278
0 0.779839 0.151370 0.062220 0.062220
0 0.133548 0.915722 0.061130 0.061130
0 0.228826 0.316570 0.052757 0.052757
0 0.845279 0.811652 0.061130 0.061130
0 0.086575 0.029243 0.104277 0.104277
0 0.249980 0.127116 0.071945 0.071945
0 0.781443 0.364035 0.104278 0.104278
0 0.458764 0.530434 0.052757 0.052757
0 0.754423 0.006443 0.104277 0.104277
0 0.040368 0.273370 0.057104 0.057104
0 0.139969 0.350986 0.062220 0.062220
0 0.704796 0.403614 0.062220 0.062220
0 0.137136 0.077780 0.104277 0.104277
0 0.146441 0.609651 0.104277 0.104277
0 0.501628 0.769945 0.052757 0.052757
0 0.422957 0.004778 0.062220 0.062220
0 0.413675 0.821809 0.052757 0.052757
0 0.233212 0.888196 0.057104 0.057104
0 0.086272 0.407075 0.104277 0.104277
0 0.565168 0.087474 0.104277 0.104277
0 0.241105 0.211032 0.057104 0.057104
0 0.703685 0.755349 0.061131 0.061131
0 0.609322 0.619612 0.057104 0.057104
0 0.628357 0.354113 0.071945 0.071945
0 0.478620 0.052696 0.071945 0.071945
0 0.196974 0.033840 0.052757 0.052757
0 0.051280 0.185287 0.057104 0.057104
0 0.442609 0.416525 0.104277 0.104277
0 0.632889 0.849067 0.061131 0.061131
0 0.146755 0.843186 0.050559 0.050559
0 0.619515 0.042843 0.061131 0.061131
0 0.275894 0.785965 0.061130 0.061130
0 0.405165 0.606337 0.071945 0.071945
0 0.507152 0.460723 0.057104 0.057104
0 0.547198 0.517861 0.104277 0.104277
0 0.048397 0.578742 0.061131 0.061131
0 0.403965 0.700890 0.071945 0.071945
0 0.352690 0.361822 0.052757 0.052757
0 0.280127 0.396049 0.104277 0.104277
0 0.790808 0.768843 0.052757 0.052757
0 0.712183 0.079840 0.071945 0.071945
0 0.210610 0.515014 0.071945 0.071945
0 0.516874 0.609465 0.104277 0.104277
0 0.241317 0.652954 0.104277 0.104277
0 0.005810 0.972868 0.052757 0.052757
0 0.793083 0.575010 0.061131 0.061131
0 0.415576 0.132595 0.057104 0.057104
0 0.685327 0.215326 0.061131 0.061131