0 0.579920 0.970726 0.062220 0.062220
0 0.913312 0.759696 0.052757 0.052757
0 0.925004 0.846245 0.104277 0.104277
0 0.765354 0.393703 0.061130 0.061130
0 0.904737 0.672275 0.104277 0.104277
0 0.987094 0.604073 0.104277 0.104277
0 0.911261 0.573133 0.061130 0.061130
0 0.775322 0.158037 0.057104 0.057104
0 0.270184 0.481667 0.062220 0.062220
0 0.818332 0.471090 0.104277 0.104277
0 0.653537 0.976788 0.061130 0.061130
0 0.633953 0.888905 0.052757 0.052757
0 0.794755 0.889732 0.061130 0.061130
0 0.265543 0.067733 0.062220 0.062220
0 0.490789 0.600424 0.061130 0.061130
0 0.478213 0.138890 0.071945 0.071945
0 0.293260 0.719036 0.104278 0.104278
0 0.616818 0.243412 0.104277 0.104277
0 0.537249 0.312336 0.052757 0.052757
0 0.917488 0.923400 0.057104 0.057104
0 0.760204 0.312573 0.104277 0.104277
0 0.833684 0.711055 0.052757 0.052757
0 0.449817 0.306534 0.052757 0.052757
0 0.696159 0.394630 0.052757 0.052757
0 0.766109 0.970944 0.061130 0.061130
0 0.975855 0.683223 0.061130 0.061130
0 0.650686 0.613774 0.104278 0.104278
0 0.717535 0.592165 0.052757 0.052757
0 0.997402 0.271291 0.061130 0.061130
0 0.888755 0.170133 0.071945 0.071945
0 0.358644 0.771242 0.062220 0.062220
0 0.509976 0.858466 0.062220 0.062220
0 0.263171 0.160903 0.052757 0.052757
0 0.726996 0.847189 0.057104 0.057104
0 0.598588 0.051637 0.061130 0.061130
0 0.877659 0.338426 0.061130 0.061130
0 0.848328 0.254761 0.062220 0.062220
0 0.992098 0.105947 0.062220 0.062220
0 0.316630 0.402938 0.061130 0.061130
0 0.897697 0.500727 0.052757 0.052757
0 0.683414 0.714658 0.057104 0.057104
0 0.551456 0.201415 0.104277 0.104277
0 0.392412 0.952348 0.104278 0.104278
0 0.610689 0.681038 0.071945 0.071945
0 0.511050 0.945812 0.052757 0.052757
0 0.549274 0.760604 0.052757 0.052757
0 0.741570 0.756496 0.071945 0.071945
0 0.267598 0.789078 0.104277 0.104277
0 0.477531 0.669008 0.057104 0.057104
0 0.448028 0.746830 0.104277 0.104277
0 0.403675 0.199116 0.052757 0.052757
0 0.988978 0.347926 0.104277 0.104277
0 0.949624 0.201947 0.071945 0.071945
0 0.491766 0.053073 0.104277 0.104277
0 0.409155 0.866355 0.104277 0.104277
0 0.399609 0.647390 0.071945 0.071945
0 0.690690 0.266014 0.071945 0.071945
0 0.830562 0.110111 0.050932 0.050932
0 0.273778 0.588631 0.057104 0.057104
0 0.621099 0.791389 0.052757 0.052757
0 0.691019 0.164747 0.071945 0.071945
0 0.369879 0.286326 0.104277 0.104277
0 0.380985 0.540393 0.057104 0.057104
0 0.563987 0.529029 0.104277 0.104277
0 0.614130 0.373264 0.104277 0.104277
0 0.397753 0.028660 0.062220 0.062220
0 0.604636 0.149566 0.052757 0.052757
0 0.901891 0.094936 0.062220 0.062220
0 0.697646 0.072840 0.062220 0.062220
0 0.519803 0.448041 0.052757 0.052757
0 0.324136 0.992344 0.062220 0.062220
0 0.324310 0.919909 0.057104 0.057104
0 0.399032 0.362830 0.104277 0.104277
0 0.488692 0.520677 0.061130 0.061130
0 0.337537 0.124729 0.057104 0.057104
0 0.612035 0.463627 0.062220 0.062220
0 0.678545 0.498669 0.071945 0.071945
0 0.907652 0.422323 0.061130 0.061130
0 0.316538 0.645109 0.052757 0.052757
0 0.776599 0.012610 0.052757 0.052757
0 0.808167 0.609773 0.104277 0.104277
0 0.289139 0.305561 0.071945 0.071945
0 0.581718 0.605045 0.052757 0.052757
0 0.407016 0.111615 0.057103 0.057103
0 0.772319 0.230715 0.071945 0.071945
0 0.390727 0.434172 0.104277 0.104277
0 0.856549 0.020491 0.071945 0.071945
0 0.847451 0.780033 0.104277 0.104277