0 0.213058 0.891604 0.062220 0.062220
0 0.174832 0.697580 0.062220 0.062220
0 0.664220 0.414407 0.071945 0.071945
0 0.939341 0.382386 0.071945 0.071945
0 0.465833 0.259752 0.104277 0.104277
0 0.971469 0.497756 0.052757 0.052757
0 0.672904 0.784739 0.061130 0.061130
0 0.708618 0.170724 0.061130 0.061130
0 0.200812 0.340946 0.052757 0.052757
0 0.735031 0.892831 0.104277 0.104277
0 0.212504 0.427495 0.104277 0.104277
0 0.558968 0.681120 0.104277 0.104277
0 0.517829 0.802731 0.104277 0.104277
0 0.404345 0.844705 0.071945 0.071945
0 0.881562 0.132600 0.071945 0.071945
0 0.448686 0.104662 0.052757 0.052757
0 0.562369 0.433862 0.062220 0.062220
0 0.192237 0.253525 0.104277 0.104277
0 0.524993 0.179797 0.071945 0.071945
0 0.274594 0.185323 0.104277 0.104277
0 0.991784 0.744040 0.104277 0.104277
0 0.198761 0.154383 0.061130 0.061130
0 0.587722 0.606120 0.057104 0.057104
0 0.105832 0.052340 0.104277 0.104277
0 0.660409 0.005354 0.104277 0.104277
0 0.960270 0.251458 0.104277 0.104277
0 0.597846 0.960730 0.062220 0.062220
0 0.656069 0.588556 0.104277 0.104277
0 0.813731 0.885748 0.062220 0.062220
0 0.541422 0.529618 0.061130 0.061130
0 0.420727 0.571492 0.057104 0.057104
0 0.325702 0.331378 0.104277 0.104277
0 0.082255 0.470982 0.061130 0.061130
0 0.163099 0.596440 0.062220 0.062220
0 0.816461 0.490818 0.052757 0.052757
0 0.963469 0.121740 0.062220 0.062220
0 0.358243 0.678250 0.057104 0.057104
0 0.474219 0.708341 0.104277 0.104277
0 0.204988 0.504650 0.057104 0.057104
0 0.935204 0.878568 0.062220 0.062220
0 0.783678 0.677686 0.071945 0.071945
0 0.413656 0.917670 0.071945 0.071945
0 0.022786 0.706093 0.062220 0.062220
0 0.121184 0.292305 0.052757 0.052757
0 0.993682 0.592695 0.102474 0.102474
0 0.220905 0.962406 0.057104 0.057104
0 0.602866 0.256086 0.052757 0.052757
0 0.888018 0.584870 0.104277 0.104277
0 0.241534 0.640093 0.057104 0.057104
0 0.412890 0.178841 0.104277 0.104277
0 0.360187 0.040487 0.057104 0.057104
0 0.565524 0.122091 0.052757 0.052757
0 0.053609 0.552194 0.061130 0.061130
0 0.896842 0.318662 0.062220 0.062220
0 0.740529 0.394212 0.061131 0.061131
0 0.263355 0.264473 0.061130 0.061130
0 0.698922 0.322663 0.071945 0.071945
0 0.487123 0.441212 0.062220 0.062220
0 0.728361 0.056516 0.061130 0.061130
0 0.005035 0.173415 0.052757 0.052757
0 0.702068 0.645523 0.057104 0.057104
0 0.018839 0.813225 0.062220 0.062220
0 0.439764 0.782062 0.057104 0.057104
0 0.514790 0.599050 0.104277 0.104277
0 0.144054 0.933420 0.050891 0.050891
0 0.014496 0.428439 0.057104 0.057104
0 0.307924 0.825726 0.062220 0.062220
0 0.383451 0.292833 0.071945 0.071945
0 0.842672 0.951501 0.062220 0.062220
0 0.817752 0.399934 0.052757 0.052757
0 0.076705 0.858566 0.062220 0.062220
0 0.172464 0.824485 0.104277 0.104277
0 0.527298 0.359472 0.061130 0.061130
0 0.185197 0.081977 0.052757 0.052757
0 0.335371 0.118262 0.057104 0.057104
0 0.800861 0.607044 0.062220 0.062220
0 0.334312 0.953663 0.061130 0.061130
0 0.745284 0.786803 0.104277 0.104277
0 0.337836 0.548781 0.062220 0.062220
0 0.315181 0.402637 0.071945 0.071945
0 0.472735 0.868815 0.062220 0.062220
0 0.029070 0.337746 0.071945 0.071945
0 0.045652 0.931375 0.062220 0.062220
0 0.929266 0.976469 0.052757 0.052757
0 0.540191 0.053401 0.104277 0.104277
0 0.573377 0.750456 0.062220 0.062220
0 0.895378 0.213695 0.052757 0.052757
0 0.447590 0.639803 0.071945 0.071945
0 0.807425 0.265559 0.052757 0.052757
0 0.748901 0.962363 0.061131 0.061131
0 0.626962 0.331946 0.057104 0.057104
0 0.123632 0.756505 0.104277 0.104277
0 0.724226 0.712525 0.104277 0.104277
0 0.998342 0.849636 0.052757 0.052757
0 0.894447 0.491995 0.055027 0.055027
0 0.685138 0.520908 0.062220 0.062220
0 0.540505 0.286936 0.050559 0.050559
0 0.834727 0.785071 0.052757 0.052757
0 0.669644 0.229715 0.061130 0.061130
0 0.798915 0.050087 0.071945 0.071945
0 0.354907 0.761283 0.052757 0.052757
0 0.641128 0.677871 0.071945 0.071945
0 0.442147 0.022492 0.061131 0.061131
0 0.509657 0.948928 0.061131 0.061131
0 0.289254 0.063817 0.104277 0.104277
0 0.797715 0.144640 0.071945 0.071945
0 0.757177 0.533718 0.104277 0.104277
0 0.921187 0.677975 0.061130 0.061130
0 0.599678 0.877981 0.104277 0.104277
0 0.281682 0.756561 0.052757 0.052757
0 0.195152 0.003573 0.061130 0.061130
0 0.315354 0.621947 0.061130 0.061130
0 0.095667 0.191023 0.104277 0.104277
0 0.910624 0.053215 0.104277 0.104277
0 0.635067 0.096704 0.104277 0.104277
0 0.399560 0.416618 0.052757 0.052757
0 0.134951 0.361283 0.104277 0.104277