0 0.339295 0.908226 0.062220 0.062220
0 0.882052 0.178880 0.104278 0.104278
0 0.937708 0.616002 0.104277 0.104277
0 0.672687 0.697196 0.052757 0.052757
0 0.684379 0.783745 0.104277 0.104277
0 0.524729 0.331203 0.061130 0.061130
0 0.281624 0.963108 0.071945 0.071945
0 0.899490 0.289685 0.052757 0.052757
0 0.920561 0.460912 0.052757 0.052757
0 0.664112 0.609775 0.104277 0.104277
0 0.996868 0.536047 0.071945 0.071945
0 0.746469 0.541573 0.104277 0.104277
0 0.670636 0.510633 0.061130 0.061130
0 0.534697 0.095537 0.057104 0.057104
0 0.029559 0.419167 0.062220 0.062220
0 0.136046 0.996234 0.061130 0.061130
0 0.577707 0.408590 0.104277 0.104277
0 0.412912 0.914288 0.061130 0.061130
0 0.393328 0.826405 0.052757 0.052757
0 0.892602 0.927742 0.057104 0.057104
0 0.797577 0.687628 0.104277 0.104277
0 0.554130 0.827232 0.061130 0.061130
0 0.634974 0.952690 0.062220 0.062220
0 0.024918 0.005233 0.062220 0.062220
0 0.250164 0.537924 0.061130 0.061130
0 0.831898 0.090318 0.052757 0.052757
0 0.237588 0.076390 0.071945 0.071945
0 0.052635 0.656536 0.104278 0.104278
0 0.376193 0.180912 0.104277 0.104277
0 0.296624 0.249836 0.052757 0.052757
0 0.676863 0.860900 0.057104 0.057104
0 0.519579 0.250073 0.104277 0.104277
0 0.593059 0.648555 0.052757 0.052757
0 0.209192 0.244034 0.052757 0.052757
0 0.713409 0.996343 0.057104 0.057104
0 0.455534 0.332130 0.052757 0.052757
0 0.884765 0.535091 0.104277 0.104277
0 0.832062 0.396737 0.057104 0.057104
0 0.525484 0.908444 0.061130 0.061130
0 0.735230 0.620723 0.061130 0.061130
0 0.410061 0.551274 0.104278 0.104278
0 0.958998 0.797462 0.062220 0.062220
0 0.983100 0.003194 0.071945 0.071945
0 0.476910 0.529665 0.052757 0.052757
0 0.756777 0.208791 0.061130 0.061130
0 0.648130 0.107633 0.071945 0.071945
0 0.814779 0.323329 0.052757 0.052757
0 0.118019 0.708742 0.062220 0.062220
0 0.986665 0.955300 0.104277 0.104277
0 0.269351 0.795966 0.062220 0.062220
0 0.022546 0.098403 0.052757 0.052757
0 0.486371 0.784689 0.057104 0.057104
0 0.855326 0.649083 0.071945 0.071945
0 0.637034 0.275926 0.061130 0.061130
0 0.607703 0.192261 0.062220 0.062220
0 0.751473 0.043447 0.062220 0.062220
0 0.076005 0.340438 0.061130 0.061130
0 0.999173 0.715722 0.061130 0.061130
0 0.657072 0.438227 0.052757 0.052757
0 0.807246 0.474512 0.057104 0.057104
0 0.442789 0.652158 0.057104 0.057104
0 0.310831 0.138915 0.104277 0.104277
0 0.151787 0.889848 0.104278 0.104278
0 0.370064 0.618538 0.071945 0.071945
0 0.270425 0.883312 0.052757 0.052757
0 0.809711 0.905031 0.062220 0.062220
0 0.787056 0.758887 0.071945 0.071945
0 0.308649 0.698104 0.052757 0.052757
0 0.500945 0.693996 0.071945 0.071945
0 0.026973 0.726578 0.104277 0.104277
0 0.203328 0.937830 0.057104 0.057104
0 0.905993 0.073370 0.057104 0.057104
0 0.236906 0.606508 0.057104 0.057104
0 0.207403 0.684330 0.104277 0.104277
0 0.163050 0.136616 0.052757 0.052757
0 0.919465 0.996053 0.071945 0.071945
0 0.748353 0.285426 0.104277 0.104277
0 0.708999 0.139447 0.071945 0.071945
0 0.951897 0.207075 0.104277 0.104277
0 0.168530 0.803855 0.104277 0.104277
0 0.158984 0.584890 0.071945 0.071945
0 0.450065 0.203514 0.071945 0.071945
0 0.589937 0.047611 0.050932 0.050932
0 0.033153 0.526131 0.057104 0.057104
0 0.380474 0.728889 0.052757 0.052757
0 0.450394 0.102247 0.071945 0.071945
0 0.129254 0.223826 0.104277 0.104277
0 0.140360 0.477893 0.057104 0.057104
0 0.323362 0.466529 0.104277 0.104277
0 0.373505 0.310764 0.104277 0.104277
0 0.914022 0.378742 0.061131 0.061131
0 0.761129 0.420067 0.104277 0.104277
0 0.364011 0.087066 0.052757 0.052757
0 0.661266 0.032436 0.062220 0.062220
0 0.457021 0.010340 0.062220 0.062220
0 0.279178 0.385541 0.052757 0.052757
0 0.083511 0.929844 0.062220 0.062220
0 0.083685 0.857409 0.057104 0.057104
0 0.158407 0.300330 0.104277 0.104277
0 0.248067 0.458177 0.061130 0.061130
0 0.096912 0.062229 0.057104 0.057104
0 0.371410 0.401127 0.062220 0.062220
0 0.437920 0.436169 0.071945 0.071945
0 0.836034 0.248794 0.071945 0.071945
0 0.667027 0.359823 0.061130 0.061130
0 0.787229 0.978197 0.061130 0.061130
0 0.075913 0.582609 0.052757 0.052757
0 0.458710 0.997541 0.104277 0.104277
0 0.567542 0.547273 0.104277 0.104277
0 0.048514 0.243061 0.071945 0.071945
0 0.341093 0.542545 0.052757 0.052757
0 0.166391 0.049115 0.057103 0.057103
0 0.871435 0.772868 0.052757 0.052757
0 0.531694 0.168215 0.071945 0.071945
0 0.150102 0.371672 0.104277 0.104277
0 0.606826 0.717533 0.104277 0.104277