0 0.962919 0.274986 0.061130 0.061130
0 0.678927 0.694505 0.104278 0.104278
0 0.896012 0.135315 0.104277 0.104277
0 0.957838 0.044267 0.071945 0.071945
0 0.863690 0.236884 0.052757 0.052757
0 0.797071 0.855853 0.052757 0.052757
0 0.407886 0.189981 0.052757 0.052757
0 0.321604 0.846828 0.061130 0.061130
0 0.696365 0.805310 0.052757 0.052757
0 0.717436 0.976537 0.052757 0.052757
0 0.771784 0.079824 0.062220 0.062220
0 0.331572 0.611162 0.057104 0.057104
0 0.682619 0.264983 0.104277 0.104277
0 0.940597 0.201523 0.061131 0.061131
0 0.374582 0.924215 0.104277 0.104277
0 0.407431 0.397811 0.057104 0.057104
0 0.929159 0.877229 0.104277 0.104277
0 0.628773 0.605943 0.052757 0.052757
0 0.034463 0.592015 0.071945 0.071945
0 0.173068 0.696537 0.104277 0.104277
0 0.093499 0.765461 0.052757 0.052757
0 0.452240 0.080457 0.057104 0.057104
0 0.316454 0.765698 0.104277 0.104277
0 0.539171 0.076714 0.057104 0.057104
0 0.762023 0.203233 0.071945 0.071945
0 0.813902 0.598188 0.052757 0.052757
0 0.871118 0.009564 0.071945 0.071945
0 0.006067 0.759659 0.052757 0.052757
0 0.252409 0.847755 0.052757 0.052757
0 0.628937 0.912362 0.057104 0.057104
0 0.834274 0.993966 0.052757 0.052757
0 0.996851 0.857567 0.071945 0.071945
0 0.997111 0.928391 0.061130 0.061130
0 0.779975 0.518819 0.071945 0.071945
0 0.553652 0.724416 0.061130 0.061130
0 0.445005 0.623258 0.071945 0.071945
0 0.611654 0.838954 0.052757 0.052757
0 0.877131 0.754069 0.057104 0.057104
0 0.833242 0.169682 0.057104 0.057104
0 0.154838 0.504762 0.061130 0.061130
0 0.453753 0.346444 0.071945 0.071945
0 0.433909 0.791551 0.061130 0.061130
0 0.404578 0.707886 0.062220 0.062220
0 0.548348 0.559072 0.062220 0.062220
0 0.664009 0.388072 0.061130 0.061130
0 0.891326 0.632195 0.052757 0.052757
0 0.453947 0.953852 0.052757 0.052757
0 0.604121 0.990137 0.057104 0.057104
0 0.153869 0.148687 0.071945 0.071945
0 0.107706 0.654540 0.104277 0.104277
0 0.599321 0.290333 0.061130 0.061130
0 0.570395 0.218598 0.061130 0.061130
0 0.749075 0.344868 0.104277 0.104277
0 0.912480 0.442741 0.071945 0.071945
0 0.602775 0.496459 0.061130 0.061130
0 0.340928 0.031433 0.104277 0.104277
0 0.165038 0.230385 0.071945 0.071945
0 0.702868 0.588995 0.057104 0.057104
0 0.595017 0.412777 0.104277 0.104277
0 0.802469 0.666611 0.062220 0.062220
0 0.799636 0.393405 0.104277 0.104277
0 0.284325 0.181516 0.052757 0.052757
0 0.778541 0.280715 0.052757 0.052757
0 0.116289 0.312610 0.052757 0.052757
0 0.808941 0.925276 0.104277 0.104277
0 0.490900 0.154202 0.071945 0.071945
0 0.545228 0.801051 0.104277 0.104277
0 0.040066 0.185043 0.061130 0.061130
0 0.505874 0.655072 0.071945 0.071945
0 0.048016 0.506198 0.104277 0.104277
0 0.748772 0.722700 0.104277 0.104277
0 0.376777 0.112869 0.104277 0.104277
0 0.903605 0.526657 0.057104 0.057104
0 0.246940 0.719139 0.071945 0.071945
0 0.386812 0.563236 0.050932 0.050932
0 0.523548 0.384350 0.052757 0.052757
0 0.289685 0.331241 0.071945 0.071945
0 0.500445 0.291410 0.061130 0.061130
0 0.076047 0.255869 0.062220 0.062220
0 0.859474 0.349465 0.052757 0.052757
0 0.713780 0.500912 0.057104 0.057104
0 0.247269 0.617872 0.071945 0.071945
0 0.154906 0.381043 0.104277 0.104277
0 0.497349 0.451376 0.061130 0.061130
0 0.359714 0.294535 0.071945 0.071945
0 0.120237 0.982154 0.104277 0.104277
0 0.212349 0.005773 0.061130 0.061130
0 0.170380 0.826389 0.104277 0.104277
0 0.487201 0.011036 0.048997 0.048997
0 0.710897 0.894367 0.061131 0.061131
0 0.558004 0.935692 0.104277 0.104277
0 0.160886 0.602691 0.052757 0.052757
0 0.686209 0.157028 0.062220 0.062220
0 0.942627 0.711674 0.104277 0.104277
0 0.458141 0.548061 0.062220 0.062220
0 0.253896 0.525965 0.062220 0.062220
0 0.076053 0.901166 0.052757 0.052757
0 0.689786 0.067217 0.061131 0.061131
0 0.044942 0.973802 0.061130 0.061130
0 0.110747 0.077592 0.071945 0.071945
0 0.264560 0.105413 0.104277 0.104277
0 0.168285 0.916752 0.062220 0.062220
0 0.030686 0.070516 0.071945 0.071945
0 0.234795 0.951794 0.071945 0.071945
0 0.632909 0.764419 0.071945 0.071945
0 0.463902 0.875448 0.061130 0.061130
0 0.103664 0.435970 0.071945 0.071945
0 0.873110 0.830639 0.071945 0.071945
0 0.198749 0.440939 0.047555 0.047555
0 0.332849 0.465735 0.052757 0.052757
0 0.903817 0.968579 0.104277 0.104277
0 0.617294 0.164022 0.071945 0.071945
0 0.328569 0.683840 0.071945 0.071945
0 0.412799 0.473616 0.071945 0.071945