0 0.731467 0.649477 0.104277 0.104277
0 0.687919 0.437486 0.061130 0.061130
0 0.403927 0.857005 0.104278 0.104278
0 0.621012 0.297815 0.104277 0.104277
0 0.682838 0.206767 0.071945 0.071945
0 0.881757 0.647153 0.062220 0.062220
0 0.834651 0.192377 0.071945 0.071945
0 0.913404 0.399235 0.104277 0.104277
0 0.588690 0.399384 0.052757 0.052757
0 0.991268 0.445760 0.071945 0.071945
0 0.918037 0.082680 0.061131 0.061131
0 0.626721 0.069868 0.104277 0.104277
0 0.132886 0.352481 0.052757 0.052757
0 0.421365 0.967810 0.052757 0.052757
0 0.725591 0.564292 0.057104 0.057104
0 0.496784 0.242324 0.062220 0.062220
0 0.761453 0.750928 0.051819 0.051819
0 0.056572 0.773662 0.057104 0.057104
0 0.754793 0.005839 0.052757 0.052757
0 0.407619 0.427483 0.104277 0.104277
0 0.007092 0.073018 0.052757 0.052757
0 0.665597 0.364023 0.061131 0.061131
0 0.941601 0.694641 0.052757 0.052757
0 0.132431 0.560311 0.057104 0.057104
0 0.698731 0.116364 0.057104 0.057104
0 0.749813 0.324518 0.052757 0.052757
0 0.245721 0.029917 0.061130 0.061130
0 0.423855 0.153872 0.052757 0.052757
0 0.806020 0.260478 0.057104 0.057104
0 0.918493 0.482489 0.036679 0.036679
0 0.353773 0.768443 0.052757 0.052757
0 0.177240 0.242957 0.057104 0.057104
0 0.752255 0.413100 0.057104 0.057104
0 0.837294 0.821272 0.104277 0.104277
0 0.491055 0.089781 0.052757 0.052757
0 0.832431 0.747979 0.071945 0.071945
0 0.041454 0.928198 0.104277 0.104277
0 0.264171 0.239214 0.057104 0.057104
0 0.487023 0.365733 0.071945 0.071945
0 0.538902 0.760688 0.052757 0.052757
0 0.967771 0.301169 0.104277 0.104277
0 0.596118 0.172064 0.071945 0.071945
0 0.753749 0.907901 0.054783 0.054783
0 0.143390 0.143419 0.057104 0.057104
0 0.921301 0.841813 0.057103 0.057103
0 0.504975 0.681319 0.071945 0.071945
0 0.278652 0.886916 0.061130 0.061130
0 0.170005 0.785758 0.071945 0.071945
0 0.602131 0.916569 0.057104 0.057104
0 0.966785 0.776515 0.061131 0.061131
0 0.558242 0.332182 0.057104 0.057104
0 0.178753 0.508944 0.071945 0.071945
0 0.158909 0.954051 0.061130 0.061130
0 0.129578 0.870386 0.062220 0.062220
0 0.914698 0.242877 0.061130 0.061130
0 0.273348 0.721572 0.062220 0.062220
0 0.389009 0.550572 0.061130 0.061130
0 0.993458 0.373492 0.061130 0.061130
0 0.616326 0.794695 0.052757 0.052757
0 0.324321 0.452833 0.061130 0.061130
0 0.295395 0.381098 0.061130 0.061130
0 0.864794 0.337360 0.062220 0.062220
0 0.076513 0.107371 0.104277 0.104277
0 0.474075 0.507368 0.104277 0.104277
0 0.637480 0.605241 0.071945 0.071945
0 0.050835 0.001633 0.104277 0.104277
0 0.334878 0.119036 0.052757 0.052757
0 0.778226 0.108390 0.062220 0.062220
0 0.327775 0.658959 0.061130 0.061130
0 0.065928 0.193933 0.104277 0.104277
0 0.427868 0.751495 0.057104 0.057104
0 0.320017 0.575277 0.104277 0.104277
0 0.527469 0.829111 0.062220 0.062220
0 0.524636 0.555905 0.104277 0.104277
0 0.009325 0.344016 0.052757 0.052757
0 0.503541 0.443215 0.052757 0.052757
0 0.810457 0.482903 0.062220 0.062220
0 0.215900 0.316702 0.071945 0.071945
0 0.270228 0.963551 0.104277 0.104277
0 0.140845 0.069672 0.062220 0.062220
0 0.230874 0.817572 0.071945 0.071945
0 0.845298 0.026241 0.071945 0.071945
0 0.473772 0.885200 0.104277 0.104277
0 0.455177 0.009369 0.052757 0.052757
0 0.952668 0.565599 0.104277 0.104277
0 0.101777 0.275369 0.104277 0.104277
0 0.628605 0.689157 0.057104 0.057104
0 0.111812 0.725736 0.050932 0.050932
0 0.248548 0.546850 0.052757 0.052757
0 0.014685 0.493741 0.071945 0.071945
0 0.866120 0.530821 0.071945 0.071945
0 0.225445 0.453910 0.061130 0.061130
0 0.584474 0.511965 0.052757 0.052757
0 0.438780 0.663412 0.057104 0.057104
0 0.830109 0.894650 0.104277 0.104277
0 0.248093 0.099071 0.057104 0.057104
0 0.348284 0.023811 0.057104 0.057104
0 0.222349 0.613876 0.061130 0.061130
0 0.084714 0.457035 0.071945 0.071945
0 0.894652 0.938848 0.057104 0.057104
0 0.212201 0.173536 0.048997 0.048997
0 0.934698 0.995986 0.104277 0.104277
0 0.415227 0.078167 0.062220 0.062220
0 0.411209 0.319528 0.062220 0.062220
0 0.740190 0.839947 0.052757 0.052757
0 0.667627 0.874174 0.104277 0.104277
0 0.183141 0.710561 0.062220 0.062220
0 0.971001 0.129840 0.057104 0.057104
0 0.414786 0.229717 0.061131 0.061131
0 0.357909 0.926919 0.071945 0.071945
0 0.598110 0.993139 0.071945 0.071945
0 0.057849 0.628235 0.052757 0.052757
0 0.342294 0.326522 0.071945 0.071945
0 0.053569 0.846340 0.071945 0.071945
0 0.803076 0.610720 0.057104 0.057104
0 0.137799 0.636116 0.071945 0.071945