0 0.395545 0.417601 0.062220 0.062220
0 0.741183 0.757229 0.062220 0.062220
0 0.702957 0.563205 0.062220 0.062220
0 0.478859 0.870843 0.057103 0.057103
0 0.993958 0.125377 0.104277 0.104277
0 0.728937 0.206571 0.052757 0.052757
0 0.740629 0.293120 0.104277 0.104277
0 0.499531 0.617492 0.052757 0.052757
0 0.932470 0.710330 0.071945 0.071945
0 0.337874 0.472483 0.071945 0.071945
0 0.458722 0.702162 0.062220 0.062220
0 0.363755 0.895144 0.071945 0.071945
0 0.720362 0.119150 0.104277 0.104277
0 0.802719 0.050948 0.104277 0.104277
0 0.726886 0.020008 0.061130 0.061130
0 0.388674 0.732798 0.104277 0.104277
0 0.192296 0.505609 0.061130 0.061130
0 0.469162 0.423663 0.061130 0.061130
0 0.449578 0.335780 0.052757 0.052757
0 0.240724 0.801961 0.104278 0.104278
0 0.948852 0.437117 0.057104 0.057104
0 0.853827 0.197003 0.104277 0.104277
0 0.638603 0.916726 0.062220 0.062220
0 0.610380 0.336607 0.061130 0.061130
0 0.691224 0.462065 0.062220 0.062220
0 0.306414 0.047299 0.061130 0.061130
0 0.886368 0.543875 0.057104 0.057104
0 0.108885 0.165911 0.104278 0.104278
0 0.796433 0.900021 0.071945 0.071945
0 0.733113 0.370275 0.057104 0.057104
0 0.498449 0.799406 0.061130 0.061130
0 0.941781 0.783295 0.071945 0.071945
0 0.550911 0.571718 0.062220 0.062220
0 0.649309 0.157930 0.052757 0.052757
0 0.749030 0.828031 0.057104 0.057104
0 0.257898 0.605196 0.062220 0.062220
0 0.769659 0.505718 0.057104 0.057104
0 0.941015 0.044466 0.104277 0.104277
0 0.581734 0.417819 0.061130 0.061130
0 0.712874 0.907684 0.052757 0.052757
0 0.791480 0.130098 0.061130 0.061130
0 0.466311 0.060649 0.104278 0.104278
0 0.533160 0.039040 0.052757 0.052757
0 0.546964 0.678850 0.062220 0.062220
0 0.967889 0.647687 0.057104 0.057104
0 0.174269 0.218117 0.062220 0.062220
0 0.672179 0.799045 0.050891 0.050891
0 0.325601 0.305341 0.062220 0.062220
0 0.398005 0.814480 0.104277 0.104277
0 0.542621 0.294064 0.057104 0.057104
0 0.836049 0.691351 0.062220 0.062220
0 0.911576 0.158458 0.071945 0.071945
0 0.956868 0.900417 0.057104 0.057104
0 0.332775 0.637347 0.062220 0.062220
0 0.557199 0.878067 0.052757 0.052757
0 0.604830 0.724191 0.062220 0.062220
0 0.700589 0.690110 0.104277 0.104277
0 0.499039 0.161533 0.057104 0.057104
0 0.208037 0.399223 0.104278 0.104278
0 0.426314 0.127913 0.071945 0.071945
0 0.326675 0.392687 0.052757 0.052757
0 0.235858 0.908814 0.071945 0.071945
0 0.145246 0.914489 0.052757 0.052757
0 0.862437 0.819288 0.061130 0.061130
0 0.865961 0.414406 0.062220 0.062220
0 0.843306 0.268262 0.071945 0.071945
0 0.295473 0.862586 0.057104 0.057104
0 0.364899 0.207479 0.052757 0.052757
0 0.557195 0.203371 0.071945 0.071945
0 0.083223 0.235953 0.104277 0.104277
0 0.259578 0.447205 0.057104 0.057104
0 0.293156 0.115883 0.057104 0.057104
0 0.573777 0.797000 0.062220 0.062220
0 0.263653 0.193705 0.104277 0.104277
0 0.872015 0.922638 0.062220 0.062220
0 0.975715 0.505428 0.071945 0.071945
0 0.224780 0.313230 0.104277 0.104277
0 0.215234 0.094265 0.071945 0.071945
0 0.114933 0.838036 0.104277 0.104277
0 0.651757 0.622130 0.104277 0.104277
0 0.089403 0.035506 0.057104 0.057104
0 0.225054 0.722889 0.061131 0.061131
0 0.106190 0.717947 0.057104 0.057104
0 0.436724 0.238264 0.052757 0.052757
0 0.085349 0.646030 0.062220 0.062220
0 0.883032 0.626908 0.052757 0.052757
0 0.298391 0.737984 0.057104 0.057104
0 0.418999 0.530832 0.057104 0.057104
0 0.139761 0.439219 0.062220 0.062220
0 0.139935 0.366784 0.057104 0.057104
0 0.809807 0.622186 0.052757 0.052757
0 0.843479 0.487572 0.061130 0.061130
0 0.132163 0.091984 0.052757 0.052757
0 0.514960 0.506916 0.104277 0.104277
0 0.174938 0.630758 0.057104 0.057104
0 0.623792 0.056648 0.104277 0.104277
0 0.397343 0.051920 0.052757 0.052757
0 0.163589 0.774765 0.061130 0.061130
0 0.927685 0.282243 0.052757 0.052757
0 0.663076 0.226908 0.104277 0.104277
0 0.087678 0.514940 0.057104 0.057104