0 0.834592 0.846352 0.104277 0.104277
0 0.791044 0.634361 0.061130 0.061130
0 0.724137 0.494690 0.104277 0.104277
0 0.785963 0.403642 0.071945 0.071945
0 0.984882 0.844028 0.062220 0.062220
0 0.937776 0.389252 0.071945 0.071945
0 0.691815 0.596259 0.052757 0.052757
0 0.729846 0.266743 0.104277 0.104277
0 0.236011 0.549356 0.052757 0.052757
0 0.185660 0.042677 0.062220 0.062220
0 0.828716 0.761167 0.057104 0.057104
0 0.599909 0.439199 0.062220 0.062220
0 0.864578 0.947803 0.051819 0.051819
0 0.159697 0.970537 0.057104 0.057104
0 0.857918 0.202714 0.052757 0.052757
0 0.510744 0.624358 0.104277 0.104277
0 0.110217 0.269893 0.052757 0.052757
0 0.768722 0.560898 0.061131 0.061131
0 0.235556 0.757186 0.057104 0.057104
0 0.801856 0.313239 0.057104 0.057104
0 0.301598 0.164353 0.071945 0.071945
0 0.852938 0.521393 0.052757 0.052757
0 0.348846 0.226792 0.061130 0.061130
0 0.526980 0.350747 0.052757 0.052757
0 0.991272 0.073605 0.062220 0.062220
0 0.909145 0.457353 0.057104 0.057104
0 0.829098 0.140153 0.057104 0.057104
0 0.456898 0.965318 0.052757 0.052757
0 0.937099 0.117591 0.061130 0.061130
0 0.280365 0.439832 0.057104 0.057104
0 0.855380 0.609975 0.057104 0.057104
0 0.594180 0.286656 0.052757 0.052757
0 0.935556 0.944854 0.071945 0.071945
0 0.367296 0.436089 0.057104 0.057104
0 0.590148 0.562608 0.071945 0.071945
0 0.880028 0.074614 0.061131 0.061131
0 0.642027 0.957563 0.052757 0.052757
0 0.699243 0.368939 0.071945 0.071945
0 0.929255 0.008067 0.057104 0.057104
0 0.048707 0.181387 0.071945 0.071945
0 0.246515 0.340294 0.057104 0.057104
0 0.608100 0.878194 0.071945 0.071945
0 0.273130 0.982633 0.071945 0.071945
0 0.661367 0.529057 0.057104 0.057104
0 0.393704 0.104485 0.061130 0.061130
0 0.281878 0.705819 0.071945 0.071945
0 0.376473 0.918447 0.062220 0.062220
0 0.492134 0.747447 0.061130 0.061130
0 0.719451 0.991570 0.052757 0.052757
0 0.665841 0.168775 0.104277 0.104277
0 0.427446 0.649708 0.061130 0.061130
0 0.398520 0.577973 0.061130 0.061130
0 0.967919 0.534235 0.062220 0.062220
0 0.179638 0.304246 0.104277 0.104277
0 0.043678 0.082424 0.057104 0.057104
0 0.285394 0.084171 0.057104 0.057104
0 0.577200 0.704243 0.104277 0.104277
0 0.740605 0.802116 0.071945 0.071945
0 0.153960 0.198508 0.104277 0.104277
0 0.438003 0.315911 0.052757 0.052757
0 0.881351 0.305265 0.062220 0.062220
0 0.430900 0.855834 0.061130 0.061130
0 0.169053 0.390808 0.104277 0.104277
0 0.530993 0.948370 0.057104 0.057104
0 0.423142 0.772152 0.104277 0.104277
0 0.153218 0.103777 0.052757 0.052757
0 0.627761 0.752780 0.104277 0.104277
0 0.112450 0.540891 0.052757 0.052757
0 0.338582 0.017270 0.104277 0.104277
0 0.606666 0.640090 0.052757 0.052757
0 0.913582 0.679778 0.062220 0.062220
0 0.319025 0.513577 0.071945 0.071945
0 0.243970 0.266547 0.062220 0.062220
0 0.948423 0.223116 0.071945 0.071945
0 0.558302 0.206244 0.052757 0.052757
0 0.204902 0.472244 0.104277 0.104277
0 0.731730 0.886032 0.057104 0.057104
0 0.214937 0.922611 0.050932 0.050932
0 0.351673 0.743725 0.052757 0.052757
0 0.515834 0.040199 0.104278 0.104278
0 0.117810 0.690616 0.071945 0.071945
0 0.969245 0.727696 0.071945 0.071945
0 0.328570 0.650785 0.061130 0.061130
0 0.687599 0.708840 0.052757 0.052757
0 0.541905 0.860287 0.057104 0.057104
0 0.765977 0.104370 0.062220 0.062220
0 0.040710 0.287039 0.057104 0.057104
0 0.351218 0.295946 0.057104 0.057104
0 0.075394 0.977247 0.071945 0.071945
0 0.572852 0.106110 0.062220 0.062220
0 0.451409 0.220686 0.057104 0.057104
0 0.325474 0.810751 0.061130 0.061130
0 0.187839 0.653910 0.071945 0.071945
0 0.040474 0.365148 0.061130 0.061130
0 0.315326 0.370411 0.048997 0.048997
0 0.604772 0.038481 0.071945 0.071945
0 0.518352 0.275042 0.062220 0.062220
0 0.251995 0.001593 0.057104 0.057104
0 0.514334 0.516403 0.062220 0.062220
0 0.644973 0.095407 0.052757 0.052757
0 0.286266 0.907436 0.062220 0.062220
0 0.082021 0.885340 0.062220 0.062220
0 0.517911 0.426592 0.061131 0.061131
0 0.092685 0.464788 0.104277 0.104277
0 0.026874 0.800314 0.047555 0.047555
0 0.160974 0.825110 0.052757 0.052757
0 0.233127 0.188655 0.057104 0.057104
0 0.445419 0.523397 0.071945 0.071945
0 0.906201 0.807595 0.057104 0.057104
0 0.240924 0.832991 0.071945 0.071945