0 0.515842 0.099477 0.104277 0.104277
0 0.188302 0.307005 0.104278 0.104278
0 0.442345 0.898782 0.071945 0.071945
0 0.666132 0.097153 0.062220 0.062220
0 0.717466 0.866761 0.071945 0.071945
0 0.997844 0.607082 0.071945 0.071945
0 0.243958 0.744127 0.104277 0.104277
0 0.749594 0.982131 0.052757 0.052757
0 0.306446 0.468353 0.052757 0.052757
0 0.486743 0.655099 0.061130 0.061130
0 0.893021 0.780076 0.104277 0.104277
0 0.919744 0.394229 0.062220 0.062220
0 0.205740 0.417810 0.052757 0.052757
0 0.659687 0.616975 0.071945 0.071945
0 0.226811 0.589037 0.052757 0.052757
0 0.340494 0.918237 0.062220 0.062220
0 0.509966 0.014292 0.057104 0.057104
0 0.303118 0.664172 0.071945 0.071945
0 0.052719 0.669698 0.104277 0.104277
0 0.545828 0.200928 0.051819 0.051819
0 0.860017 0.943195 0.104277 0.104277
0 0.725976 0.144641 0.052757 0.052757
0 0.438534 0.489729 0.104277 0.104277
0 0.738395 0.735833 0.104277 0.104277
0 0.856174 0.547026 0.071945 0.071945
0 0.787252 0.093156 0.057103 0.057103
0 0.860921 0.478580 0.062220 0.062220
0 0.103827 0.815753 0.104277 0.104277
0 0.798877 0.674331 0.057104 0.057104
0 0.841844 0.848006 0.062220 0.062220
0 0.594586 0.975193 0.052757 0.052757
0 0.741594 0.606115 0.062220 0.062220
0 0.138148 0.218443 0.052757 0.052757
0 0.821906 0.210496 0.104277 0.104277
0 0.621669 0.271272 0.104277 0.104277
0 0.927243 0.578808 0.061130 0.061130
0 0.616806 0.197979 0.071945 0.071945
0 0.380991 0.740461 0.052757 0.052757
0 0.323277 0.210688 0.052757 0.052757
0 0.919237 0.225364 0.061131 0.061131
0 0.191015 0.663216 0.104277 0.104277
0 0.138312 0.524862 0.057104 0.057104
0 0.343649 0.606466 0.052757 0.052757
0 0.538124 0.357901 0.054783 0.054783
0 0.674967 0.803037 0.062220 0.062220
0 0.518654 0.878587 0.061131 0.061131
0 0.705676 0.291813 0.057103 0.057103
0 0.041480 0.748848 0.061130 0.061130
0 0.477047 0.807038 0.071945 0.071945
0 0.506226 0.470067 0.071945 0.071945
0 0.265248 0.925587 0.062220 0.062220
0 0.506486 0.540891 0.061130 0.061130
0 0.289350 0.131319 0.071945 0.071945
0 0.063027 0.336916 0.061130 0.061130
0 0.121029 0.451454 0.052757 0.052757
0 0.799982 0.358634 0.061131 0.061131
0 0.386506 0.366569 0.057104 0.057104
0 0.751160 0.226515 0.061131 0.061131
0 0.161576 0.777208 0.071945 0.071945
0 0.961489 0.835982 0.045227 0.045227
0 0.595877 0.884309 0.052757 0.052757
0 0.057723 0.171572 0.062220 0.062220
0 0.173384 0.000572 0.061130 0.061130
0 0.951714 0.079495 0.062220 0.062220
0 0.305423 0.843847 0.061130 0.061130
0 0.400701 0.244695 0.052757 0.052757
0 0.113496 0.602637 0.057104 0.057104
0 0.093306 0.887012 0.071945 0.071945
0 0.421855 0.055241 0.071945 0.071945
0 0.953318 0.292160 0.104278 0.104278
0 0.630639 0.458559 0.052757 0.052757
0 0.112150 0.108959 0.061130 0.061130
0 0.212243 0.201495 0.057104 0.057104
0 0.104392 0.025277 0.104277 0.104277
0 0.311844 0.279111 0.062220 0.062220
0 0.876671 0.331739 0.062220 0.062220
0 0.309011 0.005905 0.104277 0.104277
0 0.318316 0.537776 0.104277 0.104277
0 0.673503 0.698070 0.052757 0.052757
0 0.054603 0.413551 0.104277 0.104277
0 0.585550 0.749934 0.052757 0.052757
0 0.015249 0.267572 0.071945 0.071945
0 0.405087 0.816321 0.057104 0.057104
0 0.258147 0.335200 0.104277 0.104277
0 0.737043 0.015599 0.104277 0.104277
0 0.412980 0.139157 0.057104 0.057104
0 0.875560 0.683474 0.061131 0.061131
0 0.781197 0.547737 0.057104 0.057104
0 0.800232 0.282238 0.071945 0.071945
0 0.223155 0.113412 0.057104 0.057104
0 0.614484 0.344650 0.104277 0.104277
0 0.672572 0.976370 0.055027 0.055027
0 0.804764 0.777192 0.061131 0.061131
0 0.006724 0.063876 0.061130 0.061130
0 0.318630 0.771311 0.050559 0.050559
0 0.447769 0.714090 0.061130 0.061130
0 0.577040 0.534462 0.071945 0.071945
0 0.679027 0.388848 0.057104 0.057104
0 0.719073 0.445986 0.104277 0.104277
0 0.220272 0.506867 0.061131 0.061131
0 0.067379 0.548192 0.104277 0.104277
0 0.575840 0.629015 0.071945 0.071945
0 0.524565 0.289947 0.052757 0.052757
0 0.452002 0.324174 0.104277 0.104277
0 0.962683 0.696968 0.052757 0.052757
0 0.142284 0.376919 0.071945 0.071945
0 0.884058 0.007965 0.071945 0.071945
0 0.382485 0.443139 0.071945 0.071945
0 0.688749 0.537590 0.104277 0.104277
0 0.413192 0.581079 0.104277 0.104277
0 0.177685 0.900993 0.052757 0.052757
0 0.964958 0.503135 0.061131 0.061131
0 0.587451 0.060720 0.057104 0.057104
0 0.951290 0.953139 0.088662 0.088662
0 0.857202 0.143451 0.061131 0.061131