0 0.611745 0.569698 0.062220 0.062220
0 0.360737 0.872731 0.104277 0.104277
0 0.565819 0.628540 0.062220 0.062220
0 0.712393 0.605552 0.070161 0.070161
0 0.214479 0.276213 0.062220 0.062220
0 0.343113 0.597164 0.104278 0.104278
0 0.462506 0.268571 0.057104 0.057104
0 0.009834 0.411771 0.062220 0.062220
0 0.982307 0.696749 0.071945 0.071945
0 0.501794 0.576676 0.071945 0.071945
0 0.798100 0.635305 0.062220 0.062220
0 0.815228 0.937597 0.061131 0.061131
0 0.476214 0.345256 0.062220 0.062220
0 0.023253 0.652048 0.104277 0.104277
0 0.834671 0.699141 0.104277 0.104277
0 0.243209 0.634743 0.071945 0.071945
0 0.749130 0.544776 0.061130 0.061130
0 0.340312 0.968974 0.057104 0.057104
0 0.462015 0.428017 0.071945 0.071945
0 0.288882 0.917843 0.104277 0.104277
0 0.878640 0.834067 0.071945 0.071945
0 0.396319 0.367018 0.104277 0.104277
0 0.212560 0.442798 0.104277 0.104277
0 0.339781 0.479455 0.057104 0.057104
0 0.331864 0.342754 0.071945 0.071945
0 0.564529 0.949304 0.104277 0.104277
0 0.942856 0.430581 0.071945 0.071945
0 0.548727 0.299010 0.071945 0.071945
0 0.255243 0.786791 0.052757 0.052757
0 0.729691 0.768368 0.104277 0.104277
0 0.830555 0.512965 0.057104 0.057104
0 0.522304 0.770152 0.062220 0.062220
0 0.831311 0.315821 0.061131 0.061131
0 0.108054 0.712369 0.062220 0.062220
0 0.130155 0.351503 0.104277 0.104277
0 0.801027 0.415096 0.071945 0.071945
0 0.690482 0.475278 0.071945 0.071945
0 0.621921 0.750029 0.062220 0.062220
0 0.053512 0.828260 0.061130 0.061130
0 0.552124 0.410332 0.052757 0.052757
0 0.429446 0.673156 0.071945 0.071945
0 0.420112 0.908940 0.052757 0.052757
0 0.928146 0.333110 0.052757 0.052757
0 0.863975 0.578604 0.062220 0.062220
0 0.063271 0.489349 0.104277 0.104277
0 0.134375 0.438938 0.057104 0.057104
0 0.120923 0.796851 0.061130 0.061130
0 0.607721 0.465443 0.052757 0.052757
0 0.908539 0.762542 0.061131 0.061131
0 0.661404 0.294407 0.071945 0.071945
0 0.199037 0.736250 0.071945 0.071945
0 0.812383 0.799860 0.061131 0.061131
0 0.160951 0.515610 0.104277 0.104277
0 0.992389 0.271325 0.062220 0.062220
0 0.685338 0.375660 0.057104 0.057104
0 0.057464 0.586739 0.057104 0.057104
0 0.138024 0.908902 0.057104 0.057104
0 0.301848 0.418354 0.062220 0.062220
0 0.371876 0.248934 0.104277 0.104277
0 0.775367 0.878023 0.052757 0.052757
0 0.680334 0.678056 0.052757 0.052757
0 0.927480 0.611719 0.071945 0.071945
0 0.744108 0.262252 0.104277 0.104277
0 0.653418 0.903438 0.104277 0.104277
0 0.431936 0.983425 0.061130 0.061130
0 0.375787 0.803341 0.104277 0.104277
0 0.338488 0.674241 0.052757 0.052757
0 0.558987 0.708004 0.057104 0.057104
0 0.441372 0.832430 0.071945 0.071945
0 0.517516 0.472867 0.104277 0.104277
0 0.939060 0.534769 0.071945 0.071945
0 0.435509 0.594934 0.056505 0.056505
0 0.944305 0.885686 0.104277 0.104277
0 0.074528 0.956580 0.062220 0.062220
0 0.655601 0.816287 0.057104 0.057104
0 0.429806 0.526245 0.061130 0.061130
0 0.762707 0.476330 0.057103 0.057103
0 0.506323 0.857586 0.057104 0.057104
0 0.229360 0.550047 0.062220 0.062220
0 0.139911 0.255990 0.062220 0.062220
0 0.166623 0.670466 0.057104 0.057104
0 0.193802 0.966095 0.057104 0.057104
0 0.246636 0.337297 0.061130 0.061130
0 0.915424 0.262674 0.057104 0.057104
0 0.041291 0.344919 0.057104 0.057104
0 0.014853 0.256062 0.071945 0.071945
0 0.898204 0.944823 0.052757 0.052757