0 0.202833 0.556863 0.052757 0.052757
0 0.754761 0.296231 0.052757 0.052757
0 0.668479 0.953078 0.061130 0.061130
0 0.678447 0.717412 0.057104 0.057104
0 0.628967 0.016768 0.052757 0.052757
0 0.175752 0.217911 0.071945 0.071945
0 0.754306 0.504061 0.057104 0.057104
0 0.168668 0.627108 0.062220 0.062220
0 0.975648 0.712193 0.052757 0.052757
0 0.381338 0.698265 0.071945 0.071945
0 0.519943 0.802787 0.104277 0.104277
0 0.440374 0.871711 0.052757 0.052757
0 0.799115 0.186707 0.057104 0.057104
0 0.663329 0.871948 0.104277 0.104277
0 0.886046 0.182964 0.057104 0.057104
0 0.352942 0.865909 0.052757 0.052757
0 0.599284 0.954005 0.052757 0.052757
0 0.765265 0.087169 0.057104 0.057104
0 0.900527 0.830666 0.061130 0.061130
0 0.791880 0.729508 0.071945 0.071945
0 0.958529 0.945204 0.052757 0.052757
0 0.166296 0.720278 0.052757 0.052757
0 0.311889 0.428383 0.071945 0.071945
0 0.501713 0.611012 0.061130 0.061130
0 0.304955 0.357927 0.071945 0.071945
0 0.800628 0.452694 0.071945 0.071945
0 0.780784 0.897801 0.061130 0.061130
0 0.751453 0.814136 0.062220 0.062220
0 0.895223 0.665322 0.062220 0.062220
0 0.219755 0.962313 0.061130 0.061130
0 0.500744 0.254937 0.071945 0.071945
0 0.454581 0.760790 0.104277 0.104277
0 0.946196 0.396583 0.061130 0.061130
0 0.917270 0.324848 0.061130 0.061130
0 0.698388 0.051121 0.104277 0.104277
0 0.469783 0.006428 0.057104 0.057104
0 0.956753 0.062786 0.052757 0.052757
0 0.949650 0.602709 0.061130 0.061130
0 0.687803 0.137683 0.104277 0.104277
0 0.511913 0.336635 0.071945 0.071945
0 0.941892 0.519027 0.104277 0.104277
0 0.631200 0.287766 0.052757 0.052757
0 0.463164 0.418860 0.052757 0.052757
0 0.306800 0.758491 0.052757 0.052757
0 0.395847 0.097414 0.061130 0.061130
0 0.204169 0.479199 0.104278 0.104278
0 0.837775 0.260452 0.071945 0.071945
0 0.892103 0.907301 0.104277 0.104277
0 0.762720 0.013422 0.062220 0.062220
0 0.386941 0.291293 0.061130 0.061130
0 0.852749 0.761322 0.071945 0.071945
0 0.394891 0.612448 0.104277 0.104277
0 0.723652 0.219119 0.104277 0.104277
0 0.593815 0.825389 0.071945 0.071945
0 0.733687 0.669486 0.050932 0.050932
0 0.273473 0.161565 0.061130 0.061130
0 0.870423 0.490600 0.052757 0.052757
0 0.345798 0.523318 0.057104 0.057104
0 0.636560 0.437491 0.071945 0.071945
0 0.847320 0.397660 0.061130 0.061130
0 0.422922 0.362119 0.062220 0.062220
0 0.559460 0.033914 0.057104 0.057104
0 0.869968 0.042821 0.057104 0.057104
0 0.288951 0.080977 0.057104 0.057104
0 0.594144 0.724122 0.071945 0.071945
0 0.501781 0.487293 0.104277 0.104277
0 0.208536 0.287237 0.061130 0.061130
0 0.273004 0.845701 0.104277 0.104277
0 0.844224 0.557626 0.061130 0.061130
0 0.706589 0.400785 0.071945 0.071945
0 0.559224 0.112023 0.061130 0.061130
0 0.489061 0.099302 0.062220 0.062220
0 0.517255 0.932639 0.104277 0.104277
0 0.834076 0.117286 0.048997 0.048997
0 0.300878 0.588035 0.062220 0.062220
0 0.507761 0.708941 0.052757 0.052757
0 0.805016 0.654311 0.062220 0.062220
0 0.600771 0.632215 0.062220 0.062220
0 0.219122 0.080025 0.057104 0.057104
0 0.266568 0.238799 0.057104 0.057104
0 0.302157 0.922205 0.104277 0.104277
0 0.457622 0.183842 0.071945 0.071945
0 0.240662 0.684104 0.057104 0.057104
0 0.611435 0.211663 0.104277 0.104277
0 0.377561 0.176766 0.071945 0.071945
0 0.979784 0.870669 0.071945 0.071945
0 0.810777 0.981698 0.061130 0.061130
0 0.450539 0.542220 0.071945 0.071945
0 0.545624 0.547189 0.047555 0.047555
0 0.679724 0.571985 0.052757 0.052757
0 0.192264 0.864936 0.071945 0.071945
0 0.310141 0.670990 0.057103 0.057103
0 0.964169 0.270272 0.071945 0.071945
0 0.675444 0.790090 0.071945 0.071945
0 0.293852 0.993547 0.104277 0.104277
0 0.759674 0.579866 0.071945 0.071945
0 0.206806 0.375453 0.062220 0.062220