0 0.400217 0.690102 0.104277 0.104277
0 0.356669 0.478111 0.061130 0.061130
0 0.072677 0.897630 0.104278 0.104278
0 0.759614 0.439820 0.052757 0.052757
0 0.289762 0.338440 0.104277 0.104277
0 0.351588 0.247392 0.071945 0.071945
0 0.550507 0.687778 0.062220 0.062220
0 0.503401 0.233002 0.071945 0.071945
0 0.582154 0.439860 0.104277 0.104277
0 0.257440 0.440009 0.052757 0.052757
0 0.660018 0.486385 0.071945 0.071945
0 0.586787 0.123305 0.061131 0.061131
0 0.295471 0.110493 0.104277 0.104277
0 0.915051 0.147772 0.062221 0.062221
0 0.803957 0.110777 0.104277 0.104277
0 0.913765 0.678253 0.047276 0.047276
0 0.804119 0.984854 0.062220 0.062220
0 0.394341 0.604917 0.057104 0.057104
0 0.165534 0.282949 0.062220 0.062220
0 0.430203 0.791553 0.051819 0.051819
0 0.423543 0.046464 0.052757 0.052757
0 0.076369 0.468108 0.104277 0.104277
0 0.905004 0.419886 0.071945 0.071945
0 0.334347 0.404648 0.061131 0.061131
0 0.610351 0.735266 0.052757 0.052757
0 0.367481 0.156989 0.057104 0.057104
0 0.671627 0.683781 0.057103 0.057103
0 0.418563 0.365143 0.052757 0.052757
0 0.686620 0.100945 0.104277 0.104277
0 0.092605 0.194497 0.052757 0.052757
0 0.474770 0.301103 0.057104 0.057104
0 0.865319 0.253860 0.052757 0.052757
0 0.587243 0.523114 0.036679 0.036679
0 0.022523 0.809068 0.052757 0.052757
0 0.706281 0.801121 0.104277 0.104277
0 0.805232 0.214671 0.062221 0.062221
0 0.421005 0.453725 0.057104 0.057104
0 0.506044 0.861897 0.104277 0.104277
0 0.159805 0.130406 0.052757 0.052757
0 0.501181 0.788604 0.071945 0.071945
0 0.806862 0.020159 0.071945 0.071945
0 0.743777 0.250300 0.052757 0.052757
0 0.730883 0.318162 0.104277 0.104277
0 0.897773 0.784178 0.071945 0.071945
0 0.155773 0.406358 0.071945 0.071945
0 0.207652 0.801313 0.052757 0.052757
0 0.636521 0.341794 0.104277 0.104277
0 0.264868 0.212689 0.071945 0.071945
0 0.803612 0.815989 0.061131 0.061131
0 0.919651 0.567251 0.057104 0.057104
0 0.422499 0.948526 0.054783 0.054783
0 0.727426 0.509269 0.062220 0.062220
0 0.590051 0.882438 0.057103 0.057103
0 0.173725 0.721944 0.071945 0.071945
0 0.684357 0.949259 0.061131 0.061131
0 0.270881 0.957194 0.057104 0.057104
0 0.635535 0.817140 0.061131 0.061131
0 0.226992 0.372807 0.057104 0.057104
0 0.583448 0.283502 0.061130 0.061130
0 0.057759 0.591197 0.061130 0.061130
0 0.901106 0.909682 0.071945 0.071945
0 0.836089 0.670120 0.062220 0.062220
0 0.662208 0.414117 0.061130 0.061130
0 0.285076 0.835320 0.052757 0.052757
0 0.231466 0.012525 0.104277 0.104277
0 0.533544 0.377985 0.062220 0.062220
0 0.142825 0.547993 0.104277 0.104277
0 0.306230 0.645866 0.071945 0.071945
0 0.837693 0.882785 0.104278 0.104278
0 0.003628 0.159661 0.052757 0.052757
0 0.446976 0.149015 0.062220 0.062220
0 0.810673 0.525193 0.104277 0.104277
0 0.096618 0.792120 0.057104 0.057104
0 0.196219 0.869736 0.062220 0.062220
0 0.761046 0.922364 0.062220 0.062220
0 0.193386 0.596530 0.104277 0.104277
0 0.172291 0.483840 0.052757 0.052757
0 0.479207 0.523528 0.062220 0.062220
0 0.514048 0.066866 0.071945 0.071945
0 0.142522 0.925825 0.104277 0.104277
0 0.123927 0.049994 0.052757 0.052757
0 0.621418 0.606224 0.104277 0.104277
0 0.297355 0.729782 0.057104 0.057104
0 0.684607 0.872863 0.071945 0.071945
0 0.534870 0.571446 0.071945 0.071945
0 0.253224 0.552590 0.052757 0.052757
0 0.107530 0.704037 0.057104 0.057104
0 0.498859 0.935275 0.104277 0.104277
0 0.924874 0.299101 0.071945 0.071945
0 0.017034 0.064436 0.057104 0.057104
0 0.675765 0.561593 0.061131 0.061131
0 0.808040 0.349323 0.071945 0.071945
0 0.563402 0.979473 0.057104 0.057104
0 0.083977 0.118792 0.062220 0.062220
0 0.657008 0.030527 0.057104 0.057104
0 0.079959 0.360153 0.062220 0.062220
0 0.408940 0.880572 0.052757 0.052757
0 0.336377 0.914799 0.104277 0.104277
0 0.639751 0.170465 0.057104 0.057104
0 0.083536 0.270342 0.061131 0.061131
0 0.026659 0.967544 0.071945 0.071945
0 0.768433 0.598590 0.071945 0.071945
0 0.731926 0.180681 0.052757 0.052757
0 0.011044 0.367147 0.071945 0.071945
0 0.471826 0.651345 0.057104 0.057104
0 0.741577 0.734076 0.061131 0.061131