0 0.796012 0.925940 0.104277 0.104277
0 0.857838 0.834892 0.071945 0.071945
0 0.801721 0.697993 0.104277 0.104277
0 0.307886 0.980606 0.052757 0.052757
0 0.257535 0.473927 0.062220 0.062220
0 0.671784 0.870449 0.062220 0.062220
0 0.929793 0.633964 0.052757 0.052757
0 0.182092 0.701143 0.052757 0.052757
0 0.840597 0.992148 0.061131 0.061131
0 0.204420 0.348312 0.057103 0.057103
0 0.873731 0.744489 0.057104 0.057104
0 0.373473 0.595603 0.071945 0.071945
0 0.924813 0.952643 0.052757 0.052757
0 0.420721 0.658042 0.061130 0.061130
0 0.598855 0.781997 0.052757 0.052757
0 0.981020 0.888603 0.057104 0.057104
0 0.900973 0.571403 0.057104 0.057104
0 0.897820 0.410578 0.052757 0.052757
0 0.723843 0.397881 0.061131 0.061131
0 0.352240 0.871082 0.057104 0.057104
0 0.666055 0.717906 0.052757 0.052757
0 0.439171 0.867339 0.057104 0.057104
0 0.409225 0.098502 0.057104 0.057104
0 0.662023 0.993858 0.071945 0.071945
0 0.658969 0.319188 0.062220 0.062220
0 0.951903 0.505864 0.061131 0.061131
0 0.771118 0.800189 0.071945 0.071945
0 0.136540 0.170450 0.104277 0.104277
0 0.120582 0.612637 0.071945 0.071945
0 0.050337 0.605552 0.057104 0.057104
0 0.630853 0.003222 0.061131 0.061131
0 0.318390 0.771544 0.057104 0.057104
0 0.943506 0.033148 0.104277 0.104277
0 0.155937 0.034599 0.057104 0.057104
0 0.346990 0.253633 0.057104 0.057104
0 0.733242 0.960307 0.057104 0.057104
0 0.465579 0.535735 0.061130 0.061130
0 0.380154 0.014929 0.104277 0.104277
0 0.267013 0.296068 0.052757 0.052757
0 0.053869 0.939312 0.071945 0.071945
0 0.020188 0.319410 0.062220 0.062220
0 0.756348 0.148606 0.071945 0.071945
0 0.737716 0.600025 0.104277 0.104277
0 0.192254 0.099098 0.057104 0.057104
0 0.349408 0.348133 0.057104 0.057104
0 0.251513 0.735496 0.104277 0.104277
0 0.115553 0.513674 0.057104 0.057104
0 0.357269 0.515421 0.057104 0.057104
0 0.022908 0.690803 0.057104 0.057104
0 0.397798 0.177462 0.052757 0.052757
0 0.468989 0.246543 0.104277 0.104277
0 0.225835 0.629758 0.104277 0.104277
0 0.509878 0.747161 0.052757 0.052757
0 0.953226 0.736515 0.062220 0.062220
0 0.240928 0.822058 0.104277 0.104277
0 0.030392 0.523057 0.052757 0.052757
0 0.770156 0.283020 0.061131 0.061131
0 0.225093 0.535027 0.052757 0.052757
0 0.042004 0.454348 0.061130 0.061130
0 0.184325 0.972141 0.052757 0.052757
0 0.410457 0.448520 0.104277 0.104277
0 0.545766 0.331717 0.061130 0.061130
0 0.281679 0.186148 0.057104 0.057104
0 0.110958 0.369166 0.071945 0.071945
0 0.628252 0.229505 0.104277 0.104277
0 0.841133 0.113965 0.062220 0.062220
0 0.533177 0.066868 0.062220 0.062220
0 0.859695 0.353399 0.057104 0.057104
0 0.390900 0.944827 0.071945 0.071945
0 0.315845 0.697797 0.062220 0.062220
0 0.093757 0.110316 0.052757 0.052757
0 0.630177 0.637494 0.052757 0.052757
0 0.622944 0.407831 0.062220 0.062220
0 0.276777 0.903494 0.104277 0.104277
0 0.983181 0.312023 0.071945 0.071945
0 0.426121 0.322241 0.061130 0.061130
0 0.587709 0.471449 0.104278 0.104278
0 0.670626 0.138469 0.061131 0.061131
0 0.837852 0.535620 0.062220 0.062220
0 0.112585 0.718289 0.057104 0.057104
0 0.423093 0.727196 0.057104 0.057104
0 0.644727 0.537360 0.062220 0.062220
0 0.523284 0.651936 0.057104 0.057104
0 0.247561 0.049050 0.061130 0.061130
0 0.112349 0.796398 0.061130 0.061130
0 0.042186 0.783677 0.062220 0.062220
0 0.889313 0.286447 0.052757 0.052757
0 0.387201 0.801661 0.048997 0.048997
0 0.676647 0.469731 0.071945 0.071945
0 0.590227 0.706292 0.062220 0.062220
0 0.920278 0.129604 0.057104 0.057104
0 0.487560 0.124497 0.061130 0.061130
0 0.323870 0.432843 0.057104 0.057104
0 0.522286 0.429529 0.104277 0.104277
0 0.198628 0.423192 0.104277 0.104277
0 0.854081 0.203290 0.057104 0.057104
0 0.586209 0.947653 0.062220 0.062220
0 0.716848 0.526657 0.052757 0.052757
0 0.528319 0.197410 0.061130 0.061130
0 0.826272 0.020748 0.052757 0.052757
0 0.589786 0.857842 0.061131 0.061131
0 0.705300 0.239431 0.071945 0.071945
0 0.010747 0.868217 0.071945 0.071945
0 0.222755 0.228269 0.062220 0.062220
0 0.573765 0.136220 0.071945 0.071945
0 0.164560 0.896038 0.104277 0.104277
0 0.004025 0.151425 0.104277 0.104277
0 0.122566 0.287124 0.052757 0.052757
0 0.009427 0.031720 0.057104 0.057104
0 0.305002 0.619905 0.057104 0.057104
0 0.069817 0.212581 0.062220 0.062220
0 0.713829 0.010448 0.052757 0.052757
0 0.517294 0.954647 0.071945 0.071945
0 0.805657 0.413040 0.061131 0.061131