0 0.138302 0.013255 0.104278 0.104278
0 0.392345 0.605032 0.071945 0.071945
0 0.667466 0.573011 0.071945 0.071945
0 0.947844 0.313332 0.071945 0.071945
0 0.193958 0.450377 0.104277 0.104277
0 0.699594 0.688381 0.052757 0.052757
0 0.256446 0.174603 0.052757 0.052757
0 0.401029 0.975364 0.061130 0.061130
0 0.937877 0.795535 0.061131 0.061131
0 0.843754 0.911869 0.062220 0.062220
0 0.436743 0.361349 0.061130 0.061130
0 0.843021 0.486326 0.104277 0.104277
0 0.287093 0.871745 0.104277 0.104277
0 0.245954 0.993356 0.104277 0.104277
0 0.869744 0.100479 0.062220 0.062220
0 0.155740 0.124060 0.052757 0.052757
0 0.609687 0.323225 0.071945 0.071945
0 0.176811 0.295287 0.052757 0.052757
0 0.290494 0.624487 0.062220 0.062220
0 0.253118 0.370422 0.071945 0.071945
0 0.002719 0.375948 0.104277 0.104277
0 0.719909 0.934665 0.104277 0.104277
0 0.315847 0.796745 0.057104 0.057104
0 0.810017 0.649445 0.104277 0.104277
0 0.765156 0.840564 0.071945 0.071945
0 0.975214 0.733188 0.052757 0.052757
0 0.388534 0.195979 0.104277 0.104277
0 0.688395 0.442083 0.104277 0.104277
0 0.806174 0.253276 0.071945 0.071945
0 0.384194 0.779181 0.104277 0.104277
0 0.801408 0.993323 0.052757 0.052757
0 0.810921 0.184830 0.062220 0.062220
0 0.269547 0.720243 0.061130 0.061130
0 0.148852 0.762117 0.057104 0.057104
0 0.053827 0.522003 0.104277 0.104277
0 0.748877 0.380581 0.057104 0.057104
0 0.791844 0.554256 0.062220 0.062220
0 0.544586 0.681443 0.052757 0.052757
0 0.691594 0.312365 0.062220 0.062220
0 0.086368 0.868875 0.057104 0.057104
0 0.202344 0.898966 0.104277 0.104277
0 0.511803 0.868311 0.071945 0.071945
0 0.877243 0.285058 0.061130 0.061130
0 0.721807 0.783320 0.102474 0.102474
0 0.330991 0.446711 0.052757 0.052757
0 0.616143 0.775495 0.104277 0.104277
0 0.141015 0.369466 0.104277 0.104277
0 0.088312 0.231112 0.057104 0.057104
0 0.293649 0.312716 0.052757 0.052757
0 0.488124 0.064151 0.054783 0.054783
0 0.624967 0.509287 0.062220 0.062220
0 0.468654 0.584837 0.061131 0.061131
0 0.427047 0.513288 0.071945 0.071945
0 0.456226 0.176317 0.071945 0.071945
0 0.215248 0.631837 0.062220 0.062220
0 0.456486 0.247141 0.061130 0.061130
0 0.013027 0.043166 0.061130 0.061130
0 0.430193 0.836148 0.057104 0.057104
0 0.167889 0.972687 0.057104 0.057104
0 0.071029 0.157704 0.052757 0.052757
0 0.749982 0.064884 0.061131 0.061131
0 0.336506 0.072819 0.057104 0.057104
0 0.242915 0.789675 0.104277 0.104277
0 0.111576 0.483458 0.071945 0.071945
0 0.911489 0.542232 0.045227 0.045227
0 0.545877 0.590559 0.052757 0.052757
0 0.966731 0.025307 0.071945 0.071945
0 0.972113 0.163832 0.104278 0.104278
0 0.255423 0.550097 0.061130 0.061130
0 0.967154 0.446027 0.061130 0.061130
0 0.063496 0.308887 0.057104 0.057104
0 0.528986 0.797669 0.062220 0.062220
0 0.473409 0.977428 0.104277 0.104277
0 0.065961 0.739406 0.062220 0.062220
0 0.043306 0.593262 0.071945 0.071945
0 0.580639 0.164809 0.052757 0.052757
0 0.826671 0.037989 0.062220 0.062220
0 0.268316 0.244026 0.104277 0.104277
0 0.301502 0.941081 0.062220 0.062220
0 0.623503 0.404320 0.052757 0.052757
0 0.175715 0.830428 0.071945 0.071945
0 0.004603 0.119801 0.104277 0.104277
0 0.535550 0.456184 0.052757 0.052757
0 0.355087 0.522571 0.057104 0.057104
0 0.208147 0.041450 0.104277 0.104277
0 0.825560 0.389724 0.061131 0.061131
0 0.731197 0.253987 0.057104 0.057104
0 0.452351 0.903150 0.104277 0.104277
0 0.924315 0.888894 0.061131 0.061131
0 0.564484 0.050900 0.104277 0.104277
0 0.622572 0.682620 0.055027 0.055027
0 0.754764 0.483442 0.061131 0.061131
0 0.413263 0.711533 0.062220 0.062220
0 0.832601 0.786798 0.104277 0.104277
0 0.268630 0.477561 0.050559 0.050559
0 0.562852 0.975696 0.052757 0.052757
0 0.397769 0.420340 0.061130 0.061130
0 0.527040 0.240712 0.071945 0.071945
0 0.629027 0.095098 0.057104 0.057104
0 0.083032 0.951908 0.052757 0.052757
0 0.669073 0.152236 0.104277 0.104277
0 0.369253 0.868496 0.071945 0.071945
0 0.170272 0.213117 0.061131 0.061131
0 0.017379 0.254442 0.104277 0.104277
0 0.525840 0.335265 0.071945 0.071945
0 0.485302 0.724343 0.104277 0.104277
0 0.402002 0.030424 0.104277 0.104277
0 0.649312 0.868600 0.061130 0.061130
0 0.009807 0.947186 0.052757 0.052757
0 0.912683 0.403218 0.052757 0.052757
0 0.092284 0.083169 0.071945 0.071945
0 0.332485 0.149389 0.071945 0.071945
0 0.043479 0.812572 0.061130 0.061130
0 0.638749 0.243840 0.104277 0.104277
0 0.363192 0.287329 0.104277 0.104277
0 0.127685 0.607243 0.052757 0.052757
0 0.914958 0.209385 0.061131 0.061131
0 0.887340 0.735472 0.057104 0.057104
0 0.901290 0.659389 0.088662 0.088662