0 0.821630 0.378617 0.071945 0.071945
0 0.616807 0.882036 0.104277 0.104277
0 0.806909 0.846564 0.104277 0.104277
0 0.720364 0.492894 0.062220 0.062220
0 0.853342 0.490841 0.057104 0.057104
0 0.886153 0.416149 0.052757 0.052757
0 0.769939 0.756321 0.057104 0.057104
0 0.698099 0.607804 0.104277 0.104277
0 0.680402 0.959700 0.104277 0.104277
0 0.683293 0.798280 0.061131 0.061131
0 0.922831 0.049506 0.061130 0.061130
0 0.693101 0.422187 0.052757 0.052757
0 0.566509 0.721813 0.071945 0.071945
0 0.783518 0.622092 0.062220 0.062220
0 0.454070 0.923078 0.052757 0.052757
0 0.841675 0.743343 0.071945 0.071945
0 0.923472 0.513884 0.071945 0.071945
0 0.280093 0.910381 0.061131 0.061131
0 0.084268 0.183677 0.070161 0.070161
0 0.785260 0.442497 0.071945 0.071945
0 0.775087 0.934150 0.061130 0.061130
0 0.215219 0.831688 0.062220 0.062220
0 0.953773 0.277233 0.061131 0.061131
0 0.557380 0.951817 0.057104 0.057104
0 0.972407 0.452097 0.071945 0.071945
0 0.354182 0.274874 0.071945 0.071945
0 0.635581 0.182250 0.061130 0.061130
0 0.169975 0.213430 0.062220 0.062220
0 0.624294 0.545622 0.071945 0.071945
0 0.187103 0.515722 0.061131 0.061131
0 0.474743 0.426773 0.061130 0.061130
0 0.984973 0.375460 0.071945 0.071945
0 0.499756 0.545648 0.104277 0.104277
0 0.206546 0.277266 0.104277 0.104277
0 0.121005 0.122901 0.061130 0.061130
0 0.967785 0.873727 0.057104 0.057104
0 0.250515 0.412192 0.071945 0.071945
0 0.623672 0.677325 0.104277 0.104277
0 0.915760 0.621025 0.104278 0.104278
0 0.508126 0.099094 0.061130 0.061130
0 0.604680 0.078195 0.057104 0.057104
0 0.314731 0.008706 0.071945 0.071945
0 0.101566 0.346493 0.104277 0.104277
0 0.865111 0.190529 0.057104 0.057104
0 0.202430 0.091090 0.057104 0.057104
0 0.312598 0.661106 0.071945 0.071945
0 0.667792 0.026147 0.062220 0.062220
0 0.062357 0.053403 0.071945 0.071945
0 0.025239 0.759043 0.104277 0.104277
0 0.326406 0.795520 0.061131 0.061131
0 0.102016 0.844217 0.061130 0.061130
0 0.184502 0.742005 0.104277 0.104277
0 0.720265 0.283467 0.062220 0.062220
0 0.683840 0.345034 0.062220 0.062220
0 0.235850 0.156729 0.062220 0.062220
0 0.397383 0.626465 0.062220 0.062220
0 0.920117 0.927729 0.052757 0.052757
0 0.089427 0.579368 0.062220 0.062220
0 0.415945 0.865899 0.057104 0.057104
0 0.505535 0.016382 0.061131 0.061131
0 0.280414 0.340667 0.061131 0.061131
0 0.179194 0.920331 0.062220 0.062220
0 0.184258 0.377985 0.061131 0.061131
0 0.452799 0.152189 0.071945 0.071945
0 0.539431 0.824523 0.071945 0.071945
0 0.143959 0.983949 0.104278 0.104278
0 0.967479 0.152527 0.061131 0.061131
0 0.147242 0.456148 0.052757 0.052757
0 0.226876 0.650969 0.061131 0.061131
0 0.645992 0.272181 0.052757 0.052757
0 0.444430 0.348511 0.057104 0.057104
0 0.052209 0.256181 0.052757 0.052757
0 0.745533 0.015574 0.052757 0.052757
0 0.299355 0.189844 0.071945 0.071945
0 0.957203 0.703067 0.057104 0.057104
0 0.838143 0.673187 0.057104 0.057104
0 0.562341 0.165719 0.052757 0.052757
0 0.695513 0.697073 0.052757 0.052757
0 0.380529 0.051847 0.071945 0.071945
0 0.025293 0.481563 0.104277 0.104277
0 0.445563 0.798947 0.052757 0.052757
0 0.232897 0.982231 0.071945 0.071945
0 0.582274 0.363087 0.071945 0.071945
0 0.484236 0.277658 0.062220 0.062220
0 0.815691 0.073089 0.052559 0.052559
0 0.476528 0.642104 0.057104 0.057104
0 0.043810 0.636997 0.061130 0.061130
0 0.310935 0.112894 0.071945 0.071945
0 0.078536 0.942029 0.104277 0.104277
0 0.858365 0.309446 0.062220 0.062220
0 0.410331 0.715790 0.057104 0.057104
0 0.316180 0.463811 0.104277 0.104277
0 0.084569 0.709910 0.061130 0.061130
0 0.382522 0.533248 0.052757 0.052757
0 0.261550 0.751931 0.071945 0.071945
0 0.551192 0.301250 0.104277 0.104277
0 0.389677 0.398792 0.071945 0.071945
0 0.403650 0.208806 0.104277 0.104277
0 0.937905 0.806532 0.061130 0.061130
0 0.027476 0.394412 0.057104 0.057104
0 0.130015 0.648720 0.071945 0.071945
0 0.134582 0.054455 0.057103 0.057103
0 0.762617 0.152895 0.071945 0.071945
0 0.918494 0.343674 0.104278 0.104278
0 0.606433 0.461992 0.104277 0.104277
0 0.663210 0.116685 0.052757 0.052757
0 0.270079 0.522948 0.052757 0.052757
0 0.564514 0.640102 0.062220 0.062220
0 0.361907 0.925540 0.061131 0.061131