0 0.609130 0.531742 0.071945 0.071945
0 0.594409 0.999689 0.104277 0.104277
0 0.507864 0.646019 0.062220 0.062220
0 0.640842 0.643966 0.057104 0.057104
0 0.673653 0.569274 0.052757 0.052757
0 0.557439 0.909446 0.057104 0.057104
0 0.485599 0.760929 0.104277 0.104277
0 0.470793 0.951405 0.061131 0.061131
0 0.739902 0.065418 0.061130 0.061130
0 0.710331 0.202631 0.061130 0.061130
0 0.320118 0.079087 0.052757 0.052757
0 0.413331 0.026161 0.052757 0.052757
0 0.480601 0.575312 0.052757 0.052757
0 0.354009 0.874938 0.071945 0.071945
0 0.571018 0.775217 0.062220 0.062220
0 0.629175 0.896468 0.071945 0.071945
0 0.710972 0.667009 0.071945 0.071945
0 0.572760 0.595622 0.071945 0.071945
0 0.002719 0.984813 0.062220 0.062220
0 0.741273 0.430358 0.061131 0.061131
0 0.759907 0.605222 0.071945 0.071945
0 0.141682 0.427999 0.071945 0.071945
0 0.423081 0.335375 0.061130 0.061130
0 0.239341 0.115377 0.062220 0.062220
0 0.411794 0.698747 0.071945 0.071945
0 0.262243 0.579898 0.061130 0.061130
0 0.772473 0.528585 0.071945 0.071945
0 0.287256 0.698773 0.104277 0.104277
0 0.169241 0.082782 0.052757 0.052757
0 0.038015 0.565317 0.071945 0.071945
0 0.411172 0.830450 0.104277 0.104277
0 0.703260 0.774150 0.104278 0.104278
0 0.295626 0.252219 0.061130 0.061130
0 0.392180 0.231320 0.057104 0.057104
0 0.102231 0.161831 0.071945 0.071945
0 0.652611 0.343654 0.057104 0.057104
0 0.100098 0.814231 0.071945 0.071945
0 0.300125 0.002699 0.057104 0.057104
0 0.455292 0.179272 0.062220 0.062220
0 0.113906 0.948645 0.061131 0.061131
0 0.507765 0.436592 0.062220 0.062220
0 0.087521 0.064360 0.052757 0.052757
0 0.471340 0.498159 0.062220 0.062220
0 0.023350 0.309854 0.062220 0.062220
0 0.184883 0.779590 0.062220 0.062220
0 0.568536 0.029375 0.071945 0.071945
0 0.293035 0.169507 0.061131 0.061131
0 0.067914 0.493792 0.061131 0.061131
0 0.683815 0.120907 0.104278 0.104278
0 0.240299 0.305314 0.071945 0.071945
0 0.151764 0.002575 0.062220 0.062220
0 0.326931 0.977648 0.071945 0.071945
0 0.754979 0.305652 0.061131 0.061131
0 0.014376 0.804094 0.061131 0.061131
0 0.433492 0.425306 0.052757 0.052757
0 0.231930 0.501636 0.057104 0.057104
0 0.533033 0.168699 0.052757 0.052757
0 0.086855 0.342969 0.071945 0.071945
0 0.744703 0.856192 0.057104 0.057104
0 0.625643 0.826312 0.057104 0.057104
0 0.349841 0.318844 0.052757 0.052757
0 0.483013 0.850198 0.052757 0.052757
0 0.168029 0.204972 0.071945 0.071945
0 0.600886 0.110177 0.062220 0.062220
0 0.233063 0.952072 0.052757 0.052757
0 0.369774 0.516212 0.071945 0.071945
0 0.271736 0.430783 0.062220 0.062220
0 0.470452 0.070958 0.071945 0.071945
0 0.603191 0.226214 0.052559 0.052559
0 0.264028 0.795229 0.057104 0.057104
0 0.098435 0.266019 0.071945 0.071945
0 0.645865 0.462571 0.062220 0.062220
0 0.197831 0.868915 0.057104 0.057104
0 0.103680 0.616936 0.104277 0.104277
0 0.170022 0.686373 0.052757 0.052757
0 0.049050 0.905056 0.071945 0.071945
0 0.338692 0.454375 0.104277 0.104277
0 0.177177 0.551917 0.071945 0.071945
0 0.191150 0.361931 0.104277 0.104277
0 0.725405 0.959657 0.061130 0.061130
0 0.550117 0.306020 0.071945 0.071945
0 0.705994 0.496799 0.104278 0.104278
0 0.393933 0.615117 0.104277 0.104277
0 0.450710 0.269810 0.052757 0.052757
0 0.057579 0.676073 0.052757 0.052757
0 0.352014 0.793227 0.062220 0.062220
0 0.403406 0.119152 0.061131 0.061131