0 0.637717 0.102602 0.104277 0.104277
0 0.310177 0.310130 0.104278 0.104278
0 0.564220 0.901907 0.071945 0.071945
0 0.788007 0.100278 0.062220 0.062220
0 0.839341 0.869886 0.071945 0.071945
0 0.365833 0.747252 0.104277 0.104277
0 0.871469 0.985256 0.052757 0.052757
0 0.428321 0.471478 0.052757 0.052757
0 0.608618 0.658224 0.061130 0.061130
0 0.100812 0.828446 0.052757 0.052757
0 0.112504 0.914995 0.104277 0.104277
0 0.327615 0.420935 0.052757 0.052757
0 0.781562 0.620100 0.071945 0.071945
0 0.348686 0.592162 0.052757 0.052757
0 0.462369 0.921362 0.062220 0.062220
0 0.092237 0.741025 0.104277 0.104277
0 0.631841 0.017417 0.057104 0.057104
0 0.424993 0.667297 0.071945 0.071945
0 0.174594 0.672823 0.104277 0.104277
0 0.667703 0.204053 0.051819 0.051819
0 0.098761 0.641883 0.061130 0.061130
0 0.981892 0.946320 0.104277 0.104277
0 0.847851 0.147766 0.052757 0.052757
0 0.005832 0.539840 0.104277 0.104277
0 0.038681 0.013436 0.057104 0.057104
0 0.560409 0.492854 0.104277 0.104277
0 0.860270 0.738958 0.104277 0.104277
0 0.978049 0.550151 0.071945 0.071945
0 0.909127 0.096281 0.057103 0.057103
0 0.982796 0.481705 0.062220 0.062220
0 0.225702 0.818878 0.104277 0.104277
0 0.920752 0.677456 0.057104 0.057104
0 0.963719 0.851131 0.062220 0.062220
0 0.716461 0.978318 0.052757 0.052757
0 0.863469 0.609240 0.062220 0.062220
0 0.260023 0.221568 0.052757 0.052757
0 0.943781 0.213621 0.104277 0.104277
0 0.104988 0.992150 0.057104 0.057104
0 0.743544 0.274397 0.104277 0.104277
0 0.738681 0.201104 0.071945 0.071945
0 0.021184 0.779805 0.052757 0.052757
0 0.502866 0.743586 0.052757 0.052757
0 0.445152 0.213813 0.052757 0.052757
0 0.312890 0.666341 0.104277 0.104277
0 0.260187 0.527987 0.057104 0.057104
0 0.465524 0.609591 0.052757 0.052757
0 0.659999 0.361026 0.054783 0.054783
0 0.796842 0.806162 0.062220 0.062220
0 0.640529 0.881712 0.061131 0.061131
0 0.827551 0.294938 0.057103 0.057103
0 0.163355 0.751973 0.061130 0.061130
0 0.598922 0.810163 0.071945 0.071945
0 0.628101 0.473192 0.071945 0.071945
0 0.387123 0.928712 0.062220 0.062220
0 0.628361 0.544016 0.061130 0.061130
0 0.411225 0.134444 0.071945 0.071945
0 0.184902 0.340041 0.061130 0.061130
0 0.076255 0.238883 0.071945 0.071945
0 0.242904 0.454579 0.052757 0.052757
0 0.921857 0.361759 0.061131 0.061131
0 0.508381 0.369694 0.057104 0.057104
0 0.873035 0.229640 0.061131 0.061131
0 0.283451 0.780333 0.071945 0.071945
0 0.065159 0.407176 0.061130 0.061130
0 0.035828 0.323511 0.062220 0.062220
0 0.717752 0.887434 0.052757 0.052757
0 0.179598 0.174697 0.062220 0.062220
0 0.295259 0.003697 0.061130 0.061130
0 0.427298 0.846972 0.061130 0.061130
0 0.522576 0.247820 0.052757 0.052757
0 0.085197 0.569477 0.052757 0.052757
0 0.235371 0.605762 0.057104 0.057104
0 0.215181 0.890137 0.071945 0.071945
0 0.543730 0.058366 0.071945 0.071945
0 0.752514 0.461684 0.052757 0.052757
0 0.234025 0.112084 0.061130 0.061130
0 0.334118 0.204620 0.057104 0.057104
0 0.226267 0.028402 0.104277 0.104277
0 0.433719 0.282236 0.062220 0.062220
0 0.998546 0.334864 0.062220 0.062220
0 0.430886 0.009030 0.104277 0.104277
0 0.440191 0.540901 0.104277 0.104277
0 0.795378 0.701195 0.052757 0.052757
0 0.176478 0.416676 0.104277 0.104277
0 0.707425 0.753059 0.052757 0.052757
0 0.137124 0.270697 0.071945 0.071945
0 0.526962 0.819446 0.057104 0.057104
0 0.380022 0.338325 0.104277 0.104277
0 0.858918 0.018724 0.104277 0.104277
0 0.534855 0.142282 0.057104 0.057104
0 0.018062 0.178861 0.050932 0.050932
0 0.997435 0.686599 0.061131 0.061131
0 0.903072 0.550862 0.057104 0.057104
0 0.922107 0.285363 0.071945 0.071945
0 0.345030 0.116537 0.057104 0.057104
0 0.736359 0.347775 0.104277 0.104277
0 0.794447 0.979495 0.055027 0.055027
0 0.926639 0.780317 0.061131 0.061131
0 0.128599 0.067001 0.061130 0.061130
0 0.440505 0.774436 0.050559 0.050559
0 0.569644 0.717215 0.061130 0.061130
0 0.698915 0.537587 0.071945 0.071945
0 0.800902 0.391973 0.057104 0.057104
0 0.840948 0.449111 0.104277 0.104277
0 0.342147 0.509992 0.061131 0.061131
0 0.189254 0.551317 0.104277 0.104277
0 0.697715 0.632140 0.071945 0.071945
0 0.646440 0.293072 0.052757 0.052757
0 0.573877 0.327299 0.104277 0.104277
0 0.089391 0.163686 0.062220 0.062220
0 0.264159 0.380044 0.071945 0.071945
0 0.095152 0.491073 0.061130 0.061130
0 0.504360 0.446264 0.071945 0.071945
0 0.810624 0.540715 0.104277 0.104277
0 0.535067 0.584204 0.104277 0.104277
0 0.299560 0.904118 0.052757 0.052757
0 0.709326 0.063845 0.057104 0.057104
0 0.044049 0.089241 0.071945 0.071945
0 0.034951 0.848783 0.104277 0.104277
0 0.979077 0.146576 0.061131 0.061131