0 0.367995 0.238448 0.062220 0.062220
0 0.116987 0.541481 0.104277 0.104277
0 0.145045 0.951437 0.057103 0.057103
0 0.916993 0.016587 0.052757 0.052757
0 0.950884 0.812438 0.071945 0.071945
0 0.322069 0.297290 0.062220 0.062220
0 0.468643 0.274302 0.070161 0.070161
0 0.099363 0.265914 0.104278 0.104278
0 0.349850 0.701627 0.057104 0.057104
0 0.599594 0.922313 0.062220 0.062220
0 0.077165 0.773575 0.104277 0.104277
0 0.738557 0.365499 0.071945 0.071945
0 0.836216 0.052877 0.062220 0.062220
0 0.258044 0.245426 0.071945 0.071945
0 0.554350 0.304055 0.062220 0.062220
0 0.571478 0.606347 0.061131 0.061131
0 0.859118 0.517398 0.061130 0.061130
0 0.232464 0.014006 0.062220 0.062220
0 0.884131 0.636273 0.104277 0.104277
0 0.590921 0.367891 0.104277 0.104277
0 0.766116 0.020282 0.052757 0.052757
0 0.505380 0.213526 0.061130 0.061130
0 0.096562 0.637724 0.057104 0.057104
0 0.218265 0.096767 0.071945 0.071945
0 0.287615 0.856758 0.057104 0.057104
0 0.045132 0.586593 0.104277 0.104277
0 0.634890 0.502817 0.071945 0.071945
0 0.152569 0.035768 0.104277 0.104277
0 0.096031 0.148205 0.057104 0.057104
0 0.088114 0.011504 0.071945 0.071945
0 0.892501 0.189719 0.061130 0.061130
0 0.320779 0.618054 0.104277 0.104277
0 0.989055 0.168820 0.057104 0.057104
0 0.699106 0.099331 0.071945 0.071945
0 0.207638 0.899193 0.052757 0.052757
0 0.011493 0.455541 0.052757 0.052757
0 0.485941 0.437118 0.104277 0.104277
0 0.586805 0.181715 0.057104 0.057104
0 0.278554 0.438902 0.062220 0.062220
0 0.696973 0.751731 0.071945 0.071945
0 0.132879 0.702223 0.057104 0.057104
0 0.290033 0.951258 0.057104 0.057104
0 0.557277 0.083846 0.071945 0.071945
0 0.446732 0.144028 0.071945 0.071945
0 0.338423 0.780587 0.052757 0.052757
0 0.409614 0.849668 0.104277 0.104277
0 0.378171 0.418779 0.062220 0.062220
0 0.308374 0.079082 0.052757 0.052757
0 0.710781 0.886145 0.061131 0.061131
0 0.185696 0.341906 0.071945 0.071945
0 0.486391 0.934842 0.061130 0.061130
0 0.176362 0.577690 0.052757 0.052757
0 0.222304 0.789273 0.057104 0.057104
0 0.051583 0.972291 0.071945 0.071945
0 0.568877 0.832630 0.104277 0.104277
0 0.684396 0.001860 0.052757 0.052757
0 0.620225 0.247354 0.062220 0.062220
0 0.781758 0.717090 0.062220 0.062220
0 0.473802 0.669993 0.062220 0.062220
0 0.800320 0.956524 0.057104 0.057104
0 0.889910 0.107007 0.061131 0.061131
0 0.034382 0.713441 0.052757 0.052757
0 0.363971 0.134193 0.052757 0.052757
0 0.664789 0.431292 0.061131 0.061131
0 0.568633 0.468610 0.061131 0.061131
0 0.837174 0.242814 0.071945 0.071945
0 0.441588 0.044410 0.057104 0.057104
0 0.923806 0.915148 0.071945 0.071945
0 0.366746 0.925366 0.061130 0.061130
0 0.058098 0.087104 0.062220 0.062220
0 0.531617 0.546773 0.052757 0.052757
0 0.611251 0.741594 0.061131 0.061131
0 0.828805 0.439136 0.057104 0.057104
0 0.436584 0.346806 0.052757 0.052757
0 0.683730 0.280469 0.071945 0.071945
0 0.946716 0.256344 0.052757 0.052757
0 0.764904 0.142472 0.071945 0.071945
0 0.409668 0.572188 0.104277 0.104277
0 0.188186 0.652175 0.061130 0.061130
0 0.132037 0.472091 0.104277 0.104277
0 0.094738 0.342991 0.052757 0.052757
0 0.829938 0.889572 0.052757 0.052757
0 0.966649 0.453712 0.071945 0.071945
0 0.315237 0.376754 0.057104 0.057104
0 0.868611 0.368283 0.062220 0.062220
0 0.197622 0.501180 0.071945 0.071945
0 0.273766 0.141617 0.104277 0.104277
0 0.860903 0.732729 0.057104 0.057104
0 0.428185 0.727622 0.061130 0.061130
0 0.695310 0.203519 0.071945 0.071945
0 0.191759 0.263684 0.056505 0.056505
0 0.794706 0.806415 0.057104 0.057104
0 0.700555 0.554436 0.104277 0.104277
0 0.468944 0.800535 0.061130 0.061130
0 0.766897 0.623873 0.052757 0.052757
0 0.645925 0.842556 0.071945 0.071945
0 0.935567 0.391875 0.104277 0.104277
0 0.774052 0.489417 0.071945 0.071945
0 0.788025 0.299431 0.104277 0.104277
0 0.411851 0.485037 0.057104 0.057104
0 0.186056 0.194995 0.061130 0.061130
0 0.163380 0.831394 0.062220 0.062220
0 0.514390 0.739345 0.071945 0.071945
0 0.518957 0.145080 0.057103 0.057103
0 0.262573 0.526336 0.057104 0.057104
0 0.063191 0.890249 0.052757 0.052757
0 0.002886 0.006047 0.061130 0.061130
0 0.990808 0.552617 0.104277 0.104277
0 0.010442 0.815706 0.062220 0.062220
0 0.654454 0.613573 0.052757 0.052757
0 0.948889 0.730727 0.062220 0.062220