0 0.232535 0.827052 0.062220 0.062220
0 0.904793 0.987089 0.052757 0.052757
0 0.151362 0.291481 0.104277 0.104277
0 0.179420 0.701437 0.057103 0.057103
0 0.348473 0.948728 0.071945 0.071945
0 0.985259 0.562438 0.071945 0.071945
0 0.875973 0.924528 0.057104 0.057104
0 0.872820 0.763703 0.052757 0.052757
0 0.983974 0.901966 0.061130 0.061130
0 0.356444 0.047290 0.062220 0.062220
0 0.698843 0.751006 0.061131 0.061131
0 0.503018 0.024302 0.070161 0.070161
0 0.133738 0.015914 0.104278 0.104278
0 0.384225 0.451627 0.057104 0.057104
0 0.633969 0.672313 0.062220 0.062220
0 0.926903 0.858989 0.061131 0.061131
0 0.111540 0.523575 0.104277 0.104277
0 0.976130 0.792442 0.057104 0.057104
0 0.772932 0.115499 0.071945 0.071945
0 0.095582 0.965762 0.071945 0.071945
0 0.025337 0.958677 0.057104 0.057104
0 0.588725 0.054055 0.062220 0.062220
0 0.605853 0.356347 0.061131 0.061131
0 0.893493 0.267398 0.061130 0.061130
0 0.918506 0.386273 0.104277 0.104277
0 0.625296 0.117891 0.104277 0.104277
0 0.033834 0.053493 0.071945 0.071945
0 0.130937 0.387724 0.057104 0.057104
0 0.321990 0.606758 0.057104 0.057104
0 0.079507 0.336593 0.104277 0.104277
0 0.669265 0.252817 0.071945 0.071945
0 0.440579 0.888860 0.061130 0.061130
0 0.355154 0.368054 0.104277 0.104277
0 0.242013 0.649193 0.052757 0.052757
0 0.045868 0.205541 0.052757 0.052757
0 0.520316 0.187118 0.104277 0.104277
0 0.312929 0.188902 0.062220 0.062220
0 0.731348 0.501731 0.071945 0.071945
0 0.712716 0.953150 0.104277 0.104277
0 0.167254 0.452223 0.057104 0.057104
0 0.324408 0.701258 0.057104 0.057104
0 0.090553 0.866799 0.057104 0.057104
0 0.332269 0.868546 0.057104 0.057104
0 0.372798 0.530587 0.052757 0.052757
0 0.443989 0.599668 0.104277 0.104277
0 0.412546 0.168779 0.062220 0.062220
0 0.200835 0.982883 0.104277 0.104277
0 0.005392 0.876182 0.052757 0.052757
0 0.745156 0.636145 0.061131 0.061131
0 0.200093 0.888152 0.052757 0.052757
0 0.017004 0.807473 0.061130 0.061130
0 0.220071 0.091906 0.071945 0.071945
0 0.385457 0.801645 0.104277 0.104277
0 0.520766 0.684842 0.061130 0.061130
0 0.210737 0.327690 0.052757 0.052757
0 0.256679 0.539273 0.057104 0.057104
0 0.085958 0.722291 0.071945 0.071945
0 0.603252 0.582630 0.104277 0.104277
0 0.816133 0.467090 0.062220 0.062220
0 0.508177 0.419993 0.062220 0.062220
0 0.834695 0.706524 0.057104 0.057104
0 0.068757 0.463441 0.052757 0.052757
0 0.699164 0.181292 0.061131 0.061131
0 0.605177 0.990619 0.052757 0.052757
0 0.597944 0.760956 0.062220 0.062220
0 0.603008 0.218610 0.061131 0.061131
0 0.958181 0.665148 0.071945 0.071945
0 0.401121 0.675366 0.061130 0.061130
0 0.562709 0.824574 0.104278 0.104278
0 0.565992 0.296773 0.052757 0.052757
0 0.645626 0.491594 0.061131 0.061131
0 0.863180 0.189136 0.057104 0.057104
0 0.470959 0.096806 0.052757 0.052757
0 0.812852 0.888745 0.062220 0.062220
0 0.718105 0.030469 0.071945 0.071945
0 0.981091 0.006344 0.052757 0.052757
0 0.619727 0.890485 0.062220 0.062220
0 0.444043 0.322188 0.104277 0.104277
0 0.222561 0.402175 0.061130 0.061130
0 0.166412 0.222091 0.104277 0.104277
0 0.129113 0.092991 0.052757 0.052757
0 0.864313 0.639572 0.052757 0.052757
0 0.651647 0.822856 0.071945 0.071945
0 0.349612 0.126754 0.057104 0.057104
0 0.902986 0.118283 0.062220 0.062220
0 0.231997 0.251180 0.071945 0.071945
0 0.895278 0.482729 0.057104 0.057104
0 0.462560 0.477622 0.061130 0.061130
0 0.298870 0.785968 0.057104 0.057104
0 0.497286 0.782654 0.104277 0.104277
0 0.226134 0.013684 0.056505 0.056505
0 0.173628 0.776317 0.104277 0.104277
0 0.829081 0.556415 0.057104 0.057104
0 0.734930 0.304436 0.104277 0.104277
0 0.691848 0.879782 0.052757 0.052757
0 0.503319 0.550535 0.061130 0.061130
0 0.801272 0.373873 0.052757 0.052757
0 0.680300 0.592556 0.071945 0.071945
0 0.969942 0.141875 0.104277 0.104277
0 0.808427 0.239417 0.071945 0.071945
0 0.822400 0.049431 0.104277 0.104277
0 0.446226 0.235037 0.057104 0.057104
0 0.197755 0.581394 0.062220 0.062220
0 0.548765 0.489345 0.071945 0.071945
0 0.296948 0.276336 0.057104 0.057104
0 0.097566 0.640249 0.052757 0.052757
0 0.280002 0.973030 0.057104 0.057104
0 0.044817 0.565706 0.062220 0.062220
0 0.688829 0.363573 0.052757 0.052757
0 0.983264 0.480727 0.062220 0.062220
0 0.780657 0.766165 0.061131 0.061131