0 0.968505 0.241117 0.071945 0.071945
0 0.763682 0.744536 0.104277 0.104277
0 0.953784 0.709064 0.104277 0.104277
0 0.997973 0.905312 0.057104 0.057104
0 0.867239 0.355394 0.062220 0.062220
0 0.916814 0.618821 0.057104 0.057104
0 0.844974 0.470304 0.104277 0.104277
0 0.827277 0.822200 0.104277 0.104277
0 0.830168 0.660780 0.061131 0.061131
0 0.130495 0.010323 0.062220 0.062220
0 0.839976 0.284687 0.052757 0.052757
0 0.076598 0.970603 0.071945 0.071945
0 0.713384 0.584313 0.071945 0.071945
0 0.930393 0.484592 0.062220 0.062220
0 0.766272 0.879855 0.062220 0.062220
0 0.604098 0.946403 0.057104 0.057104
0 0.600945 0.785578 0.052757 0.052757
0 0.712099 0.923841 0.061130 0.061130
0 0.988550 0.605843 0.071945 0.071945
0 0.084569 0.069165 0.062220 0.062220
0 0.426968 0.772881 0.061131 0.061131
0 0.231143 0.046177 0.070161 0.070161
0 0.932135 0.304997 0.071945 0.071945
0 0.112350 0.473502 0.057104 0.057104
0 0.921962 0.796650 0.061130 0.061130
0 0.362094 0.694188 0.062220 0.062220
0 0.655028 0.880864 0.061131 0.061131
0 0.704255 0.814317 0.057104 0.057104
0 0.501057 0.137374 0.071945 0.071945
0 0.782456 0.044750 0.061130 0.061130
0 0.020544 0.017301 0.071945 0.071945
0 0.316850 0.075930 0.062220 0.062220
0 0.771169 0.408122 0.071945 0.071945
0 0.333978 0.378222 0.061131 0.061131
0 0.621618 0.289273 0.061130 0.061130
0 0.646631 0.408148 0.104277 0.104277
0 0.353421 0.139766 0.104277 0.104277
0 0.050115 0.628633 0.057104 0.057104
0 0.397390 0.274692 0.071945 0.071945
0 0.770547 0.539825 0.104277 0.104277
0 0.168704 0.910735 0.061130 0.061130
0 0.927749 0.871525 0.061130 0.061130
0 0.083279 0.389929 0.104277 0.104277
0 0.248441 0.208993 0.104277 0.104277
0 0.041054 0.210777 0.062220 0.062220
0 0.459473 0.523606 0.071945 0.071945
0 0.440841 0.975025 0.104277 0.104277
0 0.052533 0.723133 0.057104 0.057104
0 0.060394 0.890421 0.057104 0.057104
0 0.100923 0.552462 0.052757 0.052757
0 0.172114 0.621543 0.104277 0.104277
0 0.140671 0.190654 0.062220 0.062220
0 0.473281 0.658020 0.061131 0.061131
0 0.113582 0.823520 0.104277 0.104277
0 0.248891 0.706717 0.061130 0.061130
0 0.331377 0.604505 0.104277 0.104277
0 0.867140 0.145967 0.062220 0.062220
0 0.830715 0.207534 0.062220 0.062220
0 0.382725 0.019229 0.062220 0.062220
0 0.544258 0.488965 0.062220 0.062220
0 0.236302 0.441868 0.062220 0.062220
0 0.562820 0.728399 0.057104 0.057104
0 0.427289 0.203167 0.061131 0.061131
0 0.326069 0.782831 0.062220 0.062220
0 0.331133 0.240485 0.061131 0.061131
0 0.599674 0.014689 0.071945 0.071945
0 0.686306 0.687023 0.071945 0.071945
0 0.129246 0.697241 0.061130 0.061130
0 0.290834 0.846449 0.104278 0.104278
0 0.294117 0.318648 0.052757 0.052757
0 0.373751 0.513469 0.061131 0.061131
0 0.792867 0.134681 0.052757 0.052757
0 0.591305 0.211011 0.057104 0.057104
0 0.199084 0.118681 0.052757 0.052757
0 0.540977 0.910620 0.062220 0.062220
0 0.446230 0.052344 0.071945 0.071945
0 0.985018 0.535687 0.057104 0.057104
0 0.709216 0.028219 0.052757 0.052757
0 0.842388 0.559573 0.052757 0.052757
0 0.347852 0.912360 0.062220 0.062220
0 0.172168 0.344063 0.104277 0.104277
0 0.592438 0.661447 0.052757 0.052757
0 0.379772 0.844731 0.071945 0.071945
0 0.729149 0.225587 0.071945 0.071945
0 0.077737 0.148629 0.057104 0.057104
0 0.631111 0.140158 0.062220 0.062220
0 0.623403 0.504604 0.057104 0.057104
0 0.866383 0.993027 0.057104 0.057104
0 0.190685 0.499497 0.061130 0.061130
0 0.026995 0.807843 0.057104 0.057104
0 0.225411 0.804529 0.104277 0.104277
0 0.557206 0.578290 0.057104 0.057104
0 0.463055 0.326311 0.104277 0.104277
0 0.419973 0.901657 0.052757 0.052757
0 0.231444 0.572410 0.061130 0.061130
0 0.529397 0.395748 0.052757 0.052757
0 0.408425 0.614431 0.071945 0.071945
0 0.698067 0.163750 0.104277 0.104277
0 0.536552 0.261292 0.071945 0.071945
0 0.857788 0.919328 0.104277 0.104277
0 0.550525 0.071306 0.104277 0.104277
0 0.174351 0.256912 0.057104 0.057104
0 0.276890 0.511220 0.071945 0.071945
0 0.909492 0.015395 0.071945 0.071945
0 0.025073 0.298211 0.057104 0.057104
0 0.753308 0.324492 0.104277 0.104277
0 0.927121 0.946923 0.104277 0.104277
0 0.008127 0.994905 0.057104 0.057104
0 0.416954 0.385448 0.052757 0.052757
0 0.711389 0.502602 0.062220 0.062220
0 0.508782 0.788040 0.061131 0.061131