0 0.651285 0.658302 0.062220 0.062220
0 0.575842 0.885518 0.052757 0.052757
0 0.570112 0.122731 0.104277 0.104277
0 0.598170 0.532687 0.057103 0.057103
0 0.767223 0.779978 0.071945 0.071945
0 0.231770 0.505973 0.104277 0.104277
0 0.814471 0.842417 0.061130 0.061130
0 0.369516 0.578332 0.052757 0.052757
0 0.992605 0.966372 0.052757 0.052757
0 0.143240 0.860397 0.104278 0.104278
0 0.802975 0.282877 0.057104 0.057104
0 0.530290 0.354825 0.104277 0.104277
0 0.514332 0.797012 0.071945 0.071945
0 0.444087 0.789927 0.057104 0.057104
0 0.339051 0.287884 0.104277 0.104277
0 0.712140 0.955919 0.057104 0.057104
0 0.549687 0.218974 0.057104 0.057104
0 0.196886 0.309715 0.062220 0.062220
0 0.208551 0.199937 0.062220 0.062220
0 0.740740 0.438008 0.057104 0.057104
0 0.498257 0.167843 0.104277 0.104277
0 0.270196 0.346236 0.062220 0.062220
0 0.859329 0.720110 0.061130 0.061130
0 0.113097 0.340990 0.104278 0.104278
0 0.773904 0.199304 0.104277 0.104277
0 0.660763 0.480443 0.052757 0.052757
0 0.464618 0.036791 0.052757 0.052757
0 0.939066 0.018368 0.104277 0.104277
0 0.731679 0.020152 0.062220 0.062220
0 0.413938 0.503785 0.062220 0.062220
0 0.113285 0.451745 0.071945 0.071945
0 0.586004 0.283473 0.057104 0.057104
0 0.743158 0.532508 0.057104 0.057104
0 0.645263 0.919871 0.104277 0.104277
0 0.509303 0.698049 0.057104 0.057104
0 0.751019 0.699796 0.057104 0.057104
0 0.416658 0.875178 0.057104 0.057104
0 0.113349 0.102880 0.052757 0.052757
0 0.791548 0.361837 0.052757 0.052757
0 0.862739 0.430918 0.104277 0.104277
0 0.831296 0.000029 0.062220 0.062220
0 0.619585 0.814133 0.104277 0.104277
0 0.903628 0.931536 0.052757 0.052757
0 0.262887 0.078260 0.061130 0.061130
0 0.202203 0.644236 0.062220 0.062220
0 0.424142 0.707432 0.052757 0.052757
0 0.618843 0.719402 0.052757 0.052757
0 0.435754 0.638723 0.061130 0.061130
0 0.804207 0.632895 0.104277 0.104277
0 0.939516 0.516092 0.061130 0.061130
0 0.629487 0.158940 0.052757 0.052757
0 0.675429 0.370523 0.057104 0.057104
0 0.504708 0.553541 0.071945 0.071945
0 0.342722 0.966164 0.061130 0.061130
0 0.926927 0.251243 0.062220 0.062220
0 0.330298 0.046851 0.061130 0.061130
0 0.199472 0.026109 0.061130 0.061130
0 0.709595 0.882172 0.062220 0.062220
0 0.487507 0.294691 0.052757 0.052757
0 0.283869 0.415892 0.057104 0.057104
0 0.819871 0.506616 0.061130 0.061130
0 0.347399 0.158902 0.057104 0.057104
0 0.981459 0.655824 0.104278 0.104278
0 0.984742 0.128023 0.052757 0.052757
0 0.361905 0.666868 0.061130 0.061130
0 0.145854 0.170044 0.061130 0.061130
0 0.328517 0.504054 0.062220 0.062220
0 0.506335 0.902664 0.057104 0.057104
0 0.816843 0.911571 0.057104 0.057104
0 0.235826 0.949727 0.057104 0.057104
0 0.308531 0.844838 0.104277 0.104277
0 0.119007 0.647750 0.061130 0.061130
0 0.917034 0.836311 0.057104 0.057104
0 0.862793 0.153438 0.104277 0.104277
0 0.641311 0.233425 0.061130 0.061130
0 0.585162 0.053341 0.104277 0.104277
0 0.506099 0.980773 0.061130 0.061130
0 0.435936 0.968052 0.062220 0.062220
0 0.780951 0.986036 0.048997 0.048997
0 0.160223 0.575758 0.061130 0.061130
0 0.351922 0.426119 0.057104 0.057104
0 0.983977 0.890667 0.062220 0.062220
0 0.207455 0.791430 0.104277 0.104277
0 0.650747 0.082430 0.071945 0.071945
0 0.210290 0.433468 0.052757 0.052757
0 0.881310 0.308872 0.061130 0.061130
0 0.717620 0.617218 0.057104 0.057104
0 0.916036 0.613904 0.104277 0.104277
0 0.592378 0.607567 0.104277 0.104277
0 0.165997 0.948775 0.057104 0.057104
0 0.922069 0.381785 0.061130 0.061130
0 0.283903 0.206580 0.062220 0.062220
0 0.864976 0.066287 0.057104 0.057104
0 0.616505 0.412644 0.062220 0.062220
0 0.967515 0.320595 0.071945 0.071945
0 0.245837 0.581440 0.071945 0.071945
0 0.715698 0.107586 0.057104 0.057104
0 0.314687 0.768375 0.061130 0.061130
0 0.397775 0.335800 0.104277 0.104277
0 0.516316 0.471499 0.052757 0.052757
0 0.403177 0.216095 0.057104 0.057104
0 0.698752 0.804280 0.057104 0.057104
0 0.463567 0.396956 0.062220 0.062220
0 0.117757 0.737182 0.071945 0.071945
0 0.150308 0.254843 0.061130 0.061130
0 0.282709 0.704565 0.062220 0.062220