0 0.673511 0.774356 0.052757 0.052757
0 0.623160 0.267677 0.062220 0.062220
0 0.948244 0.849358 0.104277 0.104277
0 0.547717 0.494893 0.052757 0.052757
0 0.094502 0.696036 0.071945 0.071945
0 0.570045 0.142062 0.057103 0.057103
0 0.673056 0.982186 0.057104 0.057104
0 0.739098 0.389353 0.071945 0.071945
0 0.203645 0.115348 0.104277 0.104277
0 0.786346 0.451792 0.061130 0.061130
0 0.341391 0.187707 0.052757 0.052757
0 0.964480 0.575747 0.052757 0.052757
0 0.717865 0.664832 0.057104 0.057104
0 0.804796 0.661089 0.057104 0.057104
0 0.115115 0.469772 0.104278 0.104278
0 0.486207 0.406387 0.071945 0.071945
0 0.415962 0.399302 0.057104 0.057104
0 0.684015 0.565294 0.057104 0.057104
0 0.712615 0.047383 0.057104 0.057104
0 0.230639 0.906508 0.071945 0.071945
0 0.223705 0.836052 0.071945 0.071945
0 0.831204 0.329485 0.061130 0.061130
0 0.719378 0.930819 0.071945 0.071945
0 0.929634 0.972447 0.061130 0.061130
0 0.632638 0.089818 0.052757 0.052757
0 0.419494 0.733062 0.071945 0.071945
0 0.385813 0.113160 0.062220 0.062220
0 0.085160 0.061120 0.071945 0.071945
0 0.864946 0.874708 0.061130 0.061130
0 0.836020 0.802973 0.061130 0.061130
0 0.715033 0.141883 0.057104 0.057104
0 0.617138 0.529246 0.104277 0.104277
0 0.481178 0.307424 0.057104 0.057104
0 0.722894 0.309171 0.057104 0.057104
0 0.388533 0.484553 0.057104 0.057104
0 0.834614 0.040293 0.104277 0.104277
0 0.591460 0.423508 0.104277 0.104277
0 0.875503 0.540911 0.052757 0.052757
0 0.174078 0.253611 0.062220 0.062220
0 0.606553 0.615808 0.104277 0.104277
0 0.430663 0.814760 0.071945 0.071945
0 0.860642 0.997152 0.104277 0.104277
0 0.396017 0.316807 0.052757 0.052757
0 0.590718 0.328777 0.052757 0.052757
0 0.407629 0.248098 0.061130 0.061130
0 0.549950 0.765891 0.052757 0.052757
0 0.776082 0.242270 0.104277 0.104277
0 0.381914 0.896985 0.052757 0.052757
0 0.911391 0.125467 0.061130 0.061130
0 0.476583 0.162916 0.071945 0.071945
0 0.993877 0.023255 0.104277 0.104277
0 0.314597 0.575539 0.061130 0.061130
0 0.122919 0.957324 0.104278 0.104278
0 0.756525 0.738577 0.071945 0.071945
0 0.681470 0.491547 0.062220 0.062220
0 0.305691 0.769418 0.061130 0.061130
0 0.995802 0.431244 0.052757 0.052757
0 0.988569 0.201581 0.062220 0.062220
0 0.642402 0.697244 0.104277 0.104277
0 0.192223 0.639690 0.061130 0.061130
0 0.255744 0.025267 0.057104 0.057104
0 0.789173 0.968725 0.052757 0.052757
0 0.791746 0.115991 0.061130 0.061130
0 0.953334 0.265199 0.104278 0.104278
0 0.555310 0.915616 0.071945 0.071945
0 0.766070 0.875785 0.061130 0.061130
0 0.341672 0.840244 0.062220 0.062220
0 0.333780 0.276243 0.061130 0.061130
0 0.300392 0.113429 0.062220 0.062220
0 0.478210 0.512039 0.057104 0.057104
0 0.788718 0.520946 0.057104 0.057104
0 0.207701 0.559102 0.057104 0.057104
0 0.280406 0.454213 0.104277 0.104277
0 0.420531 0.965418 0.104277 0.104277
0 0.127286 0.765362 0.061130 0.061130
0 0.090882 0.257125 0.061130 0.061130
0 0.888909 0.445686 0.057104 0.057104
0 0.625339 0.878910 0.071945 0.071945
0 0.477974 0.590148 0.061130 0.061130
0 0.407811 0.577427 0.062220 0.062220
0 0.752826 0.595411 0.048997 0.048997
0 0.132098 0.185133 0.061130 0.061130
0 0.323797 0.035494 0.057104 0.057104
0 0.955852 0.500042 0.062220 0.062220
0 0.179330 0.400805 0.104277 0.104277
0 0.182165 0.042843 0.052757 0.052757
0 0.689495 0.226593 0.057104 0.057104
0 0.887911 0.223279 0.104277 0.104277
0 0.564253 0.216942 0.104277 0.104277
0 0.951834 0.741403 0.062220 0.062220
0 0.137872 0.558150 0.057104 0.057104
0 0.185318 0.716924 0.057104 0.057104
0 0.955411 0.651592 0.061131 0.061131
0 0.376372 0.661967 0.071945 0.071945
0 0.588380 0.022019 0.062220 0.062220
0 0.217712 0.190815 0.071945 0.071945
0 0.530185 0.689788 0.104277 0.104277
0 0.296311 0.654891 0.071945 0.071945
0 0.286562 0.377750 0.061130 0.061130
0 0.488191 0.080874 0.052757 0.052757
0 0.670627 0.413655 0.057104 0.057104
0 0.435442 0.006331 0.062220 0.062220
0 0.089632 0.346557 0.071945 0.071945
0 0.882919 0.748397 0.071945 0.071945
0 0.125556 0.853578 0.062220 0.062220
0 0.254584 0.313940 0.062220 0.062220