0 0.290333 0.647488 0.052757 0.052757
0 0.842261 0.386856 0.052757 0.052757
0 0.765947 0.808037 0.057104 0.057104
0 0.716467 0.107393 0.052757 0.052757
0 0.263252 0.308536 0.071945 0.071945
0 0.841806 0.594686 0.057104 0.057104
0 0.907848 0.001853 0.071945 0.071945
0 0.955096 0.064292 0.061130 0.061130
0 0.256168 0.717733 0.062220 0.062220
0 0.468838 0.788890 0.071945 0.071945
0 0.607443 0.893412 0.104277 0.104277
0 0.527874 0.962336 0.052757 0.052757
0 0.886615 0.277332 0.057104 0.057104
0 0.750829 0.962573 0.104277 0.104277
0 0.973546 0.273589 0.057104 0.057104
0 0.283865 0.082272 0.104278 0.104278
0 0.440442 0.956534 0.052757 0.052757
0 0.654957 0.018887 0.071945 0.071945
0 0.584712 0.011802 0.057104 0.057104
0 0.852765 0.177794 0.057104 0.057104
0 0.988027 0.921291 0.061130 0.061130
0 0.879380 0.820133 0.071945 0.071945
0 0.253796 0.810903 0.052757 0.052757
0 0.399389 0.519008 0.071945 0.071945
0 0.589213 0.701637 0.061130 0.061130
0 0.392455 0.448552 0.071945 0.071945
0 0.888128 0.543319 0.071945 0.071945
0 0.868284 0.988426 0.061130 0.061130
0 0.838953 0.904761 0.062220 0.062220
0 0.982723 0.755947 0.062220 0.062220
0 0.588244 0.345562 0.071945 0.071945
0 0.542081 0.851415 0.104277 0.104277
0 0.785888 0.141746 0.104277 0.104277
0 0.557283 0.097053 0.057104 0.057104
0 0.760210 0.036008 0.104277 0.104277
0 0.775303 0.228308 0.104277 0.104277
0 0.599413 0.427260 0.071945 0.071945
0 0.718700 0.378391 0.052757 0.052757
0 0.550664 0.509485 0.052757 0.052757
0 0.394300 0.849116 0.052757 0.052757
0 0.483347 0.188039 0.061130 0.061130
0 0.291669 0.569824 0.104278 0.104278
0 0.925275 0.351077 0.071945 0.071945
0 0.979603 0.997926 0.104277 0.104277
0 0.850220 0.104047 0.062220 0.062220
0 0.474441 0.381918 0.061130 0.061130
0 0.940249 0.851947 0.071945 0.071945
0 0.482391 0.703073 0.104277 0.104277
0 0.811152 0.309744 0.104277 0.104277
0 0.681315 0.916014 0.071945 0.071945
0 0.821187 0.760111 0.050932 0.050932
0 0.360973 0.252190 0.061130 0.061130
0 0.957923 0.581225 0.052757 0.052757
0 0.433298 0.613943 0.057104 0.057104
0 0.724060 0.528116 0.071945 0.071945
0 0.934820 0.488285 0.061130 0.061130
0 0.510422 0.452744 0.062220 0.062220
0 0.646960 0.124539 0.057104 0.057104
0 0.957468 0.133446 0.057104 0.057104
0 0.376451 0.171602 0.057104 0.057104
0 0.449156 0.066713 0.104277 0.104277
0 0.681644 0.814747 0.071945 0.071945
0 0.589281 0.577918 0.104277 0.104277
0 0.296036 0.377862 0.061130 0.061130
0 0.360504 0.936326 0.104277 0.104277
0 0.931724 0.648251 0.061130 0.061130
0 0.794089 0.491410 0.071945 0.071945
0 0.646724 0.202648 0.061130 0.061130
0 0.576561 0.189927 0.062220 0.062220
0 0.921576 0.207911 0.048997 0.048997
0 0.388378 0.678660 0.062220 0.062220
0 0.348080 0.013305 0.104277 0.104277
0 0.595261 0.799566 0.052757 0.052757
0 0.892516 0.744936 0.062220 0.062220
0 0.688271 0.722840 0.062220 0.062220
0 0.306622 0.170650 0.057104 0.057104
0 0.354068 0.329424 0.057104 0.057104
0 0.545122 0.274467 0.071945 0.071945
0 0.328162 0.774729 0.057104 0.057104
0 0.698935 0.302288 0.104277 0.104277
0 0.465061 0.267391 0.071945 0.071945
0 0.538039 0.632845 0.071945 0.071945
0 0.633124 0.637814 0.047555 0.047555
0 0.767224 0.662610 0.052757 0.052757
0 0.839377 0.026155 0.057104 0.057104
0 0.279764 0.955561 0.071945 0.071945
0 0.397641 0.761615 0.057103 0.057103
0 0.762944 0.880715 0.071945 0.071945
0 0.847174 0.670491 0.071945 0.071945
0 0.294306 0.466078 0.062220 0.062220