0 0.608620 0.457198 0.062220 0.062220
0 0.357612 0.760231 0.104277 0.104277
0 0.562694 0.516040 0.062220 0.062220
0 0.709268 0.493052 0.070161 0.070161
0 0.211354 0.163713 0.062220 0.062220
0 0.339988 0.484664 0.104278 0.104278
0 0.590475 0.920377 0.057104 0.057104
0 0.459381 0.156071 0.057104 0.057104
0 0.006709 0.299271 0.062220 0.062220
0 0.317790 0.992325 0.104277 0.104277
0 0.979182 0.584249 0.071945 0.071945
0 0.498669 0.464176 0.071945 0.071945
0 0.794975 0.522805 0.062220 0.062220
0 0.812103 0.825097 0.061131 0.061131
0 0.473089 0.232756 0.062220 0.062220
0 0.126551 0.925384 0.104277 0.104277
0 0.020128 0.539548 0.104277 0.104277
0 0.831546 0.586641 0.104277 0.104277
0 0.240084 0.522243 0.071945 0.071945
0 0.746005 0.432276 0.061130 0.061130
0 0.337187 0.856474 0.057104 0.057104
0 0.458890 0.315517 0.071945 0.071945
0 0.285757 0.805343 0.104277 0.104277
0 0.875515 0.721567 0.071945 0.071945
0 0.057696 0.983736 0.062220 0.062220
0 0.393194 0.254518 0.104277 0.104277
0 0.209435 0.330298 0.104277 0.104277
0 0.336656 0.366955 0.057104 0.057104
0 0.328739 0.230254 0.071945 0.071945
0 0.561404 0.836804 0.104277 0.104277
0 0.939731 0.318081 0.071945 0.071945
0 0.545602 0.186510 0.071945 0.071945
0 0.252118 0.674291 0.052757 0.052757
0 0.726566 0.655868 0.104277 0.104277
0 0.827430 0.400465 0.057104 0.057104
0 0.519179 0.657652 0.062220 0.062220
0 0.828186 0.203321 0.061131 0.061131
0 0.937598 0.970481 0.071945 0.071945
0 0.104929 0.599869 0.062220 0.062220
0 0.373504 0.920973 0.057104 0.057104
0 0.127030 0.239003 0.104277 0.104277
0 0.797902 0.302596 0.071945 0.071945
0 0.687357 0.362778 0.071945 0.071945
0 0.579048 0.999337 0.052757 0.052757
0 0.618796 0.637529 0.062220 0.062220
0 0.050387 0.715760 0.061130 0.061130
0 0.548999 0.297832 0.052757 0.052757
0 0.426321 0.560656 0.071945 0.071945
0 0.416987 0.796440 0.052757 0.052757
0 0.925021 0.220610 0.052757 0.052757
0 0.860850 0.466104 0.062220 0.062220
0 0.060146 0.376849 0.104277 0.104277
0 0.131250 0.326438 0.057104 0.057104
0 0.714427 0.888743 0.062220 0.062220
0 0.117798 0.684351 0.061130 0.061130
0 0.275007 0.932191 0.052757 0.052757
0 0.604596 0.352943 0.052757 0.052757
0 0.905414 0.650042 0.061131 0.061131
0 0.658279 0.181907 0.071945 0.071945
0 0.195912 0.623750 0.071945 0.071945
0 0.809258 0.687360 0.061131 0.061131
0 0.157826 0.403110 0.104277 0.104277
0 0.989264 0.158825 0.062220 0.062220
0 0.682213 0.263160 0.057104 0.057104
0 0.054339 0.474239 0.057104 0.057104
0 0.134899 0.796402 0.057104 0.057104
0 0.298723 0.305854 0.062220 0.062220
0 0.368751 0.136434 0.104277 0.104277
0 0.772242 0.765523 0.052757 0.052757
0 0.851876 0.960344 0.061131 0.061131
0 0.677209 0.565556 0.052757 0.052757
0 0.924355 0.499219 0.071945 0.071945
0 0.740983 0.149752 0.104277 0.104277
0 0.650293 0.790938 0.104277 0.104277
0 0.428811 0.870925 0.061130 0.061130
0 0.372662 0.690841 0.104277 0.104277
0 0.335363 0.561741 0.052757 0.052757
0 0.555862 0.595504 0.057104 0.057104
0 0.438247 0.719930 0.071945 0.071945
0 0.514391 0.360367 0.104277 0.104277
0 0.668810 0.946372 0.061130 0.061130
0 0.935935 0.422269 0.071945 0.071945
0 0.432384 0.482434 0.056505 0.056505
0 0.941180 0.773186 0.104277 0.104277
0 0.071403 0.844080 0.062220 0.062220
0 0.652476 0.703787 0.057104 0.057104
0 0.426681 0.413745 0.061130 0.061130
0 0.755015 0.958095 0.071945 0.071945
0 0.759582 0.363830 0.057103 0.057103
0 0.503198 0.745086 0.057104 0.057104
0 0.226235 0.437547 0.062220 0.062220
0 0.136786 0.143490 0.062220 0.062220
0 0.185275 0.973300 0.104277 0.104277
0 0.163498 0.557966 0.057104 0.057104
0 0.190677 0.853595 0.057104 0.057104
0 0.243511 0.224797 0.061130 0.061130
0 0.912299 0.150174 0.057104 0.057104
0 0.038166 0.232419 0.057104 0.057104
0 0.011728 0.143562 0.071945 0.071945
0 0.895079 0.832323 0.052757 0.052757