0 0.672677 0.297630 0.104278 0.104278
0 0.926720 0.889407 0.071945 0.071945
0 0.728333 0.734752 0.104277 0.104277
0 0.790821 0.458978 0.052757 0.052757
0 0.971118 0.645724 0.061130 0.061130
0 0.463312 0.815946 0.052757 0.052757
0 0.475004 0.902495 0.104277 0.104277
0 0.315354 0.449953 0.061130 0.061130
0 0.690115 0.408435 0.052757 0.052757
0 0.711186 0.579662 0.052757 0.052757
0 0.824869 0.908862 0.062220 0.062220
0 0.454737 0.728525 0.104277 0.104277
0 0.994341 0.004917 0.057104 0.057104
0 0.787493 0.654797 0.071945 0.071945
0 0.537094 0.660323 0.104277 0.104277
0 0.461261 0.629383 0.061130 0.061130
0 0.325322 0.214287 0.057104 0.057104
0 0.368332 0.527340 0.104277 0.104277
0 0.401181 0.000936 0.057104 0.057104
0 0.922909 0.480354 0.104277 0.104277
0 0.183953 0.945155 0.052757 0.052757
0 0.588202 0.806378 0.104277 0.104277
0 0.344755 0.945982 0.061130 0.061130
0 0.040789 0.656674 0.061130 0.061130
0 0.622523 0.209068 0.052757 0.052757
0 0.028213 0.195140 0.071945 0.071945
0 0.166818 0.299662 0.104277 0.104277
0 0.087249 0.368586 0.052757 0.052757
0 0.467488 0.979650 0.057104 0.057104
0 0.310204 0.368823 0.104277 0.104277
0 0.383684 0.767305 0.052757 0.052757
0 0.865366 0.731086 0.052757 0.052757
0 0.807652 0.201313 0.052757 0.052757
0 0.246159 0.450880 0.052757 0.052757
0 0.675390 0.653841 0.104277 0.104277
0 0.622687 0.515487 0.057104 0.057104
0 0.828024 0.597091 0.052757 0.052757
0 0.525855 0.739473 0.061130 0.061130
0 0.961422 0.797663 0.071945 0.071945
0 0.990601 0.460692 0.071945 0.071945
0 0.200686 0.670024 0.104278 0.104278
0 0.749623 0.916212 0.062220 0.062220
0 0.990861 0.531516 0.061130 0.061130
0 0.773725 0.121944 0.071945 0.071945
0 0.267535 0.648415 0.052757 0.052757
0 0.547402 0.327541 0.061130 0.061130
0 0.438755 0.226383 0.071945 0.071945
0 0.605404 0.442079 0.052757 0.052757
0 0.870881 0.357194 0.057104 0.057104
0 0.059976 0.914716 0.062220 0.062220
0 0.276996 0.903439 0.057104 0.057104
0 0.148588 0.107887 0.061130 0.061130
0 0.645951 0.767833 0.071945 0.071945
0 0.427659 0.394676 0.061130 0.061130
0 0.398328 0.311011 0.062220 0.062220
0 0.542098 0.162197 0.062220 0.062220
0 0.789798 0.834472 0.061130 0.061130
0 0.885076 0.235320 0.052757 0.052757
0 0.447697 0.556977 0.052757 0.052757
0 0.597871 0.593262 0.057104 0.057104
0 0.233414 0.770908 0.057104 0.057104
0 0.101456 0.257665 0.104277 0.104277
0 0.160689 0.737288 0.071945 0.071945
0 0.577681 0.877637 0.071945 0.071945
0 0.906230 0.045866 0.071945 0.071945
0 0.099274 0.816854 0.052757 0.052757
0 0.291570 0.812746 0.071945 0.071945
0 0.596525 0.099584 0.061130 0.061130
0 0.696618 0.192120 0.057104 0.057104
0 0.588767 0.015902 0.104277 0.104277
0 0.796219 0.269736 0.062220 0.062220
0 0.027531 0.725258 0.057104 0.057104
0 0.802691 0.528401 0.104277 0.104277
0 0.538978 0.404176 0.104277 0.104277
0 0.499624 0.258197 0.071945 0.071945
0 0.041766 0.109323 0.104277 0.104277
0 0.889462 0.806946 0.057104 0.057104
0 0.742522 0.325825 0.104277 0.104277
0 0.897355 0.129782 0.057104 0.057104
0 0.240690 0.322264 0.071945 0.071945
0 0.380562 0.166361 0.050932 0.050932
0 0.171099 0.847639 0.052757 0.052757
0 0.707530 0.104037 0.057104 0.057104
0 0.241019 0.220997 0.071945 0.071945
0 0.947638 0.995908 0.062220 0.062220
0 0.491099 0.054501 0.061130 0.061130
0 0.803005 0.761936 0.050559 0.050559
0 0.113987 0.585279 0.104277 0.104277
0 0.932144 0.704715 0.061130 0.061130
0 0.164130 0.429514 0.104277 0.104277
0 0.704647 0.497492 0.061131 0.061131
0 0.551754 0.538817 0.104277 0.104277
0 0.154636 0.205816 0.052757 0.052757
0 0.936377 0.314799 0.104277 0.104277
0 0.451891 0.151186 0.062220 0.062220
0 0.247646 0.129090 0.062220 0.062220
0 0.069803 0.504291 0.052757 0.052757
0 0.038692 0.576927 0.061130 0.061130
0 0.162035 0.519877 0.062220 0.062220
0 0.228545 0.554919 0.071945 0.071945
0 0.626659 0.367544 0.071945 0.071945
0 0.457652 0.478573 0.061130 0.061130
0 0.097414 0.039095 0.071945 0.071945
0 0.866860 0.433764 0.071945 0.071945
0 0.192499 0.044064 0.047555 0.047555
0 0.326599 0.068860 0.052757 0.052757
0 0.358167 0.666023 0.104277 0.104277
0 0.897567 0.571704 0.104277 0.104277
0 0.131718 0.661295 0.052757 0.052757
0 0.662060 0.891618 0.052757 0.052757
0 0.322319 0.286965 0.071945 0.071945
0 0.406549 0.076741 0.071945 0.071945
0 0.397451 0.836283 0.104277 0.104277