0 0.969940 0.880634 0.052757 0.052757
0 0.514136 0.833731 0.052757 0.052757
0 0.463785 0.327052 0.062220 0.062220
0 0.878034 0.723574 0.062220 0.062220
0 0.788869 0.908733 0.104277 0.104277
0 0.388342 0.554268 0.052757 0.052757
0 0.410670 0.201437 0.057103 0.057103
0 0.579723 0.448728 0.071945 0.071945
0 0.044270 0.174723 0.104277 0.104277
0 0.626971 0.511167 0.061130 0.061130
0 0.182016 0.247082 0.052757 0.052757
0 0.805105 0.635122 0.052757 0.052757
0 0.930093 0.251006 0.061131 0.061131
0 0.558490 0.724207 0.057104 0.057104
0 0.872305 0.571031 0.052757 0.052757
0 0.645421 0.720464 0.057104 0.057104
0 0.868273 0.846983 0.071945 0.071945
0 0.865219 0.172313 0.062220 0.062220
0 0.977368 0.653314 0.071945 0.071945
0 0.342790 0.023575 0.104277 0.104277
0 0.326832 0.465762 0.071945 0.071945
0 0.256587 0.458677 0.057104 0.057104
0 0.524640 0.624669 0.057104 0.057104
0 0.553240 0.106758 0.057104 0.057104
0 0.939492 0.813432 0.057104 0.057104
0 0.071264 0.965883 0.071945 0.071945
0 0.082696 0.014986 0.062220 0.062220
0 0.064330 0.895427 0.071945 0.071945
0 0.671829 0.388860 0.061130 0.061130
0 0.560003 0.990194 0.071945 0.071945
0 0.473263 0.149193 0.052757 0.052757
0 0.260119 0.792437 0.071945 0.071945
0 0.226438 0.172535 0.062220 0.062220
0 0.962598 0.001731 0.071945 0.071945
0 0.943966 0.453150 0.104277 0.104277
0 0.705571 0.934083 0.061130 0.061130
0 0.676645 0.862348 0.061130 0.061130
0 0.555658 0.201258 0.057104 0.057104
0 0.457763 0.588621 0.104277 0.104277
0 0.321803 0.366799 0.057104 0.057104
0 0.563519 0.368546 0.057104 0.057104
0 0.229158 0.543928 0.057104 0.057104
0 0.604048 0.030587 0.052757 0.052757
0 0.675239 0.099668 0.104277 0.104277
0 0.855325 0.988618 0.104277 0.104277
0 0.432085 0.482883 0.104277 0.104277
0 0.716128 0.600286 0.052757 0.052757
0 0.014703 0.312986 0.062220 0.062220
0 0.447178 0.675183 0.104277 0.104277
0 0.271288 0.874135 0.071945 0.071945
0 0.236642 0.376182 0.052757 0.052757
0 0.976406 0.136145 0.061131 0.061131
0 0.431343 0.388152 0.052757 0.052757
0 0.248254 0.307473 0.061130 0.061130
0 0.390575 0.825266 0.052757 0.052757
0 0.616707 0.301645 0.104277 0.104277
0 0.884791 0.924465 0.052757 0.052757
0 0.222539 0.956360 0.052757 0.052757
0 0.752016 0.184842 0.061130 0.061130
0 0.487929 0.039273 0.057104 0.057104
0 0.317208 0.222291 0.071945 0.071945
0 0.834502 0.082630 0.104277 0.104277
0 0.155222 0.634914 0.061130 0.061130
0 0.597150 0.797952 0.071945 0.071945
0 0.522095 0.550922 0.062220 0.062220
0 0.146316 0.828793 0.061130 0.061130
0 0.836427 0.490619 0.052757 0.052757
0 0.829194 0.260956 0.062220 0.062220
0 0.483027 0.756619 0.104277 0.104277
0 0.032848 0.699065 0.061130 0.061130
0 0.096369 0.084642 0.057104 0.057104
0 0.632371 0.175366 0.061130 0.061130
0 0.793959 0.324574 0.104278 0.104278
0 0.395935 0.974991 0.071945 0.071945
0 0.606695 0.935160 0.061130 0.061130
0 0.182297 0.899619 0.062220 0.062220
0 0.965724 0.993215 0.052757 0.052757
0 0.174405 0.335618 0.061130 0.061130
0 0.141017 0.172804 0.062220 0.062220
0 0.318835 0.571414 0.057104 0.057104
0 0.629343 0.580321 0.057104 0.057104
0 0.048326 0.618477 0.057104 0.057104
0 0.121031 0.513588 0.104277 0.104277
0 0.850977 0.390485 0.062220 0.062220
0 0.729534 0.505061 0.057104 0.057104
0 0.465964 0.938285 0.071945 0.071945
0 0.318599 0.649523 0.061130 0.061130
0 0.248436 0.636802 0.062220 0.062220
0 0.593451 0.654786 0.048997 0.048997
0 0.882897 0.322856 0.071945 0.071945
0 0.164422 0.094869 0.057104 0.057104
0 0.796477 0.559417 0.062220 0.062220
0 0.019955 0.460180 0.104277 0.104277
0 0.022790 0.102218 0.052757 0.052757
0 0.530120 0.285968 0.057104 0.057104
0 0.728536 0.282654 0.104277 0.104277
0 0.404878 0.276317 0.104277 0.104277
0 0.792459 0.800778 0.062220 0.062220
0 0.923098 0.379782 0.052757 0.052757
0 0.734569 0.050535 0.061130 0.061130
0 0.025943 0.776299 0.057104 0.057104
0 0.796036 0.710967 0.061131 0.061131
0 0.911550 0.092556 0.071945 0.071945
0 0.216997 0.721342 0.071945 0.071945
0 0.429005 0.081394 0.062220 0.062220
0 0.058337 0.250190 0.071945 0.071945
0 0.370810 0.749163 0.104277 0.104277
0 0.136936 0.714266 0.071945 0.071945
0 0.127187 0.437125 0.061130 0.061130
0 0.210275 0.004550 0.104277 0.104277
0 0.328816 0.140249 0.052757 0.052757
0 0.511252 0.473030 0.057104 0.057104
0 0.276067 0.065706 0.062220 0.062220
0 0.723544 0.807772 0.071945 0.071945
0 0.095209 0.373315 0.062220 0.062220