0 0.215333 0.872488 0.052757 0.052757
0 0.767261 0.611856 0.052757 0.052757
0 0.716910 0.105177 0.062220 0.062220
0 0.641467 0.332393 0.052757 0.052757
0 0.188252 0.533536 0.071945 0.071945
0 0.766806 0.819686 0.057104 0.057104
0 0.832848 0.226853 0.071945 0.071945
0 0.880096 0.289292 0.061130 0.061130
0 0.435141 0.025207 0.052757 0.052757
0 0.181168 0.942733 0.062220 0.062220
0 0.811615 0.502332 0.057104 0.057104
0 0.898546 0.498589 0.057104 0.057104
0 0.208865 0.307272 0.104278 0.104278
0 0.579957 0.243887 0.071945 0.071945
0 0.509712 0.236802 0.057104 0.057104
0 0.777765 0.402794 0.057104 0.057104
0 0.324389 0.744008 0.071945 0.071945
0 0.514213 0.926637 0.061130 0.061130
0 0.317455 0.673552 0.071945 0.071945
0 0.924954 0.166985 0.061130 0.061130
0 0.813128 0.768319 0.071945 0.071945
0 0.907723 0.980947 0.062220 0.062220
0 0.513244 0.570562 0.071945 0.071945
0 0.958696 0.712208 0.061130 0.061130
0 0.929770 0.640473 0.061130 0.061130
0 0.710888 0.366746 0.104277 0.104277
0 0.574928 0.144924 0.057104 0.057104
0 0.816644 0.146671 0.057104 0.057104
0 0.482283 0.322053 0.057104 0.057104
0 0.685210 0.261008 0.104277 0.104277
0 0.969253 0.378411 0.052757 0.052757
0 0.267828 0.091111 0.062220 0.062220
0 0.962150 0.918334 0.061130 0.061130
0 0.700303 0.453308 0.104277 0.104277
0 0.524413 0.652260 0.071945 0.071945
0 0.954392 0.834652 0.104277 0.104277
0 0.489767 0.154307 0.052757 0.052757
0 0.684468 0.166277 0.052757 0.052757
0 0.501379 0.085598 0.061130 0.061130
0 0.643700 0.603391 0.052757 0.052757
0 0.869832 0.079770 0.104277 0.104277
0 0.475664 0.734485 0.052757 0.052757
0 0.570333 0.000416 0.071945 0.071945
0 0.408347 0.413039 0.061130 0.061130
0 0.216669 0.794824 0.104278 0.104278
0 0.850275 0.576077 0.071945 0.071945
0 0.775220 0.329047 0.062220 0.062220
0 0.399441 0.606918 0.061130 0.061130
0 0.407391 0.928073 0.104277 0.104277
0 0.736152 0.534744 0.104277 0.104277
0 0.746187 0.985111 0.050932 0.050932
0 0.285973 0.477190 0.061130 0.061130
0 0.882923 0.806225 0.052757 0.052757
0 0.358298 0.838943 0.057104 0.057104
0 0.649060 0.753116 0.071945 0.071945
0 0.859820 0.713285 0.061130 0.061130
0 0.435422 0.677744 0.062220 0.062220
0 0.427530 0.113743 0.061130 0.061130
0 0.571960 0.349539 0.057104 0.057104
0 0.882468 0.358446 0.057104 0.057104
0 0.301451 0.396602 0.057104 0.057104
0 0.374156 0.291713 0.104277 0.104277
0 0.514281 0.802918 0.104277 0.104277
0 0.221036 0.602862 0.061130 0.061130
0 0.184632 0.094625 0.061130 0.061130
0 0.982659 0.283186 0.057104 0.057104
0 0.856724 0.873251 0.061130 0.061130
0 0.719089 0.716410 0.071945 0.071945
0 0.571724 0.427648 0.061130 0.061130
0 0.501561 0.414927 0.062220 0.062220
0 0.846576 0.432911 0.048997 0.048997
0 0.225848 0.022633 0.061130 0.061130
0 0.313378 0.903660 0.062220 0.062220
0 0.273080 0.238305 0.104277 0.104277
0 0.783245 0.064093 0.057104 0.057104
0 0.981661 0.060779 0.104277 0.104277
0 0.658003 0.054442 0.104277 0.104277
0 0.817516 0.969936 0.062220 0.062220
0 0.613271 0.947840 0.062220 0.062220
0 0.231622 0.395650 0.057104 0.057104
0 0.279068 0.554424 0.057104 0.057104
0 0.470122 0.499467 0.071945 0.071945
0 0.253162 0.999729 0.057104 0.057104
0 0.311462 0.028315 0.071945 0.071945
0 0.623935 0.527288 0.104277 0.104277
0 0.390061 0.492391 0.071945 0.071945
0 0.380312 0.215250 0.061130 0.061130
0 0.463039 0.857845 0.071945 0.071945
0 0.558124 0.862814 0.047555 0.047555
0 0.692224 0.887610 0.052757 0.052757
0 0.764377 0.251155 0.057104 0.057104
0 0.183382 0.184057 0.071945 0.071945
0 0.322641 0.986615 0.057103 0.057103
0 0.976669 0.585897 0.071945 0.071945
0 0.772174 0.895491 0.071945 0.071945
0 0.219306 0.691078 0.062220 0.062220
0 0.348334 0.151440 0.062220 0.062220