0 0.265842 0.799477 0.104277 0.104277
0 0.222294 0.587486 0.061130 0.061130
0 0.625239 0.549195 0.052757 0.052757
0 0.155387 0.447815 0.104277 0.104277
0 0.217213 0.356767 0.071945 0.071945
0 0.416132 0.797153 0.062220 0.062220
0 0.369026 0.342377 0.071945 0.071945
0 0.447779 0.549235 0.104277 0.104277
0 0.123065 0.549384 0.052757 0.052757
0 0.525643 0.595760 0.071945 0.071945
0 0.452412 0.232680 0.061131 0.061131
0 0.161096 0.219868 0.104277 0.104277
0 0.654223 0.052187 0.057104 0.057104
0 0.780676 0.257147 0.062221 0.062221
0 0.669582 0.220152 0.104277 0.104277
0 0.746608 0.014066 0.104277 0.104277
0 0.779390 0.787628 0.047276 0.047276
0 0.259966 0.714292 0.057104 0.057104
0 0.031159 0.392324 0.062220 0.062220
0 0.295828 0.900928 0.051819 0.051819
0 0.289168 0.155839 0.052757 0.052757
0 0.770629 0.529261 0.071945 0.071945
0 0.199972 0.514023 0.061131 0.061131
0 0.475976 0.844641 0.052757 0.052757
0 0.233106 0.266364 0.057104 0.057104
0 0.537252 0.793156 0.057103 0.057103
0 0.284188 0.474518 0.052757 0.052757
0 0.552245 0.210320 0.104277 0.104277
0 0.422522 0.026730 0.062220 0.062220
0 0.340395 0.410478 0.057104 0.057104
0 0.260348 0.093278 0.057104 0.057104
0 0.730944 0.363235 0.052757 0.052757
0 0.452868 0.632489 0.036679 0.036679
0 0.368349 0.070716 0.061130 0.061130
0 0.571906 0.910496 0.104277 0.104277
0 0.670857 0.324046 0.062221 0.062221
0 0.286630 0.563100 0.057104 0.057104
0 0.371669 0.971272 0.104277 0.104277
0 0.025430 0.239781 0.052757 0.052757
0 0.366806 0.897979 0.071945 0.071945
0 0.672487 0.129534 0.071945 0.071945
0 0.609402 0.359675 0.052757 0.052757
0 0.596508 0.427537 0.104277 0.104277
0 0.763398 0.893553 0.071945 0.071945
0 0.021398 0.515733 0.071945 0.071945
0 0.311278 0.027739 0.061131 0.061131
0 0.073277 0.910688 0.052757 0.052757
0 0.502146 0.451169 0.104277 0.104277
0 0.130493 0.322064 0.071945 0.071945
0 0.669237 0.925364 0.061131 0.061131
0 0.785276 0.676626 0.057104 0.057104
0 0.593051 0.618644 0.062220 0.062220
0 0.455676 0.991813 0.057103 0.057103
0 0.039350 0.831319 0.071945 0.071945
0 0.501160 0.926515 0.061131 0.061131
0 0.092617 0.482182 0.057104 0.057104
0 0.449073 0.392877 0.061130 0.061130
0 0.583999 0.018400 0.061130 0.061130
0 0.701714 0.779495 0.062220 0.062220
0 0.527833 0.523492 0.061130 0.061130
0 0.150701 0.944695 0.052757 0.052757
0 0.097091 0.121900 0.104277 0.104277
0 0.399169 0.487360 0.062220 0.062220
0 0.008450 0.657368 0.104277 0.104277
0 0.171855 0.755241 0.071945 0.071945
0 0.703318 0.992160 0.104278 0.104278
0 0.312601 0.258390 0.062220 0.062220
0 0.676298 0.634568 0.104277 0.104277
0 0.061844 0.979111 0.062220 0.062220
0 0.059011 0.705905 0.104277 0.104277
0 0.037916 0.593215 0.052757 0.052757
0 0.344832 0.632903 0.062220 0.062220
0 0.379673 0.176241 0.071945 0.071945
0 0.487043 0.715599 0.104277 0.104277
0 0.162980 0.839157 0.057104 0.057104
0 0.550232 0.982238 0.071945 0.071945
0 0.400495 0.680821 0.071945 0.071945
0 0.118849 0.661965 0.052757 0.052757
0 0.197227 0.057495 0.062220 0.062220
0 0.790499 0.408476 0.071945 0.071945
0 0.004102 0.059235 0.062220 0.062220
0 0.541390 0.670968 0.061131 0.061131
0 0.673665 0.458698 0.071945 0.071945
0 0.768046 0.107673 0.104277 0.104277
0 0.522633 0.139902 0.057104 0.057104
0 0.274565 0.989947 0.052757 0.052757
0 0.076223 0.048532 0.052757 0.052757
0 0.505376 0.279840 0.057104 0.057104
0 0.514038 0.066203 0.104277 0.104277
0 0.634058 0.707965 0.071945 0.071945
0 0.583371 0.093798 0.104277 0.104277
0 0.597551 0.290056 0.052757 0.052757
0 0.337451 0.760720 0.057104 0.057104
0 0.607202 0.843451 0.061131 0.061131