0 0.367420 0.951976 0.062220 0.062220
0 0.910177 0.222630 0.104278 0.104278
0 0.965833 0.659752 0.104277 0.104277
0 0.700812 0.740946 0.052757 0.052757
0 0.712504 0.827495 0.104277 0.104277
0 0.552854 0.374953 0.061130 0.061130
0 0.927615 0.333435 0.052757 0.052757
0 0.948686 0.504662 0.052757 0.052757
0 0.692237 0.653525 0.104277 0.104277
0 0.774594 0.585323 0.104277 0.104277
0 0.698761 0.554383 0.061130 0.061130
0 0.562822 0.139287 0.057104 0.057104
0 0.057684 0.462917 0.062220 0.062220
0 0.605832 0.452340 0.104277 0.104277
0 0.441037 0.958038 0.061130 0.061130
0 0.421453 0.870155 0.052757 0.052757
0 0.920727 0.971492 0.057104 0.057104
0 0.825702 0.731378 0.104277 0.104277
0 0.582255 0.870982 0.061130 0.061130
0 0.663099 0.996440 0.062220 0.062220
0 0.053043 0.048983 0.062220 0.062220
0 0.278289 0.581674 0.061130 0.061130
0 0.860023 0.134068 0.052757 0.052757
0 0.265713 0.120140 0.071945 0.071945
0 0.080760 0.700286 0.104278 0.104278
0 0.404318 0.224662 0.104277 0.104277
0 0.324749 0.293586 0.052757 0.052757
0 0.704988 0.904650 0.057104 0.057104
0 0.547704 0.293823 0.104277 0.104277
0 0.621184 0.692305 0.052757 0.052757
0 0.237317 0.287784 0.052757 0.052757
0 0.483659 0.375880 0.052757 0.052757
0 0.912890 0.578841 0.104277 0.104277
0 0.860187 0.440487 0.057104 0.057104
0 0.553609 0.952194 0.061130 0.061130
0 0.763355 0.664473 0.061130 0.061130
0 0.438186 0.595024 0.104278 0.104278
0 0.987123 0.841212 0.062220 0.062220
0 0.505035 0.573415 0.052757 0.052757
0 0.784902 0.252541 0.061130 0.061130
0 0.676255 0.151383 0.071945 0.071945
0 0.842904 0.367079 0.052757 0.052757
0 0.146144 0.752492 0.062220 0.062220
0 0.297476 0.839716 0.062220 0.062220
0 0.050671 0.142153 0.052757 0.052757
0 0.514496 0.828439 0.057104 0.057104
0 0.386088 0.032887 0.061130 0.061130
0 0.883451 0.692833 0.071945 0.071945
0 0.665159 0.319676 0.061130 0.061130
0 0.635828 0.236011 0.062220 0.062220
0 0.779598 0.087197 0.062220 0.062220
0 0.104130 0.384188 0.061130 0.061130
0 0.685197 0.481977 0.052757 0.052757
0 0.835371 0.518262 0.057104 0.057104
0 0.470914 0.695908 0.057104 0.057104
0 0.338956 0.182665 0.104277 0.104277
0 0.179912 0.933598 0.104278 0.104278
0 0.398189 0.662288 0.071945 0.071945
0 0.298550 0.927062 0.052757 0.052757
0 0.837836 0.948781 0.062220 0.062220
0 0.815181 0.802637 0.071945 0.071945
0 0.336774 0.741854 0.052757 0.052757
0 0.529070 0.737746 0.071945 0.071945
0 0.834025 0.024584 0.061130 0.061130
0 0.055098 0.770328 0.104277 0.104277
0 0.231453 0.981580 0.057104 0.057104
0 0.934118 0.117120 0.057104 0.057104
0 0.265031 0.650258 0.057104 0.057104
0 0.235528 0.728080 0.104277 0.104277
0 0.191175 0.180366 0.052757 0.052757
0 0.776478 0.329176 0.104277 0.104277
0 0.737124 0.183197 0.071945 0.071945
0 0.279266 0.034323 0.104277 0.104277
0 0.980022 0.250825 0.104277 0.104277
0 0.196655 0.847605 0.104277 0.104277
0 0.187109 0.628640 0.071945 0.071945
0 0.478190 0.247264 0.071945 0.071945
0 0.618062 0.091361 0.050932 0.050932
0 0.061278 0.569881 0.057104 0.057104
0 0.408599 0.772639 0.052757 0.052757
0 0.945030 0.029037 0.057104 0.057104
0 0.478519 0.145997 0.071945 0.071945
0 0.157379 0.267576 0.104277 0.104277
0 0.168485 0.521643 0.057104 0.057104
0 0.351487 0.510279 0.104277 0.104277
0 0.401630 0.354514 0.104277 0.104277
0 0.942147 0.422492 0.061131 0.061131
0 0.185253 0.009910 0.062220 0.062220
0 0.789254 0.463817 0.104277 0.104277
0 0.392136 0.130816 0.052757 0.052757
0 0.689391 0.076186 0.062220 0.062220
0 0.485146 0.054090 0.062220 0.062220
0 0.307303 0.429291 0.052757 0.052757
0 0.111636 0.973594 0.062220 0.062220
0 0.111810 0.901159 0.057104 0.057104
0 0.186532 0.344080 0.104277 0.104277
0 0.276192 0.501927 0.061130 0.061130
0 0.125037 0.105979 0.057104 0.057104
0 0.399535 0.444877 0.062220 0.062220
0 0.466045 0.479919 0.071945 0.071945
0 0.864159 0.292544 0.071945 0.071945
0 0.695152 0.403573 0.061130 0.061130
0 0.104038 0.626359 0.052757 0.052757
0 0.595667 0.591023 0.104277 0.104277
0 0.076639 0.286811 0.071945 0.071945
0 0.369218 0.586295 0.052757 0.052757
0 0.194516 0.092865 0.057103 0.057103
0 0.899560 0.816618 0.052757 0.052757
0 0.559819 0.211965 0.071945 0.071945
0 0.178227 0.415422 0.104277 0.104277
0 0.644049 0.001741 0.071945 0.071945
0 0.634951 0.761283 0.104277 0.104277