0 0.555495 0.385323 0.062220 0.062220
0 0.304487 0.688356 0.104277 0.104277
0 0.509569 0.444165 0.062220 0.062220
0 0.656143 0.421177 0.070161 0.070161
0 0.158229 0.091838 0.062220 0.062220
0 0.286863 0.412789 0.104278 0.104278
0 0.537350 0.848502 0.057104 0.057104
0 0.406256 0.084196 0.057104 0.057104
0 0.264665 0.920450 0.104277 0.104277
0 0.926057 0.512374 0.071945 0.071945
0 0.445544 0.392301 0.071945 0.071945
0 0.741850 0.450930 0.062220 0.062220
0 0.758978 0.753222 0.061131 0.061131
0 0.419964 0.160881 0.062220 0.062220
0 0.073426 0.853509 0.104277 0.104277
0 0.778421 0.514766 0.104277 0.104277
0 0.953616 0.167157 0.052757 0.052757
0 0.186959 0.450368 0.071945 0.071945
0 0.692880 0.360401 0.061130 0.061130
0 0.284062 0.784599 0.057104 0.057104
0 0.405765 0.243642 0.071945 0.071945
0 0.232632 0.733468 0.104277 0.104277
0 0.822390 0.649692 0.071945 0.071945
0 0.004571 0.911861 0.062220 0.062220
0 0.340069 0.182643 0.104277 0.104277
0 0.156310 0.258423 0.104277 0.104277
0 0.283531 0.295080 0.057104 0.057104
0 0.275614 0.158379 0.071945 0.071945
0 0.508279 0.764929 0.104277 0.104277
0 0.886606 0.246206 0.071945 0.071945
0 0.492477 0.114635 0.071945 0.071945
0 0.198993 0.602416 0.052757 0.052757
0 0.673441 0.583993 0.104277 0.104277
0 0.774305 0.328590 0.057104 0.057104
0 0.466054 0.585777 0.062220 0.062220
0 0.775061 0.131446 0.061131 0.061131
0 0.884473 0.898606 0.071945 0.071945
0 0.051804 0.527994 0.062220 0.062220
0 0.320379 0.849098 0.057104 0.057104
0 0.073905 0.167128 0.104277 0.104277
0 0.744777 0.230721 0.071945 0.071945
0 0.634232 0.290903 0.071945 0.071945
0 0.525923 0.927462 0.052757 0.052757
0 0.597114 0.996543 0.104277 0.104277
0 0.565671 0.565654 0.062220 0.062220
0 0.495874 0.225957 0.052757 0.052757
0 0.373196 0.488781 0.071945 0.071945
0 0.363862 0.724565 0.052757 0.052757
0 0.409804 0.936148 0.057104 0.057104
0 0.756377 0.979505 0.104277 0.104277
0 0.871896 0.148735 0.052757 0.052757
0 0.807725 0.394229 0.062220 0.062220
0 0.969258 0.863965 0.062220 0.062220
0 0.007021 0.304974 0.104277 0.104277
0 0.078125 0.254563 0.057104 0.057104
0 0.661302 0.816868 0.062220 0.062220
0 0.064673 0.612476 0.061130 0.061130
0 0.221882 0.860316 0.052757 0.052757
0 0.551471 0.281068 0.052757 0.052757
0 0.852289 0.578167 0.061131 0.061131
0 0.605154 0.110032 0.071945 0.071945
0 0.142787 0.551875 0.071945 0.071945
0 0.756133 0.615485 0.061131 0.061131
0 0.104701 0.331235 0.104277 0.104277
0 0.018244 0.981517 0.057104 0.057104
0 0.936139 0.086950 0.062220 0.062220
0 0.629088 0.191285 0.057104 0.057104
0 0.001214 0.402364 0.057104 0.057104
0 0.081774 0.724527 0.057104 0.057104
0 0.245598 0.233979 0.062220 0.062220
0 0.315626 0.064559 0.104277 0.104277
0 0.719117 0.693648 0.052757 0.052757
0 0.798751 0.888469 0.061131 0.061131
0 0.624084 0.493681 0.052757 0.052757
0 0.871230 0.427344 0.071945 0.071945
0 0.952404 0.289347 0.071945 0.071945
0 0.687858 0.077877 0.104277 0.104277
0 0.597168 0.719063 0.104277 0.104277
0 0.375686 0.799050 0.061130 0.061130
0 0.319537 0.618966 0.104277 0.104277
0 0.282238 0.489866 0.052757 0.052757
0 0.086297 0.991744 0.057104 0.057104
0 0.502737 0.523629 0.057104 0.057104
0 0.385122 0.648055 0.071945 0.071945
0 0.461266 0.288492 0.104277 0.104277
0 0.615685 0.874497 0.061130 0.061130
0 0.882810 0.350394 0.071945 0.071945
0 0.379259 0.410559 0.056505 0.056505
0 0.982206 0.953290 0.057104 0.057104
0 0.888055 0.701311 0.104277 0.104277
0 0.656444 0.947410 0.061130 0.061130
0 0.018278 0.772205 0.062220 0.062220
0 0.954397 0.770748 0.052757 0.052757
0 0.833425 0.989431 0.071945 0.071945
0 0.961552 0.636292 0.071945 0.071945
0 0.975525 0.446306 0.104277 0.104277
0 0.599351 0.631912 0.057104 0.057104
0 0.373556 0.341870 0.061130 0.061130
0 0.350880 0.978269 0.062220 0.062220
0 0.701890 0.886220 0.071945 0.071945
0 0.706457 0.291955 0.057103 0.057103
0 0.450073 0.673211 0.057104 0.057104
0 0.173110 0.365672 0.062220 0.062220
0 0.083661 0.071615 0.062220 0.062220
0 0.132150 0.901425 0.104277 0.104277
0 0.110373 0.486091 0.057104 0.057104
0 0.137552 0.781720 0.057104 0.057104
0 0.190386 0.152922 0.061130 0.061130
0 0.859174 0.078299 0.057104 0.057104
0 0.197942 0.962581 0.062220 0.062220
0 0.841954 0.760448 0.052757 0.052757