0 0.055958 0.828738 0.052757 0.052757
0 0.607886 0.568106 0.052757 0.052757
0 0.557535 0.061427 0.062220 0.062220
0 0.971784 0.457949 0.062220 0.062220
0 0.531572 0.989287 0.057104 0.057104
0 0.882619 0.643108 0.104277 0.104277
0 0.482092 0.288643 0.052757 0.052757
0 0.028877 0.489786 0.071945 0.071945
0 0.607431 0.775936 0.057104 0.057104
0 0.673473 0.183103 0.071945 0.071945
0 0.720721 0.245542 0.061130 0.061130
0 0.021793 0.898983 0.062220 0.062220
0 0.898855 0.369497 0.052757 0.052757
0 0.828773 0.984068 0.052757 0.052757
0 0.234463 0.970140 0.071945 0.071945
0 0.652240 0.458582 0.057104 0.057104
0 0.966055 0.305406 0.052757 0.052757
0 0.739171 0.454839 0.057104 0.057104
0 0.049490 0.263522 0.104278 0.104278
0 0.962023 0.581358 0.071945 0.071945
0 0.420582 0.200137 0.071945 0.071945
0 0.350337 0.193052 0.057104 0.057104
0 0.618390 0.359044 0.057104 0.057104
0 0.979975 0.896944 0.071945 0.071945
0 0.019421 0.992153 0.052757 0.052757
0 0.165014 0.700258 0.071945 0.071945
0 0.354838 0.882887 0.061130 0.061130
0 0.158080 0.629802 0.071945 0.071945
0 0.765579 0.123235 0.061130 0.061130
0 0.653753 0.724569 0.071945 0.071945
0 0.748348 0.937197 0.062220 0.062220
0 0.864009 0.766197 0.061130 0.061130
0 0.353869 0.526812 0.071945 0.071945
0 0.799321 0.668458 0.061130 0.061130
0 0.770395 0.596723 0.061130 0.061130
0 0.551513 0.322996 0.104277 0.104277
0 0.415553 0.101174 0.057104 0.057104
0 0.657269 0.102921 0.057104 0.057104
0 0.322908 0.278303 0.057104 0.057104
0 0.949075 0.722993 0.104277 0.104277
0 0.525835 0.217258 0.104277 0.104277
0 0.809878 0.334661 0.052757 0.052757
0 0.108453 0.047361 0.062220 0.062220
0 0.802775 0.874584 0.061130 0.061130
0 0.540928 0.409558 0.104277 0.104277
0 0.365038 0.608510 0.071945 0.071945
0 0.902868 0.967120 0.057104 0.057104
0 0.795017 0.790902 0.104277 0.104277
0 0.330392 0.110557 0.052757 0.052757
0 0.525093 0.122527 0.052757 0.052757
0 0.999636 0.771530 0.104277 0.104277
0 0.342004 0.041848 0.061130 0.061130
0 0.484325 0.559641 0.052757 0.052757
0 0.710457 0.036020 0.104277 0.104277
0 0.978541 0.658840 0.052757 0.052757
0 0.316289 0.690735 0.052757 0.052757
0 0.248972 0.369289 0.061130 0.061130
0 0.057294 0.751074 0.104278 0.104278
0 0.690900 0.532327 0.071945 0.071945
0 0.615845 0.285297 0.062220 0.062220
0 0.240066 0.563168 0.061130 0.061130
0 0.248016 0.884323 0.104277 0.104277
0 0.930177 0.224994 0.052757 0.052757
0 0.576777 0.490994 0.104277 0.104277
0 0.586812 0.941361 0.050932 0.050932
0 0.126598 0.433440 0.061130 0.061130
0 0.723548 0.762475 0.052757 0.052757
0 0.198923 0.795193 0.057104 0.057104
0 0.887709 0.058949 0.104278 0.104278
0 0.489685 0.709366 0.071945 0.071945
0 0.700445 0.669535 0.061130 0.061130
0 0.276047 0.633994 0.062220 0.062220
0 0.268155 0.069993 0.061130 0.061130
0 0.913780 0.879037 0.057104 0.057104
0 0.412585 0.305789 0.057104 0.057104
0 0.723093 0.314696 0.057104 0.057104
0 0.142076 0.352852 0.057104 0.057104
0 0.214781 0.247963 0.104277 0.104277
0 0.447269 0.995997 0.071945 0.071945
0 0.354906 0.759168 0.104277 0.104277
0 0.061661 0.559112 0.061130 0.061130
0 0.944727 0.124860 0.062220 0.062220
0 0.025257 0.050875 0.061130 0.061130
0 0.823284 0.239436 0.057104 0.057104
0 0.697349 0.829501 0.061130 0.061130
0 0.559714 0.672660 0.071945 0.071945
0 0.412349 0.383898 0.061130 0.061130
0 0.342186 0.371177 0.062220 0.062220
0 0.687201 0.389161 0.048997 0.048997
0 0.976647 0.057231 0.071945 0.071945
0 0.890227 0.293792 0.062220 0.062220
0 0.154003 0.859910 0.062220 0.062220
0 0.113705 0.194555 0.104277 0.104277
0 0.360886 0.980816 0.052757 0.052757
0 0.623870 0.020343 0.057104 0.057104
0 0.822286 0.017029 0.104277 0.104277
0 0.498628 0.010692 0.104277 0.104277
0 0.886209 0.535153 0.062220 0.062220
0 0.658141 0.926186 0.062220 0.062220
0 0.453896 0.904090 0.062220 0.062220
0 0.072247 0.351900 0.057104 0.057104
0 0.119693 0.510674 0.057104 0.057104
0 0.889786 0.445342 0.061131 0.061131
0 0.310747 0.455717 0.071945 0.071945
0 0.093787 0.955979 0.057104 0.057104
0 0.464560 0.483538 0.104277 0.104277
0 0.230686 0.448641 0.071945 0.071945
0 0.220937 0.171500 0.061130 0.061130
0 0.303664 0.814095 0.071945 0.071945
0 0.398749 0.819064 0.047555 0.047555
0 0.532849 0.843860 0.052757 0.052757
0 0.605002 0.207405 0.057104 0.057104
0 0.024007 0.140307 0.071945 0.071945
0 0.163266 0.942865 0.057103 0.057103
0 0.817294 0.542147 0.071945 0.071945
0 0.612799 0.851741 0.071945 0.071945
0 0.059931 0.647328 0.062220 0.062220
0 0.188959 0.107690 0.062220 0.062220