0 0.650217 0.905727 0.104277 0.104277
0 0.606669 0.693736 0.061130 0.061130
0 0.539762 0.554065 0.104277 0.104277
0 0.601588 0.463017 0.071945 0.071945
0 0.800507 0.903403 0.062220 0.062220
0 0.753401 0.448627 0.071945 0.071945
0 0.832154 0.655485 0.104277 0.104277
0 0.507440 0.655634 0.052757 0.052757
0 0.910018 0.702010 0.071945 0.071945
0 0.836787 0.338930 0.061131 0.061131
0 0.545471 0.326118 0.104277 0.104277
0 0.051636 0.608731 0.052757 0.052757
0 0.001285 0.102052 0.062220 0.062220
0 0.867902 0.075325 0.104277 0.104277
0 0.644341 0.820542 0.057104 0.057104
0 0.415534 0.498574 0.062220 0.062220
0 0.673543 0.262089 0.052757 0.052757
0 0.326369 0.683733 0.104277 0.104277
0 0.584347 0.620273 0.061131 0.061131
0 0.860351 0.950891 0.052757 0.052757
0 0.051181 0.816561 0.057104 0.057104
0 0.617481 0.372614 0.057104 0.057104
0 0.117223 0.223728 0.071945 0.071945
0 0.921627 0.899406 0.057103 0.057103
0 0.668563 0.580768 0.052757 0.052757
0 0.164471 0.286167 0.061130 0.061130
0 0.936620 0.316570 0.104277 0.104277
0 0.342605 0.410122 0.052757 0.052757
0 0.806897 0.132980 0.062220 0.062220
0 0.724770 0.516728 0.057104 0.057104
0 0.644723 0.199528 0.057104 0.057104
0 0.641570 0.038703 0.052757 0.052757
0 0.837243 0.738739 0.036679 0.036679
0 0.752724 0.176966 0.061130 0.061130
0 0.467593 0.026006 0.061131 0.061131
0 0.095990 0.499207 0.057104 0.057104
0 0.671005 0.669350 0.057104 0.057104
0 0.409805 0.346031 0.052757 0.052757
0 0.182921 0.495464 0.057104 0.057104
0 0.993777 0.465925 0.052757 0.052757
0 0.962587 0.049775 0.061130 0.061130
0 0.980883 0.533787 0.104277 0.104277
0 0.405773 0.621983 0.071945 0.071945
0 0.695653 0.133989 0.061131 0.061131
0 0.886521 0.557419 0.104277 0.104277
0 0.514868 0.428314 0.071945 0.071945
0 0.744880 0.067442 0.057104 0.057104
0 0.977426 0.724894 0.062220 0.062220
0 0.062140 0.399669 0.057104 0.057104
0 0.423725 0.937569 0.071945 0.071945
0 0.476992 0.588432 0.057104 0.057104
0 0.209329 0.163860 0.061130 0.061130
0 0.097503 0.765194 0.071945 0.071945
0 0.833448 0.499127 0.061130 0.061130
0 0.192098 0.977822 0.062220 0.062220
0 0.307759 0.806822 0.061130 0.061130
0 0.968374 0.124650 0.061130 0.061130
0 0.912208 0.629742 0.061130 0.061130
0 0.481466 0.228150 0.104277 0.104277
0 0.243071 0.709083 0.061130 0.061130
0 0.214145 0.637348 0.061130 0.061130
0 0.783544 0.593610 0.062220 0.062220
0 0.101019 0.143546 0.057104 0.057104
0 0.392825 0.763618 0.104277 0.104277
0 0.556230 0.861491 0.071945 0.071945
0 0.253628 0.375286 0.052757 0.052757
0 0.696976 0.364640 0.062220 0.062220
0 0.246525 0.915209 0.061130 0.061130
0 0.238767 0.831527 0.104277 0.104277
0 0.443386 0.812155 0.104277 0.104277
0 0.154207 0.076645 0.104277 0.104277
0 0.422291 0.699465 0.052757 0.052757
0 0.729207 0.739153 0.062220 0.062220
0 0.134650 0.572952 0.071945 0.071945
0 0.059595 0.325922 0.062220 0.062220
0 0.764048 0.282491 0.071945 0.071945
0 0.373927 0.265619 0.052757 0.052757
0 0.366694 0.035956 0.062220 0.062220
0 0.871418 0.821849 0.104277 0.104277
0 0.020527 0.531619 0.104277 0.104277
0 0.547355 0.945407 0.057104 0.057104
0 0.030562 0.981986 0.050932 0.050932
0 0.167298 0.803100 0.052757 0.052757
0 0.331459 0.099574 0.104278 0.104278
0 0.784870 0.787071 0.071945 0.071945
0 0.144195 0.710160 0.061130 0.061130
0 0.503224 0.768215 0.052757 0.052757
0 0.357530 0.919662 0.057104 0.057104
0 0.581602 0.163745 0.062220 0.062220
0 0.166843 0.355321 0.057104 0.057104
0 0.388477 0.165485 0.062220 0.062220
0 0.267034 0.280061 0.057104 0.057104
0 0.141099 0.870126 0.061130 0.061130
0 0.003464 0.713285 0.071945 0.071945
0 0.925765 0.777218 0.061131 0.061131
0 0.130951 0.429786 0.048997 0.048997
0 0.420397 0.097856 0.071945 0.071945
0 0.333977 0.334417 0.062220 0.062220
0 0.907008 0.246152 0.057104 0.057104
0 0.067620 0.060968 0.057104 0.057104
0 0.266036 0.057654 0.104277 0.104277
0 0.329959 0.575778 0.062220 0.062220
0 0.460598 0.154782 0.052757 0.052757
0 0.101891 0.966811 0.062220 0.062220
0 0.889751 0.386090 0.057104 0.057104
0 0.333536 0.485967 0.061131 0.061131
0 0.898413 0.172453 0.104277 0.104277
0 0.967746 0.200048 0.104277 0.104277
0 0.981926 0.396306 0.052757 0.052757
0 0.048752 0.248030 0.057104 0.057104
0 0.261044 0.582772 0.071945 0.071945
0 0.721826 0.866970 0.057104 0.057104
0 0.056549 0.892366 0.071945 0.071945
0 0.549407 0.041165 0.061131 0.061131
0 0.991577 0.949701 0.061131 0.061131