0 0.651588 0.975517 0.071945 0.071945
0 0.803401 0.961127 0.071945 0.071945
0 0.854307 0.510161 0.104277 0.104277
0 0.886787 0.851430 0.061131 0.061131
0 0.595471 0.838618 0.104277 0.104277
0 0.957864 0.121019 0.062220 0.062220
0 0.051285 0.614552 0.062220 0.062220
0 0.935599 0.235929 0.104277 0.104277
0 0.917902 0.587825 0.104277 0.104277
0 0.723543 0.774589 0.052757 0.052757
0 0.920793 0.426405 0.061131 0.061131
0 0.930601 0.050312 0.052757 0.052757
0 0.667481 0.885114 0.057104 0.057104
0 0.167223 0.736228 0.071945 0.071945
0 0.804009 0.349938 0.071945 0.071945
0 0.214471 0.798667 0.061130 0.061130
0 0.986620 0.829070 0.104277 0.104277
0 0.392605 0.922622 0.052757 0.052757
0 0.856897 0.645480 0.062220 0.062220
0 0.694723 0.712028 0.057104 0.057104
0 0.691570 0.551203 0.052757 0.052757
0 0.802724 0.689466 0.061130 0.061130
0 0.517593 0.538506 0.061131 0.061131
0 0.459805 0.858531 0.052757 0.052757
0 0.202975 0.239127 0.057104 0.057104
0 0.452719 0.459813 0.062220 0.062220
0 0.745653 0.646489 0.061131 0.061131
0 0.564868 0.940814 0.071945 0.071945
0 0.794880 0.579942 0.057104 0.057104
0 0.861794 0.173747 0.071945 0.071945
0 0.424603 0.143847 0.061131 0.061131
0 0.712243 0.054898 0.061130 0.061130
0 0.112140 0.912169 0.057104 0.057104
0 0.737256 0.173773 0.104277 0.104277
0 0.140740 0.394258 0.057104 0.057104
0 0.488015 0.040317 0.071945 0.071945
0 0.861172 0.305450 0.104277 0.104277
0 0.259329 0.676360 0.061130 0.061130
0 0.173904 0.155554 0.104277 0.104277
0 0.060763 0.436693 0.052757 0.052757
0 0.550098 0.289231 0.071945 0.071945
0 0.531466 0.740650 0.104277 0.104277
0 0.143158 0.488758 0.057104 0.057104
0 0.045263 0.876121 0.104277 0.104277
0 0.151019 0.656046 0.057104 0.057104
0 0.191548 0.318087 0.052757 0.052757
0 0.262739 0.387168 0.104277 0.104277
0 0.019585 0.770383 0.104277 0.104277
0 0.303628 0.887786 0.052757 0.052757
0 0.746976 0.877140 0.062220 0.062220
0 0.034678 0.962683 0.104277 0.104277
0 0.563906 0.423645 0.061131 0.061131
0 0.018843 0.675652 0.052757 0.052757
0 0.204207 0.589145 0.104277 0.104277
0 0.339516 0.472342 0.061130 0.061130
0 0.029487 0.115190 0.052757 0.052757
0 0.075429 0.326773 0.057104 0.057104
0 0.422002 0.370130 0.104277 0.104277
0 0.634883 0.254590 0.062220 0.062220
0 0.326927 0.207493 0.062220 0.062220
0 0.653445 0.494024 0.057104 0.057104
0 0.109595 0.838422 0.062220 0.062220
0 0.814048 0.794991 0.071945 0.071945
0 0.423927 0.778119 0.052757 0.052757
0 0.416694 0.548456 0.062220 0.062220
0 0.421758 0.006110 0.061131 0.061131
0 0.776931 0.452648 0.071945 0.071945
0 0.219871 0.462866 0.061130 0.061130
0 0.381459 0.612074 0.104278 0.104278
0 0.384742 0.084273 0.052757 0.052757
0 0.464376 0.279094 0.061131 0.061131
0 0.631602 0.676245 0.062220 0.062220
0 0.216843 0.867821 0.057104 0.057104
0 0.933013 0.325198 0.052757 0.052757
0 0.438477 0.677985 0.062220 0.062220
0 0.317034 0.792561 0.057104 0.057104
0 0.262793 0.109688 0.104277 0.104277
0 0.041311 0.189675 0.061130 0.061130
0 0.683063 0.427072 0.052757 0.052757
0 0.180951 0.942286 0.048997 0.048997
0 0.470397 0.610356 0.071945 0.071945
0 0.383977 0.846917 0.062220 0.062220
0 0.050747 0.038680 0.071945 0.071945
0 0.714028 0.270229 0.057104 0.057104
0 0.957008 0.758652 0.057104 0.057104
0 0.281310 0.265122 0.061130 0.061130
0 0.117620 0.573468 0.057104 0.057104
0 0.316036 0.570154 0.104277 0.104277
0 0.647831 0.343915 0.057104 0.057104
0 0.553680 0.091936 0.104277 0.104277
0 0.510598 0.667282 0.052757 0.052757
0 0.939751 0.898590 0.057104 0.057104
0 0.322069 0.338035 0.061130 0.061130
0 0.620022 0.161373 0.052757 0.052757
0 0.383536 0.998467 0.061131 0.061131
0 0.499050 0.380056 0.071945 0.071945
0 0.627177 0.026917 0.071945 0.071945
0 0.948413 0.684953 0.104277 0.104277
0 0.264976 0.022537 0.057104 0.057104
0 0.016505 0.368894 0.062220 0.062220
0 0.367515 0.276845 0.071945 0.071945
0 0.115698 0.063836 0.057104 0.057104
0 0.843933 0.090117 0.104277 0.104277
0 0.098752 0.760530 0.057104 0.057104
0 0.507579 0.151073 0.052757 0.052757
0 0.802014 0.268227 0.062220 0.062220
0 0.599407 0.553665 0.061131 0.061131