0 0.900419 0.962486 0.061130 0.061130
0 0.833512 0.822815 0.104277 0.104277
0 0.895338 0.731767 0.071945 0.071945
0 0.801190 0.924384 0.052757 0.052757
0 0.839221 0.594868 0.104277 0.104277
0 0.345386 0.877481 0.052757 0.052757
0 0.295035 0.370802 0.062220 0.062220
0 0.709284 0.767324 0.062220 0.062220
0 0.967293 0.530839 0.052757 0.052757
0 0.620119 0.952483 0.104277 0.104277
0 0.219592 0.598018 0.052757 0.052757
0 0.878097 0.889023 0.061131 0.061131
0 0.241920 0.245187 0.057103 0.057103
0 0.911231 0.641364 0.057104 0.057104
0 0.410973 0.492478 0.071945 0.071945
0 0.962313 0.849518 0.052757 0.052757
0 0.458221 0.554917 0.061130 0.061130
0 0.013266 0.290832 0.052757 0.052757
0 0.636355 0.678872 0.052757 0.052757
0 0.938473 0.468278 0.057104 0.057104
0 0.935320 0.307453 0.052757 0.052757
0 0.761343 0.294756 0.061131 0.061131
0 0.389740 0.767957 0.057104 0.057104
0 0.964755 0.938100 0.057104 0.057104
0 0.703555 0.614781 0.052757 0.052757
0 0.476671 0.764214 0.057104 0.057104
0 0.699523 0.890733 0.071945 0.071945
0 0.696469 0.216063 0.062220 0.062220
0 0.989403 0.402739 0.061131 0.061131
0 0.808618 0.697064 0.071945 0.071945
0 0.174040 0.067325 0.104277 0.104277
0 0.158082 0.509512 0.071945 0.071945
0 0.087837 0.502427 0.057104 0.057104
0 0.355890 0.668419 0.057104 0.057104
0 0.384490 0.150508 0.057104 0.057104
0 0.770742 0.857182 0.057104 0.057104
0 0.503079 0.432610 0.061130 0.061130
0 0.304513 0.192943 0.052757 0.052757
0 0.091369 0.836187 0.071945 0.071945
0 0.057688 0.216285 0.062220 0.062220
0 0.793848 0.045481 0.071945 0.071945
0 0.775216 0.496900 0.104277 0.104277
0 0.536821 0.977833 0.061130 0.061130
0 0.507895 0.906098 0.061130 0.061130
0 0.386908 0.245008 0.057104 0.057104
0 0.289013 0.632371 0.104277 0.104277
0 0.153053 0.410549 0.057104 0.057104
0 0.394769 0.412296 0.057104 0.057104
0 0.060408 0.587678 0.057104 0.057104
0 0.435298 0.074337 0.052757 0.052757
0 0.506489 0.143418 0.104277 0.104277
0 0.263335 0.526633 0.104277 0.104277
0 0.547378 0.644036 0.052757 0.052757
0 0.990726 0.633390 0.062220 0.062220
0 0.278428 0.718933 0.104277 0.104277
0 0.102538 0.917885 0.071945 0.071945
0 0.067892 0.419932 0.052757 0.052757
0 0.807656 0.179895 0.061131 0.061131
0 0.262593 0.431902 0.052757 0.052757
0 0.079504 0.351223 0.061130 0.061130
0 0.221825 0.869016 0.052757 0.052757
0 0.447957 0.345395 0.104277 0.104277
0 0.716041 0.968215 0.052757 0.052757
0 0.583266 0.228592 0.061130 0.061130
0 0.319179 0.083023 0.057104 0.057104
0 0.148458 0.266041 0.071945 0.071945
0 0.665752 0.126380 0.104277 0.104277
0 0.878633 0.010840 0.062220 0.062220
0 0.897195 0.250274 0.057104 0.057104
0 0.428400 0.841702 0.071945 0.071945
0 0.353345 0.594672 0.062220 0.062220
0 0.131257 0.007191 0.052757 0.052757
0 0.667677 0.534369 0.052757 0.052757
0 0.660444 0.304706 0.062220 0.062220
0 0.314277 0.800369 0.104277 0.104277
0 0.463621 0.219116 0.061130 0.061130
0 0.625209 0.368324 0.104278 0.104278
0 0.708126 0.035344 0.061131 0.061131
0 0.437945 0.978910 0.061130 0.061130
0 0.013547 0.943369 0.062220 0.062220
0 0.005655 0.379368 0.061130 0.061130
0 0.875352 0.432495 0.062220 0.062220
0 0.150085 0.615164 0.057104 0.057104
0 0.460593 0.624071 0.057104 0.057104
0 0.682227 0.434235 0.062220 0.062220
0 0.560784 0.548811 0.057104 0.057104
0 0.297214 0.982035 0.071945 0.071945
0 0.149849 0.693273 0.061130 0.061130
0 0.079686 0.680552 0.062220 0.062220
0 0.926813 0.183322 0.052757 0.052757
0 0.424701 0.698536 0.048997 0.048997
0 0.714147 0.366606 0.071945 0.071945
0 0.627727 0.603167 0.062220 0.062220
0 0.957778 0.026479 0.057104 0.057104
0 0.525060 0.021372 0.061130 0.061130
0 0.361370 0.329718 0.057104 0.057104
0 0.559786 0.326404 0.104277 0.104277
0 0.236128 0.320067 0.104277 0.104277
0 0.891581 0.100165 0.057104 0.057104
0 0.623709 0.844528 0.062220 0.062220
0 0.754348 0.423532 0.052757 0.052757
0 0.565819 0.094285 0.061130 0.061130
0 0.627286 0.754717 0.061131 0.061131
0 0.742800 0.136306 0.071945 0.071945
0 0.048247 0.765092 0.071945 0.071945
0 0.260255 0.125144 0.062220 0.062220
0 0.611265 0.033095 0.071945 0.071945
0 0.202060 0.792913 0.104277 0.104277
0 0.041525 0.048300 0.104277 0.104277
0 0.160066 0.183999 0.052757 0.052757
0 0.342502 0.516780 0.057104 0.057104
0 0.107317 0.109456 0.062220 0.062220
0 0.554794 0.851522 0.071945 0.071945
0 0.843157 0.309915 0.061131 0.061131