0 0.143458 0.813113 0.052757 0.052757
0 0.695386 0.552481 0.052757 0.052757
0 0.645035 0.045802 0.062220 0.062220
0 0.619072 0.973662 0.057104 0.057104
0 0.970119 0.627483 0.104277 0.104277
0 0.569592 0.273018 0.052757 0.052757
0 0.116377 0.474161 0.071945 0.071945
0 0.694931 0.760311 0.057104 0.057104
0 0.760973 0.167478 0.071945 0.071945
0 0.808221 0.229917 0.061130 0.061130
0 0.109293 0.883358 0.062220 0.062220
0 0.986355 0.353872 0.052757 0.052757
0 0.916273 0.968443 0.052757 0.052757
0 0.321963 0.954515 0.071945 0.071945
0 0.739740 0.442957 0.057104 0.057104
0 0.826671 0.439214 0.057104 0.057104
0 0.136990 0.247897 0.104278 0.104278
0 0.508082 0.184512 0.071945 0.071945
0 0.437837 0.177427 0.057104 0.057104
0 0.705890 0.343419 0.057104 0.057104
0 0.732505 0.985758 0.071945 0.071945
0 0.106921 0.976528 0.052757 0.052757
0 0.252514 0.684633 0.071945 0.071945
0 0.442338 0.867262 0.061130 0.061130
0 0.245580 0.614177 0.071945 0.071945
0 0.853079 0.107610 0.061130 0.061130
0 0.741253 0.708944 0.071945 0.071945
0 0.835848 0.921572 0.062220 0.062220
0 0.951509 0.750572 0.061130 0.061130
0 0.441369 0.511187 0.071945 0.071945
0 0.886821 0.652833 0.061130 0.061130
0 0.857895 0.581098 0.061130 0.061130
0 0.639013 0.307371 0.104277 0.104277
0 0.503053 0.085549 0.057104 0.057104
0 0.744769 0.087296 0.057104 0.057104
0 0.410408 0.262678 0.057104 0.057104
0 0.613335 0.201633 0.104277 0.104277
0 0.897378 0.319036 0.052757 0.052757
0 0.195953 0.031736 0.062220 0.062220
0 0.890275 0.858959 0.061130 0.061130
0 0.628428 0.393933 0.104277 0.104277
0 0.452538 0.592885 0.071945 0.071945
0 0.990368 0.951495 0.057104 0.057104
0 0.882517 0.775277 0.104277 0.104277
0 0.417892 0.094932 0.052757 0.052757
0 0.612593 0.106902 0.052757 0.052757
0 0.429504 0.026223 0.061130 0.061130
0 0.571825 0.544016 0.052757 0.052757
0 0.797957 0.020395 0.104277 0.104277
0 0.403789 0.675110 0.052757 0.052757
0 0.336472 0.353664 0.061130 0.061130
0 0.144794 0.735449 0.104278 0.104278
0 0.778400 0.516702 0.071945 0.071945
0 0.703345 0.269672 0.062220 0.062220
0 0.327566 0.547543 0.061130 0.061130
0 0.335516 0.868698 0.104277 0.104277
0 0.664277 0.475369 0.104277 0.104277
0 0.674312 0.925736 0.050932 0.050932
0 0.214098 0.417815 0.061130 0.061130
0 0.811048 0.746850 0.052757 0.052757
0 0.286423 0.779568 0.057104 0.057104
0 0.975209 0.043324 0.104278 0.104278
0 0.577185 0.693741 0.071945 0.071945
0 0.787945 0.653910 0.061130 0.061130
0 0.363547 0.618369 0.062220 0.062220
0 0.355655 0.054368 0.061130 0.061130
0 0.500085 0.290164 0.057104 0.057104
0 0.810593 0.299071 0.057104 0.057104
0 0.229576 0.337227 0.057104 0.057104
0 0.302281 0.232338 0.104277 0.104277
0 0.534769 0.980372 0.071945 0.071945
0 0.442406 0.743543 0.104277 0.104277
0 0.149161 0.543487 0.061130 0.061130
0 0.112757 0.035250 0.061130 0.061130
0 0.910784 0.223811 0.057104 0.057104
0 0.784849 0.813876 0.061130 0.061130
0 0.647214 0.657035 0.071945 0.071945
0 0.499849 0.368273 0.061130 0.061130
0 0.429686 0.355552 0.062220 0.062220
0 0.774701 0.373536 0.048997 0.048997
0 0.977727 0.278167 0.062220 0.062220
0 0.241503 0.844285 0.062220 0.062220
0 0.201205 0.178930 0.104277 0.104277
0 0.448386 0.965191 0.052757 0.052757
0 0.711370 0.004718 0.057104 0.057104
0 0.909786 0.001404 0.104277 0.104277
0 0.973709 0.519528 0.062220 0.062220
0 0.745641 0.910561 0.062220 0.062220
0 0.541396 0.888465 0.062220 0.062220
0 0.159747 0.336275 0.057104 0.057104
0 0.207193 0.495049 0.057104 0.057104
0 0.977286 0.429717 0.061131 0.061131
0 0.398247 0.440092 0.071945 0.071945
0 0.181287 0.940354 0.057104 0.057104
0 0.552060 0.467913 0.104277 0.104277
0 0.318186 0.433016 0.071945 0.071945
0 0.308437 0.155875 0.061130 0.061130
0 0.391164 0.798470 0.071945 0.071945
0 0.486249 0.803439 0.047555 0.047555
0 0.620349 0.828235 0.052757 0.052757
0 0.692502 0.191780 0.057104 0.057104
0 0.111507 0.124682 0.071945 0.071945
0 0.250766 0.927240 0.057103 0.057103
0 0.904794 0.526522 0.071945 0.071945
0 0.700299 0.836116 0.071945 0.071945
0 0.147431 0.631703 0.062220 0.062220
0 0.276459 0.092065 0.062220 0.062220