0 0.393967 0.371352 0.104277 0.104277
0 0.350419 0.159361 0.061130 0.061130
0 0.066427 0.578880 0.104278 0.104278
0 0.753364 0.121070 0.052757 0.052757
0 0.283512 0.019690 0.104277 0.104277
0 0.544257 0.369028 0.062220 0.062220
0 0.575904 0.121110 0.104277 0.104277
0 0.251190 0.121259 0.052757 0.052757
0 0.875969 0.878957 0.071945 0.071945
0 0.184571 0.740228 0.052757 0.052757
0 0.653768 0.167635 0.071945 0.071945
0 0.364868 0.926974 0.061130 0.061130
0 0.907515 0.359503 0.047276 0.047276
0 0.797869 0.666104 0.062220 0.062220
0 0.083865 0.689685 0.052757 0.052757
0 0.537812 0.888850 0.071945 0.071945
0 0.104936 0.860912 0.052757 0.052757
0 0.388091 0.286167 0.057104 0.057104
0 0.181243 0.936047 0.071945 0.071945
0 0.423953 0.472803 0.051819 0.051819
0 0.070119 0.149358 0.104277 0.104277
0 0.898754 0.101136 0.071945 0.071945
0 0.328097 0.085898 0.061131 0.061131
0 0.604101 0.416516 0.052757 0.052757
0 0.316659 0.761604 0.104277 0.104277
0 0.734299 0.818901 0.071945 0.071945
0 0.665377 0.365031 0.057103 0.057103
0 0.412313 0.046393 0.052757 0.052757
0 0.739046 0.750455 0.062220 0.062220
0 0.677002 0.946206 0.057104 0.057104
0 0.619719 0.877990 0.062220 0.062220
0 0.580993 0.204364 0.036679 0.036679
0 0.016273 0.490318 0.052757 0.052757
0 0.700031 0.482371 0.104277 0.104277
0 0.414755 0.134975 0.057104 0.057104
0 0.499794 0.543147 0.104277 0.104277
0 0.805368 0.850683 0.061130 0.061130
0 0.494931 0.469854 0.071945 0.071945
0 0.891523 0.465428 0.071945 0.071945
0 0.149523 0.087608 0.071945 0.071945
0 0.201402 0.482563 0.052757 0.052757
0 0.630271 0.023044 0.104277 0.104277
0 0.797362 0.497239 0.061131 0.061131
0 0.069140 0.935091 0.104277 0.104277
0 0.016437 0.796737 0.057104 0.057104
0 0.221774 0.878341 0.052757 0.052757
0 0.913401 0.248501 0.057104 0.057104
0 0.416249 0.629776 0.054783 0.054783
0 0.721176 0.190519 0.062220 0.062220
0 0.583801 0.563688 0.057103 0.057103
0 0.384351 0.741942 0.071945 0.071945
0 0.384611 0.812766 0.061130 0.061130
0 0.167475 0.403194 0.071945 0.071945
0 0.678107 0.630509 0.061131 0.061131
0 0.264631 0.638444 0.057104 0.057104
0 0.629285 0.498390 0.061131 0.061131
0 0.220742 0.054057 0.057104 0.057104
0 0.051509 0.272447 0.061130 0.061130
0 0.894856 0.590932 0.071945 0.071945
0 0.900238 0.729457 0.104278 0.104278
0 0.829839 0.351370 0.062220 0.062220
0 0.655958 0.095367 0.061130 0.061130
0 0.278826 0.516570 0.052757 0.052757
0 0.527294 0.059235 0.062220 0.062220
0 0.136575 0.229243 0.104277 0.104277
0 0.299980 0.327116 0.071945 0.071945
0 0.831443 0.564035 0.104278 0.104278
0 0.508764 0.730434 0.052757 0.052757
0 0.804423 0.206443 0.104277 0.104277
0 0.090368 0.473370 0.057104 0.057104
0 0.189969 0.550986 0.062220 0.062220
0 0.754796 0.603614 0.062220 0.062220
0 0.187136 0.277780 0.104277 0.104277
0 0.166041 0.165090 0.052757 0.052757
0 0.196441 0.809651 0.104277 0.104277
0 0.551628 0.969945 0.052757 0.052757
0 0.472957 0.204778 0.062220 0.062220
0 0.136272 0.607075 0.104277 0.104277
0 0.615168 0.287474 0.104277 0.104277
0 0.291105 0.411032 0.057104 0.057104
0 0.753685 0.955349 0.061131 0.061131
0 0.659322 0.819612 0.057104 0.057104
0 0.678357 0.554113 0.071945 0.071945
0 0.528620 0.252696 0.071945 0.071945
0 0.246974 0.233840 0.052757 0.052757
0 0.101280 0.385287 0.057104 0.057104
0 0.492609 0.616525 0.104277 0.104277
0 0.669515 0.242843 0.061131 0.061131
0 0.801790 0.030573 0.071945 0.071945
0 0.325894 0.985965 0.061130 0.061130
0 0.455165 0.806337 0.071945 0.071945
0 0.557152 0.660723 0.057104 0.057104
0 0.597198 0.717861 0.104277 0.104277
0 0.098397 0.778742 0.061131 0.061131
0 0.453965 0.900890 0.071945 0.071945
0 0.073709 0.041403 0.062220 0.062220
0 0.402690 0.561822 0.052757 0.052757
0 0.330127 0.596049 0.104277 0.104277
0 0.840808 0.968843 0.052757 0.052757
0 0.020409 0.648794 0.071945 0.071945
0 0.762183 0.279840 0.071945 0.071945
0 0.260610 0.715014 0.071945 0.071945
0 0.566874 0.809465 0.104277 0.104277
0 0.291317 0.852954 0.104277 0.104277
0 0.843083 0.775010 0.061131 0.061131
0 0.004794 0.048397 0.071945 0.071945
0 0.465576 0.332595 0.057104 0.057104
0 0.735327 0.415326 0.061131 0.061131