0 0.922092 0.540102 0.104277 0.104277
0 0.878544 0.328111 0.061130 0.061130
0 0.594552 0.747630 0.104278 0.104278
0 0.811637 0.188440 0.104277 0.104277
0 0.873463 0.097392 0.071945 0.071945
0 0.779315 0.290009 0.052757 0.052757
0 0.712696 0.908978 0.052757 0.052757
0 0.323511 0.243106 0.052757 0.052757
0 0.237229 0.899953 0.061130 0.061130
0 0.611990 0.858435 0.052757 0.052757
0 0.916216 0.454917 0.057104 0.057104
0 0.687409 0.132949 0.062220 0.062220
0 0.952078 0.641553 0.051819 0.051819
0 0.247197 0.664287 0.057104 0.057104
0 0.598244 0.318108 0.104277 0.104277
0 0.856222 0.254648 0.061131 0.061131
0 0.290207 0.977340 0.104277 0.104277
0 0.323056 0.450936 0.057104 0.057104
0 0.889356 0.006989 0.057104 0.057104
0 0.844784 0.930354 0.104277 0.104277
0 0.940438 0.215143 0.052757 0.052757
0 0.614480 0.044497 0.052757 0.052757
0 0.996645 0.151103 0.057104 0.057104
0 0.544398 0.659068 0.052757 0.052757
0 0.088693 0.749662 0.104277 0.104277
0 0.009124 0.818586 0.052757 0.052757
0 0.367865 0.133582 0.057104 0.057104
0 0.942880 0.303725 0.057104 0.057104
0 0.232079 0.818823 0.104277 0.104277
0 0.454796 0.129839 0.057104 0.057104
0 0.677648 0.256358 0.071945 0.071945
0 0.729527 0.651313 0.052757 0.052757
0 0.786743 0.062689 0.071945 0.071945
0 0.168034 0.900880 0.052757 0.052757
0 0.544562 0.965487 0.057104 0.057104
0 0.944374 0.798526 0.054783 0.054783
0 0.334015 0.034044 0.057104 0.057104
0 0.912476 0.910692 0.071945 0.071945
0 0.912736 0.981516 0.061130 0.061130
0 0.695600 0.571944 0.071945 0.071945
0 0.469277 0.777541 0.061130 0.061130
0 0.360630 0.676383 0.071945 0.071945
0 0.527279 0.892079 0.052757 0.052757
0 0.792756 0.807194 0.057104 0.057104
0 0.748867 0.222807 0.057104 0.057104
0 0.070463 0.557887 0.061130 0.061130
0 0.369378 0.399569 0.071945 0.071945
0 0.349534 0.844676 0.061130 0.061130
0 0.320203 0.761011 0.062220 0.062220
0 0.463973 0.612197 0.062220 0.062220
0 0.579634 0.441197 0.061130 0.061130
0 0.806951 0.685320 0.052757 0.052757
0 0.069494 0.201812 0.071945 0.071945
0 0.023331 0.707665 0.104277 0.104277
0 0.514946 0.343458 0.061130 0.061130
0 0.486020 0.271723 0.061130 0.061130
0 0.664700 0.397993 0.104277 0.104277
0 0.828105 0.495866 0.071945 0.071945
0 0.525503 0.009661 0.052757 0.052757
0 0.518400 0.549584 0.061130 0.061130
0 0.256553 0.084558 0.104277 0.104277
0 0.080663 0.283510 0.071945 0.071945
0 0.618493 0.642120 0.057104 0.057104
0 0.510642 0.465902 0.104277 0.104277
0 0.718094 0.719736 0.062220 0.062220
0 0.715261 0.446530 0.104277 0.104277
0 0.199950 0.234641 0.052757 0.052757
0 0.694166 0.333840 0.052757 0.052757
0 0.031914 0.365735 0.052757 0.052757
0 0.724566 0.978401 0.104277 0.104277
0 0.406525 0.207327 0.071945 0.071945
0 0.460853 0.854176 0.104277 0.104277
0 0.421499 0.708197 0.071945 0.071945
0 0.664397 0.775825 0.104277 0.104277
0 0.292402 0.165994 0.104277 0.104277
0 0.819230 0.579782 0.057104 0.057104
0 0.162565 0.772264 0.071945 0.071945
0 0.302437 0.616361 0.050932 0.050932
0 0.439173 0.437475 0.052757 0.052757
0 0.205310 0.384366 0.071945 0.071945
0 0.416070 0.344535 0.061130 0.061130
0 0.775099 0.402590 0.052757 0.052757
0 0.629405 0.554037 0.057104 0.057104
0 0.162894 0.670997 0.071945 0.071945
0 0.070531 0.434168 0.104277 0.104277
0 0.412974 0.504501 0.061130 0.061130
0 0.275339 0.347660 0.071945 0.071945
0 0.127974 0.058898 0.061130 0.061130
0 0.983290 0.975087 0.071945 0.071945
0 0.057811 0.046177 0.062220 0.062220
0 0.086005 0.879514 0.104277 0.104277
0 0.402826 0.064161 0.048997 0.048997
0 0.626522 0.947492 0.061131 0.061131
0 0.473629 0.988817 0.104277 0.104277
0 0.076511 0.655816 0.052757 0.052757
0 0.601834 0.210153 0.062220 0.062220
0 0.930815 0.730572 0.052757 0.052757
0 0.858252 0.764799 0.104277 0.104277
0 0.373766 0.601186 0.062220 0.062220
0 0.169521 0.579090 0.062220 0.062220
0 0.605411 0.120342 0.061131 0.061131
0 0.026372 0.130717 0.071945 0.071945
0 0.180185 0.158538 0.104277 0.104277
0 0.083910 0.969877 0.062220 0.062220
0 0.548534 0.817544 0.071945 0.071945
0 0.379527 0.928573 0.061130 0.061130
0 0.019289 0.489095 0.071945 0.071945
0 0.788735 0.883764 0.071945 0.071945
0 0.114374 0.494064 0.047555 0.047555
0 0.248474 0.518860 0.052757 0.052757
0 0.532919 0.217147 0.071945 0.071945
0 0.244194 0.736965 0.071945 0.071945
0 0.993701 0.501345 0.057104 0.057104
0 0.328424 0.526741 0.071945 0.071945