0 0.457535 0.780177 0.062220 0.062220
0 0.376362 0.244606 0.104277 0.104277
0 0.404420 0.654562 0.057103 0.057103
0 0.573473 0.901853 0.071945 0.071945
0 0.038020 0.627848 0.104277 0.104277
0 0.620721 0.964292 0.061130 0.061130
0 0.175766 0.700207 0.052757 0.052757
0 0.581444 0.000415 0.062220 0.062220
0 0.923843 0.704131 0.061131 0.061131
0 0.609225 0.404752 0.057104 0.057104
0 0.858969 0.625438 0.062220 0.062220
0 0.336540 0.476700 0.104277 0.104277
0 0.997932 0.068624 0.071945 0.071945
0 0.320582 0.918887 0.071945 0.071945
0 0.250337 0.911802 0.057104 0.057104
0 0.813725 0.007180 0.062220 0.062220
0 0.830853 0.309472 0.061131 0.061131
0 0.145301 0.409759 0.104277 0.104277
0 0.038878 0.023923 0.104277 0.104277
0 0.850296 0.071016 0.104277 0.104277
0 0.258834 0.006618 0.071945 0.071945
0 0.355937 0.340849 0.057104 0.057104
0 0.003136 0.431590 0.062220 0.062220
0 0.014801 0.321812 0.062220 0.062220
0 0.546990 0.559883 0.057104 0.057104
0 0.304507 0.289718 0.104277 0.104277
0 0.894265 0.205942 0.071945 0.071945
0 0.076446 0.468111 0.062220 0.062220
0 0.665579 0.841985 0.061130 0.061130
0 0.580154 0.321179 0.104277 0.104277
0 0.467013 0.602318 0.052757 0.052757
0 0.270868 0.158666 0.052757 0.052757
0 0.745316 0.140243 0.104277 0.104277
0 0.537929 0.142027 0.062220 0.062220
0 0.220188 0.625660 0.062220 0.062220
0 0.956348 0.454856 0.071945 0.071945
0 0.937716 0.906275 0.104277 0.104277
0 0.123679 0.084244 0.062220 0.062220
0 0.392254 0.405348 0.057104 0.057104
0 0.549408 0.654383 0.057104 0.057104
0 0.315553 0.819924 0.057104 0.057104
0 0.557269 0.821671 0.057104 0.057104
0 0.222908 0.997053 0.057104 0.057104
0 0.597798 0.483712 0.052757 0.052757
0 0.668989 0.552793 0.104277 0.104277
0 0.637546 0.121904 0.062220 0.062220
0 0.425835 0.936008 0.104277 0.104277
0 0.069137 0.200135 0.061130 0.061130
0 0.008453 0.766111 0.062220 0.062220
0 0.230392 0.829307 0.052757 0.052757
0 0.970156 0.589270 0.061131 0.061131
0 0.425093 0.841277 0.052757 0.052757
0 0.242004 0.760598 0.061130 0.061130
0 0.445071 0.045031 0.071945 0.071945
0 0.610457 0.754770 0.104277 0.104277
0 0.745766 0.637967 0.061130 0.061130
0 0.435737 0.280815 0.052757 0.052757
0 0.481679 0.492398 0.057104 0.057104
0 0.310958 0.675416 0.071945 0.071945
0 0.828252 0.535755 0.104277 0.104277
0 0.733177 0.373118 0.062220 0.062220
0 0.136548 0.168726 0.061130 0.061130
0 0.005722 0.147984 0.061130 0.061130
0 0.293757 0.416566 0.052757 0.052757
0 0.924164 0.134417 0.061131 0.061131
0 0.830177 0.943744 0.052757 0.052757
0 0.822944 0.714081 0.062220 0.062220
0 0.214662 0.108125 0.071945 0.071945
0 0.828008 0.171735 0.061131 0.061131
0 0.090119 0.537767 0.057104 0.057104
0 0.626121 0.628491 0.061130 0.061130
0 0.153649 0.280777 0.057104 0.057104
0 0.787709 0.777699 0.104278 0.104278
0 0.790992 0.249898 0.052757 0.052757
0 0.870626 0.444719 0.061131 0.061131
0 0.168155 0.788743 0.061130 0.061130
0 0.695959 0.049931 0.052757 0.052757
0 0.134767 0.625929 0.062220 0.062220
0 0.114781 0.966713 0.104277 0.104277
0 0.844727 0.843610 0.062220 0.062220
0 0.723284 0.958186 0.057104 0.057104
0 0.669043 0.275313 0.104277 0.104277
0 0.447561 0.355300 0.061130 0.061130
0 0.391412 0.175216 0.104277 0.104277
0 0.354113 0.046116 0.052757 0.052757
0 0.876647 0.775981 0.071945 0.071945
0 0.158172 0.547994 0.057104 0.057104
0 0.574612 0.079879 0.057104 0.057104
0 0.013705 0.913305 0.104277 0.104277
0 0.456997 0.204305 0.071945 0.071945
0 0.016540 0.555343 0.052757 0.052757
0 0.687560 0.430747 0.061130 0.061130
0 0.523870 0.739093 0.057104 0.057104
0 0.722286 0.735779 0.104277 0.104277
0 0.398628 0.729442 0.104277 0.104277
0 0.959930 0.257561 0.104277 0.104277
0 0.916848 0.832907 0.052757 0.052757
0 0.728319 0.503660 0.061130 0.061130
0 0.090153 0.328455 0.062220 0.062220
0 0.905300 0.545681 0.071945 0.071945
0 0.671226 0.188162 0.057104 0.057104
0 0.422755 0.534519 0.062220 0.062220
0 0.773765 0.442470 0.071945 0.071945
0 0.052087 0.703315 0.071945 0.071945
0 0.521948 0.229461 0.057104 0.057104
0 0.120937 0.890250 0.061130 0.061130
0 0.204025 0.457675 0.104277 0.104277
0 0.182248 0.042341 0.057104 0.057104
0 0.322566 0.593374 0.052757 0.052757
0 0.209427 0.337970 0.057104 0.057104
0 0.505002 0.926155 0.057104 0.057104
0 0.269817 0.518831 0.062220 0.062220
0 0.913829 0.316698 0.052757 0.052757
0 0.088959 0.826440 0.062220 0.062220