0 0.268458 0.159988 0.052757 0.052757
0 0.882062 0.922196 0.052757 0.052757
0 0.734104 0.556203 0.061130 0.061130
0 0.873487 0.834775 0.104277 0.104277
0 0.955844 0.766573 0.104277 0.104277
0 0.880011 0.735633 0.061130 0.061130
0 0.744072 0.320537 0.057104 0.057104
0 0.238934 0.644167 0.062220 0.062220
0 0.787082 0.633590 0.104277 0.104277
0 0.819931 0.107186 0.057104 0.057104
0 0.234293 0.230233 0.062220 0.062220
0 0.459539 0.762924 0.061130 0.061130
0 0.446963 0.301390 0.071945 0.071945
0 0.262010 0.881536 0.104278 0.104278
0 0.585568 0.405912 0.104277 0.104277
0 0.505999 0.474836 0.052757 0.052757
0 0.728954 0.475073 0.104277 0.104277
0 0.802434 0.873555 0.052757 0.052757
0 0.418567 0.469034 0.052757 0.052757
0 0.664909 0.557130 0.052757 0.052757
0 0.944605 0.845723 0.061130 0.061130
0 0.619436 0.776274 0.104278 0.104278
0 0.686285 0.754665 0.052757 0.052757
0 0.966152 0.433791 0.061130 0.061130
0 0.857505 0.332633 0.071945 0.071945
0 0.327394 0.933742 0.062220 0.062220
0 0.231921 0.323403 0.052757 0.052757
0 0.377514 0.031508 0.071945 0.071945
0 0.567338 0.214137 0.061130 0.061130
0 0.866253 0.055819 0.071945 0.071945
0 0.846409 0.500926 0.061130 0.061130
0 0.817078 0.417261 0.062220 0.062220
0 0.960848 0.268447 0.062220 0.062220
0 0.285380 0.565438 0.061130 0.061130
0 0.866447 0.663227 0.052757 0.052757
0 0.652164 0.877158 0.057104 0.057104
0 0.520206 0.363915 0.104277 0.104277
0 0.579439 0.843538 0.071945 0.071945
0 0.996431 0.983887 0.071945 0.071945
0 0.518024 0.923104 0.052757 0.052757
0 0.710320 0.918996 0.071945 0.071945
0 0.236348 0.951578 0.104277 0.104277
0 0.446281 0.831508 0.057104 0.057104
0 0.416778 0.909330 0.104277 0.104277
0 0.528789 0.021985 0.052757 0.052757
0 0.372425 0.361616 0.052757 0.052757
0 0.269794 0.082324 0.104278 0.104278
0 0.957728 0.510426 0.104277 0.104277
0 0.918374 0.364447 0.071945 0.071945
0 0.460516 0.215573 0.104277 0.104277
0 0.368359 0.809890 0.071945 0.071945
0 0.659440 0.428514 0.071945 0.071945
0 0.799312 0.272611 0.050932 0.050932
0 0.242528 0.751131 0.057104 0.057104
0 0.936048 0.093725 0.052757 0.052757
0 0.411423 0.126443 0.057104 0.057104
0 0.702185 0.040616 0.071945 0.071945
0 0.912945 0.000785 0.061130 0.061130
0 0.589849 0.953889 0.052757 0.052757
0 0.659769 0.327247 0.071945 0.071945
0 0.567406 0.090418 0.104277 0.104277
0 0.338629 0.448826 0.104277 0.104277
0 0.349735 0.702893 0.057104 0.057104
0 0.909849 0.160751 0.061130 0.061130
0 0.772214 0.003910 0.071945 0.071945
0 0.532737 0.691529 0.104277 0.104277
0 0.582880 0.535764 0.104277 0.104277
0 0.366503 0.191160 0.062220 0.062220
0 0.970504 0.645067 0.104277 0.104277
0 0.573386 0.312066 0.052757 0.052757
0 0.870641 0.257436 0.062220 0.062220
0 0.666396 0.235340 0.062220 0.062220
0 0.488553 0.610541 0.052757 0.052757
0 0.367782 0.525330 0.104277 0.104277
0 0.457442 0.683177 0.061130 0.061130
0 0.306287 0.287229 0.057104 0.057104
0 0.580785 0.626127 0.062220 0.062220
0 0.647295 0.661169 0.071945 0.071945
0 0.876402 0.584823 0.061130 0.061130
0 0.516164 0.145345 0.071945 0.071945
0 0.285288 0.807609 0.052757 0.052757
0 0.611249 0.150314 0.047555 0.047555
0 0.745349 0.175110 0.052757 0.052757
0 0.776917 0.772273 0.104277 0.104277
0 0.257889 0.468061 0.071945 0.071945
0 0.550468 0.767545 0.052757 0.052757
0 0.375766 0.274115 0.057103 0.057103
0 0.741069 0.393215 0.071945 0.071945
0 0.359477 0.596672 0.104277 0.104277
0 0.825299 0.182991 0.071945 0.071945
0 0.816201 0.942533 0.104277 0.104277