0 0.401720 0.255032 0.071945 0.071945
0 0.964259 0.761734 0.104277 0.104277
0 0.603264 0.865683 0.052757 0.052757
0 0.676841 0.223011 0.071945 0.071945
0 0.203333 0.100377 0.104277 0.104277
0 0.708969 0.338381 0.052757 0.052757
0 0.410404 0.625364 0.061130 0.061130
0 0.947252 0.445535 0.061131 0.061131
0 0.853129 0.561869 0.062220 0.062220
0 0.446118 0.011349 0.061130 0.061130
0 0.852396 0.136326 0.104277 0.104277
0 0.836485 0.732062 0.052757 0.052757
0 0.472531 0.733456 0.104277 0.104277
0 0.994307 0.854187 0.052757 0.052757
0 0.296468 0.521745 0.104277 0.104277
0 0.255329 0.643356 0.104277 0.104277
0 0.141845 0.685330 0.071945 0.071945
0 0.299869 0.274487 0.062220 0.062220
0 0.262493 0.020422 0.071945 0.071945
0 0.012094 0.025948 0.104277 0.104277
0 0.729284 0.584665 0.104277 0.104277
0 0.325222 0.446745 0.057104 0.057104
0 0.819392 0.299445 0.104277 0.104277
0 0.868742 0.841786 0.061130 0.061130
0 0.840299 0.912766 0.104277 0.104277
0 0.774531 0.490564 0.071945 0.071945
0 0.984589 0.383188 0.052757 0.052757
0 0.697770 0.092083 0.104277 0.104277
0 0.335346 0.801355 0.062220 0.062220
0 0.393569 0.429181 0.104277 0.104277
0 0.810783 0.643323 0.052757 0.052757
0 0.551231 0.726373 0.062220 0.062220
0 0.278922 0.370243 0.061130 0.061130
0 0.158227 0.412117 0.057104 0.057104
0 0.063202 0.172003 0.104277 0.104277
0 0.758252 0.030581 0.057104 0.057104
0 0.801219 0.204256 0.062220 0.062220
0 0.553961 0.331443 0.052757 0.052757
0 0.095743 0.518875 0.057104 0.057104
0 0.211719 0.548966 0.104277 0.104277
0 0.005808 0.875021 0.071945 0.071945
0 0.672704 0.719193 0.062220 0.062220
0 0.521178 0.518311 0.071945 0.071945
0 0.151156 0.758295 0.071945 0.071945
0 0.731182 0.433320 0.102474 0.102474
0 0.772071 0.790440 0.071945 0.071945
0 0.340366 0.096711 0.052757 0.052757
0 0.625518 0.425495 0.104277 0.104277
0 0.150390 0.019466 0.104277 0.104277
0 0.673921 0.890234 0.104277 0.104277
0 0.634342 0.159287 0.062220 0.062220
0 0.478029 0.234837 0.061131 0.061131
0 0.000855 0.105098 0.061130 0.061130
0 0.436422 0.163288 0.071945 0.071945
0 0.224623 0.281837 0.062220 0.062220
0 0.758568 0.887121 0.104277 0.104277
0 0.439568 0.486148 0.057104 0.057104
0 0.177264 0.622687 0.057104 0.057104
0 0.252290 0.439675 0.104277 0.104277
0 0.045424 0.666351 0.062220 0.062220
0 0.120951 0.133458 0.071945 0.071945
0 0.166243 0.875417 0.057104 0.057104
0 0.920864 0.192232 0.045227 0.045227
0 0.580172 0.792126 0.062220 0.062220
0 0.555252 0.240559 0.052757 0.052757
0 0.264798 0.200097 0.061130 0.061130
0 0.976529 0.096027 0.061130 0.061130
0 0.534923 0.890697 0.052757 0.052757
0 0.538361 0.447669 0.062220 0.062220
0 0.071812 0.794288 0.061130 0.061130
0 0.482784 0.627428 0.104277 0.104277
0 0.075336 0.389406 0.062220 0.062220
0 0.052681 0.243262 0.071945 0.071945
0 0.210235 0.709440 0.062220 0.062220
0 0.394779 0.855158 0.052757 0.052757
0 0.666766 0.817094 0.052757 0.052757
0 0.081390 0.897638 0.062220 0.062220
0 0.310877 0.591081 0.062220 0.062220
0 0.632878 0.054320 0.052757 0.052757
0 0.185090 0.480428 0.071945 0.071945
0 0.544925 0.106184 0.052757 0.052757
0 0.968118 0.662882 0.061131 0.061131
0 0.486401 0.802988 0.061131 0.061131
0 0.364462 0.172571 0.057104 0.057104
0 0.834935 0.039724 0.061131 0.061131
0 0.461726 0.553150 0.104277 0.104277
0 0.933690 0.538894 0.061131 0.061131
0 0.899944 0.689979 0.062221 0.062221
0 0.735842 0.690261 0.052757 0.052757
0 0.631947 0.332620 0.055027 0.055027
0 0.764139 0.133442 0.061131 0.061131
0 0.422638 0.361533 0.062220 0.062220
0 0.305164 0.886068 0.061130 0.061130
0 0.841976 0.436798 0.104277 0.104277
0 0.450382 0.904203 0.062220 0.062220
0 0.278005 0.127561 0.050559 0.050559
0 0.572227 0.625696 0.052757 0.052757
0 0.407144 0.070340 0.061130 0.061130
0 0.092407 0.601908 0.052757 0.052757
0 0.378628 0.518496 0.071945 0.071945
0 0.247157 0.789553 0.061131 0.061131
0 0.494677 0.374343 0.104277 0.104277
0 0.658687 0.518600 0.061130 0.061130
0 0.337178 0.718606 0.104277 0.104277
0 0.019182 0.597186 0.052757 0.052757
0 0.922058 0.053218 0.052757 0.052757
0 0.052854 0.462572 0.061130 0.061130
0 0.137060 0.257243 0.052757 0.052757
0 0.896715 0.385472 0.057104 0.057104
0 0.910665 0.309389 0.088662 0.088662