0 0.739088 0.922392 0.071945 0.071945
0 0.890901 0.908002 0.071945 0.071945
0 0.941807 0.457036 0.104277 0.104277
0 0.974287 0.798305 0.061131 0.061131
0 0.682971 0.785493 0.104277 0.104277
0 0.138785 0.561427 0.062220 0.062220
0 0.553034 0.957949 0.062220 0.062220
0 0.811043 0.721464 0.052757 0.052757
0 0.063342 0.788643 0.052757 0.052757
0 0.057612 0.025856 0.104277 0.104277
0 0.085670 0.435812 0.057103 0.057103
0 0.754981 0.831989 0.057104 0.057104
0 0.254723 0.683103 0.071945 0.071945
0 0.891509 0.296813 0.071945 0.071945
0 0.301971 0.745542 0.061130 0.061130
0 0.480105 0.869497 0.052757 0.052757
0 0.944397 0.592355 0.062220 0.062220
0 0.862270 0.976103 0.057104 0.057104
0 0.782223 0.658903 0.057104 0.057104
0 0.779070 0.498078 0.052757 0.052757
0 0.890224 0.636341 0.061130 0.061130
0 0.605093 0.485381 0.061131 0.061131
0 0.233490 0.958582 0.057104 0.057104
0 0.547305 0.805406 0.052757 0.052757
0 0.320421 0.954839 0.057104 0.057104
0 0.290475 0.186002 0.057104 0.057104
0 0.540219 0.406688 0.062220 0.062220
0 0.833153 0.593364 0.061131 0.061131
0 0.652368 0.887689 0.071945 0.071945
0 0.017790 0.257950 0.104277 0.104277
0 0.882380 0.526817 0.057104 0.057104
0 0.001832 0.700137 0.071945 0.071945
0 0.949294 0.120622 0.071945 0.071945
0 0.512103 0.090722 0.061131 0.061131
0 0.799743 0.001773 0.061130 0.061130
0 0.199640 0.859044 0.057104 0.057104
0 0.824756 0.120648 0.104277 0.104277
0 0.037187 0.122099 0.057104 0.057104
0 0.228240 0.341133 0.057104 0.057104
0 0.948672 0.252325 0.104277 0.104277
0 0.346829 0.623235 0.061130 0.061130
0 0.970948 0.958502 0.061130 0.061130
0 0.261404 0.102429 0.104277 0.104277
0 0.148263 0.383568 0.052757 0.052757
0 0.637598 0.236106 0.071945 0.071945
0 0.618966 0.687525 0.104277 0.104277
0 0.073504 0.186598 0.057104 0.057104
0 0.230658 0.435633 0.057104 0.057104
0 0.132763 0.822996 0.104277 0.104277
0 0.238519 0.602921 0.057104 0.057104
0 0.279048 0.264962 0.052757 0.052757
0 0.350239 0.334043 0.104277 0.104277
0 0.107085 0.717258 0.104277 0.104277
0 0.391128 0.834661 0.052757 0.052757
0 0.834476 0.824015 0.062220 0.062220
0 0.122178 0.909558 0.104277 0.104277
0 0.651406 0.370520 0.061131 0.061131
0 0.106343 0.622527 0.052757 0.052757
0 0.291707 0.536020 0.104277 0.104277
0 0.427016 0.419217 0.061130 0.061130
0 0.116987 0.062065 0.052757 0.052757
0 0.162929 0.273648 0.057104 0.057104
0 0.509502 0.317005 0.104277 0.104277
0 0.722383 0.201465 0.062220 0.062220
0 0.414427 0.154368 0.062220 0.062220
0 0.740945 0.440899 0.057104 0.057104
0 0.197095 0.785297 0.062220 0.062220
0 0.901548 0.741866 0.071945 0.071945
0 0.511427 0.724994 0.052757 0.052757
0 0.504194 0.495331 0.062220 0.062220
0 0.158027 0.990994 0.104277 0.104277
0 0.864431 0.399523 0.071945 0.071945
0 0.307371 0.409741 0.061130 0.061130
0 0.468959 0.558949 0.104278 0.104278
0 0.472242 0.031148 0.052757 0.052757
0 0.551876 0.225969 0.061131 0.061131
0 0.719102 0.623120 0.062220 0.062220
0 0.304343 0.814696 0.057104 0.057104
0 0.525977 0.624860 0.062220 0.062220
0 0.404534 0.739436 0.057104 0.057104
0 0.350293 0.056563 0.104277 0.104277
0 0.128811 0.136550 0.061130 0.061130
0 0.770563 0.373947 0.052757 0.052757
0 0.268451 0.889161 0.048997 0.048997
0 0.557897 0.557231 0.071945 0.071945
0 0.471477 0.793792 0.062220 0.062220
0 0.801528 0.217104 0.057104 0.057104
0 0.368810 0.211997 0.061130 0.061130
0 0.205120 0.520343 0.057104 0.057104
0 0.403536 0.517029 0.104277 0.104277
0 0.079878 0.510692 0.104277 0.104277
0 0.735331 0.290790 0.057104 0.057104
0 0.641180 0.038811 0.104277 0.104277
0 0.598098 0.614157 0.052757 0.052757
0 0.409569 0.284910 0.061130 0.061130
0 0.707522 0.108248 0.052757 0.052757
0 0.471036 0.945342 0.061131 0.061131
0 0.586550 0.326931 0.071945 0.071945
0 0.104005 0.315769 0.062220 0.062220
0 0.455015 0.223720 0.071945 0.071945
0 0.203198 0.010711 0.057104 0.057104
0 0.045810 0.983538 0.104277 0.104277
0 0.003816 0.374624 0.052757 0.052757
0 0.931433 0.036992 0.104277 0.104277
0 0.186252 0.707405 0.057104 0.057104
0 0.595079 0.097948 0.052757 0.052757
0 0.889514 0.215102 0.062220 0.062220
0 0.686907 0.500540 0.061131 0.061131