0 0.575217 0.299477 0.104277 0.104277
0 0.531669 0.087486 0.061130 0.061130
0 0.247677 0.507005 0.104278 0.104278
0 0.934614 0.049195 0.052757 0.052757
0 0.725507 0.297153 0.062220 0.062220
0 0.757154 0.049235 0.104277 0.104277
0 0.432440 0.049384 0.052757 0.052757
0 0.303333 0.944127 0.104277 0.104277
0 0.365821 0.668353 0.052757 0.052757
0 0.835018 0.095760 0.071945 0.071945
0 0.546118 0.855099 0.061130 0.061130
0 0.952396 0.980076 0.104277 0.104277
0 0.979119 0.594229 0.062220 0.062220
0 0.265115 0.617810 0.052757 0.052757
0 0.719062 0.816975 0.071945 0.071945
0 0.286186 0.789037 0.052757 0.052757
0 0.029737 0.937900 0.104277 0.104277
0 0.569341 0.214292 0.057104 0.057104
0 0.362493 0.864172 0.071945 0.071945
0 0.112094 0.869698 0.104277 0.104277
0 0.605203 0.400928 0.051819 0.051819
0 0.036261 0.838758 0.061130 0.061130
0 0.251369 0.077483 0.104277 0.104277
0 0.509347 0.014023 0.061131 0.061131
0 0.785351 0.344641 0.052757 0.052757
0 0.497909 0.689729 0.104277 0.104277
0 0.797770 0.935833 0.104277 0.104277
0 0.915549 0.747026 0.071945 0.071945
0 0.846627 0.293156 0.057103 0.057103
0 0.920296 0.678580 0.062220 0.062220
0 0.858252 0.874331 0.057104 0.057104
0 0.800969 0.806115 0.062220 0.062220
0 0.762243 0.132489 0.036679 0.036679
0 0.197523 0.418443 0.052757 0.052757
0 0.881281 0.410496 0.104277 0.104277
0 0.596005 0.063100 0.057104 0.057104
0 0.681044 0.471272 0.104277 0.104277
0 0.986618 0.778808 0.061130 0.061130
0 0.676181 0.397979 0.071945 0.071945
0 0.330773 0.015733 0.071945 0.071945
0 0.440366 0.940461 0.052757 0.052757
0 0.382652 0.410688 0.052757 0.052757
0 0.978612 0.425364 0.061131 0.061131
0 0.250390 0.863216 0.104277 0.104277
0 0.197687 0.724862 0.057104 0.057104
0 0.403024 0.806466 0.052757 0.052757
0 0.597499 0.557901 0.054783 0.054783
0 0.902426 0.118644 0.062220 0.062220
0 0.765051 0.491813 0.057103 0.057103
0 0.100855 0.948848 0.061130 0.061130
0 0.565601 0.670067 0.071945 0.071945
0 0.565861 0.740891 0.061130 0.061130
0 0.348725 0.331319 0.071945 0.071945
0 0.122402 0.536916 0.061130 0.061130
0 0.013755 0.435758 0.071945 0.071945
0 0.180404 0.651454 0.052757 0.052757
0 0.859357 0.558634 0.061131 0.061131
0 0.445881 0.566569 0.057104 0.057104
0 0.810535 0.426515 0.061131 0.061131
0 0.220951 0.977208 0.071945 0.071945
0 0.022503 0.158944 0.071945 0.071945
0 0.002659 0.604051 0.061130 0.061130
0 0.117098 0.371572 0.062220 0.062220
0 0.232759 0.200572 0.061130 0.061130
0 0.837208 0.023492 0.061130 0.061130
0 0.460076 0.444695 0.052757 0.052757
0 0.022697 0.766352 0.052757 0.052757
0 0.172871 0.802637 0.057104 0.057104
0 0.168071 0.102833 0.061130 0.061130
0 0.139145 0.031098 0.061130 0.061130
0 0.317825 0.157368 0.104277 0.104277
0 0.481230 0.255241 0.071945 0.071945
0 0.690014 0.658559 0.052757 0.052757
0 0.171525 0.308959 0.061130 0.061130
0 0.985673 0.134568 0.104277 0.104277
0 0.271618 0.401495 0.057104 0.057104
0 0.163767 0.225277 0.104277 0.104277
0 0.371219 0.479111 0.062220 0.062220
0 0.936046 0.531739 0.062220 0.062220
0 0.368386 0.205905 0.104277 0.104277
0 0.347291 0.093215 0.052757 0.052757
0 0.377691 0.737776 0.104277 0.104277
0 0.732878 0.898070 0.052757 0.052757
0 0.654207 0.132903 0.062220 0.062220
0 0.113978 0.613551 0.104277 0.104277
0 0.644925 0.949934 0.052757 0.052757
0 0.074624 0.467572 0.071945 0.071945
0 0.317522 0.535200 0.104277 0.104277
0 0.796418 0.215599 0.104277 0.104277
0 0.472355 0.339157 0.057104 0.057104
0 0.934935 0.883474 0.061131 0.061131
0 0.840572 0.747737 0.057104 0.057104
0 0.092298 0.196850 0.052757 0.052757
0 0.859607 0.482238 0.071945 0.071945
0 0.709870 0.180821 0.071945 0.071945
0 0.069195 0.103910 0.061130 0.061130
0 0.428224 0.161965 0.052757 0.052757
0 0.282530 0.313412 0.057104 0.057104
0 0.673859 0.544650 0.104277 0.104277
0 0.864139 0.977192 0.061131 0.061131
0 0.066099 0.263876 0.061130 0.061130
0 0.378005 0.971311 0.050559 0.050559
0 0.850765 0.170968 0.061131 0.061131
0 0.507144 0.914090 0.061130 0.061130
0 0.636415 0.734462 0.071945 0.071945
0 0.738402 0.588848 0.057104 0.057104
0 0.778448 0.645986 0.104277 0.104277
0 0.279647 0.706867 0.061131 0.061131
0 0.126754 0.748192 0.104277 0.104277
0 0.635215 0.829015 0.071945 0.071945
0 0.583940 0.489947 0.052757 0.052757
0 0.511377 0.524174 0.104277 0.104277
0 0.026891 0.360561 0.062220 0.062220
0 0.201659 0.576919 0.071945 0.071945
0 0.032652 0.687948 0.061130 0.061130
0 0.943433 0.207965 0.071945 0.071945
0 0.441860 0.643139 0.071945 0.071945
0 0.748124 0.737590 0.104277 0.104277
0 0.472567 0.781079 0.104277 0.104277
0 0.646826 0.260720 0.057104 0.057104
0 0.916577 0.343451 0.061131 0.061131