0 0.859592 0.005727 0.104277 0.104277
0 0.532052 0.213255 0.104278 0.104278
0 0.786095 0.805032 0.071945 0.071945
0 0.587708 0.650377 0.104277 0.104277
0 0.650196 0.374603 0.052757 0.052757
0 0.830493 0.561349 0.061130 0.061130
0 0.322687 0.731571 0.052757 0.052757
0 0.334379 0.818120 0.104277 0.104277
0 0.174729 0.365578 0.061130 0.061130
0 0.549490 0.324060 0.052757 0.052757
0 0.570561 0.495287 0.052757 0.052757
0 0.684244 0.824487 0.062220 0.062220
0 0.314112 0.644150 0.104277 0.104277
0 0.646868 0.570422 0.071945 0.071945
0 0.396469 0.575948 0.104277 0.104277
0 0.889578 0.107178 0.051819 0.051819
0 0.320636 0.545008 0.061130 0.061130
0 0.184697 0.129912 0.057104 0.057104
0 0.709597 0.996745 0.057104 0.057104
0 0.227707 0.442965 0.104277 0.104277
0 0.062912 0.948663 0.061130 0.061130
0 0.782284 0.395979 0.104277 0.104277
0 0.043328 0.860780 0.052757 0.052757
0 0.777944 0.979181 0.104277 0.104277
0 0.663297 0.920243 0.061130 0.061130
0 0.542602 0.962117 0.057104 0.057104
0 0.447577 0.722003 0.104277 0.104277
0 0.204130 0.861607 0.061130 0.061130
0 0.284974 0.987065 0.062220 0.062220
0 0.938336 0.881443 0.052757 0.052757
0 0.481898 0.124693 0.052757 0.052757
0 0.026193 0.215287 0.104277 0.104277
0 0.326863 0.895275 0.057104 0.057104
0 0.965419 0.177522 0.104277 0.104277
0 0.960556 0.104229 0.071945 0.071945
0 0.169579 0.284448 0.104277 0.104277
0 0.243059 0.682930 0.052757 0.052757
0 0.724741 0.646711 0.052757 0.052757
0 0.667027 0.116938 0.052757 0.052757
0 0.105534 0.366505 0.052757 0.052757
0 0.534765 0.569466 0.104277 0.104277
0 0.482062 0.431112 0.057104 0.057104
0 0.687399 0.512716 0.052757 0.052757
0 0.881874 0.264151 0.054783 0.054783
0 0.175484 0.942819 0.061130 0.061130
0 0.862404 0.784837 0.061131 0.061131
0 0.385230 0.655098 0.061130 0.061130
0 0.820797 0.713288 0.071945 0.071945
0 0.849976 0.376317 0.071945 0.071945
0 0.060061 0.585649 0.104278 0.104278
0 0.608998 0.831837 0.062220 0.062220
0 0.850236 0.447141 0.061130 0.061130
0 0.633100 0.037569 0.071945 0.071945
0 0.126910 0.564040 0.052757 0.052757
0 0.406777 0.243166 0.061130 0.061130
0 0.298130 0.142008 0.071945 0.071945
0 0.464779 0.357704 0.052757 0.052757
0 0.730256 0.272819 0.057104 0.057104
0 0.636665 0.989675 0.104277 0.104277
0 0.136371 0.819064 0.057104 0.057104
0 0.007963 0.023512 0.061130 0.061130
0 0.505326 0.683458 0.071945 0.071945
0 0.287034 0.310301 0.061130 0.061130
0 0.257703 0.226636 0.062220 0.062220
0 0.939627 0.790559 0.052757 0.052757
0 0.401473 0.077822 0.062220 0.062220
0 0.649173 0.750097 0.061130 0.061130
0 0.744451 0.150945 0.052757 0.052757
0 0.307072 0.472602 0.052757 0.052757
0 0.457246 0.508887 0.057104 0.057104
0 0.092789 0.686533 0.057104 0.057104
0 0.020064 0.652913 0.071945 0.071945
0 0.922736 0.997669 0.062220 0.062220
0 0.459711 0.939406 0.062220 0.062220
0 0.437056 0.793262 0.071945 0.071945
0 0.150945 0.728371 0.071945 0.071945
0 0.974389 0.364809 0.052757 0.052757
0 0.455900 0.015209 0.061130 0.061130
0 0.555993 0.107745 0.057104 0.057104
0 0.655594 0.185361 0.062220 0.062220
0 0.662066 0.444026 0.104277 0.104277
0 0.398353 0.319801 0.104277 0.104277
0 0.929300 0.656184 0.052757 0.052757
0 0.358999 0.173822 0.071945 0.071945
0 0.748837 0.722571 0.057104 0.057104
0 0.601897 0.241450 0.104277 0.104277
0 0.756730 0.045407 0.057104 0.057104
0 0.100065 0.237889 0.071945 0.071945
0 0.239937 0.081986 0.050932 0.050932
0 0.030474 0.763264 0.052757 0.052757
0 0.566905 0.019662 0.057104 0.057104
0 0.958234 0.250900 0.104277 0.104277
0 0.100394 0.136622 0.071945 0.071945
0 0.807013 0.911533 0.062220 0.062220
0 0.662380 0.677561 0.050559 0.050559
0 0.791519 0.620340 0.061130 0.061130
0 0.920790 0.440712 0.071945 0.071945
0 0.023505 0.345139 0.104277 0.104277
0 0.564022 0.413117 0.061131 0.061131
0 0.411129 0.454442 0.104277 0.104277
0 0.919590 0.535265 0.071945 0.071945
0 0.014011 0.121441 0.052757 0.052757
0 0.879052 0.924343 0.104277 0.104277
0 0.868315 0.196197 0.052757 0.052757
0 0.795752 0.230424 0.104277 0.104277
0 0.311266 0.066811 0.062220 0.062220
0 0.107021 0.044715 0.062220 0.062220
0 0.021410 0.435502 0.062220 0.062220
0 0.087920 0.470544 0.071945 0.071945
0 0.486034 0.283169 0.071945 0.071945
0 0.317027 0.394198 0.061130 0.061130
0 0.726235 0.349389 0.071945 0.071945
0 0.217542 0.581648 0.104277 0.104277
0 0.756942 0.487329 0.104277 0.104277
0 0.521435 0.807243 0.052757 0.052757
0 0.181694 0.202590 0.071945 0.071945
0 0.256826 0.751908 0.104277 0.104277