0 0.047070 0.270009 0.104277 0.104277
0 0.749245 0.582198 0.062220 0.062220
0 0.498237 0.885231 0.104277 0.104277
0 0.703319 0.641040 0.062220 0.062220
0 0.849893 0.618052 0.070161 0.070161
0 0.351979 0.288713 0.062220 0.062220
0 0.480613 0.609664 0.104278 0.104278
0 0.600006 0.281071 0.057104 0.057104
0 0.147334 0.424271 0.062220 0.062220
0 0.639294 0.589176 0.071945 0.071945
0 0.935600 0.647805 0.062220 0.062220
0 0.952728 0.950097 0.061131 0.061131
0 0.613714 0.357756 0.062220 0.062220
0 0.160753 0.664548 0.104277 0.104277
0 0.121759 0.559542 0.071945 0.071945
0 0.972171 0.711641 0.104277 0.104277
0 0.380709 0.647243 0.071945 0.071945
0 0.046020 0.497002 0.057104 0.057104
0 0.886630 0.557276 0.061130 0.061130
0 0.477812 0.981474 0.057104 0.057104
0 0.599515 0.440517 0.071945 0.071945
0 0.136676 0.962437 0.062220 0.062220
0 0.426382 0.930343 0.104277 0.104277
0 0.533819 0.379518 0.104277 0.104277
0 0.350060 0.455298 0.104277 0.104277
0 0.477281 0.491955 0.057104 0.057104
0 0.469364 0.355254 0.071945 0.071945
0 0.702029 0.961804 0.104277 0.104277
0 0.686227 0.311510 0.071945 0.071945
0 0.392743 0.799291 0.052757 0.052757
0 0.867191 0.780868 0.104277 0.104277
0 0.968055 0.525465 0.057104 0.057104
0 0.659804 0.782652 0.062220 0.062220
0 0.968811 0.328321 0.061131 0.061131
0 0.245554 0.724869 0.062220 0.062220
0 0.267655 0.364003 0.104277 0.104277
0 0.938527 0.427596 0.071945 0.071945
0 0.041474 0.865380 0.052757 0.052757
0 0.827982 0.487778 0.071945 0.071945
0 0.759421 0.762529 0.062220 0.062220
0 0.191012 0.840760 0.061130 0.061130
0 0.078792 0.396473 0.071945 0.071945
0 0.689624 0.422832 0.052757 0.052757
0 0.566946 0.685656 0.071945 0.071945
0 0.557612 0.921440 0.052757 0.052757
0 0.042380 0.759168 0.104277 0.104277
0 0.065045 0.603434 0.052757 0.052757
0 0.200771 0.501849 0.104277 0.104277
0 0.271875 0.451438 0.057104 0.057104
0 0.258423 0.809351 0.061130 0.061130
0 0.127597 0.788609 0.061130 0.061130
0 0.745221 0.477943 0.052757 0.052757
0 0.798904 0.306907 0.071945 0.071945
0 0.336537 0.748750 0.071945 0.071945
0 0.949883 0.812360 0.061131 0.061131
0 0.298451 0.528110 0.104277 0.104277
0 0.822838 0.388160 0.057104 0.057104
0 0.194964 0.599239 0.057104 0.057104
0 0.275524 0.921402 0.057104 0.057104
0 0.439348 0.430854 0.062220 0.062220
0 0.509376 0.261434 0.104277 0.104277
0 0.912867 0.890523 0.052757 0.052757
0 0.817834 0.690556 0.052757 0.052757
0 0.073979 0.932544 0.061130 0.061130
0 0.094627 0.698651 0.104278 0.104278
0 0.881608 0.274752 0.104277 0.104277
0 0.790918 0.915938 0.104277 0.104277
0 0.569436 0.995925 0.061130 0.061130
0 0.513287 0.815841 0.104277 0.104277
0 0.475988 0.686741 0.052757 0.052757
0 0.696487 0.720504 0.057104 0.057104
0 0.578872 0.844930 0.071945 0.071945
0 0.655016 0.485367 0.104277 0.104277
0 0.114130 0.486394 0.071945 0.071945
0 0.573009 0.607434 0.056505 0.056505
0 0.212028 0.969080 0.062220 0.062220
0 0.793101 0.828787 0.057104 0.057104
0 0.567306 0.538745 0.061130 0.061130
0 0.900207 0.488830 0.057103 0.057103
0 0.643823 0.870086 0.057104 0.057104
0 0.366860 0.562547 0.062220 0.062220
0 0.277411 0.268490 0.062220 0.062220
0 0.304123 0.682966 0.057104 0.057104
0 0.331302 0.978595 0.057104 0.057104
0 0.384136 0.349797 0.061130 0.061130
0 0.178791 0.357419 0.057104 0.057104
0 0.152353 0.268562 0.071945 0.071945