0 0.940864 0.996070 0.052757 0.052757
0 0.471012 0.894690 0.104277 0.104277
0 0.532838 0.803642 0.071945 0.071945
0 0.684651 0.789252 0.071945 0.071945
0 0.763404 0.996110 0.104277 0.104277
0 0.438690 0.996259 0.052757 0.052757
0 0.735557 0.338286 0.104277 0.104277
0 0.768037 0.679555 0.061131 0.061131
0 0.925659 0.302814 0.104277 0.104277
0 0.476721 0.666743 0.104277 0.104277
0 0.969848 0.499062 0.057104 0.057104
0 0.985207 0.667027 0.104277 0.104277
0 0.888689 0.212571 0.057104 0.057104
0 0.816849 0.064054 0.104277 0.104277
0 0.799152 0.415950 0.104277 0.104277
0 0.346784 0.839199 0.062220 0.062220
0 0.604793 0.602714 0.052757 0.052757
0 0.802043 0.254530 0.061131 0.061131
0 0.515597 0.960898 0.061131 0.061131
0 0.548731 0.713239 0.057104 0.057104
0 0.048473 0.564353 0.071945 0.071945
0 0.685259 0.178063 0.071945 0.071945
0 0.599813 0.921393 0.052757 0.052757
0 0.095721 0.626792 0.061130 0.061130
0 0.867870 0.657195 0.104277 0.104277
0 0.902268 0.078342 0.062220 0.062220
0 0.273855 0.750747 0.052757 0.052757
0 0.738147 0.473605 0.062220 0.062220
0 0.656020 0.857353 0.057104 0.057104
0 0.575973 0.540153 0.057104 0.057104
0 0.572820 0.379328 0.052757 0.052757
0 0.683974 0.517591 0.061130 0.061130
0 0.960425 0.199593 0.071945 0.071945
0 0.398843 0.366631 0.061131 0.061131
0 0.027240 0.839832 0.057104 0.057104
0 0.986482 0.770921 0.062221 0.062221
0 0.341055 0.686656 0.052757 0.052757
0 0.114171 0.836089 0.057104 0.057104
0 0.084225 0.067252 0.057104 0.057104
0 0.988112 0.576409 0.071945 0.071945
0 0.925027 0.806550 0.052757 0.052757
0 0.893837 0.390400 0.061130 0.061130
0 0.912133 0.874412 0.104277 0.104277
0 0.337023 0.962608 0.071945 0.071945
0 0.333969 0.287938 0.062220 0.062220
0 0.626903 0.474614 0.061131 0.061131
0 0.817771 0.898044 0.104277 0.104277
0 0.446118 0.768939 0.071945 0.071945
0 0.676130 0.408067 0.057104 0.057104
0 0.743044 0.001872 0.071945 0.071945
0 0.618506 0.001898 0.104277 0.104277
0 0.021990 0.222383 0.057104 0.057104
0 0.408242 0.929057 0.057104 0.057104
0 0.742422 0.133575 0.104277 0.104277
0 0.140579 0.504485 0.061130 0.061130
0 0.764698 0.839752 0.061130 0.061130
0 0.899624 0.465275 0.061130 0.061130
0 0.843458 0.970367 0.061130 0.061130
0 0.431348 0.117356 0.071945 0.071945
0 0.412716 0.568775 0.104277 0.104277
0 0.145395 0.977973 0.061130 0.061130
0 0.024408 0.316883 0.057104 0.057104
0 0.714794 0.934235 0.062220 0.062220
0 0.032269 0.484171 0.057104 0.057104
0 0.072798 0.146212 0.052757 0.052757
0 0.143989 0.215293 0.104277 0.104277
0 0.184878 0.715911 0.052757 0.052757
0 0.628226 0.705265 0.062220 0.062220
0 0.445156 0.251770 0.061131 0.061131
0 0.085457 0.417270 0.104277 0.104277
0 0.220766 0.300467 0.061130 0.061130
0 0.303252 0.198255 0.104277 0.104277
0 0.516133 0.082715 0.062220 0.062220
0 0.208177 0.035618 0.062220 0.062220
0 0.534695 0.322149 0.057104 0.057104
0 0.065900 0.913577 0.071945 0.071945
0 0.695298 0.623116 0.071945 0.071945
0 0.305177 0.606244 0.052757 0.052757
0 0.297944 0.376581 0.062220 0.062220
0 0.658181 0.280773 0.071945 0.071945
0 0.101121 0.290991 0.061130 0.061130
0 0.262709 0.440199 0.104278 0.104278
0 0.345626 0.107219 0.061131 0.061131
0 0.512852 0.504370 0.062220 0.062220
0 0.098093 0.695946 0.057104 0.057104
0 0.956893 0.129437 0.057104 0.057104
0 0.814263 0.153323 0.052757 0.052757
0 0.319727 0.506110 0.062220 0.062220
0 0.198284 0.620686 0.057104 0.057104
0 0.989290 0.905573 0.071945 0.071945
0 0.564313 0.255197 0.052757 0.052757
0 0.062201 0.770411 0.048997 0.048997
0 0.351647 0.438481 0.071945 0.071945
0 0.265227 0.675042 0.062220 0.062220
0 0.595278 0.098354 0.057104 0.057104
0 0.838258 0.586777 0.057104 0.057104
0 0.162560 0.093247 0.061130 0.061130
0 0.197286 0.398279 0.104277 0.104277
0 0.529081 0.172040 0.057104 0.057104
0 0.261209 0.916403 0.062220 0.062220
0 0.391848 0.495407 0.052757 0.052757
0 0.821001 0.726715 0.057104 0.057104
0 0.203319 0.166160 0.061130 0.061130
0 0.264786 0.826592 0.061131 0.061131
0 0.380300 0.208181 0.071945 0.071945
0 0.829663 0.513078 0.104277 0.104277
0 0.248765 0.104970 0.071945 0.071945
0 0.898996 0.540673 0.104277 0.104277
0 0.913176 0.736931 0.052757 0.052757
0 0.683264 0.096352 0.062220 0.062220
0 0.192294 0.923397 0.071945 0.071945
0 0.480657 0.381790 0.061131 0.061131