0 0.164220 0.383157 0.071945 0.071945
0 0.726759 0.889859 0.104277 0.104277
0 0.365764 0.993808 0.052757 0.052757
0 0.439341 0.351136 0.071945 0.071945
0 0.719719 0.091457 0.071945 0.071945
0 0.471469 0.466506 0.052757 0.052757
0 0.172904 0.753489 0.061130 0.061130
0 0.709752 0.573660 0.061131 0.061131
0 0.615629 0.689994 0.062220 0.062220
0 0.208618 0.139474 0.061130 0.061130
0 0.614896 0.264451 0.104277 0.104277
0 0.598985 0.860187 0.052757 0.052757
0 0.235031 0.861581 0.104277 0.104277
0 0.756807 0.982312 0.052757 0.052757
0 0.058968 0.649870 0.104277 0.104277
0 0.017829 0.771481 0.104277 0.104277
0 0.381562 0.101350 0.071945 0.071945
0 0.062369 0.402612 0.062220 0.062220
0 0.024993 0.148547 0.071945 0.071945
0 0.491784 0.712790 0.104277 0.104277
0 0.087722 0.574870 0.057104 0.057104
0 0.581892 0.427570 0.104277 0.104277
0 0.631242 0.969911 0.061130 0.061130
0 0.537031 0.618689 0.071945 0.071945
0 0.747089 0.511313 0.052757 0.052757
0 0.460270 0.220208 0.104277 0.104277
0 0.097846 0.929480 0.062220 0.062220
0 0.578049 0.031401 0.071945 0.071945
0 0.156069 0.557306 0.104277 0.104277
0 0.573283 0.771448 0.052757 0.052757
0 0.313731 0.854498 0.062220 0.062220
0 0.041422 0.498368 0.061130 0.061130
0 0.520752 0.158706 0.057104 0.057104
0 0.563719 0.332381 0.062220 0.062220
0 0.316461 0.459568 0.052757 0.052757
0 0.463469 0.090490 0.062220 0.062220
0 0.435204 0.847318 0.062220 0.062220
0 0.283678 0.646436 0.071945 0.071945
0 0.649118 0.063183 0.061130 0.061130
0 0.493682 0.561445 0.102474 0.102474
0 0.534571 0.918565 0.071945 0.071945
0 0.102866 0.224836 0.052757 0.052757
0 0.388018 0.553620 0.104277 0.104277
0 0.065524 0.090841 0.052757 0.052757
0 0.396842 0.287412 0.062220 0.062220
0 0.240529 0.362962 0.061131 0.061131
0 0.198922 0.291413 0.071945 0.071945
0 0.228361 0.025266 0.061130 0.061130
0 0.202068 0.614273 0.057104 0.057104
0 0.014790 0.567800 0.104277 0.104277
0 0.683364 0.320357 0.045227 0.045227
0 0.342672 0.920251 0.062220 0.062220
0 0.317752 0.368684 0.052757 0.052757
0 0.027298 0.328222 0.061130 0.061130
0 0.739029 0.224152 0.061130 0.061130
0 0.300861 0.575794 0.062220 0.062220
0 0.245284 0.755553 0.104277 0.104277
0 0.157279 0.983283 0.052757 0.052757
0 0.429266 0.945219 0.052757 0.052757
0 0.040191 0.022151 0.104277 0.104277
0 0.073377 0.719206 0.062220 0.062220
0 0.395378 0.182445 0.052757 0.052757
0 0.307425 0.234309 0.052757 0.052757
0 0.730618 0.791007 0.061131 0.061131
0 0.248901 0.931113 0.061131 0.061131
0 0.126962 0.300696 0.057104 0.057104
0 0.597435 0.167849 0.061131 0.061131
0 0.503072 0.032112 0.057104 0.057104
0 0.224226 0.681275 0.104277 0.104277
0 0.696190 0.667019 0.061131 0.061131
0 0.662444 0.818104 0.062221 0.062221
0 0.498342 0.818386 0.052757 0.052757
0 0.394447 0.460745 0.055027 0.055027
0 0.526639 0.261567 0.061131 0.061131
0 0.185138 0.489658 0.062220 0.062220
0 0.604476 0.564923 0.104277 0.104277
0 0.040505 0.255686 0.050559 0.050559
0 0.334727 0.753821 0.052757 0.052757
0 0.169644 0.198465 0.061130 0.061130
0 0.298915 0.018837 0.071945 0.071945
0 0.141128 0.646621 0.071945 0.071945
0 0.009657 0.917678 0.061131 0.061131
0 0.297715 0.113390 0.071945 0.071945
0 0.257177 0.502468 0.104277 0.104277
0 0.421187 0.646725 0.061130 0.061130
0 0.099678 0.846731 0.104277 0.104277
0 0.684558 0.181343 0.052757 0.052757
0 0.410624 0.021965 0.104277 0.104277
0 0.135067 0.065454 0.104277 0.104277
0 0.659215 0.513597 0.057104 0.057104
0 0.673165 0.437514 0.088662 0.088662