0 0.166044 0.993736 0.061130 0.061130
0 0.568989 0.955445 0.052757 0.052757
0 0.099137 0.854065 0.104277 0.104277
0 0.160963 0.763017 0.071945 0.071945
0 0.312776 0.748627 0.071945 0.071945
0 0.391529 0.955485 0.104277 0.104277
0 0.066815 0.955634 0.052757 0.052757
0 0.363682 0.297661 0.104277 0.104277
0 0.396162 0.638930 0.061131 0.061131
0 0.553784 0.262189 0.104277 0.104277
0 0.104846 0.626118 0.104277 0.104277
0 0.597973 0.458437 0.057104 0.057104
0 0.724426 0.663397 0.062221 0.062221
0 0.613332 0.626402 0.104277 0.104277
0 0.690358 0.420316 0.104277 0.104277
0 0.516814 0.171946 0.057104 0.057104
0 0.444974 0.023429 0.104277 0.104277
0 0.427277 0.375325 0.104277 0.104277
0 0.232918 0.562089 0.052757 0.052757
0 0.714379 0.935511 0.071945 0.071945
0 0.430168 0.213905 0.061131 0.061131
0 0.143722 0.920273 0.061131 0.061131
0 0.176856 0.672614 0.057104 0.057104
0 0.313384 0.137438 0.071945 0.071945
0 0.227938 0.880768 0.052757 0.052757
0 0.495995 0.616570 0.104277 0.104277
0 0.530393 0.037717 0.062220 0.062220
0 0.366272 0.432980 0.062220 0.062220
0 0.284145 0.816728 0.057104 0.057104
0 0.204098 0.499528 0.057104 0.057104
0 0.200945 0.338703 0.052757 0.052757
0 0.674694 0.769485 0.052757 0.052757
0 0.312099 0.476966 0.061130 0.061130
0 0.588550 0.158968 0.071945 0.071945
0 0.026968 0.326006 0.061131 0.061131
0 0.614607 0.730296 0.062221 0.062221
0 0.230380 0.969350 0.057104 0.057104
0 0.616237 0.535784 0.071945 0.071945
0 0.553152 0.765925 0.052757 0.052757
0 0.521962 0.349775 0.061130 0.061130
0 0.540258 0.833787 0.104277 0.104277
0 0.255028 0.433989 0.061131 0.061131
0 0.445896 0.857419 0.104277 0.104277
0 0.074243 0.728314 0.071945 0.071945
0 0.304255 0.367442 0.057104 0.057104
0 0.714660 0.289352 0.057104 0.057104
0 0.036367 0.888432 0.057104 0.057104
0 0.370547 0.092950 0.104277 0.104277
0 0.662635 0.036650 0.104278 0.104278
0 0.392823 0.799127 0.061130 0.061130
0 0.527749 0.424650 0.061130 0.061130
0 0.471583 0.929742 0.061130 0.061130
0 0.059473 0.076731 0.071945 0.071945
0 0.040841 0.528150 0.104277 0.104277
0 0.342919 0.893610 0.062220 0.062220
0 0.256351 0.664640 0.062220 0.062220
0 0.073281 0.211145 0.061131 0.061131
0 0.144258 0.042090 0.062220 0.062220
0 0.666992 0.343354 0.052757 0.052757
0 0.162820 0.281524 0.057104 0.057104
0 0.323423 0.582491 0.071945 0.071945
0 0.286306 0.240148 0.071945 0.071945
0 0.140977 0.463745 0.062220 0.062220
0 0.734249 0.814726 0.071945 0.071945
0 0.704078 0.118692 0.057104 0.057104
0 0.585018 0.088812 0.057104 0.057104
0 0.442388 0.112698 0.052757 0.052757
0 0.617415 0.864948 0.071945 0.071945
0 0.192438 0.214572 0.052757 0.052757
0 0.711796 0.513923 0.104277 0.104277
0 0.223403 0.057729 0.057104 0.057104
0 0.466383 0.546152 0.057104 0.057104
0 0.157206 0.131415 0.057104 0.057104
0 0.019973 0.454782 0.052757 0.052757
0 0.449126 0.686090 0.057104 0.057104
0 0.008425 0.167556 0.071945 0.071945
0 0.457788 0.472453 0.104277 0.104277
0 0.684780 0.222157 0.061130 0.061130
0 0.527121 0.500048 0.104277 0.104277
0 0.541301 0.696306 0.052757 0.052757
0 0.311389 0.055727 0.062220 0.062220
0 0.108782 0.341165 0.061131 0.061131