0 0.345545 0.898851 0.062220 0.062220
0 0.888302 0.169505 0.104278 0.104278
0 0.943958 0.606627 0.104277 0.104277
0 0.678937 0.687821 0.052757 0.052757
0 0.690629 0.774370 0.104277 0.104277
0 0.530979 0.321828 0.061130 0.061130
0 0.287874 0.953733 0.071945 0.071945
0 0.905740 0.280310 0.052757 0.052757
0 0.926811 0.451537 0.052757 0.052757
0 0.670362 0.600400 0.104277 0.104277
0 0.752719 0.532198 0.104277 0.104277
0 0.676886 0.501258 0.061130 0.061130
0 0.540947 0.086162 0.057104 0.057104
0 0.035809 0.409792 0.062220 0.062220
0 0.142296 0.986859 0.061130 0.061130
0 0.583957 0.399215 0.104277 0.104277
0 0.419162 0.904913 0.061130 0.061130
0 0.399578 0.817030 0.052757 0.052757
0 0.898852 0.918367 0.057104 0.057104
0 0.803827 0.678253 0.104277 0.104277
0 0.560380 0.817857 0.061130 0.061130
0 0.641224 0.943315 0.062220 0.062220
0 0.256414 0.528549 0.061130 0.061130
0 0.838148 0.080943 0.052757 0.052757
0 0.243838 0.067015 0.071945 0.071945
0 0.058885 0.647161 0.104278 0.104278
0 0.382443 0.171537 0.104277 0.104277
0 0.302874 0.240461 0.052757 0.052757
0 0.683113 0.851525 0.057104 0.057104
0 0.525829 0.240698 0.104277 0.104277
0 0.599309 0.639180 0.052757 0.052757
0 0.215442 0.234659 0.052757 0.052757
0 0.719659 0.986968 0.057104 0.057104
0 0.461784 0.322755 0.052757 0.052757
0 0.891015 0.525716 0.104277 0.104277
0 0.838312 0.387362 0.057104 0.057104
0 0.531734 0.899069 0.061130 0.061130
0 0.741480 0.611348 0.061130 0.061130
0 0.416311 0.541899 0.104278 0.104278
0 0.965248 0.788087 0.062220 0.062220
0 0.483160 0.520290 0.052757 0.052757
0 0.763027 0.199416 0.061130 0.061130
0 0.654380 0.098258 0.071945 0.071945
0 0.821029 0.313954 0.052757 0.052757
0 0.124269 0.699367 0.062220 0.062220
0 0.992915 0.945925 0.104277 0.104277
0 0.275601 0.786591 0.062220 0.062220
0 0.028796 0.089028 0.052757 0.052757
0 0.492621 0.775314 0.057104 0.057104
0 0.861576 0.639708 0.071945 0.071945
0 0.643284 0.266551 0.061130 0.061130
0 0.613953 0.182886 0.062220 0.062220
0 0.757723 0.034072 0.062220 0.062220
0 0.082255 0.331063 0.061130 0.061130
0 0.663322 0.428852 0.052757 0.052757
0 0.813496 0.465137 0.057104 0.057104
0 0.449039 0.642783 0.057104 0.057104
0 0.317081 0.129540 0.104277 0.104277
0 0.158037 0.880473 0.104278 0.104278
0 0.376314 0.609163 0.071945 0.071945
0 0.276675 0.873937 0.052757 0.052757
0 0.815961 0.895656 0.062220 0.062220
0 0.793306 0.749512 0.071945 0.071945
0 0.314899 0.688729 0.052757 0.052757
0 0.507195 0.684621 0.071945 0.071945
0 0.033223 0.717203 0.104277 0.104277
0 0.209578 0.928455 0.057104 0.057104
0 0.912243 0.063995 0.057104 0.057104
0 0.243156 0.597133 0.057104 0.057104
0 0.213653 0.674955 0.104277 0.104277
0 0.169300 0.127241 0.052757 0.052757
0 0.925715 0.986678 0.071945 0.071945
0 0.754603 0.276051 0.104277 0.104277
0 0.715249 0.130072 0.071945 0.071945
0 0.958147 0.197700 0.104277 0.104277
0 0.174780 0.794480 0.104277 0.104277
0 0.165234 0.575515 0.071945 0.071945
0 0.456315 0.194139 0.071945 0.071945
0 0.596187 0.038236 0.050932 0.050932
0 0.039403 0.516756 0.057104 0.057104
0 0.386724 0.719514 0.052757 0.052757
0 0.456644 0.092872 0.071945 0.071945
0 0.135504 0.214451 0.104277 0.104277
0 0.146610 0.468518 0.057104 0.057104
0 0.329612 0.457154 0.104277 0.104277
0 0.379755 0.301389 0.104277 0.104277
0 0.920272 0.369367 0.061131 0.061131
0 0.767379 0.410692 0.104277 0.104277
0 0.370261 0.077691 0.052757 0.052757
0 0.667516 0.023061 0.062220 0.062220
0 0.463271 0.000965 0.062220 0.062220
0 0.285428 0.376166 0.052757 0.052757
0 0.089761 0.920469 0.062220 0.062220
0 0.089935 0.848034 0.057104 0.057104
0 0.164657 0.290955 0.104277 0.104277
0 0.254317 0.448802 0.061130 0.061130
0 0.103162 0.052854 0.057104 0.057104
0 0.377660 0.391752 0.062220 0.062220
0 0.444170 0.426794 0.071945 0.071945
0 0.842284 0.239419 0.071945 0.071945
0 0.673277 0.350448 0.061130 0.061130
0 0.793479 0.968822 0.061130 0.061130
0 0.082163 0.573234 0.052757 0.052757
0 0.464960 0.988166 0.104277 0.104277
0 0.573792 0.537898 0.104277 0.104277
0 0.054764 0.233686 0.071945 0.071945
0 0.347343 0.533170 0.052757 0.052757
0 0.172641 0.039740 0.057103 0.057103
0 0.877685 0.763493 0.052757 0.052757
0 0.537944 0.158840 0.071945 0.071945
0 0.156352 0.362297 0.104277 0.104277
0 0.613076 0.708158 0.104277 0.104277
0 0.037678 0.996190 0.057104 0.057104