0 0.578342 0.011977 0.104277 0.104277
0 0.250802 0.219505 0.104278 0.104278
0 0.504845 0.811282 0.071945 0.071945
0 0.728632 0.009653 0.062220 0.062220
0 0.779966 0.779261 0.071945 0.071945
0 0.306458 0.656627 0.104277 0.104277
0 0.812094 0.894631 0.052757 0.052757
0 0.368946 0.380853 0.052757 0.052757
0 0.549243 0.567599 0.061130 0.061130
0 0.955521 0.692576 0.104277 0.104277
0 0.041437 0.737821 0.052757 0.052757
0 0.053129 0.824370 0.104277 0.104277
0 0.982244 0.306729 0.062220 0.062220
0 0.268240 0.330310 0.052757 0.052757
0 0.722187 0.529475 0.071945 0.071945
0 0.289311 0.501537 0.052757 0.052757
0 0.402994 0.830737 0.062220 0.062220
0 0.032862 0.650400 0.104277 0.104277
0 0.365618 0.576672 0.071945 0.071945
0 0.115219 0.582198 0.104277 0.104277
0 0.608328 0.113428 0.051819 0.051819
0 0.039386 0.551258 0.061130 0.061130
0 0.922517 0.855695 0.104277 0.104277
0 0.788476 0.057141 0.052757 0.052757
0 0.501034 0.402229 0.104277 0.104277
0 0.800895 0.648333 0.104277 0.104277
0 0.918674 0.459526 0.071945 0.071945
0 0.849752 0.005656 0.057103 0.057103
0 0.496694 0.985431 0.104277 0.104277
0 0.923421 0.391080 0.062220 0.062220
0 0.382047 0.926493 0.061130 0.061130
0 0.261352 0.968367 0.057104 0.057104
0 0.166327 0.728253 0.104277 0.104277
0 0.003724 0.993315 0.062220 0.062220
0 0.861377 0.586831 0.057104 0.057104
0 0.904344 0.760506 0.062220 0.062220
0 0.657086 0.887693 0.052757 0.052757
0 0.804094 0.518615 0.062220 0.062220
0 0.200648 0.130943 0.052757 0.052757
0 0.884406 0.122996 0.104277 0.104277
0 0.045613 0.901525 0.057104 0.057104
0 0.684169 0.183772 0.104277 0.104277
0 0.989743 0.491308 0.061130 0.061130
0 0.679306 0.110479 0.071945 0.071945
0 0.834307 0.989570 0.102474 0.102474
0 0.443491 0.652961 0.052757 0.052757
0 0.728643 0.981745 0.104277 0.104277
0 0.385777 0.123188 0.052757 0.052757
0 0.981737 0.137864 0.061131 0.061131
0 0.253515 0.575716 0.104277 0.104277
0 0.200812 0.437362 0.057104 0.057104
0 0.406149 0.518966 0.052757 0.052757
0 0.600624 0.270401 0.054783 0.054783
0 0.737467 0.715537 0.062220 0.062220
0 0.581154 0.791087 0.061131 0.061131
0 0.768176 0.204313 0.057103 0.057103
0 0.103980 0.661348 0.061130 0.061130
0 0.539547 0.719538 0.071945 0.071945
0 0.568726 0.382567 0.071945 0.071945
0 0.327748 0.838087 0.062220 0.062220
0 0.568986 0.453391 0.061130 0.061130
0 0.351850 0.043819 0.071945 0.071945
0 0.125527 0.249416 0.061130 0.061130
0 0.016880 0.148258 0.071945 0.071945
0 0.183529 0.363954 0.052757 0.052757
0 0.862482 0.271134 0.061131 0.061131
0 0.449006 0.279069 0.057104 0.057104
0 0.813660 0.139015 0.061131 0.061131
0 0.355415 0.995925 0.104277 0.104277
0 0.224076 0.689708 0.071945 0.071945
0 0.005784 0.316551 0.061130 0.061130
0 0.658377 0.796809 0.052757 0.052757
0 0.120223 0.084072 0.062220 0.062220
0 0.367923 0.756347 0.061130 0.061130
0 0.463201 0.157195 0.052757 0.052757
0 0.025822 0.478852 0.052757 0.052757
0 0.175996 0.515137 0.057104 0.057104
0 0.178461 0.945656 0.062220 0.062220
0 0.155806 0.799512 0.071945 0.071945
0 0.693139 0.371059 0.052757 0.052757
0 0.174650 0.021459 0.061130 0.061130
0 0.274743 0.113995 0.057104 0.057104
0 0.374344 0.191611 0.062220 0.062220
0 0.939171 0.244239 0.062220 0.062220
0 0.380816 0.450276 0.104277 0.104277
0 0.736003 0.610570 0.052757 0.052757
0 0.117103 0.326051 0.104277 0.104277
0 0.648050 0.662434 0.052757 0.052757
0 0.077749 0.180072 0.071945 0.071945
0 0.467587 0.728821 0.057104 0.057104
0 0.320647 0.247700 0.104277 0.104277
0 0.475480 0.051657 0.057104 0.057104
0 0.938060 0.595974 0.061131 0.061131
0 0.843697 0.460237 0.057104 0.057104
0 0.862732 0.194738 0.071945 0.071945
0 0.285655 0.025912 0.057104 0.057104
0 0.676984 0.257150 0.104277 0.104277
0 0.735072 0.888870 0.055027 0.055027
0 0.867264 0.689692 0.061131 0.061131
0 0.525763 0.917783 0.062220 0.062220
0 0.945101 0.993048 0.104277 0.104277
0 0.381130 0.683811 0.050559 0.050559
0 0.510269 0.626590 0.061130 0.061130
0 0.639540 0.446962 0.071945 0.071945
0 0.741527 0.301348 0.057104 0.057104
0 0.781573 0.358486 0.104277 0.104277
0 0.282772 0.419367 0.061131 0.061131
0 0.129879 0.460692 0.104277 0.104277
0 0.638340 0.541515 0.071945 0.071945
0 0.597802 0.930593 0.104277 0.104277
0 0.587065 0.202447 0.052757 0.052757
0 0.514502 0.236674 0.104277 0.104277
0 0.030016 0.073061 0.062220 0.062220
0 0.204784 0.289419 0.071945 0.071945
0 0.035777 0.400448 0.061130 0.061130
0 0.444985 0.355639 0.071945 0.071945
0 0.751249 0.450090 0.104277 0.104277
0 0.475692 0.493579 0.104277 0.104277
0 0.240185 0.813493 0.052757 0.052757
0 0.999840 0.941722 0.057104 0.057104
0 0.919702 0.055951 0.061131 0.061131