0 0.224708 0.634988 0.052757 0.052757
0 0.776636 0.374356 0.052757 0.052757
0 0.700322 0.795537 0.057104 0.057104
0 0.650842 0.094893 0.052757 0.052757
0 0.197627 0.296036 0.071945 0.071945
0 0.776181 0.582186 0.057104 0.057104
0 0.889471 0.051792 0.061130 0.061130
0 0.190543 0.705233 0.062220 0.062220
0 0.997523 0.790318 0.052757 0.052757
0 0.403213 0.776390 0.071945 0.071945
0 0.541818 0.880912 0.104277 0.104277
0 0.462249 0.949836 0.052757 0.052757
0 0.820990 0.264832 0.057104 0.057104
0 0.685204 0.950073 0.104277 0.104277
0 0.907921 0.261089 0.057104 0.057104
0 0.218240 0.069772 0.104278 0.104278
0 0.374817 0.944034 0.052757 0.052757
0 0.589332 0.006387 0.071945 0.071945
0 0.787140 0.165294 0.057104 0.057104
0 0.922402 0.908791 0.061130 0.061130
0 0.813755 0.807633 0.071945 0.071945
0 0.188171 0.798403 0.052757 0.052757
0 0.333764 0.506508 0.071945 0.071945
0 0.523588 0.689137 0.061130 0.061130
0 0.326830 0.436052 0.071945 0.071945
0 0.822503 0.530819 0.071945 0.071945
0 0.802659 0.975926 0.061130 0.061130
0 0.773328 0.892261 0.062220 0.062220
0 0.917098 0.743447 0.062220 0.062220
0 0.522619 0.333062 0.071945 0.071945
0 0.476456 0.838915 0.104277 0.104277
0 0.968071 0.474708 0.061130 0.061130
0 0.939145 0.402973 0.061130 0.061130
0 0.720263 0.129246 0.104277 0.104277
0 0.491658 0.084553 0.057104 0.057104
0 0.694585 0.023508 0.104277 0.104277
0 0.978628 0.140911 0.052757 0.052757
0 0.971525 0.680834 0.061130 0.061130
0 0.709678 0.215808 0.104277 0.104277
0 0.533788 0.414760 0.071945 0.071945
0 0.963767 0.597152 0.104277 0.104277
0 0.653075 0.365891 0.052757 0.052757
0 0.485039 0.496985 0.052757 0.052757
0 0.328675 0.836616 0.052757 0.052757
0 0.417722 0.175539 0.061130 0.061130
0 0.226044 0.557324 0.104278 0.104278
0 0.859650 0.338577 0.071945 0.071945
0 0.913978 0.985426 0.104277 0.104277
0 0.784595 0.091547 0.062220 0.062220
0 0.408816 0.369418 0.061130 0.061130
0 0.874624 0.839447 0.071945 0.071945
0 0.416766 0.690573 0.104277 0.104277
0 0.745527 0.297244 0.104277 0.104277
0 0.615690 0.903514 0.071945 0.071945
0 0.755562 0.747611 0.050932 0.050932
0 0.295348 0.239690 0.061130 0.061130
0 0.892298 0.568725 0.052757 0.052757
0 0.367673 0.601443 0.057104 0.057104
0 0.658435 0.515616 0.071945 0.071945
0 0.869195 0.475785 0.061130 0.061130
0 0.444797 0.440244 0.062220 0.062220
0 0.581335 0.112039 0.057104 0.057104
0 0.891843 0.120946 0.057104 0.057104
0 0.310826 0.159102 0.057104 0.057104
0 0.383531 0.054213 0.104277 0.104277
0 0.616019 0.802247 0.071945 0.071945
0 0.523656 0.565418 0.104277 0.104277
0 0.230411 0.365362 0.061130 0.061130
0 0.294879 0.923826 0.104277 0.104277
0 0.992034 0.045686 0.057104 0.057104
0 0.866099 0.635751 0.061130 0.061130
0 0.728464 0.478910 0.071945 0.071945
0 0.581099 0.190148 0.061130 0.061130
0 0.510936 0.177427 0.062220 0.062220
0 0.855951 0.195411 0.048997 0.048997
0 0.322753 0.666160 0.062220 0.062220
0 0.282455 0.000805 0.104277 0.104277
0 0.529636 0.787066 0.052757 0.052757
0 0.826891 0.732436 0.062220 0.062220
0 0.622646 0.710340 0.062220 0.062220
0 0.240997 0.158150 0.057104 0.057104
0 0.288443 0.316924 0.057104 0.057104
0 0.479497 0.261967 0.071945 0.071945
0 0.262537 0.762229 0.057104 0.057104
0 0.633310 0.289788 0.104277 0.104277
0 0.399436 0.254891 0.071945 0.071945
0 0.472414 0.620345 0.071945 0.071945
0 0.567499 0.625314 0.047555 0.047555
0 0.701599 0.650110 0.052757 0.052757
0 0.773752 0.013655 0.057104 0.057104
0 0.214139 0.943061 0.071945 0.071945
0 0.332016 0.749115 0.057103 0.057103
0 0.986044 0.348397 0.071945 0.071945
0 0.697319 0.868215 0.071945 0.071945
0 0.781549 0.657991 0.071945 0.071945
0 0.228681 0.453578 0.062220 0.062220