0 0.123670 0.826976 0.062220 0.062220
0 0.666427 0.097630 0.104278 0.104278
0 0.431082 0.972580 0.062220 0.062220
0 0.920470 0.689407 0.071945 0.071945
0 0.722083 0.534752 0.104277 0.104277
0 0.784571 0.258978 0.052757 0.052757
0 0.964868 0.445724 0.061130 0.061130
0 0.457062 0.615946 0.052757 0.052757
0 0.468754 0.702495 0.104277 0.104277
0 0.309104 0.249953 0.061130 0.061130
0 0.815218 0.956120 0.104277 0.104277
0 0.065999 0.881858 0.071945 0.071945
0 0.683865 0.208435 0.052757 0.052757
0 0.704936 0.379662 0.052757 0.052757
0 0.818619 0.708862 0.062220 0.062220
0 0.448487 0.528525 0.104277 0.104277
0 0.781243 0.454797 0.071945 0.071945
0 0.530844 0.460323 0.104277 0.104277
0 0.455011 0.429383 0.061130 0.061130
0 0.319072 0.014287 0.057104 0.057104
0 0.843972 0.881120 0.057104 0.057104
0 0.362082 0.327340 0.104277 0.104277
0 0.197287 0.833038 0.061130 0.061130
0 0.916659 0.280354 0.104277 0.104277
0 0.177703 0.745155 0.052757 0.052757
0 0.912319 0.863556 0.104277 0.104277
0 0.797672 0.804618 0.061130 0.061130
0 0.676977 0.846492 0.057104 0.057104
0 0.581952 0.606378 0.104277 0.104277
0 0.338505 0.745982 0.061130 0.061130
0 0.419349 0.871440 0.062220 0.062220
0 0.034539 0.456674 0.061130 0.061130
0 0.616273 0.009068 0.052757 0.052757
0 0.614493 0.953250 0.057104 0.057104
0 0.730469 0.983341 0.104277 0.104277
0 0.160568 0.099662 0.104277 0.104277
0 0.080999 0.168586 0.052757 0.052757
0 0.461238 0.779650 0.057104 0.057104
0 0.279036 0.981093 0.062220 0.062220
0 0.303954 0.168823 0.104277 0.104277
0 0.377434 0.567305 0.052757 0.052757
0 0.859116 0.531086 0.052757 0.052757
0 0.801402 0.001313 0.052757 0.052757
0 0.497784 0.915093 0.057104 0.057104
0 0.239909 0.250880 0.052757 0.052757
0 0.669140 0.453841 0.104277 0.104277
0 0.616437 0.315487 0.057104 0.057104
0 0.821774 0.397091 0.052757 0.052757
0 0.309859 0.827194 0.061130 0.061130
0 0.996779 0.669212 0.061131 0.061131
0 0.519605 0.539473 0.061130 0.061130
0 0.955172 0.597663 0.071945 0.071945
0 0.984351 0.260692 0.071945 0.071945
0 0.194436 0.470024 0.104278 0.104278
0 0.743373 0.716212 0.062220 0.062220
0 0.984611 0.331516 0.061130 0.061130
0 0.261285 0.448415 0.052757 0.052757
0 0.541152 0.127541 0.061130 0.061130
0 0.958318 0.920523 0.057104 0.057104
0 0.432505 0.026383 0.071945 0.071945
0 0.599154 0.242079 0.052757 0.052757
0 0.864631 0.157194 0.057104 0.057104
0 0.771040 0.874050 0.104277 0.104277
0 0.053726 0.714716 0.062220 0.062220
0 0.270746 0.703439 0.057104 0.057104
0 0.639701 0.567833 0.071945 0.071945
0 0.421409 0.194676 0.061130 0.061130
0 0.392078 0.111011 0.062220 0.062220
0 0.783548 0.634472 0.061130 0.061130
0 0.878826 0.035320 0.052757 0.052757
0 0.441447 0.356977 0.052757 0.052757
0 0.591621 0.393262 0.057104 0.057104
0 0.227164 0.570908 0.057104 0.057104
0 0.095206 0.057665 0.104277 0.104277
0 0.154439 0.537288 0.071945 0.071945
0 0.054800 0.802062 0.052757 0.052757
0 0.594086 0.823781 0.062220 0.062220
0 0.571431 0.677637 0.071945 0.071945
0 0.093024 0.616854 0.052757 0.052757
0 0.285320 0.612746 0.071945 0.071945
0 0.789969 0.069736 0.062220 0.062220
0 0.021281 0.525258 0.057104 0.057104
0 0.796441 0.328401 0.104277 0.104277
0 0.703840 0.914803 0.071945 0.071945
0 0.532728 0.204176 0.104277 0.104277
0 0.493374 0.058197 0.071945 0.071945
0 0.883212 0.606946 0.057104 0.057104
0 0.736272 0.125825 0.104277 0.104277
0 0.234440 0.122264 0.071945 0.071945
0 0.980476 0.987525 0.104277 0.104277
0 0.164849 0.647639 0.052757 0.052757
0 0.234769 0.020997 0.071945 0.071945
0 0.941388 0.795908 0.062220 0.062220
0 0.796755 0.561936 0.050559 0.050559
0 0.107737 0.385279 0.104277 0.104277
0 0.925894 0.504715 0.061130 0.061130
0 0.157880 0.229514 0.104277 0.104277
0 0.897378 0.952871 0.071945 0.071945
0 0.698397 0.297492 0.061131 0.061131
0 0.545504 0.338817 0.104277 0.104277
0 0.148386 0.005816 0.052757 0.052757
0 0.930127 0.114799 0.104277 0.104277
0 0.063553 0.304291 0.052757 0.052757
0 0.147124 0.940207 0.057104 0.057104
0 0.032442 0.376927 0.061130 0.061130
0 0.155785 0.319877 0.062220 0.062220
0 0.222295 0.354919 0.071945 0.071945
0 0.620409 0.167544 0.071945 0.071945
0 0.451402 0.278573 0.061130 0.061130
0 0.860610 0.233764 0.071945 0.071945
0 0.571604 0.896947 0.061130 0.061130
0 0.243085 0.916291 0.104277 0.104277
0 0.351917 0.466023 0.104277 0.104277
0 0.891317 0.371704 0.104277 0.104277
0 0.125468 0.461295 0.052757 0.052757
0 0.655810 0.691618 0.052757 0.052757
0 0.316069 0.086965 0.071945 0.071945
0 0.391201 0.636283 0.104277 0.104277