0 0.038058 0.900979 0.062220 0.062220
0 0.489220 0.423782 0.071945 0.071945
0 0.764341 0.391761 0.071945 0.071945
0 0.290833 0.269127 0.104277 0.104277
0 0.796469 0.507131 0.052757 0.052757
0 0.497904 0.794114 0.061130 0.061130
0 0.940629 0.730619 0.062220 0.062220
0 0.533618 0.180099 0.061130 0.061130
0 0.939896 0.305076 0.104277 0.104277
0 0.025812 0.350321 0.052757 0.052757
0 0.923985 0.900812 0.052757 0.052757
0 0.560031 0.902206 0.104277 0.104277
0 0.037504 0.436870 0.104277 0.104277
0 0.383968 0.690495 0.104277 0.104277
0 0.342829 0.812106 0.104277 0.104277
0 0.229345 0.854080 0.071945 0.071945
0 0.706562 0.141975 0.071945 0.071945
0 0.273686 0.114037 0.052757 0.052757
0 0.387369 0.443237 0.062220 0.062220
0 0.017237 0.262900 0.104277 0.104277
0 0.349993 0.189172 0.071945 0.071945
0 0.099594 0.194698 0.104277 0.104277
0 0.816784 0.753415 0.104277 0.104277
0 0.023761 0.163758 0.061130 0.061130
0 0.412722 0.615495 0.057104 0.057104
0 0.906892 0.468195 0.104277 0.104277
0 0.862031 0.659314 0.071945 0.071945
0 0.485409 0.014729 0.104277 0.104277
0 0.785270 0.260833 0.104277 0.104277
0 0.422846 0.970105 0.062220 0.062220
0 0.903049 0.072026 0.071945 0.071945
0 0.481069 0.597931 0.104277 0.104277
0 0.898283 0.812073 0.052757 0.052757
0 0.907796 0.003580 0.062220 0.062220
0 0.638731 0.895123 0.062220 0.062220
0 0.366422 0.538993 0.061130 0.061130
0 0.245727 0.580867 0.057104 0.057104
0 0.150702 0.340753 0.104277 0.104277
0 0.845752 0.199331 0.057104 0.057104
0 0.888719 0.373006 0.062220 0.062220
0 0.641461 0.500193 0.052757 0.052757
0 0.788469 0.131115 0.062220 0.062220
0 0.183243 0.687625 0.057104 0.057104
0 0.299219 0.717716 0.104277 0.104277
0 0.029988 0.514025 0.057104 0.057104
0 0.760204 0.887943 0.062220 0.062220
0 0.608678 0.687061 0.071945 0.071945
0 0.238656 0.927045 0.071945 0.071945
0 0.974118 0.103808 0.061130 0.061130
0 0.818682 0.602070 0.102474 0.102474
0 0.045905 0.971781 0.057104 0.057104
0 0.859571 0.959190 0.071945 0.071945
0 0.427866 0.265461 0.052757 0.052757
0 0.713018 0.594245 0.104277 0.104277
0 0.066534 0.649468 0.057104 0.057104
0 0.237890 0.188216 0.104277 0.104277
0 0.185187 0.049862 0.057104 0.057104
0 0.390524 0.131466 0.052757 0.052757
0 0.721842 0.328037 0.062220 0.062220
0 0.565529 0.403587 0.061131 0.061131
0 0.088355 0.273848 0.061130 0.061130
0 0.523922 0.332038 0.071945 0.071945
0 0.312123 0.450587 0.062220 0.062220
0 0.553361 0.065891 0.061130 0.061130
0 0.527068 0.654898 0.057104 0.057104
0 0.264764 0.791437 0.057104 0.057104
0 0.339790 0.608425 0.104277 0.104277
0 0.132924 0.835101 0.062220 0.062220
0 0.208451 0.302208 0.071945 0.071945
0 0.667672 0.960876 0.062220 0.062220
0 0.642752 0.409309 0.052757 0.052757
0 0.352298 0.368847 0.061130 0.061130
0 0.010197 0.091352 0.052757 0.052757
0 0.160371 0.127637 0.057104 0.057104
0 0.625861 0.616419 0.062220 0.062220
0 0.159312 0.963038 0.061130 0.061130
0 0.570284 0.796178 0.104277 0.104277
0 0.162836 0.558156 0.062220 0.062220
0 0.140181 0.412012 0.071945 0.071945
0 0.297735 0.878190 0.062220 0.062220
0 0.754266 0.985844 0.052757 0.052757
0 0.365191 0.062776 0.104277 0.104277
0 0.398377 0.759831 0.062220 0.062220
0 0.720378 0.223070 0.052757 0.052757
0 0.272590 0.649178 0.071945 0.071945
0 0.632425 0.274934 0.052757 0.052757
0 0.573901 0.971738 0.061131 0.061131
0 0.451962 0.341321 0.057104 0.057104
0 0.922435 0.208474 0.061131 0.061131
0 0.828072 0.072737 0.057104 0.057104
0 0.549226 0.721900 0.104277 0.104277
0 0.987444 0.858729 0.062221 0.062221
0 0.823342 0.859011 0.052757 0.052757
0 0.719447 0.501370 0.055027 0.055027
0 0.851639 0.302192 0.061131 0.061131
0 0.510138 0.530283 0.062220 0.062220
0 0.929476 0.605548 0.104277 0.104277
0 0.365505 0.296311 0.050559 0.050559
0 0.659727 0.794446 0.052757 0.052757
0 0.494644 0.239090 0.061130 0.061130
0 0.623915 0.059462 0.071945 0.071945
0 0.179907 0.770658 0.052757 0.052757
0 0.466128 0.687246 0.071945 0.071945
0 0.267147 0.031867 0.061131 0.061131
0 0.334657 0.958303 0.061131 0.061131
0 0.114254 0.073192 0.104277 0.104277
0 0.622715 0.154015 0.071945 0.071945
0 0.582177 0.543093 0.104277 0.104277
0 0.746187 0.687350 0.061130 0.061130
0 0.424678 0.887356 0.104277 0.104277
0 0.106682 0.765936 0.052757 0.052757
0 0.020152 0.012948 0.061130 0.061130
0 0.140354 0.631322 0.061130 0.061130
0 0.735624 0.062590 0.104277 0.104277
0 0.460067 0.106079 0.104277 0.104277
0 0.224560 0.425993 0.052757 0.052757
0 0.984215 0.554222 0.057104 0.057104
0 0.998165 0.478139 0.088662 0.088662