0 0.248670 0.470726 0.062220 0.062220
0 0.594308 0.810354 0.062220 0.062220
0 0.556082 0.616330 0.062220 0.062220
0 0.331984 0.923968 0.057103 0.057103
0 0.847083 0.178502 0.104277 0.104277
0 0.582062 0.259696 0.052757 0.052757
0 0.593754 0.346245 0.104277 0.104277
0 0.940218 0.599870 0.104277 0.104277
0 0.352656 0.670617 0.052757 0.052757
0 0.899079 0.721481 0.104277 0.104277
0 0.785595 0.763455 0.071945 0.071945
0 0.190999 0.525608 0.071945 0.071945
0 0.829936 0.023412 0.052757 0.052757
0 0.943619 0.352612 0.062220 0.062220
0 0.311847 0.755287 0.062220 0.062220
0 0.216880 0.948269 0.071945 0.071945
0 0.573487 0.172275 0.104277 0.104277
0 0.906243 0.098547 0.071945 0.071945
0 0.655844 0.104073 0.104277 0.104277
0 0.580011 0.073133 0.061130 0.061130
0 0.241799 0.785923 0.104277 0.104277
0 0.968972 0.524870 0.057104 0.057104
0 0.045421 0.558734 0.061130 0.061130
0 0.322287 0.476788 0.061130 0.061130
0 0.302703 0.388905 0.052757 0.052757
0 0.093849 0.855086 0.104278 0.104278
0 0.979096 0.879480 0.062220 0.062220
0 0.922672 0.448368 0.061130 0.061130
0 0.801977 0.490242 0.057104 0.057104
0 0.706952 0.250128 0.104277 0.104277
0 0.491728 0.969851 0.062220 0.062220
0 0.463505 0.389732 0.061130 0.061130
0 0.544349 0.515190 0.062220 0.062220
0 0.159539 0.100424 0.061130 0.061130
0 0.739493 0.597000 0.057104 0.057104
0 0.855469 0.627091 0.104277 0.104277
0 0.649558 0.953146 0.071945 0.071945
0 0.586238 0.423400 0.057104 0.057104
0 0.351574 0.852531 0.061130 0.061130
0 0.794906 0.836420 0.071945 0.071945
0 0.404036 0.624843 0.062220 0.062220
0 0.502434 0.211055 0.052757 0.052757
0 0.602155 0.881156 0.057104 0.057104
0 0.984116 0.174836 0.052757 0.052757
0 0.111023 0.658321 0.062220 0.062220
0 0.622784 0.558843 0.057104 0.057104
0 0.794140 0.097591 0.104277 0.104277
0 0.946774 0.040841 0.052757 0.052757
0 0.434859 0.470944 0.061130 0.061130
0 0.565999 0.960809 0.052757 0.052757
0 0.644605 0.183223 0.061130 0.061130
0 0.319436 0.113774 0.104278 0.104278
0 0.868373 0.359962 0.062220 0.062220
0 0.386285 0.092165 0.052757 0.052757
0 0.400089 0.731975 0.062220 0.062220
0 0.821014 0.700812 0.057104 0.057104
0 0.027394 0.271242 0.062220 0.062220
0 0.896040 0.517800 0.104277 0.104277
0 0.525304 0.852170 0.050891 0.050891
0 0.178726 0.358466 0.062220 0.062220
0 0.251130 0.867605 0.104277 0.104277
0 0.395746 0.347189 0.057104 0.057104
0 0.689174 0.744476 0.062220 0.062220
0 0.764701 0.211583 0.071945 0.071945
0 0.809993 0.953542 0.057104 0.057104
0 0.185900 0.690472 0.062220 0.062220
0 0.410324 0.931192 0.052757 0.052757
0 0.457955 0.777316 0.062220 0.062220
0 0.553714 0.743235 0.104277 0.104277
0 0.908548 0.278222 0.061130 0.061130
0 0.566447 0.000727 0.052757 0.052757
0 0.716621 0.037012 0.057104 0.057104
0 0.352164 0.214658 0.057104 0.057104
0 0.061162 0.452348 0.104278 0.104278
0 0.279439 0.181038 0.071945 0.071945
0 0.179800 0.445812 0.052757 0.052757
0 0.088983 0.961939 0.071945 0.071945
0 0.715562 0.872413 0.061130 0.061130
0 0.719086 0.467531 0.062220 0.062220
0 0.696431 0.321387 0.071945 0.071945
0 0.853985 0.787565 0.062220 0.062220
0 0.148598 0.915711 0.057104 0.057104
0 0.218024 0.260604 0.052757 0.052757
0 0.410320 0.256496 0.071945 0.071945
0 0.112703 0.500330 0.057104 0.057104
0 0.146281 0.169008 0.057104 0.057104
0 0.426902 0.850125 0.062220 0.062220
0 0.116778 0.246830 0.104277 0.104277
0 0.725140 0.975763 0.062220 0.062220
0 0.954627 0.669206 0.062220 0.062220
0 0.828840 0.558553 0.071945 0.071945
0 0.077905 0.366355 0.104277 0.104277
0 0.068359 0.147390 0.071945 0.071945
0 0.504882 0.675255 0.104277 0.104277
0 0.078179 0.776014 0.061131 0.061131
0 0.289849 0.291389 0.052757 0.052757
0 0.049735 0.040393 0.057104 0.057104
0 0.948914 0.964193 0.061130 0.061130
0 0.921755 0.205686 0.050559 0.050559
0 0.232737 0.029029 0.104277 0.104277
0 0.736157 0.680033 0.052757 0.052757
0 0.151516 0.791109 0.057104 0.057104
0 0.890907 0.867678 0.061131 0.061131
0 0.272124 0.583957 0.057104 0.057104
0 0.157442 0.020677 0.061130 0.061130
0 0.980928 0.796731 0.104277 0.104277
0 0.662932 0.675311 0.052757 0.052757
0 0.696604 0.540697 0.061130 0.061130
0 0.368085 0.560041 0.104277 0.104277
0 0.028063 0.683883 0.057104 0.057104
0 0.476917 0.109773 0.104277 0.104277
0 0.250468 0.105045 0.052757 0.052757
0 0.016714 0.827890 0.061130 0.061130
0 0.780810 0.335368 0.052757 0.052757
0 0.516201 0.280033 0.104277 0.104277