0 0.375802 0.138255 0.104278 0.104278
0 0.629845 0.730032 0.071945 0.071945
0 0.904966 0.698011 0.071945 0.071945
0 0.431458 0.575377 0.104277 0.104277
0 0.937094 0.813381 0.052757 0.052757
0 0.493946 0.299603 0.052757 0.052757
0 0.674243 0.486349 0.061130 0.061130
0 0.166437 0.656571 0.052757 0.052757
0 0.178129 0.743120 0.104277 0.104277
0 0.018479 0.290578 0.061130 0.061130
0 0.524593 0.996745 0.104277 0.104277
0 0.393240 0.249060 0.052757 0.052757
0 0.847187 0.448225 0.071945 0.071945
0 0.414311 0.420287 0.052757 0.052757
0 0.527994 0.749487 0.062220 0.062220
0 0.157862 0.569150 0.104277 0.104277
0 0.490618 0.495422 0.071945 0.071945
0 0.240219 0.500948 0.104277 0.104277
0 0.733328 0.032178 0.051819 0.051819
0 0.164386 0.470008 0.061130 0.061130
0 0.028447 0.054912 0.057104 0.057104
0 0.553347 0.921745 0.057104 0.057104
0 0.071457 0.367965 0.104277 0.104277
0 0.626034 0.320979 0.104277 0.104277
0 0.925895 0.567083 0.104277 0.104277
0 0.621694 0.904181 0.104277 0.104277
0 0.507047 0.845243 0.061130 0.061130
0 0.386352 0.887117 0.057104 0.057104
0 0.291327 0.647003 0.104277 0.104277
0 0.047880 0.786607 0.061130 0.061130
0 0.128724 0.912065 0.062220 0.062220
0 0.986377 0.505581 0.057104 0.057104
0 0.782086 0.806443 0.052757 0.052757
0 0.929094 0.437365 0.062220 0.062220
0 0.325648 0.049693 0.052757 0.052757
0 0.323868 0.993875 0.057104 0.057104
0 0.170613 0.820275 0.057104 0.057104
0 0.809169 0.102522 0.104277 0.104277
0 0.749303 0.993311 0.071945 0.071945
0 0.804306 0.029229 0.071945 0.071945
0 0.013329 0.209448 0.104277 0.104277
0 0.086809 0.607930 0.052757 0.052757
0 0.959307 0.908320 0.102474 0.102474
0 0.568491 0.571711 0.052757 0.052757
0 0.853643 0.900495 0.104277 0.104277
0 0.510777 0.041938 0.052757 0.052757
0 0.207159 0.955718 0.057104 0.057104
0 0.378515 0.494466 0.104277 0.104277
0 0.325812 0.356112 0.057104 0.057104
0 0.531149 0.437716 0.052757 0.052757
0 0.725624 0.189151 0.054783 0.054783
0 0.019234 0.867819 0.061130 0.061130
0 0.862467 0.634287 0.062220 0.062220
0 0.706154 0.709837 0.061131 0.061131
0 0.893176 0.123063 0.057103 0.057103
0 0.228980 0.580098 0.061130 0.061130
0 0.664547 0.638288 0.071945 0.071945
0 0.693726 0.301317 0.071945 0.071945
0 0.452748 0.756837 0.062220 0.062220
0 0.693986 0.372141 0.061130 0.061130
0 0.250527 0.168166 0.061130 0.061130
0 0.667693 0.961148 0.057104 0.057104
0 0.141880 0.067008 0.071945 0.071945
0 0.308529 0.282704 0.052757 0.052757
0 0.987482 0.189884 0.061131 0.061131
0 0.574006 0.197819 0.057104 0.057104
0 0.938660 0.057765 0.061131 0.061131
0 0.480415 0.914675 0.104277 0.104277
0 0.349076 0.608458 0.071945 0.071945
0 0.130784 0.235301 0.061130 0.061130
0 0.101453 0.151636 0.062220 0.062220
0 0.783377 0.715559 0.052757 0.052757
0 0.245223 0.002822 0.062220 0.062220
0 0.492923 0.675097 0.061130 0.061130
0 0.588201 0.075945 0.052757 0.052757
0 0.150822 0.397602 0.052757 0.052757
0 0.300996 0.433887 0.057104 0.057104
0 0.766486 0.922669 0.062220 0.062220
0 0.303461 0.864406 0.062220 0.062220
0 0.280806 0.718262 0.071945 0.071945
0 0.818139 0.289809 0.052757 0.052757
0 0.399743 0.032745 0.057104 0.057104
0 0.499344 0.110361 0.062220 0.062220
0 0.505816 0.369026 0.104277 0.104277
0 0.861003 0.529320 0.052757 0.052757
0 0.413215 0.955428 0.071945 0.071945
0 0.242103 0.244801 0.104277 0.104277
0 0.773050 0.581184 0.052757 0.052757
0 0.202749 0.098822 0.071945 0.071945
0 0.592587 0.647571 0.057104 0.057104
0 0.445647 0.166450 0.104277 0.104277
0 0.083687 0.006986 0.050932 0.050932
0 0.968697 0.378987 0.057104 0.057104
0 0.987732 0.113488 0.071945 0.071945
0 0.801984 0.175900 0.104277 0.104277
0 0.860072 0.807620 0.055027 0.055027
0 0.992264 0.608442 0.061131 0.061131
0 0.650763 0.836533 0.062220 0.062220
0 0.506130 0.602561 0.050559 0.050559
0 0.635269 0.545340 0.061130 0.061130
0 0.764540 0.365712 0.071945 0.071945
0 0.866527 0.220098 0.057104 0.057104
0 0.906573 0.277236 0.104277 0.104277
0 0.606753 0.993496 0.071945 0.071945
0 0.407772 0.338117 0.061131 0.061131
0 0.254879 0.379442 0.104277 0.104277
0 0.763340 0.460265 0.071945 0.071945
0 0.722802 0.849343 0.104277 0.104277
0 0.712065 0.121197 0.052757 0.052757
0 0.639502 0.155424 0.104277 0.104277
0 0.886812 0.993600 0.061130 0.061130
0 0.329784 0.208169 0.071945 0.071945
0 0.160777 0.319198 0.061130 0.061130
0 0.569985 0.274389 0.071945 0.071945
0 0.280979 0.937572 0.061130 0.061130
0 0.061292 0.506648 0.104277 0.104277
0 0.876249 0.368840 0.104277 0.104277
0 0.600692 0.412329 0.104277 0.104277
0 0.365185 0.732243 0.052757 0.052757
0 0.025444 0.127590 0.071945 0.071945
0 0.100576 0.676908 0.104277 0.104277