0 0.284083 0.806863 0.052757 0.052757
0 0.836011 0.546231 0.052757 0.052757
0 0.785660 0.039552 0.062220 0.062220
0 0.759697 0.967412 0.057104 0.057104
0 0.710217 0.266768 0.052757 0.052757
0 0.257002 0.467911 0.071945 0.071945
0 0.835556 0.754061 0.057104 0.057104
0 0.901598 0.161228 0.071945 0.071945
0 0.948846 0.223667 0.061130 0.061130
0 0.249918 0.877108 0.062220 0.062220
0 0.462588 0.948265 0.071945 0.071945
0 0.880365 0.436707 0.057104 0.057104
0 0.967296 0.432964 0.057104 0.057104
0 0.277615 0.241647 0.104278 0.104278
0 0.648707 0.178262 0.071945 0.071945
0 0.578462 0.171177 0.057104 0.057104
0 0.846515 0.337169 0.057104 0.057104
0 0.873130 0.979508 0.071945 0.071945
0 0.247546 0.970278 0.052757 0.052757
0 0.393139 0.678383 0.071945 0.071945
0 0.582963 0.861012 0.061130 0.061130
0 0.386205 0.607927 0.071945 0.071945
0 0.993704 0.101360 0.061130 0.061130
0 0.881878 0.702694 0.071945 0.071945
0 0.976473 0.915322 0.062220 0.062220
0 0.581994 0.504937 0.071945 0.071945
0 0.998520 0.574848 0.061130 0.061130
0 0.779638 0.301121 0.104277 0.104277
0 0.643678 0.079299 0.057104 0.057104
0 0.885394 0.081046 0.057104 0.057104
0 0.551033 0.256428 0.057104 0.057104
0 0.753960 0.195383 0.104277 0.104277
0 0.336578 0.025486 0.062220 0.062220
0 0.769053 0.387683 0.104277 0.104277
0 0.593163 0.586635 0.071945 0.071945
0 0.558517 0.088682 0.052757 0.052757
0 0.753218 0.100652 0.052757 0.052757
0 0.570129 0.019973 0.061130 0.061130
0 0.712450 0.537766 0.052757 0.052757
0 0.938582 0.014145 0.104277 0.104277
0 0.544414 0.668860 0.052757 0.052757
0 0.477097 0.347414 0.061130 0.061130
0 0.285419 0.729199 0.104278 0.104278
0 0.919025 0.510452 0.071945 0.071945
0 0.843970 0.263422 0.062220 0.062220
0 0.468191 0.541293 0.061130 0.061130
0 0.476141 0.862448 0.104277 0.104277
0 0.804902 0.469119 0.104277 0.104277
0 0.814937 0.919486 0.050932 0.050932
0 0.354723 0.411565 0.061130 0.061130
0 0.951673 0.740600 0.052757 0.052757
0 0.427048 0.773318 0.057104 0.057104
0 0.717810 0.687491 0.071945 0.071945
0 0.928570 0.647660 0.061130 0.061130
0 0.504172 0.612119 0.062220 0.062220
0 0.496280 0.048118 0.061130 0.061130
0 0.640710 0.283914 0.057104 0.057104
0 0.951218 0.292821 0.057104 0.057104
0 0.370201 0.330977 0.057104 0.057104
0 0.442906 0.226088 0.104277 0.104277
0 0.675394 0.974122 0.071945 0.071945
0 0.583031 0.737293 0.104277 0.104277
0 0.289786 0.537237 0.061130 0.061130
0 0.253382 0.029000 0.061130 0.061130
0 0.925474 0.807626 0.061130 0.061130
0 0.787839 0.650785 0.071945 0.071945
0 0.640474 0.362023 0.061130 0.061130
0 0.570311 0.349302 0.062220 0.062220
0 0.915326 0.367286 0.048997 0.048997
0 0.382128 0.838035 0.062220 0.062220
0 0.341830 0.172680 0.104277 0.104277
0 0.589011 0.958941 0.052757 0.052757
0 0.886266 0.904311 0.062220 0.062220
0 0.682021 0.882215 0.062220 0.062220
0 0.300372 0.330025 0.057104 0.057104
0 0.347818 0.488799 0.057104 0.057104
0 0.538872 0.433842 0.071945 0.071945
0 0.321912 0.934104 0.057104 0.057104
0 0.692685 0.461663 0.104277 0.104277
0 0.458811 0.426766 0.071945 0.071945
0 0.449062 0.149625 0.061130 0.061130
0 0.531789 0.792220 0.071945 0.071945
0 0.626874 0.797189 0.047555 0.047555
0 0.760974 0.821985 0.052757 0.052757
0 0.833127 0.185530 0.057104 0.057104
0 0.252132 0.118432 0.071945 0.071945
0 0.391391 0.920990 0.057103 0.057103
0 0.840924 0.829866 0.071945 0.071945
0 0.288056 0.625453 0.062220 0.062220
0 0.417084 0.085815 0.062220 0.062220