0 0.685660 0.695802 0.062220 0.062220
0 0.610217 0.923018 0.052757 0.052757
0 0.604487 0.160231 0.104277 0.104277
0 0.632545 0.570187 0.057103 0.057103
0 0.801598 0.817478 0.071945 0.071945
0 0.266145 0.543473 0.104277 0.104277
0 0.848846 0.879917 0.061130 0.061130
0 0.403891 0.615832 0.052757 0.052757
0 0.177615 0.897897 0.104278 0.104278
0 0.837350 0.320377 0.057104 0.057104
0 0.564665 0.392325 0.104277 0.104277
0 0.548707 0.834512 0.071945 0.071945
0 0.478462 0.827427 0.057104 0.057104
0 0.373426 0.325384 0.104277 0.104277
0 0.746515 0.993419 0.057104 0.057104
0 0.584062 0.256474 0.057104 0.057104
0 0.231261 0.347215 0.062220 0.062220
0 0.242926 0.237437 0.062220 0.062220
0 0.775115 0.475508 0.057104 0.057104
0 0.532632 0.205343 0.104277 0.104277
0 0.304571 0.383736 0.062220 0.062220
0 0.893704 0.757610 0.061130 0.061130
0 0.147472 0.378490 0.104278 0.104278
0 0.808279 0.236804 0.104277 0.104277
0 0.695138 0.517943 0.052757 0.052757
0 0.498993 0.074291 0.052757 0.052757
0 0.973441 0.055868 0.104277 0.104277
0 0.766054 0.057652 0.062220 0.062220
0 0.448313 0.541285 0.062220 0.062220
0 0.147660 0.489245 0.071945 0.071945
0 0.620379 0.320973 0.057104 0.057104
0 0.777533 0.570008 0.057104 0.057104
0 0.679638 0.957371 0.104277 0.104277
0 0.543678 0.735549 0.057104 0.057104
0 0.785394 0.737296 0.057104 0.057104
0 0.451033 0.912678 0.057104 0.057104
0 0.147724 0.140380 0.052757 0.052757
0 0.825923 0.399337 0.052757 0.052757
0 0.897114 0.468418 0.104277 0.104277
0 0.865671 0.037529 0.062220 0.062220
0 0.653960 0.851633 0.104277 0.104277
0 0.938003 0.969036 0.052757 0.052757
0 0.297262 0.115760 0.061130 0.061130
0 0.236578 0.681736 0.062220 0.062220
0 0.458517 0.744932 0.052757 0.052757
0 0.653218 0.756902 0.052757 0.052757
0 0.470129 0.676223 0.061130 0.061130
0 0.838582 0.670395 0.104277 0.104277
0 0.973891 0.553592 0.061130 0.061130
0 0.663862 0.196440 0.052757 0.052757
0 0.709804 0.408023 0.057104 0.057104
0 0.148630 0.034168 0.104277 0.104277
0 0.539083 0.591041 0.071945 0.071945
0 0.961302 0.288743 0.062220 0.062220
0 0.364673 0.084351 0.061130 0.061130
0 0.233847 0.063609 0.061130 0.061130
0 0.743970 0.919672 0.062220 0.062220
0 0.521882 0.332191 0.052757 0.052757
0 0.442787 0.023750 0.071945 0.071945
0 0.318244 0.453392 0.057104 0.057104
0 0.854246 0.544116 0.061130 0.061130
0 0.381774 0.196402 0.057104 0.057104
0 0.396280 0.704368 0.061130 0.061130
0 0.180229 0.207544 0.061130 0.061130
0 0.362892 0.541554 0.062220 0.062220
0 0.540710 0.940164 0.057104 0.057104
0 0.851218 0.949071 0.057104 0.057104
0 0.270201 0.987227 0.057104 0.057104
0 0.342906 0.882338 0.104277 0.104277
0 0.153382 0.685250 0.061130 0.061130
0 0.951409 0.873811 0.057104 0.057104
0 0.897168 0.190938 0.104277 0.104277
0 0.675686 0.270925 0.061130 0.061130
0 0.619537 0.090841 0.104277 0.104277
0 0.194598 0.613258 0.061130 0.061130
0 0.386297 0.463619 0.057104 0.057104
0 0.241830 0.828930 0.104277 0.104277
0 0.685122 0.119930 0.071945 0.071945
0 0.244665 0.470968 0.052757 0.052757
0 0.915685 0.346372 0.061130 0.061130
0 0.751995 0.654718 0.057104 0.057104
0 0.950411 0.651404 0.104277 0.104277
0 0.626753 0.645067 0.104277 0.104277
0 0.200372 0.986275 0.057104 0.057104
0 0.956444 0.419285 0.061130 0.061130
0 0.318278 0.244080 0.062220 0.062220
0 0.899351 0.103787 0.057104 0.057104
0 0.650880 0.450144 0.062220 0.062220
0 0.280212 0.618940 0.071945 0.071945
0 0.750073 0.145086 0.057104 0.057104
0 0.349062 0.805875 0.061130 0.061130
0 0.432150 0.373300 0.104277 0.104277
0 0.550691 0.508999 0.052757 0.052757
0 0.437552 0.253595 0.057104 0.057104
0 0.733127 0.841780 0.057104 0.057104
0 0.497942 0.434456 0.062220 0.062220
0 0.152132 0.774682 0.071945 0.071945
0 0.184683 0.292343 0.061130 0.061130
0 0.317084 0.742065 0.062220 0.062220