0 0.305958 0.819363 0.052757 0.052757
0 0.857886 0.558731 0.052757 0.052757
0 0.807535 0.052052 0.062220 0.062220
0 0.781572 0.979912 0.057104 0.057104
0 0.732092 0.279268 0.052757 0.052757
0 0.278877 0.480411 0.071945 0.071945
0 0.857431 0.766561 0.057104 0.057104
0 0.923473 0.173728 0.071945 0.071945
0 0.970721 0.236167 0.061130 0.061130
0 0.271793 0.889608 0.062220 0.062220
0 0.484463 0.960765 0.071945 0.071945
0 0.902240 0.449207 0.057104 0.057104
0 0.989171 0.445464 0.057104 0.057104
0 0.299490 0.254147 0.104278 0.104278
0 0.670582 0.190762 0.071945 0.071945
0 0.600337 0.183677 0.057104 0.057104
0 0.868390 0.349669 0.057104 0.057104
0 0.895005 0.992008 0.071945 0.071945
0 0.269421 0.982778 0.052757 0.052757
0 0.415014 0.690883 0.071945 0.071945
0 0.604838 0.873512 0.061130 0.061130
0 0.408080 0.620427 0.071945 0.071945
0 0.903753 0.715194 0.071945 0.071945
0 0.998348 0.927822 0.062220 0.062220
0 0.603869 0.517437 0.071945 0.071945
0 0.801513 0.313621 0.104277 0.104277
0 0.665553 0.091799 0.057104 0.057104
0 0.907269 0.093546 0.057104 0.057104
0 0.572908 0.268928 0.057104 0.057104
0 0.775835 0.207883 0.104277 0.104277
0 0.358453 0.037986 0.062220 0.062220
0 0.790928 0.400183 0.104277 0.104277
0 0.615038 0.599135 0.071945 0.071945
0 0.580392 0.101182 0.052757 0.052757
0 0.775093 0.113152 0.052757 0.052757
0 0.592004 0.032473 0.061130 0.061130
0 0.734325 0.550266 0.052757 0.052757
0 0.960457 0.026645 0.104277 0.104277
0 0.566289 0.681360 0.052757 0.052757
0 0.498972 0.359914 0.061130 0.061130
0 0.307294 0.741699 0.104278 0.104278
0 0.940900 0.522952 0.071945 0.071945
0 0.865845 0.275922 0.062220 0.062220
0 0.490066 0.553793 0.061130 0.061130
0 0.498016 0.874948 0.104277 0.104277
0 0.826777 0.481619 0.104277 0.104277
0 0.836812 0.931986 0.050932 0.050932
0 0.376598 0.424065 0.061130 0.061130
0 0.973548 0.753100 0.052757 0.052757
0 0.448923 0.785818 0.057104 0.057104
0 0.739685 0.699991 0.071945 0.071945
0 0.950445 0.660160 0.061130 0.061130
0 0.526047 0.624619 0.062220 0.062220
0 0.518155 0.060618 0.061130 0.061130
0 0.662585 0.296414 0.057104 0.057104
0 0.973093 0.305321 0.057104 0.057104
0 0.392076 0.343477 0.057104 0.057104
0 0.464781 0.238588 0.104277 0.104277
0 0.697269 0.986622 0.071945 0.071945
0 0.604906 0.749793 0.104277 0.104277
0 0.311661 0.549737 0.061130 0.061130
0 0.275257 0.041500 0.061130 0.061130
0 0.947349 0.820126 0.061130 0.061130
0 0.809714 0.663285 0.071945 0.071945
0 0.662349 0.374523 0.061130 0.061130
0 0.592186 0.361802 0.062220 0.062220
0 0.937201 0.379786 0.048997 0.048997
0 0.404003 0.850535 0.062220 0.062220
0 0.363705 0.185180 0.104277 0.104277
0 0.610886 0.971441 0.052757 0.052757
0 0.873870 0.010968 0.057104 0.057104
0 0.748628 0.001317 0.104277 0.104277
0 0.908141 0.916811 0.062220 0.062220
0 0.703896 0.894715 0.062220 0.062220
0 0.322247 0.342525 0.057104 0.057104
0 0.369693 0.501299 0.057104 0.057104
0 0.560747 0.446342 0.071945 0.071945
0 0.343787 0.946604 0.057104 0.057104
0 0.714560 0.474163 0.104277 0.104277
0 0.480686 0.439266 0.071945 0.071945
0 0.470937 0.162125 0.061130 0.061130
0 0.553664 0.804720 0.071945 0.071945
0 0.648749 0.809689 0.047555 0.047555
0 0.782849 0.834485 0.052757 0.052757
0 0.855002 0.198030 0.057104 0.057104
0 0.274007 0.130932 0.071945 0.071945
0 0.413266 0.933490 0.057103 0.057103
0 0.862799 0.842366 0.071945 0.071945
0 0.309931 0.637953 0.062220 0.062220
0 0.438959 0.098315 0.062220 0.062220