0 0.838682 0.660161 0.104277 0.104277
0 0.579846 0.988618 0.104277 0.104277
0 0.942239 0.271019 0.062220 0.062220
0 0.035660 0.764552 0.062220 0.062220
0 0.991814 0.534446 0.057104 0.057104
0 0.919974 0.385929 0.104277 0.104277
0 0.902277 0.737825 0.104277 0.104277
0 0.707918 0.924589 0.052757 0.052757
0 0.905168 0.576405 0.061131 0.061131
0 0.914976 0.200312 0.052757 0.052757
0 0.151598 0.886228 0.071945 0.071945
0 0.788384 0.499938 0.071945 0.071945
0 0.198846 0.948667 0.061130 0.061130
0 0.970995 0.979070 0.104277 0.104277
0 0.841272 0.795480 0.062220 0.062220
0 0.679098 0.862028 0.057104 0.057104
0 0.675945 0.701203 0.052757 0.052757
0 0.787099 0.839466 0.061130 0.061130
0 0.501968 0.688506 0.061131 0.061131
0 0.187350 0.389127 0.057104 0.057104
0 0.996962 0.712275 0.061130 0.061130
0 0.437094 0.609813 0.062220 0.062220
0 0.730028 0.796489 0.061131 0.061131
0 0.779255 0.729942 0.057104 0.057104
0 0.576057 0.052999 0.071945 0.071945
0 0.846169 0.323747 0.071945 0.071945
0 0.408978 0.293847 0.061131 0.061131
0 0.696618 0.204898 0.061130 0.061130
0 0.721631 0.323773 0.104277 0.104277
0 0.428421 0.055391 0.104277 0.104277
0 0.125115 0.544258 0.057104 0.057104
0 0.472390 0.190317 0.071945 0.071945
0 0.845547 0.455450 0.104277 0.104277
0 0.243704 0.826360 0.061130 0.061130
0 0.158279 0.305554 0.104277 0.104277
0 0.045138 0.586693 0.052757 0.052757
0 0.323441 0.124618 0.104277 0.104277
0 0.116054 0.126402 0.062220 0.062220
0 0.534473 0.439231 0.071945 0.071945
0 0.515841 0.890650 0.104277 0.104277
0 0.127533 0.638758 0.057104 0.057104
0 0.135394 0.806046 0.057104 0.057104
0 0.175923 0.468087 0.052757 0.052757
0 0.247114 0.537168 0.104277 0.104277
0 0.215671 0.106279 0.062220 0.062220
0 0.003960 0.920383 0.104277 0.104277
0 0.548281 0.573645 0.061131 0.061131
0 0.003218 0.825652 0.052757 0.052757
0 0.023196 0.029406 0.071945 0.071945
0 0.188582 0.739145 0.104277 0.104277
0 0.323891 0.622342 0.061130 0.061130
0 0.013862 0.265190 0.052757 0.052757
0 0.059804 0.476773 0.057104 0.057104
0 0.406377 0.520130 0.104277 0.104277
0 0.942140 0.061592 0.062220 0.062220
0 0.905715 0.123159 0.062220 0.062220
0 0.619258 0.404590 0.062220 0.062220
0 0.311302 0.357493 0.062220 0.062220
0 0.637820 0.644024 0.057104 0.057104
0 0.093970 0.988422 0.062220 0.062220
0 0.502289 0.118792 0.061131 0.061131
0 0.798423 0.944991 0.071945 0.071945
0 0.408302 0.928119 0.052757 0.052757
0 0.401069 0.698456 0.062220 0.062220
0 0.406133 0.156110 0.061131 0.061131
0 0.761306 0.602648 0.071945 0.071945
0 0.204246 0.612866 0.061130 0.061130
0 0.365834 0.762074 0.104278 0.104278
0 0.369117 0.234273 0.052757 0.052757
0 0.448751 0.429094 0.061131 0.061131
0 0.867867 0.050306 0.052757 0.052757
0 0.666305 0.126636 0.057104 0.057104
0 0.274084 0.034306 0.052757 0.052757
0 0.615977 0.826245 0.062220 0.062220
0 0.917388 0.475198 0.052757 0.052757
0 0.422852 0.827985 0.062220 0.062220
0 0.301409 0.942561 0.057104 0.057104
0 0.247168 0.259688 0.104277 0.104277
0 0.025686 0.339675 0.061130 0.061130
0 0.667438 0.577072 0.052757 0.052757
0 0.454772 0.760356 0.071945 0.071945
0 0.368352 0.996917 0.062220 0.062220
0 0.804149 0.141212 0.071945 0.071945
0 0.152737 0.064254 0.057104 0.057104
0 0.706111 0.055783 0.062220 0.062220
0 0.035122 0.188680 0.071945 0.071945
0 0.698403 0.420229 0.057104 0.057104
0 0.941383 0.908652 0.057104 0.057104
0 0.265685 0.415122 0.061130 0.061130
0 0.101995 0.723468 0.057104 0.057104
0 0.300411 0.720154 0.104277 0.104277
0 0.632206 0.493915 0.057104 0.057104
0 0.538055 0.241936 0.104277 0.104277
0 0.494973 0.817282 0.052757 0.052757
0 0.306444 0.488035 0.061130 0.061130
0 0.604397 0.311373 0.052757 0.052757
0 0.483425 0.530056 0.071945 0.071945
0 0.773067 0.079375 0.104277 0.104277
0 0.611552 0.176917 0.071945 0.071945
0 0.932788 0.834953 0.104277 0.104277
0 0.249351 0.172537 0.057104 0.057104
0 0.000880 0.518894 0.062220 0.062220
0 0.351890 0.426845 0.071945 0.071945
0 0.100073 0.213836 0.057104 0.057104
0 0.828308 0.240117 0.104277 0.104277
0 0.083127 0.910530 0.057104 0.057104
0 0.491954 0.301073 0.052757 0.052757
0 0.786389 0.418227 0.062220 0.062220
0 0.583782 0.703665 0.061131 0.061131