0 0.873463 0.988017 0.071945 0.071945
0 0.817346 0.851118 0.104277 0.104277
0 0.273160 0.627052 0.062220 0.062220
0 0.945418 0.787089 0.052757 0.052757
0 0.197717 0.854268 0.052757 0.052757
0 0.191987 0.091481 0.104277 0.104277
0 0.220045 0.501437 0.057103 0.057103
0 0.889356 0.897614 0.057104 0.057104
0 0.389098 0.748728 0.071945 0.071945
0 0.436346 0.811167 0.061130 0.061130
0 0.614480 0.935122 0.052757 0.052757
0 0.916598 0.724528 0.057104 0.057104
0 0.913445 0.563703 0.052757 0.052757
0 0.739468 0.551006 0.061131 0.061131
0 0.681680 0.871031 0.052757 0.052757
0 0.424850 0.251627 0.057104 0.057104
0 0.674594 0.472313 0.062220 0.062220
0 0.967528 0.658989 0.061131 0.061131
0 0.786743 0.953314 0.071945 0.071945
0 0.152165 0.323575 0.104277 0.104277
0 0.136207 0.765762 0.071945 0.071945
0 0.065962 0.758677 0.057104 0.057104
0 0.646478 0.156347 0.061131 0.061131
0 0.934118 0.067398 0.061130 0.061130
0 0.334015 0.924669 0.057104 0.057104
0 0.959131 0.186273 0.104277 0.104277
0 0.171562 0.187724 0.057104 0.057104
0 0.362615 0.406758 0.057104 0.057104
0 0.120132 0.136593 0.104277 0.104277
0 0.709890 0.052817 0.071945 0.071945
0 0.481204 0.688860 0.061130 0.061130
0 0.395779 0.168054 0.104277 0.104277
0 0.282638 0.449193 0.052757 0.052757
0 0.086493 0.005541 0.052757 0.052757
0 0.035813 0.472535 0.062220 0.062220
0 0.771973 0.301731 0.071945 0.071945
0 0.753341 0.753150 0.104277 0.104277
0 0.207879 0.252223 0.057104 0.057104
0 0.365033 0.501258 0.057104 0.057104
0 0.267138 0.888621 0.104277 0.104277
0 0.131178 0.666799 0.057104 0.057104
0 0.372894 0.668546 0.057104 0.057104
0 0.038533 0.843928 0.057104 0.057104
0 0.413423 0.330587 0.052757 0.052757
0 0.484614 0.399668 0.104277 0.104277
0 0.241460 0.782883 0.104277 0.104277
0 0.525503 0.900286 0.052757 0.052757
0 0.968851 0.889640 0.062220 0.062220
0 0.256553 0.975183 0.104277 0.104277
0 0.046017 0.676182 0.052757 0.052757
0 0.785781 0.436145 0.061131 0.061131
0 0.240718 0.688152 0.052757 0.052757
0 0.057629 0.607473 0.061130 0.061130
0 0.426082 0.601645 0.104277 0.104277
0 0.561391 0.484842 0.061130 0.061130
0 0.251362 0.127690 0.052757 0.052757
0 0.297304 0.339273 0.057104 0.057104
0 0.126583 0.522291 0.071945 0.071945
0 0.643877 0.382630 0.104277 0.104277
0 0.856758 0.267090 0.062220 0.062220
0 0.548802 0.219993 0.062220 0.062220
0 0.875320 0.506524 0.057104 0.057104
0 0.331470 0.850922 0.062220 0.062220
0 0.109382 0.263441 0.052757 0.052757
0 0.645802 0.790619 0.052757 0.052757
0 0.638569 0.560956 0.062220 0.062220
0 0.643633 0.018610 0.061131 0.061131
0 0.998806 0.465148 0.071945 0.071945
0 0.441746 0.475366 0.061130 0.061130
0 0.603334 0.624574 0.104278 0.104278
0 0.606617 0.096773 0.052757 0.052757
0 0.686251 0.291594 0.061131 0.061131
0 0.853477 0.688745 0.062220 0.062220
0 0.128210 0.871414 0.057104 0.057104
0 0.438718 0.880321 0.057104 0.057104
0 0.660352 0.690485 0.062220 0.062220
0 0.538909 0.805061 0.057104 0.057104
0 0.484668 0.122188 0.104277 0.104277
0 0.263186 0.202175 0.061130 0.061130
0 0.207037 0.022091 0.104277 0.104277
0 0.127974 0.949523 0.061130 0.061130
0 0.057811 0.936802 0.062220 0.062220
0 0.904938 0.439572 0.052757 0.052757
0 0.402826 0.954786 0.048997 0.048997
0 0.692272 0.622856 0.071945 0.071945
0 0.605852 0.859417 0.062220 0.062220
0 0.272622 0.051180 0.071945 0.071945
0 0.935903 0.282729 0.057104 0.057104
0 0.503185 0.277622 0.061130 0.061130
0 0.339495 0.585968 0.057104 0.057104
0 0.537911 0.582654 0.104277 0.104277
0 0.214253 0.576317 0.104277 0.104277
0 0.869706 0.356415 0.057104 0.057104
0 0.775555 0.104436 0.104277 0.104277
0 0.732473 0.679782 0.052757 0.052757
0 0.543944 0.350535 0.061130 0.061130
0 0.841897 0.173873 0.052757 0.052757
0 0.720925 0.392556 0.071945 0.071945
0 0.849052 0.039417 0.071945 0.071945
0 0.486851 0.035037 0.057104 0.057104
0 0.238380 0.381394 0.062220 0.062220
0 0.589390 0.289345 0.071945 0.071945
0 0.337573 0.076336 0.057104 0.057104
0 0.019650 0.304550 0.104277 0.104277
0 0.138191 0.440249 0.052757 0.052757
0 0.025052 0.184845 0.057104 0.057104
0 0.320627 0.773030 0.057104 0.057104
0 0.085442 0.365706 0.062220 0.062220
0 0.729454 0.163573 0.052757 0.052757
0 0.821282 0.566165 0.061131 0.061131