0 0.236170 0.926976 0.062220 0.062220
0 0.778927 0.197630 0.104278 0.104278
0 0.834583 0.634752 0.104277 0.104277
0 0.897071 0.358978 0.052757 0.052757
0 0.569562 0.715946 0.052757 0.052757
0 0.581254 0.802495 0.104277 0.104277
0 0.421604 0.349953 0.061130 0.061130
0 0.178499 0.981858 0.071945 0.071945
0 0.796365 0.308435 0.052757 0.052757
0 0.817436 0.479662 0.052757 0.052757
0 0.931119 0.808862 0.062220 0.062220
0 0.560987 0.628525 0.104277 0.104277
0 0.893743 0.554797 0.071945 0.071945
0 0.643344 0.560323 0.104277 0.104277
0 0.567511 0.529383 0.061130 0.061130
0 0.431572 0.114287 0.057104 0.057104
0 0.956472 0.981120 0.057104 0.057104
0 0.474582 0.427340 0.104277 0.104277
0 0.309787 0.933038 0.061130 0.061130
0 0.290203 0.845155 0.052757 0.052757
0 0.910172 0.904618 0.061130 0.061130
0 0.789477 0.946492 0.057104 0.057104
0 0.694452 0.706378 0.104277 0.104277
0 0.451005 0.845982 0.061130 0.061130
0 0.531849 0.971440 0.062220 0.062220
0 0.147039 0.556674 0.061130 0.061130
0 0.728773 0.109068 0.052757 0.052757
0 0.134463 0.095140 0.071945 0.071945
0 0.273068 0.199662 0.104277 0.104277
0 0.193499 0.268586 0.052757 0.052757
0 0.573738 0.879650 0.057104 0.057104
0 0.416454 0.268823 0.104277 0.104277
0 0.489934 0.667305 0.052757 0.052757
0 0.971616 0.631086 0.052757 0.052757
0 0.913902 0.101313 0.052757 0.052757
0 0.106067 0.262784 0.052757 0.052757
0 0.352409 0.350880 0.052757 0.052757
0 0.781640 0.553841 0.104277 0.104277
0 0.728937 0.415487 0.057104 0.057104
0 0.934274 0.497091 0.052757 0.052757
0 0.422359 0.927194 0.061130 0.061130
0 0.632105 0.639473 0.061130 0.061130
0 0.306936 0.570024 0.104278 0.104278
0 0.855873 0.816212 0.062220 0.062220
0 0.879975 0.021944 0.071945 0.071945
0 0.373785 0.548415 0.052757 0.052757
0 0.653652 0.227541 0.061130 0.061130
0 0.545005 0.126383 0.071945 0.071945
0 0.711654 0.342079 0.052757 0.052757
0 0.977131 0.257194 0.057104 0.057104
0 0.014894 0.727492 0.062220 0.062220
0 0.883540 0.974050 0.104277 0.104277
0 0.166226 0.814716 0.062220 0.062220
0 0.383246 0.803439 0.057104 0.057104
0 0.254838 0.007887 0.061130 0.061130
0 0.752201 0.667833 0.071945 0.071945
0 0.533909 0.294676 0.061130 0.061130
0 0.504578 0.211011 0.062220 0.062220
0 0.648348 0.062197 0.062220 0.062220
0 0.896048 0.734472 0.061130 0.061130
0 0.991326 0.135320 0.052757 0.052757
0 0.553947 0.456977 0.052757 0.052757
0 0.704121 0.493262 0.057104 0.057104
0 0.339664 0.670908 0.057104 0.057104
0 0.207706 0.157665 0.104277 0.104277
0 0.048662 0.908598 0.104278 0.104278
0 0.266939 0.637288 0.071945 0.071945
0 0.167300 0.902062 0.052757 0.052757
0 0.706586 0.923781 0.062220 0.062220
0 0.683931 0.777637 0.071945 0.071945
0 0.205524 0.716854 0.052757 0.052757
0 0.397820 0.712746 0.071945 0.071945
0 0.100203 0.956580 0.057104 0.057104
0 0.802868 0.092120 0.057104 0.057104
0 0.902469 0.169736 0.062220 0.062220
0 0.133781 0.625258 0.057104 0.057104
0 0.104278 0.703080 0.104277 0.104277
0 0.908941 0.428401 0.104277 0.104277
0 0.059925 0.155366 0.052757 0.052757
0 0.645228 0.304176 0.104277 0.104277
0 0.605874 0.158197 0.071945 0.071945
0 0.148016 0.009323 0.104277 0.104277
0 0.995712 0.706946 0.057104 0.057104
0 0.848772 0.225825 0.104277 0.104277
0 0.065405 0.822605 0.104277 0.104277
0 0.055859 0.603640 0.071945 0.071945
0 0.346940 0.222264 0.071945 0.071945
0 0.486812 0.066361 0.050932 0.050932
0 0.277349 0.747639 0.052757 0.052757
0 0.813780 0.004037 0.057104 0.057104
0 0.347269 0.120997 0.071945 0.071945
0 0.026129 0.242576 0.104277 0.104277
0 0.037235 0.496643 0.057104 0.057104
0 0.909255 0.661936 0.050559 0.050559
0 0.220237 0.485279 0.104277 0.104277
0 0.270380 0.329514 0.104277 0.104277
0 0.810897 0.397492 0.061131 0.061131
0 0.658004 0.438817 0.104277 0.104277
0 0.260886 0.105816 0.052757 0.052757
0 0.558141 0.051186 0.062220 0.062220
0 0.353896 0.029090 0.062220 0.062220
0 0.176053 0.404291 0.052757 0.052757
0 0.055282 0.319080 0.104277 0.104277
0 0.144942 0.476927 0.061130 0.061130
0 0.268285 0.419877 0.062220 0.062220
0 0.334795 0.454919 0.071945 0.071945
0 0.732909 0.267544 0.071945 0.071945
0 0.563902 0.378573 0.061130 0.061130
0 0.973110 0.333764 0.071945 0.071945
0 0.684104 0.996947 0.061130 0.061130
0 0.464417 0.566023 0.104277 0.104277
0 0.237968 0.561295 0.052757 0.052757
0 0.063266 0.067865 0.057103 0.057103
0 0.768310 0.791618 0.052757 0.052757
0 0.428569 0.186965 0.071945 0.071945
0 0.046977 0.390422 0.104277 0.104277
0 0.503701 0.736283 0.104277 0.104277