0 0.809592 0.677602 0.104277 0.104277
0 0.766044 0.465611 0.061130 0.061130
0 0.482052 0.885130 0.104278 0.104278
0 0.699137 0.325940 0.104277 0.104277
0 0.760963 0.234892 0.071945 0.071945
0 0.959882 0.675278 0.062220 0.062220
0 0.912776 0.220502 0.071945 0.071945
0 0.991529 0.427360 0.104277 0.104277
0 0.666815 0.427509 0.052757 0.052757
0 0.996162 0.110805 0.061131 0.061131
0 0.704846 0.097993 0.104277 0.104277
0 0.211011 0.380606 0.052757 0.052757
0 0.499490 0.995935 0.052757 0.052757
0 0.803716 0.592417 0.057104 0.057104
0 0.574909 0.270449 0.062220 0.062220
0 0.839578 0.779053 0.051819 0.051819
0 0.134697 0.801787 0.057104 0.057104
0 0.832918 0.033964 0.052757 0.052757
0 0.485744 0.455608 0.104277 0.104277
0 0.085217 0.101143 0.052757 0.052757
0 0.743722 0.392148 0.061131 0.061131
0 0.210556 0.588436 0.057104 0.057104
0 0.776856 0.144489 0.057104 0.057104
0 0.827938 0.352643 0.052757 0.052757
0 0.323846 0.058042 0.061130 0.061130
0 0.501980 0.181997 0.052757 0.052757
0 0.884145 0.288603 0.057104 0.057104
0 0.996618 0.510614 0.036679 0.036679
0 0.431898 0.796568 0.052757 0.052757
0 0.255365 0.271082 0.057104 0.057104
0 0.830380 0.441225 0.057104 0.057104
0 0.915419 0.849397 0.104277 0.104277
0 0.569180 0.117906 0.052757 0.052757
0 0.910556 0.776104 0.071945 0.071945
0 0.119579 0.956323 0.104277 0.104277
0 0.342296 0.267339 0.057104 0.057104
0 0.565148 0.393858 0.071945 0.071945
0 0.617027 0.788813 0.052757 0.052757
0 0.674243 0.200189 0.071945 0.071945
0 0.023707 0.012637 0.071945 0.071945
0 0.831874 0.936026 0.054783 0.054783
0 0.221515 0.171544 0.057104 0.057104
0 0.999426 0.869938 0.057103 0.057103
0 0.583100 0.709444 0.071945 0.071945
0 0.356777 0.915041 0.061130 0.061130
0 0.248130 0.813883 0.071945 0.071945
0 0.680256 0.944694 0.057104 0.057104
0 0.636367 0.360307 0.057104 0.057104
0 0.256878 0.537069 0.071945 0.071945
0 0.237034 0.982176 0.061130 0.061130
0 0.207703 0.898511 0.062220 0.062220
0 0.992823 0.271002 0.061130 0.061130
0 0.351473 0.749697 0.062220 0.062220
0 0.467134 0.578697 0.061130 0.061130
0 0.694451 0.822820 0.052757 0.052757
0 0.640841 0.000025 0.104277 0.104277
0 0.402446 0.480958 0.061130 0.061130
0 0.373520 0.409223 0.061130 0.061130
0 0.942919 0.365485 0.062220 0.062220
0 0.154638 0.135496 0.104277 0.104277
0 0.552200 0.535493 0.104277 0.104277
0 0.715605 0.633366 0.071945 0.071945
0 0.128960 0.029758 0.104277 0.104277
0 0.413003 0.147161 0.052757 0.052757
0 0.856351 0.136515 0.062220 0.062220
0 0.405900 0.687084 0.061130 0.061130
0 0.144053 0.222058 0.104277 0.104277
0 0.505993 0.779620 0.057104 0.057104
0 0.398142 0.603402 0.104277 0.104277
0 0.605594 0.857236 0.062220 0.062220
0 0.602761 0.584030 0.104277 0.104277
0 0.087450 0.372141 0.052757 0.052757
0 0.581666 0.471340 0.052757 0.052757
0 0.888582 0.511028 0.062220 0.062220
0 0.294025 0.344827 0.071945 0.071945
0 0.348353 0.991676 0.104277 0.104277
0 0.218970 0.097797 0.062220 0.062220
0 0.308999 0.845697 0.071945 0.071945
0 0.923423 0.054366 0.071945 0.071945
0 0.551897 0.913325 0.104277 0.104277
0 0.533302 0.037494 0.052757 0.052757
0 0.179902 0.303494 0.104277 0.104277
0 0.706730 0.717282 0.057104 0.057104
0 0.050065 0.909764 0.071945 0.071945
0 0.189937 0.753861 0.050932 0.050932
0 0.326673 0.574975 0.052757 0.052757
0 0.092810 0.521866 0.071945 0.071945
0 0.944245 0.558946 0.071945 0.071945
0 0.303570 0.482035 0.061130 0.061130
0 0.662599 0.540090 0.052757 0.052757
0 0.516905 0.691537 0.057104 0.057104
0 0.908234 0.922775 0.104277 0.104277
0 0.015710 0.118289 0.057104 0.057104
0 0.326218 0.127196 0.057104 0.057104
0 0.050394 0.808497 0.071945 0.071945
0 0.426409 0.051936 0.057104 0.057104
0 0.300474 0.642001 0.061130 0.061130
0 0.162839 0.485160 0.071945 0.071945
0 0.015474 0.196398 0.061130 0.061130
0 0.972777 0.966973 0.057104 0.057104
0 0.290326 0.201661 0.048997 0.048997
0 0.493352 0.106292 0.062220 0.062220
0 0.489334 0.347653 0.062220 0.062220
0 0.818315 0.868072 0.052757 0.052757
0 0.745752 0.902299 0.104277 0.104277
0 0.261266 0.738686 0.062220 0.062220
0 0.057021 0.716590 0.062220 0.062220
0 0.492911 0.257842 0.061131 0.061131
0 0.067685 0.296038 0.104277 0.104277
0 0.436034 0.955044 0.071945 0.071945
0 0.001874 0.631564 0.047555 0.047555
0 0.135974 0.656360 0.052757 0.052757
0 0.208127 0.019905 0.057104 0.057104
0 0.420419 0.354647 0.071945 0.071945
0 0.131694 0.874465 0.071945 0.071945
0 0.881201 0.638845 0.057104 0.057104
0 0.215924 0.664241 0.071945 0.071945