0 0.873057 0.591411 0.104277 0.104277
0 0.905537 0.932680 0.061131 0.061131
0 0.614221 0.919868 0.104277 0.104277
0 0.976614 0.202269 0.062220 0.062220
0 0.070035 0.695802 0.062220 0.062220
0 0.954349 0.317179 0.104277 0.104277
0 0.936652 0.669075 0.104277 0.104277
0 0.742293 0.855839 0.052757 0.052757
0 0.939543 0.507655 0.061131 0.061131
0 0.016920 0.570187 0.057103 0.057103
0 0.949351 0.131562 0.052757 0.052757
0 0.686231 0.966364 0.057104 0.057104
0 0.185973 0.817478 0.071945 0.071945
0 0.822759 0.431188 0.071945 0.071945
0 0.233221 0.879917 0.061130 0.061130
0 0.875647 0.726730 0.062220 0.062220
0 0.713473 0.793278 0.057104 0.057104
0 0.710320 0.632453 0.052757 0.052757
0 0.821474 0.770716 0.061130 0.061130
0 0.536343 0.619756 0.061131 0.061131
0 0.478555 0.939781 0.052757 0.052757
0 0.221725 0.320377 0.057104 0.057104
0 0.471469 0.541063 0.062220 0.062220
0 0.764403 0.727739 0.061131 0.061131
0 0.813630 0.661192 0.057104 0.057104
0 0.880544 0.254997 0.071945 0.071945
0 0.443353 0.225097 0.061131 0.061131
0 0.730993 0.136148 0.061130 0.061130
0 0.130890 0.993419 0.057104 0.057104
0 0.756006 0.255023 0.104277 0.104277
0 0.159490 0.475508 0.057104 0.057104
0 0.506765 0.121567 0.071945 0.071945
0 0.879922 0.386700 0.104277 0.104277
0 0.278079 0.757610 0.061130 0.061130
0 0.192654 0.236804 0.104277 0.104277
0 0.079513 0.517943 0.052757 0.052757
0 0.357816 0.055868 0.104277 0.104277
0 0.150429 0.057652 0.062220 0.062220
0 0.568848 0.370481 0.071945 0.071945
0 0.550216 0.821900 0.104277 0.104277
0 0.004754 0.320973 0.057104 0.057104
0 0.161908 0.570008 0.057104 0.057104
0 0.064013 0.957371 0.104277 0.104277
0 0.169769 0.737296 0.057104 0.057104
0 0.210298 0.399337 0.052757 0.052757
0 0.281489 0.468418 0.104277 0.104277
0 0.250046 0.037529 0.062220 0.062220
0 0.038335 0.851633 0.104277 0.104277
0 0.322378 0.969036 0.052757 0.052757
0 0.765726 0.958390 0.062220 0.062220
0 0.582656 0.504895 0.061131 0.061131
0 0.037593 0.756902 0.052757 0.052757
0 0.222957 0.670395 0.104277 0.104277
0 0.358266 0.553592 0.061130 0.061130
0 0.048237 0.196440 0.052757 0.052757
0 0.094179 0.408023 0.057104 0.057104
0 0.440752 0.451380 0.104277 0.104277
0 0.940090 0.054409 0.062220 0.062220
0 0.653633 0.335840 0.062220 0.062220
0 0.345677 0.288743 0.062220 0.062220
0 0.672195 0.575274 0.057104 0.057104
0 0.128345 0.919672 0.062220 0.062220
0 0.536664 0.050042 0.061131 0.061131
0 0.832798 0.876241 0.071945 0.071945
0 0.442677 0.859369 0.052757 0.052757
0 0.435444 0.629706 0.062220 0.062220
0 0.440508 0.087360 0.061131 0.061131
0 0.795681 0.533898 0.071945 0.071945
0 0.238621 0.544116 0.061130 0.061130
0 0.400209 0.693324 0.104278 0.104278
0 0.403492 0.165523 0.052757 0.052757
0 0.483126 0.360344 0.061131 0.061131
0 0.700680 0.057886 0.057104 0.057104
0 0.650352 0.757495 0.062220 0.062220
0 0.235593 0.949071 0.057104 0.057104
0 0.951763 0.406448 0.052757 0.052757
0 0.457227 0.759235 0.062220 0.062220
0 0.335784 0.873811 0.057104 0.057104
0 0.281543 0.190938 0.104277 0.104277
0 0.060061 0.270925 0.061130 0.061130
0 0.003912 0.090841 0.104277 0.104277
0 0.701813 0.508322 0.052757 0.052757
0 0.489147 0.691606 0.071945 0.071945
0 0.402727 0.928167 0.062220 0.062220
0 0.838524 0.072462 0.071945 0.071945
0 0.069497 0.119930 0.071945 0.071945
0 0.732778 0.351479 0.057104 0.057104
0 0.975758 0.839902 0.057104 0.057104
0 0.300060 0.346372 0.061130 0.061130
0 0.136370 0.654718 0.057104 0.057104
0 0.334786 0.651404 0.104277 0.104277
0 0.011128 0.645067 0.104277 0.104277
0 0.666581 0.425165 0.057104 0.057104
0 0.572430 0.173186 0.104277 0.104277
0 0.529348 0.748532 0.052757 0.052757
0 0.958501 0.979840 0.057104 0.057104
0 0.340819 0.419285 0.061130 0.061130
0 0.638772 0.242623 0.052757 0.052757
0 0.517800 0.461306 0.071945 0.071945
0 0.807442 0.010625 0.104277 0.104277
0 0.645927 0.108167 0.071945 0.071945
0 0.967163 0.766203 0.104277 0.104277
0 0.283726 0.103787 0.057104 0.057104
0 0.035255 0.450144 0.062220 0.062220
0 0.386265 0.358095 0.071945 0.071945
0 0.134448 0.145086 0.057104 0.057104
0 0.862683 0.171367 0.104277 0.104277
0 0.117502 0.841780 0.057104 0.057104
0 0.526329 0.232323 0.052757 0.052757
0 0.820764 0.349477 0.062220 0.062220
0 0.618157 0.634915 0.061131 0.061131