0 0.173670 0.411351 0.062220 0.062220
0 0.519308 0.750979 0.062220 0.062220
0 0.481082 0.556955 0.062220 0.062220
0 0.970470 0.273782 0.071945 0.071945
0 0.256984 0.864593 0.057103 0.057103
0 0.772083 0.119127 0.104277 0.104277
0 0.979154 0.644114 0.061130 0.061130
0 0.507062 0.200321 0.052757 0.052757
0 0.518754 0.286870 0.104277 0.104277
0 0.865218 0.540495 0.104277 0.104277
0 0.277656 0.611242 0.052757 0.052757
0 0.824079 0.662106 0.104277 0.104277
0 0.710595 0.704080 0.071945 0.071945
0 0.115999 0.466233 0.071945 0.071945
0 0.868619 0.293237 0.062220 0.062220
0 0.236847 0.695912 0.062220 0.062220
0 0.141880 0.888894 0.071945 0.071945
0 0.498487 0.112900 0.104277 0.104277
0 0.831243 0.039172 0.071945 0.071945
0 0.580844 0.044698 0.104277 0.104277
0 0.505011 0.013758 0.061130 0.061130
0 0.166799 0.726548 0.104277 0.104277
0 0.893972 0.465495 0.057104 0.057104
0 0.247287 0.417413 0.061130 0.061130
0 0.227703 0.329530 0.052757 0.052757
0 0.018849 0.795711 0.104278 0.104278
0 0.904096 0.820105 0.062220 0.062220
0 0.962319 0.447931 0.104277 0.104277
0 0.847672 0.388993 0.061130 0.061130
0 0.726977 0.430867 0.057104 0.057104
0 0.631952 0.190753 0.104277 0.104277
0 0.416728 0.910476 0.062220 0.062220
0 0.388505 0.330357 0.061130 0.061130
0 0.469349 0.455815 0.062220 0.062220
0 0.084539 0.041049 0.061130 0.061130
0 0.664493 0.537625 0.057104 0.057104
0 0.780469 0.567716 0.104277 0.104277
0 0.574558 0.893771 0.071945 0.071945
0 0.511238 0.364025 0.057104 0.057104
0 0.276574 0.793156 0.061130 0.061130
0 0.719906 0.777045 0.071945 0.071945
0 0.329036 0.565468 0.062220 0.062220
0 0.427434 0.151680 0.052757 0.052757
0 0.527155 0.821781 0.057104 0.057104
0 0.909116 0.115461 0.052757 0.052757
0 0.036023 0.598946 0.062220 0.062220
0 0.547784 0.499468 0.057104 0.057104
0 0.719140 0.038216 0.104277 0.104277
0 0.359859 0.411569 0.061130 0.061130
0 0.490999 0.901434 0.052757 0.052757
0 0.569605 0.123848 0.061130 0.061130
0 0.244436 0.054399 0.104278 0.104278
0 0.793373 0.300587 0.062220 0.062220
0 0.311285 0.032790 0.052757 0.052757
0 0.325089 0.672600 0.062220 0.062220
0 0.746014 0.641437 0.057104 0.057104
0 0.821040 0.458425 0.104277 0.104277
0 0.450304 0.792795 0.050891 0.050891
0 0.103726 0.299091 0.062220 0.062220
0 0.176130 0.808230 0.104277 0.104277
0 0.320746 0.287814 0.057104 0.057104
0 0.614174 0.685101 0.062220 0.062220
0 0.689701 0.152208 0.071945 0.071945
0 0.734993 0.894167 0.057104 0.057104
0 0.110900 0.631097 0.062220 0.062220
0 0.335324 0.871817 0.052757 0.052757
0 0.382955 0.717941 0.062220 0.062220
0 0.478714 0.683860 0.104277 0.104277
0 0.833548 0.218847 0.061130 0.061130
0 0.277164 0.155283 0.057104 0.057104
0 0.204439 0.121663 0.071945 0.071945
0 0.104800 0.386437 0.052757 0.052757
0 0.013983 0.902564 0.071945 0.071945
0 0.640562 0.813038 0.061130 0.061130
0 0.644086 0.408156 0.062220 0.062220
0 0.621431 0.262012 0.071945 0.071945
0 0.778985 0.728190 0.062220 0.062220
0 0.073598 0.856336 0.057104 0.057104
0 0.143024 0.201229 0.052757 0.052757
0 0.335320 0.197121 0.071945 0.071945
0 0.037703 0.440955 0.057104 0.057104
0 0.071281 0.109633 0.057104 0.057104
0 0.963529 0.873908 0.052757 0.052757
0 0.351902 0.790750 0.062220 0.062220
0 0.041778 0.187455 0.104277 0.104277
0 0.650140 0.916388 0.062220 0.062220
0 0.879627 0.609831 0.062220 0.062220
0 0.753840 0.499178 0.071945 0.071945
0 0.933212 0.191321 0.057104 0.057104
0 0.002905 0.306980 0.104277 0.104277
0 0.429882 0.615880 0.104277 0.104277
0 0.003179 0.716639 0.061131 0.061131
0 0.214849 0.232014 0.052757 0.052757
0 0.991388 0.380283 0.062220 0.062220
0 0.873914 0.904818 0.061130 0.061130
0 0.846755 0.146311 0.050559 0.050559
0 0.975894 0.089090 0.061130 0.061130
0 0.661157 0.620658 0.052757 0.052757
0 0.947378 0.537246 0.071945 0.071945
0 0.076516 0.731734 0.057104 0.057104
0 0.815907 0.808303 0.061131 0.061131
0 0.197124 0.524582 0.057104 0.057104
0 0.905928 0.737356 0.104277 0.104277
0 0.587932 0.615936 0.052757 0.052757
0 0.621604 0.481322 0.061130 0.061130
0 0.293085 0.500666 0.104277 0.104277
0 0.401917 0.050398 0.104277 0.104277
0 0.175468 0.045670 0.052757 0.052757
0 0.705810 0.275993 0.052757 0.052757
0 0.441201 0.220658 0.104277 0.104277