0 0.306669 0.949986 0.061130 0.061130
0 0.709614 0.911695 0.052757 0.052757
0 0.239762 0.810315 0.104277 0.104277
0 0.301588 0.719267 0.071945 0.071945
0 0.453401 0.704877 0.071945 0.071945
0 0.532154 0.911735 0.104277 0.104277
0 0.207440 0.911884 0.052757 0.052757
0 0.610018 0.958260 0.071945 0.071945
0 0.504307 0.253911 0.104277 0.104277
0 0.536787 0.595180 0.061131 0.061131
0 0.694409 0.218439 0.104277 0.104277
0 0.245471 0.582368 0.104277 0.104277
0 0.738598 0.414687 0.057104 0.057104
0 0.865051 0.619647 0.062221 0.062221
0 0.753957 0.582652 0.104277 0.104277
0 0.830983 0.376566 0.104277 0.104277
0 0.657439 0.128196 0.057104 0.057104
0 0.567902 0.331575 0.104277 0.104277
0 0.115534 0.754824 0.062220 0.062220
0 0.373543 0.518339 0.052757 0.052757
0 0.026369 0.939983 0.104277 0.104277
0 0.855004 0.891761 0.071945 0.071945
0 0.570793 0.170155 0.061131 0.061131
0 0.284347 0.876523 0.061131 0.061131
0 0.317481 0.628864 0.057104 0.057104
0 0.454009 0.093688 0.071945 0.071945
0 0.368563 0.837018 0.052757 0.052757
0 0.636620 0.572820 0.104277 0.104277
0 0.042605 0.666372 0.052757 0.052757
0 0.506897 0.389230 0.062220 0.062220
0 0.424770 0.772978 0.057104 0.057104
0 0.344723 0.455778 0.057104 0.057104
0 0.341570 0.294953 0.052757 0.052757
0 0.815319 0.725735 0.052757 0.052757
0 0.537243 0.994989 0.036679 0.036679
0 0.452724 0.433216 0.061130 0.061130
0 0.729175 0.115218 0.071945 0.071945
0 0.167593 0.282256 0.061131 0.061131
0 0.755232 0.686546 0.062221 0.062221
0 0.371005 0.925600 0.057104 0.057104
0 0.109805 0.602281 0.052757 0.052757
0 0.756862 0.492034 0.071945 0.071945
0 0.693777 0.722175 0.052757 0.052757
0 0.662587 0.306025 0.061130 0.061130
0 0.680883 0.790037 0.104277 0.104277
0 0.105773 0.878233 0.071945 0.071945
0 0.102719 0.203563 0.062220 0.062220
0 0.395653 0.390239 0.061131 0.061131
0 0.586521 0.813669 0.104277 0.104277
0 0.214868 0.684564 0.071945 0.071945
0 0.444880 0.323692 0.057104 0.057104
0 0.677426 0.981144 0.062220 0.062220
0 0.855285 0.245602 0.057104 0.057104
0 0.176992 0.844682 0.057104 0.057104
0 0.511172 0.049200 0.104277 0.104277
0 0.533448 0.755377 0.061130 0.061130
0 0.668374 0.380900 0.061130 0.061130
0 0.612208 0.885992 0.061130 0.061130
0 0.200098 0.032981 0.071945 0.071945
0 0.181466 0.484400 0.104277 0.104277
0 0.483544 0.849860 0.062220 0.062220
0 0.396976 0.620890 0.062220 0.062220
0 0.760673 0.997068 0.104277 0.104277
0 0.213906 0.167395 0.061131 0.061131
0 0.122291 0.955715 0.052757 0.052757
0 0.072002 0.113880 0.104277 0.104277
0 0.429207 0.995403 0.062220 0.062220
0 0.807617 0.299604 0.052757 0.052757
0 0.303445 0.237774 0.057104 0.057104
0 0.464048 0.538741 0.071945 0.071945
0 0.073927 0.521869 0.052757 0.052757
0 0.066694 0.292206 0.062220 0.062220
0 0.426931 0.196398 0.071945 0.071945
0 0.031459 0.355824 0.104278 0.104278
0 0.114376 0.022844 0.061131 0.061131
0 0.281602 0.419995 0.062220 0.062220
0 0.874874 0.770976 0.071945 0.071945
0 0.844703 0.074942 0.057104 0.057104
0 0.725643 0.045062 0.057104 0.057104
0 0.583013 0.068948 0.052757 0.052757
0 0.088477 0.421735 0.062220 0.062220
0 0.758040 0.821198 0.071945 0.071945
0 0.333063 0.170822 0.052757 0.052757
0 0.120397 0.354106 0.071945 0.071945
0 0.033977 0.590667 0.062220 0.062220
0 0.852421 0.470173 0.104277 0.104277
0 0.364028 0.013979 0.057104 0.057104
0 0.607008 0.502402 0.057104 0.057104
0 0.297831 0.087665 0.057104 0.057104
0 0.029959 0.832028 0.062220 0.062220
0 0.160598 0.411032 0.052757 0.052757
0 0.589751 0.642340 0.057104 0.057104
0 0.033536 0.742217 0.061131 0.061131
0 0.149050 0.123806 0.071945 0.071945
0 0.598413 0.428703 0.104277 0.104277
0 0.825405 0.178407 0.061130 0.061130
0 0.017515 0.020595 0.071945 0.071945
0 0.667746 0.456298 0.104277 0.104277
0 0.681926 0.652556 0.052757 0.052757
0 0.452014 0.011977 0.062220 0.062220
0 0.249407 0.297415 0.061131 0.061131