0 0.282970 0.145657 0.071945 0.071945
0 0.845509 0.652359 0.104277 0.104277
0 0.484514 0.756308 0.052757 0.052757
0 0.558091 0.113636 0.071945 0.071945
0 0.590219 0.229006 0.052757 0.052757
0 0.291654 0.515989 0.061130 0.061130
0 0.828502 0.336160 0.061131 0.061131
0 0.734379 0.452494 0.062220 0.062220
0 0.733646 0.026951 0.104277 0.104277
0 0.717735 0.622687 0.052757 0.052757
0 0.353781 0.624081 0.104277 0.104277
0 0.875557 0.744812 0.052757 0.052757
0 0.177718 0.412370 0.104277 0.104277
0 0.136579 0.533981 0.104277 0.104277
0 0.023095 0.575955 0.071945 0.071945
0 0.181119 0.165112 0.062220 0.062220
0 0.610534 0.475290 0.104277 0.104277
0 0.206472 0.337370 0.057104 0.057104
0 0.700642 0.190070 0.104277 0.104277
0 0.749992 0.732411 0.061130 0.061130
0 0.721549 0.803391 0.104277 0.104277
0 0.655781 0.381189 0.071945 0.071945
0 0.865839 0.273813 0.052757 0.052757
0 0.216596 0.691980 0.062220 0.062220
0 0.274819 0.319806 0.104277 0.104277
0 0.692033 0.533948 0.052757 0.052757
0 0.432481 0.616998 0.062220 0.062220
0 0.160172 0.260868 0.061130 0.061130
0 0.039477 0.302742 0.057104 0.057104
0 0.682469 0.094881 0.062220 0.062220
0 0.435211 0.222068 0.052757 0.052757
0 0.092969 0.439591 0.104277 0.104277
0 0.553954 0.609818 0.062220 0.062220
0 0.402428 0.408936 0.071945 0.071945
0 0.032406 0.648920 0.071945 0.071945
0 0.612432 0.323945 0.102474 0.102474
0 0.653321 0.681065 0.071945 0.071945
0 0.506768 0.316120 0.104277 0.104277
0 0.555171 0.780859 0.104277 0.104277
0 0.515592 0.049912 0.062220 0.062220
0 0.359279 0.125462 0.061131 0.061131
0 0.317672 0.053913 0.071945 0.071945
0 0.105873 0.172462 0.062220 0.062220
0 0.639818 0.777746 0.104277 0.104277
0 0.320818 0.376773 0.057104 0.057104
0 0.058514 0.513312 0.057104 0.057104
0 0.133540 0.330300 0.104277 0.104277
0 0.002201 0.024083 0.071945 0.071945
0 0.047493 0.766042 0.057104 0.057104
0 0.802114 0.082857 0.045227 0.045227
0 0.461422 0.682751 0.062220 0.062220
0 0.436502 0.131184 0.052757 0.052757
0 0.146048 0.090722 0.061130 0.061130
0 0.416173 0.781322 0.052757 0.052757
0 0.419611 0.338294 0.062220 0.062220
0 0.364034 0.518053 0.104277 0.104277
0 0.091485 0.600065 0.062220 0.062220
0 0.276029 0.745783 0.052757 0.052757
0 0.548016 0.707719 0.052757 0.052757
0 0.192127 0.481706 0.062220 0.062220
0 0.066340 0.371053 0.071945 0.071945
0 0.849368 0.553507 0.061131 0.061131
0 0.367651 0.693613 0.061131 0.061131
0 0.245712 0.063196 0.057104 0.057104
0 0.342976 0.443775 0.104277 0.104277
0 0.814940 0.429519 0.061131 0.061131
0 0.781194 0.580604 0.062221 0.062221
0 0.617092 0.580886 0.052757 0.052757
0 0.513197 0.223245 0.055027 0.055027
0 0.645389 0.024067 0.061131 0.061131
0 0.303888 0.252158 0.062220 0.062220
0 0.186414 0.776693 0.061130 0.061130
0 0.723226 0.327423 0.104277 0.104277
0 0.331632 0.794828 0.062220 0.062220
0 0.159255 0.018186 0.050559 0.050559
0 0.453477 0.516321 0.052757 0.052757
0 0.259878 0.409121 0.071945 0.071945
0 0.128407 0.680178 0.061131 0.061131
0 0.375927 0.264968 0.104277 0.104277
0 0.539937 0.409225 0.061130 0.061130
0 0.218428 0.609231 0.104277 0.104277
0 0.018310 0.147868 0.052757 0.052757
0 0.777965 0.276097 0.057104 0.057104
0 0.791915 0.200014 0.088662 0.088662