0 0.386095 0.298782 0.071945 0.071945
0 0.948634 0.805484 0.104277 0.104277
0 0.587639 0.909433 0.052757 0.052757
0 0.661216 0.266761 0.071945 0.071945
0 0.941594 0.007082 0.071945 0.071945
0 0.187708 0.144127 0.104277 0.104277
0 0.693344 0.382131 0.052757 0.052757
0 0.394779 0.669114 0.061130 0.061130
0 0.931627 0.489285 0.061131 0.061131
0 0.837504 0.605619 0.062220 0.062220
0 0.430493 0.055099 0.061130 0.061130
0 0.836771 0.180076 0.104277 0.104277
0 0.820860 0.775812 0.052757 0.052757
0 0.456906 0.777206 0.104277 0.104277
0 0.978682 0.897937 0.052757 0.052757
0 0.280843 0.565495 0.104277 0.104277
0 0.239704 0.687106 0.104277 0.104277
0 0.126220 0.729080 0.071945 0.071945
0 0.603437 0.016975 0.071945 0.071945
0 0.284244 0.318237 0.062220 0.062220
0 0.246868 0.064172 0.071945 0.071945
0 0.713659 0.628415 0.104277 0.104277
0 0.309597 0.490495 0.057104 0.057104
0 0.803767 0.343195 0.104277 0.104277
0 0.853117 0.885536 0.061130 0.061130
0 0.824674 0.956516 0.104277 0.104277
0 0.758906 0.534314 0.071945 0.071945
0 0.968964 0.426938 0.052757 0.052757
0 0.682145 0.135833 0.104277 0.104277
0 0.319721 0.845105 0.062220 0.062220
0 0.377944 0.472931 0.104277 0.104277
0 0.795158 0.687073 0.052757 0.052757
0 0.535606 0.770123 0.062220 0.062220
0 0.263297 0.413993 0.061130 0.061130
0 0.142602 0.455867 0.057104 0.057104
0 0.047577 0.215753 0.104277 0.104277
0 0.742627 0.074331 0.057104 0.057104
0 0.785594 0.248006 0.062220 0.062220
0 0.538336 0.375193 0.052757 0.052757
0 0.685344 0.006115 0.062220 0.062220
0 0.080118 0.562625 0.057104 0.057104
0 0.196094 0.592716 0.104277 0.104277
0 0.657079 0.762943 0.062220 0.062220
0 0.505553 0.562061 0.071945 0.071945
0 0.135531 0.802045 0.071945 0.071945
0 0.715557 0.477070 0.102474 0.102474
0 0.756446 0.834190 0.071945 0.071945
0 0.324741 0.140461 0.052757 0.052757
0 0.609893 0.469245 0.104277 0.104277
0 0.134765 0.063216 0.104277 0.104277
0 0.287399 0.006466 0.052757 0.052757
0 0.658296 0.933984 0.104277 0.104277
0 0.618717 0.203037 0.062220 0.062220
0 0.462404 0.278587 0.061131 0.061131
0 0.420797 0.207038 0.071945 0.071945
0 0.208998 0.325587 0.062220 0.062220
0 0.742943 0.930871 0.104277 0.104277
0 0.423943 0.529898 0.057104 0.057104
0 0.161639 0.666437 0.057104 0.057104
0 0.236665 0.483425 0.104277 0.104277
0 0.029799 0.710101 0.062220 0.062220
0 0.105326 0.177208 0.071945 0.071945
0 0.150618 0.919167 0.057104 0.057104
0 0.905239 0.235982 0.045227 0.045227
0 0.564547 0.835876 0.062220 0.062220
0 0.539627 0.284309 0.052757 0.052757
0 0.249173 0.243847 0.061130 0.061130
0 0.960904 0.139777 0.061130 0.061130
0 0.057246 0.002637 0.057104 0.057104
0 0.519298 0.934447 0.052757 0.052757
0 0.522736 0.491419 0.062220 0.062220
0 0.056187 0.838038 0.061130 0.061130
0 0.467159 0.671178 0.104277 0.104277
0 0.059711 0.433156 0.062220 0.062220
0 0.037056 0.287012 0.071945 0.071945
0 0.194610 0.753190 0.062220 0.062220
0 0.379154 0.898908 0.052757 0.052757
0 0.651141 0.860844 0.052757 0.052757
0 0.065765 0.941388 0.062220 0.062220
0 0.295252 0.634831 0.062220 0.062220
0 0.617253 0.098070 0.052757 0.052757
0 0.169465 0.524178 0.071945 0.071945
0 0.529300 0.149934 0.052757 0.052757
0 0.952493 0.706632 0.061131 0.061131
0 0.470776 0.846738 0.061131 0.061131
0 0.348837 0.216321 0.057104 0.057104
0 0.819310 0.083474 0.061131 0.061131
0 0.446101 0.596900 0.104277 0.104277
0 0.918065 0.582644 0.061131 0.061131
0 0.884319 0.733729 0.062221 0.062221
0 0.720217 0.734011 0.052757 0.052757
0 0.616322 0.376370 0.055027 0.055027
0 0.748514 0.177192 0.061131 0.061131
0 0.407013 0.405283 0.062220 0.062220
0 0.289539 0.929818 0.061130 0.061130
0 0.826351 0.480548 0.104277 0.104277
0 0.434757 0.947953 0.062220 0.062220
0 0.262380 0.171311 0.050559 0.050559
0 0.556602 0.669446 0.052757 0.052757
0 0.391519 0.114090 0.061130 0.061130
0 0.076782 0.645658 0.052757 0.052757
0 0.363003 0.562246 0.071945 0.071945
0 0.231532 0.833303 0.061131 0.061131
0 0.519590 0.029015 0.071945 0.071945
0 0.479052 0.418093 0.104277 0.104277
0 0.643062 0.562350 0.061130 0.061130
0 0.321553 0.762356 0.104277 0.104277
0 0.003557 0.640936 0.052757 0.052757
0 0.906433 0.096968 0.052757 0.052757
0 0.037229 0.506322 0.061130 0.061130
0 0.121435 0.300993 0.052757 0.052757
0 0.881090 0.429222 0.057104 0.057104
0 0.895040 0.353139 0.088662 0.088662