0 0.108045 0.723851 0.062220 0.062220
0 0.415457 0.869455 0.062220 0.062220
0 0.904845 0.586282 0.071945 0.071945
0 0.706458 0.431627 0.104277 0.104277
0 0.768946 0.155853 0.052757 0.052757
0 0.913529 0.956614 0.061130 0.061130
0 0.949243 0.342599 0.061130 0.061130
0 0.441437 0.512821 0.052757 0.052757
0 0.453129 0.599370 0.104277 0.104277
0 0.293479 0.146828 0.061130 0.061130
0 0.799593 0.852995 0.104277 0.104277
0 0.212031 0.923742 0.052757 0.052757
0 0.758454 0.974606 0.104277 0.104277
0 0.050374 0.778733 0.071945 0.071945
0 0.668240 0.105310 0.052757 0.052757
0 0.689311 0.276537 0.052757 0.052757
0 0.802994 0.605737 0.062220 0.062220
0 0.432862 0.425400 0.104277 0.104277
0 0.765618 0.351672 0.071945 0.071945
0 0.515219 0.357198 0.104277 0.104277
0 0.439386 0.326258 0.061130 0.061130
0 0.828347 0.777995 0.057104 0.057104
0 0.346457 0.224215 0.104277 0.104277
0 0.181662 0.729913 0.061130 0.061130
0 0.901034 0.177229 0.104277 0.104277
0 0.162078 0.642030 0.052757 0.052757
0 0.896694 0.760431 0.104277 0.104277
0 0.782047 0.701493 0.061130 0.061130
0 0.661352 0.743367 0.057104 0.057104
0 0.566327 0.503253 0.104277 0.104277
0 0.322880 0.642857 0.061130 0.061130
0 0.403724 0.768315 0.062220 0.062220
0 0.018914 0.353549 0.061130 0.061130
0 0.598868 0.850125 0.057104 0.057104
0 0.714844 0.880216 0.104277 0.104277
0 0.065374 0.065461 0.052757 0.052757
0 0.445613 0.676525 0.057104 0.057104
0 0.263411 0.877968 0.062220 0.062220
0 0.288329 0.065698 0.104277 0.104277
0 0.361809 0.464180 0.052757 0.052757
0 0.843491 0.427961 0.052757 0.052757
0 0.482159 0.811968 0.057104 0.057104
0 0.224284 0.147755 0.052757 0.052757
0 0.653515 0.350716 0.104277 0.104277
0 0.600812 0.212362 0.057104 0.057104
0 0.806149 0.293966 0.052757 0.052757
0 0.294234 0.724069 0.061130 0.061130
0 0.981154 0.566087 0.061131 0.061131
0 0.503980 0.436348 0.061130 0.061130
0 0.939547 0.494538 0.071945 0.071945
0 0.968726 0.157567 0.071945 0.071945
0 0.178811 0.366899 0.104278 0.104278
0 0.727748 0.613087 0.062220 0.062220
0 0.968986 0.228391 0.061130 0.061130
0 0.245660 0.345290 0.052757 0.052757
0 0.525527 0.024416 0.061130 0.061130
0 0.942693 0.817398 0.057104 0.057104
0 0.259464 0.985100 0.062220 0.062220
0 0.680389 0.953937 0.057104 0.057104
0 0.583529 0.138954 0.052757 0.052757
0 0.849006 0.054069 0.057104 0.057104
0 0.755415 0.770925 0.104277 0.104277
0 0.038101 0.611591 0.062220 0.062220
0 0.255121 0.600314 0.057104 0.057104
0 0.548549 0.997601 0.062220 0.062220
0 0.624076 0.464708 0.071945 0.071945
0 0.405784 0.091551 0.061130 0.061130
0 0.376453 0.007886 0.062220 0.062220
0 0.045275 0.943597 0.062220 0.062220
0 0.413089 0.996360 0.104277 0.104277
0 0.767923 0.531347 0.061130 0.061130
0 0.425822 0.253852 0.052757 0.052757
0 0.575996 0.290137 0.057104 0.057104
0 0.211539 0.467783 0.057104 0.057104
0 0.138814 0.434163 0.071945 0.071945
0 0.039175 0.698937 0.052757 0.052757
0 0.985909 0.958678 0.104277 0.104277
0 0.578461 0.720656 0.062220 0.062220
0 0.555806 0.574512 0.071945 0.071945
0 0.077399 0.513729 0.052757 0.052757
0 0.269695 0.509621 0.071945 0.071945
0 0.005656 0.422133 0.057104 0.057104
0 0.780816 0.225276 0.104277 0.104277
0 0.814002 0.922331 0.062220 0.062220
0 0.688215 0.811678 0.071945 0.071945
0 0.517103 0.101051 0.104277 0.104277
0 0.867587 0.503821 0.057104 0.057104
0 0.720647 0.022700 0.104277 0.104277
0 0.218815 0.019139 0.071945 0.071945
0 0.364257 0.928380 0.104277 0.104277
0 0.964851 0.884400 0.104277 0.104277
0 0.149224 0.544514 0.052757 0.052757
0 0.925763 0.692783 0.062220 0.062220
0 0.781130 0.458811 0.050559 0.050559
0 0.092112 0.282154 0.104277 0.104277
0 0.910269 0.401590 0.061130 0.061130
0 0.595532 0.933158 0.052757 0.052757
0 0.142255 0.126389 0.104277 0.104277
0 0.881753 0.849746 0.071945 0.071945
0 0.682772 0.194367 0.061131 0.061131
0 0.529879 0.235692 0.104277 0.104277
0 0.997802 0.705593 0.104277 0.104277
0 0.914502 0.011674 0.104277 0.104277
0 0.047928 0.201166 0.052757 0.052757
0 0.131499 0.837082 0.057104 0.057104
0 0.016817 0.273802 0.061130 0.061130
0 0.522307 0.928436 0.052757 0.052757
0 0.140160 0.216752 0.062220 0.062220
0 0.206670 0.251794 0.071945 0.071945
0 0.604784 0.064419 0.071945 0.071945
0 0.435777 0.175448 0.061130 0.061130
0 0.844985 0.130639 0.071945 0.071945
0 0.555979 0.793822 0.061130 0.061130
0 0.227460 0.813166 0.104277 0.104277
0 0.336292 0.362898 0.104277 0.104277
0 0.875692 0.268579 0.104277 0.104277
0 0.109843 0.358170 0.052757 0.052757
0 0.640185 0.588493 0.052757 0.052757
0 0.375576 0.533158 0.104277 0.104277