0 0.500217 0.952602 0.104277 0.104277
0 0.456669 0.740611 0.061130 0.061130
0 0.859614 0.702320 0.052757 0.052757
0 0.389762 0.600940 0.104277 0.104277
0 0.451588 0.509892 0.071945 0.071945
0 0.650507 0.950278 0.062220 0.062220
0 0.603401 0.495502 0.071945 0.071945
0 0.682154 0.702360 0.104277 0.104277
0 0.357440 0.702509 0.052757 0.052757
0 0.760018 0.748885 0.071945 0.071945
0 0.654307 0.044536 0.104277 0.104277
0 0.686787 0.385805 0.061131 0.061131
0 0.844409 0.009064 0.104277 0.104277
0 0.395471 0.372993 0.104277 0.104277
0 0.888598 0.205312 0.057104 0.057104
0 0.903957 0.373277 0.104277 0.104277
0 0.980983 0.167191 0.104277 0.104277
0 0.717902 0.122200 0.104277 0.104277
0 0.494341 0.867417 0.057104 0.057104
0 0.265534 0.545449 0.062220 0.062220
0 0.523543 0.308964 0.052757 0.052757
0 0.176369 0.730608 0.104277 0.104277
0 0.434347 0.667148 0.061131 0.061131
0 0.710351 0.997766 0.052757 0.052757
0 0.467481 0.419489 0.057104 0.057104
0 0.771627 0.946281 0.057103 0.057103
0 0.518563 0.627643 0.052757 0.052757
0 0.014471 0.333042 0.061130 0.061130
0 0.786620 0.363445 0.104277 0.104277
0 0.192605 0.456997 0.052757 0.052757
0 0.656897 0.179855 0.062220 0.062220
0 0.574770 0.563603 0.057104 0.057104
0 0.494723 0.246403 0.057104 0.057104
0 0.491570 0.085578 0.052757 0.052757
0 0.965319 0.516360 0.052757 0.052757
0 0.687243 0.785614 0.036679 0.036679
0 0.602724 0.223841 0.061130 0.061130
0 0.317593 0.072881 0.061131 0.061131
0 0.905232 0.477171 0.062221 0.062221
0 0.521005 0.716225 0.057104 0.057104
0 0.259805 0.392906 0.052757 0.052757
0 0.032921 0.542339 0.057104 0.057104
0 0.906862 0.282659 0.071945 0.071945
0 0.843777 0.512800 0.052757 0.052757
0 0.812587 0.096650 0.061130 0.061130
0 0.830883 0.580662 0.104277 0.104277
0 0.255773 0.668858 0.071945 0.071945
0 0.545653 0.180864 0.061131 0.061131
0 0.736521 0.604294 0.104277 0.104277
0 0.364868 0.475189 0.071945 0.071945
0 0.594880 0.114317 0.057104 0.057104
0 0.827426 0.771769 0.062220 0.062220
0 0.273725 0.984444 0.071945 0.071945
0 0.326992 0.635307 0.057104 0.057104
0 0.059329 0.210735 0.061130 0.061130
0 0.683448 0.546002 0.061130 0.061130
0 0.157759 0.853697 0.061130 0.061130
0 0.818374 0.171525 0.061130 0.061130
0 0.936089 0.932620 0.062220 0.062220
0 0.762208 0.676617 0.061130 0.061130
0 0.331466 0.275025 0.104277 0.104277
0 0.093071 0.755958 0.061130 0.061130
0 0.064145 0.684223 0.061130 0.061130
0 0.633544 0.640485 0.062220 0.062220
0 0.242825 0.810493 0.104277 0.104277
0 0.406230 0.908366 0.071945 0.071945
0 0.103628 0.422161 0.052757 0.052757
0 0.546976 0.411515 0.062220 0.062220
0 0.096525 0.962084 0.061130 0.061130
0 0.910673 0.787693 0.104277 0.104277
0 0.088767 0.878402 0.104277 0.104277
0 0.293386 0.859030 0.104277 0.104277
0 0.004207 0.123520 0.104277 0.104277
0 0.272291 0.746340 0.052757 0.052757
0 0.139516 0.006717 0.061130 0.061130
0 0.579207 0.786028 0.062220 0.062220
0 0.957617 0.090229 0.052757 0.052757
0 0.453445 0.028399 0.057104 0.057104
0 0.614048 0.329366 0.071945 0.071945
0 0.223927 0.312494 0.052757 0.052757
0 0.216694 0.082831 0.062220 0.062220
0 0.721418 0.868724 0.104277 0.104277
0 0.397355 0.992282 0.057104 0.057104
0 0.017298 0.849975 0.052757 0.052757
0 0.181459 0.146449 0.104278 0.104278
0 0.634870 0.833946 0.071945 0.071945
0 0.353224 0.815090 0.052757 0.052757
0 0.207530 0.966537 0.057104 0.057104
0 0.431602 0.210620 0.062220 0.062220
0 0.016843 0.402196 0.057104 0.057104
0 0.238477 0.212360 0.062220 0.062220
0 0.117034 0.326936 0.057104 0.057104
0 0.775765 0.824093 0.061131 0.061131
0 0.908040 0.611823 0.071945 0.071945
0 0.270397 0.144731 0.071945 0.071945
0 0.183977 0.381292 0.062220 0.062220
0 0.757008 0.293027 0.057104 0.057104
0 0.116036 0.104529 0.104277 0.104277
0 0.179959 0.622653 0.062220 0.062220
0 0.310598 0.201657 0.052757 0.052757
0 0.739751 0.432965 0.057104 0.057104
0 0.183536 0.532842 0.061131 0.061131
0 0.748413 0.219328 0.104277 0.104277
0 0.868433 0.861090 0.071945 0.071945
0 0.817746 0.246923 0.104277 0.104277
0 0.831926 0.443181 0.052757 0.052757
0 0.111044 0.629647 0.071945 0.071945
0 0.571826 0.913845 0.057104 0.057104
0 0.399407 0.088040 0.061131 0.061131
0 0.841577 0.996576 0.061131 0.061131