0 0.250195 0.176259 0.104277 0.104277
0 0.952370 0.488448 0.062220 0.062220
0 0.701362 0.791481 0.104277 0.104277
0 0.906444 0.547290 0.062220 0.062220
0 0.555104 0.194963 0.062220 0.062220
0 0.683738 0.515914 0.104278 0.104278
0 0.934225 0.951627 0.057104 0.057104
0 0.803131 0.187321 0.057104 0.057104
0 0.350459 0.330521 0.062220 0.062220
0 0.842419 0.495426 0.071945 0.071945
0 0.816839 0.264006 0.062220 0.062220
0 0.470301 0.956634 0.104277 0.104277
0 0.363878 0.570798 0.104277 0.104277
0 0.324884 0.465792 0.071945 0.071945
0 0.583834 0.553493 0.071945 0.071945
0 0.249145 0.403252 0.057104 0.057104
0 0.680937 0.887724 0.057104 0.057104
0 0.328136 0.978465 0.062220 0.062220
0 0.802640 0.346767 0.071945 0.071945
0 0.339801 0.868687 0.062220 0.062220
0 0.629507 0.836593 0.104277 0.104277
0 0.736944 0.285768 0.104277 0.104277
0 0.553185 0.361548 0.104277 0.104277
0 0.680406 0.398205 0.057104 0.057104
0 0.672489 0.261504 0.071945 0.071945
0 0.905154 0.868054 0.104277 0.104277
0 0.889352 0.217760 0.071945 0.071945
0 0.595868 0.705541 0.052757 0.052757
0 0.862929 0.688902 0.062220 0.062220
0 0.448679 0.631119 0.062220 0.062220
0 0.717254 0.952223 0.057104 0.057104
0 0.470780 0.270253 0.104277 0.104277
0 0.244599 0.771630 0.052757 0.052757
0 0.962546 0.668779 0.062220 0.062220
0 0.394137 0.747010 0.061130 0.061130
0 0.281917 0.302723 0.071945 0.071945
0 0.892749 0.329082 0.052757 0.052757
0 0.770071 0.591906 0.071945 0.071945
0 0.760737 0.827690 0.052757 0.052757
0 0.245505 0.665418 0.104277 0.104277
0 0.268170 0.509684 0.052757 0.052757
0 0.403896 0.408099 0.104277 0.104277
0 0.475000 0.357688 0.057104 0.057104
0 0.461548 0.715601 0.061130 0.061130
0 0.330722 0.694859 0.061130 0.061130
0 0.618757 0.963441 0.052757 0.052757
0 0.948346 0.384193 0.052757 0.052757
0 0.539662 0.655000 0.071945 0.071945
0 0.501576 0.434360 0.104277 0.104277
0 0.398089 0.505489 0.057104 0.057104
0 0.478649 0.827652 0.057104 0.057104
0 0.642473 0.337104 0.062220 0.062220
0 0.712501 0.167684 0.104277 0.104277
0 0.277104 0.838794 0.061130 0.061130
0 0.297752 0.604901 0.104278 0.104278
0 0.994043 0.822188 0.104277 0.104277
0 0.772561 0.902175 0.061130 0.061130
0 0.716412 0.722091 0.104277 0.104277
0 0.679113 0.592991 0.052757 0.052757
0 0.899612 0.626754 0.057104 0.057104
0 0.781997 0.751180 0.071945 0.071945
0 0.858141 0.391617 0.104277 0.104277
0 0.317255 0.392644 0.071945 0.071945
0 0.776134 0.513684 0.056505 0.056505
0 0.415153 0.875330 0.062220 0.062220
0 0.996226 0.735037 0.057104 0.057104
0 0.770431 0.444995 0.061130 0.061130
0 0.846948 0.776336 0.057104 0.057104
0 0.569985 0.468797 0.062220 0.062220
0 0.480536 0.174740 0.062220 0.062220
0 0.507248 0.589216 0.057104 0.057104
0 0.534427 0.884845 0.057104 0.057104
0 0.587261 0.256047 0.061130 0.061130
0 0.381916 0.263669 0.057104 0.057104
0 0.355478 0.174812 0.071945 0.071945
0 0.281558 0.923593 0.061130 0.061130