0 0.953927 0.307005 0.104278 0.104278
0 0.130958 0.063113 0.052757 0.052757
0 0.744562 0.825321 0.052757 0.052757
0 0.756254 0.911870 0.104277 0.104277
0 0.596604 0.459328 0.061130 0.061130
0 0.971365 0.417810 0.052757 0.052757
0 0.992436 0.589037 0.052757 0.052757
0 0.735987 0.737900 0.104277 0.104277
0 0.818344 0.669698 0.104277 0.104277
0 0.742511 0.638758 0.061130 0.061130
0 0.606572 0.223662 0.057104 0.057104
0 0.101434 0.547292 0.062220 0.062220
0 0.649582 0.536715 0.104277 0.104277
0 0.682431 0.010311 0.057104 0.057104
0 0.465203 0.954530 0.052757 0.052757
0 0.869452 0.815753 0.104277 0.104277
0 0.626005 0.955357 0.061130 0.061130
0 0.096793 0.133358 0.062220 0.062220
0 0.322039 0.666049 0.061130 0.061130
0 0.903773 0.218443 0.052757 0.052757
0 0.309463 0.204515 0.071945 0.071945
0 0.124510 0.784661 0.104278 0.104278
0 0.448068 0.309037 0.104277 0.104277
0 0.368499 0.377961 0.052757 0.052757
0 0.748738 0.989025 0.057104 0.057104
0 0.591454 0.378198 0.104277 0.104277
0 0.664934 0.776680 0.052757 0.052757
0 0.281067 0.372159 0.052757 0.052757
0 0.527409 0.460255 0.052757 0.052757
0 0.956640 0.663216 0.104277 0.104277
0 0.903937 0.524862 0.057104 0.057104
0 0.807105 0.748848 0.061130 0.061130
0 0.481936 0.679399 0.104278 0.104278
0 0.548785 0.657790 0.052757 0.052757
0 0.828652 0.336916 0.061130 0.061130
0 0.720005 0.235758 0.071945 0.071945
0 0.886654 0.451454 0.052757 0.052757
0 0.189894 0.836867 0.062220 0.062220
0 0.341226 0.924091 0.062220 0.062220
0 0.094421 0.226528 0.052757 0.052757
0 0.558246 0.912814 0.057104 0.057104
0 0.429838 0.117262 0.061130 0.061130
0 0.927201 0.777208 0.071945 0.071945
0 0.708909 0.404051 0.061130 0.061130
0 0.679578 0.320386 0.062220 0.062220
0 0.823348 0.171572 0.062220 0.062220
0 0.939009 0.000572 0.061130 0.061130
0 0.147880 0.468563 0.061130 0.061130
0 0.728947 0.566352 0.052757 0.052757
0 0.879121 0.602637 0.057104 0.057104
0 0.514664 0.780283 0.057104 0.057104
0 0.382706 0.267040 0.104277 0.104277
0 0.441939 0.746663 0.071945 0.071945
0 0.858931 0.887012 0.071945 0.071945
0 0.380524 0.826229 0.052757 0.052757
0 0.572820 0.822121 0.071945 0.071945
0 0.877775 0.108959 0.061130 0.061130
0 0.098848 0.854703 0.104277 0.104277
0 0.977868 0.201495 0.057104 0.057104
0 0.870017 0.025277 0.104277 0.104277
0 0.308781 0.734633 0.057104 0.057104
0 0.279278 0.812455 0.104277 0.104277
0 0.234925 0.264741 0.052757 0.052757
0 0.820228 0.413551 0.104277 0.104277
0 0.780874 0.267572 0.071945 0.071945
0 0.323016 0.118698 0.104277 0.104277
0 0.240405 0.931980 0.104277 0.104277
0 0.230859 0.713015 0.071945 0.071945
0 0.521940 0.331639 0.071945 0.071945
0 0.661812 0.175736 0.050932 0.050932
0 0.105028 0.654256 0.057104 0.057104
0 0.273923 0.029568 0.057104 0.057104
0 0.452349 0.857014 0.052757 0.052757
0 0.988780 0.113412 0.057104 0.057104
0 0.522269 0.230372 0.071945 0.071945
0 0.201129 0.351951 0.104277 0.104277
0 0.212235 0.606018 0.057104 0.057104
0 0.772349 0.063876 0.061130 0.061130
0 0.395237 0.594654 0.104277 0.104277
0 0.445380 0.438889 0.104277 0.104277
0 0.985897 0.506867 0.061131 0.061131
0 0.229003 0.094285 0.062220 0.062220
0 0.833004 0.548192 0.104277 0.104277
0 0.435886 0.215191 0.052757 0.052757
0 0.733141 0.160561 0.062220 0.062220
0 0.528896 0.138465 0.062220 0.062220
0 0.351053 0.513666 0.052757 0.052757
0 0.155560 0.985534 0.057104 0.057104
0 0.230282 0.428455 0.104277 0.104277
0 0.319942 0.586302 0.061130 0.061130
0 0.168787 0.190354 0.057104 0.057104
0 0.443285 0.529252 0.062220 0.062220
0 0.509795 0.564294 0.071945 0.071945
0 0.907909 0.376919 0.071945 0.071945
0 0.738902 0.487948 0.061130 0.061130
0 0.378664 0.048470 0.071945 0.071945
0 0.147788 0.710734 0.052757 0.052757
0 0.473749 0.053439 0.047555 0.047555
0 0.607849 0.078235 0.052757 0.052757
0 0.639417 0.675398 0.104277 0.104277
0 0.120389 0.371186 0.071945 0.071945
0 0.412968 0.670670 0.052757 0.052757
0 0.238266 0.177240 0.057103 0.057103
0 0.943310 0.900993 0.052757 0.052757
0 0.603569 0.296340 0.071945 0.071945
0 0.221977 0.499797 0.104277 0.104277
0 0.687799 0.086116 0.071945 0.071945
0 0.678701 0.845658 0.104277 0.104277