0 0.209570 0.126259 0.104277 0.104277
0 0.911745 0.438448 0.062220 0.062220
0 0.660737 0.741481 0.104277 0.104277
0 0.865819 0.497290 0.062220 0.062220
0 0.514479 0.144963 0.062220 0.062220
0 0.643113 0.465914 0.104278 0.104278
0 0.893600 0.901627 0.057104 0.057104
0 0.762506 0.137321 0.057104 0.057104
0 0.309834 0.280521 0.062220 0.062220
0 0.620915 0.973575 0.104277 0.104277
0 0.801794 0.445426 0.071945 0.071945
0 0.776214 0.214006 0.062220 0.062220
0 0.429676 0.906634 0.104277 0.104277
0 0.323253 0.520798 0.104277 0.104277
0 0.284259 0.415792 0.071945 0.071945
0 0.543209 0.503493 0.071945 0.071945
0 0.208520 0.353252 0.057104 0.057104
0 0.640312 0.837724 0.057104 0.057104
0 0.287511 0.928465 0.062220 0.062220
0 0.762015 0.296767 0.071945 0.071945
0 0.299176 0.818687 0.062220 0.062220
0 0.588882 0.786593 0.104277 0.104277
0 0.360821 0.964986 0.062220 0.062220
0 0.696319 0.235768 0.104277 0.104277
0 0.512560 0.311548 0.104277 0.104277
0 0.639781 0.348205 0.057104 0.057104
0 0.631864 0.211504 0.071945 0.071945
0 0.203722 0.959740 0.104278 0.104278
0 0.864529 0.818054 0.104277 0.104277
0 0.848727 0.167760 0.071945 0.071945
0 0.555243 0.655541 0.052757 0.052757
0 0.822304 0.638902 0.062220 0.062220
0 0.408054 0.581119 0.062220 0.062220
0 0.676629 0.902223 0.057104 0.057104
0 0.430155 0.220253 0.104277 0.104277
0 0.203974 0.721630 0.052757 0.052757
0 0.990482 0.344028 0.071945 0.071945
0 0.882173 0.980587 0.052757 0.052757
0 0.921921 0.618779 0.062220 0.062220
0 0.353512 0.697010 0.061130 0.061130
0 0.241292 0.252723 0.071945 0.071945
0 0.852124 0.279082 0.052757 0.052757
0 0.729446 0.541906 0.071945 0.071945
0 0.720112 0.777690 0.052757 0.052757
0 0.766054 0.989273 0.057104 0.057104
0 0.204880 0.615418 0.104277 0.104277
0 0.227545 0.459684 0.052757 0.052757
0 0.363271 0.358099 0.104277 0.104277
0 0.434375 0.307688 0.057104 0.057104
0 0.420923 0.665601 0.061130 0.061130
0 0.290097 0.644859 0.061130 0.061130
0 0.578132 0.913441 0.052757 0.052757
0 0.907721 0.334193 0.052757 0.052757
0 0.961404 0.163157 0.071945 0.071945
0 0.499037 0.605000 0.071945 0.071945
0 0.460951 0.384360 0.104277 0.104277
0 0.985338 0.244410 0.057104 0.057104
0 0.357464 0.455489 0.057104 0.057104
0 0.438024 0.777652 0.057104 0.057104
0 0.601848 0.287104 0.062220 0.062220
0 0.671876 0.117684 0.104277 0.104277
0 0.980334 0.546806 0.052757 0.052757
0 0.236479 0.788794 0.061130 0.061130
0 0.257127 0.554901 0.104278 0.104278
0 0.953418 0.772188 0.104277 0.104277
0 0.731936 0.852175 0.061130 0.061130
0 0.675787 0.672091 0.104277 0.104277
0 0.638488 0.542991 0.052757 0.052757
0 0.858987 0.576754 0.057104 0.057104
0 0.741372 0.701180 0.071945 0.071945
0 0.817516 0.341617 0.104277 0.104277
0 0.971935 0.927622 0.061130 0.061130
0 0.276630 0.342644 0.071945 0.071945
0 0.735509 0.463684 0.056505 0.056505
0 0.374528 0.825330 0.062220 0.062220
0 0.955601 0.685037 0.057104 0.057104
0 0.729806 0.394995 0.061130 0.061130
0 0.806323 0.726336 0.057104 0.057104
0 0.529360 0.418797 0.062220 0.062220
0 0.439911 0.124740 0.062220 0.062220
0 0.488400 0.954550 0.104277 0.104277
0 0.466623 0.539216 0.057104 0.057104
0 0.493802 0.834845 0.057104 0.057104
0 0.546636 0.206047 0.061130 0.061130
0 0.341291 0.213669 0.057104 0.057104
0 0.314853 0.124812 0.071945 0.071945
0 0.240933 0.873593 0.061130 0.061130