0 0.083045 0.533226 0.062220 0.062220
0 0.428683 0.872854 0.062220 0.062220
0 0.390457 0.678830 0.062220 0.062220
0 0.879845 0.395657 0.071945 0.071945
0 0.166359 0.986468 0.057103 0.057103
0 0.681458 0.241002 0.104277 0.104277
0 0.888529 0.765989 0.061130 0.061130
0 0.924243 0.151974 0.061130 0.061130
0 0.416437 0.322196 0.052757 0.052757
0 0.950656 0.874081 0.104277 0.104277
0 0.428129 0.408745 0.104277 0.104277
0 0.774593 0.662370 0.104277 0.104277
0 0.187031 0.733117 0.052757 0.052757
0 0.733454 0.783981 0.104277 0.104277
0 0.619970 0.825955 0.071945 0.071945
0 0.025374 0.588108 0.071945 0.071945
0 0.664311 0.085912 0.052757 0.052757
0 0.777994 0.415112 0.062220 0.062220
0 0.146222 0.817787 0.062220 0.062220
0 0.407862 0.234775 0.104277 0.104277
0 0.740618 0.161047 0.071945 0.071945
0 0.490219 0.166573 0.104277 0.104277
0 0.414386 0.135633 0.061130 0.061130
0 0.076174 0.848423 0.104277 0.104277
0 0.803347 0.587370 0.057104 0.057104
0 0.321457 0.033590 0.104277 0.104277
0 0.156662 0.539288 0.061130 0.061130
0 0.137078 0.451405 0.052757 0.052757
0 0.813471 0.941980 0.062220 0.062220
0 0.871694 0.569806 0.104277 0.104277
0 0.757047 0.510868 0.061130 0.061130
0 0.636352 0.552742 0.057104 0.057104
0 0.541327 0.312628 0.104277 0.104277
0 0.297880 0.452232 0.061130 0.061130
0 0.378724 0.577690 0.062220 0.062220
0 0.573868 0.659500 0.057104 0.057104
0 0.689844 0.689591 0.104277 0.104277
0 0.420613 0.485900 0.057104 0.057104
0 0.185949 0.915031 0.061130 0.061130
0 0.999303 0.658936 0.071945 0.071945
0 0.629281 0.898920 0.071945 0.071945
0 0.238411 0.687343 0.062220 0.062220
0 0.336809 0.273555 0.052757 0.052757
0 0.436530 0.943656 0.057104 0.057104
0 0.818491 0.237336 0.052757 0.052757
0 0.457159 0.621343 0.057104 0.057104
0 0.628515 0.160091 0.104277 0.104277
0 0.575812 0.021737 0.057104 0.057104
0 0.781149 0.103341 0.052757 0.052757
0 0.269234 0.533444 0.061130 0.061130
0 0.956154 0.375462 0.061131 0.061131
0 0.478980 0.245723 0.061130 0.061130
0 0.914547 0.303913 0.071945 0.071945
0 0.153811 0.176274 0.104278 0.104278
0 0.702748 0.422462 0.062220 0.062220
0 0.943986 0.037766 0.061130 0.061130
0 0.220660 0.154665 0.052757 0.052757
0 0.917693 0.626773 0.057104 0.057104
0 0.234464 0.794475 0.062220 0.062220
0 0.655389 0.763312 0.057104 0.057104
0 0.730415 0.580300 0.104277 0.104277
0 0.359679 0.914670 0.050891 0.050891
0 0.013101 0.420966 0.062220 0.062220
0 0.085505 0.930105 0.104277 0.104277
0 0.230121 0.409689 0.057104 0.057104
0 0.523549 0.806976 0.062220 0.062220
0 0.599076 0.274083 0.071945 0.071945
0 0.020275 0.752972 0.062220 0.062220
0 0.244699 0.993692 0.052757 0.052757
0 0.292330 0.839816 0.062220 0.062220
0 0.388089 0.805735 0.104277 0.104277
0 0.742923 0.340722 0.061130 0.061130
0 0.400822 0.063227 0.052757 0.052757
0 0.550996 0.099512 0.057104 0.057104
0 0.186539 0.277158 0.057104 0.057104
0 0.113814 0.243538 0.071945 0.071945
0 0.014175 0.508312 0.052757 0.052757
0 0.549937 0.934913 0.061130 0.061130
0 0.960909 0.768053 0.104277 0.104277
0 0.553461 0.530031 0.062220 0.062220
0 0.530806 0.383887 0.071945 0.071945
0 0.688360 0.850065 0.062220 0.062220
0 0.052399 0.323104 0.052757 0.052757
0 0.244695 0.318996 0.071945 0.071945
0 0.872904 0.995783 0.052757 0.052757
0 0.261277 0.912625 0.062220 0.062220
0 0.755816 0.034651 0.104277 0.104277
0 0.789002 0.731706 0.062220 0.062220
0 0.663215 0.621053 0.071945 0.071945
0 0.964526 0.943613 0.061131 0.061131
0 0.842587 0.313196 0.057104 0.057104
0 0.339257 0.737755 0.104277 0.104277
0 0.939851 0.693775 0.104277 0.104277
0 0.124224 0.353889 0.052757 0.052757
0 0.900763 0.502158 0.062220 0.062220
0 0.756130 0.268186 0.050559 0.050559
0 0.067112 0.091529 0.104277 0.104277
0 0.885269 0.210965 0.061130 0.061130
0 0.570532 0.742533 0.052757 0.052757
0 0.856753 0.659121 0.071945 0.071945
0 0.657772 0.003742 0.061131 0.061131
0 0.725282 0.930178 0.061131 0.061131
0 0.504879 0.045067 0.104277 0.104277
0 0.972802 0.514968 0.104277 0.104277
0 0.022928 0.010541 0.052757 0.052757
0 0.106499 0.646457 0.057104 0.057104
0 0.815303 0.859231 0.104277 0.104277
0 0.497307 0.737811 0.052757 0.052757
0 0.115160 0.026127 0.062220 0.062220
0 0.181670 0.061169 0.071945 0.071945
0 0.530979 0.603197 0.061130 0.061130
0 0.202460 0.622541 0.104277 0.104277
0 0.311292 0.172273 0.104277 0.104277
0 0.850692 0.077954 0.104277 0.104277
0 0.084843 0.167545 0.052757 0.052757
0 0.615185 0.397868 0.052757 0.052757
0 0.350576 0.342533 0.104277 0.104277