0 0.681467 0.643227 0.104277 0.104277
0 0.637919 0.431236 0.061130 0.061130
0 0.353927 0.850755 0.104278 0.104278
0 0.571012 0.291565 0.104277 0.104277
0 0.632838 0.200517 0.071945 0.071945
0 0.831757 0.640903 0.062220 0.062220
0 0.784651 0.186127 0.071945 0.071945
0 0.863404 0.392985 0.104277 0.104277
0 0.538690 0.393134 0.052757 0.052757
0 0.941268 0.439510 0.071945 0.071945
0 0.868037 0.076430 0.061131 0.061131
0 0.576721 0.063618 0.104277 0.104277
0 0.082886 0.346231 0.052757 0.052757
0 0.371365 0.961560 0.052757 0.052757
0 0.675591 0.558042 0.057104 0.057104
0 0.446784 0.236074 0.062220 0.062220
0 0.711453 0.744678 0.051819 0.051819
0 0.006572 0.767412 0.057104 0.057104
0 0.357619 0.421233 0.104277 0.104277
0 0.615597 0.357773 0.061131 0.061131
0 0.891601 0.688391 0.052757 0.052757
0 0.082431 0.554061 0.057104 0.057104
0 0.648731 0.110114 0.057104 0.057104
0 0.952877 0.636906 0.057103 0.057103
0 0.699813 0.318268 0.052757 0.052757
0 0.195721 0.023667 0.061130 0.061130
0 0.967870 0.054070 0.104277 0.104277
0 0.373855 0.147622 0.052757 0.052757
0 0.756020 0.254228 0.057104 0.057104
0 0.868493 0.476239 0.036679 0.036679
0 0.303773 0.762193 0.052757 0.052757
0 0.987531 0.754246 0.104277 0.104277
0 0.127240 0.236707 0.057104 0.057104
0 0.702255 0.406850 0.057104 0.057104
0 0.787294 0.815022 0.104277 0.104277
0 0.441055 0.083531 0.052757 0.052757
0 0.782431 0.741729 0.071945 0.071945
0 0.214171 0.232964 0.057104 0.057104
0 0.437023 0.359483 0.071945 0.071945
0 0.488902 0.754438 0.052757 0.052757
0 0.917771 0.294919 0.104277 0.104277
0 0.546118 0.165814 0.071945 0.071945
0 0.703749 0.901651 0.054783 0.054783
0 0.093390 0.137169 0.057104 0.057104
0 0.871301 0.835563 0.057103 0.057103
0 0.454975 0.675069 0.071945 0.071945
0 0.228652 0.880666 0.061130 0.061130
0 0.120005 0.779508 0.071945 0.071945
0 0.286654 0.995204 0.052757 0.052757
0 0.965607 0.902384 0.061131 0.061131
0 0.552131 0.910319 0.057104 0.057104
0 0.916785 0.770265 0.061131 0.061131
0 0.508242 0.325932 0.057104 0.057104
0 0.128753 0.502694 0.071945 0.071945
0 0.108909 0.947801 0.061130 0.061130
0 0.079578 0.864136 0.062220 0.062220
0 0.864698 0.236627 0.061130 0.061130
0 0.223348 0.715322 0.062220 0.062220
0 0.339009 0.544322 0.061130 0.061130
0 0.943458 0.367242 0.061130 0.061130
0 0.566326 0.788445 0.052757 0.052757
0 0.274321 0.446583 0.061130 0.061130
0 0.245395 0.374848 0.061130 0.061130
0 0.814794 0.331110 0.062220 0.062220
0 0.026513 0.101121 0.104277 0.104277
0 0.424075 0.501118 0.104277 0.104277
0 0.587480 0.598991 0.071945 0.071945
0 0.284878 0.112786 0.052757 0.052757
0 0.728226 0.102140 0.062220 0.062220
0 0.277775 0.652709 0.061130 0.061130
0 0.015928 0.187683 0.104277 0.104277
0 0.377868 0.745245 0.057104 0.057104
0 0.270017 0.569027 0.104277 0.104277
0 0.477469 0.822861 0.062220 0.062220
0 0.474636 0.549655 0.104277 0.104277
0 0.453541 0.436965 0.052757 0.052757
0 0.760457 0.476653 0.062220 0.062220
0 0.165900 0.310452 0.071945 0.071945
0 0.220228 0.957301 0.104277 0.104277
0 0.090845 0.063422 0.062220 0.062220
0 0.180874 0.811322 0.071945 0.071945
0 0.795298 0.019991 0.071945 0.071945
0 0.423772 0.878950 0.104277 0.104277
0 0.405177 0.003119 0.052757 0.052757
0 0.902668 0.559349 0.104277 0.104277
0 0.051777 0.269119 0.104277 0.104277
0 0.578605 0.682907 0.057104 0.057104
0 0.061812 0.719486 0.050932 0.050932
0 0.198548 0.540600 0.052757 0.052757
0 0.965857 0.825988 0.071945 0.071945
0 0.816120 0.524571 0.071945 0.071945
0 0.175445 0.447660 0.061130 0.061130
0 0.534474 0.505715 0.052757 0.052757
0 0.388780 0.657162 0.057104 0.057104
0 0.780109 0.888400 0.104277 0.104277
0 0.198093 0.092821 0.057104 0.057104
0 0.298284 0.017561 0.057104 0.057104
0 0.172349 0.607626 0.061130 0.061130
0 0.034714 0.450785 0.071945 0.071945
0 0.957015 0.514718 0.061131 0.061131
0 0.844652 0.932598 0.057104 0.057104
0 0.162201 0.167286 0.048997 0.048997
0 0.884698 0.989736 0.104277 0.104277
0 0.365227 0.071917 0.062220 0.062220
0 0.361209 0.313278 0.062220 0.062220
0 0.690190 0.833697 0.052757 0.052757
0 0.617627 0.867924 0.104277 0.104277
0 0.133141 0.704311 0.062220 0.062220
0 0.921001 0.123590 0.057104 0.057104
0 0.364786 0.223467 0.061131 0.061131
0 0.307909 0.920669 0.071945 0.071945
0 0.548110 0.986889 0.071945 0.071945
0 0.007849 0.621985 0.052757 0.052757
0 0.292294 0.320272 0.071945 0.071945
0 0.003569 0.840090 0.071945 0.071945
0 0.753076 0.604470 0.057104 0.057104
0 0.087799 0.629866 0.071945 0.071945