0 0.054920 0.473851 0.062220 0.062220
0 0.400558 0.813479 0.062220 0.062220
0 0.362332 0.619455 0.062220 0.062220
0 0.851720 0.336282 0.071945 0.071945
0 0.138234 0.927093 0.057103 0.057103
0 0.653333 0.181627 0.104277 0.104277
0 0.860404 0.706614 0.061130 0.061130
0 0.896118 0.092599 0.061130 0.061130
0 0.388312 0.262821 0.052757 0.052757
0 0.922531 0.814706 0.104277 0.104277
0 0.400004 0.349370 0.104277 0.104277
0 0.746468 0.602995 0.104277 0.104277
0 0.158906 0.673742 0.052757 0.052757
0 0.705329 0.724606 0.104277 0.104277
0 0.591845 0.766580 0.071945 0.071945
0 0.636186 0.026537 0.052757 0.052757
0 0.749869 0.355737 0.062220 0.062220
0 0.118097 0.758412 0.062220 0.062220
0 0.023130 0.951394 0.071945 0.071945
0 0.379737 0.175400 0.104277 0.104277
0 0.712493 0.101672 0.071945 0.071945
0 0.462094 0.107198 0.104277 0.104277
0 0.386261 0.076258 0.061130 0.061130
0 0.048049 0.789048 0.104277 0.104277
0 0.775222 0.527995 0.057104 0.057104
0 0.128537 0.479913 0.061130 0.061130
0 0.108953 0.392030 0.052757 0.052757
0 0.785346 0.882605 0.062220 0.062220
0 0.843569 0.510431 0.104277 0.104277
0 0.728922 0.451493 0.061130 0.061130
0 0.608227 0.493367 0.057104 0.057104
0 0.513202 0.253253 0.104277 0.104277
0 0.297978 0.972976 0.062220 0.062220
0 0.269755 0.392857 0.061130 0.061130
0 0.350599 0.518315 0.062220 0.062220
0 0.545743 0.600125 0.057104 0.057104
0 0.661719 0.630216 0.104277 0.104277
0 0.455808 0.956271 0.071945 0.071945
0 0.392488 0.426525 0.057104 0.057104
0 0.157824 0.855656 0.061130 0.061130
0 0.971178 0.599561 0.071945 0.071945
0 0.601156 0.839545 0.071945 0.071945
0 0.210286 0.627968 0.062220 0.062220
0 0.308684 0.214180 0.052757 0.052757
0 0.408405 0.884281 0.057104 0.057104
0 0.790366 0.177961 0.052757 0.052757
0 0.429034 0.561968 0.057104 0.057104
0 0.600390 0.100716 0.104277 0.104277
0 0.753024 0.043966 0.052757 0.052757
0 0.241109 0.474069 0.061130 0.061130
0 0.928029 0.316087 0.061131 0.061131
0 0.372249 0.963934 0.052757 0.052757
0 0.450855 0.186348 0.061130 0.061130
0 0.886422 0.244538 0.071945 0.071945
0 0.125686 0.116899 0.104278 0.104278
0 0.674623 0.363087 0.062220 0.062220
0 0.192535 0.095290 0.052757 0.052757
0 0.889568 0.567398 0.057104 0.057104
0 0.206339 0.735100 0.062220 0.062220
0 0.627264 0.703937 0.057104 0.057104
0 0.702290 0.520925 0.104277 0.104277
0 0.331554 0.855295 0.050891 0.050891
0 0.057380 0.870730 0.104277 0.104277
0 0.201996 0.350314 0.057104 0.057104
0 0.495424 0.747601 0.062220 0.062220
0 0.570951 0.214708 0.071945 0.071945
0 0.616243 0.956667 0.057104 0.057104
0 0.216574 0.934317 0.052757 0.052757
0 0.264205 0.780441 0.062220 0.062220
0 0.359964 0.746360 0.104277 0.104277
0 0.714798 0.281347 0.061130 0.061130
0 0.372697 0.003852 0.052757 0.052757
0 0.522871 0.040137 0.057104 0.057104
0 0.984923 0.971947 0.052757 0.052757
0 0.158414 0.217783 0.057104 0.057104
0 0.085689 0.184163 0.071945 0.071945
0 0.988361 0.528919 0.062220 0.062220
0 0.521812 0.875538 0.061130 0.061130
0 0.932784 0.708678 0.104277 0.104277
0 0.525336 0.470656 0.062220 0.062220
0 0.502681 0.324512 0.071945 0.071945
0 0.660235 0.790690 0.062220 0.062220
0 0.024274 0.263729 0.052757 0.052757
0 0.216570 0.259621 0.071945 0.071945
0 0.844779 0.936408 0.052757 0.052757
0 0.233152 0.853250 0.062220 0.062220
0 0.531390 0.978888 0.062220 0.062220
0 0.760877 0.672331 0.062220 0.062220
0 0.635090 0.561678 0.071945 0.071945
0 0.994925 0.187434 0.052757 0.052757
0 0.936401 0.884238 0.061131 0.061131
0 0.814462 0.253821 0.057104 0.057104
0 0.311132 0.678380 0.104277 0.104277
0 0.911726 0.634400 0.104277 0.104277
0 0.096099 0.294514 0.052757 0.052757
0 0.872638 0.442783 0.062220 0.062220
0 0.755164 0.967318 0.061130 0.061130
0 0.900382 0.985453 0.062220 0.062220
0 0.728005 0.208811 0.050559 0.050559
0 0.038987 0.032154 0.104277 0.104277
0 0.857144 0.151590 0.061130 0.061130
0 0.542407 0.683158 0.052757 0.052757
0 0.828628 0.599746 0.071945 0.071945
0 0.697157 0.870803 0.061131 0.061131
0 0.985215 0.066515 0.071945 0.071945
0 0.944677 0.455593 0.104277 0.104277
0 0.078374 0.587082 0.057104 0.057104
0 0.787178 0.799856 0.104277 0.104277
0 0.469182 0.678436 0.052757 0.052757
0 0.153545 0.001794 0.071945 0.071945
0 0.502854 0.543822 0.061130 0.061130
0 0.174335 0.563166 0.104277 0.104277
0 0.283167 0.112898 0.104277 0.104277
0 0.822567 0.018579 0.104277 0.104277
0 0.056718 0.108170 0.052757 0.052757
0 0.587060 0.338493 0.052757 0.052757
0 0.322451 0.283158 0.104277 0.104277