0 0.956005 0.475492 0.071945 0.071945
0 0.751182 0.978911 0.104277 0.104277
0 0.941284 0.943439 0.104277 0.104277
0 0.854739 0.589769 0.062220 0.062220
0 0.987717 0.587716 0.057104 0.057104
0 0.904314 0.853196 0.057104 0.057104
0 0.832474 0.704679 0.104277 0.104277
0 0.817668 0.895155 0.061131 0.061131
0 0.117995 0.244698 0.062220 0.062220
0 0.666993 0.022837 0.052757 0.052757
0 0.827476 0.519062 0.052757 0.052757
0 0.700884 0.818688 0.071945 0.071945
0 0.917893 0.718967 0.062220 0.062220
0 0.976050 0.840218 0.071945 0.071945
0 0.072069 0.303540 0.062220 0.062220
0 0.218643 0.280552 0.070161 0.070161
0 0.919635 0.539372 0.071945 0.071945
0 0.099850 0.707877 0.057104 0.057104
0 0.349594 0.928563 0.062220 0.062220
0 0.488557 0.371749 0.071945 0.071945
0 0.769956 0.279125 0.061130 0.061130
0 0.586216 0.059127 0.062220 0.062220
0 0.008044 0.251676 0.071945 0.071945
0 0.304350 0.310305 0.062220 0.062220
0 0.758669 0.642497 0.071945 0.071945
0 0.321478 0.612597 0.061131 0.061131
0 0.609118 0.523648 0.061130 0.061130
0 0.634131 0.642523 0.104277 0.104277
0 0.340921 0.374141 0.104277 0.104277
0 0.516116 0.026532 0.052757 0.052757
0 0.255380 0.219776 0.061130 0.061130
0 0.037615 0.863008 0.057104 0.057104
0 0.384890 0.509067 0.071945 0.071945
0 0.758047 0.774200 0.104277 0.104277
0 0.642501 0.195969 0.061130 0.061130
0 0.070779 0.624304 0.104277 0.104277
0 0.739055 0.175070 0.057104 0.057104
0 0.449106 0.105581 0.071945 0.071945
0 0.235941 0.443368 0.104277 0.104277
0 0.999486 0.287404 0.057104 0.057104
0 0.336805 0.187965 0.057104 0.057104
0 0.028554 0.445152 0.062220 0.062220
0 0.446973 0.757981 0.071945 0.071945
0 0.040033 0.957508 0.057104 0.057104
0 0.802167 0.123022 0.062220 0.062220
0 0.307277 0.090096 0.071945 0.071945
0 0.196732 0.150278 0.071945 0.071945
0 0.088423 0.786837 0.052757 0.052757
0 0.159614 0.855918 0.104277 0.104277
0 0.128171 0.425029 0.062220 0.062220
0 0.058374 0.085332 0.052757 0.052757
0 0.460781 0.892395 0.061131 0.061131
0 0.236391 0.941092 0.061130 0.061130
0 0.318877 0.838880 0.104277 0.104277
0 0.854640 0.380342 0.062220 0.062220
0 0.434396 0.008110 0.052757 0.052757
0 0.818215 0.441909 0.062220 0.062220
0 0.370225 0.253604 0.062220 0.062220
0 0.531758 0.723340 0.062220 0.062220
0 0.223802 0.676243 0.062220 0.062220
0 0.550320 0.962774 0.057104 0.057104
0 0.639910 0.113257 0.061131 0.061131
0 0.113971 0.140443 0.052757 0.052757
0 0.414789 0.437542 0.061131 0.061131
0 0.318633 0.474860 0.061131 0.061131
0 0.587174 0.249064 0.071945 0.071945
0 0.191588 0.050660 0.057104 0.057104
0 0.673806 0.921398 0.071945 0.071945
0 0.116746 0.931616 0.061130 0.061130
0 0.281617 0.553023 0.052757 0.052757
0 0.361251 0.747844 0.061131 0.061131
0 0.780367 0.369056 0.052757 0.052757
0 0.578805 0.445386 0.057104 0.057104
0 0.186584 0.353056 0.052757 0.052757
0 0.879908 0.112449 0.052757 0.052757
0 0.433730 0.286719 0.071945 0.071945
0 0.972518 0.770062 0.057104 0.057104
0 0.696716 0.262594 0.052757 0.052757
0 0.829888 0.793948 0.052757 0.052757
0 0.514904 0.148722 0.071945 0.071945
0 0.947761 0.053927 0.062220 0.062220
0 0.159668 0.578438 0.104277 0.104277
0 0.579938 0.895822 0.052757 0.052757
0 0.716649 0.459962 0.071945 0.071945
0 0.065237 0.383004 0.057104 0.057104
0 0.618611 0.374533 0.062220 0.062220
0 0.023766 0.147867 0.104277 0.104277
0 0.817327 0.014708 0.071945 0.071945
0 0.950066 0.169964 0.052559 0.052559
0 0.610903 0.738979 0.057104 0.057104
0 0.178185 0.733872 0.061130 0.061130
0 0.445310 0.209769 0.071945 0.071945
0 0.992740 0.406321 0.062220 0.062220
0 0.544706 0.812665 0.057104 0.057104
0 0.450555 0.560686 0.104277 0.104277
0 0.218944 0.806785 0.061130 0.061130
0 0.516897 0.630123 0.052757 0.052757
0 0.395925 0.848806 0.071945 0.071945
0 0.685567 0.398125 0.104277 0.104277
0 0.524052 0.495667 0.071945 0.071945
0 0.538025 0.305681 0.104277 0.104277
0 0.161851 0.491287 0.057104 0.057104
0 0.264390 0.745595 0.071945 0.071945
0 0.268957 0.151330 0.057103 0.057103
0 0.896992 0.249770 0.071945 0.071945
0 0.012573 0.532586 0.057104 0.057104
0 0.740808 0.558867 0.104277 0.104277
0 0.797585 0.213560 0.052757 0.052757
0 0.404454 0.619823 0.052757 0.052757
0 0.698889 0.736977 0.062220 0.062220
0 0.750281 0.062902 0.061131 0.061131