0 0.753342 0.721352 0.104277 0.104277
0 0.709794 0.509361 0.061130 0.061130
0 0.425802 0.928880 0.104278 0.104278
0 0.642887 0.369690 0.104277 0.104277
0 0.704713 0.278642 0.071945 0.071945
0 0.903632 0.719028 0.062220 0.062220
0 0.856526 0.264252 0.071945 0.071945
0 0.935279 0.471110 0.104277 0.104277
0 0.610565 0.471259 0.052757 0.052757
0 0.939912 0.154555 0.061131 0.061131
0 0.648596 0.141743 0.104277 0.104277
0 0.154761 0.424356 0.052757 0.052757
0 0.747466 0.636167 0.057104 0.057104
0 0.518659 0.314199 0.062220 0.062220
0 0.783328 0.822803 0.051819 0.051819
0 0.078447 0.845537 0.057104 0.057104
0 0.776668 0.077714 0.052757 0.052757
0 0.429494 0.499358 0.104277 0.104277
0 0.028967 0.144893 0.052757 0.052757
0 0.687472 0.435898 0.061131 0.061131
0 0.963476 0.766516 0.052757 0.052757
0 0.154306 0.632186 0.057104 0.057104
0 0.720606 0.188239 0.057104 0.057104
0 0.220348 0.039353 0.071945 0.071945
0 0.771688 0.396393 0.052757 0.052757
0 0.267596 0.101792 0.061130 0.061130
0 0.445730 0.225747 0.052757 0.052757
0 0.827895 0.332353 0.057104 0.057104
0 0.747848 0.015153 0.057104 0.057104
0 0.940368 0.554364 0.036679 0.036679
0 0.375648 0.840318 0.052757 0.052757
0 0.199115 0.314832 0.057104 0.057104
0 0.774130 0.484975 0.057104 0.057104
0 0.859169 0.893147 0.104277 0.104277
0 0.512930 0.161656 0.052757 0.052757
0 0.854306 0.819854 0.071945 0.071945
0 0.286046 0.311089 0.057104 0.057104
0 0.508898 0.437608 0.071945 0.071945
0 0.560777 0.832563 0.052757 0.052757
0 0.989646 0.373044 0.104277 0.104277
0 0.617993 0.243939 0.071945 0.071945
0 0.775624 0.979776 0.054783 0.054783
0 0.165265 0.215294 0.057104 0.057104
0 0.943176 0.913688 0.057103 0.057103
0 0.526850 0.753194 0.071945 0.071945
0 0.300527 0.958791 0.061130 0.061130
0 0.191880 0.857633 0.071945 0.071945
0 0.624006 0.988444 0.057104 0.057104
0 0.988660 0.848390 0.061131 0.061131
0 0.580117 0.404057 0.057104 0.057104
0 0.200628 0.580819 0.071945 0.071945
0 0.151453 0.942261 0.062220 0.062220
0 0.936573 0.314752 0.061130 0.061130
0 0.295223 0.793447 0.062220 0.062220
0 0.410884 0.622447 0.061130 0.061130
0 0.638201 0.866570 0.052757 0.052757
0 0.584591 0.043775 0.104277 0.104277
0 0.346196 0.524708 0.061130 0.061130
0 0.317270 0.452973 0.061130 0.061130
0 0.886669 0.409235 0.062220 0.062220
0 0.098388 0.179246 0.104277 0.104277
0 0.495950 0.579243 0.104277 0.104277
0 0.659355 0.677116 0.071945 0.071945
0 0.072710 0.073508 0.104277 0.104277
0 0.356753 0.190911 0.052757 0.052757
0 0.800101 0.180265 0.062220 0.062220
0 0.349650 0.730834 0.061130 0.061130
0 0.087803 0.265808 0.104277 0.104277
0 0.449743 0.823370 0.057104 0.057104
0 0.341892 0.647152 0.104277 0.104277
0 0.549344 0.900986 0.062220 0.062220
0 0.546511 0.627780 0.104277 0.104277
0 0.031200 0.415891 0.052757 0.052757
0 0.525416 0.515090 0.052757 0.052757
0 0.832332 0.554778 0.062220 0.062220
0 0.237775 0.388577 0.071945 0.071945
0 0.162720 0.141547 0.062220 0.062220
0 0.252749 0.889447 0.071945 0.071945
0 0.867173 0.098116 0.071945 0.071945
0 0.495647 0.957075 0.104277 0.104277
0 0.477052 0.081244 0.052757 0.052757
0 0.974543 0.637474 0.104277 0.104277
0 0.123652 0.347244 0.104277 0.104277
0 0.650480 0.761032 0.057104 0.057104
0 0.133687 0.797611 0.050932 0.050932
0 0.270423 0.618725 0.052757 0.052757
0 0.036560 0.565616 0.071945 0.071945
0 0.887995 0.602696 0.071945 0.071945
0 0.247320 0.525785 0.061130 0.061130
0 0.606349 0.583840 0.052757 0.052757
0 0.460655 0.735287 0.057104 0.057104
0 0.851984 0.966525 0.104277 0.104277
0 0.269968 0.170946 0.057104 0.057104
0 0.370159 0.095686 0.057104 0.057104
0 0.244224 0.685751 0.061130 0.061130
0 0.106589 0.528910 0.071945 0.071945
0 0.234076 0.245411 0.048997 0.048997
0 0.437102 0.150042 0.062220 0.062220
0 0.433084 0.391403 0.062220 0.062220
0 0.762065 0.911822 0.052757 0.052757
0 0.689502 0.946049 0.104277 0.104277
0 0.205016 0.782436 0.062220 0.062220
0 0.000771 0.760340 0.062220 0.062220
0 0.992876 0.201715 0.057104 0.057104
0 0.436661 0.301592 0.061131 0.061131
0 0.011435 0.339788 0.104277 0.104277
0 0.379784 0.998794 0.071945 0.071945
0 0.079724 0.700110 0.052757 0.052757
0 0.151877 0.063655 0.057104 0.057104
0 0.364169 0.398397 0.071945 0.071945
0 0.075444 0.918215 0.071945 0.071945
0 0.824951 0.682595 0.057104 0.057104
0 0.159674 0.707991 0.071945 0.071945