0 0.672294 0.937486 0.061130 0.061130
0 0.605387 0.797815 0.104277 0.104277
0 0.667213 0.706767 0.071945 0.071945
0 0.819026 0.692377 0.071945 0.071945
0 0.897779 0.899235 0.104277 0.104277
0 0.573065 0.899384 0.052757 0.052757
0 0.975643 0.945760 0.071945 0.071945
0 0.869932 0.241411 0.104277 0.104277
0 0.902412 0.582680 0.061131 0.061131
0 0.611096 0.569868 0.104277 0.104277
0 0.117261 0.852481 0.052757 0.052757
0 0.066910 0.345802 0.062220 0.062220
0 0.933527 0.319075 0.104277 0.104277
0 0.481159 0.742324 0.062220 0.062220
0 0.739168 0.505839 0.052757 0.052757
0 0.391994 0.927483 0.104277 0.104277
0 0.936418 0.157655 0.061131 0.061131
0 0.649972 0.864023 0.061131 0.061131
0 0.013795 0.220187 0.057103 0.057103
0 0.683106 0.616364 0.057104 0.057104
0 0.182848 0.467478 0.071945 0.071945
0 0.819634 0.081188 0.071945 0.071945
0 0.734188 0.824518 0.052757 0.052757
0 0.230096 0.529917 0.061130 0.061130
0 0.408230 0.653872 0.052757 0.052757
0 0.872522 0.376730 0.062220 0.062220
0 0.790395 0.760478 0.057104 0.057104
0 0.710348 0.443278 0.057104 0.057104
0 0.707195 0.282453 0.052757 0.052757
0 0.902868 0.982489 0.036679 0.036679
0 0.818349 0.420716 0.061130 0.061130
0 0.533218 0.269756 0.061131 0.061131
0 0.161615 0.742957 0.057104 0.057104
0 0.736630 0.913100 0.057104 0.057104
0 0.475430 0.589781 0.052757 0.052757
0 0.248546 0.739214 0.057104 0.057104
0 0.471398 0.865733 0.071945 0.071945
0 0.468344 0.191063 0.062220 0.062220
0 0.761278 0.377739 0.061131 0.061131
0 0.952146 0.801169 0.104277 0.104277
0 0.580493 0.672064 0.071945 0.071945
0 0.810505 0.311192 0.057104 0.057104
0 0.127765 0.643419 0.057104 0.057104
0 0.156365 0.125508 0.057104 0.057104
0 0.542617 0.832182 0.057104 0.057104
0 0.876797 0.036700 0.104277 0.104277
0 0.274954 0.407610 0.061130 0.061130
0 0.899073 0.742877 0.061130 0.061130
0 0.977833 0.873492 0.061130 0.061130
0 0.076388 0.167943 0.052757 0.052757
0 0.565723 0.020481 0.071945 0.071945
0 0.547091 0.471900 0.104277 0.104277
0 0.308696 0.952833 0.061130 0.061130
0 0.279770 0.881098 0.061130 0.061130
0 0.158783 0.220008 0.057104 0.057104
0 0.849169 0.837360 0.062220 0.062220
0 0.060888 0.607371 0.104277 0.104277
0 0.166644 0.387296 0.057104 0.057104
0 0.207173 0.049337 0.052757 0.052757
0 0.278364 0.118418 0.104277 0.104277
0 0.035210 0.501633 0.104277 0.104277
0 0.319253 0.619036 0.052757 0.052757
0 0.762601 0.608390 0.062220 0.062220
0 0.050303 0.693933 0.104277 0.104277
0 0.579531 0.154895 0.061131 0.061131
0 0.034468 0.406902 0.052757 0.052757
0 0.219832 0.320395 0.104277 0.104277
0 0.487916 0.943215 0.052757 0.052757
0 0.355141 0.203592 0.061130 0.061130
0 0.091054 0.058023 0.057104 0.057104
0 0.437627 0.101380 0.104277 0.104277
0 0.794832 0.982903 0.062220 0.062220
0 0.669070 0.225274 0.057104 0.057104
0 0.200275 0.816702 0.071945 0.071945
0 0.125220 0.569672 0.062220 0.062220
0 0.829673 0.526241 0.071945 0.071945
0 0.439552 0.509369 0.052757 0.052757
0 0.432319 0.279706 0.062220 0.062220
0 0.086152 0.775369 0.104277 0.104277
0 0.792556 0.183898 0.071945 0.071945
0 0.235496 0.194116 0.061130 0.061130
0 0.397084 0.343324 0.104278 0.104278
0 0.480001 0.010344 0.061131 0.061131
0 0.209820 0.953910 0.061130 0.061130
0 0.647227 0.407495 0.062220 0.062220
0 0.232468 0.599071 0.057104 0.057104
0 0.948638 0.056448 0.052757 0.052757
0 0.454102 0.409235 0.062220 0.062220
0 0.332659 0.523811 0.057104 0.057104
0 0.069089 0.957035 0.071945 0.071945
0 0.698688 0.158322 0.052757 0.052757
0 0.196576 0.673536 0.048997 0.048997
0 0.486022 0.341606 0.071945 0.071945
0 0.399602 0.578167 0.062220 0.062220
0 0.729653 0.001479 0.057104 0.057104
0 0.972633 0.489902 0.057104 0.057104
0 0.133245 0.304718 0.057104 0.057104
0 0.331661 0.301404 0.104277 0.104277
0 0.008003 0.295067 0.104277 0.104277
0 0.663456 0.075165 0.057104 0.057104
0 0.395584 0.819528 0.062220 0.062220
0 0.526223 0.398532 0.052757 0.052757
0 0.955376 0.629840 0.057104 0.057104
0 0.337694 0.069285 0.061130 0.061130
0 0.399161 0.729717 0.061131 0.061131
0 0.514675 0.111306 0.071945 0.071945
0 0.964038 0.416203 0.104277 0.104277
0 0.032130 0.100144 0.062220 0.062220
0 0.383140 0.008095 0.071945 0.071945
0 0.114377 0.491780 0.057104 0.057104
0 0.326669 0.826522 0.071945 0.071945
0 0.615032 0.284915 0.061131 0.061131