0 0.370545 0.973851 0.062220 0.062220
0 0.913302 0.244505 0.104278 0.104278
0 0.968958 0.681627 0.104277 0.104277
0 0.090333 0.000613 0.052757 0.052757
0 0.703937 0.762821 0.052757 0.052757
0 0.715629 0.849370 0.104277 0.104277
0 0.555979 0.396828 0.061130 0.061130
0 0.930740 0.355310 0.052757 0.052757
0 0.951811 0.526537 0.052757 0.052757
0 0.695362 0.675400 0.104277 0.104277
0 0.777719 0.607198 0.104277 0.104277
0 0.701886 0.576258 0.061130 0.061130
0 0.565947 0.161162 0.057104 0.057104
0 0.060809 0.484792 0.062220 0.062220
0 0.608957 0.474215 0.104277 0.104277
0 0.444162 0.979913 0.061130 0.061130
0 0.424578 0.892030 0.052757 0.052757
0 0.923852 0.993367 0.057104 0.057104
0 0.828827 0.753253 0.104277 0.104277
0 0.585380 0.892857 0.061130 0.061130
0 0.056168 0.070858 0.062220 0.062220
0 0.281414 0.603549 0.061130 0.061130
0 0.863148 0.155943 0.052757 0.052757
0 0.268838 0.142015 0.071945 0.071945
0 0.083885 0.722161 0.104278 0.104278
0 0.407443 0.246537 0.104277 0.104277
0 0.327874 0.315461 0.052757 0.052757
0 0.708113 0.926525 0.057104 0.057104
0 0.550829 0.315698 0.104277 0.104277
0 0.624309 0.714180 0.052757 0.052757
0 0.240442 0.309659 0.052757 0.052757
0 0.486784 0.397755 0.052757 0.052757
0 0.916015 0.600716 0.104277 0.104277
0 0.863312 0.462362 0.057104 0.057104
0 0.556734 0.974069 0.061130 0.061130
0 0.766480 0.686348 0.061130 0.061130
0 0.441311 0.616899 0.104278 0.104278
0 0.990248 0.863087 0.062220 0.062220
0 0.508160 0.595290 0.052757 0.052757
0 0.788027 0.274416 0.061130 0.061130
0 0.679380 0.173258 0.071945 0.071945
0 0.846029 0.388954 0.052757 0.052757
0 0.149269 0.774367 0.062220 0.062220
0 0.300601 0.861591 0.062220 0.062220
0 0.053796 0.164028 0.052757 0.052757
0 0.517621 0.850314 0.057104 0.057104
0 0.389213 0.054762 0.061130 0.061130
0 0.886576 0.714708 0.071945 0.071945
0 0.668284 0.341551 0.061130 0.061130
0 0.638953 0.257886 0.062220 0.062220
0 0.782723 0.109072 0.062220 0.062220
0 0.107255 0.406063 0.061130 0.061130
0 0.688322 0.503852 0.052757 0.052757
0 0.838496 0.540137 0.057104 0.057104
0 0.474039 0.717783 0.057104 0.057104
0 0.342081 0.204540 0.104277 0.104277
0 0.183037 0.955473 0.104278 0.104278
0 0.401314 0.684163 0.071945 0.071945
0 0.301675 0.948937 0.052757 0.052757
0 0.840961 0.970656 0.062220 0.062220
0 0.818306 0.824512 0.071945 0.071945
0 0.339899 0.763729 0.052757 0.052757
0 0.532195 0.759621 0.071945 0.071945
0 0.837150 0.046459 0.061130 0.061130
0 0.058223 0.792203 0.104277 0.104277
0 0.937243 0.138995 0.057104 0.057104
0 0.268156 0.672133 0.057104 0.057104
0 0.238653 0.749955 0.104277 0.104277
0 0.194300 0.202241 0.052757 0.052757
0 0.779603 0.351051 0.104277 0.104277
0 0.740249 0.205072 0.071945 0.071945
0 0.282391 0.056198 0.104277 0.104277
0 0.983147 0.272700 0.104277 0.104277
0 0.199780 0.869480 0.104277 0.104277
0 0.190234 0.650515 0.071945 0.071945
0 0.481315 0.269139 0.071945 0.071945
0 0.621187 0.113236 0.050932 0.050932
0 0.064403 0.591756 0.057104 0.057104
0 0.411724 0.794514 0.052757 0.052757
0 0.948155 0.050912 0.057104 0.057104
0 0.481644 0.167872 0.071945 0.071945
0 0.160504 0.289451 0.104277 0.104277
0 0.171610 0.543518 0.057104 0.057104
0 0.731724 0.001376 0.061130 0.061130
0 0.354612 0.532154 0.104277 0.104277
0 0.404755 0.376389 0.104277 0.104277
0 0.945272 0.444367 0.061131 0.061131
0 0.188378 0.031785 0.062220 0.062220
0 0.792379 0.485692 0.104277 0.104277
0 0.395261 0.152691 0.052757 0.052757
0 0.692516 0.098061 0.062220 0.062220
0 0.488271 0.075965 0.062220 0.062220
0 0.310428 0.451166 0.052757 0.052757
0 0.114761 0.995469 0.062220 0.062220
0 0.114935 0.923034 0.057104 0.057104
0 0.189657 0.365955 0.104277 0.104277
0 0.279317 0.523802 0.061130 0.061130
0 0.128162 0.127854 0.057104 0.057104
0 0.402660 0.466752 0.062220 0.062220
0 0.469170 0.501794 0.071945 0.071945
0 0.867284 0.314419 0.071945 0.071945
0 0.698277 0.425448 0.061130 0.061130
0 0.107163 0.648234 0.052757 0.052757
0 0.567224 0.015735 0.052757 0.052757
0 0.598792 0.612898 0.104277 0.104277
0 0.079764 0.308686 0.071945 0.071945
0 0.372343 0.608170 0.052757 0.052757
0 0.197641 0.114740 0.057103 0.057103
0 0.902685 0.838493 0.052757 0.052757
0 0.562944 0.233840 0.071945 0.071945
0 0.181352 0.437297 0.104277 0.104277
0 0.647174 0.023616 0.071945 0.071945
0 0.638076 0.783158 0.104277 0.104277