0 0.590380 0.281742 0.071945 0.071945
0 0.385557 0.785161 0.104277 0.104277
0 0.575659 0.749689 0.104277 0.104277
0 0.619848 0.945937 0.057104 0.057104
0 0.489114 0.396019 0.062220 0.062220
0 0.622092 0.393966 0.057104 0.057104
0 0.712233 0.907816 0.104277 0.104277
0 0.654903 0.319274 0.052757 0.052757
0 0.538689 0.659446 0.057104 0.057104
0 0.466849 0.510929 0.104277 0.104277
0 0.449152 0.862825 0.104277 0.104277
0 0.452043 0.701405 0.061131 0.061131
0 0.461851 0.325312 0.052757 0.052757
0 0.335259 0.624938 0.071945 0.071945
0 0.552268 0.525217 0.062220 0.062220
0 0.388147 0.920480 0.062220 0.062220
0 0.225973 0.987028 0.057104 0.057104
0 0.222820 0.826203 0.052757 0.052757
0 0.333974 0.964466 0.061130 0.061130
0 0.610425 0.646468 0.071945 0.071945
0 0.692222 0.417009 0.071945 0.071945
0 0.048843 0.813506 0.061131 0.061131
0 0.554010 0.345622 0.071945 0.071945
0 0.543837 0.837275 0.061130 0.061130
0 0.722523 0.180358 0.061131 0.061131
0 0.276903 0.921489 0.061131 0.061131
0 0.326130 0.854942 0.057104 0.057104
0 0.741157 0.355222 0.071945 0.071945
0 0.122932 0.177999 0.071945 0.071945
0 0.404331 0.085375 0.061130 0.061130
0 0.393044 0.448747 0.071945 0.071945
0 0.243493 0.329898 0.061130 0.061130
0 0.753723 0.278585 0.071945 0.071945
0 0.268506 0.448773 0.104277 0.104277
0 0.736535 0.776852 0.057104 0.057104
0 0.019265 0.315317 0.071945 0.071945
0 0.392422 0.580450 0.104277 0.104277
0 0.684510 0.524150 0.104278 0.104278
0 0.549624 0.912150 0.061130 0.061130
0 0.276876 0.002219 0.061130 0.061130
0 0.633861 0.093654 0.057104 0.057104
0 0.081348 0.564231 0.071945 0.071945
0 0.095156 0.698645 0.061131 0.061131
0 0.489015 0.186592 0.062220 0.062220
0 0.452590 0.248159 0.062220 0.062220
0 0.004600 0.059854 0.062220 0.062220
0 0.166133 0.529590 0.062220 0.062220
0 0.688867 0.830854 0.052757 0.052757
0 0.184695 0.769024 0.057104 0.057104
0 0.049164 0.243792 0.061131 0.061131
0 0.221549 0.055314 0.071945 0.071945
0 0.308181 0.727648 0.071945 0.071945
0 0.736229 0.055652 0.061131 0.061131
0 0.414742 0.175306 0.052757 0.052757
0 0.213180 0.251636 0.057104 0.057104
0 0.162852 0.951245 0.062220 0.062220
0 0.068105 0.092969 0.071945 0.071945
0 0.725953 0.606192 0.057104 0.057104
0 0.606893 0.576312 0.057104 0.057104
0 0.331091 0.068844 0.052757 0.052757
0 0.464263 0.600198 0.052757 0.052757
0 0.214313 0.702072 0.052757 0.052757
0 0.001647 0.885356 0.071945 0.071945
0 0.351024 0.266212 0.071945 0.071945
0 0.252986 0.180783 0.062220 0.062220
0 0.245278 0.545229 0.057104 0.057104
0 0.079685 0.016019 0.071945 0.071945
0 0.627115 0.212571 0.062220 0.062220
0 0.179081 0.618915 0.057104 0.057104
0 0.084930 0.366936 0.104277 0.104277
0 0.041848 0.942282 0.052757 0.052757
0 0.151272 0.436373 0.052757 0.052757
0 0.030300 0.655056 0.071945 0.071945
0 0.319942 0.204375 0.104277 0.104277
0 0.158427 0.301917 0.071945 0.071945
0 0.479663 0.959953 0.104277 0.104277
0 0.172400 0.111931 0.104277 0.104277
0 0.706655 0.709657 0.061130 0.061130
0 0.531367 0.056020 0.071945 0.071945
0 0.687244 0.246799 0.104278 0.104278
0 0.375183 0.365117 0.104277 0.104277
0 0.548996 0.987548 0.104277 0.104277
0 0.431960 0.019810 0.052757 0.052757
0 0.038829 0.426073 0.052757 0.052757
0 0.333264 0.543227 0.062220 0.062220
0 0.130657 0.828665 0.061131 0.061131