0 0.365842 0.658852 0.104277 0.104277
0 0.322294 0.446861 0.061130 0.061130
0 0.038302 0.866380 0.104278 0.104278
0 0.725239 0.408570 0.052757 0.052757
0 0.255387 0.307190 0.104277 0.104277
0 0.317213 0.216142 0.071945 0.071945
0 0.516132 0.656528 0.062220 0.062220
0 0.469026 0.201752 0.071945 0.071945
0 0.547779 0.408610 0.104277 0.104277
0 0.223065 0.408759 0.052757 0.052757
0 0.625643 0.455135 0.071945 0.071945
0 0.552412 0.092055 0.061131 0.061131
0 0.261096 0.079243 0.104277 0.104277
0 0.880676 0.116522 0.062221 0.062221
0 0.769582 0.079527 0.104277 0.104277
0 0.879390 0.647003 0.047276 0.047276
0 0.769744 0.953604 0.062220 0.062220
0 0.055740 0.977185 0.052757 0.052757
0 0.359966 0.573667 0.057104 0.057104
0 0.131159 0.251699 0.062220 0.062220
0 0.395828 0.760303 0.051819 0.051819
0 0.389168 0.015214 0.052757 0.052757
0 0.041994 0.436858 0.104277 0.104277
0 0.870629 0.388636 0.071945 0.071945
0 0.299972 0.373398 0.061131 0.061131
0 0.575976 0.704016 0.052757 0.052757
0 0.333106 0.125739 0.057104 0.057104
0 0.637252 0.652531 0.057103 0.057103
0 0.384188 0.333893 0.052757 0.052757
0 0.652245 0.069695 0.104277 0.104277
0 0.058230 0.163247 0.052757 0.052757
0 0.440395 0.269853 0.057104 0.057104
0 0.830944 0.222610 0.052757 0.052757
0 0.552868 0.491864 0.036679 0.036679
0 0.671906 0.769871 0.104277 0.104277
0 0.770857 0.183421 0.062221 0.062221
0 0.386630 0.422475 0.057104 0.057104
0 0.471669 0.830647 0.104277 0.104277
0 0.125430 0.099156 0.052757 0.052757
0 0.466806 0.757354 0.071945 0.071945
0 0.709402 0.219050 0.052757 0.052757
0 0.696508 0.286912 0.104277 0.104277
0 0.863398 0.752928 0.071945 0.071945
0 0.121398 0.375108 0.071945 0.071945
0 0.173277 0.770063 0.052757 0.052757
0 0.602146 0.310544 0.104277 0.104277
0 0.230493 0.181439 0.071945 0.071945
0 0.769237 0.784739 0.061131 0.061131
0 0.885276 0.536001 0.057104 0.057104
0 0.388124 0.917276 0.054783 0.054783
0 0.693051 0.478019 0.062220 0.062220
0 0.555676 0.851188 0.057103 0.057103
0 0.139350 0.690694 0.071945 0.071945
0 0.649982 0.918009 0.061131 0.061131
0 0.236506 0.925944 0.057104 0.057104
0 0.601160 0.785890 0.061131 0.061131
0 0.192617 0.341557 0.057104 0.057104
0 0.549073 0.252252 0.061130 0.061130
0 0.023384 0.559947 0.061130 0.061130
0 0.866731 0.878432 0.071945 0.071945
0 0.801714 0.638870 0.062220 0.062220
0 0.627833 0.382867 0.061130 0.061130
0 0.250701 0.804070 0.052757 0.052757
0 0.499169 0.346735 0.062220 0.062220
0 0.108450 0.516743 0.104277 0.104277
0 0.271855 0.614616 0.071945 0.071945
0 0.803318 0.851535 0.104278 0.104278
0 0.412601 0.117765 0.062220 0.062220
0 0.776298 0.493943 0.104277 0.104277
0 0.062243 0.760870 0.057104 0.057104
0 0.161844 0.838486 0.062220 0.062220
0 0.726671 0.891114 0.062220 0.062220
0 0.159011 0.565280 0.104277 0.104277
0 0.137916 0.452590 0.052757 0.052757
0 0.444832 0.492278 0.062220 0.062220
0 0.479673 0.035616 0.071945 0.071945
0 0.108147 0.894575 0.104277 0.104277
0 0.089552 0.018744 0.052757 0.052757
0 0.587043 0.574974 0.104277 0.104277
0 0.262980 0.698532 0.057104 0.057104
0 0.650232 0.841613 0.071945 0.071945
0 0.500495 0.540196 0.071945 0.071945
0 0.218849 0.521340 0.052757 0.052757
0 0.073155 0.672787 0.057104 0.057104
0 0.464484 0.904025 0.104277 0.104277
0 0.890499 0.267851 0.071945 0.071945
0 0.641390 0.530343 0.061131 0.061131
0 0.773665 0.318073 0.071945 0.071945
0 0.529027 0.948223 0.057104 0.057104
0 0.049602 0.087542 0.062220 0.062220
0 0.045584 0.328903 0.062220 0.062220
0 0.374565 0.849322 0.052757 0.052757
0 0.302002 0.883549 0.104277 0.104277
0 0.605376 0.139215 0.057104 0.057104
0 0.049161 0.239092 0.061131 0.061131
0 0.734058 0.567340 0.071945 0.071945
0 0.697551 0.149431 0.052757 0.052757
0 0.437451 0.620095 0.057104 0.057104
0 0.707202 0.702826 0.061131 0.061131