0 0.713785 0.505177 0.062220 0.062220
0 0.638342 0.732393 0.052757 0.052757
0 0.185127 0.933536 0.071945 0.071945
0 0.660670 0.379562 0.057103 0.057103
0 0.829723 0.626853 0.071945 0.071945
0 0.294270 0.352848 0.104277 0.104277
0 0.876971 0.689292 0.061130 0.061130
0 0.432016 0.425207 0.052757 0.052757
0 0.808490 0.902332 0.057104 0.057104
0 0.895421 0.898589 0.057104 0.057104
0 0.205740 0.707272 0.104278 0.104278
0 0.865475 0.129752 0.057104 0.057104
0 0.592790 0.201700 0.104277 0.104277
0 0.576832 0.643887 0.071945 0.071945
0 0.506587 0.636802 0.057104 0.057104
0 0.401551 0.134759 0.104277 0.104277
0 0.774640 0.802794 0.057104 0.057104
0 0.612187 0.065849 0.057104 0.057104
0 0.259386 0.156590 0.062220 0.062220
0 0.271051 0.046812 0.062220 0.062220
0 0.803240 0.284883 0.057104 0.057104
0 0.560757 0.014718 0.104277 0.104277
0 0.332696 0.193111 0.062220 0.062220
0 0.921829 0.566985 0.061130 0.061130
0 0.175597 0.187865 0.104278 0.104278
0 0.836404 0.046179 0.104277 0.104277
0 0.723263 0.327318 0.052757 0.052757
0 0.510119 0.970562 0.071945 0.071945
0 0.476438 0.350660 0.062220 0.062220
0 0.175785 0.298620 0.071945 0.071945
0 0.648504 0.130348 0.057104 0.057104
0 0.805658 0.379383 0.057104 0.057104
0 0.707763 0.766746 0.104277 0.104277
0 0.571803 0.544924 0.057104 0.057104
0 0.813519 0.546671 0.057104 0.057104
0 0.479158 0.722053 0.057104 0.057104
0 0.854048 0.208712 0.052757 0.052757
0 0.925239 0.277793 0.104277 0.104277
0 0.682085 0.661008 0.104277 0.104277
0 0.966128 0.778411 0.052757 0.052757
0 0.264703 0.491111 0.062220 0.062220
0 0.697178 0.853308 0.104277 0.104277
0 0.486642 0.554307 0.052757 0.052757
0 0.681343 0.566277 0.052757 0.052757
0 0.498254 0.485598 0.061130 0.061130
0 0.866707 0.479770 0.104277 0.104277
0 0.691987 0.005815 0.052757 0.052757
0 0.737929 0.217398 0.057104 0.057104
0 0.567208 0.400416 0.071945 0.071945
0 0.405222 0.813039 0.061130 0.061130
0 0.989427 0.098118 0.062220 0.062220
0 0.847150 0.976077 0.071945 0.071945
0 0.772095 0.729047 0.062220 0.062220
0 0.550007 0.141566 0.052757 0.052757
0 0.733027 0.934744 0.104277 0.104277
0 0.282848 0.877190 0.061130 0.061130
0 0.346369 0.262767 0.057104 0.057104
0 0.882371 0.353491 0.061130 0.061130
0 0.409899 0.005777 0.057104 0.057104
0 0.424405 0.513743 0.061130 0.061130
0 0.208354 0.016919 0.061130 0.061130
0 0.391017 0.350929 0.062220 0.062220
0 0.568835 0.749539 0.057104 0.057104
0 0.879343 0.758446 0.057104 0.057104
0 0.298326 0.796602 0.057104 0.057104
0 0.371031 0.691713 0.104277 0.104277
0 0.181507 0.494625 0.061130 0.061130
0 0.979534 0.683186 0.057104 0.057104
0 0.925293 0.000313 0.104277 0.104277
0 0.703811 0.080300 0.061130 0.061130
0 0.568599 0.827648 0.061130 0.061130
0 0.498436 0.814927 0.062220 0.062220
0 0.843451 0.832911 0.048997 0.048997
0 0.222723 0.422633 0.061130 0.061130
0 0.414422 0.272994 0.057104 0.057104
0 0.269955 0.638305 0.104277 0.104277
0 0.272790 0.280343 0.052757 0.052757
0 0.943810 0.155747 0.061130 0.061130
0 0.780120 0.464093 0.057104 0.057104
0 0.978536 0.460779 0.104277 0.104277
0 0.654878 0.454442 0.104277 0.104277
0 0.228497 0.795650 0.057104 0.057104
0 0.984569 0.228660 0.061130 0.061130
0 0.346403 0.053455 0.062220 0.062220
0 0.275943 0.954424 0.057104 0.057104
0 0.466997 0.899467 0.071945 0.071945
0 0.679005 0.259519 0.062220 0.062220
0 0.308337 0.428315 0.071945 0.071945
0 0.620810 0.927288 0.104277 0.104277
0 0.386936 0.892391 0.071945 0.071945
0 0.377187 0.615250 0.061130 0.061130
0 0.460275 0.182675 0.104277 0.104277
0 0.578816 0.318374 0.052757 0.052757
0 0.465677 0.062970 0.057104 0.057104
0 0.761252 0.651155 0.057104 0.057104
0 0.526067 0.243831 0.062220 0.062220
0 0.180257 0.584057 0.071945 0.071945
0 0.973544 0.985897 0.071945 0.071945
0 0.212808 0.101718 0.061130 0.061130
0 0.345209 0.551440 0.062220 0.062220