0 0.596630 0.053617 0.071945 0.071945
0 0.391807 0.557036 0.104277 0.104277
0 0.424287 0.898305 0.061131 0.061131
0 0.581909 0.521564 0.104277 0.104277
0 0.132971 0.885493 0.104277 0.104277
0 0.626098 0.717812 0.057104 0.057104
0 0.495364 0.167894 0.062220 0.062220
0 0.752551 0.922772 0.062221 0.062221
0 0.628342 0.165841 0.057104 0.057104
0 0.641457 0.885777 0.104277 0.104277
0 0.718483 0.679691 0.104277 0.104277
0 0.661153 0.091149 0.052757 0.052757
0 0.544939 0.431321 0.057104 0.057104
0 0.473099 0.282804 0.104277 0.104277
0 0.455402 0.634700 0.104277 0.104277
0 0.261043 0.821464 0.052757 0.052757
0 0.458293 0.473280 0.061131 0.061131
0 0.468101 0.097187 0.052757 0.052757
0 0.204981 0.931989 0.057104 0.057104
0 0.341509 0.396813 0.071945 0.071945
0 0.524120 0.875945 0.104277 0.104277
0 0.558518 0.297092 0.062220 0.062220
0 0.394397 0.692355 0.062220 0.062220
0 0.232223 0.758903 0.057104 0.057104
0 0.229070 0.598078 0.052757 0.052757
0 0.340224 0.736341 0.061130 0.061130
0 0.616675 0.418343 0.071945 0.071945
0 0.698472 0.188884 0.071945 0.071945
0 0.055093 0.585381 0.061131 0.061131
0 0.642732 0.989671 0.062221 0.062221
0 0.560260 0.117497 0.071945 0.071945
0 0.644362 0.795159 0.071945 0.071945
0 0.550087 0.609150 0.061130 0.061130
0 0.283153 0.693364 0.061131 0.061131
0 0.102368 0.987689 0.071945 0.071945
0 0.332380 0.626817 0.057104 0.057104
0 0.747407 0.127097 0.071945 0.071945
0 0.399294 0.220622 0.071945 0.071945
0 0.249743 0.101773 0.061130 0.061130
0 0.759973 0.050460 0.071945 0.071945
0 0.274756 0.220648 0.104277 0.104277
0 0.742785 0.548727 0.057104 0.057104
0 0.025515 0.087192 0.071945 0.071945
0 0.398672 0.352325 0.104277 0.104277
0 0.690760 0.296025 0.104278 0.104278
0 0.555874 0.684025 0.061130 0.061130
0 0.087598 0.336106 0.071945 0.071945
0 0.068966 0.787525 0.104277 0.104277
0 0.284476 0.924015 0.062220 0.062220
0 0.101406 0.470520 0.061131 0.061131
0 0.458840 0.020034 0.062220 0.062220
0 0.172383 0.301465 0.062220 0.062220
0 0.695117 0.602729 0.052757 0.052757
0 0.190945 0.540899 0.057104 0.057104
0 0.055414 0.015667 0.061131 0.061131
0 0.351548 0.841866 0.071945 0.071945
0 0.314431 0.499523 0.071945 0.071945
0 0.001876 0.325969 0.061131 0.061131
0 0.219430 0.023511 0.057104 0.057104
0 0.169102 0.723120 0.062220 0.062220
0 0.732203 0.378067 0.057104 0.057104
0 0.613143 0.348187 0.057104 0.057104
0 0.470513 0.372073 0.052757 0.052757
0 0.220563 0.473947 0.052757 0.052757
0 0.007897 0.657231 0.071945 0.071945
0 0.739921 0.773298 0.104277 0.104277
0 0.357274 0.038087 0.071945 0.071945
0 0.251528 0.317104 0.057104 0.057104
0 0.494508 0.805527 0.057104 0.057104
0 0.185331 0.390790 0.057104 0.057104
0 0.091180 0.138811 0.104277 0.104277
0 0.048098 0.714157 0.052757 0.052757
0 0.477251 0.945465 0.057104 0.057104
0 0.157522 0.208248 0.052757 0.052757
0 0.036550 0.426931 0.071945 0.071945
0 0.164677 0.073792 0.071945 0.071945
0 0.485913 0.731828 0.104277 0.104277
0 0.712905 0.481532 0.061130 0.061130
0 0.693494 0.018674 0.104278 0.104278
0 0.381433 0.136992 0.104277 0.104277
0 0.555246 0.759423 0.104277 0.104277
0 0.569426 0.955681 0.052757 0.052757
0 0.045079 0.197948 0.052757 0.052757
0 0.339514 0.315102 0.062220 0.062220
0 0.136907 0.600540 0.061131 0.061131