0 0.177833 0.069363 0.052757 0.052757
0 0.791437 0.831571 0.052757 0.052757
0 0.803129 0.918120 0.104277 0.104277
0 0.643479 0.465578 0.061130 0.061130
0 0.782862 0.744150 0.104277 0.104277
0 0.865219 0.675948 0.104277 0.104277
0 0.789386 0.645008 0.061130 0.061130
0 0.653447 0.229912 0.057104 0.057104
0 0.148309 0.553542 0.062220 0.062220
0 0.696457 0.542965 0.104277 0.104277
0 0.729306 0.016561 0.057104 0.057104
0 0.512078 0.960780 0.052757 0.052757
0 0.916327 0.822003 0.104277 0.104277
0 0.672880 0.961607 0.061130 0.061130
0 0.143668 0.139608 0.062220 0.062220
0 0.368914 0.672299 0.061130 0.061130
0 0.950648 0.224693 0.052757 0.052757
0 0.356338 0.210765 0.071945 0.071945
0 0.171385 0.790911 0.104278 0.104278
0 0.494943 0.315287 0.104277 0.104277
0 0.415374 0.384211 0.052757 0.052757
0 0.795613 0.995275 0.057104 0.057104
0 0.638329 0.384448 0.104277 0.104277
0 0.711809 0.782930 0.052757 0.052757
0 0.327942 0.378409 0.052757 0.052757
0 0.574284 0.466505 0.052757 0.052757
0 0.950812 0.531112 0.057104 0.057104
0 0.853980 0.755098 0.061130 0.061130
0 0.528811 0.685649 0.104278 0.104278
0 0.595660 0.664040 0.052757 0.052757
0 0.875527 0.343166 0.061130 0.061130
0 0.766880 0.242008 0.071945 0.071945
0 0.933529 0.457704 0.052757 0.052757
0 0.236769 0.843117 0.062220 0.062220
0 0.388101 0.930341 0.062220 0.062220
0 0.141296 0.232778 0.052757 0.052757
0 0.605121 0.919064 0.057104 0.057104
0 0.476713 0.123512 0.061130 0.061130
0 0.974076 0.783458 0.071945 0.071945
0 0.755784 0.410301 0.061130 0.061130
0 0.726453 0.326636 0.062220 0.062220
0 0.870223 0.177822 0.062220 0.062220
0 0.985884 0.006822 0.061130 0.061130
0 0.194755 0.474813 0.061130 0.061130
0 0.775822 0.572602 0.052757 0.052757
0 0.925996 0.608887 0.057104 0.057104
0 0.561539 0.786533 0.057104 0.057104
0 0.429581 0.273290 0.104277 0.104277
0 0.488814 0.752913 0.071945 0.071945
0 0.905806 0.893262 0.071945 0.071945
0 0.427399 0.832479 0.052757 0.052757
0 0.619695 0.828371 0.071945 0.071945
0 0.924650 0.115209 0.061130 0.061130
0 0.145723 0.860953 0.104277 0.104277
0 0.916892 0.031527 0.104277 0.104277
0 0.355656 0.740883 0.057104 0.057104
0 0.326153 0.818705 0.104277 0.104277
0 0.281800 0.270991 0.052757 0.052757
0 0.867103 0.419801 0.104277 0.104277
0 0.827749 0.273822 0.071945 0.071945
0 0.369891 0.124948 0.104277 0.104277
0 0.287280 0.938230 0.104277 0.104277
0 0.277734 0.719265 0.071945 0.071945
0 0.568815 0.337889 0.071945 0.071945
0 0.708687 0.181986 0.050932 0.050932
0 0.151903 0.660506 0.057104 0.057104
0 0.845423 0.003100 0.052757 0.052757
0 0.320798 0.035818 0.057104 0.057104
0 0.499224 0.863264 0.052757 0.052757
0 0.569144 0.236622 0.071945 0.071945
0 0.248004 0.358201 0.104277 0.104277
0 0.259110 0.612268 0.057104 0.057104
0 0.819224 0.070126 0.061130 0.061130
0 0.442112 0.600904 0.104277 0.104277
0 0.492255 0.445139 0.104277 0.104277
0 0.275878 0.100535 0.062220 0.062220
0 0.879879 0.554442 0.104277 0.104277
0 0.482761 0.221441 0.052757 0.052757
0 0.780016 0.166811 0.062220 0.062220
0 0.575771 0.144715 0.062220 0.062220
0 0.397928 0.519916 0.052757 0.052757
0 0.202435 0.991784 0.057104 0.057104
0 0.277157 0.434705 0.104277 0.104277
0 0.366817 0.592552 0.061130 0.061130
0 0.215662 0.196604 0.057104 0.057104
0 0.490160 0.535502 0.062220 0.062220
0 0.556670 0.570544 0.071945 0.071945
0 0.954784 0.383169 0.071945 0.071945
0 0.785777 0.494198 0.061130 0.061130
0 0.425539 0.054720 0.071945 0.071945
0 0.194663 0.716984 0.052757 0.052757
0 0.520624 0.059689 0.047555 0.047555
0 0.654724 0.084485 0.052757 0.052757
0 0.686292 0.681648 0.104277 0.104277
0 0.167264 0.377436 0.071945 0.071945
0 0.459843 0.676920 0.052757 0.052757
0 0.285141 0.183490 0.057103 0.057103
0 0.990185 0.907243 0.052757 0.052757
0 0.650444 0.302590 0.071945 0.071945
0 0.268852 0.506047 0.104277 0.104277
0 0.734674 0.092366 0.071945 0.071945
0 0.725576 0.851908 0.104277 0.104277