0 0.201720 0.333157 0.071945 0.071945
0 0.764259 0.839859 0.104277 0.104277
0 0.403264 0.943808 0.052757 0.052757
0 0.476841 0.301136 0.071945 0.071945
0 0.757219 0.041457 0.071945 0.071945
0 0.003333 0.178502 0.104277 0.104277
0 0.508969 0.416506 0.052757 0.052757
0 0.210404 0.703489 0.061130 0.061130
0 0.747252 0.523660 0.061131 0.061131
0 0.653129 0.639994 0.062220 0.062220
0 0.246118 0.089474 0.061130 0.061130
0 0.652396 0.214451 0.104277 0.104277
0 0.636485 0.810187 0.052757 0.052757
0 0.272531 0.811581 0.104277 0.104277
0 0.794307 0.932312 0.052757 0.052757
0 0.096468 0.599870 0.104277 0.104277
0 0.055329 0.721481 0.104277 0.104277
0 0.419062 0.051350 0.071945 0.071945
0 0.099869 0.352612 0.062220 0.062220
0 0.062493 0.098547 0.071945 0.071945
0 0.529284 0.662790 0.104277 0.104277
0 0.125222 0.524870 0.057104 0.057104
0 0.619392 0.377570 0.104277 0.104277
0 0.668742 0.919911 0.061130 0.061130
0 0.640299 0.990891 0.104277 0.104277
0 0.574531 0.568689 0.071945 0.071945
0 0.784589 0.461313 0.052757 0.052757
0 0.497770 0.170208 0.104277 0.104277
0 0.135346 0.879480 0.062220 0.062220
0 0.193569 0.507306 0.104277 0.104277
0 0.610783 0.721448 0.052757 0.052757
0 0.351231 0.804498 0.062220 0.062220
0 0.078922 0.448368 0.061130 0.061130
0 0.558252 0.108706 0.057104 0.057104
0 0.601219 0.282381 0.062220 0.062220
0 0.353961 0.409568 0.052757 0.052757
0 0.500969 0.040490 0.062220 0.062220
0 0.011719 0.627091 0.104277 0.104277
0 0.472704 0.797318 0.062220 0.062220
0 0.321178 0.596436 0.071945 0.071945
0 0.686618 0.013183 0.061130 0.061130
0 0.531182 0.511445 0.102474 0.102474
0 0.572071 0.868565 0.071945 0.071945
0 0.140366 0.174836 0.052757 0.052757
0 0.425518 0.503620 0.104277 0.104277
0 0.103024 0.040841 0.052757 0.052757
0 0.473921 0.968359 0.104277 0.104277
0 0.434342 0.237412 0.062220 0.062220
0 0.278029 0.312962 0.061131 0.061131
0 0.236422 0.241413 0.071945 0.071945
0 0.024623 0.359962 0.062220 0.062220
0 0.558568 0.965246 0.104277 0.104277
0 0.239568 0.564273 0.057104 0.057104
0 0.052290 0.517800 0.104277 0.104277
0 0.720864 0.270357 0.045227 0.045227
0 0.380172 0.870251 0.062220 0.062220
0 0.355252 0.318684 0.052757 0.052757
0 0.064798 0.278222 0.061130 0.061130
0 0.776529 0.174152 0.061130 0.061130
0 0.334923 0.968822 0.052757 0.052757
0 0.338361 0.525794 0.062220 0.062220
0 0.282784 0.705553 0.104277 0.104277
0 0.010235 0.787565 0.062220 0.062220
0 0.194779 0.933283 0.052757 0.052757
0 0.466766 0.895219 0.052757 0.052757
0 0.110877 0.669206 0.062220 0.062220
0 0.432878 0.132445 0.052757 0.052757
0 0.344925 0.184309 0.052757 0.052757
0 0.768118 0.741007 0.061131 0.061131
0 0.286401 0.881113 0.061131 0.061131
0 0.164462 0.250696 0.057104 0.057104
0 0.634935 0.117849 0.061131 0.061131
0 0.261726 0.631275 0.104277 0.104277
0 0.733690 0.617019 0.061131 0.061131
0 0.699944 0.768104 0.062221 0.062221
0 0.535842 0.768386 0.052757 0.052757
0 0.431947 0.410745 0.055027 0.055027
0 0.564139 0.211567 0.061131 0.061131
0 0.222638 0.439658 0.062220 0.062220
0 0.105164 0.964193 0.061130 0.061130
0 0.641976 0.514923 0.104277 0.104277
0 0.250382 0.982328 0.062220 0.062220
0 0.078005 0.205686 0.050559 0.050559
0 0.372227 0.703821 0.052757 0.052757
0 0.207144 0.148465 0.061130 0.061130
0 0.178628 0.596621 0.071945 0.071945
0 0.047157 0.867678 0.061131 0.061131
0 0.335215 0.063390 0.071945 0.071945
0 0.294677 0.452468 0.104277 0.104277
0 0.458687 0.596725 0.061130 0.061130
0 0.137178 0.796731 0.104277 0.104277
0 0.722058 0.131343 0.052757 0.052757
0 0.172567 0.015454 0.104277 0.104277
0 0.696715 0.463597 0.057104 0.057104
0 0.710665 0.387514 0.088662 0.088662