0 0.914088 0.922392 0.071945 0.071945
0 0.857971 0.785493 0.104277 0.104277
0 0.313785 0.561427 0.062220 0.062220
0 0.728034 0.957949 0.062220 0.062220
0 0.986043 0.721464 0.052757 0.052757
0 0.238342 0.788643 0.052757 0.052757
0 0.232612 0.025856 0.104277 0.104277
0 0.260670 0.435812 0.057103 0.057103
0 0.929981 0.831989 0.057104 0.057104
0 0.429723 0.683103 0.071945 0.071945
0 0.476971 0.745542 0.061130 0.061130
0 0.032016 0.481457 0.052757 0.052757
0 0.655105 0.869497 0.052757 0.052757
0 0.957223 0.658903 0.057104 0.057104
0 0.954070 0.498078 0.052757 0.052757
0 0.780093 0.485381 0.061131 0.061131
0 0.408490 0.958582 0.057104 0.057104
0 0.722305 0.805406 0.052757 0.052757
0 0.495421 0.954839 0.057104 0.057104
0 0.465475 0.186002 0.057104 0.057104
0 0.715219 0.406688 0.062220 0.062220
0 0.827368 0.887689 0.071945 0.071945
0 0.192790 0.257950 0.104277 0.104277
0 0.176832 0.700137 0.071945 0.071945
0 0.106587 0.693052 0.057104 0.057104
0 0.687103 0.090722 0.061131 0.061131
0 0.974743 0.001773 0.061130 0.061130
0 0.001551 0.191009 0.104277 0.104277
0 0.374640 0.859044 0.057104 0.057104
0 0.999756 0.120648 0.104277 0.104277
0 0.212187 0.122099 0.057104 0.057104
0 0.403240 0.341133 0.057104 0.057104
0 0.160757 0.070968 0.104277 0.104277
0 0.521829 0.623235 0.061130 0.061130
0 0.436404 0.102429 0.104277 0.104277
0 0.323263 0.383568 0.052757 0.052757
0 0.076438 0.406910 0.062220 0.062220
0 0.812598 0.236106 0.071945 0.071945
0 0.793966 0.687525 0.104277 0.104277
0 0.248504 0.186598 0.057104 0.057104
0 0.405658 0.435633 0.057104 0.057104
0 0.307763 0.822996 0.104277 0.104277
0 0.171803 0.601174 0.057104 0.057104
0 0.413519 0.602921 0.057104 0.057104
0 0.079158 0.778303 0.057104 0.057104
0 0.454048 0.264962 0.052757 0.052757
0 0.525239 0.334043 0.104277 0.104277
0 0.282085 0.717258 0.104277 0.104277
0 0.566128 0.834661 0.052757 0.052757
0 0.297178 0.909558 0.104277 0.104277
0 0.086642 0.610557 0.052757 0.052757
0 0.826406 0.370520 0.061131 0.061131
0 0.281343 0.622527 0.052757 0.052757
0 0.098254 0.541848 0.061130 0.061130
0 0.466707 0.536020 0.104277 0.104277
0 0.602016 0.419217 0.061130 0.061130
0 0.291987 0.062065 0.052757 0.052757
0 0.337929 0.273648 0.057104 0.057104
0 0.167208 0.456666 0.071945 0.071945
0 0.684502 0.317005 0.104277 0.104277
0 0.005222 0.869289 0.061130 0.061130
0 0.897383 0.201465 0.062220 0.062220
0 0.589427 0.154368 0.062220 0.062220
0 0.915945 0.440899 0.057104 0.057104
0 0.372095 0.785297 0.062220 0.062220
0 0.150007 0.197816 0.052757 0.052757
0 0.686427 0.724994 0.052757 0.052757
0 0.679194 0.495331 0.062220 0.062220
0 0.333027 0.990994 0.104277 0.104277
0 0.482371 0.409741 0.061130 0.061130
0 0.009899 0.062027 0.057104 0.057104
0 0.643959 0.558949 0.104278 0.104278
0 0.647242 0.031148 0.052757 0.052757
0 0.726876 0.225969 0.061131 0.061131
0 0.024405 0.569993 0.061130 0.061130
0 0.894102 0.623120 0.062220 0.062220
0 0.168835 0.805789 0.057104 0.057104
0 0.479343 0.814696 0.057104 0.057104
0 0.700977 0.624860 0.062220 0.062220
0 0.579534 0.739436 0.057104 0.057104
0 0.525293 0.056563 0.104277 0.104277
0 0.303811 0.136550 0.061130 0.061130
0 0.168599 0.883898 0.061130 0.061130
0 0.098436 0.871177 0.062220 0.062220
0 0.945563 0.373947 0.052757 0.052757
0 0.443451 0.889161 0.048997 0.048997
0 0.732897 0.557231 0.071945 0.071945
0 0.014422 0.329244 0.057104 0.057104
0 0.646477 0.793792 0.062220 0.062220
0 0.976528 0.217104 0.057104 0.057104
0 0.543810 0.211997 0.061130 0.061130
0 0.380120 0.520343 0.057104 0.057104
0 0.578536 0.517029 0.104277 0.104277
0 0.254878 0.510692 0.104277 0.104277
0 0.910331 0.290790 0.057104 0.057104
0 0.816180 0.038811 0.104277 0.104277
0 0.773098 0.614157 0.052757 0.052757
0 0.584569 0.284910 0.061130 0.061130
0 0.882522 0.108248 0.052757 0.052757
0 0.646036 0.945342 0.061131 0.061131
0 0.761550 0.326931 0.071945 0.071945
0 0.066997 0.955717 0.071945 0.071945
0 0.279005 0.315769 0.062220 0.062220
0 0.630015 0.223720 0.071945 0.071945
0 0.378198 0.010711 0.057104 0.057104
0 0.220810 0.983538 0.104277 0.104277
0 0.060275 0.238925 0.104277 0.104277
0 0.178816 0.374624 0.052757 0.052757
0 0.065677 0.119220 0.057104 0.057104
0 0.361252 0.707405 0.057104 0.057104
0 0.126067 0.300081 0.062220 0.062220
0 0.770079 0.097948 0.052757 0.052757
0 0.861907 0.500540 0.061131 0.061131