0 0.249708 0.728738 0.052757 0.052757
0 0.801636 0.468106 0.052757 0.052757
0 0.725322 0.889287 0.057104 0.057104
0 0.675842 0.188643 0.052757 0.052757
0 0.222627 0.389786 0.071945 0.071945
0 0.801181 0.675936 0.057104 0.057104
0 0.867223 0.083103 0.071945 0.071945
0 0.914471 0.145542 0.061130 0.061130
0 0.215543 0.798983 0.062220 0.062220
0 0.428213 0.870140 0.071945 0.071945
0 0.566818 0.974662 0.104277 0.104277
0 0.845990 0.358582 0.057104 0.057104
0 0.932921 0.354839 0.057104 0.057104
0 0.243240 0.163522 0.104278 0.104278
0 0.614332 0.100137 0.071945 0.071945
0 0.544087 0.093052 0.057104 0.057104
0 0.812140 0.259044 0.057104 0.057104
0 0.838755 0.901383 0.071945 0.071945
0 0.213171 0.892153 0.052757 0.052757
0 0.358764 0.600258 0.071945 0.071945
0 0.548588 0.782887 0.061130 0.061130
0 0.351830 0.529802 0.071945 0.071945
0 0.959329 0.023235 0.061130 0.061130
0 0.847503 0.624569 0.071945 0.071945
0 0.798328 0.986011 0.062220 0.062220
0 0.942098 0.837197 0.062220 0.062220
0 0.547619 0.426812 0.071945 0.071945
0 0.501456 0.932665 0.104277 0.104277
0 0.993071 0.568458 0.061130 0.061130
0 0.964145 0.496723 0.061130 0.061130
0 0.745263 0.222996 0.104277 0.104277
0 0.609303 0.001174 0.057104 0.057104
0 0.851019 0.002921 0.057104 0.057104
0 0.516658 0.178303 0.057104 0.057104
0 0.719585 0.117258 0.104277 0.104277
0 0.996525 0.774584 0.061130 0.061130
0 0.734678 0.309558 0.104277 0.104277
0 0.558788 0.508510 0.071945 0.071945
0 0.988767 0.690902 0.104277 0.104277
0 0.524142 0.010557 0.052757 0.052757
0 0.718843 0.022527 0.052757 0.052757
0 0.678075 0.459641 0.052757 0.052757
0 0.510039 0.590735 0.052757 0.052757
0 0.353675 0.930366 0.052757 0.052757
0 0.442722 0.269289 0.061130 0.061130
0 0.251044 0.651074 0.104278 0.104278
0 0.884650 0.432327 0.071945 0.071945
0 0.809595 0.185297 0.062220 0.062220
0 0.433816 0.463168 0.061130 0.061130
0 0.899624 0.933197 0.071945 0.071945
0 0.441766 0.784323 0.104277 0.104277
0 0.770527 0.390994 0.104277 0.104277
0 0.640690 0.997264 0.071945 0.071945
0 0.780562 0.841361 0.050932 0.050932
0 0.320348 0.333440 0.061130 0.061130
0 0.917298 0.662475 0.052757 0.052757
0 0.392673 0.695193 0.057104 0.057104
0 0.683435 0.609366 0.071945 0.071945
0 0.894195 0.569535 0.061130 0.061130
0 0.469797 0.533994 0.062220 0.062220
0 0.606335 0.205789 0.057104 0.057104
0 0.916843 0.214696 0.057104 0.057104
0 0.335826 0.252852 0.057104 0.057104
0 0.408531 0.147963 0.104277 0.104277
0 0.641019 0.895997 0.071945 0.071945
0 0.548656 0.659168 0.104277 0.104277
0 0.255411 0.459112 0.061130 0.061130
0 0.891099 0.729501 0.061130 0.061130
0 0.753464 0.572660 0.071945 0.071945
0 0.606099 0.283898 0.061130 0.061130
0 0.535936 0.271177 0.062220 0.062220
0 0.880951 0.289161 0.048997 0.048997
0 0.347753 0.759910 0.062220 0.062220
0 0.307455 0.094555 0.104277 0.104277
0 0.554636 0.880816 0.052757 0.052757
0 0.851891 0.826186 0.062220 0.062220
0 0.647646 0.804090 0.062220 0.062220
0 0.265997 0.251900 0.057104 0.057104
0 0.313443 0.410674 0.057104 0.057104
0 0.504497 0.355717 0.071945 0.071945
0 0.287537 0.855979 0.057104 0.057104
0 0.658310 0.383538 0.104277 0.104277
0 0.424436 0.348641 0.071945 0.071945
0 0.414687 0.071500 0.061130 0.061130
0 0.497414 0.714095 0.071945 0.071945
0 0.592499 0.719064 0.047555 0.047555
0 0.726599 0.743860 0.052757 0.052757
0 0.798752 0.107405 0.057104 0.057104
0 0.217757 0.040307 0.071945 0.071945
0 0.357016 0.842865 0.057103 0.057103
0 0.722319 0.961965 0.071945 0.071945
0 0.806549 0.751741 0.071945 0.071945
0 0.253681 0.547328 0.062220 0.062220
0 0.382709 0.007690 0.062220 0.062220