0 0.299708 0.609988 0.052757 0.052757
0 0.851636 0.349356 0.052757 0.052757
0 0.775322 0.770537 0.057104 0.057104
0 0.725842 0.069893 0.052757 0.052757
0 0.272627 0.271036 0.071945 0.071945
0 0.851181 0.557186 0.057104 0.057104
0 0.964471 0.026792 0.061130 0.061130
0 0.265543 0.680233 0.062220 0.062220
0 0.478213 0.751390 0.071945 0.071945
0 0.616818 0.855912 0.104277 0.104277
0 0.537249 0.924836 0.052757 0.052757
0 0.895990 0.239832 0.057104 0.057104
0 0.760204 0.925073 0.104277 0.104277
0 0.982921 0.236089 0.057104 0.057104
0 0.293240 0.044772 0.104278 0.104278
0 0.449817 0.919034 0.052757 0.052757
0 0.862140 0.140294 0.057104 0.057104
0 0.997402 0.883791 0.061130 0.061130
0 0.888755 0.782633 0.071945 0.071945
0 0.263171 0.773403 0.052757 0.052757
0 0.408764 0.481508 0.071945 0.071945
0 0.598588 0.664137 0.061130 0.061130
0 0.401830 0.411052 0.071945 0.071945
0 0.897503 0.505819 0.071945 0.071945
0 0.877659 0.950926 0.061130 0.061130
0 0.848328 0.867261 0.062220 0.062220
0 0.992098 0.718447 0.062220 0.062220
0 0.597619 0.308062 0.071945 0.071945
0 0.551456 0.813915 0.104277 0.104277
0 0.795263 0.104246 0.104277 0.104277
0 0.566658 0.059553 0.057104 0.057104
0 0.784678 0.190808 0.104277 0.104277
0 0.608788 0.389760 0.071945 0.071945
0 0.728075 0.340891 0.052757 0.052757
0 0.560039 0.471985 0.052757 0.052757
0 0.403675 0.811616 0.052757 0.052757
0 0.492722 0.150539 0.061130 0.061130
0 0.301044 0.532324 0.104278 0.104278
0 0.934650 0.313577 0.071945 0.071945
0 0.988978 0.960426 0.104277 0.104277
0 0.859595 0.066547 0.062220 0.062220
0 0.483816 0.344418 0.061130 0.061130
0 0.949624 0.814447 0.071945 0.071945
0 0.491766 0.665573 0.104277 0.104277
0 0.820527 0.272244 0.104277 0.104277
0 0.690690 0.878514 0.071945 0.071945
0 0.830562 0.722611 0.050932 0.050932
0 0.370348 0.214690 0.061130 0.061130
0 0.967298 0.543725 0.052757 0.052757
0 0.442673 0.576443 0.057104 0.057104
0 0.733435 0.490616 0.071945 0.071945
0 0.944195 0.450785 0.061130 0.061130
0 0.519797 0.415244 0.062220 0.062220
0 0.656335 0.087039 0.057104 0.057104
0 0.966843 0.095946 0.057104 0.057104
0 0.385826 0.134102 0.057104 0.057104
0 0.458531 0.029213 0.104277 0.104277
0 0.691019 0.777247 0.071945 0.071945
0 0.598656 0.540418 0.104277 0.104277
0 0.305411 0.340362 0.061130 0.061130
0 0.369879 0.898826 0.104277 0.104277
0 0.941099 0.610751 0.061130 0.061130
0 0.803464 0.453910 0.071945 0.071945
0 0.656099 0.165148 0.061130 0.061130
0 0.585936 0.152427 0.062220 0.062220
0 0.614130 0.985764 0.104277 0.104277
0 0.930951 0.170411 0.048997 0.048997
0 0.397753 0.641160 0.062220 0.062220
0 0.604636 0.762066 0.052757 0.052757
0 0.901891 0.707436 0.062220 0.062220
0 0.697646 0.685340 0.062220 0.062220
0 0.315997 0.133150 0.057104 0.057104
0 0.363443 0.291924 0.057104 0.057104
0 0.399032 0.975330 0.104277 0.104277
0 0.554497 0.236967 0.071945 0.071945
0 0.337537 0.737229 0.057104 0.057104
0 0.708310 0.264788 0.104277 0.104277
0 0.474436 0.229891 0.071945 0.071945
0 0.547414 0.595345 0.071945 0.071945
0 0.642499 0.600314 0.047555 0.047555
0 0.776599 0.625110 0.052757 0.052757
0 0.289139 0.918061 0.071945 0.071945
0 0.407016 0.724115 0.057103 0.057103
0 0.772319 0.843215 0.071945 0.071945
0 0.856549 0.632991 0.071945 0.071945
0 0.303681 0.428578 0.062220 0.062220