0 0.657886 0.971231 0.052757 0.052757
0 0.607535 0.464552 0.062220 0.062220
0 0.532092 0.691768 0.052757 0.052757
0 0.078877 0.892911 0.071945 0.071945
0 0.554420 0.338937 0.057103 0.057103
0 0.723473 0.586228 0.071945 0.071945
0 0.188020 0.312223 0.104277 0.104277
0 0.770721 0.648667 0.061130 0.061130
0 0.325766 0.384582 0.052757 0.052757
0 0.948855 0.772622 0.052757 0.052757
0 0.702240 0.861707 0.057104 0.057104
0 0.789171 0.857964 0.057104 0.057104
0 0.099490 0.666647 0.104278 0.104278
0 0.759225 0.089127 0.057104 0.057104
0 0.486540 0.161075 0.104277 0.104277
0 0.470582 0.603262 0.071945 0.071945
0 0.400337 0.596177 0.057104 0.057104
0 0.295301 0.094134 0.104277 0.104277
0 0.668390 0.762169 0.057104 0.057104
0 0.505937 0.025224 0.057104 0.057104
0 0.153136 0.115965 0.062220 0.062220
0 0.164801 0.006187 0.062220 0.062220
0 0.696990 0.244258 0.057104 0.057104
0 0.226446 0.152486 0.062220 0.062220
0 0.815579 0.526360 0.061130 0.061130
0 0.069347 0.147240 0.104278 0.104278
0 0.730154 0.005554 0.104277 0.104277
0 0.617013 0.286693 0.052757 0.052757
0 0.403869 0.929937 0.071945 0.071945
0 0.370188 0.310035 0.062220 0.062220
0 0.069535 0.257995 0.071945 0.071945
0 0.542254 0.089723 0.057104 0.057104
0 0.820395 0.999848 0.061130 0.061130
0 0.699408 0.338758 0.057104 0.057104
0 0.601513 0.726121 0.104277 0.104277
0 0.465553 0.504299 0.057104 0.057104
0 0.707269 0.506046 0.057104 0.057104
0 0.372908 0.681428 0.057104 0.057104
0 0.747798 0.168087 0.052757 0.052757
0 0.818989 0.237168 0.104277 0.104277
0 0.575835 0.620383 0.104277 0.104277
0 0.859878 0.737786 0.052757 0.052757
0 0.158453 0.450486 0.062220 0.062220
0 0.590928 0.812683 0.104277 0.104277
0 0.380392 0.513682 0.052757 0.052757
0 0.575093 0.525652 0.052757 0.052757
0 0.392004 0.444973 0.061130 0.061130
0 0.534325 0.962766 0.052757 0.052757
0 0.760457 0.439145 0.104277 0.104277
0 0.895766 0.322342 0.061130 0.061130
0 0.631679 0.176773 0.057104 0.057104
0 0.460958 0.359791 0.071945 0.071945
0 0.978252 0.220130 0.104277 0.104277
0 0.298972 0.772414 0.061130 0.061130
0 0.883177 0.057493 0.062220 0.062220
0 0.740900 0.935452 0.071945 0.071945
0 0.665845 0.688422 0.062220 0.062220
0 0.290066 0.966293 0.061130 0.061130
0 0.443757 0.100941 0.052757 0.052757
0 0.980177 0.628119 0.052757 0.052757
0 0.972944 0.398456 0.062220 0.062220
0 0.626777 0.894119 0.104277 0.104277
0 0.176598 0.836565 0.061130 0.061130
0 0.240119 0.222142 0.057104 0.057104
0 0.776121 0.312866 0.061130 0.061130
0 0.937709 0.462074 0.104278 0.104278
0 0.318155 0.473118 0.061130 0.061130
0 0.284767 0.310304 0.062220 0.062220
0 0.462585 0.708914 0.057104 0.057104
0 0.773093 0.717821 0.057104 0.057104
0 0.192076 0.755977 0.057104 0.057104
0 0.264781 0.651088 0.104277 0.104277
0 0.111661 0.962237 0.061130 0.061130
0 0.994727 0.527985 0.062220 0.062220
0 0.075257 0.454000 0.061130 0.061130
0 0.873284 0.642561 0.057104 0.057104
0 0.597561 0.039675 0.061130 0.061130
0 0.462349 0.787023 0.061130 0.061130
0 0.392186 0.774302 0.062220 0.062220
0 0.737201 0.792286 0.048997 0.048997
0 0.116473 0.382008 0.061130 0.061130
0 0.308172 0.232369 0.057104 0.057104
0 0.940227 0.696917 0.062220 0.062220
0 0.163705 0.597680 0.104277 0.104277
0 0.166540 0.239718 0.052757 0.052757
0 0.837560 0.115122 0.061130 0.061130
0 0.673870 0.423468 0.057104 0.057104
0 0.872286 0.420154 0.104277 0.104277
0 0.548628 0.413817 0.104277 0.104277
0 0.936209 0.938278 0.062220 0.062220
0 0.122247 0.755025 0.057104 0.057104
0 0.878319 0.188035 0.061130 0.061130
0 0.240153 0.012830 0.062220 0.062220
0 0.169693 0.913799 0.057104 0.057104
0 0.939786 0.848467 0.061131 0.061131
0 0.360747 0.858842 0.071945 0.071945
0 0.572755 0.218894 0.062220 0.062220
0 0.923765 0.126845 0.071945 0.071945
0 0.202087 0.387690 0.071945 0.071945
0 0.514560 0.886663 0.104277 0.104277
0 0.280686 0.851766 0.071945 0.071945
0 0.270937 0.574625 0.061130 0.061130
0 0.354025 0.142050 0.104277 0.104277
0 0.472566 0.277749 0.052757 0.052757
0 0.359427 0.022345 0.057104 0.057104
0 0.655002 0.610530 0.057104 0.057104
0 0.419817 0.203206 0.062220 0.062220
0 0.074007 0.543432 0.071945 0.071945
0 0.867294 0.945272 0.071945 0.071945
0 0.106558 0.061093 0.061130 0.061130
0 0.238959 0.510815 0.062220 0.062220