0 0.026795 0.830101 0.062220 0.062220
0 0.569552 0.100755 0.104278 0.104278
0 0.334207 0.975705 0.062220 0.062220
0 0.823595 0.692532 0.071945 0.071945
0 0.625208 0.537877 0.104277 0.104277
0 0.687696 0.262103 0.052757 0.052757
0 0.867993 0.448849 0.061130 0.061130
0 0.360187 0.619071 0.052757 0.052757
0 0.371879 0.705620 0.104277 0.104277
0 0.212229 0.253078 0.061130 0.061130
0 0.718343 0.959245 0.104277 0.104277
0 0.586990 0.211560 0.052757 0.052757
0 0.608061 0.382787 0.052757 0.052757
0 0.721744 0.711987 0.062220 0.062220
0 0.351612 0.531650 0.104277 0.104277
0 0.684368 0.457922 0.071945 0.071945
0 0.433969 0.463448 0.104277 0.104277
0 0.358136 0.432508 0.061130 0.061130
0 0.222197 0.017412 0.057104 0.057104
0 0.747097 0.884245 0.057104 0.057104
0 0.265207 0.330465 0.104277 0.104277
0 0.100412 0.836163 0.061130 0.061130
0 0.819784 0.283479 0.104277 0.104277
0 0.080828 0.748280 0.052757 0.052757
0 0.815444 0.866681 0.104277 0.104277
0 0.700797 0.807743 0.061130 0.061130
0 0.580102 0.849617 0.057104 0.057104
0 0.485077 0.609503 0.104277 0.104277
0 0.241630 0.749107 0.061130 0.061130
0 0.322474 0.874565 0.062220 0.062220
0 0.975836 0.768943 0.052757 0.052757
0 0.519398 0.012193 0.052757 0.052757
0 0.517618 0.956375 0.057104 0.057104
0 0.633594 0.986466 0.104277 0.104277
0 0.063693 0.102787 0.104277 0.104277
0 0.364363 0.782775 0.057104 0.057104
0 0.943053 0.955811 0.071945 0.071945
0 0.182161 0.984218 0.062220 0.062220
0 0.207079 0.171948 0.104277 0.104277
0 0.280559 0.570430 0.052757 0.052757
0 0.762241 0.534211 0.052757 0.052757
0 0.704527 0.004438 0.052757 0.052757
0 0.400909 0.918218 0.057104 0.057104
0 0.143034 0.254005 0.052757 0.052757
0 0.572265 0.456966 0.104277 0.104277
0 0.519562 0.318612 0.057104 0.057104
0 0.724899 0.400216 0.052757 0.052757
0 0.919374 0.151651 0.054783 0.054783
0 0.212984 0.830319 0.061130 0.061130
0 0.899904 0.672337 0.061131 0.061131
0 0.422730 0.542598 0.061130 0.061130
0 0.858297 0.600788 0.071945 0.071945
0 0.887476 0.263817 0.071945 0.071945
0 0.097561 0.473149 0.104278 0.104278
0 0.646498 0.719337 0.062220 0.062220
0 0.887736 0.334641 0.061130 0.061130
0 0.164410 0.451540 0.052757 0.052757
0 0.444277 0.130666 0.061130 0.061130
0 0.861443 0.923648 0.057104 0.057104
0 0.335630 0.029508 0.071945 0.071945
0 0.502279 0.245204 0.052757 0.052757
0 0.767756 0.160319 0.057104 0.057104
0 0.674165 0.877175 0.104277 0.104277
0 0.173871 0.706564 0.057104 0.057104
0 0.542826 0.570958 0.071945 0.071945
0 0.324534 0.197801 0.061130 0.061130
0 0.295203 0.114136 0.062220 0.062220
0 0.977127 0.678059 0.052757 0.052757
0 0.686673 0.637597 0.061130 0.061130
0 0.781951 0.038445 0.052757 0.052757
0 0.344572 0.360102 0.052757 0.052757
0 0.494746 0.396387 0.057104 0.057104
0 0.130289 0.574033 0.057104 0.057104
0 0.057564 0.540413 0.071945 0.071945
0 0.960236 0.885169 0.062220 0.062220
0 0.497211 0.826906 0.062220 0.062220
0 0.474556 0.680762 0.071945 0.071945
0 0.188445 0.615871 0.071945 0.071945
0 0.693094 0.072861 0.062220 0.062220
0 0.699566 0.331526 0.104277 0.104277
0 0.606965 0.917928 0.071945 0.071945
0 0.435853 0.207301 0.104277 0.104277
0 0.966800 0.543684 0.052757 0.052757
0 0.396499 0.061322 0.071945 0.071945
0 0.786337 0.610071 0.057104 0.057104
0 0.639397 0.128950 0.104277 0.104277
0 0.137565 0.125389 0.071945 0.071945
0 0.883601 0.990650 0.104277 0.104277
0 0.067974 0.650764 0.052757 0.052757
0 0.995734 0.138400 0.104277 0.104277
0 0.137894 0.024122 0.071945 0.071945
0 0.844513 0.799033 0.062220 0.062220
0 0.699880 0.565061 0.050559 0.050559
0 0.010862 0.388404 0.104277 0.104277
0 0.829019 0.507840 0.061130 0.061130
0 0.958290 0.328212 0.071945 0.071945
0 0.061005 0.232639 0.104277 0.104277
0 0.800503 0.955996 0.071945 0.071945
0 0.601522 0.300617 0.061131 0.061131
0 0.448629 0.341942 0.104277 0.104277
0 0.957090 0.422765 0.071945 0.071945
0 0.051511 0.008941 0.052757 0.052757
0 0.916552 0.811843 0.104277 0.104277
0 0.905815 0.083697 0.052757 0.052757
0 0.833252 0.117924 0.104277 0.104277
0 0.050249 0.943332 0.057104 0.057104
0 0.058910 0.323002 0.062220 0.062220
0 0.125420 0.358044 0.071945 0.071945
0 0.523534 0.170669 0.071945 0.071945
0 0.354527 0.281698 0.061130 0.061130
0 0.763735 0.236889 0.071945 0.071945
0 0.474729 0.900072 0.061130 0.061130
0 0.146210 0.919416 0.104277 0.104277
0 0.255042 0.469148 0.104277 0.104277
0 0.794442 0.374829 0.104277 0.104277
0 0.028593 0.464420 0.052757 0.052757
0 0.558935 0.694743 0.052757 0.052757
0 0.219194 0.090090 0.071945 0.071945
0 0.294326 0.639408 0.104277 0.104277