0 0.646630 0.737992 0.071945 0.071945
0 0.545364 0.852269 0.062220 0.062220
0 0.678342 0.850216 0.057104 0.057104
0 0.711153 0.775524 0.052757 0.052757
0 0.523099 0.967179 0.104277 0.104277
0 0.777402 0.271668 0.061130 0.061130
0 0.747831 0.408881 0.061130 0.061130
0 0.357618 0.285337 0.052757 0.052757
0 0.450831 0.232411 0.052757 0.052757
0 0.518101 0.781562 0.052757 0.052757
0 0.608518 0.981467 0.062220 0.062220
0 0.748472 0.873259 0.071945 0.071945
0 0.671630 0.196905 0.104277 0.104277
0 0.610260 0.801872 0.071945 0.071945
0 0.262642 0.201645 0.062220 0.062220
0 0.778773 0.636608 0.061131 0.061131
0 0.797407 0.811472 0.071945 0.071945
0 0.179182 0.634249 0.071945 0.071945
0 0.460581 0.541625 0.061130 0.061130
0 0.276841 0.321627 0.062220 0.062220
0 0.449294 0.904997 0.071945 0.071945
0 0.012103 0.875097 0.061131 0.061131
0 0.299743 0.786148 0.061130 0.061130
0 0.809973 0.734835 0.071945 0.071945
0 0.324756 0.905023 0.104277 0.104277
0 0.031546 0.636641 0.104277 0.104277
0 0.206741 0.289032 0.052757 0.052757
0 0.075515 0.771567 0.071945 0.071945
0 0.740760 0.980400 0.104278 0.104278
0 0.333126 0.458469 0.061130 0.061130
0 0.429680 0.437570 0.057104 0.057104
0 0.139731 0.368081 0.071945 0.071945
0 0.690111 0.549904 0.057104 0.057104
0 0.027430 0.450465 0.057104 0.057104
0 0.028186 0.253321 0.061131 0.061131
0 0.337625 0.208949 0.057104 0.057104
0 0.492792 0.385522 0.062220 0.062220
0 0.545265 0.642842 0.062220 0.062220
0 0.125021 0.270610 0.052757 0.052757
0 0.508840 0.704409 0.062220 0.062220
0 0.060850 0.516104 0.062220 0.062220
0 0.222383 0.985840 0.062220 0.062220
0 0.606036 0.235625 0.071945 0.071945
0 0.330535 0.375757 0.061131 0.061131
0 0.105414 0.700042 0.061131 0.061131
0 0.721315 0.327157 0.104278 0.104278
0 0.009258 0.737360 0.061131 0.061131
0 0.277799 0.511564 0.071945 0.071945
0 0.189264 0.208825 0.062220 0.062220
0 0.792479 0.511902 0.061131 0.061131
0 0.470992 0.631556 0.052757 0.052757
0 0.269430 0.707886 0.057104 0.057104
0 0.570533 0.374949 0.052757 0.052757
0 0.124355 0.549219 0.071945 0.071945
0 0.387341 0.525094 0.052757 0.052757
0 0.205529 0.411222 0.071945 0.071945
0 0.638386 0.316427 0.062220 0.062220
0 0.407274 0.722462 0.071945 0.071945
0 0.309236 0.637033 0.062220 0.062220
0 0.507952 0.277208 0.071945 0.071945
0 0.640691 0.432464 0.052559 0.052559
0 0.135935 0.472269 0.071945 0.071945
0 0.683365 0.668821 0.062220 0.062220
0 0.141180 0.823186 0.104277 0.104277
0 0.207522 0.892623 0.052757 0.052757
0 0.376192 0.660625 0.104277 0.104277
0 0.214677 0.758167 0.071945 0.071945
0 0.228650 0.568181 0.104277 0.104277
0 0.587617 0.512270 0.071945 0.071945
0 0.743494 0.703049 0.104278 0.104278
0 0.431433 0.821367 0.104277 0.104277
0 0.112299 0.200174 0.057104 0.057104
0 0.488210 0.476060 0.052757 0.052757
0 0.095079 0.882323 0.052757 0.052757
0 0.389514 0.999477 0.062220 0.062220
0 0.440906 0.325402 0.061131 0.061131
0 0.510623 0.198817 0.062220 0.062220