0 0.443967 0.515102 0.104277 0.104277
0 0.400419 0.303111 0.061130 0.061130
0 0.116427 0.722630 0.104278 0.104278
0 0.803364 0.264820 0.052757 0.052757
0 0.333512 0.163440 0.104277 0.104277
0 0.395338 0.072392 0.071945 0.071945
0 0.594257 0.512778 0.062220 0.062220
0 0.547151 0.058002 0.071945 0.071945
0 0.625904 0.264860 0.104277 0.104277
0 0.301190 0.265009 0.052757 0.052757
0 0.234571 0.883978 0.052757 0.052757
0 0.703768 0.311385 0.071945 0.071945
0 0.957515 0.503253 0.047276 0.047276
0 0.847869 0.809854 0.062220 0.062220
0 0.133865 0.833435 0.052757 0.052757
0 0.438091 0.429917 0.057104 0.057104
0 0.209284 0.107949 0.062220 0.062220
0 0.473953 0.616553 0.051819 0.051819
0 0.120119 0.293108 0.104277 0.104277
0 0.948754 0.244886 0.071945 0.071945
0 0.378097 0.229648 0.061131 0.061131
0 0.654101 0.560266 0.052757 0.052757
0 0.366659 0.905354 0.104277 0.104277
0 0.784299 0.962651 0.071945 0.071945
0 0.715377 0.508781 0.057103 0.057103
0 0.462313 0.190143 0.052757 0.052757
0 0.789046 0.894205 0.062220 0.062220
0 0.136355 0.019497 0.052757 0.052757
0 0.518520 0.126103 0.057104 0.057104
0 0.909069 0.078860 0.052757 0.052757
0 0.630993 0.348114 0.036679 0.036679
0 0.066273 0.634068 0.052757 0.052757
0 0.750031 0.626121 0.104277 0.104277
0 0.848982 0.039671 0.062221 0.062221
0 0.464755 0.278725 0.057104 0.057104
0 0.549794 0.686897 0.104277 0.104277
0 0.855368 0.994433 0.061130 0.061130
0 0.544931 0.613604 0.071945 0.071945
0 0.787527 0.075300 0.052757 0.052757
0 0.774633 0.143162 0.104277 0.104277
0 0.941523 0.609178 0.071945 0.071945
0 0.199523 0.231358 0.071945 0.071945
0 0.251402 0.626313 0.052757 0.052757
0 0.680271 0.166794 0.104277 0.104277
0 0.308618 0.037689 0.071945 0.071945
0 0.847362 0.640989 0.061131 0.061131
0 0.066437 0.940487 0.057104 0.057104
0 0.963401 0.392251 0.057104 0.057104
0 0.466249 0.773526 0.054783 0.054783
0 0.771176 0.334269 0.062220 0.062220
0 0.633801 0.707438 0.057103 0.057103
0 0.434351 0.885692 0.071945 0.071945
0 0.434611 0.956516 0.061130 0.061130
0 0.217475 0.546944 0.071945 0.071945
0 0.049154 0.867079 0.052757 0.052757
0 0.728107 0.774259 0.061131 0.061131
0 0.314631 0.782194 0.057104 0.057104
0 0.679285 0.642140 0.061131 0.061131
0 0.270742 0.197807 0.057104 0.057104
0 0.627198 0.108502 0.061130 0.061130
0 0.101509 0.416197 0.061130 0.061130
0 0.944856 0.734682 0.071945 0.071945
0 0.950238 0.873207 0.104278 0.104278
0 0.879839 0.495120 0.062220 0.062220
0 0.705958 0.239117 0.061130 0.061130
0 0.328826 0.660320 0.052757 0.052757
0 0.036821 0.318458 0.061130 0.061130
0 0.007895 0.246723 0.061130 0.061130
0 0.577294 0.202985 0.062220 0.062220
0 0.186575 0.372993 0.104277 0.104277
0 0.349980 0.470866 0.071945 0.071945
0 0.881443 0.707785 0.104278 0.104278
0 0.558764 0.874184 0.052757 0.052757
0 0.040275 0.524584 0.061130 0.061130
0 0.854423 0.350193 0.104277 0.104277
0 0.140368 0.617120 0.057104 0.057104
0 0.032517 0.440902 0.104277 0.104277
0 0.239969 0.694736 0.062220 0.062220
0 0.804796 0.747364 0.062220 0.062220
0 0.237136 0.421530 0.104277 0.104277
0 0.216041 0.308840 0.052757 0.052757
0 0.246441 0.953401 0.104277 0.104277
0 0.522957 0.348528 0.062220 0.062220
0 0.186272 0.750825 0.104277 0.104277
0 0.665168 0.431224 0.104277 0.104277
0 0.341105 0.554782 0.057104 0.057104
0 0.709322 0.963362 0.057104 0.057104
0 0.728357 0.697863 0.071945 0.071945
0 0.578620 0.396446 0.071945 0.071945
0 0.296974 0.377590 0.052757 0.052757
0 0.151280 0.529037 0.057104 0.057104
0 0.542609 0.760275 0.104277 0.104277
0 0.968624 0.124101 0.071945 0.071945
0 0.719515 0.386593 0.061131 0.061131
0 0.851790 0.174323 0.071945 0.071945
0 0.505165 0.950087 0.071945 0.071945
0 0.607152 0.804473 0.057104 0.057104
0 0.647198 0.861611 0.104277 0.104277
0 0.148397 0.922492 0.061131 0.061131
0 0.123709 0.185153 0.062220 0.062220
0 0.452690 0.705572 0.052757 0.052757
0 0.380127 0.739799 0.104277 0.104277
0 0.127286 0.095342 0.061131 0.061131
0 0.070409 0.792544 0.071945 0.071945
0 0.812183 0.423590 0.071945 0.071945
0 0.310610 0.858764 0.071945 0.071945
0 0.775676 0.005681 0.052757 0.052757
0 0.616874 0.953215 0.104277 0.104277
0 0.341317 0.996704 0.104277 0.104277
0 0.893083 0.918760 0.061131 0.061131
0 0.054794 0.192147 0.071945 0.071945
0 0.515576 0.476345 0.057104 0.057104
0 0.785327 0.559076 0.061131 0.061131