0 0.800802 0.513255 0.104278 0.104278
0 0.985565 0.055634 0.052757 0.052757
0 0.856458 0.950377 0.104277 0.104277
0 0.918946 0.674603 0.052757 0.052757
0 0.529761 0.008731 0.052757 0.052757
0 0.443479 0.665578 0.061130 0.061130
0 0.818240 0.624060 0.052757 0.052757
0 0.839311 0.795287 0.052757 0.052757
0 0.582862 0.944150 0.104277 0.104277
0 0.915618 0.870422 0.071945 0.071945
0 0.665219 0.875948 0.104277 0.104277
0 0.589386 0.845008 0.061130 0.061130
0 0.453447 0.429912 0.057104 0.057104
0 0.804494 0.083733 0.104277 0.104277
0 0.496457 0.742965 0.104277 0.104277
0 0.529306 0.216561 0.057104 0.057104
0 0.168914 0.872299 0.061130 0.061130
0 0.750648 0.424693 0.052757 0.052757
0 0.156338 0.410765 0.071945 0.071945
0 0.294943 0.515287 0.104277 0.104277
0 0.215374 0.584211 0.052757 0.052757
0 0.438329 0.584448 0.104277 0.104277
0 0.511809 0.982930 0.052757 0.052757
0 0.883898 0.021983 0.071945 0.071945
0 0.993491 0.946711 0.052757 0.052757
0 0.935777 0.416938 0.052757 0.052757
0 0.127942 0.578409 0.052757 0.052757
0 0.374284 0.666505 0.052757 0.052757
0 0.803515 0.869466 0.104277 0.104277
0 0.750812 0.731112 0.057104 0.057104
0 0.956149 0.812716 0.052757 0.052757
0 0.653980 0.955098 0.061130 0.061130
0 0.328811 0.885649 0.104278 0.104278
0 0.901850 0.337569 0.071945 0.071945
0 0.395660 0.864040 0.052757 0.052757
0 0.675527 0.543166 0.061130 0.061130
0 0.566880 0.442008 0.071945 0.071945
0 0.733529 0.657704 0.052757 0.052757
0 0.999006 0.572819 0.057104 0.057104
0 0.086889 0.140883 0.071945 0.071945
0 0.276713 0.323512 0.061130 0.061130
0 0.079955 0.070427 0.071945 0.071945
0 0.774076 0.983458 0.071945 0.071945
0 0.575628 0.165194 0.071945 0.071945
0 0.555784 0.610301 0.061130 0.061130
0 0.526453 0.526636 0.062220 0.062220
0 0.670223 0.377822 0.062220 0.062220
0 0.785884 0.206822 0.061130 0.061130
0 0.575822 0.772602 0.052757 0.052757
0 0.725996 0.808887 0.057104 0.057104
0 0.361539 0.986533 0.057104 0.057104
0 0.229581 0.473290 0.104277 0.104277
0 0.721196 0.109083 0.061130 0.061130
0 0.288814 0.952913 0.071945 0.071945
0 0.692270 0.037348 0.061130 0.061130
0 0.870950 0.163618 0.104277 0.104277
0 0.724650 0.315209 0.061130 0.061130
0 0.286913 0.049135 0.071945 0.071945
0 0.824743 0.407745 0.057104 0.057104
0 0.716892 0.231527 0.104277 0.104277
0 0.924344 0.485361 0.062220 0.062220
0 0.155656 0.940883 0.057104 0.057104
0 0.921511 0.212155 0.104277 0.104277
0 0.406200 0.000266 0.052757 0.052757
0 0.900416 0.099465 0.052757 0.052757
0 0.238164 0.131360 0.052757 0.052757
0 0.930816 0.744026 0.104277 0.104277
0 0.081800 0.470991 0.052757 0.052757
0 0.667103 0.619801 0.104277 0.104277
0 0.161941 0.003793 0.061130 0.061130
0 0.627749 0.473822 0.071945 0.071945
0 0.169891 0.324948 0.104277 0.104277
0 0.870647 0.541450 0.104277 0.104277
0 0.077734 0.919265 0.071945 0.071945
0 0.368815 0.537889 0.071945 0.071945
0 0.508687 0.381986 0.050932 0.050932
0 0.645423 0.203100 0.052757 0.052757
0 0.120798 0.235818 0.057104 0.057104
0 0.411560 0.149991 0.071945 0.071945
0 0.622320 0.110160 0.061130 0.061130
0 0.197922 0.074619 0.062220 0.062220
0 0.981349 0.168215 0.052757 0.052757
0 0.835655 0.319662 0.057104 0.057104
0 0.369144 0.436622 0.071945 0.071945
0 0.276781 0.199793 0.104277 0.104277
0 0.048004 0.558201 0.104277 0.104277
0 0.059110 0.812268 0.057104 0.057104
0 0.619224 0.270126 0.061130 0.061130
0 0.481589 0.113285 0.071945 0.071945
0 0.931130 0.977561 0.050559 0.050559
0 0.242112 0.800904 0.104277 0.104277
0 0.292255 0.645139 0.104277 0.104277
0 0.832772 0.713117 0.061131 0.061131
0 0.075878 0.300535 0.062220 0.062220
0 0.679879 0.754442 0.104277 0.104277
0 0.282761 0.421441 0.052757 0.052757
0 0.580016 0.366811 0.062220 0.062220
0 0.375771 0.344715 0.062220 0.062220
0 0.197928 0.719916 0.052757 0.052757
0 0.077157 0.634705 0.104277 0.104277
0 0.166817 0.792552 0.061130 0.061130
0 0.015662 0.396604 0.057104 0.057104
0 0.290160 0.735502 0.062220 0.062220
0 0.356670 0.770544 0.071945 0.071945
0 0.754784 0.583169 0.071945 0.071945
0 0.585777 0.694198 0.061130 0.061130
0 0.225539 0.254720 0.071945 0.071945
0 0.994985 0.649389 0.071945 0.071945
0 0.320624 0.259689 0.047555 0.047555
0 0.454724 0.284485 0.052757 0.052757
0 0.486292 0.881648 0.104277 0.104277
0 0.259843 0.876920 0.052757 0.052757
0 0.085141 0.383490 0.057103 0.057103
0 0.450444 0.502590 0.071945 0.071945
0 0.068852 0.706047 0.104277 0.104277
0 0.534674 0.292366 0.071945 0.071945