0 0.212717 0.768227 0.104277 0.104277
0 0.169169 0.556236 0.061130 0.061130
0 0.572114 0.517945 0.052757 0.052757
0 0.102262 0.416565 0.104277 0.104277
0 0.164088 0.325517 0.071945 0.071945
0 0.363007 0.765903 0.062220 0.062220
0 0.315901 0.311127 0.071945 0.071945
0 0.394654 0.517985 0.104277 0.104277
0 0.069940 0.518134 0.052757 0.052757
0 0.472518 0.564510 0.071945 0.071945
0 0.399287 0.201430 0.061131 0.061131
0 0.107971 0.188618 0.104277 0.104277
0 0.601098 0.020937 0.057104 0.057104
0 0.727551 0.225897 0.062221 0.062221
0 0.616457 0.188902 0.104277 0.104277
0 0.726265 0.756378 0.047276 0.047276
0 0.206841 0.683042 0.057104 0.057104
0 0.242703 0.869678 0.051819 0.051819
0 0.236043 0.124589 0.052757 0.052757
0 0.717504 0.498011 0.071945 0.071945
0 0.146847 0.482773 0.061131 0.061131
0 0.422851 0.813391 0.052757 0.052757
0 0.179981 0.235114 0.057104 0.057104
0 0.484127 0.761906 0.057103 0.057103
0 0.231063 0.443268 0.052757 0.052757
0 0.499120 0.179070 0.104277 0.104277
0 0.287270 0.379228 0.057104 0.057104
0 0.207223 0.062028 0.057104 0.057104
0 0.677819 0.331985 0.052757 0.052757
0 0.399743 0.601239 0.036679 0.036679
0 0.315224 0.039466 0.061130 0.061130
0 0.518781 0.879246 0.104277 0.104277
0 0.617732 0.292796 0.062221 0.062221
0 0.233505 0.531850 0.057104 0.057104
0 0.318544 0.940022 0.104277 0.104277
0 0.313681 0.866729 0.071945 0.071945
0 0.619362 0.098284 0.071945 0.071945
0 0.556277 0.328425 0.052757 0.052757
0 0.543383 0.396287 0.104277 0.104277
0 0.710273 0.862303 0.071945 0.071945
0 0.020152 0.879438 0.052757 0.052757
0 0.449021 0.419919 0.104277 0.104277
0 0.077368 0.290814 0.071945 0.071945
0 0.616112 0.894114 0.061131 0.061131
0 0.732151 0.645376 0.057104 0.057104
0 0.539926 0.587394 0.062220 0.062220
0 0.402551 0.960563 0.057103 0.057103
0 0.448035 0.895265 0.061131 0.061131
0 0.039492 0.450932 0.057104 0.057104
0 0.395948 0.361627 0.061130 0.061130
0 0.713606 0.987807 0.071945 0.071945
0 0.648589 0.748245 0.062220 0.062220
0 0.474708 0.492242 0.061130 0.061130
0 0.097576 0.913445 0.052757 0.052757
0 0.043966 0.090650 0.104277 0.104277
0 0.346044 0.456110 0.062220 0.062220
0 0.118730 0.723991 0.071945 0.071945
0 0.650193 0.960910 0.104278 0.104278
0 0.259476 0.227140 0.062220 0.062220
0 0.623173 0.603318 0.104277 0.104277
0 0.008719 0.947861 0.062220 0.062220
0 0.005886 0.674655 0.104277 0.104277
0 0.291707 0.601653 0.062220 0.062220
0 0.326548 0.144991 0.071945 0.071945
0 0.433918 0.684349 0.104277 0.104277
0 0.109855 0.807907 0.057104 0.057104
0 0.497107 0.950988 0.071945 0.071945
0 0.347370 0.649571 0.071945 0.071945
0 0.065724 0.630715 0.052757 0.052757
0 0.144102 0.026245 0.062220 0.062220
0 0.737374 0.377226 0.071945 0.071945
0 0.488265 0.639718 0.061131 0.061131
0 0.620540 0.427448 0.071945 0.071945
0 0.714921 0.076423 0.104277 0.104277
0 0.469508 0.108652 0.057104 0.057104
0 0.221440 0.958697 0.052757 0.052757
0 0.148877 0.992924 0.104277 0.104277
0 0.023098 0.017282 0.052757 0.052757
0 0.452251 0.248590 0.057104 0.057104
0 0.460913 0.034953 0.104277 0.104277
0 0.580933 0.676715 0.071945 0.071945
0 0.530246 0.062548 0.104277 0.104277
0 0.544426 0.258806 0.052757 0.052757
0 0.284326 0.729470 0.057104 0.057104
0 0.554077 0.812201 0.061131 0.061131