0 0.523670 0.470726 0.062220 0.062220
0 0.869308 0.810354 0.062220 0.062220
0 0.831082 0.616330 0.062220 0.062220
0 0.606984 0.923968 0.057103 0.057103
0 0.857062 0.259696 0.052757 0.052757
0 0.868754 0.346245 0.104277 0.104277
0 0.627656 0.670617 0.052757 0.052757
0 0.465999 0.525608 0.071945 0.071945
0 0.586847 0.755287 0.062220 0.062220
0 0.491880 0.948269 0.071945 0.071945
0 0.848487 0.172275 0.104277 0.104277
0 0.930844 0.104073 0.104277 0.104277
0 0.855011 0.073133 0.061130 0.061130
0 0.516799 0.785923 0.104277 0.104277
0 0.320421 0.558734 0.061130 0.061130
0 0.597287 0.476788 0.061130 0.061130
0 0.577703 0.388905 0.052757 0.052757
0 0.368849 0.855086 0.104278 0.104278
0 0.981952 0.250128 0.104277 0.104277
0 0.766728 0.969851 0.062220 0.062220
0 0.738505 0.389732 0.061130 0.061130
0 0.819349 0.515190 0.062220 0.062220
0 0.434539 0.100424 0.061130 0.061130
0 0.237010 0.219036 0.104278 0.104278
0 0.924558 0.953146 0.071945 0.071945
0 0.861238 0.423400 0.057104 0.057104
0 0.626574 0.852531 0.061130 0.061130
0 0.679036 0.624843 0.062220 0.062220
0 0.777434 0.211055 0.052757 0.052757
0 0.877155 0.881156 0.057104 0.057104
0 0.386023 0.658321 0.062220 0.062220
0 0.897784 0.558843 0.057104 0.057104
0 0.709859 0.470944 0.061130 0.061130
0 0.840999 0.960809 0.052757 0.052757
0 0.919605 0.183223 0.061130 0.061130
0 0.594436 0.113774 0.104278 0.104278
0 0.661285 0.092165 0.052757 0.052757
0 0.675089 0.731975 0.062220 0.062220
0 0.302394 0.271242 0.062220 0.062220
0 0.800304 0.852170 0.050891 0.050891
0 0.453726 0.358466 0.062220 0.062220
0 0.526130 0.867605 0.104277 0.104277
0 0.670746 0.347189 0.057104 0.057104
0 0.964174 0.744476 0.062220 0.062220
0 0.460900 0.690472 0.062220 0.062220
0 0.685324 0.931192 0.052757 0.052757
0 0.732955 0.777316 0.062220 0.062220
0 0.828714 0.743235 0.104277 0.104277
0 0.841447 0.000727 0.052757 0.052757
0 0.991621 0.037012 0.057104 0.057104
0 0.627164 0.214658 0.057104 0.057104
0 0.336162 0.452348 0.104278 0.104278
0 0.554439 0.181038 0.071945 0.071945
0 0.454800 0.445812 0.052757 0.052757
0 0.363983 0.961939 0.071945 0.071945
0 0.273371 0.967614 0.052757 0.052757
0 0.990562 0.872413 0.061130 0.061130
0 0.994086 0.467531 0.062220 0.062220
0 0.971431 0.321387 0.071945 0.071945
0 0.423598 0.915711 0.057104 0.057104
0 0.493024 0.260604 0.052757 0.052757
0 0.685320 0.256496 0.071945 0.071945
0 0.211348 0.289078 0.104277 0.104277
0 0.387703 0.500330 0.057104 0.057104
0 0.421281 0.169008 0.057104 0.057104
0 0.701902 0.850125 0.062220 0.062220
0 0.391778 0.246830 0.104277 0.104277
0 0.352905 0.366355 0.104277 0.104277
0 0.343359 0.147390 0.071945 0.071945
0 0.243058 0.891161 0.104277 0.104277
0 0.779882 0.675255 0.104277 0.104277
0 0.217528 0.088631 0.057104 0.057104
0 0.353179 0.776014 0.061131 0.061131
0 0.234315 0.771072 0.057104 0.057104
0 0.564849 0.291389 0.052757 0.052757
0 0.324735 0.040393 0.057104 0.057104
0 0.213474 0.699155 0.062220 0.062220
0 0.507737 0.029029 0.104277 0.104277
0 0.426516 0.791109 0.057104 0.057104
0 0.547124 0.583957 0.057104 0.057104
0 0.267886 0.492344 0.062220 0.062220
0 0.268060 0.419909 0.057104 0.057104
0 0.432442 0.020677 0.061130 0.061130
0 0.937932 0.675311 0.052757 0.052757
0 0.971604 0.540697 0.061130 0.061130
0 0.260288 0.145109 0.052757 0.052757
0 0.643085 0.560041 0.104277 0.104277
0 0.303063 0.683883 0.057104 0.057104
0 0.751917 0.109773 0.104277 0.104277
0 0.525468 0.105045 0.052757 0.052757
0 0.291714 0.827890 0.061130 0.061130
0 0.791201 0.280033 0.104277 0.104277
0 0.215803 0.568065 0.057104 0.057104