0 0.417995 0.469698 0.062220 0.062220
0 0.166987 0.772731 0.104277 0.104277
0 0.966993 0.247837 0.052757 0.052757
0 0.372069 0.528540 0.062220 0.062220
0 0.518643 0.505552 0.070161 0.070161
0 0.020729 0.176213 0.062220 0.062220
0 0.149363 0.497164 0.104278 0.104278
0 0.872017 0.164145 0.062220 0.062220
0 0.399850 0.932877 0.057104 0.057104
0 0.268756 0.168571 0.057104 0.057104
0 0.788557 0.596749 0.071945 0.071945
0 0.886216 0.284127 0.062220 0.062220
0 0.308044 0.476676 0.071945 0.071945
0 0.604350 0.535305 0.062220 0.062220
0 0.621478 0.837597 0.061131 0.061131
0 0.909118 0.748648 0.061130 0.061130
0 0.282464 0.245256 0.062220 0.062220
0 0.934131 0.867523 0.104277 0.104277
0 0.640921 0.599141 0.104277 0.104277
0 0.816116 0.251532 0.052757 0.052757
0 0.049459 0.534743 0.071945 0.071945
0 0.555380 0.444776 0.061130 0.061130
0 0.146562 0.868974 0.057104 0.057104
0 0.268265 0.328017 0.071945 0.071945
0 0.095132 0.817843 0.104277 0.104277
0 0.684890 0.734067 0.071945 0.071945
0 0.202569 0.267018 0.104277 0.104277
0 0.018810 0.342798 0.104277 0.104277
0 0.146031 0.379455 0.057104 0.057104
0 0.138114 0.242754 0.071945 0.071945
0 0.942501 0.420969 0.061130 0.061130
0 0.370779 0.849304 0.104277 0.104277
0 0.749106 0.330581 0.071945 0.071945
0 0.354977 0.199010 0.071945 0.071945
0 0.061493 0.686791 0.052757 0.052757
0 0.535941 0.668368 0.104277 0.104277
0 0.636805 0.412965 0.057104 0.057104
0 0.328554 0.670152 0.062220 0.062220
0 0.637561 0.215821 0.061131 0.061131
0 0.746973 0.982981 0.071945 0.071945
0 0.182879 0.933473 0.057104 0.057104
0 0.947000 0.171449 0.057104 0.057104
0 0.607277 0.315096 0.071945 0.071945
0 0.496732 0.375278 0.071945 0.071945
0 0.428171 0.650029 0.062220 0.062220
0 0.358374 0.310332 0.052757 0.052757
0 0.235696 0.573156 0.071945 0.071945
0 0.226362 0.808940 0.052757 0.052757
0 0.734396 0.233110 0.052757 0.052757
0 0.670225 0.478604 0.062220 0.062220
0 0.831758 0.948340 0.062220 0.062220
0 0.523802 0.901243 0.062220 0.062220
0 0.939910 0.338257 0.061131 0.061131
0 0.084382 0.944691 0.052757 0.052757
0 0.413971 0.365443 0.052757 0.052757
0 0.714789 0.662542 0.061131 0.061131
0 0.467654 0.194407 0.071945 0.071945
0 0.005287 0.636250 0.071945 0.071945
0 0.618633 0.699860 0.061131 0.061131
0 0.887174 0.474064 0.071945 0.071945
0 0.798639 0.171325 0.062220 0.062220
0 0.491588 0.275660 0.057104 0.057104
0 0.108098 0.318354 0.062220 0.062220
0 0.178126 0.148934 0.104277 0.104277
0 0.581617 0.778023 0.052757 0.052757
0 0.661251 0.972844 0.061131 0.061131
0 0.878805 0.670386 0.057104 0.057104
0 0.486584 0.578056 0.052757 0.052757
0 0.733730 0.511719 0.071945 0.071945
0 0.996716 0.487594 0.052757 0.052757
0 0.814904 0.373722 0.071945 0.071945
0 0.550358 0.162252 0.104277 0.104277
0 0.459668 0.803438 0.104277 0.104277
0 0.238186 0.883425 0.061130 0.061130
0 0.182037 0.703341 0.104277 0.104277
0 0.144738 0.574241 0.052757 0.052757
0 0.365237 0.608004 0.057104 0.057104
0 0.918611 0.599533 0.062220 0.062220
0 0.247622 0.732430 0.071945 0.071945
0 0.323766 0.372867 0.104277 0.104277
0 0.910903 0.963979 0.057104 0.057104
0 0.478185 0.958872 0.061130 0.061130
0 0.745310 0.434769 0.071945 0.071945
0 0.241759 0.494934 0.056505 0.056505
0 0.750555 0.785686 0.104277 0.104277
0 0.816897 0.855123 0.052757 0.052757
0 0.985567 0.623125 0.104277 0.104277
0 0.824052 0.720667 0.071945 0.071945
0 0.838025 0.530681 0.104277 0.104277
0 0.461851 0.716287 0.057104 0.057104
0 0.236056 0.426245 0.061130 0.061130
0 0.564390 0.970595 0.071945 0.071945
0 0.568957 0.376330 0.057103 0.057103
0 0.312573 0.757586 0.057104 0.057104
0 0.035610 0.450047 0.062220 0.062220
0 0.000052 0.866095 0.057104 0.057104
0 0.052886 0.237297 0.061130 0.061130
0 0.721674 0.162674 0.057104 0.057104
0 0.704454 0.844823 0.052757 0.052757
0 0.998889 0.961977 0.062220 0.062220