0 0.379920 0.295726 0.062220 0.062220
0 0.725558 0.635354 0.062220 0.062220
0 0.687332 0.441330 0.062220 0.062220
0 0.463234 0.748968 0.057103 0.057103
0 0.978333 0.003502 0.104277 0.104277
0 0.713312 0.084696 0.052757 0.052757
0 0.725004 0.171245 0.104277 0.104277
0 0.483906 0.495617 0.052757 0.052757
0 0.916845 0.588455 0.071945 0.071945
0 0.322249 0.350608 0.071945 0.071945
0 0.443097 0.580287 0.062220 0.062220
0 0.348130 0.773269 0.071945 0.071945
0 0.373049 0.610923 0.104277 0.104277
0 0.176671 0.383734 0.061130 0.061130
0 0.453537 0.301788 0.061130 0.061130
0 0.433953 0.213905 0.052757 0.052757
0 0.225099 0.680086 0.104278 0.104278
0 0.933227 0.315242 0.057104 0.057104
0 0.838202 0.075128 0.104277 0.104277
0 0.622978 0.794851 0.062220 0.062220
0 0.594755 0.214732 0.061130 0.061130
0 0.675599 0.340190 0.062220 0.062220
0 0.870743 0.422000 0.057104 0.057104
0 0.093260 0.044036 0.104278 0.104278
0 0.986719 0.452091 0.104277 0.104277
0 0.780808 0.778146 0.071945 0.071945
0 0.717488 0.248400 0.057104 0.057104
0 0.482824 0.677531 0.061130 0.061130
0 0.926156 0.661420 0.071945 0.071945
0 0.535286 0.449843 0.062220 0.062220
0 0.633684 0.036055 0.052757 0.052757
0 0.733405 0.706156 0.057104 0.057104
0 0.242273 0.483321 0.062220 0.062220
0 0.754034 0.383843 0.057104 0.057104
0 0.566109 0.295944 0.061130 0.061130
0 0.697249 0.785809 0.052757 0.052757
0 0.775855 0.008223 0.061130 0.061130
0 0.999623 0.184962 0.062220 0.062220
0 0.531339 0.556975 0.062220 0.062220
0 0.952264 0.525812 0.057104 0.057104
0 0.158644 0.096242 0.062220 0.062220
0 0.656554 0.677170 0.050891 0.050891
0 0.309976 0.183466 0.062220 0.062220
0 0.382380 0.692605 0.104277 0.104277
0 0.526996 0.172189 0.057104 0.057104
0 0.820424 0.569476 0.062220 0.062220
0 0.895951 0.036583 0.071945 0.071945
0 0.941243 0.778542 0.057104 0.057104
0 0.317150 0.515472 0.062220 0.062220
0 0.541574 0.756192 0.052757 0.052757
0 0.589205 0.602316 0.062220 0.062220
0 0.684964 0.568235 0.104277 0.104277
0 0.483414 0.039658 0.057104 0.057104
0 0.192412 0.277348 0.104278 0.104278
0 0.410689 0.006038 0.071945 0.071945
0 0.311050 0.270812 0.052757 0.052757
0 0.220233 0.786939 0.071945 0.071945
0 0.129621 0.792614 0.052757 0.052757
0 0.846812 0.697413 0.061130 0.061130
0 0.850336 0.292531 0.062220 0.062220
0 0.827681 0.146387 0.071945 0.071945
0 0.985235 0.612565 0.062220 0.062220
0 0.279848 0.740711 0.057104 0.057104
0 0.349274 0.085604 0.052757 0.052757
0 0.541570 0.081496 0.071945 0.071945
0 0.067598 0.114078 0.104277 0.104277
0 0.243953 0.325330 0.057104 0.057104
0 0.558152 0.675125 0.062220 0.062220
0 0.248028 0.071830 0.104277 0.104277
0 0.856390 0.800763 0.062220 0.062220
0 0.960090 0.383553 0.071945 0.071945
0 0.209155 0.191355 0.104277 0.104277
0 0.099308 0.716161 0.104277 0.104277
0 0.636132 0.500255 0.104277 0.104277
0 0.209429 0.601014 0.061131 0.061131
0 0.090565 0.596072 0.057104 0.057104
0 0.421099 0.116389 0.052757 0.052757
0 0.069724 0.524155 0.062220 0.062220
0 0.867407 0.505033 0.052757 0.052757
0 0.282766 0.616109 0.057104 0.057104
0 0.403374 0.408957 0.057104 0.057104
0 0.124136 0.317344 0.062220 0.062220
0 0.124310 0.244909 0.057104 0.057104
0 0.794182 0.500311 0.052757 0.052757
0 0.827854 0.365697 0.061130 0.061130
0 0.499335 0.385041 0.104277 0.104277
0 0.159313 0.508883 0.057104 0.057104
0 0.147964 0.652890 0.061130 0.061130
0 0.912060 0.160368 0.052757 0.052757
0 0.647451 0.105033 0.104277 0.104277
0 0.072053 0.393065 0.057104 0.057104