0 0.178544 0.815611 0.061130 0.061130
0 0.581489 0.777320 0.052757 0.052757
0 0.111637 0.675940 0.104277 0.104277
0 0.173463 0.584892 0.071945 0.071945
0 0.325276 0.570502 0.071945 0.071945
0 0.404029 0.777360 0.104277 0.104277
0 0.079315 0.777509 0.052757 0.052757
0 0.481893 0.823885 0.071945 0.071945
0 0.376182 0.119536 0.104277 0.104277
0 0.408662 0.460805 0.061131 0.061131
0 0.566284 0.084064 0.104277 0.104277
0 0.117346 0.447993 0.104277 0.104277
0 0.610473 0.280312 0.057104 0.057104
0 0.736926 0.485272 0.062221 0.062221
0 0.625832 0.448277 0.104277 0.104277
0 0.702858 0.242191 0.104277 0.104277
0 0.439777 0.197200 0.104277 0.104277
0 0.216216 0.942417 0.057104 0.057104
0 0.245418 0.383964 0.052757 0.052757
0 0.726879 0.757386 0.071945 0.071945
0 0.442668 0.035780 0.061131 0.061131
0 0.156222 0.742148 0.061131 0.061131
0 0.189356 0.494489 0.057104 0.057104
0 0.240438 0.702643 0.052757 0.052757
0 0.508495 0.438445 0.104277 0.104277
0 0.378772 0.254855 0.062220 0.062220
0 0.296645 0.638603 0.057104 0.057104
0 0.216598 0.321403 0.057104 0.057104
0 0.213445 0.160578 0.052757 0.052757
0 0.687194 0.591360 0.052757 0.052757
0 0.409118 0.860614 0.036679 0.036679
0 0.324599 0.298841 0.061130 0.061130
0 0.039468 0.147881 0.061131 0.061131
0 0.627107 0.552171 0.062221 0.062221
0 0.242880 0.791225 0.057104 0.057104
0 0.628737 0.357659 0.071945 0.071945
0 0.565652 0.587800 0.052757 0.052757
0 0.534462 0.171650 0.061130 0.061130
0 0.552758 0.655662 0.104277 0.104277
0 0.267528 0.255864 0.061131 0.061131
0 0.458396 0.679294 0.104277 0.104277
0 0.086743 0.550189 0.071945 0.071945
0 0.316755 0.189317 0.057104 0.057104
0 0.741526 0.904751 0.057104 0.057104
0 0.549301 0.846769 0.062220 0.062220
0 0.727160 0.111227 0.057104 0.057104
0 0.048867 0.710307 0.057104 0.057104
0 0.405323 0.621002 0.061130 0.061130
0 0.540249 0.246525 0.061130 0.061130
0 0.484083 0.751617 0.061130 0.061130
0 0.053341 0.350025 0.104277 0.104277
0 0.355419 0.715485 0.062220 0.062220
0 0.128105 0.983366 0.071945 0.071945
0 0.268851 0.486515 0.062220 0.062220
0 0.632548 0.862693 0.104277 0.104277
0 0.085781 0.033020 0.061131 0.061131
0 0.015261 0.934030 0.104277 0.104277
0 0.301082 0.861028 0.062220 0.062220
0 0.679492 0.165229 0.052757 0.052757
0 0.175320 0.103399 0.057104 0.057104
0 0.335923 0.404366 0.071945 0.071945
0 0.443293 0.943724 0.104277 0.104277
0 0.298806 0.062023 0.071945 0.071945
0 0.356745 0.908946 0.071945 0.071945
0 0.075099 0.890090 0.052757 0.052757
0 0.153477 0.285620 0.062220 0.062220
0 0.746749 0.636601 0.071945 0.071945
0 0.497640 0.899093 0.061131 0.061131
0 0.629915 0.686823 0.071945 0.071945
0 0.204938 0.036447 0.052757 0.052757
0 0.724296 0.335798 0.104277 0.104277
0 0.478883 0.368027 0.057104 0.057104
0 0.032473 0.276657 0.052757 0.052757
0 0.461626 0.507965 0.057104 0.057104
0 0.470288 0.294328 0.104277 0.104277
0 0.697280 0.044032 0.061130 0.061130
0 0.590308 0.936090 0.071945 0.071945
0 0.539621 0.321923 0.104277 0.104277
0 0.553801 0.518181 0.052757 0.052757
0 0.293701 0.988845 0.057104 0.057104
0 0.121282 0.163040 0.061131 0.061131