0 0.937717 0.708852 0.104277 0.104277
0 0.894169 0.496861 0.061130 0.061130
0 0.610177 0.916380 0.104278 0.104278
0 0.827262 0.357190 0.104277 0.104277
0 0.889088 0.266142 0.071945 0.071945
0 0.794940 0.458759 0.052757 0.052757
0 0.832971 0.129243 0.104277 0.104277
0 0.339136 0.411856 0.052757 0.052757
0 0.931841 0.623667 0.057104 0.057104
0 0.703034 0.301699 0.062220 0.062220
0 0.967703 0.810303 0.051819 0.051819
0 0.262822 0.833037 0.057104 0.057104
0 0.961043 0.065214 0.052757 0.052757
0 0.613869 0.486858 0.104277 0.104277
0 0.213342 0.132393 0.052757 0.052757
0 0.871847 0.423398 0.061131 0.061131
0 0.338681 0.619686 0.057104 0.057104
0 0.904981 0.175739 0.057104 0.057104
0 0.404723 0.026853 0.071945 0.071945
0 0.956063 0.383893 0.052757 0.052757
0 0.451971 0.089292 0.061130 0.061130
0 0.630105 0.213247 0.052757 0.052757
0 0.932223 0.002653 0.057104 0.057104
0 0.560023 0.827818 0.052757 0.052757
0 0.104318 0.918412 0.104277 0.104277
0 0.024749 0.987336 0.052757 0.052757
0 0.383490 0.302332 0.057104 0.057104
0 0.958505 0.472475 0.057104 0.057104
0 0.697305 0.149156 0.052757 0.052757
0 0.247704 0.987573 0.104277 0.104277
0 0.470421 0.298589 0.057104 0.057104
0 0.693273 0.425108 0.071945 0.071945
0 0.745152 0.820063 0.052757 0.052757
0 0.802368 0.231439 0.071945 0.071945
0 0.151832 0.043887 0.071945 0.071945
0 0.081587 0.036802 0.057104 0.057104
0 0.959999 0.967276 0.054783 0.054783
0 0.349640 0.202794 0.057104 0.057104
0 0.711225 0.740694 0.071945 0.071945
0 0.484902 0.946291 0.061130 0.061130
0 0.376255 0.845133 0.071945 0.071945
0 0.808381 0.975944 0.057104 0.057104
0 0.764492 0.391557 0.057104 0.057104
0 0.086088 0.726637 0.061130 0.061130
0 0.385003 0.568319 0.071945 0.071945
0 0.335828 0.929761 0.062220 0.062220
0 0.479598 0.780947 0.062220 0.062220
0 0.595259 0.609947 0.061130 0.061130
0 0.822576 0.854070 0.052757 0.052757
0 0.085119 0.370562 0.071945 0.071945
0 0.038956 0.876415 0.104277 0.104277
0 0.768966 0.031275 0.104277 0.104277
0 0.530571 0.512208 0.061130 0.061130
0 0.501645 0.440473 0.061130 0.061130
0 0.282763 0.166746 0.104277 0.104277
0 0.054158 0.122053 0.057104 0.057104
0 0.680325 0.566743 0.104277 0.104277
0 0.843730 0.664616 0.071945 0.071945
0 0.257085 0.061008 0.104277 0.104277
0 0.541128 0.178411 0.052757 0.052757
0 0.984476 0.167765 0.062220 0.062220
0 0.534025 0.718334 0.061130 0.061130
0 0.272178 0.253308 0.104277 0.104277
0 0.096288 0.452260 0.071945 0.071945
0 0.634118 0.810870 0.057104 0.057104
0 0.526267 0.634652 0.104277 0.104277
0 0.733719 0.888486 0.062220 0.062220
0 0.730886 0.615280 0.104277 0.104277
0 0.215575 0.403391 0.052757 0.052757
0 0.709791 0.502590 0.052757 0.052757
0 0.047539 0.534485 0.052757 0.052757
0 0.422150 0.376077 0.071945 0.071945
0 0.347095 0.129047 0.062220 0.062220
0 0.437124 0.876947 0.071945 0.071945
0 0.680022 0.944575 0.104277 0.104277
0 0.661427 0.068744 0.052757 0.052757
0 0.308027 0.334744 0.104277 0.104277
0 0.834855 0.748532 0.057104 0.057104
0 0.178190 0.941014 0.071945 0.071945
0 0.318062 0.785111 0.050932 0.050932
0 0.454798 0.606225 0.052757 0.052757
0 0.220935 0.553116 0.071945 0.071945
0 0.431695 0.513285 0.061130 0.061130
0 0.007297 0.477744 0.062220 0.062220
0 0.790724 0.571340 0.052757 0.052757
0 0.645030 0.722787 0.057104 0.057104
0 0.143835 0.149539 0.057104 0.057104
0 0.454343 0.158446 0.057104 0.057104
0 0.178519 0.839747 0.071945 0.071945
0 0.086156 0.602918 0.104277 0.104277
0 0.554534 0.083186 0.057104 0.057104
0 0.428599 0.673251 0.061130 0.061130
0 0.290964 0.516410 0.071945 0.071945
0 0.143599 0.227648 0.061130 0.061130
0 0.073436 0.214927 0.062220 0.062220
0 0.418451 0.232911 0.048997 0.048997
0 0.621477 0.137542 0.062220 0.062220
0 0.092136 0.824566 0.052757 0.052757
0 0.617459 0.378903 0.062220 0.062220
0 0.946440 0.899322 0.052757 0.052757
0 0.873877 0.933549 0.104277 0.104277
0 0.389391 0.769936 0.062220 0.062220
0 0.185146 0.747840 0.062220 0.062220
0 0.621036 0.289092 0.061131 0.061131
0 0.041997 0.299467 0.071945 0.071945
0 0.195810 0.327288 0.104277 0.104277
0 0.564159 0.986294 0.071945 0.071945
0 0.034914 0.657845 0.071945 0.071945
0 0.129999 0.662814 0.047555 0.047555
0 0.264099 0.687610 0.052757 0.052757
0 0.336252 0.051155 0.057104 0.057104
0 0.548544 0.385897 0.071945 0.071945
0 0.259819 0.905715 0.071945 0.071945
0 0.344049 0.695491 0.071945 0.071945