0 0.454920 0.336351 0.062220 0.062220
0 0.800558 0.675979 0.062220 0.062220
0 0.762332 0.481955 0.062220 0.062220
0 0.538234 0.789593 0.057103 0.057103
0 0.788312 0.125321 0.052757 0.052757
0 0.800004 0.211870 0.104277 0.104277
0 0.558906 0.536242 0.052757 0.052757
0 0.991845 0.629080 0.071945 0.071945
0 0.397249 0.391233 0.071945 0.071945
0 0.518097 0.620912 0.062220 0.062220
0 0.423130 0.813894 0.071945 0.071945
0 0.779737 0.037900 0.104277 0.104277
0 0.448049 0.651548 0.104277 0.104277
0 0.251671 0.424359 0.061130 0.061130
0 0.528537 0.342413 0.061130 0.061130
0 0.508953 0.254530 0.052757 0.052757
0 0.300099 0.720711 0.104278 0.104278
0 0.913202 0.115753 0.104277 0.104277
0 0.697978 0.835476 0.062220 0.062220
0 0.669755 0.255357 0.061130 0.061130
0 0.750599 0.380815 0.062220 0.062220
0 0.945743 0.462625 0.057104 0.057104
0 0.168260 0.084661 0.104278 0.104278
0 0.855808 0.818771 0.071945 0.071945
0 0.792488 0.289025 0.057104 0.057104
0 0.557824 0.718156 0.061130 0.061130
0 0.610286 0.490468 0.062220 0.062220
0 0.708684 0.076680 0.052757 0.052757
0 0.808405 0.746781 0.057104 0.057104
0 0.317273 0.523946 0.062220 0.062220
0 0.829034 0.424468 0.057104 0.057104
0 0.641109 0.336569 0.061130 0.061130
0 0.772249 0.826434 0.052757 0.052757
0 0.850855 0.048848 0.061130 0.061130
0 0.606339 0.597600 0.062220 0.062220
0 0.233644 0.136867 0.062220 0.062220
0 0.731554 0.717795 0.050891 0.050891
0 0.384976 0.224091 0.062220 0.062220
0 0.457380 0.733230 0.104277 0.104277
0 0.601996 0.212814 0.057104 0.057104
0 0.895424 0.610101 0.062220 0.062220
0 0.970951 0.077208 0.071945 0.071945
0 0.392150 0.556097 0.062220 0.062220
0 0.616574 0.796817 0.052757 0.052757
0 0.664205 0.642941 0.062220 0.062220
0 0.759964 0.608860 0.104277 0.104277
0 0.558414 0.080283 0.057104 0.057104
0 0.267412 0.317973 0.104278 0.104278
0 0.485689 0.046663 0.071945 0.071945
0 0.386050 0.311437 0.052757 0.052757
0 0.295233 0.827564 0.071945 0.071945
0 0.204621 0.833239 0.052757 0.052757
0 0.921812 0.738038 0.061130 0.061130
0 0.925336 0.333156 0.062220 0.062220
0 0.902681 0.187012 0.071945 0.071945
0 0.354848 0.781336 0.057104 0.057104
0 0.424274 0.126229 0.052757 0.052757
0 0.616570 0.122121 0.071945 0.071945
0 0.142598 0.154703 0.104277 0.104277
0 0.318953 0.365955 0.057104 0.057104
0 0.352531 0.034633 0.057104 0.057104
0 0.633152 0.715750 0.062220 0.062220
0 0.323028 0.112455 0.104277 0.104277
0 0.931390 0.841388 0.062220 0.062220
0 0.284155 0.231980 0.104277 0.104277
0 0.274609 0.013015 0.071945 0.071945
0 0.174308 0.756786 0.104277 0.104277
0 0.711132 0.540880 0.104277 0.104277
0 0.284429 0.641639 0.061131 0.061131
0 0.165565 0.636697 0.057104 0.057104
0 0.496099 0.157014 0.052757 0.052757
0 0.144724 0.564780 0.062220 0.062220
0 0.942407 0.545658 0.052757 0.052757
0 0.357766 0.656734 0.057104 0.057104
0 0.478374 0.449582 0.057104 0.057104
0 0.199136 0.357969 0.062220 0.062220
0 0.199310 0.285534 0.057104 0.057104
0 0.869182 0.540936 0.052757 0.052757
0 0.902854 0.406322 0.061130 0.061130
0 0.191538 0.010734 0.052757 0.052757
0 0.574335 0.425666 0.104277 0.104277
0 0.234313 0.549508 0.057104 0.057104
0 0.222964 0.693515 0.061130 0.061130
0 0.987060 0.200993 0.052757 0.052757
0 0.722451 0.145658 0.104277 0.104277
0 0.147053 0.433690 0.057104 0.057104