0 0.662255 0.375492 0.071945 0.071945
0 0.457432 0.878911 0.104277 0.104277
0 0.647534 0.843439 0.104277 0.104277
0 0.560989 0.489769 0.062220 0.062220
0 0.693967 0.487716 0.057104 0.057104
0 0.726778 0.413024 0.052757 0.052757
0 0.610564 0.753196 0.057104 0.057104
0 0.538724 0.604679 0.104277 0.104277
0 0.521027 0.956575 0.104277 0.104277
0 0.523918 0.795155 0.061131 0.061131
0 0.763456 0.046381 0.061130 0.061130
0 0.533726 0.419062 0.052757 0.052757
0 0.407134 0.718688 0.071945 0.071945
0 0.624143 0.618967 0.062220 0.062220
0 0.294695 0.919953 0.052757 0.052757
0 0.682300 0.740218 0.071945 0.071945
0 0.764097 0.510759 0.071945 0.071945
0 0.120718 0.907256 0.061131 0.061131
0 0.625885 0.439372 0.071945 0.071945
0 0.615712 0.931025 0.061130 0.061130
0 0.055844 0.828563 0.062220 0.062220
0 0.794398 0.274108 0.061131 0.061131
0 0.398005 0.948692 0.057104 0.057104
0 0.813032 0.448972 0.071945 0.071945
0 0.194807 0.271749 0.071945 0.071945
0 0.476206 0.179125 0.061130 0.061130
0 0.010600 0.210305 0.062220 0.062220
0 0.464919 0.542497 0.071945 0.071945
0 0.027728 0.512597 0.061131 0.061131
0 0.315368 0.423648 0.061130 0.061130
0 0.825598 0.372335 0.071945 0.071945
0 0.340381 0.542523 0.104277 0.104277
0 0.047171 0.274141 0.104277 0.104277
0 0.808410 0.870602 0.057104 0.057104
0 0.091140 0.409067 0.071945 0.071945
0 0.464297 0.674200 0.104277 0.104277
0 0.756385 0.617900 0.104278 0.104278
0 0.348751 0.095969 0.061130 0.061130
0 0.445305 0.075070 0.057104 0.057104
0 0.155356 0.005581 0.071945 0.071945
0 0.705736 0.187404 0.057104 0.057104
0 0.043055 0.087965 0.057104 0.057104
0 0.153223 0.657981 0.071945 0.071945
0 0.508417 0.023022 0.062220 0.062220
0 0.167031 0.792395 0.061131 0.061131
0 0.025127 0.738880 0.104277 0.104277
0 0.560890 0.280342 0.062220 0.062220
0 0.524465 0.341909 0.062220 0.062220
0 0.076475 0.153604 0.062220 0.062220
0 0.238008 0.623340 0.062220 0.062220
0 0.760742 0.924604 0.052757 0.052757
0 0.256570 0.862774 0.057104 0.057104
0 0.346160 0.013257 0.061131 0.061131
0 0.121039 0.337542 0.061131 0.061131
0 0.019819 0.917206 0.062220 0.062220
0 0.024883 0.374860 0.061131 0.061131
0 0.293424 0.149064 0.071945 0.071945
0 0.380056 0.821398 0.071945 0.071945
0 0.808104 0.149402 0.061131 0.061131
0 0.067501 0.647844 0.061131 0.061131
0 0.486617 0.269056 0.052757 0.052757
0 0.285055 0.345386 0.057104 0.057104
0 0.586158 0.012449 0.052757 0.052757
0 0.139980 0.186719 0.071945 0.071945
0 0.797828 0.699942 0.057104 0.057104
0 0.678768 0.670062 0.057104 0.057104
0 0.402966 0.162594 0.052757 0.052757
0 0.536138 0.693948 0.052757 0.052757
0 0.221154 0.048722 0.071945 0.071945
0 0.286188 0.795822 0.052757 0.052757
0 0.073522 0.979106 0.071945 0.071945
0 0.422899 0.359962 0.071945 0.071945
0 0.324861 0.274533 0.062220 0.062220
0 0.656316 0.069964 0.052559 0.052559
0 0.317153 0.638979 0.057104 0.057104
0 0.151560 0.109769 0.071945 0.071945
0 0.698990 0.306321 0.062220 0.062220
0 0.250956 0.712665 0.057104 0.057104
0 0.156805 0.460686 0.104277 0.104277
0 0.223147 0.530123 0.052757 0.052757
0 0.102175 0.748806 0.071945 0.071945
0 0.391817 0.298125 0.104277 0.104277
0 0.230302 0.395667 0.071945 0.071945
0 0.244275 0.205681 0.104277 0.104277
0 0.778530 0.803407 0.061130 0.061130
0 0.603242 0.149770 0.071945 0.071945
0 0.759119 0.340549 0.104278 0.104278
0 0.447058 0.458867 0.104277 0.104277
0 0.503835 0.113560 0.052757 0.052757
0 0.110704 0.519823 0.052757 0.052757
0 0.405139 0.636977 0.062220 0.062220
0 0.202532 0.922415 0.061131 0.061131