0 0.170470 0.792532 0.071945 0.071945
0 0.445591 0.760511 0.071945 0.071945
0 0.725969 0.500832 0.071945 0.071945
0 0.477719 0.875881 0.052757 0.052757
0 0.034571 0.362103 0.052757 0.052757
0 0.716002 0.983035 0.061131 0.061131
0 0.214868 0.548849 0.061130 0.061130
0 0.621146 0.673826 0.104277 0.104277
0 0.647869 0.287979 0.062220 0.062220
0 0.387812 0.510725 0.071945 0.071945
0 0.068619 0.811987 0.062220 0.062220
0 0.031243 0.557922 0.071945 0.071945
0 0.273953 0.094678 0.051819 0.051819
0 0.093972 0.984245 0.057104 0.057104
0 0.588142 0.836945 0.104277 0.104277
0 0.753339 0.920688 0.052757 0.052757
0 0.454101 0.038391 0.052757 0.052757
0 0.166659 0.383479 0.104277 0.104277
0 0.466520 0.629583 0.104277 0.104277
0 0.584299 0.440776 0.071945 0.071945
0 0.162319 0.966681 0.104277 0.104277
0 0.589046 0.372330 0.062220 0.062220
0 0.047672 0.907743 0.061130 0.061130
0 0.527002 0.568081 0.057104 0.057104
0 0.569969 0.741756 0.062220 0.062220
0 0.322711 0.868943 0.052757 0.052757
0 0.469719 0.499865 0.062220 0.062220
0 0.550031 0.104246 0.104277 0.104277
0 0.349794 0.165022 0.104277 0.104277
0 0.655368 0.472558 0.061130 0.061130
0 0.344931 0.091729 0.071945 0.071945
0 0.499932 0.970820 0.102474 0.102474
0 0.741523 0.087303 0.071945 0.071945
0 0.109116 0.634211 0.052757 0.052757
0 0.394268 0.962995 0.104277 0.104277
0 0.051402 0.104438 0.052757 0.052757
0 0.647362 0.119114 0.061131 0.061131
0 0.071774 0.500216 0.052757 0.052757
0 0.266249 0.251651 0.054783 0.054783
0 0.403092 0.696787 0.062220 0.062220
0 0.246779 0.772337 0.061131 0.061131
0 0.433801 0.185563 0.057103 0.057103
0 0.205172 0.700788 0.071945 0.071945
0 0.234351 0.363817 0.071945 0.071945
0 0.234611 0.434641 0.061130 0.061130
0 0.017475 0.025069 0.071945 0.071945
0 0.528107 0.252384 0.061131 0.061131
0 0.114631 0.260319 0.057104 0.057104
0 0.479285 0.120265 0.061131 0.061131
0 0.021040 0.977175 0.104277 0.104277
0 0.689614 0.729732 0.045227 0.045227
0 0.324002 0.778059 0.052757 0.052757
0 0.744856 0.212807 0.071945 0.071945
0 0.750238 0.351332 0.104278 0.104278
0 0.033548 0.737597 0.061130 0.061130
0 0.128826 0.138445 0.052757 0.052757
0 0.745279 0.633527 0.061130 0.061130
0 0.307111 0.985169 0.062220 0.062220
0 0.681443 0.185910 0.104278 0.104278
0 0.358764 0.352309 0.052757 0.052757
0 0.039969 0.172861 0.062220 0.062220
0 0.604796 0.225489 0.062220 0.062220
0 0.046441 0.431526 0.104277 0.104277
0 0.401628 0.591820 0.052757 0.052757
0 0.313675 0.643684 0.052757 0.052757
0 0.133212 0.710071 0.057104 0.057104
0 0.141105 0.032907 0.057104 0.057104
0 0.603685 0.577224 0.061131 0.061131
0 0.509322 0.441487 0.057104 0.057104
0 0.528357 0.175988 0.071945 0.071945
0 0.342609 0.238400 0.104277 0.104277
0 0.400697 0.870120 0.055027 0.055027
0 0.532889 0.670942 0.061131 0.061131
0 0.191388 0.899033 0.062220 0.062220
0 0.610726 0.974298 0.104277 0.104277
0 0.046755 0.665061 0.050559 0.050559
0 0.175894 0.607840 0.061130 0.061130
0 0.305165 0.428212 0.071945 0.071945
0 0.407152 0.282598 0.057104 0.057104
0 0.447198 0.339736 0.104277 0.104277
0 0.303965 0.522765 0.071945 0.071945
0 0.263427 0.911843 0.104277 0.104277
0 0.252690 0.183697 0.052757 0.052757
0 0.180127 0.217924 0.104277 0.104277
0 0.690808 0.590718 0.052757 0.052757
0 0.110610 0.336889 0.071945 0.071945
0 0.416874 0.431340 0.104277 0.104277
0 0.141317 0.474829 0.104277 0.104277
0 0.693083 0.396885 0.061131 0.061131
0 0.665465 0.922972 0.057104 0.057104
0 0.679415 0.846889 0.088662 0.088662
0 0.585327 0.037201 0.061131 0.061131