0 0.831467 0.315102 0.104277 0.104277
0 0.787919 0.103111 0.061130 0.061130
0 0.503927 0.522630 0.104278 0.104278
0 0.981757 0.312778 0.062220 0.062220
0 0.688690 0.065009 0.052757 0.052757
0 0.559583 0.959752 0.104277 0.104277
0 0.622071 0.683978 0.052757 0.052757
0 0.802368 0.870724 0.061130 0.061130
0 0.232886 0.018106 0.052757 0.052757
0 0.146604 0.674953 0.061130 0.061130
0 0.521365 0.633435 0.052757 0.052757
0 0.975312 0.832600 0.071945 0.071945
0 0.542436 0.804662 0.052757 0.052757
0 0.285987 0.953525 0.104277 0.104277
0 0.825591 0.229917 0.057104 0.057104
0 0.618743 0.879797 0.071945 0.071945
0 0.368344 0.885323 0.104277 0.104277
0 0.861453 0.416553 0.051819 0.051819
0 0.292511 0.854383 0.061130 0.061130
0 0.156572 0.439287 0.057104 0.057104
0 0.507619 0.093108 0.104277 0.104277
0 0.765597 0.029648 0.061131 0.061131
0 0.199582 0.752340 0.104277 0.104277
0 0.232431 0.225936 0.057104 0.057104
0 0.754159 0.705354 0.104277 0.104277
0 0.453773 0.434068 0.052757 0.052757
0 0.852255 0.078725 0.057104 0.057104
0 0.937294 0.486897 0.104277 0.104277
0 0.932431 0.413604 0.071945 0.071945
0 0.141454 0.593823 0.104277 0.104277
0 0.214934 0.992305 0.052757 0.052757
0 0.587023 0.031358 0.071945 0.071945
0 0.696616 0.956086 0.052757 0.052757
0 0.638902 0.426313 0.052757 0.052757
0 0.077409 0.675880 0.052757 0.052757
0 0.506640 0.878841 0.104277 0.104277
0 0.453937 0.740487 0.057104 0.057104
0 0.659274 0.822091 0.052757 0.052757
0 0.853749 0.573526 0.054783 0.054783
0 0.357105 0.964473 0.061130 0.061130
0 0.821851 0.685692 0.071945 0.071945
0 0.031936 0.895024 0.104278 0.104278
0 0.822111 0.756516 0.061130 0.061130
0 0.604975 0.346944 0.071945 0.071945
0 0.098785 0.873415 0.052757 0.052757
0 0.378652 0.552541 0.061130 0.061130
0 0.270005 0.451383 0.071945 0.071945
0 0.436654 0.667079 0.052757 0.052757
0 0.702131 0.582194 0.057104 0.057104
0 0.477201 0.992833 0.071945 0.071945
0 0.278753 0.174569 0.071945 0.071945
0 0.258909 0.619676 0.061130 0.061130
0 0.229578 0.536011 0.062220 0.062220
0 0.373348 0.387197 0.062220 0.062220
0 0.489009 0.216197 0.061130 0.061130
0 0.716326 0.460320 0.052757 0.052757
0 0.278947 0.781977 0.052757 0.052757
0 0.429121 0.818262 0.057104 0.057104
0 0.064664 0.995908 0.057104 0.057104
0 0.424321 0.118458 0.061130 0.061130
0 0.395395 0.046723 0.061130 0.061130
0 0.964794 0.002985 0.062220 0.062220
0 0.574075 0.172993 0.104277 0.104277
0 0.737480 0.270866 0.071945 0.071945
0 0.946264 0.674184 0.052757 0.052757
0 0.427775 0.324584 0.061130 0.061130
0 0.527868 0.417120 0.057104 0.057104
0 0.420017 0.240902 0.104277 0.104277
0 0.627469 0.494736 0.062220 0.062220
0 0.624636 0.221530 0.104277 0.104277
0 0.109325 0.009641 0.052757 0.052757
0 0.603541 0.108840 0.052757 0.052757
0 0.633941 0.753401 0.104277 0.104277
0 0.989128 0.913695 0.052757 0.052757
0 0.910457 0.148528 0.062220 0.062220
0 0.370228 0.629176 0.104277 0.104277
0 0.901175 0.965559 0.052757 0.052757
0 0.330874 0.483197 0.071945 0.071945
0 0.573772 0.550825 0.104277 0.104277
0 0.728605 0.354782 0.057104 0.057104
0 0.071940 0.547264 0.071945 0.071945
0 0.211812 0.391361 0.050932 0.050932
0 0.348548 0.212475 0.052757 0.052757
0 0.114685 0.159366 0.071945 0.071945
0 0.966120 0.196446 0.071945 0.071945
0 0.325445 0.119535 0.061130 0.061130
0 0.684474 0.177590 0.052757 0.052757
0 0.538780 0.329037 0.057104 0.057104
0 0.930109 0.560275 0.104277 0.104277
0 0.072269 0.445997 0.071945 0.071945
0 0.322349 0.279501 0.061130 0.061130
0 0.184714 0.122660 0.071945 0.071945
0 0.634255 0.986936 0.050559 0.050559
0 0.763394 0.929715 0.061130 0.061130
0 0.892665 0.750087 0.071945 0.071945
0 0.994652 0.604473 0.057104 0.057104
0 0.535897 0.722492 0.061131 0.061131
0 0.383004 0.763817 0.104277 0.104277
0 0.891465 0.844640 0.071945 0.071945
0 0.840190 0.505572 0.052757 0.052757
0 0.767627 0.539799 0.104277 0.104277
0 0.283141 0.376186 0.062220 0.062220
0 0.078896 0.354090 0.062220 0.062220
0 0.059795 0.779919 0.071945 0.071945
0 0.457909 0.592544 0.071945 0.071945
0 0.288902 0.703573 0.061130 0.061130
0 0.698110 0.658764 0.071945 0.071945
0 0.023749 0.269064 0.047555 0.047555
0 0.157849 0.293860 0.052757 0.052757
0 0.189417 0.891023 0.104277 0.104277
0 0.728817 0.796704 0.104277 0.104277
0 0.153569 0.511965 0.071945 0.071945
0 0.903076 0.276345 0.057104 0.057104
0 0.237799 0.301741 0.071945 0.071945