0 0.611745 0.525948 0.062220 0.062220
0 0.360737 0.828981 0.104277 0.104277
0 0.565819 0.584790 0.062220 0.062220
0 0.712393 0.561802 0.070161 0.070161
0 0.214479 0.232463 0.062220 0.062220
0 0.343113 0.553414 0.104278 0.104278
0 0.593600 0.989127 0.057104 0.057104
0 0.462506 0.224821 0.057104 0.057104
0 0.009834 0.368021 0.062220 0.062220
0 0.982307 0.652999 0.071945 0.071945
0 0.501794 0.532926 0.071945 0.071945
0 0.798100 0.591555 0.062220 0.062220
0 0.815228 0.893847 0.061131 0.061131
0 0.476214 0.301506 0.062220 0.062220
0 0.129676 0.994134 0.104277 0.104277
0 0.023253 0.608298 0.104277 0.104277
0 0.834671 0.655391 0.104277 0.104277
0 0.243209 0.590993 0.071945 0.071945
0 0.749130 0.501026 0.061130 0.061130
0 0.340312 0.925224 0.057104 0.057104
0 0.462015 0.384267 0.071945 0.071945
0 0.288882 0.874093 0.104277 0.104277
0 0.878640 0.790317 0.071945 0.071945
0 0.396319 0.323268 0.104277 0.104277
0 0.212560 0.399048 0.104277 0.104277
0 0.339781 0.435705 0.057104 0.057104
0 0.331864 0.299004 0.071945 0.071945
0 0.564529 0.905554 0.104277 0.104277
0 0.942856 0.386831 0.071945 0.071945
0 0.548727 0.255260 0.071945 0.071945
0 0.255243 0.743041 0.052757 0.052757
0 0.729691 0.724618 0.104277 0.104277
0 0.830555 0.469215 0.057104 0.057104
0 0.522304 0.726402 0.062220 0.062220
0 0.831311 0.272071 0.061131 0.061131
0 0.108054 0.668619 0.062220 0.062220
0 0.376629 0.989723 0.057104 0.057104
0 0.130155 0.307753 0.104277 0.104277
0 0.801027 0.371346 0.071945 0.071945
0 0.690482 0.431528 0.071945 0.071945
0 0.621921 0.706279 0.062220 0.062220
0 0.053512 0.784510 0.061130 0.061130
0 0.552124 0.366582 0.052757 0.052757
0 0.429446 0.629406 0.071945 0.071945
0 0.420112 0.865190 0.052757 0.052757
0 0.928146 0.289360 0.052757 0.052757
0 0.863975 0.534854 0.062220 0.062220
0 0.063271 0.445599 0.104277 0.104277
0 0.134375 0.395188 0.057104 0.057104
0 0.717552 0.957493 0.062220 0.062220
0 0.120923 0.753101 0.061130 0.061130
0 0.607721 0.421693 0.052757 0.052757
0 0.908539 0.718792 0.061131 0.061131
0 0.661404 0.250657 0.071945 0.071945
0 0.199037 0.692500 0.071945 0.071945
0 0.812383 0.756110 0.061131 0.061131
0 0.160951 0.471860 0.104277 0.104277
0 0.992389 0.227575 0.062220 0.062220
0 0.685338 0.331910 0.057104 0.057104
0 0.057464 0.542989 0.057104 0.057104
0 0.138024 0.865152 0.057104 0.057104
0 0.301848 0.374604 0.062220 0.062220
0 0.371876 0.205184 0.104277 0.104277
0 0.775367 0.834273 0.052757 0.052757
0 0.680334 0.634306 0.052757 0.052757
0 0.927480 0.567969 0.071945 0.071945
0 0.744108 0.218502 0.104277 0.104277
0 0.653418 0.859688 0.104277 0.104277
0 0.431936 0.939675 0.061130 0.061130
0 0.375787 0.759591 0.104277 0.104277
0 0.338488 0.630491 0.052757 0.052757
0 0.558987 0.664254 0.057104 0.057104
0 0.441372 0.788680 0.071945 0.071945
0 0.517516 0.429117 0.104277 0.104277
0 0.939060 0.491019 0.071945 0.071945
0 0.435509 0.551184 0.056505 0.056505
0 0.944305 0.841936 0.104277 0.104277
0 0.074528 0.912830 0.062220 0.062220
0 0.655601 0.772537 0.057104 0.057104
0 0.429806 0.482495 0.061130 0.061130
0 0.762707 0.432580 0.057103 0.057103
0 0.506323 0.813836 0.057104 0.057104
0 0.229360 0.506297 0.062220 0.062220
0 0.139911 0.212240 0.062220 0.062220
0 0.166623 0.626716 0.057104 0.057104
0 0.193802 0.922345 0.057104 0.057104
0 0.246636 0.293547 0.061130 0.061130
0 0.915424 0.218924 0.057104 0.057104
0 0.041291 0.301169 0.057104 0.057104
0 0.014853 0.212312 0.071945 0.071945
0 0.898204 0.901073 0.052757 0.052757