0 0.991427 0.707005 0.104278 0.104278
0 0.168458 0.463113 0.052757 0.052757
0 0.720386 0.202481 0.052757 0.052757
0 0.634104 0.859328 0.061130 0.061130
0 0.644072 0.623662 0.057104 0.057104
0 0.995119 0.277483 0.104277 0.104277
0 0.138934 0.947292 0.062220 0.062220
0 0.141377 0.124161 0.071945 0.071945
0 0.687082 0.936715 0.104277 0.104277
0 0.719931 0.410311 0.057104 0.057104
0 0.134293 0.533358 0.062220 0.062220
0 0.941273 0.618443 0.052757 0.052757
0 0.346963 0.604515 0.071945 0.071945
0 0.485568 0.709037 0.104277 0.104277
0 0.405999 0.777961 0.052757 0.052757
0 0.764740 0.092957 0.057104 0.057104
0 0.628954 0.778198 0.104277 0.104277
0 0.851671 0.089214 0.057104 0.057104
0 0.318567 0.772159 0.052757 0.052757
0 0.564909 0.860255 0.052757 0.052757
0 0.941437 0.924862 0.057104 0.057104
0 0.866152 0.736916 0.061130 0.061130
0 0.757505 0.635758 0.071945 0.071945
0 0.924154 0.851454 0.052757 0.052757
0 0.131921 0.626528 0.052757 0.052757
0 0.277514 0.334633 0.071945 0.071945
0 0.467338 0.517262 0.061130 0.061130
0 0.270580 0.264177 0.071945 0.071945
0 0.766253 0.358944 0.071945 0.071945
0 0.746409 0.804051 0.061130 0.061130
0 0.717078 0.720386 0.062220 0.062220
0 0.860848 0.571572 0.062220 0.062220
0 0.976509 0.400572 0.061130 0.061130
0 0.185380 0.868563 0.061130 0.061130
0 0.766447 0.966352 0.052757 0.052757
0 0.466369 0.161187 0.071945 0.071945
0 0.420206 0.667040 0.104277 0.104277
0 0.911821 0.302833 0.061130 0.061130
0 0.882895 0.231098 0.061130 0.061130
0 0.915275 0.508959 0.061130 0.061130
0 0.653428 0.043933 0.104277 0.104277
0 0.477538 0.242885 0.071945 0.071945
0 0.907517 0.425277 0.104277 0.104277
0 0.596825 0.194016 0.052757 0.052757
0 0.428789 0.325110 0.052757 0.052757
0 0.272425 0.664741 0.052757 0.052757
0 0.361472 0.003664 0.061130 0.061130
0 0.169794 0.385449 0.104278 0.104278
0 0.803400 0.166702 0.071945 0.071945
0 0.857728 0.813551 0.104277 0.104277
0 0.352566 0.197543 0.061130 0.061130
0 0.818374 0.667572 0.071945 0.071945
0 0.360516 0.518698 0.104277 0.104277
0 0.689277 0.125369 0.104277 0.104277
0 0.559440 0.731639 0.071945 0.071945
0 0.699312 0.575736 0.050932 0.050932
0 0.239098 0.067815 0.061130 0.061130
0 0.836048 0.396850 0.052757 0.052757
0 0.311423 0.429568 0.057104 0.057104
0 0.602185 0.343741 0.071945 0.071945
0 0.812945 0.303910 0.061130 0.061130
0 0.388547 0.268369 0.062220 0.062220
0 0.559769 0.630372 0.071945 0.071945
0 0.467406 0.393543 0.104277 0.104277
0 0.174161 0.193487 0.061130 0.061130
0 0.238629 0.751951 0.104277 0.104277
0 0.809849 0.463876 0.061130 0.061130
0 0.672214 0.307035 0.071945 0.071945
0 0.432737 0.994654 0.104277 0.104277
0 0.524849 0.018273 0.061130 0.061130
0 0.454686 0.005552 0.062220 0.062220
0 0.482880 0.838889 0.104277 0.104277
0 0.799701 0.023536 0.048997 0.048997
0 0.266503 0.494285 0.062220 0.062220
0 0.870504 0.948192 0.104277 0.104277
0 0.473386 0.615191 0.052757 0.052757
0 0.998709 0.169528 0.062220 0.062220
0 0.770641 0.560561 0.062220 0.062220
0 0.566396 0.538465 0.062220 0.062220
0 0.388553 0.913666 0.052757 0.052757
0 0.232193 0.145049 0.057104 0.057104
0 0.267782 0.828455 0.104277 0.104277
0 0.357442 0.986302 0.061130 0.061130
0 0.423247 0.090092 0.071945 0.071945
0 0.206287 0.590354 0.057104 0.057104
0 0.577060 0.117913 0.104277 0.104277
0 0.480785 0.929252 0.062220 0.062220
0 0.343186 0.083016 0.071945 0.071945
0 0.547295 0.964294 0.071945 0.071945
0 0.945409 0.776919 0.071945 0.071945
0 0.776402 0.887948 0.061130 0.061130
0 0.416164 0.448470 0.071945 0.071945
0 0.511249 0.453439 0.047555 0.047555
0 0.645349 0.478235 0.052757 0.052757
0 0.157889 0.771186 0.071945 0.071945
0 0.275766 0.577240 0.057103 0.057103
0 0.929794 0.176522 0.071945 0.071945
0 0.641069 0.696340 0.071945 0.071945
0 0.259477 0.899797 0.104277 0.104277
0 0.725299 0.486116 0.071945 0.071945
0 0.172431 0.281703 0.062220 0.062220