0 0.020545 0.601976 0.062220 0.062220
0 0.366183 0.941604 0.062220 0.062220
0 0.327957 0.747580 0.062220 0.062220
0 0.817345 0.464407 0.071945 0.071945
0 0.618958 0.309752 0.104277 0.104277
0 0.681446 0.033978 0.052757 0.052757
0 0.826029 0.834739 0.061130 0.061130
0 0.861743 0.220724 0.061130 0.061130
0 0.353937 0.390946 0.052757 0.052757
0 0.888156 0.942831 0.104277 0.104277
0 0.365629 0.477495 0.104277 0.104277
0 0.205979 0.024953 0.061130 0.061130
0 0.712093 0.731120 0.104277 0.104277
0 0.124531 0.801867 0.052757 0.052757
0 0.670954 0.852731 0.104277 0.104277
0 0.557470 0.894705 0.071945 0.071945
0 0.601811 0.154662 0.052757 0.052757
0 0.715494 0.483862 0.062220 0.062220
0 0.083722 0.886537 0.062220 0.062220
0 0.345362 0.303525 0.104277 0.104277
0 0.678118 0.229797 0.071945 0.071945
0 0.427719 0.235323 0.104277 0.104277
0 0.351886 0.204383 0.061130 0.061130
0 0.013674 0.917173 0.104277 0.104277
0 0.740847 0.656120 0.057104 0.057104
0 0.258957 0.102340 0.104277 0.104277
0 0.094162 0.608038 0.061130 0.061130
0 0.813534 0.055354 0.104277 0.104277
0 0.074578 0.520155 0.052757 0.052757
0 0.809194 0.638556 0.104277 0.104277
0 0.966856 0.935748 0.062220 0.062220
0 0.694547 0.579618 0.061130 0.061130
0 0.573852 0.621492 0.057104 0.057104
0 0.478827 0.381378 0.104277 0.104277
0 0.235380 0.520982 0.061130 0.061130
0 0.316224 0.646440 0.062220 0.062220
0 0.969586 0.540818 0.052757 0.052757
0 0.511368 0.728250 0.057104 0.057104
0 0.627344 0.758341 0.104277 0.104277
0 0.358113 0.554650 0.057104 0.057104
0 0.123449 0.983781 0.061130 0.061130
0 0.936803 0.727686 0.071945 0.071945
0 0.566781 0.967670 0.071945 0.071945
0 0.175911 0.756093 0.062220 0.062220
0 0.274309 0.342305 0.052757 0.052757
0 0.755991 0.306086 0.052757 0.052757
0 0.394659 0.690093 0.057104 0.057104
0 0.136784 0.025880 0.052757 0.052757
0 0.566015 0.228841 0.104277 0.104277
0 0.513312 0.090487 0.057104 0.057104
0 0.718649 0.172091 0.052757 0.052757
0 0.206734 0.602194 0.061130 0.061130
0 0.893654 0.444212 0.061131 0.061131
0 0.416480 0.314473 0.061130 0.061130
0 0.852047 0.372663 0.071945 0.071945
0 0.881226 0.035692 0.071945 0.071945
0 0.091311 0.245024 0.104278 0.104278
0 0.640248 0.491212 0.062220 0.062220
0 0.881486 0.106516 0.061130 0.061130
0 0.158160 0.223415 0.052757 0.052757
0 0.855193 0.695523 0.057104 0.057104
0 0.171964 0.863225 0.062220 0.062220
0 0.592889 0.832062 0.057104 0.057104
0 0.496029 0.017079 0.052757 0.052757
0 0.667915 0.649050 0.104277 0.104277
0 0.297179 0.983420 0.050891 0.050891
0 0.023005 0.998855 0.104277 0.104277
0 0.167621 0.478439 0.057104 0.057104
0 0.461049 0.875726 0.062220 0.062220
0 0.536576 0.342833 0.071945 0.071945
0 0.970877 0.449934 0.052757 0.052757
0 0.229830 0.908566 0.062220 0.062220
0 0.325589 0.874485 0.104277 0.104277
0 0.680423 0.409472 0.061130 0.061130
0 0.338322 0.131977 0.052757 0.052757
0 0.488496 0.168262 0.057104 0.057104
0 0.124039 0.345908 0.057104 0.057104
0 0.051314 0.312288 0.071945 0.071945
0 0.953986 0.657044 0.062220 0.062220
0 0.898409 0.836803 0.104277 0.104277
0 0.490961 0.598781 0.062220 0.062220
0 0.468306 0.452637 0.071945 0.071945
0 0.625860 0.918815 0.062220 0.062220
0 0.182195 0.387746 0.071945 0.071945
0 0.198777 0.981375 0.062220 0.062220
0 0.693316 0.103401 0.104277 0.104277
0 0.726502 0.800456 0.062220 0.062220
0 0.600715 0.689803 0.071945 0.071945
0 0.960550 0.315559 0.052757 0.052757
0 0.780087 0.381946 0.057104 0.057104
0 0.276757 0.806505 0.104277 0.104277
0 0.877351 0.762525 0.104277 0.104277
0 0.061724 0.422639 0.052757 0.052757
0 0.838263 0.570908 0.062220 0.062220
0 0.693630 0.336936 0.050559 0.050559
0 0.004612 0.160279 0.104277 0.104277
0 0.987852 0.835071 0.052757 0.052757
0 0.822769 0.279715 0.061130 0.061130
0 0.952040 0.100087 0.071945 0.071945
0 0.508032 0.811283 0.052757 0.052757
0 0.054755 0.004514 0.104277 0.104277
0 0.794253 0.727871 0.071945 0.071945
0 0.595272 0.072492 0.061131 0.061131
0 0.662782 0.998928 0.061131 0.061131
0 0.442379 0.113817 0.104277 0.104277
0 0.950840 0.194640 0.071945 0.071945
0 0.910302 0.583718 0.104277 0.104277
0 0.043999 0.715207 0.057104 0.057104
0 0.752803 0.927981 0.104277 0.104277
0 0.434807 0.806561 0.052757 0.052757
0 0.052660 0.094877 0.062220 0.062220
0 0.119170 0.129919 0.071945 0.071945
0 0.348277 0.053573 0.061130 0.061130
0 0.757485 0.008764 0.071945 0.071945
0 0.468479 0.671947 0.061130 0.061130
0 0.139960 0.691291 0.104277 0.104277
0 0.248792 0.241023 0.104277 0.104277
0 0.788192 0.146704 0.104277 0.104277
0 0.022343 0.236295 0.052757 0.052757
0 0.552685 0.466618 0.052757 0.052757
0 0.288076 0.411283 0.104277 0.104277