0 0.325558 0.982229 0.062220 0.062220
0 0.287332 0.788205 0.062220 0.062220
0 0.776720 0.505032 0.071945 0.071945
0 0.578333 0.350377 0.104277 0.104277
0 0.640821 0.074603 0.052757 0.052757
0 0.785404 0.875364 0.061130 0.061130
0 0.821118 0.261349 0.061130 0.061130
0 0.313312 0.431571 0.052757 0.052757
0 0.847531 0.983456 0.104277 0.104277
0 0.325004 0.518120 0.104277 0.104277
0 0.165354 0.065578 0.061130 0.061130
0 0.671468 0.771745 0.104277 0.104277
0 0.083906 0.842492 0.052757 0.052757
0 0.630329 0.893356 0.104277 0.104277
0 0.516845 0.935330 0.071945 0.071945
0 0.540115 0.024060 0.052757 0.052757
0 0.994062 0.223225 0.071945 0.071945
0 0.561186 0.195287 0.052757 0.052757
0 0.674869 0.524487 0.062220 0.062220
0 0.043097 0.927162 0.062220 0.062220
0 0.304737 0.344150 0.104277 0.104277
0 0.637493 0.270422 0.071945 0.071945
0 0.387094 0.275948 0.104277 0.104277
0 0.311261 0.245008 0.061130 0.061130
0 0.700222 0.696745 0.057104 0.057104
0 0.218332 0.142965 0.104277 0.104277
0 0.053537 0.648663 0.061130 0.061130
0 0.772909 0.095979 0.104277 0.104277
0 0.033953 0.560780 0.052757 0.052757
0 0.768569 0.679181 0.104277 0.104277
0 0.926231 0.976373 0.062220 0.062220
0 0.653922 0.620243 0.061130 0.061130
0 0.533227 0.662117 0.057104 0.057104
0 0.438202 0.422003 0.104277 0.104277
0 0.194755 0.561607 0.061130 0.061130
0 0.275599 0.687065 0.062220 0.062220
0 0.928961 0.581443 0.052757 0.052757
0 0.470743 0.768875 0.057104 0.057104
0 0.586719 0.798966 0.104277 0.104277
0 0.317488 0.595275 0.057104 0.057104
0 0.896178 0.768311 0.071945 0.071945
0 0.135286 0.796718 0.062220 0.062220
0 0.233684 0.382930 0.052757 0.052757
0 0.715366 0.346711 0.052757 0.052757
0 0.354034 0.730718 0.057104 0.057104
0 0.096159 0.066505 0.052757 0.052757
0 0.525390 0.269466 0.104277 0.104277
0 0.472687 0.131112 0.057104 0.057104
0 0.678024 0.212716 0.052757 0.052757
0 0.166109 0.642819 0.061130 0.061130
0 0.853029 0.484837 0.061131 0.061131
0 0.375855 0.355098 0.061130 0.061130
0 0.811422 0.413288 0.071945 0.071945
0 0.840601 0.076317 0.071945 0.071945
0 0.050686 0.285649 0.104278 0.104278
0 0.599623 0.531837 0.062220 0.062220
0 0.840861 0.147141 0.061130 0.061130
0 0.117535 0.264040 0.052757 0.052757
0 0.814568 0.736148 0.057104 0.057104
0 0.131339 0.903850 0.062220 0.062220
0 0.552264 0.872687 0.057104 0.057104
0 0.455404 0.057704 0.052757 0.052757
0 0.627290 0.689675 0.104277 0.104277
0 0.126996 0.519064 0.057104 0.057104
0 0.420424 0.916351 0.062220 0.062220
0 0.495951 0.383458 0.071945 0.071945
0 0.277659 0.010301 0.061130 0.061130
0 0.930252 0.490559 0.052757 0.052757
0 0.189205 0.949191 0.062220 0.062220
0 0.284964 0.915110 0.104277 0.104277
0 0.639798 0.450097 0.061130 0.061130
0 0.297697 0.172602 0.052757 0.052757
0 0.447871 0.208887 0.057104 0.057104
0 0.083414 0.386533 0.057104 0.057104
0 0.010689 0.352913 0.071945 0.071945
0 0.913361 0.697669 0.062220 0.062220
0 0.857784 0.877428 0.104277 0.104277
0 0.450336 0.639406 0.062220 0.062220
0 0.427681 0.493262 0.071945 0.071945
0 0.585235 0.959440 0.062220 0.062220
0 0.141570 0.428371 0.071945 0.071945
0 0.965014 0.064809 0.052757 0.052757
0 0.652691 0.144026 0.104277 0.104277
0 0.685877 0.841081 0.062220 0.062220
0 0.560090 0.730428 0.071945 0.071945
0 0.388978 0.019801 0.104277 0.104277
0 0.919925 0.356184 0.052757 0.052757
0 0.739462 0.422571 0.057104 0.057104
0 0.236132 0.847130 0.104277 0.104277
0 0.836726 0.803150 0.104277 0.104277
0 0.021099 0.463264 0.052757 0.052757
0 0.797638 0.611533 0.062220 0.062220
0 0.653005 0.377561 0.050559 0.050559
0 0.947227 0.875696 0.052757 0.052757
0 0.782144 0.320340 0.061130 0.061130
0 0.911415 0.140712 0.071945 0.071945
0 0.467407 0.851908 0.052757 0.052757
0 0.014130 0.045139 0.104277 0.104277
0 0.753628 0.768496 0.071945 0.071945
0 0.554647 0.113117 0.061131 0.061131
0 0.401754 0.154442 0.104277 0.104277
0 0.910215 0.235265 0.071945 0.071945
0 0.869677 0.624343 0.104277 0.104277
0 0.003374 0.755832 0.057104 0.057104
0 0.712178 0.968606 0.104277 0.104277
0 0.394182 0.847186 0.052757 0.052757
0 0.012035 0.135502 0.062220 0.062220
0 0.078545 0.170544 0.071945 0.071945
0 0.307652 0.094198 0.061130 0.061130
0 0.716860 0.049389 0.071945 0.071945
0 0.427854 0.712572 0.061130 0.061130
0 0.099335 0.731916 0.104277 0.104277
0 0.208167 0.281648 0.104277 0.104277
0 0.747567 0.187329 0.104277 0.104277
0 0.512060 0.507243 0.052757 0.052757
0 0.247451 0.451908 0.104277 0.104277