0 0.967239 0.877269 0.062220 0.062220
0 0.944974 0.992179 0.104277 0.104277
0 0.230495 0.532198 0.062220 0.062220
0 0.779493 0.310337 0.052757 0.052757
0 0.872706 0.257411 0.052757 0.052757
0 0.939976 0.806562 0.052757 0.052757
0 0.184569 0.591040 0.062220 0.062220
0 0.331143 0.568052 0.070161 0.070161
0 0.684517 0.226645 0.062220 0.062220
0 0.212350 0.995377 0.057104 0.057104
0 0.081256 0.231071 0.057104 0.057104
0 0.601057 0.659249 0.071945 0.071945
0 0.882456 0.566625 0.061130 0.061130
0 0.698716 0.346627 0.062220 0.062220
0 0.120544 0.539176 0.071945 0.071945
0 0.416850 0.597805 0.062220 0.062220
0 0.871169 0.929997 0.071945 0.071945
0 0.433978 0.900097 0.061131 0.061131
0 0.721618 0.811148 0.061130 0.061130
0 0.094964 0.307756 0.062220 0.062220
0 0.746631 0.930023 0.104277 0.104277
0 0.453421 0.661641 0.104277 0.104277
0 0.628616 0.314032 0.052757 0.052757
0 0.367880 0.507276 0.061130 0.061130
0 0.080765 0.390517 0.071945 0.071945
0 0.497390 0.796567 0.071945 0.071945
0 0.015069 0.329518 0.104277 0.104277
0 0.755001 0.483469 0.061130 0.061130
0 0.183279 0.911804 0.104277 0.104277
0 0.851555 0.462570 0.057104 0.057104
0 0.561606 0.393081 0.071945 0.071945
0 0.167477 0.261510 0.071945 0.071945
0 0.348441 0.730868 0.104277 0.104277
0 0.449305 0.475465 0.057104 0.057104
0 0.141054 0.732652 0.062220 0.062220
0 0.450061 0.278321 0.061131 0.061131
0 0.759500 0.233949 0.057104 0.057104
0 0.914667 0.410522 0.062220 0.062220
0 0.419777 0.377596 0.071945 0.071945
0 0.309232 0.437778 0.071945 0.071945
0 0.240671 0.712529 0.062220 0.062220
0 0.170874 0.372832 0.052757 0.052757
0 0.048196 0.635656 0.071945 0.071945
0 0.038862 0.871440 0.052757 0.052757
0 0.967140 0.667842 0.062220 0.062220
0 0.546896 0.295610 0.052757 0.052757
0 0.930715 0.729409 0.062220 0.062220
0 0.482725 0.541104 0.062220 0.062220
0 0.336302 0.963743 0.062220 0.062220
0 0.752410 0.400757 0.061131 0.061131
0 0.226471 0.427943 0.052757 0.052757
0 0.527289 0.725042 0.061131 0.061131
0 0.280154 0.256907 0.071945 0.071945
0 0.431133 0.762360 0.061131 0.061131
0 0.699674 0.536564 0.071945 0.071945
0 0.611139 0.233825 0.062220 0.062220
0 0.304088 0.338160 0.057104 0.057104
0 0.394117 0.840523 0.052757 0.052757
0 0.892867 0.656556 0.052757 0.052757
0 0.691305 0.732886 0.057104 0.057104
0 0.299084 0.640556 0.052757 0.052757
0 0.992408 0.399949 0.052757 0.052757
0 0.546230 0.574219 0.071945 0.071945
0 0.809216 0.550094 0.052757 0.052757
0 0.627404 0.436222 0.071945 0.071945
0 0.362858 0.224752 0.104277 0.104277
0 0.272168 0.865938 0.104277 0.104277
0 0.050686 0.945925 0.061130 0.061130
0 0.829149 0.747462 0.071945 0.071945
0 0.177737 0.670504 0.057104 0.057104
0 0.731111 0.662033 0.062220 0.062220
0 0.060122 0.794930 0.071945 0.071945
0 0.136266 0.435367 0.104277 0.104277
0 0.929827 0.302208 0.071945 0.071945
0 0.557810 0.497269 0.071945 0.071945
0 0.054259 0.557434 0.056505 0.056505
0 0.563055 0.848186 0.104277 0.104277
0 0.629397 0.917623 0.052757 0.052757
0 0.798067 0.685625 0.104277 0.104277
0 0.636552 0.783167 0.071945 0.071945
0 0.650525 0.593181 0.104277 0.104277
0 0.274351 0.778787 0.057104 0.057104
0 0.048556 0.488745 0.061130 0.061130
0 0.381457 0.438830 0.057103 0.057103
0 0.125073 0.820086 0.057104 0.057104
0 0.853308 0.846367 0.104277 0.104277
0 0.534174 0.225174 0.057104 0.057104
0 0.910085 0.501060 0.052757 0.052757
0 0.516954 0.907323 0.052757 0.052757
0 0.862781 0.350402 0.061131 0.061131
0 0.932498 0.223817 0.062220 0.062220