0 0.333045 0.367601 0.062220 0.062220
0 0.678683 0.707229 0.062220 0.062220
0 0.640457 0.513205 0.062220 0.062220
0 0.416359 0.820843 0.057103 0.057103
0 0.931458 0.075377 0.104277 0.104277
0 0.666437 0.156571 0.052757 0.052757
0 0.678129 0.243120 0.104277 0.104277
0 0.437031 0.567492 0.052757 0.052757
0 0.983454 0.618356 0.104277 0.104277
0 0.869970 0.660330 0.071945 0.071945
0 0.275374 0.422483 0.071945 0.071945
0 0.396222 0.652162 0.062220 0.062220
0 0.301255 0.845144 0.071945 0.071945
0 0.657862 0.069150 0.104277 0.104277
0 0.740219 0.000948 0.104277 0.104277
0 0.326174 0.682798 0.104277 0.104277
0 0.129796 0.455609 0.061130 0.061130
0 0.406662 0.373663 0.061130 0.061130
0 0.387078 0.285780 0.052757 0.052757
0 0.178224 0.751961 0.104278 0.104278
0 0.886352 0.387117 0.057104 0.057104
0 0.791327 0.147003 0.104277 0.104277
0 0.576103 0.866726 0.062220 0.062220
0 0.547880 0.286607 0.061130 0.061130
0 0.628724 0.412065 0.062220 0.062220
0 0.823868 0.493875 0.057104 0.057104
0 0.046385 0.115911 0.104278 0.104278
0 0.939844 0.523966 0.104277 0.104277
0 0.733933 0.850021 0.071945 0.071945
0 0.670613 0.320275 0.057104 0.057104
0 0.435949 0.749406 0.061130 0.061130
0 0.879281 0.733295 0.071945 0.071945
0 0.488411 0.521718 0.062220 0.062220
0 0.586809 0.107930 0.052757 0.052757
0 0.686530 0.778031 0.057104 0.057104
0 0.195398 0.555196 0.062220 0.062220
0 0.707159 0.455718 0.057104 0.057104
0 0.519234 0.367819 0.061130 0.061130
0 0.650374 0.857684 0.052757 0.052757
0 0.728980 0.080098 0.061130 0.061130
0 0.403811 0.010649 0.104278 0.104278
0 0.952748 0.256837 0.062220 0.062220
0 0.484464 0.628850 0.062220 0.062220
0 0.905389 0.597687 0.057104 0.057104
0 0.111769 0.168117 0.062220 0.062220
0 0.980415 0.414675 0.104277 0.104277
0 0.609679 0.749045 0.050891 0.050891
0 0.263101 0.255341 0.062220 0.062220
0 0.335505 0.764480 0.104277 0.104277
0 0.480121 0.244064 0.057104 0.057104
0 0.773549 0.641351 0.062220 0.062220
0 0.849076 0.108458 0.071945 0.071945
0 0.894368 0.850417 0.057104 0.057104
0 0.270275 0.587347 0.062220 0.062220
0 0.494699 0.828067 0.052757 0.052757
0 0.542330 0.674191 0.062220 0.062220
0 0.638089 0.640110 0.104277 0.104277
0 0.992923 0.175097 0.061130 0.061130
0 0.436539 0.111533 0.057104 0.057104
0 0.145537 0.349223 0.104278 0.104278
0 0.363814 0.077913 0.071945 0.071945
0 0.264175 0.342687 0.052757 0.052757
0 0.173358 0.858814 0.071945 0.071945
0 0.082746 0.864489 0.052757 0.052757
0 0.799937 0.769288 0.061130 0.061130
0 0.803461 0.364406 0.062220 0.062220
0 0.780806 0.218262 0.071945 0.071945
0 0.938360 0.684440 0.062220 0.062220
0 0.232973 0.812586 0.057104 0.057104
0 0.302399 0.157479 0.052757 0.052757
0 0.494695 0.153371 0.071945 0.071945
0 0.020723 0.185953 0.104277 0.104277
0 0.197078 0.397205 0.057104 0.057104
0 0.230656 0.065883 0.057104 0.057104
0 0.511277 0.747000 0.062220 0.062220
0 0.201153 0.143705 0.104277 0.104277
0 0.809515 0.872638 0.062220 0.062220
0 0.913215 0.455428 0.071945 0.071945
0 0.162280 0.263230 0.104277 0.104277
0 0.152734 0.044265 0.071945 0.071945
0 0.052433 0.788036 0.104277 0.104277
0 0.589257 0.572130 0.104277 0.104277
0 0.162554 0.672889 0.061131 0.061131
0 0.043690 0.667947 0.057104 0.057104
0 0.374224 0.188264 0.052757 0.052757
0 0.022849 0.596030 0.062220 0.062220
0 0.820532 0.576908 0.052757 0.052757
0 0.235891 0.687984 0.057104 0.057104
0 0.975282 0.764553 0.061131 0.061131
0 0.356499 0.480832 0.057104 0.057104
0 0.077261 0.389219 0.062220 0.062220
0 0.077435 0.316784 0.057104 0.057104
0 0.747307 0.572186 0.052757 0.052757
0 0.780979 0.437572 0.061130 0.061130
0 0.069663 0.041984 0.052757 0.052757
0 0.452460 0.456916 0.104277 0.104277
0 0.112438 0.580758 0.057104 0.057104
0 0.561292 0.006648 0.104277 0.104277
0 0.334843 0.001920 0.052757 0.052757
0 0.101089 0.724765 0.061130 0.061130
0 0.865185 0.232243 0.052757 0.052757
0 0.600576 0.176908 0.104277 0.104277
0 0.025178 0.464940 0.057104 0.057104