0 0.259794 0.890611 0.061130 0.061130
0 0.662739 0.852320 0.052757 0.052757
0 0.192887 0.750940 0.104277 0.104277
0 0.254713 0.659892 0.071945 0.071945
0 0.406526 0.645502 0.071945 0.071945
0 0.485279 0.852360 0.104277 0.104277
0 0.160565 0.852509 0.052757 0.052757
0 0.563143 0.898885 0.071945 0.071945
0 0.457432 0.194536 0.104277 0.104277
0 0.489912 0.535805 0.061131 0.061131
0 0.647534 0.159064 0.104277 0.104277
0 0.198596 0.522993 0.104277 0.104277
0 0.691723 0.355312 0.057104 0.057104
0 0.818176 0.560272 0.062221 0.062221
0 0.707082 0.523277 0.104277 0.104277
0 0.784108 0.317191 0.104277 0.104277
0 0.610564 0.068821 0.057104 0.057104
0 0.521027 0.272200 0.104277 0.104277
0 0.068659 0.695449 0.062220 0.062220
0 0.326668 0.458964 0.052757 0.052757
0 0.808129 0.832386 0.071945 0.071945
0 0.523918 0.110780 0.061131 0.061131
0 0.237472 0.817148 0.061131 0.061131
0 0.270606 0.569489 0.057104 0.057104
0 0.407134 0.034313 0.071945 0.071945
0 0.321688 0.777643 0.052757 0.052757
0 0.589745 0.513445 0.104277 0.104277
0 0.460022 0.329855 0.062220 0.062220
0 0.377895 0.713603 0.057104 0.057104
0 0.297848 0.396403 0.057104 0.057104
0 0.294695 0.235578 0.052757 0.052757
0 0.768444 0.666360 0.052757 0.052757
0 0.490368 0.935614 0.036679 0.036679
0 0.405849 0.373841 0.061130 0.061130
0 0.682300 0.055843 0.071945 0.071945
0 0.120718 0.222881 0.061131 0.061131
0 0.708357 0.627171 0.062221 0.062221
0 0.324130 0.866225 0.057104 0.057104
0 0.062930 0.542906 0.052757 0.052757
0 0.709987 0.432659 0.071945 0.071945
0 0.646902 0.662800 0.052757 0.052757
0 0.615712 0.246650 0.061130 0.061130
0 0.634008 0.730662 0.104277 0.104277
0 0.058898 0.818858 0.071945 0.071945
0 0.055844 0.144188 0.062220 0.062220
0 0.348778 0.330864 0.061131 0.061131
0 0.539646 0.754294 0.104277 0.104277
0 0.167993 0.625189 0.071945 0.071945
0 0.398005 0.264317 0.057104 0.057104
0 0.822776 0.979751 0.057104 0.057104
0 0.630551 0.921769 0.062220 0.062220
0 0.808410 0.186227 0.057104 0.057104
0 0.130117 0.785307 0.057104 0.057104
0 0.486573 0.696002 0.061130 0.061130
0 0.621499 0.321525 0.061130 0.061130
0 0.565333 0.826617 0.061130 0.061130
0 0.134591 0.425025 0.104277 0.104277
0 0.436669 0.790485 0.062220 0.062220
0 0.045950 0.960493 0.104277 0.104277
0 0.350101 0.561515 0.062220 0.062220
0 0.713798 0.937693 0.104277 0.104277
0 0.167031 0.108020 0.061131 0.061131
0 0.075416 0.896340 0.052757 0.052757
0 0.025127 0.054505 0.104277 0.104277
0 0.382332 0.936028 0.062220 0.062220
0 0.760742 0.240229 0.052757 0.052757
0 0.256570 0.178399 0.057104 0.057104
0 0.417173 0.479366 0.071945 0.071945
0 0.027052 0.462494 0.052757 0.052757
0 0.019819 0.232831 0.062220 0.062220
0 0.380056 0.137023 0.071945 0.071945
0 0.437995 0.983946 0.071945 0.071945
0 0.156349 0.965090 0.052757 0.052757
0 0.234727 0.360620 0.062220 0.062220
0 0.827999 0.711601 0.071945 0.071945
0 0.797828 0.015567 0.057104 0.057104
0 0.536138 0.009573 0.052757 0.052757
0 0.041602 0.362360 0.062220 0.062220
0 0.578890 0.974093 0.061131 0.061131
0 0.711165 0.761823 0.071945 0.071945
0 0.286188 0.111447 0.052757 0.052757
0 0.073522 0.294731 0.071945 0.071945
0 0.805546 0.410798 0.104277 0.104277
0 0.560133 0.443027 0.057104 0.057104
0 0.250956 0.028290 0.057104 0.057104
0 0.113723 0.351657 0.052757 0.052757
0 0.542876 0.582965 0.057104 0.057104
0 0.102175 0.064431 0.071945 0.071945
0 0.551538 0.369328 0.104277 0.104277
0 0.778530 0.119032 0.061130 0.061130
0 0.620871 0.396923 0.104277 0.104277
0 0.635051 0.593181 0.052757 0.052757
0 0.202532 0.238040 0.061131 0.061131