0 0.447294 0.859361 0.061130 0.061130
0 0.850239 0.821070 0.052757 0.052757
0 0.380387 0.719690 0.104277 0.104277
0 0.442213 0.628642 0.071945 0.071945
0 0.594026 0.614252 0.071945 0.071945
0 0.672779 0.821110 0.104277 0.104277
0 0.348065 0.821259 0.052757 0.052757
0 0.750643 0.867635 0.071945 0.071945
0 0.644932 0.163286 0.104277 0.104277
0 0.677412 0.504555 0.061131 0.061131
0 0.835034 0.127814 0.104277 0.104277
0 0.386096 0.491743 0.104277 0.104277
0 0.879223 0.324062 0.057104 0.057104
0 0.894582 0.492027 0.104277 0.104277
0 0.971608 0.285941 0.104277 0.104277
0 0.798064 0.037571 0.057104 0.057104
0 0.708527 0.240950 0.104277 0.104277
0 0.484966 0.986167 0.057104 0.057104
0 0.256159 0.664199 0.062220 0.062220
0 0.514168 0.427714 0.052757 0.052757
0 0.166994 0.849358 0.104277 0.104277
0 0.995629 0.801136 0.071945 0.071945
0 0.711418 0.079530 0.061131 0.061131
0 0.424972 0.785898 0.061131 0.061131
0 0.458106 0.538239 0.057104 0.057104
0 0.594634 0.003063 0.071945 0.071945
0 0.509188 0.746393 0.052757 0.052757
0 0.005096 0.451792 0.061130 0.061130
0 0.777245 0.482195 0.104277 0.104277
0 0.183230 0.575747 0.052757 0.052757
0 0.647522 0.298605 0.062220 0.062220
0 0.565395 0.682353 0.057104 0.057104
0 0.485348 0.365153 0.057104 0.057104
0 0.482195 0.204328 0.052757 0.052757
0 0.955944 0.635110 0.052757 0.052757
0 0.677868 0.904364 0.036679 0.036679
0 0.593349 0.342591 0.061130 0.061130
0 0.869800 0.024593 0.071945 0.071945
0 0.308218 0.191631 0.061131 0.061131
0 0.895857 0.595921 0.062221 0.062221
0 0.511630 0.834975 0.057104 0.057104
0 0.250430 0.511656 0.052757 0.052757
0 0.023546 0.661089 0.057104 0.057104
0 0.897487 0.401409 0.071945 0.071945
0 0.834402 0.631550 0.052757 0.052757
0 0.803212 0.215400 0.061130 0.061130
0 0.821508 0.699412 0.104277 0.104277
0 0.246398 0.787608 0.071945 0.071945
0 0.243344 0.112938 0.062220 0.062220
0 0.536278 0.299614 0.061131 0.061131
0 0.727146 0.723044 0.104277 0.104277
0 0.355493 0.593939 0.071945 0.071945
0 0.585505 0.233067 0.057104 0.057104
0 0.818051 0.890519 0.062220 0.062220
0 0.995910 0.154977 0.057104 0.057104
0 0.317617 0.754057 0.057104 0.057104
0 0.049954 0.329485 0.061130 0.061130
0 0.674073 0.664752 0.061130 0.061130
0 0.148384 0.972447 0.061130 0.061130
0 0.808999 0.290275 0.061130 0.061130
0 0.752833 0.795367 0.061130 0.061130
0 0.322091 0.393775 0.104277 0.104277
0 0.083696 0.874708 0.061130 0.061130
0 0.054770 0.802973 0.061130 0.061130
0 0.624169 0.759235 0.062220 0.062220
0 0.053364 0.040293 0.104277 0.104277
0 0.233450 0.929243 0.104277 0.104277
0 0.094253 0.540911 0.052757 0.052757
0 0.537601 0.530265 0.062220 0.062220
0 0.901298 0.906443 0.104277 0.104277
0 0.079392 0.997152 0.104277 0.104277
0 0.354531 0.076770 0.061131 0.061131
0 0.284011 0.977780 0.104277 0.104277
0 0.262916 0.865090 0.052757 0.052757
0 0.130141 0.125467 0.061130 0.061130
0 0.212627 0.023255 0.104277 0.104277
0 0.569832 0.904778 0.062220 0.062220
0 0.948242 0.208979 0.052757 0.052757
0 0.444070 0.147149 0.057104 0.057104
0 0.604673 0.448116 0.071945 0.071945
0 0.214552 0.431244 0.052757 0.052757
0 0.207319 0.201581 0.062220 0.062220
0 0.712043 0.987474 0.104277 0.104277
0 0.567556 0.105773 0.071945 0.071945
0 0.007923 0.968725 0.052757 0.052757
0 0.010496 0.115991 0.061130 0.061130
0 0.172084 0.265199 0.104278 0.104278
0 0.625495 0.952696 0.071945 0.071945
0 0.343849 0.933840 0.052757 0.052757
0 0.422227 0.329370 0.062220 0.062220
0 0.007468 0.520946 0.057104 0.057104
0 0.229102 0.331110 0.062220 0.062220
0 0.107659 0.445686 0.057104 0.057104
0 0.766390 0.942843 0.061131 0.061131
0 0.898665 0.730573 0.071945 0.071945
0 0.473688 0.080197 0.052757 0.052757
0 0.261022 0.263481 0.071945 0.071945
0 0.174602 0.500042 0.062220 0.062220
0 0.993046 0.379548 0.104277 0.104277
0 0.747633 0.411777 0.057104 0.057104
0 0.106661 0.223279 0.104277 0.104277
0 0.170584 0.741403 0.062220 0.062220
0 0.301223 0.320407 0.052757 0.052757
0 0.730376 0.551715 0.057104 0.057104
0 0.174161 0.651592 0.061131 0.061131
0 0.289675 0.033181 0.071945 0.071945
0 0.739038 0.338078 0.104277 0.104277
0 0.966030 0.087782 0.061130 0.061130
0 0.859058 0.979840 0.071945 0.071945
0 0.808371 0.365673 0.104277 0.104277
0 0.822551 0.561931 0.052757 0.052757
0 0.101669 0.748397 0.071945 0.071945
0 0.390032 0.206790 0.061131 0.061131