0 0.337717 0.177602 0.104277 0.104277
0 0.010177 0.385130 0.104278 0.104278
0 0.264220 0.976907 0.071945 0.071945
0 0.488007 0.175278 0.062220 0.062220
0 0.539341 0.944886 0.071945 0.071945
0 0.819719 0.685207 0.071945 0.071945
0 0.065833 0.822252 0.104277 0.104277
0 0.128321 0.546478 0.052757 0.052757
0 0.308618 0.733224 0.061130 0.061130
0 0.714896 0.858201 0.104277 0.104277
0 0.851265 0.165753 0.047276 0.047276
0 0.741619 0.472354 0.062220 0.062220
0 0.027615 0.495935 0.052757 0.052757
0 0.481562 0.695100 0.071945 0.071945
0 0.048686 0.667162 0.052757 0.052757
0 0.162369 0.996362 0.062220 0.062220
0 0.331841 0.092417 0.057104 0.057104
0 0.124993 0.742297 0.071945 0.071945
0 0.367703 0.279053 0.051819 0.051819
0 0.547851 0.222766 0.052757 0.052757
0 0.260409 0.567854 0.104277 0.104277
0 0.560270 0.813958 0.104277 0.104277
0 0.678049 0.625151 0.071945 0.071945
0 0.609127 0.171281 0.057103 0.057103
0 0.682796 0.556705 0.062220 0.062220
0 0.620752 0.752456 0.057104 0.057104
0 0.663719 0.926131 0.062220 0.062220
0 0.563469 0.684240 0.062220 0.062220
0 0.524743 0.010614 0.036679 0.036679
0 0.643781 0.288621 0.104277 0.104277
0 0.443544 0.349397 0.104277 0.104277
0 0.749118 0.656933 0.061130 0.061130
0 0.438681 0.276104 0.071945 0.071945
0 0.835273 0.271678 0.071945 0.071945
0 0.202866 0.818586 0.052757 0.052757
0 0.145152 0.288813 0.052757 0.052757
0 0.741112 0.303489 0.061131 0.061131
0 0.012890 0.741341 0.104277 0.104277
0 0.165524 0.684591 0.052757 0.052757
0 0.857151 0.054751 0.057104 0.057104
0 0.359999 0.436026 0.054783 0.054783
0 0.496842 0.881162 0.062220 0.062220
0 0.340529 0.956712 0.061131 0.061131
0 0.527551 0.369938 0.057103 0.057103
0 0.298922 0.885163 0.071945 0.071945
0 0.328101 0.548192 0.071945 0.071945
0 0.328361 0.619016 0.061130 0.061130
0 0.111225 0.209444 0.071945 0.071945
0 0.621857 0.436759 0.061131 0.061131
0 0.208381 0.444694 0.057104 0.057104
0 0.573035 0.304640 0.061131 0.061131
0 0.783364 0.914107 0.045227 0.045227
0 0.417752 0.962434 0.052757 0.052757
0 0.838606 0.397182 0.071945 0.071945
0 0.843988 0.535707 0.104278 0.104278
0 0.773589 0.157620 0.062220 0.062220
0 0.127298 0.921972 0.061130 0.061130
0 0.222576 0.322820 0.052757 0.052757
0 0.839029 0.817902 0.061130 0.061130
0 0.080325 0.035493 0.104277 0.104277
0 0.243730 0.133366 0.071945 0.071945
0 0.775193 0.370285 0.104278 0.104278
0 0.452514 0.536684 0.052757 0.052757
0 0.748173 0.012693 0.104277 0.104277
0 0.034118 0.279620 0.057104 0.057104
0 0.133719 0.357236 0.062220 0.062220
0 0.698546 0.409864 0.062220 0.062220
0 0.130886 0.084030 0.104277 0.104277
0 0.140191 0.615901 0.104277 0.104277
0 0.495378 0.776195 0.052757 0.052757
0 0.416707 0.011028 0.062220 0.062220
0 0.407425 0.828059 0.052757 0.052757
0 0.226962 0.894446 0.057104 0.057104
0 0.080022 0.413325 0.104277 0.104277
0 0.558918 0.093724 0.104277 0.104277
0 0.234855 0.217282 0.057104 0.057104
0 0.697435 0.761599 0.061131 0.061131
0 0.603072 0.625862 0.057104 0.057104
0 0.622107 0.360363 0.071945 0.071945
0 0.472370 0.058946 0.071945 0.071945
0 0.190724 0.040090 0.052757 0.052757
0 0.045030 0.191537 0.057104 0.057104
0 0.436359 0.422775 0.104277 0.104277
0 0.626639 0.855317 0.061131 0.061131
0 0.140505 0.849436 0.050559 0.050559
0 0.613265 0.049093 0.061131 0.061131
0 0.269644 0.792215 0.061130 0.061130
0 0.398915 0.612587 0.071945 0.071945
0 0.500902 0.466973 0.057104 0.057104
0 0.540948 0.524111 0.104277 0.104277
0 0.042147 0.584992 0.061131 0.061131
0 0.397715 0.707140 0.071945 0.071945
0 0.346440 0.368072 0.052757 0.052757
0 0.273877 0.402299 0.104277 0.104277
0 0.784558 0.775093 0.052757 0.052757
0 0.705933 0.086090 0.071945 0.071945
0 0.204360 0.521264 0.071945 0.071945
0 0.510624 0.615715 0.104277 0.104277
0 0.235067 0.659204 0.104277 0.104277
0 0.786833 0.581260 0.061131 0.061131
0 0.409326 0.138845 0.057104 0.057104
0 0.679077 0.221576 0.061131 0.061131