0 0.765842 0.390102 0.104277 0.104277
0 0.722294 0.178111 0.061130 0.061130
0 0.438302 0.597630 0.104278 0.104278
0 0.655387 0.038440 0.104277 0.104277
0 0.916132 0.387778 0.062220 0.062220
0 0.947779 0.139860 0.104277 0.104277
0 0.623065 0.140009 0.052757 0.052757
0 0.556446 0.758978 0.052757 0.052757
0 0.736743 0.945724 0.061130 0.061130
0 0.167261 0.093106 0.052757 0.052757
0 0.080979 0.749953 0.061130 0.061130
0 0.455740 0.708435 0.052757 0.052757
0 0.909687 0.907600 0.071945 0.071945
0 0.476811 0.879662 0.052757 0.052757
0 0.759966 0.304917 0.057104 0.057104
0 0.553118 0.954797 0.071945 0.071945
0 0.302719 0.960323 0.104277 0.104277
0 0.795828 0.491553 0.051819 0.051819
0 0.226886 0.929383 0.061130 0.061130
0 0.090947 0.514287 0.057104 0.057104
0 0.441994 0.168108 0.104277 0.104277
0 0.699972 0.104648 0.061131 0.061131
0 0.975976 0.435266 0.052757 0.052757
0 0.133957 0.827340 0.104277 0.104277
0 0.166806 0.300936 0.057104 0.057104
0 0.688534 0.780354 0.104277 0.104277
0 0.784188 0.065143 0.052757 0.052757
0 0.840395 0.001103 0.057104 0.057104
0 0.991594 0.896740 0.062220 0.062220
0 0.952868 0.223114 0.036679 0.036679
0 0.388148 0.509068 0.052757 0.052757
0 0.786630 0.153725 0.057104 0.057104
0 0.871669 0.561897 0.104277 0.104277
0 0.866806 0.488604 0.071945 0.071945
0 0.075829 0.668823 0.104277 0.104277
0 0.521398 0.106358 0.071945 0.071945
0 0.573277 0.501313 0.052757 0.052757
0 0.011784 0.750880 0.052757 0.052757
0 0.441015 0.953841 0.104277 0.104277
0 0.388312 0.815487 0.057104 0.057104
0 0.593649 0.897091 0.052757 0.052757
0 0.788124 0.648526 0.054783 0.054783
0 0.955676 0.582438 0.057103 0.057103
0 0.756226 0.760692 0.071945 0.071945
0 0.756486 0.831516 0.061130 0.061130
0 0.539350 0.421944 0.071945 0.071945
0 0.033160 0.948415 0.052757 0.052757
0 0.313027 0.627541 0.061130 0.061130
0 0.204380 0.526383 0.071945 0.071945
0 0.371029 0.742079 0.052757 0.052757
0 0.636506 0.657194 0.057104 0.057104
0 0.592617 0.072807 0.057104 0.057104
0 0.213128 0.249569 0.071945 0.071945
0 0.193284 0.694676 0.061130 0.061130
0 0.163953 0.611011 0.062220 0.062220
0 0.307723 0.462197 0.062220 0.062220
0 0.423384 0.291197 0.061130 0.061130
0 0.650701 0.535320 0.052757 0.052757
0 0.213322 0.856977 0.052757 0.052757
0 0.363496 0.893262 0.057104 0.057104
0 0.358696 0.193458 0.061130 0.061130
0 0.329770 0.121723 0.061130 0.061130
0 0.899169 0.077985 0.062220 0.062220
0 0.508450 0.247993 0.104277 0.104277
0 0.671855 0.345866 0.071945 0.071945
0 0.880639 0.749184 0.052757 0.052757
0 0.362150 0.399584 0.061130 0.061130
0 0.462243 0.492120 0.057104 0.057104
0 0.354392 0.315902 0.104277 0.104277
0 0.561844 0.569736 0.062220 0.062220
0 0.559011 0.296530 0.104277 0.104277
0 0.043700 0.084641 0.052757 0.052757
0 0.537916 0.183840 0.052757 0.052757
0 0.568316 0.828401 0.104277 0.104277
0 0.923503 0.988695 0.052757 0.052757
0 0.844832 0.223528 0.062220 0.062220
0 0.250275 0.057327 0.071945 0.071945
0 0.304603 0.704176 0.104277 0.104277
0 0.265249 0.558197 0.071945 0.071945
0 0.508147 0.625825 0.104277 0.104277
0 0.987043 0.306224 0.104277 0.104277
0 0.136152 0.015994 0.104277 0.104277
0 0.662980 0.429782 0.057104 0.057104
0 0.006315 0.622264 0.071945 0.071945
0 0.146187 0.466361 0.050932 0.050932
0 0.282923 0.287475 0.052757 0.052757
0 0.049060 0.234366 0.071945 0.071945
0 0.900495 0.271446 0.071945 0.071945
0 0.259820 0.194535 0.061130 0.061130
0 0.618849 0.252590 0.052757 0.052757
0 0.473155 0.404037 0.057104 0.057104
0 0.864484 0.635275 0.104277 0.104277
0 0.006644 0.520997 0.071945 0.071945
0 0.256724 0.354501 0.061130 0.061130
0 0.119089 0.197660 0.071945 0.071945
0 0.827040 0.825087 0.071945 0.071945
0 0.929027 0.679473 0.057104 0.057104
0 0.969073 0.736611 0.104277 0.104277
0 0.470272 0.797492 0.061131 0.061131
0 0.317379 0.838817 0.104277 0.104277
0 0.825840 0.919640 0.071945 0.071945
0 0.445584 0.060153 0.062220 0.062220
0 0.774565 0.580572 0.052757 0.052757
0 0.702002 0.614799 0.104277 0.104277
0 0.217516 0.451186 0.062220 0.062220
0 0.013271 0.429090 0.062220 0.062220
0 0.023935 0.008538 0.104277 0.104277
0 0.392284 0.667544 0.071945 0.071945
0 0.223277 0.778573 0.061130 0.061130
0 0.632485 0.733764 0.071945 0.071945
0 0.092224 0.368860 0.052757 0.052757
0 0.123792 0.966023 0.104277 0.104277
0 0.938749 0.828215 0.104277 0.104277
0 0.663192 0.871704 0.104277 0.104277
0 0.376669 0.067147 0.071945 0.071945
0 0.087944 0.586965 0.071945 0.071945
0 0.837451 0.351345 0.057104 0.057104
0 0.172174 0.376741 0.071945 0.071945