0 0.381669 0.878111 0.061130 0.061130
0 0.784614 0.839820 0.052757 0.052757
0 0.314762 0.738440 0.104277 0.104277
0 0.376588 0.647392 0.071945 0.071945
0 0.528401 0.633002 0.071945 0.071945
0 0.607154 0.839860 0.104277 0.104277
0 0.282440 0.840009 0.052757 0.052757
0 0.685018 0.886385 0.071945 0.071945
0 0.579307 0.182036 0.104277 0.104277
0 0.611787 0.523305 0.061131 0.061131
0 0.769409 0.146564 0.104277 0.104277
0 0.320471 0.510493 0.104277 0.104277
0 0.813598 0.342812 0.057104 0.057104
0 0.940051 0.547772 0.062221 0.062221
0 0.828957 0.510777 0.104277 0.104277
0 0.905983 0.304691 0.104277 0.104277
0 0.732439 0.056321 0.057104 0.057104
0 0.642902 0.259700 0.104277 0.104277
0 0.190534 0.682949 0.062220 0.062220
0 0.448543 0.446464 0.052757 0.052757
0 0.101369 0.868108 0.104277 0.104277
0 0.930004 0.819886 0.071945 0.071945
0 0.645793 0.098280 0.061131 0.061131
0 0.359347 0.804648 0.061131 0.061131
0 0.392481 0.556989 0.057104 0.057104
0 0.529009 0.021813 0.071945 0.071945
0 0.443563 0.765143 0.052757 0.052757
0 0.711620 0.500945 0.104277 0.104277
0 0.117605 0.594497 0.052757 0.052757
0 0.581897 0.317355 0.062220 0.062220
0 0.499770 0.701103 0.057104 0.057104
0 0.419723 0.383903 0.057104 0.057104
0 0.416570 0.223078 0.052757 0.052757
0 0.890319 0.653860 0.052757 0.052757
0 0.612243 0.923114 0.036679 0.036679
0 0.527724 0.361341 0.061130 0.061130
0 0.804175 0.043343 0.071945 0.071945
0 0.242593 0.210381 0.061131 0.061131
0 0.830232 0.614671 0.062221 0.062221
0 0.446005 0.853725 0.057104 0.057104
0 0.184805 0.530406 0.052757 0.052757
0 0.831862 0.420159 0.071945 0.071945
0 0.768777 0.650300 0.052757 0.052757
0 0.737587 0.234150 0.061130 0.061130
0 0.755883 0.718162 0.104277 0.104277
0 0.180773 0.806358 0.071945 0.071945
0 0.177719 0.131688 0.062220 0.062220
0 0.470653 0.318364 0.061131 0.061131
0 0.661521 0.741794 0.104277 0.104277
0 0.289868 0.612689 0.071945 0.071945
0 0.519880 0.251817 0.057104 0.057104
0 0.944651 0.967251 0.057104 0.057104
0 0.752426 0.909269 0.062220 0.062220
0 0.930285 0.173727 0.057104 0.057104
0 0.251992 0.772807 0.057104 0.057104
0 0.608448 0.683502 0.061130 0.061130
0 0.082759 0.991197 0.061130 0.061130
0 0.743374 0.309025 0.061130 0.061130
0 0.687208 0.814117 0.061130 0.061130
0 0.256466 0.412525 0.104277 0.104277
0 0.018071 0.893458 0.061130 0.061130
0 0.558544 0.777985 0.062220 0.062220
0 0.167825 0.947993 0.104277 0.104277
0 0.028628 0.559661 0.052757 0.052757
0 0.471976 0.549015 0.062220 0.062220
0 0.835673 0.925193 0.104277 0.104277
0 0.288906 0.095520 0.061131 0.061131
0 0.218386 0.996530 0.104277 0.104277
0 0.197291 0.883840 0.052757 0.052757
0 0.064516 0.144217 0.061130 0.061130
0 0.147002 0.042005 0.104277 0.104277
0 0.504207 0.923528 0.062220 0.062220
0 0.882617 0.227729 0.052757 0.052757
0 0.378445 0.165899 0.057104 0.057104
0 0.539048 0.466866 0.071945 0.071945
0 0.148927 0.449994 0.052757 0.052757
0 0.141694 0.220331 0.062220 0.062220
0 0.501931 0.124523 0.071945 0.071945
0 0.106459 0.283949 0.104278 0.104278
0 0.559870 0.971446 0.071945 0.071945
0 0.278224 0.952590 0.052757 0.052757
0 0.356602 0.348120 0.062220 0.062220
0 0.949874 0.699101 0.071945 0.071945
0 0.919703 0.003067 0.057104 0.057104
0 0.163477 0.349860 0.062220 0.062220
0 0.042034 0.464436 0.057104 0.057104
0 0.700765 0.961593 0.061131 0.061131
0 0.833040 0.749323 0.071945 0.071945
0 0.408063 0.098947 0.052757 0.052757
0 0.195397 0.282231 0.071945 0.071945
0 0.108977 0.518792 0.062220 0.062220
0 0.927421 0.398298 0.104277 0.104277
0 0.682008 0.430527 0.057104 0.057104
0 0.041036 0.242029 0.104277 0.104277
0 0.372831 0.015790 0.057104 0.057104
0 0.104959 0.760153 0.062220 0.062220
0 0.235598 0.339157 0.052757 0.052757
0 0.664751 0.570465 0.057104 0.057104
0 0.047069 0.009910 0.061130 0.061130
0 0.108536 0.670342 0.061131 0.061131
0 0.224050 0.051931 0.071945 0.071945
0 0.673413 0.356828 0.104277 0.104277
0 0.900405 0.106532 0.061130 0.061130
0 0.793433 0.998590 0.071945 0.071945
0 0.742746 0.384423 0.104277 0.104277
0 0.756926 0.580681 0.052757 0.052757
0 0.036044 0.767147 0.071945 0.071945
0 0.324407 0.225540 0.061131 0.061131