0 0.192345 0.176907 0.071945 0.071945
0 0.754884 0.683609 0.104277 0.104277
0 0.393889 0.787558 0.052757 0.052757
0 0.467466 0.144886 0.071945 0.071945
0 0.499594 0.260256 0.052757 0.052757
0 0.201029 0.547239 0.061130 0.061130
0 0.737877 0.367410 0.061131 0.061131
0 0.643754 0.483744 0.062220 0.062220
0 0.643021 0.058201 0.104277 0.104277
0 0.627110 0.653937 0.052757 0.052757
0 0.263156 0.655331 0.104277 0.104277
0 0.784932 0.776062 0.052757 0.052757
0 0.087093 0.443620 0.104277 0.104277
0 0.045954 0.565231 0.104277 0.104277
0 0.090494 0.196362 0.062220 0.062220
0 0.519909 0.506540 0.104277 0.104277
0 0.115847 0.368620 0.057104 0.057104
0 0.610017 0.221320 0.104277 0.104277
0 0.659367 0.763661 0.061130 0.061130
0 0.630924 0.834641 0.104277 0.104277
0 0.565156 0.412439 0.071945 0.071945
0 0.775214 0.305063 0.052757 0.052757
0 0.488395 0.013958 0.104277 0.104277
0 0.125971 0.723230 0.062220 0.062220
0 0.184194 0.351056 0.104277 0.104277
0 0.601408 0.565198 0.052757 0.052757
0 0.341856 0.648248 0.062220 0.062220
0 0.069547 0.292118 0.061130 0.061130
0 0.591844 0.126131 0.062220 0.062220
0 0.344586 0.253318 0.052757 0.052757
0 0.002344 0.470841 0.104277 0.104277
0 0.463329 0.641068 0.062220 0.062220
0 0.311803 0.440186 0.071945 0.071945
0 0.521807 0.355195 0.102474 0.102474
0 0.562696 0.712315 0.071945 0.071945
0 0.130991 0.018586 0.052757 0.052757
0 0.416143 0.347370 0.104277 0.104277
0 0.464546 0.812109 0.104277 0.104277
0 0.424967 0.081162 0.062220 0.062220
0 0.268654 0.156712 0.061131 0.061131
0 0.227047 0.085163 0.071945 0.071945
0 0.015248 0.203712 0.062220 0.062220
0 0.549193 0.808996 0.104277 0.104277
0 0.230193 0.408023 0.057104 0.057104
0 0.042915 0.361550 0.104277 0.104277
0 0.711489 0.114107 0.045227 0.045227
0 0.370797 0.714001 0.062220 0.062220
0 0.345877 0.162434 0.052757 0.052757
0 0.055423 0.121972 0.061130 0.061130
0 0.767154 0.017902 0.061130 0.061130
0 0.325548 0.812572 0.052757 0.052757
0 0.328986 0.369544 0.062220 0.062220
0 0.273409 0.549303 0.104277 0.104277
0 0.000860 0.631315 0.062220 0.062220
0 0.185404 0.777033 0.052757 0.052757
0 0.457391 0.738969 0.052757 0.052757
0 0.101502 0.512956 0.062220 0.062220
0 0.335550 0.028059 0.052757 0.052757
0 0.758743 0.584757 0.061131 0.061131
0 0.277026 0.724863 0.061131 0.061131
0 0.155087 0.094446 0.057104 0.057104
0 0.252351 0.475025 0.104277 0.104277
0 0.724315 0.460769 0.061131 0.061131
0 0.690569 0.611854 0.062221 0.062221
0 0.526467 0.612136 0.052757 0.052757
0 0.422572 0.254495 0.055027 0.055027
0 0.554764 0.055317 0.061131 0.061131
0 0.213263 0.283408 0.062220 0.062220
0 0.095789 0.807943 0.061130 0.061130
0 0.632601 0.358673 0.104277 0.104277
0 0.241007 0.826078 0.062220 0.062220
0 0.068630 0.049436 0.050559 0.050559
0 0.362852 0.547571 0.052757 0.052757
0 0.169253 0.440371 0.071945 0.071945
0 0.037782 0.711428 0.061131 0.061131
0 0.285302 0.296218 0.104277 0.104277
0 0.449312 0.440475 0.061130 0.061130
0 0.127803 0.640481 0.104277 0.104277
0 0.687340 0.307347 0.057104 0.057104
0 0.701290 0.231264 0.088662 0.088662