0 0.527370 0.257198 0.062220 0.062220
0 0.276362 0.560231 0.104277 0.104277
0 0.304420 0.970187 0.057103 0.057103
0 0.481444 0.316040 0.062220 0.062220
0 0.628018 0.293052 0.070161 0.070161
0 0.258738 0.284664 0.104278 0.104278
0 0.509225 0.720377 0.057104 0.057104
0 0.758969 0.941063 0.062220 0.062220
0 0.236540 0.792325 0.104277 0.104277
0 0.897932 0.384249 0.071945 0.071945
0 0.995591 0.071627 0.062220 0.062220
0 0.417419 0.264176 0.071945 0.071945
0 0.713725 0.322805 0.062220 0.062220
0 0.730853 0.625097 0.061131 0.061131
0 0.391839 0.032756 0.062220 0.062220
0 0.045301 0.725384 0.104277 0.104277
0 0.750296 0.386641 0.104277 0.104277
0 0.925491 0.039032 0.052757 0.052757
0 0.158834 0.322243 0.071945 0.071945
0 0.664755 0.232276 0.061130 0.061130
0 0.255937 0.656474 0.057104 0.057104
0 0.377640 0.115517 0.071945 0.071945
0 0.446990 0.875508 0.057104 0.057104
0 0.204507 0.605343 0.104277 0.104277
0 0.794265 0.521567 0.071945 0.071945
0 0.311944 0.054518 0.104277 0.104277
0 0.128185 0.130298 0.104277 0.104277
0 0.255406 0.166955 0.057104 0.057104
0 0.247489 0.030254 0.071945 0.071945
0 0.480154 0.636804 0.104277 0.104277
0 0.858481 0.118081 0.071945 0.071945
0 0.367013 0.917943 0.052757 0.052757
0 0.170868 0.474291 0.052757 0.052757
0 0.645316 0.455868 0.104277 0.104277
0 0.746180 0.200465 0.057104 0.057104
0 0.437929 0.457652 0.062220 0.062220
0 0.746936 0.003321 0.061131 0.061131
0 0.120188 0.941285 0.062220 0.062220
0 0.856348 0.770481 0.071945 0.071945
0 0.023679 0.399869 0.062220 0.062220
0 0.292254 0.720973 0.057104 0.057104
0 0.449408 0.970008 0.057104 0.057104
0 0.045780 0.039003 0.104277 0.104277
0 0.716652 0.102596 0.071945 0.071945
0 0.606107 0.162778 0.071945 0.071945
0 0.497798 0.799337 0.052757 0.052757
0 0.568989 0.868418 0.104277 0.104277
0 0.537546 0.437529 0.062220 0.062220
0 0.467749 0.097832 0.052757 0.052757
0 0.870156 0.904895 0.061131 0.061131
0 0.345071 0.360656 0.071945 0.071945
0 0.645766 0.953592 0.061130 0.061130
0 0.335737 0.596440 0.052757 0.052757
0 0.381679 0.808023 0.057104 0.057104
0 0.210958 0.991041 0.071945 0.071945
0 0.728252 0.851380 0.104277 0.104277
0 0.843771 0.020610 0.052757 0.052757
0 0.779600 0.266104 0.062220 0.062220
0 0.941133 0.735840 0.062220 0.062220
0 0.050000 0.126438 0.057104 0.057104
0 0.633177 0.688743 0.062220 0.062220
0 0.959695 0.975274 0.057104 0.057104
0 0.036548 0.484351 0.061130 0.061130
0 0.193757 0.732191 0.052757 0.052757
0 0.523346 0.152943 0.052757 0.052757
0 0.824164 0.450042 0.061131 0.061131
0 0.114662 0.423750 0.071945 0.071945
0 0.728008 0.487360 0.061131 0.061131
0 0.076576 0.203110 0.104277 0.104277
0 0.996549 0.261564 0.071945 0.071945
0 0.600963 0.063160 0.057104 0.057104
0 0.526121 0.944116 0.061130 0.061130
0 0.053649 0.596402 0.057104 0.057104
0 0.217473 0.105854 0.062220 0.062220
0 0.690992 0.565523 0.052757 0.052757
0 0.770626 0.760344 0.061131 0.061131
0 0.988180 0.457886 0.057104 0.057104
0 0.595959 0.365556 0.052757 0.052757
0 0.034767 0.941554 0.062220 0.062220
0 0.843105 0.299219 0.071945 0.071945
0 0.924279 0.161222 0.071945 0.071945
0 0.569043 0.590938 0.104277 0.104277
0 0.347561 0.670925 0.061130 0.061130
0 0.291412 0.490841 0.104277 0.104277
0 0.254113 0.361741 0.052757 0.052757
0 0.989313 0.908322 0.052757 0.052757
0 0.058172 0.863619 0.057104 0.057104
0 0.474612 0.395504 0.057104 0.057104
0 0.356997 0.519930 0.071945 0.071945
0 0.433141 0.160367 0.104277 0.104277
0 0.587560 0.746372 0.061130 0.061130
0 0.854685 0.222269 0.071945 0.071945
0 0.351134 0.282434 0.056505 0.056505
0 0.954081 0.825165 0.057104 0.057104
0 0.859930 0.573186 0.104277 0.104277
0 0.628319 0.819285 0.061130 0.061130
0 0.926272 0.642623 0.052757 0.052757
0 0.805300 0.861306 0.071945 0.071945
0 0.933427 0.508167 0.071945 0.071945
0 0.947400 0.318181 0.104277 0.104277
0 0.571226 0.503787 0.057104 0.057104
0 0.345431 0.213745 0.061130 0.061130
0 0.322755 0.850144 0.062220 0.062220
0 0.673765 0.758095 0.071945 0.071945
0 0.678332 0.163830 0.057103 0.057103
0 0.421948 0.545086 0.057104 0.057104
0 0.144985 0.237547 0.062220 0.062220
0 0.104025 0.773300 0.104277 0.104277
0 0.082248 0.357966 0.057104 0.057104
0 0.222566 0.908999 0.052757 0.052757
0 0.109427 0.653595 0.057104 0.057104
0 0.162261 0.024797 0.061130 0.061130
0 0.169817 0.834456 0.062220 0.062220
0 0.813829 0.632323 0.052757 0.052757