0 0.302370 0.466573 0.062220 0.062220
0 0.051362 0.769606 0.104277 0.104277
0 0.851368 0.244712 0.052757 0.052757
0 0.944581 0.191786 0.052757 0.052757
0 0.256444 0.525415 0.062220 0.062220
0 0.403018 0.502427 0.070161 0.070161
0 0.033738 0.494039 0.104278 0.104278
0 0.756392 0.161020 0.062220 0.062220
0 0.284225 0.929752 0.057104 0.057104
0 0.153131 0.165446 0.057104 0.057104
0 0.672932 0.593624 0.071945 0.071945
0 0.954331 0.501000 0.061130 0.061130
0 0.770591 0.281002 0.062220 0.062220
0 0.192419 0.473551 0.071945 0.071945
0 0.488725 0.532180 0.062220 0.062220
0 0.943044 0.864372 0.071945 0.071945
0 0.505853 0.834472 0.061131 0.061131
0 0.793493 0.745523 0.061130 0.061130
0 0.166839 0.242131 0.062220 0.062220
0 0.818506 0.864398 0.104277 0.104277
0 0.525296 0.596016 0.104277 0.104277
0 0.700491 0.248407 0.052757 0.052757
0 0.439755 0.441651 0.061130 0.061130
0 0.030937 0.865849 0.057104 0.057104
0 0.152640 0.324892 0.071945 0.071945
0 0.569265 0.730942 0.071945 0.071945
0 0.942422 0.996075 0.104277 0.104277
0 0.086944 0.263893 0.104277 0.104277
0 0.030406 0.376330 0.057104 0.057104
0 0.022489 0.239629 0.071945 0.071945
0 0.826876 0.417844 0.061130 0.061130
0 0.255154 0.846179 0.104277 0.104277
0 0.923430 0.396945 0.057104 0.057104
0 0.633481 0.327456 0.071945 0.071945
0 0.239352 0.195885 0.071945 0.071945
0 0.420316 0.665243 0.104277 0.104277
0 0.521180 0.409840 0.057104 0.057104
0 0.212929 0.667027 0.062220 0.062220
0 0.521936 0.212696 0.061131 0.061131
0 0.631348 0.979856 0.071945 0.071945
0 0.067254 0.930348 0.057104 0.057104
0 0.831375 0.168324 0.057104 0.057104
0 0.986542 0.344897 0.062220 0.062220
0 0.491652 0.311971 0.071945 0.071945
0 0.381107 0.372153 0.071945 0.071945
0 0.312546 0.646904 0.062220 0.062220
0 0.242749 0.307207 0.052757 0.052757
0 0.120071 0.570031 0.071945 0.071945
0 0.110737 0.805815 0.052757 0.052757
0 0.618771 0.229985 0.052757 0.052757
0 0.554600 0.475479 0.062220 0.062220
0 0.716133 0.945215 0.062220 0.062220
0 0.408177 0.898118 0.062220 0.062220
0 0.824285 0.335132 0.061131 0.061131
0 0.298346 0.362318 0.052757 0.052757
0 0.599164 0.659417 0.061131 0.061131
0 0.352029 0.191282 0.071945 0.071945
0 0.503008 0.696735 0.061131 0.061131
0 0.771549 0.470939 0.071945 0.071945
0 0.683014 0.168200 0.062220 0.062220
0 0.375963 0.272535 0.057104 0.057104
0 0.062501 0.145809 0.104277 0.104277
0 0.465992 0.774898 0.052757 0.052757
0 0.545626 0.969719 0.061131 0.061131
0 0.964742 0.590931 0.052757 0.052757
0 0.763180 0.667261 0.057104 0.057104
0 0.370959 0.574931 0.052757 0.052757
0 0.618105 0.508594 0.071945 0.071945
0 0.881091 0.484469 0.052757 0.052757
0 0.699279 0.370597 0.071945 0.071945
0 0.434733 0.159127 0.104277 0.104277
0 0.344043 0.800313 0.104277 0.104277
0 0.122561 0.880300 0.061130 0.061130
0 0.066412 0.700216 0.104277 0.104277
0 0.029113 0.571116 0.052757 0.052757
0 0.901024 0.681837 0.071945 0.071945
0 0.249612 0.604879 0.057104 0.057104
0 0.802986 0.596408 0.062220 0.062220
0 0.131997 0.729305 0.071945 0.071945
0 0.208141 0.369742 0.104277 0.104277
0 0.795278 0.960854 0.057104 0.057104
0 0.362560 0.955747 0.061130 0.061130
0 0.629685 0.431644 0.071945 0.071945
0 0.126134 0.491809 0.056505 0.056505
0 0.634930 0.782561 0.104277 0.104277
0 0.701272 0.851998 0.052757 0.052757
0 0.869942 0.620000 0.104277 0.104277
0 0.708427 0.717542 0.071945 0.071945
0 0.722400 0.527556 0.104277 0.104277
0 0.346226 0.713162 0.057104 0.057104
0 0.120431 0.423120 0.061130 0.061130
0 0.448765 0.967470 0.071945 0.071945
0 0.453332 0.373205 0.057103 0.057103
0 0.196948 0.754461 0.057104 0.057104
0 0.925183 0.780742 0.104277 0.104277
0 0.606049 0.159549 0.057104 0.057104
0 0.981960 0.435435 0.052757 0.052757
0 0.588829 0.841698 0.052757 0.052757
0 0.883264 0.958852 0.062220 0.062220
0 0.934656 0.284777 0.061131 0.061131