0 0.540842 0.924477 0.104277 0.104277
0 0.497294 0.712486 0.061130 0.061130
0 0.900239 0.674195 0.052757 0.052757
0 0.430387 0.572815 0.104277 0.104277
0 0.492213 0.481767 0.071945 0.071945
0 0.691132 0.922153 0.062220 0.062220
0 0.644026 0.467377 0.071945 0.071945
0 0.722779 0.674235 0.104277 0.104277
0 0.398065 0.674384 0.052757 0.052757
0 0.800643 0.720760 0.071945 0.071945
0 0.694932 0.016411 0.104277 0.104277
0 0.727412 0.357680 0.061131 0.061131
0 0.436096 0.344868 0.104277 0.104277
0 0.929223 0.177187 0.057104 0.057104
0 0.944582 0.345152 0.104277 0.104277
0 0.758527 0.094075 0.104277 0.104277
0 0.534966 0.839292 0.057104 0.057104
0 0.306159 0.517324 0.062220 0.062220
0 0.564168 0.280839 0.052757 0.052757
0 0.216994 0.702483 0.104277 0.104277
0 0.474972 0.639023 0.061131 0.061131
0 0.750976 0.969641 0.052757 0.052757
0 0.508106 0.391364 0.057104 0.057104
0 0.007848 0.242478 0.071945 0.071945
0 0.812252 0.918156 0.057103 0.057103
0 0.559188 0.599518 0.052757 0.052757
0 0.055096 0.304917 0.061130 0.061130
0 0.827245 0.335320 0.104277 0.104277
0 0.233230 0.428872 0.052757 0.052757
0 0.697522 0.151730 0.062220 0.062220
0 0.615395 0.535478 0.057104 0.057104
0 0.535348 0.218278 0.057104 0.057104
0 0.532195 0.057453 0.052757 0.052757
0 0.727868 0.757489 0.036679 0.036679
0 0.643349 0.195716 0.061130 0.061130
0 0.358218 0.044756 0.061131 0.061131
0 0.945857 0.449046 0.062221 0.062221
0 0.561630 0.688100 0.057104 0.057104
0 0.300430 0.364781 0.052757 0.052757
0 0.073546 0.514214 0.057104 0.057104
0 0.947487 0.254534 0.071945 0.071945
0 0.884402 0.484675 0.052757 0.052757
0 0.853212 0.068525 0.061130 0.061130
0 0.871508 0.552537 0.104277 0.104277
0 0.296398 0.640733 0.071945 0.071945
0 0.586278 0.152739 0.061131 0.061131
0 0.777146 0.576169 0.104277 0.104277
0 0.405493 0.447064 0.071945 0.071945
0 0.635505 0.086192 0.057104 0.057104
0 0.868051 0.743644 0.062220 0.062220
0 0.314350 0.956319 0.071945 0.071945
0 0.367617 0.607182 0.057104 0.057104
0 0.099954 0.182610 0.061130 0.061130
0 0.724073 0.517877 0.061130 0.061130
0 0.082723 0.996572 0.062220 0.062220
0 0.198384 0.825572 0.061130 0.061130
0 0.858999 0.143400 0.061130 0.061130
0 0.976714 0.904495 0.062220 0.062220
0 0.802833 0.648492 0.061130 0.061130
0 0.372091 0.246900 0.104277 0.104277
0 0.133696 0.727833 0.061130 0.061130
0 0.104770 0.656098 0.061130 0.061130
0 0.674169 0.612360 0.062220 0.062220
0 0.283450 0.782368 0.104277 0.104277
0 0.446855 0.880241 0.071945 0.071945
0 0.144253 0.394036 0.052757 0.052757
0 0.587601 0.383390 0.062220 0.062220
0 0.137150 0.933959 0.061130 0.061130
0 0.951298 0.759568 0.104277 0.104277
0 0.129392 0.850277 0.104277 0.104277
0 0.334011 0.830905 0.104277 0.104277
0 0.044832 0.095395 0.104277 0.104277
0 0.312916 0.718215 0.052757 0.052757
0 0.619832 0.757903 0.062220 0.062220
0 0.998242 0.062104 0.052757 0.052757
0 0.494070 0.000274 0.057104 0.057104
0 0.025275 0.591702 0.071945 0.071945
0 0.654673 0.301241 0.071945 0.071945
0 0.264552 0.284369 0.052757 0.052757
0 0.257319 0.054706 0.062220 0.062220
0 0.762043 0.840599 0.104277 0.104277
0 0.437980 0.964157 0.057104 0.057104
0 0.057923 0.821850 0.052757 0.052757
0 0.222084 0.118324 0.104278 0.104278
0 0.675495 0.805821 0.071945 0.071945
0 0.034820 0.728910 0.061130 0.061130
0 0.393849 0.786965 0.052757 0.052757
0 0.248155 0.938412 0.057104 0.057104
0 0.472227 0.182495 0.062220 0.062220
0 0.057468 0.374071 0.057104 0.057104
0 0.279102 0.184235 0.062220 0.062220
0 0.157659 0.298811 0.057104 0.057104
0 0.031724 0.888876 0.061130 0.061130
0 0.816390 0.795968 0.061131 0.061131
0 0.948665 0.583698 0.071945 0.071945
0 0.021576 0.448536 0.048997 0.048997
0 0.311022 0.116606 0.071945 0.071945
0 0.224602 0.353167 0.062220 0.062220
0 0.797633 0.264902 0.057104 0.057104
0 0.156661 0.076404 0.104277 0.104277
0 0.220584 0.594528 0.062220 0.062220
0 0.351223 0.173532 0.052757 0.052757
0 0.780376 0.404840 0.057104 0.057104
0 0.224161 0.504717 0.061131 0.061131
0 0.789038 0.191203 0.104277 0.104277
0 0.909058 0.832965 0.071945 0.071945
0 0.858371 0.218798 0.104277 0.104277
0 0.872551 0.415056 0.052757 0.052757
0 0.151669 0.601522 0.071945 0.071945
0 0.612451 0.885720 0.057104 0.057104
0 0.440032 0.059915 0.061131 0.061131
0 0.882202 0.968451 0.061131 0.061131