0 0.984592 0.130727 0.104277 0.104277
0 0.657052 0.338255 0.104278 0.104278
0 0.911095 0.930032 0.071945 0.071945
0 0.712708 0.775377 0.104277 0.104277
0 0.775196 0.499603 0.052757 0.052757
0 0.955493 0.686349 0.061130 0.061130
0 0.447687 0.856571 0.052757 0.052757
0 0.459379 0.943120 0.104277 0.104277
0 0.299729 0.490578 0.061130 0.061130
0 0.674490 0.449060 0.052757 0.052757
0 0.695561 0.620287 0.052757 0.052757
0 0.809244 0.949487 0.062220 0.062220
0 0.439112 0.769150 0.104277 0.104277
0 0.978716 0.045542 0.057104 0.057104
0 0.771868 0.695422 0.071945 0.071945
0 0.521469 0.700948 0.104277 0.104277
0 0.445636 0.670008 0.061130 0.061130
0 0.309697 0.254912 0.057104 0.057104
0 0.352707 0.567965 0.104277 0.104277
0 0.385556 0.041561 0.057104 0.057104
0 0.907284 0.520979 0.104277 0.104277
0 0.168328 0.985780 0.052757 0.052757
0 0.572577 0.847003 0.104277 0.104277
0 0.329130 0.986607 0.061130 0.061130
0 0.025164 0.697299 0.061130 0.061130
0 0.606898 0.249693 0.052757 0.052757
0 0.012588 0.235765 0.071945 0.071945
0 0.151193 0.340287 0.104277 0.104277
0 0.071624 0.409211 0.052757 0.052757
0 0.294579 0.409448 0.104277 0.104277
0 0.368059 0.807930 0.052757 0.052757
0 0.849741 0.771711 0.052757 0.052757
0 0.792027 0.241938 0.052757 0.052757
0 0.230534 0.491505 0.052757 0.052757
0 0.659765 0.694466 0.104277 0.104277
0 0.607062 0.556112 0.057104 0.057104
0 0.812399 0.637716 0.052757 0.052757
0 0.987404 0.909837 0.061131 0.061131
0 0.510230 0.780098 0.061130 0.061130
0 0.945797 0.838288 0.071945 0.071945
0 0.974976 0.501317 0.071945 0.071945
0 0.185061 0.710649 0.104278 0.104278
0 0.733998 0.956837 0.062220 0.062220
0 0.975236 0.572141 0.061130 0.061130
0 0.758100 0.162569 0.071945 0.071945
0 0.251910 0.689040 0.052757 0.052757
0 0.531777 0.368166 0.061130 0.061130
0 0.423130 0.267008 0.071945 0.071945
0 0.589779 0.482704 0.052757 0.052757
0 0.855256 0.397819 0.057104 0.057104
0 0.044351 0.955341 0.062220 0.062220
0 0.261371 0.944064 0.057104 0.057104
0 0.132963 0.148512 0.061130 0.061130
0 0.630326 0.808458 0.071945 0.071945
0 0.412034 0.435301 0.061130 0.061130
0 0.382703 0.351636 0.062220 0.062220
0 0.526473 0.202822 0.062220 0.062220
0 0.642134 0.031822 0.061130 0.061130
0 0.774173 0.875097 0.061130 0.061130
0 0.869451 0.275945 0.052757 0.052757
0 0.432072 0.597602 0.052757 0.052757
0 0.582246 0.633887 0.057104 0.057104
0 0.217789 0.811533 0.057104 0.057104
0 0.085831 0.298290 0.104277 0.104277
0 0.145064 0.777913 0.071945 0.071945
0 0.562056 0.918262 0.071945 0.071945
0 0.890605 0.086491 0.071945 0.071945
0 0.083649 0.857479 0.052757 0.052757
0 0.275945 0.853371 0.071945 0.071945
0 0.580900 0.140209 0.061130 0.061130
0 0.680993 0.232745 0.057104 0.057104
0 0.573142 0.056527 0.104277 0.104277
0 0.780594 0.310361 0.062220 0.062220
0 0.011906 0.765883 0.057104 0.057104
0 0.777761 0.037155 0.104277 0.104277
0 0.787066 0.569026 0.104277 0.104277
0 0.523353 0.444801 0.104277 0.104277
0 0.483999 0.298822 0.071945 0.071945
0 0.026141 0.149948 0.104277 0.104277
0 0.873837 0.847571 0.057104 0.057104
0 0.726897 0.366450 0.104277 0.104277
0 0.881730 0.170407 0.057104 0.057104
0 0.225065 0.362889 0.071945 0.071945
0 0.364937 0.206986 0.050932 0.050932
0 0.501673 0.028100 0.052757 0.052757
0 0.155474 0.888264 0.052757 0.052757
0 0.691905 0.144662 0.057104 0.057104
0 0.225394 0.261622 0.071945 0.071945
0 0.133031 0.024793 0.104277 0.104277
0 0.475474 0.095126 0.061130 0.061130
0 0.787380 0.802561 0.050559 0.050559
0 0.098362 0.625904 0.104277 0.104277
0 0.916519 0.745340 0.061130 0.061130
0 0.148505 0.470139 0.104277 0.104277
0 0.689022 0.538117 0.061131 0.061131
0 0.536129 0.579442 0.104277 0.104277
0 0.139011 0.246441 0.052757 0.052757
0 0.993315 0.321197 0.052757 0.052757
0 0.920752 0.355424 0.104277 0.104277
0 0.436266 0.191811 0.062220 0.062220
0 0.232021 0.169715 0.062220 0.062220
0 0.054178 0.544916 0.052757 0.052757
0 0.023067 0.617552 0.061130 0.061130
0 0.146410 0.560502 0.062220 0.062220
0 0.212920 0.595544 0.071945 0.071945
0 0.611034 0.408169 0.071945 0.071945
0 0.442027 0.519198 0.061130 0.061130
0 0.081789 0.079720 0.071945 0.071945
0 0.851235 0.474389 0.071945 0.071945
0 0.176874 0.084689 0.047555 0.047555
0 0.310974 0.109485 0.052757 0.052757
0 0.342542 0.706648 0.104277 0.104277
0 0.881942 0.612329 0.104277 0.104277
0 0.116093 0.701920 0.052757 0.052757
0 0.646435 0.932243 0.052757 0.052757
0 0.306694 0.327590 0.071945 0.071945
0 0.390924 0.117366 0.071945 0.071945
0 0.381826 0.876908 0.104277 0.104277