0 0.624755 0.572367 0.071945 0.071945
0 0.523489 0.686644 0.062220 0.062220
0 0.656467 0.684591 0.057104 0.057104
0 0.689278 0.609899 0.052757 0.052757
0 0.573064 0.950071 0.057104 0.057104
0 0.501224 0.801554 0.104277 0.104277
0 0.486418 0.992030 0.061131 0.061131
0 0.755527 0.106043 0.061130 0.061130
0 0.725956 0.243256 0.061130 0.061130
0 0.335743 0.119712 0.052757 0.052757
0 0.428956 0.066786 0.052757 0.052757
0 0.496226 0.615937 0.052757 0.052757
0 0.369634 0.915563 0.071945 0.071945
0 0.586643 0.815842 0.062220 0.062220
0 0.644800 0.937093 0.071945 0.071945
0 0.726597 0.707634 0.071945 0.071945
0 0.649755 0.031280 0.104277 0.104277
0 0.588385 0.636247 0.071945 0.071945
0 0.240767 0.036020 0.062220 0.062220
0 0.756898 0.470983 0.061131 0.061131
0 0.775532 0.645847 0.071945 0.071945
0 0.157307 0.468624 0.071945 0.071945
0 0.438706 0.376000 0.061130 0.061130
0 0.254966 0.156002 0.062220 0.062220
0 0.427419 0.739372 0.071945 0.071945
0 0.277868 0.620523 0.061130 0.061130
0 0.788098 0.569210 0.071945 0.071945
0 0.302881 0.739398 0.104277 0.104277
0 0.009671 0.471016 0.104277 0.104277
0 0.184866 0.123407 0.052757 0.052757
0 0.053640 0.605942 0.071945 0.071945
0 0.426797 0.871075 0.104277 0.104277
0 0.718885 0.814775 0.104278 0.104278
0 0.311251 0.292844 0.061130 0.061130
0 0.407805 0.271945 0.057104 0.057104
0 0.117856 0.202456 0.071945 0.071945
0 0.668236 0.384279 0.057104 0.057104
0 0.005555 0.284840 0.057104 0.057104
0 0.006311 0.087696 0.061131 0.061131
0 0.115723 0.854856 0.071945 0.071945
0 0.315750 0.043324 0.057104 0.057104
0 0.470917 0.219897 0.062220 0.062220
0 0.129531 0.989270 0.061131 0.061131
0 0.523390 0.477217 0.062220 0.062220
0 0.103146 0.104985 0.052757 0.052757
0 0.486965 0.538784 0.062220 0.062220
0 0.038975 0.350479 0.062220 0.062220
0 0.200508 0.820215 0.062220 0.062220
0 0.584161 0.070000 0.071945 0.071945
0 0.308660 0.210132 0.061131 0.061131
0 0.083539 0.534417 0.061131 0.061131
0 0.699440 0.161532 0.104278 0.104278
0 0.255924 0.345939 0.071945 0.071945
0 0.167389 0.043200 0.062220 0.062220
0 0.770604 0.346277 0.061131 0.061131
0 0.030001 0.844719 0.061131 0.061131
0 0.449117 0.465931 0.052757 0.052757
0 0.247555 0.542261 0.057104 0.057104
0 0.548658 0.209324 0.052757 0.052757
0 0.102480 0.383594 0.071945 0.071945
0 0.760328 0.896817 0.057104 0.057104
0 0.641268 0.866937 0.057104 0.057104
0 0.365466 0.359469 0.052757 0.052757
0 0.498638 0.890823 0.052757 0.052757
0 0.183654 0.245597 0.071945 0.071945
0 0.616511 0.150802 0.062220 0.062220
0 0.248688 0.992697 0.052757 0.052757
0 0.385399 0.556837 0.071945 0.071945
0 0.287361 0.471408 0.062220 0.062220
0 0.486077 0.111583 0.071945 0.071945
0 0.618816 0.266839 0.052559 0.052559
0 0.279653 0.835854 0.057104 0.057104
0 0.114060 0.306644 0.071945 0.071945
0 0.661490 0.503196 0.062220 0.062220
0 0.213456 0.909540 0.057104 0.057104
0 0.119305 0.657561 0.104277 0.104277
0 0.185647 0.726998 0.052757 0.052757
0 0.064675 0.945681 0.071945 0.071945
0 0.354317 0.495000 0.104277 0.104277
0 0.192802 0.592542 0.071945 0.071945
0 0.206775 0.402556 0.104277 0.104277
0 0.565742 0.346645 0.071945 0.071945
0 0.721619 0.537424 0.104278 0.104278
0 0.409558 0.655742 0.104277 0.104277
0 0.090424 0.034549 0.057104 0.057104
0 0.466335 0.310435 0.052757 0.052757
0 0.073204 0.716698 0.052757 0.052757
0 0.367639 0.833852 0.062220 0.062220
0 0.419031 0.159777 0.061131 0.061131
0 0.488748 0.033192 0.062220 0.062220