0 0.311170 0.495726 0.062220 0.062220
0 0.656808 0.835354 0.062220 0.062220
0 0.618582 0.641330 0.062220 0.062220
0 0.394484 0.948968 0.057103 0.057103
0 0.909583 0.203502 0.104277 0.104277
0 0.644562 0.284696 0.052757 0.052757
0 0.656254 0.371245 0.104277 0.104277
0 0.415156 0.695617 0.052757 0.052757
0 0.961579 0.746481 0.104277 0.104277
0 0.848095 0.788455 0.071945 0.071945
0 0.253499 0.550608 0.071945 0.071945
0 0.892436 0.048412 0.052757 0.052757
0 0.374347 0.780287 0.062220 0.062220
0 0.279380 0.973269 0.071945 0.071945
0 0.635987 0.197275 0.104277 0.104277
0 0.968743 0.123547 0.071945 0.071945
0 0.718344 0.129073 0.104277 0.104277
0 0.642511 0.098133 0.061130 0.061130
0 0.304299 0.810923 0.104277 0.104277
0 0.001434 0.006667 0.062220 0.062220
0 0.107921 0.583734 0.061130 0.061130
0 0.384787 0.501788 0.061130 0.061130
0 0.365203 0.413905 0.052757 0.052757
0 0.156349 0.880086 0.104278 0.104278
0 0.985172 0.473368 0.061130 0.061130
0 0.864477 0.515242 0.057104 0.057104
0 0.769452 0.275128 0.104277 0.104277
0 0.554228 0.994851 0.062220 0.062220
0 0.526005 0.414732 0.061130 0.061130
0 0.606849 0.540190 0.062220 0.062220
0 0.222039 0.125424 0.061130 0.061130
0 0.801993 0.622000 0.057104 0.057104
0 0.024510 0.244036 0.104278 0.104278
0 0.917969 0.652091 0.104277 0.104277
0 0.712058 0.978146 0.071945 0.071945
0 0.648738 0.448400 0.057104 0.057104
0 0.414074 0.877531 0.061130 0.061130
0 0.857406 0.861420 0.071945 0.071945
0 0.466536 0.649843 0.062220 0.062220
0 0.564934 0.236055 0.052757 0.052757
0 0.664655 0.906156 0.057104 0.057104
0 0.173523 0.683321 0.062220 0.062220
0 0.685284 0.583843 0.057104 0.057104
0 0.856640 0.122591 0.104277 0.104277
0 0.497359 0.495944 0.061130 0.061130
0 0.628499 0.985809 0.052757 0.052757
0 0.707105 0.208223 0.061130 0.061130
0 0.381936 0.138774 0.104278 0.104278
0 0.930873 0.384962 0.062220 0.062220
0 0.448785 0.117165 0.052757 0.052757
0 0.462589 0.756975 0.062220 0.062220
0 0.883514 0.725812 0.057104 0.057104
0 0.089894 0.296242 0.062220 0.062220
0 0.958540 0.542800 0.104277 0.104277
0 0.587804 0.877170 0.050891 0.050891
0 0.241226 0.383466 0.062220 0.062220
0 0.313630 0.892605 0.104277 0.104277
0 0.458246 0.372189 0.057104 0.057104
0 0.751674 0.769476 0.062220 0.062220
0 0.827201 0.236583 0.071945 0.071945
0 0.872493 0.978542 0.057104 0.057104
0 0.248400 0.715472 0.062220 0.062220
0 0.472824 0.956192 0.052757 0.052757
0 0.520455 0.802316 0.062220 0.062220
0 0.616214 0.768235 0.104277 0.104277
0 0.971048 0.303222 0.061130 0.061130
0 0.628947 0.025727 0.052757 0.052757
0 0.779121 0.062012 0.057104 0.057104
0 0.414664 0.239658 0.057104 0.057104
0 0.123662 0.477348 0.104278 0.104278
0 0.341939 0.206038 0.071945 0.071945
0 0.242300 0.470812 0.052757 0.052757
0 0.151483 0.986939 0.071945 0.071945
0 0.060871 0.992614 0.052757 0.052757
0 0.778062 0.897413 0.061130 0.061130
0 0.781586 0.492531 0.062220 0.062220
0 0.758931 0.346387 0.071945 0.071945
0 0.916485 0.812565 0.062220 0.062220
0 0.211098 0.940711 0.057104 0.057104
0 0.280524 0.285604 0.052757 0.052757
0 0.472820 0.281496 0.071945 0.071945
0 0.175203 0.525330 0.057104 0.057104
0 0.208781 0.194008 0.057104 0.057104
0 0.489402 0.875125 0.062220 0.062220
0 0.179278 0.271830 0.104277 0.104277
0 0.891340 0.583553 0.071945 0.071945
0 0.140405 0.391355 0.104277 0.104277
0 0.130859 0.172390 0.071945 0.071945
0 0.030558 0.916161 0.104277 0.104277
0 0.567382 0.700255 0.104277 0.104277
0 0.005028 0.113631 0.057104 0.057104
0 0.140679 0.801014 0.061131 0.061131
0 0.021815 0.796072 0.057104 0.057104
0 0.352349 0.316389 0.052757 0.052757
0 0.112235 0.065393 0.057104 0.057104
0 0.984255 0.230686 0.050559 0.050559
0 0.000974 0.724155 0.062220 0.062220
0 0.295237 0.054029 0.104277 0.104277
0 0.798657 0.705033 0.052757 0.052757
0 0.214016 0.816109 0.057104 0.057104
0 0.953407 0.892678 0.061131 0.061131
0 0.733004 0.007567 0.104277 0.104277
0 0.334624 0.608957 0.057104 0.057104
0 0.055386 0.517344 0.062220 0.062220
0 0.055560 0.444909 0.057104 0.057104
0 0.219942 0.045677 0.061130 0.061130
0 0.725432 0.700311 0.052757 0.052757
0 0.409795 0.023669 0.071945 0.071945
0 0.759104 0.565697 0.061130 0.061130
0 0.047788 0.170109 0.052757 0.052757
0 0.430585 0.585041 0.104277 0.104277
0 0.090563 0.708883 0.057104 0.057104
0 0.539417 0.134773 0.104277 0.104277
0 0.312968 0.130045 0.052757 0.052757
0 0.079214 0.852890 0.061130 0.061130
0 0.843310 0.360368 0.052757 0.052757
0 0.578701 0.305033 0.104277 0.104277
0 0.003303 0.593065 0.057104 0.057104