0 0.456467 0.290102 0.104277 0.104277
0 0.412919 0.078111 0.061130 0.061130
0 0.128927 0.497630 0.104278 0.104278
0 0.815864 0.039820 0.052757 0.052757
0 0.606757 0.287778 0.062220 0.062220
0 0.638404 0.039860 0.104277 0.104277
0 0.313690 0.040009 0.052757 0.052757
0 0.938469 0.797707 0.071945 0.071945
0 0.184583 0.934752 0.104277 0.104277
0 0.247071 0.658978 0.052757 0.052757
0 0.716268 0.086385 0.071945 0.071945
0 0.427368 0.845724 0.061130 0.061130
0 0.833646 0.970701 0.104277 0.104277
0 0.970015 0.278253 0.047276 0.047276
0 0.860369 0.584854 0.062220 0.062220
0 0.146365 0.608435 0.052757 0.052757
0 0.600312 0.807600 0.071945 0.071945
0 0.167436 0.779662 0.052757 0.052757
0 0.450591 0.204917 0.057104 0.057104
0 0.243743 0.854797 0.071945 0.071945
0 0.486453 0.391553 0.051819 0.051819
0 0.132619 0.068108 0.104277 0.104277
0 0.961254 0.019886 0.071945 0.071945
0 0.390597 0.004648 0.061131 0.061131
0 0.666601 0.335266 0.052757 0.052757
0 0.379159 0.680354 0.104277 0.104277
0 0.679020 0.926458 0.104277 0.104277
0 0.796799 0.737651 0.071945 0.071945
0 0.727877 0.283781 0.057103 0.057103
0 0.801546 0.669205 0.062220 0.062220
0 0.739502 0.864956 0.057104 0.057104
0 0.682219 0.796740 0.062220 0.062220
0 0.643493 0.123114 0.036679 0.036679
0 0.078773 0.409068 0.052757 0.052757
0 0.762531 0.401121 0.104277 0.104277
0 0.477255 0.053725 0.057104 0.057104
0 0.562294 0.461897 0.104277 0.104277
0 0.867868 0.769433 0.061130 0.061130
0 0.557431 0.388604 0.071945 0.071945
0 0.954023 0.384178 0.071945 0.071945
0 0.212023 0.006358 0.071945 0.071945
0 0.321616 0.931086 0.052757 0.052757
0 0.263902 0.401313 0.052757 0.052757
0 0.859862 0.415989 0.061131 0.061131
0 0.131640 0.853841 0.104277 0.104277
0 0.078937 0.715487 0.057104 0.057104
0 0.284274 0.797091 0.052757 0.052757
0 0.975901 0.167251 0.057104 0.057104
0 0.478749 0.548526 0.054783 0.054783
0 0.783676 0.109269 0.062220 0.062220
0 0.615592 0.993662 0.062220 0.062220
0 0.646301 0.482438 0.057103 0.057103
0 0.417672 0.997663 0.071945 0.071945
0 0.446851 0.660692 0.071945 0.071945
0 0.447111 0.731516 0.061130 0.061130
0 0.229975 0.321944 0.071945 0.071945
0 0.003652 0.527541 0.061130 0.061130
0 0.061654 0.642079 0.052757 0.052757
0 0.740607 0.549259 0.061131 0.061131
0 0.327131 0.557194 0.057104 0.057104
0 0.691785 0.417140 0.061131 0.061131
0 0.102201 0.967833 0.071945 0.071945
0 0.114009 0.191197 0.061130 0.061130
0 0.957356 0.509682 0.071945 0.071945
0 0.962738 0.648207 0.104278 0.104278
0 0.892339 0.270120 0.062220 0.062220
0 0.718458 0.014117 0.061130 0.061130
0 0.341326 0.435320 0.052757 0.052757
0 0.957779 0.930402 0.061130 0.061130
0 0.054121 0.793262 0.057104 0.057104
0 0.049321 0.093458 0.061130 0.061130
0 0.020395 0.021723 0.061130 0.061130
0 0.199075 0.147993 0.104277 0.104277
0 0.362480 0.245866 0.071945 0.071945
0 0.893943 0.482785 0.104278 0.104278
0 0.571264 0.649184 0.052757 0.052757
0 0.052775 0.299584 0.061130 0.061130
0 0.866923 0.125193 0.104277 0.104277
0 0.152868 0.392120 0.057104 0.057104
0 0.045017 0.215902 0.104277 0.104277
0 0.252469 0.469736 0.062220 0.062220
0 0.817296 0.522364 0.062220 0.062220
0 0.249636 0.196530 0.104277 0.104277
0 0.228541 0.083840 0.052757 0.052757
0 0.258941 0.728401 0.104277 0.104277
0 0.614128 0.888695 0.052757 0.052757
0 0.535457 0.123528 0.062220 0.062220
0 0.526175 0.940559 0.052757 0.052757
0 0.198772 0.525825 0.104277 0.104277
0 0.677668 0.206224 0.104277 0.104277
0 0.353605 0.329782 0.057104 0.057104
0 0.816185 0.874099 0.061131 0.061131
0 0.721822 0.738362 0.057104 0.057104
0 0.740857 0.472863 0.071945 0.071945
0 0.591120 0.171446 0.071945 0.071945
0 0.309474 0.152590 0.052757 0.052757
0 0.163780 0.304037 0.057104 0.057104
0 0.555109 0.535275 0.104277 0.104277
0 0.745389 0.967817 0.061131 0.061131
0 0.259255 0.961936 0.050559 0.050559
0 0.732015 0.161593 0.061131 0.061131
0 0.388394 0.904715 0.061130 0.061130
0 0.517665 0.725087 0.071945 0.071945
0 0.619652 0.579473 0.057104 0.057104
0 0.659698 0.636611 0.104277 0.104277
0 0.160897 0.697492 0.061131 0.061131
0 0.008004 0.738817 0.104277 0.104277
0 0.516465 0.819640 0.071945 0.071945
0 0.465190 0.480572 0.052757 0.052757
0 0.392627 0.514799 0.104277 0.104277
0 0.903308 0.887593 0.052757 0.052757
0 0.082909 0.567544 0.071945 0.071945
0 0.824683 0.198590 0.071945 0.071945
0 0.323110 0.633764 0.071945 0.071945
0 0.629374 0.728215 0.104277 0.104277
0 0.353817 0.771704 0.104277 0.104277
0 0.905583 0.693760 0.061131 0.061131
0 0.528076 0.251345 0.057104 0.057104
0 0.797827 0.334076 0.061131 0.061131