0 0.574245 0.444698 0.062220 0.062220
0 0.323237 0.747731 0.104277 0.104277
0 0.528319 0.503540 0.062220 0.062220
0 0.674893 0.480552 0.070161 0.070161
0 0.176979 0.151213 0.062220 0.062220
0 0.305613 0.472164 0.104278 0.104278
0 0.556100 0.907877 0.057104 0.057104
0 0.425006 0.143571 0.057104 0.057104
0 0.283415 0.979825 0.104277 0.104277
0 0.944807 0.571749 0.071945 0.071945
0 0.464294 0.451676 0.071945 0.071945
0 0.760600 0.510305 0.062220 0.062220
0 0.777728 0.812597 0.061131 0.061131
0 0.438714 0.220256 0.062220 0.062220
0 0.092176 0.912884 0.104277 0.104277
0 0.797171 0.574141 0.104277 0.104277
0 0.972366 0.226532 0.052757 0.052757
0 0.205709 0.509743 0.071945 0.071945
0 0.711630 0.419776 0.061130 0.061130
0 0.302812 0.843974 0.057104 0.057104
0 0.424515 0.303017 0.071945 0.071945
0 0.251382 0.792843 0.104277 0.104277
0 0.841140 0.709067 0.071945 0.071945
0 0.023321 0.971236 0.062220 0.062220
0 0.358819 0.242018 0.104277 0.104277
0 0.175060 0.317798 0.104277 0.104277
0 0.302281 0.354455 0.057104 0.057104
0 0.294364 0.217754 0.071945 0.071945
0 0.527029 0.824304 0.104277 0.104277
0 0.905356 0.305581 0.071945 0.071945
0 0.511227 0.174010 0.071945 0.071945
0 0.217743 0.661791 0.052757 0.052757
0 0.692191 0.643368 0.104277 0.104277
0 0.793055 0.387965 0.057104 0.057104
0 0.484804 0.645152 0.062220 0.062220
0 0.793811 0.190821 0.061131 0.061131
0 0.903223 0.957981 0.071945 0.071945
0 0.070554 0.587369 0.062220 0.062220
0 0.339129 0.908473 0.057104 0.057104
0 0.092655 0.226503 0.104277 0.104277
0 0.763527 0.290096 0.071945 0.071945
0 0.652982 0.350278 0.071945 0.071945
0 0.544673 0.986837 0.052757 0.052757
0 0.584421 0.625029 0.062220 0.062220
0 0.016012 0.703260 0.061130 0.061130
0 0.514624 0.285332 0.052757 0.052757
0 0.391946 0.548156 0.071945 0.071945
0 0.382612 0.783940 0.052757 0.052757
0 0.428554 0.995523 0.057104 0.057104
0 0.890646 0.208110 0.052757 0.052757
0 0.826475 0.453604 0.062220 0.062220
0 0.988008 0.923340 0.062220 0.062220
0 0.025771 0.364349 0.104277 0.104277
0 0.096875 0.313938 0.057104 0.057104
0 0.680052 0.876243 0.062220 0.062220
0 0.083423 0.671851 0.061130 0.061130
0 0.240632 0.919691 0.052757 0.052757
0 0.570221 0.340443 0.052757 0.052757
0 0.871039 0.637542 0.061131 0.061131
0 0.623904 0.169407 0.071945 0.071945
0 0.161537 0.611250 0.071945 0.071945
0 0.774883 0.674860 0.061131 0.061131
0 0.123451 0.390610 0.104277 0.104277
0 0.954889 0.146325 0.062220 0.062220
0 0.647838 0.250660 0.057104 0.057104
0 0.019964 0.461739 0.057104 0.057104
0 0.100524 0.783902 0.057104 0.057104
0 0.264348 0.293354 0.062220 0.062220
0 0.334376 0.123934 0.104277 0.104277
0 0.737867 0.753023 0.052757 0.052757
0 0.817501 0.947844 0.061131 0.061131
0 0.642834 0.553056 0.052757 0.052757
0 0.889980 0.486719 0.071945 0.071945
0 0.971154 0.348722 0.071945 0.071945
0 0.706608 0.137252 0.104277 0.104277
0 0.615918 0.778438 0.104277 0.104277
0 0.394436 0.858425 0.061130 0.061130
0 0.338287 0.678341 0.104277 0.104277
0 0.300988 0.549241 0.052757 0.052757
0 0.521487 0.583004 0.057104 0.057104
0 0.403872 0.707430 0.071945 0.071945
0 0.480016 0.347867 0.104277 0.104277
0 0.634435 0.933872 0.061130 0.061130
0 0.901560 0.409769 0.071945 0.071945
0 0.398009 0.469934 0.056505 0.056505
0 0.906805 0.760686 0.104277 0.104277
0 0.037028 0.831580 0.062220 0.062220
0 0.973147 0.830123 0.052757 0.052757
0 0.980302 0.695667 0.071945 0.071945
0 0.994275 0.505681 0.104277 0.104277
0 0.618101 0.691287 0.057104 0.057104
0 0.392306 0.401245 0.061130 0.061130
0 0.720640 0.945595 0.071945 0.071945
0 0.725207 0.351330 0.057103 0.057103
0 0.468823 0.732586 0.057104 0.057104
0 0.191860 0.425047 0.062220 0.062220
0 0.102411 0.130990 0.062220 0.062220
0 0.150900 0.960800 0.104277 0.104277
0 0.129123 0.545466 0.057104 0.057104
0 0.156302 0.841095 0.057104 0.057104
0 0.209136 0.212297 0.061130 0.061130
0 0.877924 0.137674 0.057104 0.057104
0 0.003791 0.219919 0.057104 0.057104
0 0.860704 0.819823 0.052757 0.052757