0 0.528342 0.258852 0.104277 0.104277
0 0.484794 0.046861 0.061130 0.061130
0 0.200802 0.466380 0.104278 0.104278
0 0.887739 0.008570 0.052757 0.052757
0 0.678632 0.256528 0.062220 0.062220
0 0.710279 0.008610 0.104277 0.104277
0 0.385565 0.008759 0.052757 0.052757
0 0.256458 0.903502 0.104277 0.104277
0 0.318946 0.627728 0.052757 0.052757
0 0.788143 0.055135 0.071945 0.071945
0 0.499243 0.814474 0.061130 0.061130
0 0.905521 0.939451 0.104277 0.104277
0 0.932244 0.553604 0.062220 0.062220
0 0.218240 0.577185 0.052757 0.052757
0 0.672187 0.776350 0.071945 0.071945
0 0.239311 0.748412 0.052757 0.052757
0 0.522466 0.173667 0.057104 0.057104
0 0.315618 0.823547 0.071945 0.071945
0 0.065219 0.829073 0.104277 0.104277
0 0.558328 0.360303 0.051819 0.051819
0 0.204494 0.036858 0.104277 0.104277
0 0.738476 0.304016 0.052757 0.052757
0 0.451034 0.649104 0.104277 0.104277
0 0.750895 0.895208 0.104277 0.104277
0 0.868674 0.706401 0.071945 0.071945
0 0.799752 0.252531 0.057103 0.057103
0 0.873421 0.637955 0.062220 0.062220
0 0.116327 0.975128 0.104277 0.104277
0 0.811377 0.833706 0.057104 0.057104
0 0.754094 0.765490 0.062220 0.062220
0 0.715368 0.091864 0.036679 0.036679
0 0.150648 0.377818 0.052757 0.052757
0 0.834406 0.369871 0.104277 0.104277
0 0.549130 0.022475 0.057104 0.057104
0 0.634169 0.430647 0.104277 0.104277
0 0.939743 0.738183 0.061130 0.061130
0 0.629306 0.357354 0.071945 0.071945
0 0.393491 0.899836 0.052757 0.052757
0 0.335777 0.370063 0.052757 0.052757
0 0.931737 0.384739 0.061131 0.061131
0 0.203515 0.822591 0.104277 0.104277
0 0.150812 0.684237 0.057104 0.057104
0 0.356149 0.765841 0.052757 0.052757
0 0.550624 0.517276 0.054783 0.054783
0 0.855551 0.078019 0.062220 0.062220
0 0.687467 0.962412 0.062220 0.062220
0 0.718176 0.451188 0.057103 0.057103
0 0.053980 0.908223 0.061130 0.061130
0 0.489547 0.966413 0.071945 0.071945
0 0.518726 0.629442 0.071945 0.071945
0 0.518986 0.700266 0.061130 0.061130
0 0.301850 0.290694 0.071945 0.071945
0 0.075527 0.496291 0.061130 0.061130
0 0.133529 0.610829 0.052757 0.052757
0 0.812482 0.518009 0.061131 0.061131
0 0.399006 0.525944 0.057104 0.057104
0 0.763660 0.385890 0.061131 0.061131
0 0.174076 0.936583 0.071945 0.071945
0 0.973989 0.995357 0.045227 0.045227
0 0.070223 0.330947 0.062220 0.062220
0 0.185884 0.159947 0.061130 0.061130
0 0.964214 0.238870 0.062220 0.062220
0 0.413201 0.404070 0.052757 0.052757
0 0.125996 0.762012 0.057104 0.057104
0 0.121196 0.062208 0.061130 0.061130
0 0.270950 0.116743 0.104277 0.104277
0 0.434355 0.214616 0.071945 0.071945
0 0.965818 0.451535 0.104278 0.104278
0 0.643139 0.617934 0.052757 0.052757
0 0.124650 0.268334 0.061130 0.061130
0 0.938798 0.093943 0.104277 0.104277
0 0.224743 0.360870 0.057104 0.057104
0 0.116892 0.184652 0.104277 0.104277
0 0.324344 0.438486 0.062220 0.062220
0 0.889171 0.491114 0.062220 0.062220
0 0.321511 0.165280 0.104277 0.104277
0 0.300416 0.052590 0.052757 0.052757
0 0.330816 0.697151 0.104277 0.104277
0 0.686003 0.857445 0.052757 0.052757
0 0.607332 0.092278 0.062220 0.062220
0 0.067103 0.572926 0.104277 0.104277
0 0.598050 0.909309 0.052757 0.052757
0 0.027749 0.426947 0.071945 0.071945
0 0.417587 0.975696 0.057104 0.057104
0 0.270647 0.494575 0.104277 0.104277
0 0.749543 0.174974 0.104277 0.104277
0 0.425480 0.298532 0.057104 0.057104
0 0.888060 0.842849 0.061131 0.061131
0 0.793697 0.707112 0.057104 0.057104
0 0.045423 0.156225 0.052757 0.052757
0 0.812732 0.441613 0.071945 0.071945
0 0.662995 0.140196 0.071945 0.071945
0 0.022320 0.063285 0.061130 0.061130
0 0.381349 0.121340 0.052757 0.052757
0 0.235655 0.272787 0.057104 0.057104
0 0.626984 0.504025 0.104277 0.104277
0 0.817264 0.936567 0.061131 0.061131
0 0.019224 0.223251 0.061130 0.061130
0 0.331130 0.930686 0.050559 0.050559
0 0.803890 0.130343 0.061131 0.061131
0 0.460269 0.873465 0.061130 0.061130
0 0.589540 0.693837 0.071945 0.071945
0 0.691527 0.548223 0.057104 0.057104
0 0.731573 0.605361 0.104277 0.104277
0 0.232772 0.666242 0.061131 0.061131
0 0.079879 0.707567 0.104277 0.104277
0 0.588340 0.788390 0.071945 0.071945
0 0.537065 0.449322 0.052757 0.052757
0 0.464502 0.483549 0.104277 0.104277
0 0.975183 0.856343 0.052757 0.052757
0 0.154784 0.536294 0.071945 0.071945
0 0.896558 0.167340 0.071945 0.071945
0 0.394985 0.602514 0.071945 0.071945
0 0.701249 0.696965 0.104277 0.104277
0 0.425692 0.740454 0.104277 0.104277
0 0.977458 0.662510 0.061131 0.061131
0 0.599951 0.220095 0.057104 0.057104
0 0.869702 0.302826 0.061131 0.061131