0 0.622092 0.483852 0.104277 0.104277
0 0.578544 0.271861 0.061130 0.061130
0 0.294552 0.691380 0.104278 0.104278
0 0.981489 0.233570 0.052757 0.052757
0 0.511637 0.132190 0.104277 0.104277
0 0.573463 0.041142 0.071945 0.071945
0 0.772382 0.481528 0.062220 0.062220
0 0.725276 0.026752 0.071945 0.071945
0 0.804029 0.233610 0.104277 0.104277
0 0.479315 0.233759 0.052757 0.052757
0 0.412696 0.852728 0.052757 0.052757
0 0.881893 0.280135 0.071945 0.071945
0 0.023511 0.186856 0.052757 0.052757
0 0.311990 0.802185 0.052757 0.052757
0 0.333061 0.973412 0.052757 0.052757
0 0.616216 0.398667 0.057104 0.057104
0 0.387409 0.076699 0.062220 0.062220
0 0.652078 0.585303 0.051819 0.051819
0 0.298244 0.261858 0.104277 0.104277
0 0.556222 0.198398 0.061131 0.061131
0 0.832226 0.529016 0.052757 0.052757
0 0.023056 0.394686 0.057104 0.057104
0 0.544784 0.874104 0.104277 0.104277
0 0.962424 0.931401 0.071945 0.071945
0 0.893502 0.477531 0.057103 0.057103
0 0.640438 0.158893 0.052757 0.052757
0 0.967171 0.862955 0.062220 0.062220
0 0.696645 0.094853 0.057104 0.057104
0 0.847844 0.990490 0.062220 0.062220
0 0.809118 0.316864 0.036679 0.036679
0 0.244398 0.602818 0.052757 0.052757
0 0.928156 0.594871 0.104277 0.104277
0 0.067865 0.077332 0.057104 0.057104
0 0.642880 0.247475 0.057104 0.057104
0 0.727919 0.655647 0.104277 0.104277
0 0.723056 0.582354 0.071945 0.071945
0 0.154796 0.073589 0.057104 0.057104
0 0.965652 0.044050 0.052757 0.052757
0 0.952758 0.111912 0.104277 0.104277
0 0.377648 0.200108 0.071945 0.071945
0 0.429527 0.595063 0.052757 0.052757
0 0.858396 0.135544 0.104277 0.104277
0 0.486743 0.006439 0.071945 0.071945
0 0.244562 0.909237 0.057104 0.057104
0 0.449899 0.990841 0.052757 0.052757
0 0.644374 0.742276 0.054783 0.054783
0 0.949301 0.303019 0.062220 0.062220
0 0.811926 0.676188 0.057103 0.057103
0 0.612476 0.854442 0.071945 0.071945
0 0.612736 0.925266 0.061130 0.061130
0 0.395600 0.515694 0.071945 0.071945
0 0.169277 0.721291 0.061130 0.061130
0 0.060630 0.620133 0.071945 0.071945
0 0.227279 0.835829 0.052757 0.052757
0 0.906232 0.743009 0.061131 0.061131
0 0.492756 0.750944 0.057104 0.057104
0 0.857410 0.610890 0.061131 0.061131
0 0.448867 0.166557 0.057104 0.057104
0 0.069378 0.343319 0.071945 0.071945
0 0.049534 0.788426 0.061130 0.061130
0 0.020203 0.704761 0.062220 0.062220
0 0.805323 0.077252 0.061130 0.061130
0 0.163973 0.555947 0.062220 0.062220
0 0.279634 0.384947 0.061130 0.061130
0 0.884083 0.207867 0.061130 0.061130
0 0.506951 0.629070 0.052757 0.052757
0 0.069572 0.950727 0.052757 0.052757
0 0.219746 0.987012 0.057104 0.057104
0 0.214946 0.287208 0.061130 0.061130
0 0.186020 0.215473 0.061130 0.061130
0 0.755419 0.171735 0.062220 0.062220
0 0.364700 0.341743 0.104277 0.104277
0 0.528105 0.439616 0.071945 0.071945
0 0.736889 0.842934 0.052757 0.052757
0 0.218400 0.493334 0.061130 0.061130
0 0.318493 0.585870 0.057104 0.057104
0 0.210642 0.409652 0.104277 0.104277
0 0.418094 0.663486 0.062220 0.062220
0 0.982921 0.716114 0.062220 0.062220
0 0.415261 0.390280 0.104277 0.104277
0 0.394166 0.277590 0.052757 0.052757
0 0.424566 0.922151 0.104277 0.104277
0 0.701082 0.317278 0.062220 0.062220
0 0.106525 0.151077 0.071945 0.071945
0 0.160853 0.797926 0.104277 0.104277
0 0.121499 0.651947 0.071945 0.071945
0 0.364397 0.719575 0.104277 0.104277
0 0.843293 0.399974 0.104277 0.104277
0 0.519230 0.523532 0.057104 0.057104
0 0.002437 0.560111 0.050932 0.050932
0 0.887447 0.932112 0.057104 0.057104
0 0.139173 0.381225 0.052757 0.052757
0 0.906482 0.666613 0.071945 0.071945
0 0.756745 0.365196 0.071945 0.071945
0 0.116070 0.288285 0.061130 0.061130
0 0.475099 0.346340 0.052757 0.052757
0 0.329405 0.497787 0.057104 0.057104
0 0.720734 0.729025 0.104277 0.104277
0 0.112974 0.448251 0.061130 0.061130
0 0.897640 0.355343 0.061131 0.061131
0 0.683290 0.918837 0.071945 0.071945
0 0.785277 0.773223 0.057104 0.057104
0 0.102826 0.007911 0.048997 0.048997
0 0.825323 0.830361 0.104277 0.104277
0 0.326522 0.891242 0.061131 0.061131
0 0.173629 0.932567 0.104277 0.104277
0 0.301834 0.153903 0.062220 0.062220
0 0.630815 0.674322 0.052757 0.052757
0 0.558252 0.708549 0.104277 0.104277
0 0.073766 0.544936 0.062220 0.062220
0 0.305411 0.064092 0.061131 0.061131
0 0.248534 0.761294 0.071945 0.071945
0 0.079527 0.872323 0.061130 0.061130
0 0.990308 0.392340 0.071945 0.071945
0 0.488735 0.827514 0.071945 0.071945
0 0.794999 0.921965 0.104277 0.104277
0 0.519442 0.965454 0.104277 0.104277
0 0.232919 0.160897 0.071945 0.071945
0 0.693701 0.445095 0.057104 0.057104
0 0.028424 0.470491 0.071945 0.071945
0 0.963452 0.527826 0.061131 0.061131