0 0.197433 0.863479 0.062220 0.062220
0 0.159207 0.669455 0.062220 0.062220
0 0.648595 0.386282 0.071945 0.071945
0 0.850139 0.996933 0.052757 0.052757
0 0.923716 0.354261 0.071945 0.071945
0 0.450208 0.231627 0.104277 0.104277
0 0.955844 0.469631 0.052757 0.052757
0 0.657279 0.756614 0.061130 0.061130
0 0.692993 0.142599 0.061130 0.061130
0 0.185187 0.312821 0.052757 0.052757
0 0.719406 0.864706 0.104277 0.104277
0 0.196879 0.399370 0.104277 0.104277
0 0.543343 0.652995 0.104277 0.104277
0 0.502204 0.774606 0.104277 0.104277
0 0.388720 0.816580 0.071945 0.071945
0 0.865937 0.104475 0.071945 0.071945
0 0.433061 0.076537 0.052757 0.052757
0 0.546744 0.405737 0.062220 0.062220
0 0.176612 0.225400 0.104277 0.104277
0 0.509368 0.151672 0.071945 0.071945
0 0.258969 0.157198 0.104277 0.104277
0 0.976159 0.715915 0.104277 0.104277
0 0.183136 0.126258 0.061130 0.061130
0 0.572097 0.577995 0.057104 0.057104
0 0.090207 0.024215 0.104277 0.104277
0 0.944645 0.223333 0.104277 0.104277
0 0.582221 0.932605 0.062220 0.062220
0 0.640444 0.560431 0.104277 0.104277
0 0.798106 0.857623 0.062220 0.062220
0 0.525797 0.501493 0.061130 0.061130
0 0.405102 0.543367 0.057104 0.057104
0 0.310077 0.303253 0.104277 0.104277
0 0.066630 0.442857 0.061130 0.061130
0 0.147474 0.568315 0.062220 0.062220
0 0.800836 0.462693 0.052757 0.052757
0 0.947844 0.093615 0.062220 0.062220
0 0.342618 0.650125 0.057104 0.057104
0 0.458594 0.680216 0.104277 0.104277
0 0.189363 0.476525 0.057104 0.057104
0 0.919579 0.850443 0.062220 0.062220
0 0.768053 0.649561 0.071945 0.071945
0 0.398031 0.889545 0.071945 0.071945
0 0.007161 0.677968 0.062220 0.062220
0 0.105559 0.264180 0.052757 0.052757
0 0.978057 0.564570 0.102474 0.102474
0 0.205280 0.934281 0.057104 0.057104
0 0.587241 0.227961 0.052757 0.052757
0 0.872393 0.556745 0.104277 0.104277
0 0.225909 0.611968 0.057104 0.057104
0 0.397265 0.150716 0.104277 0.104277
0 0.344562 0.012362 0.057104 0.057104
0 0.549899 0.093966 0.052757 0.052757
0 0.037984 0.524069 0.061130 0.061130
0 0.881217 0.290537 0.062220 0.062220
0 0.724904 0.366087 0.061131 0.061131
0 0.247730 0.236348 0.061130 0.061130
0 0.683297 0.294538 0.071945 0.071945
0 0.471498 0.413087 0.062220 0.062220
0 0.712736 0.028391 0.061130 0.061130
0 0.686443 0.617398 0.057104 0.057104
0 0.003214 0.785100 0.062220 0.062220
0 0.424139 0.753937 0.057104 0.057104
0 0.499165 0.570925 0.104277 0.104277
0 0.128429 0.905295 0.050891 0.050891
0 0.292299 0.797601 0.062220 0.062220
0 0.367826 0.264708 0.071945 0.071945
0 0.013449 0.984317 0.052757 0.052757
0 0.827047 0.923376 0.062220 0.062220
0 0.802127 0.371809 0.052757 0.052757
0 0.061080 0.830441 0.062220 0.062220
0 0.156839 0.796360 0.104277 0.104277
0 0.511673 0.331347 0.061130 0.061130
0 0.169572 0.053852 0.052757 0.052757
0 0.319746 0.090137 0.057104 0.057104
0 0.785236 0.578919 0.062220 0.062220
0 0.318687 0.925538 0.061130 0.061130
0 0.729659 0.758678 0.104277 0.104277
0 0.322211 0.520656 0.062220 0.062220
0 0.299556 0.374512 0.071945 0.071945
0 0.457110 0.840690 0.062220 0.062220
0 0.013445 0.309621 0.071945 0.071945
0 0.641654 0.986408 0.052757 0.052757
0 0.030027 0.903250 0.062220 0.062220
0 0.913641 0.948344 0.052757 0.052757
0 0.524566 0.025276 0.104277 0.104277
0 0.557752 0.722331 0.062220 0.062220
0 0.879753 0.185570 0.052757 0.052757
0 0.431965 0.611678 0.071945 0.071945
0 0.791800 0.237434 0.052757 0.052757
0 0.733276 0.934238 0.061131 0.061131
0 0.611337 0.303821 0.057104 0.057104
0 0.108007 0.728380 0.104277 0.104277
0 0.987447 0.035237 0.057104 0.057104
0 0.708601 0.684400 0.104277 0.104277
0 0.982717 0.821511 0.052757 0.052757
0 0.878822 0.463870 0.055027 0.055027
0 0.669513 0.492783 0.062220 0.062220
0 0.524880 0.258811 0.050559 0.050559
0 0.819102 0.756946 0.052757 0.052757
0 0.654019 0.201590 0.061130 0.061130
0 0.783290 0.021962 0.071945 0.071945
0 0.339282 0.733158 0.052757 0.052757
0 0.625503 0.649746 0.071945 0.071945
0 0.494032 0.920803 0.061131 0.061131
0 0.273629 0.035692 0.104277 0.104277
0 0.782090 0.116515 0.071945 0.071945
0 0.741552 0.505593 0.104277 0.104277
0 0.905562 0.649850 0.061130 0.061130
0 0.584053 0.849856 0.104277 0.104277
0 0.266057 0.728436 0.052757 0.052757
0 0.299729 0.593822 0.061130 0.061130
0 0.080042 0.162898 0.104277 0.104277
0 0.894999 0.025090 0.104277 0.104277
0 0.619442 0.068579 0.104277 0.104277
0 0.383935 0.388493 0.052757 0.052757
0 0.119326 0.333158 0.104277 0.104277