0 0.942346 0.922993 0.104277 0.104277
0 0.398160 0.698927 0.062220 0.062220
0 0.322717 0.926143 0.052757 0.052757
0 0.316987 0.163356 0.104277 0.104277
0 0.345045 0.573312 0.057103 0.057103
0 0.514098 0.820603 0.071945 0.071945
0 0.561346 0.883042 0.061130 0.061130
0 0.116391 0.618957 0.052757 0.052757
0 0.864468 0.622881 0.061131 0.061131
0 0.806680 0.942906 0.052757 0.052757
0 0.549850 0.323502 0.057104 0.057104
0 0.799594 0.544188 0.062220 0.062220
0 0.277165 0.395450 0.104277 0.104277
0 0.261207 0.837637 0.071945 0.071945
0 0.190962 0.830552 0.057104 0.057104
0 0.771478 0.228222 0.061131 0.061131
0 0.085926 0.328509 0.104277 0.104277
0 0.459015 0.996544 0.057104 0.057104
0 0.296562 0.259599 0.057104 0.057104
0 0.487615 0.478633 0.057104 0.057104
0 0.245132 0.208468 0.104277 0.104277
0 0.834890 0.124692 0.071945 0.071945
0 0.017071 0.386861 0.062220 0.062220
0 0.606204 0.760735 0.061130 0.061130
0 0.520779 0.239929 0.104277 0.104277
0 0.407638 0.521068 0.052757 0.052757
0 0.211493 0.077416 0.052757 0.052757
0 0.685941 0.058993 0.104277 0.104277
0 0.478554 0.060777 0.062220 0.062220
0 0.160813 0.544410 0.062220 0.062220
0 0.896973 0.373606 0.071945 0.071945
0 0.878341 0.825025 0.104277 0.104277
0 0.064304 0.002994 0.062220 0.062220
0 0.332879 0.324098 0.057104 0.057104
0 0.490033 0.573133 0.057104 0.057104
0 0.392138 0.960496 0.104277 0.104277
0 0.256178 0.738674 0.057104 0.057104
0 0.497894 0.740421 0.057104 0.057104
0 0.163533 0.915803 0.057104 0.057104
0 0.538423 0.402462 0.052757 0.052757
0 0.609614 0.471543 0.104277 0.104277
0 0.578171 0.040654 0.062220 0.062220
0 0.366460 0.854758 0.104277 0.104277
0 0.650503 0.972161 0.052757 0.052757
0 0.009762 0.118885 0.061130 0.061130
0 0.171017 0.748057 0.052757 0.052757
0 0.910781 0.508020 0.061131 0.061131
0 0.365718 0.760027 0.052757 0.052757
0 0.182629 0.679348 0.061130 0.061130
0 0.551082 0.673520 0.104277 0.104277
0 0.686391 0.556717 0.061130 0.061130
0 0.376362 0.199565 0.052757 0.052757
0 0.422304 0.411148 0.057104 0.057104
0 0.251583 0.594166 0.071945 0.071945
0 0.768877 0.454505 0.104277 0.104277
0 0.981758 0.338965 0.062220 0.062220
0 0.673802 0.291868 0.062220 0.062220
0 0.077173 0.087476 0.061130 0.061130
0 0.456470 0.922797 0.062220 0.062220
0 0.234382 0.335316 0.052757 0.052757
0 0.864789 0.053167 0.061131 0.061131
0 0.770802 0.862494 0.052757 0.052757
0 0.763569 0.632831 0.062220 0.062220
0 0.155287 0.026875 0.071945 0.071945
0 0.768633 0.090485 0.061131 0.061131
0 0.030744 0.456517 0.057104 0.057104
0 0.566746 0.547241 0.061130 0.061130
0 0.094274 0.199527 0.057104 0.057104
0 0.728334 0.696449 0.104278 0.104278
0 0.731617 0.168648 0.052757 0.052757
0 0.811251 0.363469 0.061131 0.061131
0 0.108780 0.707493 0.061130 0.061130
0 0.075392 0.544679 0.062220 0.062220
0 0.978477 0.760620 0.062220 0.062220
0 0.253210 0.943289 0.057104 0.057104
0 0.563718 0.952196 0.057104 0.057104
0 0.055406 0.885463 0.104277 0.104277
0 0.785352 0.762360 0.062220 0.062220
0 0.663909 0.876936 0.057104 0.057104
0 0.609668 0.194063 0.104277 0.104277
0 0.388186 0.274050 0.061130 0.061130
0 0.332037 0.093966 0.104277 0.104277
0 0.817272 0.694731 0.071945 0.071945
0 0.098797 0.466744 0.057104 0.057104
0 0.730852 0.931292 0.062220 0.062220
0 0.397622 0.123055 0.071945 0.071945
0 0.628185 0.349497 0.061130 0.061130
0 0.464495 0.657843 0.057104 0.057104
0 0.662911 0.654529 0.104277 0.104277
0 0.339253 0.648192 0.104277 0.104277
0 0.994706 0.428290 0.057104 0.057104
0 0.900555 0.176311 0.104277 0.104277
0 0.857473 0.751657 0.052757 0.052757
0 0.668944 0.422410 0.061130 0.061130
0 0.030778 0.247205 0.062220 0.062220
0 0.966897 0.245748 0.052757 0.052757
0 0.845925 0.464431 0.071945 0.071945
0 0.974052 0.111292 0.071945 0.071945
0 0.611851 0.106912 0.057104 0.057104
0 0.363380 0.453269 0.062220 0.062220
0 0.714390 0.361220 0.071945 0.071945
0 0.462573 0.148211 0.057104 0.057104
0 0.061562 0.809000 0.061130 0.061130
0 0.144650 0.376425 0.104277 0.104277
0 0.263191 0.512124 0.052757 0.052757
0 0.150052 0.256720 0.057104 0.057104
0 0.445627 0.844905 0.057104 0.057104
0 0.210442 0.437581 0.062220 0.062220
0 0.854454 0.235448 0.052757 0.052757
0 0.029584 0.745190 0.062220 0.062220
0 0.946282 0.638040 0.061131 0.061131