0 0.684130 0.728617 0.071945 0.071945
0 0.582864 0.842894 0.062220 0.062220
0 0.715842 0.840841 0.057104 0.057104
0 0.748653 0.766149 0.052757 0.052757
0 0.560599 0.957804 0.104277 0.104277
0 0.814902 0.262293 0.061130 0.061130
0 0.785331 0.399506 0.061130 0.061130
0 0.395118 0.275962 0.052757 0.052757
0 0.488331 0.223036 0.052757 0.052757
0 0.555601 0.772187 0.052757 0.052757
0 0.646018 0.972092 0.062220 0.062220
0 0.785972 0.863884 0.071945 0.071945
0 0.709130 0.187530 0.104277 0.104277
0 0.647760 0.792497 0.071945 0.071945
0 0.300142 0.192270 0.062220 0.062220
0 0.816273 0.627233 0.061131 0.061131
0 0.834907 0.802097 0.071945 0.071945
0 0.216682 0.624874 0.071945 0.071945
0 0.498081 0.532250 0.061130 0.061130
0 0.314341 0.312252 0.062220 0.062220
0 0.032475 0.563430 0.062220 0.062220
0 0.486794 0.895622 0.071945 0.071945
0 0.049603 0.865722 0.061131 0.061131
0 0.337243 0.776773 0.061130 0.061130
0 0.847473 0.725460 0.071945 0.071945
0 0.362256 0.895648 0.104277 0.104277
0 0.069046 0.627266 0.104277 0.104277
0 0.244241 0.279657 0.052757 0.052757
0 0.113015 0.762192 0.071945 0.071945
0 0.778260 0.971025 0.104278 0.104278
0 0.370626 0.449094 0.061130 0.061130
0 0.467180 0.428195 0.057104 0.057104
0 0.177231 0.358706 0.071945 0.071945
0 0.727611 0.540529 0.057104 0.057104
0 0.064930 0.441090 0.057104 0.057104
0 0.065686 0.243946 0.061131 0.061131
0 0.375125 0.199574 0.057104 0.057104
0 0.530292 0.376147 0.062220 0.062220
0 0.035402 0.343221 0.071945 0.071945
0 0.582765 0.633467 0.062220 0.062220
0 0.162521 0.261235 0.052757 0.052757
0 0.546340 0.695034 0.062220 0.062220
0 0.098350 0.506729 0.062220 0.062220
0 0.259883 0.976465 0.062220 0.062220
0 0.643536 0.226250 0.071945 0.071945
0 0.368035 0.366382 0.061131 0.061131
0 0.142914 0.690667 0.061131 0.061131
0 0.758815 0.317782 0.104278 0.104278
0 0.046758 0.727985 0.061131 0.061131
0 0.315299 0.502189 0.071945 0.071945
0 0.226764 0.199450 0.062220 0.062220
0 0.829979 0.502527 0.061131 0.061131
0 0.009742 0.806148 0.052757 0.052757
0 0.508492 0.622181 0.052757 0.052757
0 0.306930 0.698511 0.057104 0.057104
0 0.608033 0.365574 0.052757 0.052757
0 0.161855 0.539844 0.071945 0.071945
0 0.424841 0.515719 0.052757 0.052757
0 0.243029 0.401847 0.071945 0.071945
0 0.675886 0.307052 0.062220 0.062220
0 0.444774 0.713087 0.071945 0.071945
0 0.346736 0.627658 0.062220 0.062220
0 0.545452 0.267833 0.071945 0.071945
0 0.678191 0.423089 0.052559 0.052559
0 0.339028 0.992104 0.057104 0.057104
0 0.173435 0.462894 0.071945 0.071945
0 0.720865 0.659446 0.062220 0.062220
0 0.178680 0.813811 0.104277 0.104277
0 0.245022 0.883248 0.052757 0.052757
0 0.413692 0.651250 0.104277 0.104277
0 0.252177 0.748792 0.071945 0.071945
0 0.266150 0.558806 0.104277 0.104277
0 0.625117 0.502895 0.071945 0.071945
0 0.780994 0.693674 0.104278 0.104278
0 0.468933 0.811992 0.104277 0.104277
0 0.149799 0.190799 0.057104 0.057104
0 0.525710 0.466685 0.052757 0.052757
0 0.132579 0.872948 0.052757 0.052757
0 0.427014 0.990102 0.062220 0.062220
0 0.478406 0.316027 0.061131 0.061131
0 0.548123 0.189442 0.062220 0.062220