0 0.325217 0.215102 0.104277 0.104277
0 0.281669 0.003111 0.061130 0.061130
0 0.475507 0.212778 0.062220 0.062220
0 0.526841 0.982386 0.071945 0.071945
0 0.807219 0.722707 0.071945 0.071945
0 0.053333 0.859752 0.104277 0.104277
0 0.115821 0.583978 0.052757 0.052757
0 0.585018 0.011385 0.071945 0.071945
0 0.296118 0.770724 0.061130 0.061130
0 0.702396 0.895701 0.104277 0.104277
0 0.838765 0.203253 0.047276 0.047276
0 0.729119 0.509854 0.062220 0.062220
0 0.015115 0.533435 0.052757 0.052757
0 0.469062 0.732600 0.071945 0.071945
0 0.036186 0.704662 0.052757 0.052757
0 0.319341 0.129917 0.057104 0.057104
0 0.112493 0.779797 0.071945 0.071945
0 0.355203 0.316553 0.051819 0.051819
0 0.535351 0.260266 0.052757 0.052757
0 0.247909 0.605354 0.104277 0.104277
0 0.547770 0.851458 0.104277 0.104277
0 0.665549 0.662651 0.071945 0.071945
0 0.596627 0.208781 0.057103 0.057103
0 0.670296 0.594205 0.062220 0.062220
0 0.608252 0.789956 0.057104 0.057104
0 0.651219 0.963631 0.062220 0.062220
0 0.550969 0.721740 0.062220 0.062220
0 0.512243 0.048114 0.036679 0.036679
0 0.631281 0.326121 0.104277 0.104277
0 0.431044 0.386897 0.104277 0.104277
0 0.736618 0.694433 0.061130 0.061130
0 0.426181 0.313604 0.071945 0.071945
0 0.822773 0.309178 0.071945 0.071945
0 0.190366 0.856086 0.052757 0.052757
0 0.132652 0.326313 0.052757 0.052757
0 0.728612 0.340989 0.061131 0.061131
0 0.000390 0.778841 0.104277 0.104277
0 0.153024 0.722091 0.052757 0.052757
0 0.844651 0.092251 0.057104 0.057104
0 0.347499 0.473526 0.054783 0.054783
0 0.652426 0.034269 0.062220 0.062220
0 0.484342 0.918662 0.062220 0.062220
0 0.328029 0.994212 0.061131 0.061131
0 0.515051 0.407438 0.057103 0.057103
0 0.286422 0.922663 0.071945 0.071945
0 0.315601 0.585692 0.071945 0.071945
0 0.315861 0.656516 0.061130 0.061130
0 0.098725 0.246944 0.071945 0.071945
0 0.609357 0.474259 0.061131 0.061131
0 0.195881 0.482194 0.057104 0.057104
0 0.560535 0.342140 0.061131 0.061131
0 0.770864 0.951607 0.045227 0.045227
0 0.405252 0.999934 0.052757 0.052757
0 0.826106 0.434682 0.071945 0.071945
0 0.831488 0.573207 0.104278 0.104278
0 0.761089 0.195120 0.062220 0.062220
0 0.114798 0.959472 0.061130 0.061130
0 0.210076 0.360320 0.052757 0.052757
0 0.826529 0.855402 0.061130 0.061130
0 0.067825 0.072993 0.104277 0.104277
0 0.231230 0.170866 0.071945 0.071945
0 0.762693 0.407785 0.104278 0.104278
0 0.440014 0.574184 0.052757 0.052757
0 0.735673 0.050193 0.104277 0.104277
0 0.021618 0.317120 0.057104 0.057104
0 0.121219 0.394736 0.062220 0.062220
0 0.686046 0.447364 0.062220 0.062220
0 0.118386 0.121530 0.104277 0.104277
0 0.097291 0.008840 0.052757 0.052757
0 0.127691 0.653401 0.104277 0.104277
0 0.482878 0.813695 0.052757 0.052757
0 0.404207 0.048528 0.062220 0.062220
0 0.394925 0.865559 0.052757 0.052757
0 0.214462 0.931946 0.057104 0.057104
0 0.067522 0.450825 0.104277 0.104277
0 0.546418 0.131224 0.104277 0.104277
0 0.222355 0.254782 0.057104 0.057104
0 0.684935 0.799099 0.061131 0.061131
0 0.590572 0.663362 0.057104 0.057104
0 0.609607 0.397863 0.071945 0.071945
0 0.459870 0.096446 0.071945 0.071945
0 0.178224 0.077590 0.052757 0.052757
0 0.032530 0.229037 0.057104 0.057104
0 0.423859 0.460275 0.104277 0.104277
0 0.614139 0.892817 0.061131 0.061131
0 0.128005 0.886936 0.050559 0.050559
0 0.600765 0.086593 0.061131 0.061131
0 0.257144 0.829715 0.061130 0.061130
0 0.386415 0.650087 0.071945 0.071945
0 0.488402 0.504473 0.057104 0.057104
0 0.528448 0.561611 0.104277 0.104277
0 0.029647 0.622492 0.061131 0.061131
0 0.385215 0.744640 0.071945 0.071945
0 0.333940 0.405572 0.052757 0.052757
0 0.261377 0.439799 0.104277 0.104277
0 0.772058 0.812593 0.052757 0.052757
0 0.693433 0.123590 0.071945 0.071945
0 0.191860 0.558764 0.071945 0.071945
0 0.498124 0.653215 0.104277 0.104277
0 0.222567 0.696704 0.104277 0.104277
0 0.774333 0.618760 0.061131 0.061131
0 0.396826 0.176345 0.057104 0.057104
0 0.666577 0.259076 0.061131 0.061131