0 0.521120 0.332198 0.062220 0.062220
0 0.270112 0.635231 0.104277 0.104277
0 0.475194 0.391040 0.062220 0.062220
0 0.621768 0.368052 0.070161 0.070161
0 0.123854 0.038713 0.062220 0.062220
0 0.252488 0.359664 0.104278 0.104278
0 0.975142 0.026645 0.062220 0.062220
0 0.502975 0.795377 0.057104 0.057104
0 0.371881 0.031071 0.057104 0.057104
0 0.230290 0.867325 0.104277 0.104277
0 0.891682 0.459249 0.071945 0.071945
0 0.989341 0.146627 0.062220 0.062220
0 0.411169 0.339176 0.071945 0.071945
0 0.707475 0.397805 0.062220 0.062220
0 0.724603 0.700097 0.061131 0.061131
0 0.385589 0.107756 0.062220 0.062220
0 0.039051 0.800384 0.104277 0.104277
0 0.744046 0.461641 0.104277 0.104277
0 0.919241 0.114032 0.052757 0.052757
0 0.152584 0.397243 0.071945 0.071945
0 0.658505 0.307276 0.061130 0.061130
0 0.249687 0.731474 0.057104 0.057104
0 0.371390 0.190517 0.071945 0.071945
0 0.440740 0.950508 0.057104 0.057104
0 0.198257 0.680343 0.104277 0.104277
0 0.788015 0.596567 0.071945 0.071945
0 0.305694 0.129518 0.104277 0.104277
0 0.121935 0.205298 0.104277 0.104277
0 0.249156 0.241955 0.057104 0.057104
0 0.241239 0.105254 0.071945 0.071945
0 0.473904 0.711804 0.104277 0.104277
0 0.852231 0.193081 0.071945 0.071945
0 0.458102 0.061510 0.071945 0.071945
0 0.360763 0.992943 0.052757 0.052757
0 0.164618 0.549291 0.052757 0.052757
0 0.639066 0.530868 0.104277 0.104277
0 0.739930 0.275465 0.057104 0.057104
0 0.431679 0.532652 0.062220 0.062220
0 0.740686 0.078321 0.061131 0.061131
0 0.850098 0.845481 0.071945 0.071945
0 0.017429 0.474869 0.062220 0.062220
0 0.286004 0.795973 0.057104 0.057104
0 0.039530 0.114003 0.104277 0.104277
0 0.710402 0.177596 0.071945 0.071945
0 0.599857 0.237778 0.071945 0.071945
0 0.491548 0.874337 0.052757 0.052757
0 0.562739 0.943418 0.104277 0.104277
0 0.531296 0.512529 0.062220 0.062220
0 0.461499 0.172832 0.052757 0.052757
0 0.863906 0.979895 0.061131 0.061131
0 0.338821 0.435656 0.071945 0.071945
0 0.329487 0.671440 0.052757 0.052757
0 0.375429 0.883023 0.057104 0.057104
0 0.722002 0.926380 0.104277 0.104277
0 0.837521 0.095610 0.052757 0.052757
0 0.773350 0.341104 0.062220 0.062220
0 0.934883 0.810840 0.062220 0.062220
0 0.043750 0.201438 0.057104 0.057104
0 0.626927 0.763743 0.062220 0.062220
0 0.030298 0.559351 0.061130 0.061130
0 0.187507 0.807191 0.052757 0.052757
0 0.517096 0.227943 0.052757 0.052757
0 0.817914 0.525042 0.061131 0.061131
0 0.570779 0.056907 0.071945 0.071945
0 0.108412 0.498750 0.071945 0.071945
0 0.721758 0.562360 0.061131 0.061131
0 0.070326 0.278110 0.104277 0.104277
0 0.990299 0.336564 0.071945 0.071945
0 0.901764 0.033825 0.062220 0.062220
0 0.594713 0.138160 0.057104 0.057104
0 0.047399 0.671402 0.057104 0.057104
0 0.211223 0.180854 0.062220 0.062220
0 0.281251 0.011434 0.104277 0.104277
0 0.684742 0.640523 0.052757 0.052757
0 0.764376 0.835344 0.061131 0.061131
0 0.981930 0.532886 0.057104 0.057104
0 0.589709 0.440556 0.052757 0.052757
0 0.836855 0.374219 0.071945 0.071945
0 0.918029 0.236222 0.071945 0.071945
0 0.653483 0.024752 0.104277 0.104277
0 0.562793 0.665938 0.104277 0.104277
0 0.341311 0.745925 0.061130 0.061130
0 0.285162 0.565841 0.104277 0.104277
0 0.247863 0.436741 0.052757 0.052757
0 0.983063 0.983322 0.052757 0.052757
0 0.051922 0.938619 0.057104 0.057104
0 0.468362 0.470504 0.057104 0.057104
0 0.350747 0.594930 0.071945 0.071945
0 0.426891 0.235367 0.104277 0.104277
0 0.581310 0.821372 0.061130 0.061130
0 0.848435 0.297269 0.071945 0.071945
0 0.344884 0.357434 0.056505 0.056505
0 0.947831 0.900165 0.057104 0.057104
0 0.853680 0.648186 0.104277 0.104277
0 0.622069 0.894285 0.061130 0.061130
0 0.920022 0.717623 0.052757 0.052757
0 0.799050 0.936306 0.071945 0.071945
0 0.927177 0.583167 0.071945 0.071945
0 0.941150 0.393181 0.104277 0.104277
0 0.564976 0.578787 0.057104 0.057104
0 0.339181 0.288745 0.061130 0.061130
0 0.316505 0.925144 0.062220 0.062220
0 0.667515 0.833095 0.071945 0.071945
0 0.672082 0.238830 0.057103 0.057103
0 0.415698 0.620086 0.057104 0.057104
0 0.138735 0.312547 0.062220 0.062220
0 0.049286 0.018490 0.062220 0.062220
0 0.097775 0.848300 0.104277 0.104277
0 0.075998 0.432966 0.057104 0.057104
0 0.216316 0.983999 0.052757 0.052757
0 0.103177 0.728595 0.057104 0.057104
0 0.156011 0.099797 0.061130 0.061130
0 0.824799 0.025174 0.057104 0.057104
0 0.163567 0.909456 0.062220 0.062220
0 0.807579 0.707323 0.052757 0.052757