0 0.517995 0.235323 0.062220 0.062220
0 0.266987 0.538356 0.104277 0.104277
0 0.295045 0.948312 0.057103 0.057103
0 0.066391 0.993957 0.052757 0.052757
0 0.472069 0.294165 0.062220 0.062220
0 0.814468 0.997881 0.061131 0.061131
0 0.618643 0.271177 0.070161 0.070161
0 0.249363 0.262789 0.104278 0.104278
0 0.499850 0.698502 0.057104 0.057104
0 0.749594 0.919188 0.062220 0.062220
0 0.227165 0.770450 0.104277 0.104277
0 0.888557 0.362374 0.071945 0.071945
0 0.986216 0.049752 0.062220 0.062220
0 0.408044 0.242301 0.071945 0.071945
0 0.704350 0.300930 0.062220 0.062220
0 0.721478 0.603222 0.061131 0.061131
0 0.382464 0.010881 0.062220 0.062220
0 0.035926 0.703509 0.104277 0.104277
0 0.740921 0.364766 0.104277 0.104277
0 0.916116 0.017157 0.052757 0.052757
0 0.149459 0.300368 0.071945 0.071945
0 0.655380 0.210401 0.061130 0.061130
0 0.246562 0.634599 0.057104 0.057104
0 0.368265 0.093642 0.071945 0.071945
0 0.437615 0.853633 0.057104 0.057104
0 0.195132 0.583468 0.104277 0.104277
0 0.784890 0.499692 0.071945 0.071945
0 0.302569 0.032643 0.104277 0.104277
0 0.118810 0.108423 0.104277 0.104277
0 0.246031 0.145080 0.057104 0.057104
0 0.238114 0.008379 0.071945 0.071945
0 0.470779 0.614929 0.104277 0.104277
0 0.849106 0.096206 0.071945 0.071945
0 0.357638 0.896068 0.052757 0.052757
0 0.161493 0.452416 0.052757 0.052757
0 0.635941 0.433993 0.104277 0.104277
0 0.736805 0.178590 0.057104 0.057104
0 0.428554 0.435777 0.062220 0.062220
0 0.110813 0.919410 0.062220 0.062220
0 0.846973 0.748606 0.071945 0.071945
0 0.014304 0.377994 0.062220 0.062220
0 0.282879 0.699098 0.057104 0.057104
0 0.440033 0.948133 0.057104 0.057104
0 0.036405 0.017128 0.104277 0.104277
0 0.707277 0.080721 0.071945 0.071945
0 0.596732 0.140903 0.071945 0.071945
0 0.488423 0.777462 0.052757 0.052757
0 0.559614 0.846543 0.104277 0.104277
0 0.528171 0.415654 0.062220 0.062220
0 0.458374 0.075957 0.052757 0.052757
0 0.860781 0.883020 0.061131 0.061131
0 0.335696 0.338781 0.071945 0.071945
0 0.636391 0.931717 0.061130 0.061130
0 0.326362 0.574565 0.052757 0.052757
0 0.372304 0.786148 0.057104 0.057104
0 0.201583 0.969166 0.071945 0.071945
0 0.718877 0.829505 0.104277 0.104277
0 0.770225 0.244229 0.062220 0.062220
0 0.931758 0.713965 0.062220 0.062220
0 0.040625 0.104563 0.057104 0.057104
0 0.623802 0.666868 0.062220 0.062220
0 0.950320 0.953399 0.057104 0.057104
0 0.027173 0.462476 0.061130 0.061130
0 0.184382 0.710316 0.052757 0.052757
0 0.513971 0.131068 0.052757 0.052757
0 0.814789 0.428167 0.061131 0.061131
0 0.105287 0.401875 0.071945 0.071945
0 0.718633 0.465485 0.061131 0.061131
0 0.067201 0.181235 0.104277 0.104277
0 0.987174 0.239689 0.071945 0.071945
0 0.591588 0.041285 0.057104 0.057104
0 0.516746 0.922241 0.061130 0.061130
0 0.044274 0.574527 0.057104 0.057104
0 0.208098 0.083979 0.062220 0.062220
0 0.681617 0.543648 0.052757 0.052757
0 0.761251 0.738469 0.061131 0.061131
0 0.978805 0.436011 0.057104 0.057104
0 0.586584 0.343681 0.052757 0.052757
0 0.025392 0.919679 0.062220 0.062220
0 0.833730 0.277344 0.071945 0.071945
0 0.914904 0.139347 0.071945 0.071945
0 0.559668 0.569063 0.104277 0.104277
0 0.338186 0.649050 0.061130 0.061130
0 0.282037 0.468966 0.104277 0.104277
0 0.244738 0.339866 0.052757 0.052757
0 0.979938 0.886447 0.052757 0.052757
0 0.048797 0.841744 0.057104 0.057104
0 0.465237 0.373629 0.057104 0.057104
0 0.347622 0.498055 0.071945 0.071945
0 0.423766 0.138492 0.104277 0.104277
0 0.578185 0.724497 0.061130 0.061130
0 0.845310 0.200394 0.071945 0.071945
0 0.341759 0.260559 0.056505 0.056505
0 0.944706 0.803290 0.057104 0.057104
0 0.850555 0.551311 0.104277 0.104277
0 0.618944 0.797410 0.061130 0.061130
0 0.916897 0.620748 0.052757 0.052757
0 0.795925 0.839431 0.071945 0.071945
0 0.924052 0.486292 0.071945 0.071945
0 0.938025 0.296306 0.104277 0.104277
0 0.561851 0.481912 0.057104 0.057104
0 0.336056 0.191870 0.061130 0.061130
0 0.313380 0.828269 0.062220 0.062220
0 0.664390 0.736220 0.071945 0.071945
0 0.668957 0.141955 0.057103 0.057103
0 0.412573 0.523211 0.057104 0.057104
0 0.135610 0.215672 0.062220 0.062220
0 0.094650 0.751425 0.104277 0.104277
0 0.072873 0.336091 0.057104 0.057104
0 0.213191 0.887124 0.052757 0.052757
0 0.100052 0.631720 0.057104 0.057104
0 0.152886 0.002922 0.061130 0.061130
0 0.160442 0.812581 0.062220 0.062220
0 0.804454 0.610448 0.052757 0.052757