0 0.831005 0.294242 0.071945 0.071945
0 0.626182 0.797661 0.104277 0.104277
0 0.816284 0.762189 0.104277 0.104277
0 0.860473 0.958437 0.057104 0.057104
0 0.729739 0.408519 0.062220 0.062220
0 0.862717 0.406466 0.057104 0.057104
0 0.952858 0.920316 0.104277 0.104277
0 0.895528 0.331774 0.052757 0.052757
0 0.779314 0.671946 0.057104 0.057104
0 0.707474 0.523429 0.104277 0.104277
0 0.689777 0.875325 0.104277 0.104277
0 0.692668 0.713905 0.061131 0.061131
0 0.702476 0.337812 0.052757 0.052757
0 0.575884 0.637438 0.071945 0.071945
0 0.792893 0.537717 0.062220 0.062220
0 0.628772 0.932980 0.062220 0.062220
0 0.466598 0.999528 0.057104 0.057104
0 0.463445 0.838703 0.052757 0.052757
0 0.574599 0.976966 0.061130 0.061130
0 0.851050 0.658968 0.071945 0.071945
0 0.932847 0.429509 0.071945 0.071945
0 0.289468 0.826006 0.061131 0.061131
0 0.093643 0.099302 0.070161 0.070161
0 0.794635 0.358122 0.071945 0.071945
0 0.784462 0.849775 0.061130 0.061130
0 0.224594 0.747313 0.062220 0.062220
0 0.963148 0.192858 0.061131 0.061131
0 0.517528 0.933989 0.061131 0.061131
0 0.566755 0.867442 0.057104 0.057104
0 0.981782 0.367722 0.071945 0.071945
0 0.363557 0.190499 0.071945 0.071945
0 0.644956 0.097875 0.061130 0.061130
0 0.179350 0.129055 0.062220 0.062220
0 0.633669 0.461247 0.071945 0.071945
0 0.196478 0.431347 0.061131 0.061131
0 0.484118 0.342398 0.061130 0.061130
0 0.994348 0.291085 0.071945 0.071945
0 0.509131 0.461273 0.104277 0.104277
0 0.215921 0.192891 0.104277 0.104277
0 0.130380 0.038526 0.061130 0.061130
0 0.977160 0.789352 0.057104 0.057104
0 0.259890 0.327817 0.071945 0.071945
0 0.633047 0.592950 0.104277 0.104277
0 0.031204 0.963860 0.061130 0.061130
0 0.925135 0.536650 0.104278 0.104278
0 0.790249 0.924650 0.061130 0.061130
0 0.517501 0.014719 0.061130 0.061130
0 0.110941 0.262118 0.104277 0.104277
0 0.874486 0.106154 0.057104 0.057104
0 0.211805 0.006715 0.057104 0.057104
0 0.321973 0.576731 0.071945 0.071945
0 0.034614 0.674668 0.104277 0.104277
0 0.003171 0.243779 0.062220 0.062220
0 0.335781 0.711145 0.061131 0.061131
0 0.111391 0.759842 0.061130 0.061130
0 0.193877 0.657630 0.104277 0.104277
0 0.729640 0.199092 0.062220 0.062220
0 0.693215 0.260659 0.062220 0.062220
0 0.245225 0.072354 0.062220 0.062220
0 0.406758 0.542090 0.062220 0.062220
0 0.929492 0.843354 0.052757 0.052757
0 0.098802 0.494993 0.062220 0.062220
0 0.425320 0.781524 0.057104 0.057104
0 0.289789 0.256292 0.061131 0.061131
0 0.188569 0.835956 0.062220 0.062220
0 0.193633 0.293610 0.061131 0.061131
0 0.462174 0.067814 0.071945 0.071945
0 0.548806 0.740148 0.071945 0.071945
0 0.153334 0.899574 0.104278 0.104278
0 0.976854 0.068152 0.061131 0.061131
0 0.156617 0.371773 0.052757 0.052757
0 0.236251 0.566594 0.061131 0.061131
0 0.655367 0.187806 0.052757 0.052757
0 0.453805 0.264136 0.057104 0.057104
0 0.061584 0.171806 0.052757 0.052757
0 0.403477 0.963745 0.062220 0.062220
0 0.308730 0.105469 0.071945 0.071945
0 0.966578 0.618692 0.057104 0.057104
0 0.847518 0.588812 0.057104 0.057104
0 0.571716 0.081344 0.052757 0.052757
0 0.704888 0.612698 0.052757 0.052757
0 0.210352 0.965485 0.062220 0.062220
0 0.034668 0.397188 0.104277 0.104277
0 0.454938 0.714572 0.052757 0.052757
0 0.242272 0.897856 0.071945 0.071945
0 0.591649 0.278712 0.071945 0.071945
0 0.493611 0.193283 0.062220 0.062220
0 0.485903 0.557729 0.057104 0.057104
0 0.053185 0.552622 0.061130 0.061130
0 0.320310 0.028519 0.071945 0.071945
0 0.087911 0.857654 0.104277 0.104277
0 0.867740 0.225071 0.062220 0.062220
0 0.419706 0.631415 0.057104 0.057104
0 0.325555 0.379436 0.104277 0.104277
0 0.282473 0.954782 0.052757 0.052757
0 0.093944 0.625535 0.061130 0.061130
0 0.391897 0.448873 0.052757 0.052757
0 0.270925 0.667556 0.071945 0.071945
0 0.560567 0.216875 0.104277 0.104277
0 0.399052 0.314417 0.071945 0.071945
0 0.720288 0.972453 0.104277 0.104277
0 0.413025 0.124431 0.104277 0.104277
0 0.947280 0.722157 0.061130 0.061130
0 0.036851 0.310037 0.057104 0.057104
0 0.139390 0.564345 0.071945 0.071945
0 0.771992 0.068520 0.071945 0.071945
0 0.927869 0.259299 0.104278 0.104278
0 0.615808 0.377617 0.104277 0.104277
0 0.672585 0.032310 0.052757 0.052757
0 0.279454 0.438573 0.052757 0.052757
0 0.573889 0.555727 0.062220 0.062220
0 0.371282 0.841165 0.061131 0.061131