0 0.082052 0.053880 0.104278 0.104278
0 0.336095 0.645657 0.071945 0.071945
0 0.611216 0.613636 0.071945 0.071945
0 0.891594 0.353957 0.071945 0.071945
0 0.137708 0.491002 0.104277 0.104277
0 0.643344 0.729006 0.052757 0.052757
0 0.200196 0.215228 0.052757 0.052757
0 0.881627 0.836160 0.061131 0.061131
0 0.787504 0.952494 0.062220 0.062220
0 0.380493 0.401974 0.061130 0.061130
0 0.786771 0.526951 0.104277 0.104277
0 0.230843 0.912370 0.104277 0.104277
0 0.813494 0.141104 0.062220 0.062220
0 0.099490 0.164685 0.052757 0.052757
0 0.553437 0.363850 0.071945 0.071945
0 0.120561 0.335912 0.052757 0.052757
0 0.234244 0.665112 0.062220 0.062220
0 0.196868 0.411047 0.071945 0.071945
0 0.663659 0.975290 0.104277 0.104277
0 0.259597 0.837370 0.057104 0.057104
0 0.753767 0.690070 0.104277 0.104277
0 0.708906 0.881189 0.071945 0.071945
0 0.918964 0.773813 0.052757 0.052757
0 0.332284 0.236604 0.104277 0.104277
0 0.632145 0.482708 0.104277 0.104277
0 0.749924 0.293901 0.071945 0.071945
0 0.327944 0.819806 0.104277 0.104277
0 0.754671 0.225455 0.062220 0.062220
0 0.213297 0.760868 0.061130 0.061130
0 0.092602 0.802742 0.057104 0.057104
0 0.692627 0.421206 0.057104 0.057104
0 0.735594 0.594881 0.062220 0.062220
0 0.488336 0.722068 0.052757 0.052757
0 0.635344 0.352990 0.062220 0.062220
0 0.030118 0.909500 0.057104 0.057104
0 0.146094 0.939591 0.104277 0.104277
0 0.515419 0.018147 0.104277 0.104277
0 0.455553 0.908936 0.071945 0.071945
0 0.820993 0.325683 0.061130 0.061130
0 0.665557 0.823945 0.102474 0.102474
0 0.274741 0.487336 0.052757 0.052757
0 0.559893 0.816120 0.104277 0.104277
0 0.084765 0.410091 0.104277 0.104277
0 0.032062 0.271737 0.057104 0.057104
0 0.237399 0.353341 0.052757 0.052757
0 0.431874 0.104776 0.054783 0.054783
0 0.568717 0.549912 0.062220 0.062220
0 0.412404 0.625462 0.061131 0.061131
0 0.599426 0.038688 0.057103 0.057103
0 0.370797 0.553913 0.071945 0.071945
0 0.399976 0.216942 0.071945 0.071945
0 0.158998 0.672462 0.062220 0.062220
0 0.400236 0.287766 0.061130 0.061130
0 0.373943 0.876773 0.057104 0.057104
0 0.014779 0.198329 0.052757 0.052757
0 0.693732 0.105509 0.061131 0.061131
0 0.280256 0.113444 0.057104 0.057104
0 0.186665 0.830300 0.104277 0.104277
0 0.055326 0.524083 0.071945 0.071945
0 0.855239 0.582857 0.045227 0.045227
0 0.489627 0.631184 0.052757 0.052757
0 0.910481 0.065932 0.071945 0.071945
0 0.915863 0.204457 0.104278 0.104278
0 0.199173 0.590722 0.061130 0.061130
0 0.910904 0.486652 0.061130 0.061130
0 0.007246 0.349512 0.057104 0.057104
0 0.472736 0.838294 0.062220 0.062220
0 0.009711 0.780031 0.062220 0.062220
0 0.847068 0.039035 0.104278 0.104278
0 0.524389 0.205434 0.052757 0.052757
0 0.205594 0.025986 0.062220 0.062220
0 0.770421 0.078614 0.062220 0.062220
0 0.212066 0.284651 0.104277 0.104277
0 0.245252 0.981706 0.062220 0.062220
0 0.567253 0.444945 0.052757 0.052757
0 0.119465 0.871053 0.071945 0.071945
0 0.479300 0.496809 0.052757 0.052757
0 0.298837 0.563196 0.057104 0.057104
0 0.151897 0.082075 0.104277 0.104277
0 0.769310 0.430349 0.061131 0.061131
0 0.674947 0.294612 0.057104 0.057104
0 0.396101 0.943775 0.104277 0.104277
0 0.868065 0.929519 0.061131 0.061131
0 0.693982 0.029113 0.071945 0.071945
0 0.508234 0.091525 0.104277 0.104277
0 0.566322 0.723245 0.055027 0.055027
0 0.698514 0.524067 0.061131 0.061131
0 0.357013 0.752158 0.062220 0.062220
0 0.776351 0.827423 0.104277 0.104277
0 0.212380 0.518186 0.050559 0.050559
0 0.341519 0.460965 0.061130 0.061130
0 0.470790 0.281337 0.071945 0.071945
0 0.572777 0.135723 0.057104 0.057104
0 0.026782 0.992533 0.052757 0.052757
0 0.612823 0.192861 0.104277 0.104277
0 0.313003 0.909121 0.071945 0.071945
0 0.114022 0.253742 0.061131 0.061131
0 0.469590 0.375890 0.071945 0.071945
0 0.429052 0.764968 0.104277 0.104277
0 0.418315 0.036822 0.052757 0.052757
0 0.345752 0.071049 0.104277 0.104277
0 0.593062 0.909225 0.061130 0.061130
0 0.856433 0.443843 0.052757 0.052757
0 0.036034 0.123794 0.071945 0.071945
0 0.276235 0.190014 0.071945 0.071945
0 0.582499 0.284465 0.104277 0.104277
0 0.306942 0.327954 0.104277 0.104277
0 0.071435 0.647868 0.052757 0.052757
0 0.858708 0.250010 0.061131 0.061131
0 0.831090 0.776097 0.057104 0.057104
0 0.845040 0.700014 0.088662 0.088662