0 0.148670 0.539476 0.062220 0.062220
0 0.494308 0.879104 0.062220 0.062220
0 0.456082 0.685080 0.062220 0.062220
0 0.945470 0.401907 0.071945 0.071945
0 0.231984 0.992718 0.057103 0.057103
0 0.747083 0.247252 0.104277 0.104277
0 0.954154 0.772239 0.061130 0.061130
0 0.989868 0.158224 0.061130 0.061130
0 0.482062 0.328446 0.052757 0.052757
0 0.493754 0.414995 0.104277 0.104277
0 0.840218 0.668620 0.104277 0.104277
0 0.252656 0.739367 0.052757 0.052757
0 0.799079 0.790231 0.104277 0.104277
0 0.685595 0.832205 0.071945 0.071945
0 0.090999 0.594358 0.071945 0.071945
0 0.729936 0.092162 0.052757 0.052757
0 0.843619 0.421362 0.062220 0.062220
0 0.211847 0.824037 0.062220 0.062220
0 0.473487 0.241025 0.104277 0.104277
0 0.806243 0.167297 0.071945 0.071945
0 0.555844 0.172823 0.104277 0.104277
0 0.480011 0.141883 0.061130 0.061130
0 0.141799 0.854673 0.104277 0.104277
0 0.868972 0.593620 0.057104 0.057104
0 0.387082 0.039840 0.104277 0.104277
0 0.222287 0.545538 0.061130 0.061130
0 0.202703 0.457655 0.052757 0.052757
0 0.879096 0.948230 0.062220 0.062220
0 0.937319 0.576056 0.104277 0.104277
0 0.822672 0.517118 0.061130 0.061130
0 0.701977 0.558992 0.057104 0.057104
0 0.606952 0.318878 0.104277 0.104277
0 0.363505 0.458482 0.061130 0.061130
0 0.444349 0.583940 0.062220 0.062220
0 0.059539 0.169174 0.061130 0.061130
0 0.639493 0.665750 0.057104 0.057104
0 0.755469 0.695841 0.104277 0.104277
0 0.486238 0.492150 0.057104 0.057104
0 0.251574 0.921281 0.061130 0.061130
0 0.694906 0.905170 0.071945 0.071945
0 0.304036 0.693593 0.062220 0.062220
0 0.402434 0.279805 0.052757 0.052757
0 0.502155 0.949906 0.057104 0.057104
0 0.884116 0.243586 0.052757 0.052757
0 0.011023 0.727071 0.062220 0.062220
0 0.522784 0.627593 0.057104 0.057104
0 0.694140 0.166341 0.104277 0.104277
0 0.641437 0.027987 0.057104 0.057104
0 0.846774 0.109591 0.052757 0.052757
0 0.334859 0.539694 0.061130 0.061130
0 0.544605 0.251973 0.061130 0.061130
0 0.980172 0.310163 0.071945 0.071945
0 0.219436 0.182524 0.104278 0.104278
0 0.768373 0.428712 0.062220 0.062220
0 0.286285 0.160915 0.052757 0.052757
0 0.983318 0.633023 0.057104 0.057104
0 0.300089 0.800725 0.062220 0.062220
0 0.721014 0.769562 0.057104 0.057104
0 0.796040 0.586550 0.104277 0.104277
0 0.425304 0.920920 0.050891 0.050891
0 0.078726 0.427216 0.062220 0.062220
0 0.151130 0.936355 0.104277 0.104277
0 0.295746 0.415939 0.057104 0.057104
0 0.589174 0.813226 0.062220 0.062220
0 0.664701 0.280333 0.071945 0.071945
0 0.085900 0.759222 0.062220 0.062220
0 0.310324 0.999942 0.052757 0.052757
0 0.357955 0.846066 0.062220 0.062220
0 0.453714 0.811985 0.104277 0.104277
0 0.808548 0.346972 0.061130 0.061130
0 0.466447 0.069477 0.052757 0.052757
0 0.616621 0.105762 0.057104 0.057104
0 0.252164 0.283408 0.057104 0.057104
0 0.179439 0.249788 0.071945 0.071945
0 0.079800 0.514562 0.052757 0.052757
0 0.615562 0.941163 0.061130 0.061130
0 0.619086 0.536281 0.062220 0.062220
0 0.596431 0.390137 0.071945 0.071945
0 0.753985 0.856315 0.062220 0.062220
0 0.048598 0.984461 0.057104 0.057104
0 0.118024 0.329354 0.052757 0.052757
0 0.310320 0.325246 0.071945 0.071945
0 0.012703 0.569080 0.057104 0.057104
0 0.046281 0.237758 0.057104 0.057104
0 0.326902 0.918875 0.062220 0.062220
0 0.016778 0.315580 0.104277 0.104277
0 0.821441 0.040901 0.104277 0.104277
0 0.854627 0.737956 0.062220 0.062220
0 0.728840 0.627303 0.071945 0.071945
0 0.908212 0.319446 0.057104 0.057104
0 0.404882 0.744005 0.104277 0.104277
0 0.189849 0.360139 0.052757 0.052757
0 0.966388 0.508408 0.062220 0.062220
0 0.821755 0.274436 0.050559 0.050559
0 0.132737 0.097779 0.104277 0.104277
0 0.950894 0.217215 0.061130 0.061130
0 0.636157 0.748783 0.052757 0.052757
0 0.922378 0.665371 0.071945 0.071945
0 0.051516 0.859859 0.057104 0.057104
0 0.723397 0.009992 0.061131 0.061131
0 0.790907 0.936428 0.061131 0.061131
0 0.570504 0.051317 0.104277 0.104277
0 0.088553 0.016791 0.052757 0.052757
0 0.172124 0.652707 0.057104 0.057104
0 0.057442 0.089427 0.061130 0.061130
0 0.880928 0.865481 0.104277 0.104277
0 0.562932 0.744061 0.052757 0.052757
0 0.180785 0.032377 0.062220 0.062220
0 0.247295 0.067419 0.071945 0.071945
0 0.596604 0.609447 0.061130 0.061130
0 0.268085 0.628791 0.104277 0.104277
0 0.376917 0.178523 0.104277 0.104277
0 0.916317 0.084204 0.104277 0.104277
0 0.150468 0.173795 0.052757 0.052757
0 0.680810 0.404118 0.052757 0.052757
0 0.416201 0.348783 0.104277 0.104277