0 0.217345 0.592532 0.071945 0.071945
0 0.492466 0.560511 0.071945 0.071945
0 0.772844 0.300832 0.071945 0.071945
0 0.018958 0.437877 0.104277 0.104277
0 0.524594 0.675881 0.052757 0.052757
0 0.081446 0.162103 0.052757 0.052757
0 0.226029 0.962864 0.061130 0.061130
0 0.762877 0.783035 0.061131 0.061131
0 0.668754 0.899369 0.062220 0.062220
0 0.261743 0.348849 0.061130 0.061130
0 0.668021 0.473826 0.104277 0.104277
0 0.112093 0.859245 0.104277 0.104277
0 0.070954 0.980856 0.104277 0.104277
0 0.694744 0.087979 0.062220 0.062220
0 0.434687 0.310725 0.071945 0.071945
0 0.001811 0.282787 0.052757 0.052757
0 0.115494 0.611987 0.062220 0.062220
0 0.078118 0.357922 0.071945 0.071945
0 0.544909 0.922165 0.104277 0.104277
0 0.140847 0.784245 0.057104 0.057104
0 0.635017 0.636945 0.104277 0.104277
0 0.590156 0.828064 0.071945 0.071945
0 0.800214 0.720688 0.052757 0.052757
0 0.213534 0.183479 0.104277 0.104277
0 0.513395 0.429583 0.104277 0.104277
0 0.631174 0.240776 0.071945 0.071945
0 0.209194 0.766681 0.104277 0.104277
0 0.626408 0.980823 0.052757 0.052757
0 0.635921 0.172330 0.062220 0.062220
0 0.094547 0.707743 0.061130 0.061130
0 0.573877 0.368081 0.057104 0.057104
0 0.616844 0.541756 0.062220 0.062220
0 0.369586 0.668943 0.052757 0.052757
0 0.516594 0.299865 0.062220 0.062220
0 0.027344 0.886466 0.104277 0.104277
0 0.336803 0.855811 0.071945 0.071945
0 0.702243 0.272558 0.061130 0.061130
0 0.546807 0.770820 0.102474 0.102474
0 0.155991 0.434211 0.052757 0.052757
0 0.441143 0.762995 0.104277 0.104277
0 0.118649 0.300216 0.052757 0.052757
0 0.313124 0.051651 0.054783 0.054783
0 0.449967 0.496787 0.062220 0.062220
0 0.293654 0.572337 0.061131 0.061131
0 0.252047 0.500788 0.071945 0.071945
0 0.281226 0.163817 0.071945 0.071945
0 0.040248 0.619337 0.062220 0.062220
0 0.281486 0.234641 0.061130 0.061130
0 0.255193 0.823648 0.057104 0.057104
0 0.574982 0.052384 0.061131 0.061131
0 0.161506 0.060319 0.057104 0.057104
0 0.067915 0.777175 0.104277 0.104277
0 0.736489 0.529732 0.045227 0.045227
0 0.370877 0.578059 0.052757 0.052757
0 0.791731 0.012807 0.071945 0.071945
0 0.797113 0.151332 0.104278 0.104278
0 0.080423 0.537597 0.061130 0.061130
0 0.792154 0.433527 0.061130 0.061130
0 0.353986 0.785169 0.062220 0.062220
0 0.298409 0.964928 0.104277 0.104277
0 0.405639 0.152309 0.052757 0.052757
0 0.651671 0.025489 0.062220 0.062220
0 0.093316 0.231526 0.104277 0.104277
0 0.126502 0.928581 0.062220 0.062220
0 0.448503 0.391820 0.052757 0.052757
0 0.000715 0.817928 0.071945 0.071945
0 0.360550 0.443684 0.052757 0.052757
0 0.180087 0.510071 0.057104 0.057104
0 0.033147 0.028950 0.104277 0.104277
0 0.650560 0.377224 0.061131 0.061131
0 0.556197 0.241487 0.057104 0.057104
0 0.277351 0.890650 0.104277 0.104277
0 0.749315 0.876394 0.061131 0.061131
0 0.389484 0.038400 0.104277 0.104277
0 0.447572 0.670120 0.055027 0.055027
0 0.579764 0.470942 0.061131 0.061131
0 0.238263 0.699033 0.062220 0.062220
0 0.657601 0.774298 0.104277 0.104277
0 0.093630 0.465061 0.050559 0.050559
0 0.387852 0.963196 0.052757 0.052757
0 0.222769 0.407840 0.061130 0.061130
0 0.352040 0.228212 0.071945 0.071945
0 0.454027 0.082598 0.057104 0.057104
0 0.494073 0.139736 0.104277 0.104277
0 0.194253 0.855996 0.071945 0.071945
0 0.350840 0.322765 0.071945 0.071945
0 0.310302 0.711843 0.104277 0.104277
0 0.227002 0.017924 0.104277 0.104277
0 0.474312 0.856100 0.061130 0.061130
0 0.737683 0.390718 0.052757 0.052757
0 0.157485 0.136889 0.071945 0.071945
0 0.463749 0.231340 0.104277 0.104277
0 0.188192 0.274829 0.104277 0.104277
0 0.739958 0.196885 0.061131 0.061131
0 0.712340 0.722972 0.057104 0.057104
0 0.726290 0.646889 0.088662 0.088662