0 0.928342 0.671352 0.104277 0.104277
0 0.884794 0.459361 0.061130 0.061130
0 0.600802 0.878880 0.104278 0.104278
0 0.817887 0.319690 0.104277 0.104277
0 0.879713 0.228642 0.071945 0.071945
0 0.785565 0.421259 0.052757 0.052757
0 0.823596 0.091743 0.104277 0.104277
0 0.329761 0.374356 0.052757 0.052757
0 0.618240 0.989685 0.052757 0.052757
0 0.922466 0.586167 0.057104 0.057104
0 0.693659 0.264199 0.062220 0.062220
0 0.958328 0.772803 0.051819 0.051819
0 0.253447 0.795537 0.057104 0.057104
0 0.951668 0.027714 0.052757 0.052757
0 0.604494 0.449358 0.104277 0.104277
0 0.203967 0.094893 0.052757 0.052757
0 0.862472 0.385898 0.061131 0.061131
0 0.329306 0.582186 0.057104 0.057104
0 0.895606 0.138239 0.057104 0.057104
0 0.946688 0.346393 0.052757 0.052757
0 0.442596 0.051792 0.061130 0.061130
0 0.620730 0.175747 0.052757 0.052757
0 0.550648 0.790318 0.052757 0.052757
0 0.094943 0.880912 0.104277 0.104277
0 0.015374 0.949836 0.052757 0.052757
0 0.374115 0.264832 0.057104 0.057104
0 0.949130 0.434975 0.057104 0.057104
0 0.687930 0.111656 0.052757 0.052757
0 0.238329 0.950073 0.104277 0.104277
0 0.461046 0.261089 0.057104 0.057104
0 0.683898 0.387608 0.071945 0.071945
0 0.735777 0.782563 0.052757 0.052757
0 0.792993 0.193939 0.071945 0.071945
0 0.142457 0.006387 0.071945 0.071945
0 0.950624 0.929776 0.054783 0.054783
0 0.340265 0.165294 0.057104 0.057104
0 0.701850 0.703194 0.071945 0.071945
0 0.475527 0.908791 0.061130 0.061130
0 0.366880 0.807633 0.071945 0.071945
0 0.799006 0.938444 0.057104 0.057104
0 0.755117 0.354057 0.057104 0.057104
0 0.076713 0.689137 0.061130 0.061130
0 0.375628 0.530819 0.071945 0.071945
0 0.355784 0.975926 0.061130 0.061130
0 0.326453 0.892261 0.062220 0.062220
0 0.470223 0.743447 0.062220 0.062220
0 0.585884 0.572447 0.061130 0.061130
0 0.813201 0.816570 0.052757 0.052757
0 0.075744 0.333062 0.071945 0.071945
0 0.029581 0.838915 0.104277 0.104277
0 0.521196 0.474708 0.061130 0.061130
0 0.492270 0.402973 0.061130 0.061130
0 0.273388 0.129246 0.104277 0.104277
0 0.044783 0.084553 0.057104 0.057104
0 0.670950 0.529243 0.104277 0.104277
0 0.834355 0.627116 0.071945 0.071945
0 0.247710 0.023508 0.104277 0.104277
0 0.531753 0.140911 0.052757 0.052757
0 0.975101 0.130265 0.062220 0.062220
0 0.524650 0.680834 0.061130 0.061130
0 0.262803 0.215808 0.104277 0.104277
0 0.086913 0.414760 0.071945 0.071945
0 0.624743 0.773370 0.057104 0.057104
0 0.516892 0.597152 0.104277 0.104277
0 0.724344 0.850986 0.062220 0.062220
0 0.721511 0.577780 0.104277 0.104277
0 0.206200 0.365891 0.052757 0.052757
0 0.700416 0.465090 0.052757 0.052757
0 0.038164 0.496985 0.052757 0.052757
0 0.412775 0.338577 0.071945 0.071945
0 0.467103 0.985426 0.104277 0.104277
0 0.337720 0.091547 0.062220 0.062220
0 0.427749 0.839447 0.071945 0.071945
0 0.670647 0.907075 0.104277 0.104277
0 0.652052 0.031244 0.052757 0.052757
0 0.298652 0.297244 0.104277 0.104277
0 0.825480 0.711032 0.057104 0.057104
0 0.168815 0.903514 0.071945 0.071945
0 0.308687 0.747611 0.050932 0.050932
0 0.445423 0.568725 0.052757 0.052757
0 0.211560 0.515616 0.071945 0.071945
0 0.422320 0.475785 0.061130 0.061130
0 0.781349 0.533840 0.052757 0.052757
0 0.635655 0.685287 0.057104 0.057104
0 0.134460 0.112039 0.057104 0.057104
0 0.444968 0.120946 0.057104 0.057104
0 0.169144 0.802247 0.071945 0.071945
0 0.076781 0.565418 0.104277 0.104277
0 0.545159 0.045686 0.057104 0.057104
0 0.419224 0.635751 0.061130 0.061130
0 0.281589 0.478910 0.071945 0.071945
0 0.134224 0.190148 0.061130 0.061130
0 0.064061 0.177427 0.062220 0.062220
0 0.409076 0.195411 0.048997 0.048997
0 0.612102 0.100042 0.062220 0.062220
0 0.082761 0.787066 0.052757 0.052757
0 0.608084 0.341403 0.062220 0.062220
0 0.937065 0.861822 0.052757 0.052757
0 0.864502 0.896049 0.104277 0.104277
0 0.380016 0.732436 0.062220 0.062220
0 0.175771 0.710340 0.062220 0.062220
0 0.611661 0.251592 0.061131 0.061131
0 0.032622 0.261967 0.071945 0.071945
0 0.186435 0.289788 0.104277 0.104277
0 0.554784 0.948794 0.071945 0.071945
0 0.025539 0.620345 0.071945 0.071945
0 0.120624 0.625314 0.047555 0.047555
0 0.254724 0.650110 0.052757 0.052757
0 0.326877 0.013655 0.057104 0.057104
0 0.539169 0.348397 0.071945 0.071945
0 0.250444 0.868215 0.071945 0.071945
0 0.999951 0.632595 0.057104 0.057104
0 0.334674 0.657991 0.071945 0.071945