0 0.949755 0.800492 0.071945 0.071945
0 0.848489 0.914769 0.062220 0.062220
0 0.981467 0.912716 0.057104 0.057104
0 0.111745 0.569698 0.062220 0.062220
0 0.660743 0.347837 0.052757 0.052757
0 0.753956 0.294911 0.052757 0.052757
0 0.821226 0.844062 0.052757 0.052757
0 0.065819 0.628540 0.062220 0.062220
0 0.212393 0.605552 0.070161 0.070161
0 0.974755 0.259405 0.104277 0.104277
0 0.913385 0.864372 0.071945 0.071945
0 0.565767 0.264145 0.062220 0.062220
0 0.482307 0.696749 0.071945 0.071945
0 0.763706 0.604125 0.061130 0.061130
0 0.579966 0.384127 0.062220 0.062220
0 0.001794 0.576676 0.071945 0.071945
0 0.298100 0.635305 0.062220 0.062220
0 0.752419 0.967497 0.071945 0.071945
0 0.315228 0.937597 0.061131 0.061131
0 0.602868 0.848648 0.061130 0.061130
0 0.627881 0.967523 0.104277 0.104277
0 0.334671 0.699141 0.104277 0.104277
0 0.509866 0.351532 0.052757 0.052757
0 0.249130 0.544776 0.061130 0.061130
0 0.378640 0.834067 0.071945 0.071945
0 0.636251 0.520969 0.061130 0.061130
0 0.064529 0.949304 0.104277 0.104277
0 0.732805 0.500070 0.057104 0.057104
0 0.442856 0.430581 0.071945 0.071945
0 0.048727 0.299010 0.071945 0.071945
0 0.229691 0.768368 0.104277 0.104277
0 0.993236 0.612404 0.057104 0.057104
0 0.330555 0.512965 0.057104 0.057104
0 0.022304 0.770152 0.062220 0.062220
0 0.331311 0.315821 0.061131 0.061131
0 0.640750 0.271449 0.057104 0.057104
0 0.795917 0.448022 0.062220 0.062220
0 0.301027 0.415096 0.071945 0.071945
0 0.190482 0.475278 0.071945 0.071945
0 0.121921 0.750029 0.062220 0.062220
0 0.052124 0.410332 0.052757 0.052757
0 0.848390 0.705342 0.062220 0.062220
0 0.428146 0.333110 0.052757 0.052757
0 0.811965 0.766909 0.062220 0.062220
0 0.363975 0.578604 0.062220 0.062220
0 0.909161 0.298125 0.071945 0.071945
0 0.633660 0.438257 0.061131 0.061131
0 0.107721 0.465443 0.052757 0.052757
0 0.408539 0.762542 0.061131 0.061131
0 0.161404 0.294407 0.071945 0.071945
0 0.312383 0.799860 0.061131 0.061131
0 0.580924 0.574064 0.071945 0.071945
0 0.492389 0.271325 0.062220 0.062220
0 0.185338 0.375660 0.057104 0.057104
0 0.275367 0.878023 0.052757 0.052757
0 0.774117 0.694056 0.052757 0.052757
0 0.572555 0.770386 0.057104 0.057104
0 0.180334 0.678056 0.052757 0.052757
0 0.873658 0.437449 0.052757 0.052757
0 0.427480 0.611719 0.071945 0.071945
0 0.690466 0.587594 0.052757 0.052757
0 0.508654 0.473722 0.071945 0.071945
0 0.941511 0.378927 0.062220 0.062220
0 0.244108 0.262252 0.104277 0.104277
0 0.153418 0.903438 0.104277 0.104277
0 0.710399 0.784962 0.071945 0.071945
0 0.058987 0.708004 0.057104 0.057104
0 0.612361 0.699533 0.062220 0.062220
0 0.017516 0.472867 0.104277 0.104277
0 0.811077 0.339708 0.071945 0.071945
0 0.943816 0.494964 0.052559 0.052559
0 0.439060 0.534769 0.071945 0.071945
0 0.986490 0.731321 0.062220 0.062220
0 0.444305 0.885686 0.104277 0.104277
0 0.510647 0.955123 0.052757 0.052757
0 0.679317 0.723125 0.104277 0.104277
0 0.517802 0.820667 0.071945 0.071945
0 0.531775 0.630681 0.104277 0.104277
0 0.155601 0.816287 0.057104 0.057104
0 0.262707 0.476330 0.057103 0.057103
0 0.890742 0.574770 0.071945 0.071945
0 0.006323 0.857586 0.057104 0.057104
0 0.734558 0.883867 0.104277 0.104277
0 0.415424 0.262674 0.057104 0.057104
0 0.791335 0.538560 0.052757 0.052757
0 0.398204 0.944823 0.052757 0.052757
0 0.744031 0.387902 0.061131 0.061131
0 0.813748 0.261317 0.062220 0.062220