0 0.695338 0.928642 0.071945 0.071945
0 0.847151 0.914252 0.071945 0.071945
0 0.898057 0.463286 0.104277 0.104277
0 0.930537 0.804555 0.061131 0.061131
0 0.639221 0.791743 0.104277 0.104277
0 0.095035 0.567677 0.062220 0.062220
0 0.979349 0.189054 0.104277 0.104277
0 0.961652 0.540950 0.104277 0.104277
0 0.509284 0.964199 0.062220 0.062220
0 0.767293 0.727714 0.052757 0.052757
0 0.964543 0.379530 0.061131 0.061131
0 0.019592 0.794893 0.052757 0.052757
0 0.013862 0.032106 0.104277 0.104277
0 0.041920 0.442062 0.057103 0.057103
0 0.974351 0.003437 0.052757 0.052757
0 0.711231 0.838239 0.057104 0.057104
0 0.210973 0.689353 0.071945 0.071945
0 0.847759 0.303063 0.071945 0.071945
0 0.258221 0.751792 0.061130 0.061130
0 0.436355 0.875747 0.052757 0.052757
0 0.900647 0.598605 0.062220 0.062220
0 0.818520 0.982353 0.057104 0.057104
0 0.738473 0.665153 0.057104 0.057104
0 0.735320 0.504328 0.052757 0.052757
0 0.846474 0.642591 0.061130 0.061130
0 0.561343 0.491631 0.061131 0.061131
0 0.189740 0.964832 0.057104 0.057104
0 0.503555 0.811656 0.052757 0.052757
0 0.276671 0.961089 0.057104 0.057104
0 0.246725 0.192252 0.057104 0.057104
0 0.496469 0.412938 0.062220 0.062220
0 0.789403 0.599614 0.061131 0.061131
0 0.608618 0.893939 0.071945 0.071945
0 0.838630 0.533067 0.057104 0.057104
0 0.905544 0.126872 0.071945 0.071945
0 0.468353 0.096972 0.061131 0.061131
0 0.755993 0.008023 0.061130 0.061130
0 0.155890 0.865294 0.057104 0.057104
0 0.781006 0.126898 0.104277 0.104277
0 0.184490 0.347383 0.057104 0.057104
0 0.904922 0.258575 0.104277 0.104277
0 0.303079 0.629485 0.061130 0.061130
0 0.927198 0.964752 0.061130 0.061130
0 0.217654 0.108679 0.104277 0.104277
0 0.104513 0.389818 0.052757 0.052757
0 0.593848 0.242356 0.071945 0.071945
0 0.575216 0.693775 0.104277 0.104277
0 0.029754 0.192848 0.057104 0.057104
0 0.186908 0.441883 0.057104 0.057104
0 0.089013 0.829246 0.104277 0.104277
0 0.194769 0.609171 0.057104 0.057104
0 0.235298 0.271212 0.052757 0.052757
0 0.306489 0.340293 0.104277 0.104277
0 0.063335 0.723508 0.104277 0.104277
0 0.347378 0.840911 0.052757 0.052757
0 0.790726 0.830265 0.062220 0.062220
0 0.078428 0.915808 0.104277 0.104277
0 0.607656 0.376770 0.061131 0.061131
0 0.062593 0.628777 0.052757 0.052757
0 0.247957 0.542270 0.104277 0.104277
0 0.383266 0.425467 0.061130 0.061130
0 0.073237 0.068315 0.052757 0.052757
0 0.119179 0.279898 0.057104 0.057104
0 0.465752 0.323255 0.104277 0.104277
0 0.678633 0.207715 0.062220 0.062220
0 0.370677 0.160618 0.062220 0.062220
0 0.697195 0.447149 0.057104 0.057104
0 0.153345 0.791547 0.062220 0.062220
0 0.857798 0.748116 0.071945 0.071945
0 0.467677 0.731244 0.052757 0.052757
0 0.460444 0.501581 0.062220 0.062220
0 0.114277 0.997244 0.104277 0.104277
0 0.820681 0.405773 0.071945 0.071945
0 0.263621 0.415991 0.061130 0.061130
0 0.425209 0.565199 0.104278 0.104278
0 0.428492 0.037398 0.052757 0.052757
0 0.508126 0.232219 0.061131 0.061131
0 0.675352 0.629370 0.062220 0.062220
0 0.260593 0.820946 0.057104 0.057104
0 0.976763 0.278323 0.052757 0.052757
0 0.482227 0.631110 0.062220 0.062220
0 0.360784 0.745686 0.057104 0.057104
0 0.306543 0.062813 0.104277 0.104277
0 0.085061 0.142800 0.061130 0.061130
0 0.726813 0.380197 0.052757 0.052757
0 0.224701 0.895411 0.048997 0.048997
0 0.514147 0.563481 0.071945 0.071945
0 0.427727 0.800042 0.062220 0.062220
0 0.757778 0.223354 0.057104 0.057104
0 0.325060 0.218247 0.061130 0.061130
0 0.161370 0.526593 0.057104 0.057104
0 0.359786 0.523279 0.104277 0.104277
0 0.036128 0.516942 0.104277 0.104277
0 0.691581 0.297040 0.057104 0.057104
0 0.597430 0.045061 0.104277 0.104277
0 0.554348 0.620407 0.052757 0.052757
0 0.983501 0.851715 0.057104 0.057104
0 0.365819 0.291160 0.061130 0.061130
0 0.663772 0.114498 0.052757 0.052757
0 0.427286 0.951592 0.061131 0.061131
0 0.542800 0.333181 0.071945 0.071945
0 0.992163 0.638078 0.104277 0.104277
0 0.060255 0.322019 0.062220 0.062220
0 0.411265 0.229970 0.071945 0.071945
0 0.159448 0.016961 0.057104 0.057104
0 0.002060 0.989788 0.104277 0.104277
0 0.887683 0.043242 0.104277 0.104277
0 0.142502 0.713655 0.057104 0.057104
0 0.551329 0.104198 0.052757 0.052757
0 0.845764 0.221352 0.062220 0.062220
0 0.643157 0.506790 0.061131 0.061131