0 0.966427 0.341380 0.104278 0.104278
0 0.143458 0.097488 0.052757 0.052757
0 0.757062 0.859696 0.052757 0.052757
0 0.768754 0.946245 0.104277 0.104277
0 0.609104 0.493703 0.061130 0.061130
0 0.983865 0.452185 0.052757 0.052757
0 0.748487 0.772275 0.104277 0.104277
0 0.830844 0.704073 0.104277 0.104277
0 0.755011 0.673133 0.061130 0.061130
0 0.619072 0.258037 0.057104 0.057104
0 0.113934 0.581667 0.062220 0.062220
0 0.662082 0.571090 0.104277 0.104277
0 0.694931 0.044686 0.057104 0.057104
0 0.477703 0.988905 0.052757 0.052757
0 0.881952 0.850128 0.104277 0.104277
0 0.638505 0.989732 0.061130 0.061130
0 0.109293 0.167733 0.062220 0.062220
0 0.334539 0.700424 0.061130 0.061130
0 0.916273 0.252818 0.052757 0.052757
0 0.321963 0.238890 0.071945 0.071945
0 0.137010 0.819036 0.104278 0.104278
0 0.460568 0.343412 0.104277 0.104277
0 0.380999 0.412336 0.052757 0.052757
0 0.603954 0.412573 0.104277 0.104277
0 0.677434 0.811055 0.052757 0.052757
0 0.293567 0.406534 0.052757 0.052757
0 0.539909 0.494630 0.052757 0.052757
0 0.969140 0.697591 0.104277 0.104277
0 0.916437 0.559237 0.057104 0.057104
0 0.819605 0.783223 0.061130 0.061130
0 0.494436 0.713774 0.104278 0.104278
0 0.561285 0.692165 0.052757 0.052757
0 0.841152 0.371291 0.061130 0.061130
0 0.732505 0.270133 0.071945 0.071945
0 0.899154 0.485829 0.052757 0.052757
0 0.202394 0.871242 0.062220 0.062220
0 0.353726 0.958466 0.062220 0.062220
0 0.106921 0.260903 0.052757 0.052757
0 0.570746 0.947189 0.057104 0.057104
0 0.442338 0.151637 0.061130 0.061130
0 0.939701 0.811583 0.071945 0.071945
0 0.721409 0.438426 0.061130 0.061130
0 0.692078 0.354761 0.062220 0.062220
0 0.835848 0.205947 0.062220 0.062220
0 0.951509 0.034947 0.061130 0.061130
0 0.160380 0.502938 0.061130 0.061130
0 0.741447 0.600727 0.052757 0.052757
0 0.891621 0.637012 0.057104 0.057104
0 0.527164 0.814658 0.057104 0.057104
0 0.395206 0.301415 0.104277 0.104277
0 0.454439 0.781038 0.071945 0.071945
0 0.871431 0.921387 0.071945 0.071945
0 0.393024 0.860604 0.052757 0.052757
0 0.585320 0.856496 0.071945 0.071945
0 0.890275 0.143334 0.061130 0.061130
0 0.111348 0.889078 0.104277 0.104277
0 0.990368 0.235870 0.057104 0.057104
0 0.882517 0.059652 0.104277 0.104277
0 0.321281 0.769008 0.057104 0.057104
0 0.291778 0.846830 0.104277 0.104277
0 0.247425 0.299116 0.052757 0.052757
0 0.144794 0.019824 0.104278 0.104278
0 0.832728 0.447926 0.104277 0.104277
0 0.793374 0.301947 0.071945 0.071945
0 0.335516 0.153073 0.104277 0.104277
0 0.252905 0.966355 0.104277 0.104277
0 0.243359 0.747390 0.071945 0.071945
0 0.534440 0.366014 0.071945 0.071945
0 0.674312 0.210111 0.050932 0.050932
0 0.117528 0.688631 0.057104 0.057104
0 0.811048 0.031225 0.052757 0.052757
0 0.286423 0.063943 0.057104 0.057104
0 0.464849 0.891389 0.052757 0.052757
0 0.534769 0.264747 0.071945 0.071945
0 0.442406 0.027918 0.104277 0.104277
0 0.213629 0.386326 0.104277 0.104277
0 0.224735 0.640393 0.057104 0.057104
0 0.784849 0.098251 0.061130 0.061130
0 0.407737 0.629029 0.104277 0.104277
0 0.457880 0.473264 0.104277 0.104277
0 0.998397 0.541242 0.061131 0.061131
0 0.241503 0.128660 0.062220 0.062220
0 0.845504 0.582567 0.104277 0.104277
0 0.448386 0.249566 0.052757 0.052757
0 0.745641 0.194936 0.062220 0.062220
0 0.541396 0.172840 0.062220 0.062220
0 0.363553 0.548041 0.052757 0.052757
0 0.242782 0.462830 0.104277 0.104277
0 0.332442 0.620677 0.061130 0.061130
0 0.181287 0.224729 0.057104 0.057104
0 0.455785 0.563627 0.062220 0.062220
0 0.522295 0.598669 0.071945 0.071945
0 0.920409 0.411294 0.071945 0.071945
0 0.751402 0.522323 0.061130 0.061130
0 0.391164 0.082845 0.071945 0.071945
0 0.160288 0.745109 0.052757 0.052757
0 0.486249 0.087814 0.047555 0.047555
0 0.620349 0.112610 0.052757 0.052757
0 0.651917 0.709773 0.104277 0.104277
0 0.132889 0.405561 0.071945 0.071945
0 0.425468 0.705045 0.052757 0.052757
0 0.250766 0.211615 0.057103 0.057103
0 0.955810 0.935368 0.052757 0.052757
0 0.616069 0.330715 0.071945 0.071945
0 0.234477 0.534172 0.104277 0.104277
0 0.700299 0.120491 0.071945 0.071945
0 0.691201 0.880033 0.104277 0.104277