0 0.550217 0.911977 0.104277 0.104277
0 0.506669 0.699986 0.061130 0.061130
0 0.909614 0.661695 0.052757 0.052757
0 0.439762 0.560315 0.104277 0.104277
0 0.501588 0.469267 0.071945 0.071945
0 0.700507 0.909653 0.062220 0.062220
0 0.653401 0.454877 0.071945 0.071945
0 0.732154 0.661735 0.104277 0.104277
0 0.407440 0.661884 0.052757 0.052757
0 0.810018 0.708260 0.071945 0.071945
0 0.704307 0.003911 0.104277 0.104277
0 0.736787 0.345180 0.061131 0.061131
0 0.445471 0.332368 0.104277 0.104277
0 0.938598 0.164687 0.057104 0.057104
0 0.953957 0.332652 0.104277 0.104277
0 0.767902 0.081575 0.104277 0.104277
0 0.544341 0.826792 0.057104 0.057104
0 0.315534 0.504824 0.062220 0.062220
0 0.573543 0.268339 0.052757 0.052757
0 0.226369 0.689983 0.104277 0.104277
0 0.484347 0.626523 0.061131 0.061131
0 0.760351 0.957141 0.052757 0.052757
0 0.517481 0.378864 0.057104 0.057104
0 0.017223 0.229978 0.071945 0.071945
0 0.821627 0.905656 0.057103 0.057103
0 0.568563 0.587018 0.052757 0.052757
0 0.064471 0.292417 0.061130 0.061130
0 0.836620 0.322820 0.104277 0.104277
0 0.242605 0.416372 0.052757 0.052757
0 0.706897 0.139230 0.062220 0.062220
0 0.624770 0.522978 0.057104 0.057104
0 0.544723 0.205778 0.057104 0.057104
0 0.541570 0.044953 0.052757 0.052757
0 0.737243 0.744989 0.036679 0.036679
0 0.652724 0.183216 0.061130 0.061130
0 0.367593 0.032256 0.061131 0.061131
0 0.955232 0.436546 0.062221 0.062221
0 0.571005 0.675600 0.057104 0.057104
0 0.309805 0.352281 0.052757 0.052757
0 0.082921 0.501714 0.057104 0.057104
0 0.956862 0.242034 0.071945 0.071945
0 0.893777 0.472175 0.052757 0.052757
0 0.862587 0.056025 0.061130 0.061130
0 0.880883 0.540037 0.104277 0.104277
0 0.305773 0.628233 0.071945 0.071945
0 0.595653 0.140239 0.061131 0.061131
0 0.786521 0.563669 0.104277 0.104277
0 0.414868 0.434564 0.071945 0.071945
0 0.644880 0.073692 0.057104 0.057104
0 0.877426 0.731144 0.062220 0.062220
0 0.323725 0.943819 0.071945 0.071945
0 0.376992 0.594682 0.057104 0.057104
0 0.109329 0.170110 0.061130 0.061130
0 0.733448 0.505377 0.061130 0.061130
0 0.092098 0.984072 0.062220 0.062220
0 0.207759 0.813072 0.061130 0.061130
0 0.868374 0.130900 0.061130 0.061130
0 0.986089 0.891995 0.062220 0.062220
0 0.812208 0.635992 0.061130 0.061130
0 0.381466 0.234400 0.104277 0.104277
0 0.143071 0.715333 0.061130 0.061130
0 0.114145 0.643598 0.061130 0.061130
0 0.683544 0.599860 0.062220 0.062220
0 0.001019 0.149796 0.057104 0.057104
0 0.292825 0.769868 0.104277 0.104277
0 0.456230 0.867741 0.071945 0.071945
0 0.153628 0.381536 0.052757 0.052757
0 0.596976 0.370890 0.062220 0.062220
0 0.146525 0.921459 0.061130 0.061130
0 0.960673 0.747068 0.104277 0.104277
0 0.138767 0.837777 0.104277 0.104277
0 0.343386 0.818405 0.104277 0.104277
0 0.054207 0.082895 0.104277 0.104277
0 0.322291 0.705715 0.052757 0.052757
0 0.629207 0.745403 0.062220 0.062220
0 0.034650 0.579202 0.071945 0.071945
0 0.664048 0.288741 0.071945 0.071945
0 0.273927 0.271869 0.052757 0.052757
0 0.266694 0.042206 0.062220 0.062220
0 0.771418 0.828099 0.104277 0.104277
0 0.447355 0.951657 0.057104 0.057104
0 0.067298 0.809350 0.052757 0.052757
0 0.231459 0.105824 0.104278 0.104278
0 0.684870 0.793321 0.071945 0.071945
0 0.044195 0.716410 0.061130 0.061130
0 0.403224 0.774465 0.052757 0.052757
0 0.257530 0.925912 0.057104 0.057104
0 0.481602 0.169995 0.062220 0.062220
0 0.066843 0.361571 0.057104 0.057104
0 0.288477 0.171735 0.062220 0.062220
0 0.167034 0.286311 0.057104 0.057104
0 0.041099 0.876376 0.061130 0.061130
0 0.825765 0.783468 0.061131 0.061131
0 0.958040 0.571198 0.071945 0.071945
0 0.030951 0.436036 0.048997 0.048997
0 0.320397 0.104106 0.071945 0.071945
0 0.233977 0.340667 0.062220 0.062220
0 0.807008 0.252402 0.057104 0.057104
0 0.166036 0.063904 0.104277 0.104277
0 0.229959 0.582028 0.062220 0.062220
0 0.360598 0.161032 0.052757 0.052757
0 0.001891 0.973061 0.062220 0.062220
0 0.789751 0.392340 0.057104 0.057104
0 0.233536 0.492217 0.061131 0.061131
0 0.798413 0.178703 0.104277 0.104277
0 0.918433 0.820465 0.071945 0.071945
0 0.867746 0.206298 0.104277 0.104277
0 0.881926 0.402556 0.052757 0.052757
0 0.161044 0.589022 0.071945 0.071945
0 0.621826 0.873220 0.057104 0.057104
0 0.449407 0.047415 0.061131 0.061131
0 0.891577 0.955951 0.061131 0.061131