0 0.996630 0.609867 0.071945 0.071945
0 0.895364 0.724144 0.062220 0.062220
0 0.944939 0.987571 0.057104 0.057104
0 0.873099 0.839054 0.104277 0.104277
0 0.158620 0.379073 0.062220 0.062220
0 0.707618 0.157212 0.052757 0.052757
0 0.800831 0.104286 0.052757 0.052757
0 0.868101 0.653437 0.052757 0.052757
0 0.741509 0.953063 0.071945 0.071945
0 0.958518 0.853342 0.062220 0.062220
0 0.112694 0.437915 0.062220 0.062220
0 0.259268 0.414927 0.070161 0.070161
0 0.960260 0.673747 0.071945 0.071945
0 0.612642 0.073520 0.062220 0.062220
0 0.140475 0.842252 0.057104 0.057104
0 0.009381 0.077946 0.057104 0.057104
0 0.529182 0.506124 0.071945 0.071945
0 0.810581 0.413500 0.061130 0.061130
0 0.626841 0.193502 0.062220 0.062220
0 0.048669 0.386051 0.071945 0.071945
0 0.344975 0.444680 0.062220 0.062220
0 0.799294 0.776872 0.071945 0.071945
0 0.362103 0.746972 0.061131 0.061131
0 0.649743 0.658023 0.061130 0.061130
0 0.023089 0.154631 0.062220 0.062220
0 0.674756 0.776898 0.104277 0.104277
0 0.381546 0.508516 0.104277 0.104277
0 0.556741 0.160907 0.052757 0.052757
0 0.296005 0.354151 0.061130 0.061130
0 0.008890 0.237392 0.071945 0.071945
0 0.078240 0.997383 0.057104 0.057104
0 0.425515 0.643442 0.071945 0.071945
0 0.798672 0.908575 0.104277 0.104277
0 0.683126 0.330344 0.061130 0.061130
0 0.111404 0.758679 0.104277 0.104277
0 0.779680 0.309445 0.057104 0.057104
0 0.489731 0.239956 0.071945 0.071945
0 0.095602 0.108385 0.071945 0.071945
0 0.276566 0.577743 0.104277 0.104277
0 0.377430 0.322340 0.057104 0.057104
0 0.069179 0.579527 0.062220 0.062220
0 0.378186 0.125196 0.061131 0.061131
0 0.487598 0.892356 0.071945 0.071945
0 0.687625 0.080824 0.057104 0.057104
0 0.842792 0.257397 0.062220 0.062220
0 0.347902 0.224471 0.071945 0.071945
0 0.237357 0.284653 0.071945 0.071945
0 0.129048 0.921212 0.052757 0.052757
0 0.200239 0.990293 0.104277 0.104277
0 0.168796 0.559404 0.062220 0.062220
0 0.098999 0.219707 0.052757 0.052757
0 0.012929 0.929898 0.057104 0.057104
0 0.359502 0.973255 0.104277 0.104277
0 0.895265 0.514717 0.062220 0.062220
0 0.475021 0.142485 0.052757 0.052757
0 0.858840 0.576284 0.062220 0.062220
0 0.410850 0.387979 0.062220 0.062220
0 0.572383 0.857715 0.062220 0.062220
0 0.956036 0.107500 0.071945 0.071945
0 0.264427 0.810618 0.062220 0.062220
0 0.680535 0.247632 0.061131 0.061131
0 0.154596 0.274818 0.052757 0.052757
0 0.455414 0.571917 0.061131 0.061131
0 0.208279 0.103782 0.071945 0.071945
0 0.359258 0.609235 0.061131 0.061131
0 0.627799 0.383439 0.071945 0.071945
0 0.539264 0.080700 0.062220 0.062220
0 0.232213 0.185035 0.057104 0.057104
0 0.322242 0.687398 0.052757 0.052757
0 0.401876 0.882219 0.061131 0.061131
0 0.820992 0.503431 0.052757 0.052757
0 0.619430 0.579761 0.057104 0.057104
0 0.227209 0.487431 0.052757 0.052757
0 0.920533 0.246824 0.052757 0.052757
0 0.474355 0.421094 0.071945 0.071945
0 0.737341 0.396969 0.052757 0.052757
0 0.870513 0.928323 0.052757 0.052757
0 0.555529 0.283097 0.071945 0.071945
0 0.988386 0.188302 0.062220 0.062220
0 0.290983 0.071627 0.104277 0.104277
0 0.200293 0.712813 0.104277 0.104277
0 0.757274 0.594337 0.071945 0.071945
0 0.105862 0.517379 0.057104 0.057104
0 0.659236 0.508908 0.062220 0.062220
0 0.064391 0.282242 0.104277 0.104277
0 0.857952 0.149083 0.071945 0.071945
0 0.990691 0.304339 0.052559 0.052559
0 0.651528 0.873354 0.057104 0.057104
0 0.218810 0.868247 0.061130 0.061130
0 0.485935 0.344144 0.071945 0.071945
0 0.585331 0.947040 0.057104 0.057104
0 0.491180 0.695061 0.104277 0.104277
0 0.259569 0.941160 0.061130 0.061130
0 0.557522 0.764498 0.052757 0.052757
0 0.436550 0.983181 0.071945 0.071945
0 0.726192 0.532500 0.104277 0.104277
0 0.564677 0.630042 0.071945 0.071945
0 0.578650 0.440056 0.104277 0.104277
0 0.202476 0.625662 0.057104 0.057104
0 0.305015 0.879970 0.071945 0.071945
0 0.309582 0.285705 0.057103 0.057103
0 0.937617 0.384145 0.071945 0.071945
0 0.053198 0.666961 0.057104 0.057104
0 0.781433 0.693242 0.104277 0.104277
0 0.462299 0.072049 0.057104 0.057104
0 0.838210 0.347935 0.052757 0.052757
0 0.445079 0.754198 0.052757 0.052757
0 0.739514 0.871352 0.062220 0.062220
0 0.790906 0.197277 0.061131 0.061131
0 0.860623 0.070692 0.062220 0.062220