0 0.200558 0.744729 0.062220 0.062220
0 0.162332 0.550705 0.062220 0.062220
0 0.651720 0.267532 0.071945 0.071945
0 0.853264 0.878183 0.052757 0.052757
0 0.926841 0.235511 0.071945 0.071945
0 0.453333 0.112877 0.104277 0.104277
0 0.958969 0.350881 0.052757 0.052757
0 0.660404 0.637864 0.061130 0.061130
0 0.696118 0.023849 0.061130 0.061130
0 0.188312 0.194071 0.052757 0.052757
0 0.722531 0.745956 0.104277 0.104277
0 0.200004 0.280620 0.104277 0.104277
0 0.546468 0.534245 0.104277 0.104277
0 0.505329 0.655856 0.104277 0.104277
0 0.391845 0.697830 0.071945 0.071945
0 0.549869 0.286987 0.062220 0.062220
0 0.179737 0.106650 0.104277 0.104277
0 0.512493 0.032922 0.071945 0.071945
0 0.262094 0.038448 0.104277 0.104277
0 0.979284 0.597165 0.104277 0.104277
0 0.186261 0.007508 0.061130 0.061130
0 0.575222 0.459245 0.057104 0.057104
0 0.947770 0.104583 0.104277 0.104277
0 0.585346 0.813855 0.062220 0.062220
0 0.643569 0.441681 0.104277 0.104277
0 0.801231 0.738873 0.062220 0.062220
0 0.528922 0.382743 0.061130 0.061130
0 0.408227 0.424617 0.057104 0.057104
0 0.313202 0.184503 0.104277 0.104277
0 0.097978 0.904226 0.062220 0.062220
0 0.069755 0.324107 0.061130 0.061130
0 0.150599 0.449565 0.062220 0.062220
0 0.803961 0.343943 0.052757 0.052757
0 0.345743 0.531375 0.057104 0.057104
0 0.461719 0.561466 0.104277 0.104277
0 0.255808 0.887521 0.071945 0.071945
0 0.192488 0.357775 0.057104 0.057104
0 0.922704 0.731693 0.062220 0.062220
0 0.771178 0.530811 0.071945 0.071945
0 0.401156 0.770795 0.071945 0.071945
0 0.010286 0.559218 0.062220 0.062220
0 0.108684 0.145430 0.052757 0.052757
0 0.981182 0.445820 0.102474 0.102474
0 0.208405 0.815531 0.057104 0.057104
0 0.590366 0.109211 0.052757 0.052757
0 0.875518 0.437995 0.104277 0.104277
0 0.229034 0.493218 0.057104 0.057104
0 0.400390 0.031966 0.104277 0.104277
0 0.923921 0.902734 0.104277 0.104277
0 0.041109 0.405319 0.061130 0.061130
0 0.884342 0.171787 0.062220 0.062220
0 0.728029 0.247337 0.061131 0.061131
0 0.172249 0.895184 0.052757 0.052757
0 0.250855 0.117598 0.061130 0.061130
0 0.686422 0.175788 0.071945 0.071945
0 0.474623 0.294337 0.062220 0.062220
0 0.689568 0.498648 0.057104 0.057104
0 0.006339 0.666350 0.062220 0.062220
0 0.427264 0.635187 0.057104 0.057104
0 0.502290 0.452175 0.104277 0.104277
0 0.131554 0.786545 0.050891 0.050891
0 0.001996 0.281564 0.057104 0.057104
0 0.295424 0.678851 0.062220 0.062220
0 0.370951 0.145958 0.071945 0.071945
0 0.416243 0.887917 0.057104 0.057104
0 0.016574 0.865567 0.052757 0.052757
0 0.830172 0.804626 0.062220 0.062220
0 0.805252 0.253059 0.052757 0.052757
0 0.064205 0.711691 0.062220 0.062220
0 0.159964 0.677610 0.104277 0.104277
0 0.514798 0.212597 0.061130 0.061130
0 0.784923 0.903197 0.052757 0.052757
0 0.788361 0.460169 0.062220 0.062220
0 0.321812 0.806788 0.061130 0.061130
0 0.732784 0.639928 0.104277 0.104277
0 0.325336 0.401906 0.062220 0.062220
0 0.302681 0.255762 0.071945 0.071945
0 0.460235 0.721940 0.062220 0.062220
0 0.016570 0.190871 0.071945 0.071945
0 0.644779 0.867658 0.052757 0.052757
0 0.033152 0.784500 0.062220 0.062220
0 0.916766 0.829594 0.052757 0.052757
0 0.331390 0.910138 0.062220 0.062220
0 0.560877 0.603581 0.062220 0.062220
0 0.882878 0.066820 0.052757 0.052757
0 0.435090 0.492928 0.071945 0.071945
0 0.794925 0.118684 0.052757 0.052757
0 0.736401 0.815488 0.061131 0.061131
0 0.614462 0.185071 0.057104 0.057104
0 0.111132 0.609630 0.104277 0.104277
0 0.711726 0.565650 0.104277 0.104277
0 0.985842 0.702761 0.052757 0.052757
0 0.881947 0.345120 0.055027 0.055027
0 0.672638 0.374033 0.062220 0.062220
0 0.555164 0.898568 0.061130 0.061130
0 0.700382 0.916703 0.062220 0.062220
0 0.528005 0.140061 0.050559 0.050559
0 0.822227 0.638196 0.052757 0.052757
0 0.657144 0.082840 0.061130 0.061130
0 0.342407 0.614408 0.052757 0.052757
0 0.628628 0.530996 0.071945 0.071945
0 0.497157 0.802053 0.061131 0.061131
0 0.744677 0.386843 0.104277 0.104277
0 0.908687 0.531100 0.061130 0.061130
0 0.587178 0.731106 0.104277 0.104277
0 0.269182 0.609686 0.052757 0.052757
0 0.302854 0.475072 0.061130 0.061130
0 0.083167 0.044148 0.104277 0.104277
0 0.387060 0.269743 0.052757 0.052757
0 0.122451 0.214408 0.104277 0.104277