0 0.853544 0.909361 0.061130 0.061130
0 0.786637 0.769690 0.104277 0.104277
0 0.848463 0.678642 0.071945 0.071945
0 0.754315 0.871259 0.052757 0.052757
0 0.792346 0.541743 0.104277 0.104277
0 0.298511 0.824356 0.052757 0.052757
0 0.248160 0.317677 0.062220 0.062220
0 0.662409 0.714199 0.062220 0.062220
0 0.920418 0.477714 0.052757 0.052757
0 0.573244 0.899358 0.104277 0.104277
0 0.172717 0.544893 0.052757 0.052757
0 0.831222 0.835898 0.061131 0.061131
0 0.195045 0.192062 0.057103 0.057103
0 0.864356 0.588239 0.057104 0.057104
0 0.364098 0.439353 0.071945 0.071945
0 0.915438 0.796393 0.052757 0.052757
0 0.411346 0.501792 0.061130 0.061130
0 0.589480 0.625747 0.052757 0.052757
0 0.971645 0.732353 0.057104 0.057104
0 0.891598 0.415153 0.057104 0.057104
0 0.888445 0.254328 0.052757 0.052757
0 0.999599 0.392591 0.061130 0.061130
0 0.714468 0.241631 0.061131 0.061131
0 0.342865 0.714832 0.057104 0.057104
0 0.917880 0.884975 0.057104 0.057104
0 0.656680 0.561656 0.052757 0.052757
0 0.429796 0.711089 0.057104 0.057104
0 0.652648 0.837608 0.071945 0.071945
0 0.649594 0.162938 0.062220 0.062220
0 0.942528 0.349614 0.061131 0.061131
0 0.761743 0.643939 0.071945 0.071945
0 0.127165 0.014200 0.104277 0.104277
0 0.991755 0.283067 0.057104 0.057104
0 0.111207 0.456387 0.071945 0.071945
0 0.040962 0.449302 0.057104 0.057104
0 0.309015 0.615294 0.057104 0.057104
0 0.337615 0.097383 0.057104 0.057104
0 0.723867 0.804057 0.057104 0.057104
0 0.456204 0.379485 0.061130 0.061130
0 0.344378 0.980819 0.071945 0.071945
0 0.257638 0.139818 0.052757 0.052757
0 0.044494 0.783062 0.071945 0.071945
0 0.010813 0.163160 0.062220 0.062220
0 0.728341 0.443775 0.104277 0.104277
0 0.489946 0.924708 0.061130 0.061130
0 0.461020 0.852973 0.061130 0.061130
0 0.340033 0.191883 0.057104 0.057104
0 0.242138 0.579246 0.104277 0.104277
0 0.106178 0.357424 0.057104 0.057104
0 0.347894 0.359171 0.057104 0.057104
0 0.013533 0.534553 0.057104 0.057104
0 0.388423 0.021212 0.052757 0.052757
0 0.459614 0.090293 0.104277 0.104277
0 0.639700 0.979243 0.104277 0.104277
0 0.216460 0.473508 0.104277 0.104277
0 0.500503 0.590911 0.052757 0.052757
0 0.943851 0.580265 0.062220 0.062220
0 0.231553 0.665808 0.104277 0.104277
0 0.055663 0.864760 0.071945 0.071945
0 0.021017 0.366807 0.052757 0.052757
0 0.760781 0.126770 0.061131 0.061131
0 0.215718 0.378777 0.052757 0.052757
0 0.032629 0.298098 0.061130 0.061130
0 0.174950 0.815891 0.052757 0.052757
0 0.401082 0.292270 0.104277 0.104277
0 0.669166 0.915090 0.052757 0.052757
0 0.006914 0.946985 0.052757 0.052757
0 0.536391 0.175467 0.061130 0.061130
0 0.272304 0.029898 0.057104 0.057104
0 0.101583 0.212916 0.071945 0.071945
0 0.618877 0.073255 0.104277 0.104277
0 0.976082 0.954778 0.062220 0.062220
0 0.850320 0.197149 0.057104 0.057104
0 0.381525 0.788577 0.071945 0.071945
0 0.306470 0.541547 0.062220 0.062220
0 0.620802 0.481244 0.052757 0.052757
0 0.613569 0.251581 0.062220 0.062220
0 0.267402 0.747244 0.104277 0.104277
0 0.973806 0.155773 0.071945 0.071945
0 0.416746 0.165991 0.061130 0.061130
0 0.578334 0.315199 0.104278 0.104278
0 0.180310 0.965616 0.071945 0.071945
0 0.391070 0.925785 0.061130 0.061130
0 0.750099 0.983840 0.052757 0.052757
0 0.828477 0.379370 0.062220 0.062220
0 0.103210 0.562039 0.057104 0.057104
0 0.413718 0.570946 0.057104 0.057104
0 0.635352 0.381110 0.062220 0.062220
0 0.513909 0.495686 0.057104 0.057104
0 0.250339 0.928910 0.071945 0.071945
0 0.102974 0.640148 0.061130 0.061130
0 0.032811 0.627427 0.062220 0.062220
0 0.879938 0.130197 0.052757 0.052757
0 0.377826 0.645411 0.048997 0.048997
0 0.667272 0.313481 0.071945 0.071945
0 0.580852 0.550042 0.062220 0.062220
0 0.314495 0.276593 0.057104 0.057104
0 0.512911 0.273279 0.104277 0.104277
0 0.189253 0.266942 0.104277 0.104277
0 0.844706 0.047040 0.057104 0.057104
0 0.576834 0.791403 0.062220 0.062220
0 0.707473 0.370407 0.052757 0.052757
0 0.518944 0.041160 0.061130 0.061130
0 0.580411 0.701592 0.061131 0.061131
0 0.695925 0.083181 0.071945 0.071945
0 0.001372 0.711967 0.071945 0.071945
0 0.213380 0.072019 0.062220 0.062220
0 0.155185 0.739788 0.104277 0.104277
0 0.113191 0.130874 0.052757 0.052757
0 0.295627 0.463655 0.057104 0.057104
0 0.060442 0.056331 0.062220 0.062220
0 0.507919 0.798397 0.071945 0.071945
0 0.796282 0.256790 0.061131 0.061131