0 0.857971 0.885493 0.104277 0.104277
0 0.313785 0.661427 0.062220 0.062220
0 0.986043 0.821464 0.052757 0.052757
0 0.238342 0.888643 0.052757 0.052757
0 0.232612 0.125856 0.104277 0.104277
0 0.260670 0.535812 0.057103 0.057103
0 0.929981 0.931989 0.057104 0.057104
0 0.429723 0.783103 0.071945 0.071945
0 0.476971 0.845542 0.061130 0.061130
0 0.032016 0.581457 0.052757 0.052757
0 0.655105 0.969497 0.052757 0.052757
0 0.957223 0.758903 0.057104 0.057104
0 0.954070 0.598078 0.052757 0.052757
0 0.780093 0.585381 0.061131 0.061131
0 0.722305 0.905406 0.052757 0.052757
0 0.465475 0.286002 0.057104 0.057104
0 0.715219 0.506688 0.062220 0.062220
0 0.827368 0.987689 0.071945 0.071945
0 0.192790 0.357950 0.104277 0.104277
0 0.176832 0.800137 0.071945 0.071945
0 0.106587 0.793052 0.057104 0.057104
0 0.687103 0.190722 0.061131 0.061131
0 0.974743 0.101773 0.061130 0.061130
0 0.001551 0.291009 0.104277 0.104277
0 0.374640 0.959044 0.057104 0.057104
0 0.999756 0.220648 0.104277 0.104277
0 0.212187 0.222099 0.057104 0.057104
0 0.403240 0.441133 0.057104 0.057104
0 0.160757 0.170968 0.104277 0.104277
0 0.750515 0.087192 0.071945 0.071945
0 0.521829 0.723235 0.061130 0.061130
0 0.436404 0.202429 0.104277 0.104277
0 0.323263 0.483568 0.052757 0.052757
0 0.127118 0.039916 0.052757 0.052757
0 0.601566 0.021493 0.104277 0.104277
0 0.394179 0.023277 0.062220 0.062220
0 0.076438 0.506910 0.062220 0.062220
0 0.812598 0.336106 0.071945 0.071945
0 0.793966 0.787525 0.104277 0.104277
0 0.248504 0.286598 0.057104 0.057104
0 0.405658 0.535633 0.057104 0.057104
0 0.307763 0.922996 0.104277 0.104277
0 0.171803 0.701174 0.057104 0.057104
0 0.413519 0.702921 0.057104 0.057104
0 0.079158 0.878303 0.057104 0.057104
0 0.454048 0.364962 0.052757 0.052757
0 0.525239 0.434043 0.104277 0.104277
0 0.493796 0.003154 0.062220 0.062220
0 0.282085 0.817258 0.104277 0.104277
0 0.566128 0.934661 0.052757 0.052757
0 0.086642 0.710557 0.052757 0.052757
0 0.826406 0.470520 0.061131 0.061131
0 0.281343 0.722527 0.052757 0.052757
0 0.098254 0.641848 0.061130 0.061130
0 0.466707 0.636020 0.104277 0.104277
0 0.602016 0.519217 0.061130 0.061130
0 0.291987 0.162065 0.052757 0.052757
0 0.337929 0.373648 0.057104 0.057104
0 0.167208 0.556666 0.071945 0.071945
0 0.684502 0.417005 0.104277 0.104277
0 0.005222 0.969289 0.061130 0.061130
0 0.897383 0.301465 0.062220 0.062220
0 0.589427 0.254368 0.062220 0.062220
0 0.915945 0.540899 0.057104 0.057104
0 0.372095 0.885297 0.062220 0.062220
0 0.150007 0.297816 0.052757 0.052757
0 0.780414 0.015667 0.061131 0.061131
0 0.686427 0.824994 0.052757 0.052757
0 0.679194 0.595331 0.062220 0.062220
0 0.684258 0.052985 0.061131 0.061131
0 0.482371 0.509741 0.061130 0.061130
0 0.009899 0.162027 0.057104 0.057104
0 0.643959 0.658949 0.104278 0.104278
0 0.647242 0.131148 0.052757 0.052757
0 0.726876 0.325969 0.061131 0.061131
0 0.944430 0.023511 0.057104 0.057104
0 0.024405 0.669993 0.061130 0.061130
0 0.894102 0.723120 0.062220 0.062220
0 0.168835 0.905789 0.057104 0.057104
0 0.479343 0.914696 0.057104 0.057104
0 0.700977 0.724860 0.062220 0.062220
0 0.579534 0.839436 0.057104 0.057104
0 0.525293 0.156563 0.104277 0.104277
0 0.303811 0.236550 0.061130 0.061130
0 0.247662 0.056466 0.104277 0.104277
0 0.168599 0.983898 0.061130 0.061130
0 0.098436 0.971177 0.062220 0.062220
0 0.945563 0.473947 0.052757 0.052757
0 0.443451 0.989161 0.048997 0.048997
0 0.732897 0.657231 0.071945 0.071945
0 0.014422 0.429244 0.057104 0.057104
0 0.646477 0.893792 0.062220 0.062220
0 0.313247 0.085555 0.071945 0.071945
0 0.976528 0.317104 0.057104 0.057104
0 0.543810 0.311997 0.061130 0.061130
0 0.380120 0.620343 0.057104 0.057104
0 0.578536 0.617029 0.104277 0.104277
0 0.254878 0.610692 0.104277 0.104277
0 0.910331 0.390790 0.057104 0.057104
0 0.816180 0.138811 0.104277 0.104277
0 0.773098 0.714157 0.052757 0.052757
0 0.584569 0.384910 0.061130 0.061130
0 0.882522 0.208248 0.052757 0.052757
0 0.761550 0.426931 0.071945 0.071945
0 0.889677 0.073792 0.071945 0.071945
0 0.527476 0.069412 0.057104 0.057104
0 0.279005 0.415769 0.062220 0.062220
0 0.630015 0.323720 0.071945 0.071945
0 0.378198 0.110711 0.057104 0.057104
0 0.060275 0.338925 0.104277 0.104277
0 0.178816 0.474624 0.052757 0.052757
0 0.065677 0.219220 0.057104 0.057104
0 0.361252 0.807405 0.057104 0.057104
0 0.126067 0.400081 0.062220 0.062220
0 0.770079 0.197948 0.052757 0.052757
0 0.861907 0.600540 0.061131 0.061131