0 0.826636 0.933731 0.052757 0.052757
0 0.776285 0.427052 0.062220 0.062220
0 0.700842 0.654268 0.052757 0.052757
0 0.247627 0.855411 0.071945 0.071945
0 0.723170 0.301437 0.057103 0.057103
0 0.892223 0.548728 0.071945 0.071945
0 0.356770 0.274723 0.104277 0.104277
0 0.939471 0.611167 0.061130 0.061130
0 0.494516 0.347082 0.052757 0.052757
0 0.870990 0.824207 0.057104 0.057104
0 0.957921 0.820464 0.057104 0.057104
0 0.268240 0.629147 0.104278 0.104278
0 0.927975 0.051627 0.057104 0.057104
0 0.655290 0.123575 0.104277 0.104277
0 0.639332 0.565762 0.071945 0.071945
0 0.569087 0.558677 0.057104 0.057104
0 0.464051 0.056634 0.104277 0.104277
0 0.837140 0.724669 0.057104 0.057104
0 0.321886 0.078465 0.062220 0.062220
0 0.865740 0.206758 0.057104 0.057104
0 0.395196 0.114986 0.062220 0.062220
0 0.376830 0.995427 0.071945 0.071945
0 0.984329 0.488860 0.061130 0.061130
0 0.238097 0.109740 0.104278 0.104278
0 0.785763 0.249193 0.052757 0.052757
0 0.572619 0.892437 0.071945 0.071945
0 0.538938 0.272535 0.062220 0.062220
0 0.238285 0.220495 0.071945 0.071945
0 0.711004 0.052223 0.057104 0.057104
0 0.989145 0.962348 0.061130 0.061130
0 0.868158 0.301258 0.057104 0.057104
0 0.770263 0.688621 0.104277 0.104277
0 0.634303 0.466799 0.057104 0.057104
0 0.876019 0.468546 0.057104 0.057104
0 0.541658 0.643928 0.057104 0.057104
0 0.916548 0.130587 0.052757 0.052757
0 0.987739 0.199668 0.104277 0.104277
0 0.744585 0.582883 0.104277 0.104277
0 0.327203 0.412986 0.062220 0.062220
0 0.759678 0.775183 0.104277 0.104277
0 0.583788 0.974135 0.071945 0.071945
0 0.549142 0.476182 0.052757 0.052757
0 0.743843 0.488152 0.052757 0.052757
0 0.560754 0.407473 0.061130 0.061130
0 0.703075 0.925266 0.052757 0.052757
0 0.929207 0.401645 0.104277 0.104277
0 0.800429 0.139273 0.057104 0.057104
0 0.629708 0.322291 0.071945 0.071945
0 0.467722 0.734914 0.061130 0.061130
0 0.909650 0.897952 0.071945 0.071945
0 0.834595 0.650922 0.062220 0.062220
0 0.458816 0.928793 0.061130 0.061130
0 0.612507 0.063441 0.052757 0.052757
0 0.795527 0.856619 0.104277 0.104277
0 0.345348 0.799065 0.061130 0.061130
0 0.408869 0.184642 0.057104 0.057104
0 0.944871 0.275366 0.061130 0.061130
0 0.494797 0.999619 0.062220 0.062220
0 0.486905 0.435618 0.061130 0.061130
0 0.453517 0.272804 0.062220 0.062220
0 0.631335 0.671414 0.057104 0.057104
0 0.941843 0.680321 0.057104 0.057104
0 0.360826 0.718477 0.057104 0.057104
0 0.433531 0.613588 0.104277 0.104277
0 0.280411 0.924737 0.061130 0.061130
0 0.244007 0.416500 0.061130 0.061130
0 0.766311 0.002175 0.061130 0.061130
0 0.631099 0.749523 0.061130 0.061130
0 0.560936 0.736802 0.062220 0.062220
0 0.905951 0.754786 0.048997 0.048997
0 0.285223 0.344508 0.061130 0.061130
0 0.476922 0.194869 0.057104 0.057104
0 0.332455 0.560180 0.104277 0.104277
0 0.335290 0.202218 0.052757 0.052757
0 0.842620 0.385968 0.057104 0.057104
0 0.717378 0.376317 0.104277 0.104277
0 0.290997 0.717525 0.057104 0.057104
0 0.338443 0.876299 0.057104 0.057104
0 0.529497 0.821342 0.071945 0.071945
0 0.741505 0.181394 0.062220 0.062220
0 0.370837 0.350190 0.071945 0.071945
0 0.683310 0.849163 0.104277 0.104277
0 0.449436 0.814266 0.071945 0.071945
0 0.439687 0.537125 0.061130 0.061130
0 0.522775 0.104550 0.104277 0.104277
0 0.641316 0.240249 0.052757 0.052757
0 0.823752 0.573030 0.057104 0.057104
0 0.588567 0.165706 0.062220 0.062220
0 0.242757 0.505932 0.071945 0.071945
0 0.275308 0.023593 0.061130 0.061130
0 0.407709 0.473315 0.062220 0.062220