0 0.781467 0.490102 0.104277 0.104277
0 0.737919 0.278111 0.061130 0.061130
0 0.453927 0.697630 0.104278 0.104278
0 0.671012 0.138440 0.104277 0.104277
0 0.732838 0.047392 0.071945 0.071945
0 0.931757 0.487778 0.062220 0.062220
0 0.884651 0.033002 0.071945 0.071945
0 0.963404 0.239860 0.104277 0.104277
0 0.638690 0.240009 0.052757 0.052757
0 0.572071 0.858978 0.052757 0.052757
0 0.182886 0.193106 0.052757 0.052757
0 0.096604 0.849953 0.061130 0.061130
0 0.471365 0.808435 0.052757 0.052757
0 0.492436 0.979662 0.052757 0.052757
0 0.775591 0.404917 0.057104 0.057104
0 0.546784 0.082949 0.062220 0.062220
0 0.811453 0.591553 0.051819 0.051819
0 0.106572 0.614287 0.057104 0.057104
0 0.457619 0.268108 0.104277 0.104277
0 0.715597 0.204648 0.061131 0.061131
0 0.991601 0.535266 0.052757 0.052757
0 0.149582 0.927340 0.104277 0.104277
0 0.182431 0.400936 0.057104 0.057104
0 0.704159 0.880354 0.104277 0.104277
0 0.799813 0.165143 0.052757 0.052757
0 0.856020 0.101103 0.057104 0.057104
0 0.968493 0.323114 0.036679 0.036679
0 0.403773 0.609068 0.052757 0.052757
0 0.227240 0.083582 0.057104 0.057104
0 0.802255 0.253725 0.057104 0.057104
0 0.887294 0.661897 0.104277 0.104277
0 0.882431 0.588604 0.071945 0.071945
0 0.091454 0.768823 0.104277 0.104277
0 0.314171 0.079839 0.057104 0.057104
0 0.537023 0.206358 0.071945 0.071945
0 0.588902 0.601313 0.052757 0.052757
0 0.646118 0.012689 0.071945 0.071945
0 0.027409 0.850880 0.052757 0.052757
0 0.403937 0.915487 0.057104 0.057104
0 0.609274 0.997091 0.052757 0.052757
0 0.803749 0.748526 0.054783 0.054783
0 0.971301 0.682438 0.057103 0.057103
0 0.771851 0.860692 0.071945 0.071945
0 0.772111 0.931516 0.061130 0.061130
0 0.554975 0.521944 0.071945 0.071945
0 0.328652 0.727541 0.061130 0.061130
0 0.220005 0.626383 0.071945 0.071945
0 0.386654 0.842079 0.052757 0.052757
0 0.652131 0.757194 0.057104 0.057104
0 0.608242 0.172807 0.057104 0.057104
0 0.228753 0.349569 0.071945 0.071945
0 0.208909 0.794676 0.061130 0.061130
0 0.179578 0.711011 0.062220 0.062220
0 0.964698 0.083502 0.061130 0.061130
0 0.323348 0.562197 0.062220 0.062220
0 0.439009 0.391197 0.061130 0.061130
0 0.666326 0.635320 0.052757 0.052757
0 0.228947 0.956977 0.052757 0.052757
0 0.379121 0.993262 0.057104 0.057104
0 0.374321 0.293458 0.061130 0.061130
0 0.345395 0.221723 0.061130 0.061130
0 0.914794 0.177985 0.062220 0.062220
0 0.524075 0.347993 0.104277 0.104277
0 0.687480 0.445866 0.071945 0.071945
0 0.896264 0.849184 0.052757 0.052757
0 0.377775 0.499584 0.061130 0.061130
0 0.115928 0.034558 0.104277 0.104277
0 0.477868 0.592120 0.057104 0.057104
0 0.370017 0.415902 0.104277 0.104277
0 0.577469 0.669736 0.062220 0.062220
0 0.574636 0.396530 0.104277 0.104277
0 0.059325 0.184641 0.052757 0.052757
0 0.553541 0.283840 0.052757 0.052757
0 0.583941 0.928401 0.104277 0.104277
0 0.860457 0.323528 0.062220 0.062220
0 0.265900 0.157327 0.071945 0.071945
0 0.320228 0.804176 0.104277 0.104277
0 0.280874 0.658197 0.071945 0.071945
0 0.523772 0.725825 0.104277 0.104277
0 0.151777 0.115994 0.104277 0.104277
0 0.678605 0.529782 0.057104 0.057104
0 0.021940 0.722264 0.071945 0.071945
0 0.161812 0.566361 0.050932 0.050932
0 0.298548 0.387475 0.052757 0.052757
0 0.064685 0.334366 0.071945 0.071945
0 0.916120 0.371446 0.071945 0.071945
0 0.275445 0.294535 0.061130 0.061130
0 0.634474 0.352590 0.052757 0.052757
0 0.488780 0.504037 0.057104 0.057104
0 0.880109 0.735275 0.104277 0.104277
0 0.022269 0.620997 0.071945 0.071945
0 0.272349 0.454501 0.061130 0.061130
0 0.134714 0.297660 0.071945 0.071945
0 0.842665 0.925087 0.071945 0.071945
0 0.944652 0.779473 0.057104 0.057104
0 0.262201 0.014161 0.048997 0.048997
0 0.984698 0.836611 0.104277 0.104277
0 0.485897 0.897492 0.061131 0.061131
0 0.333004 0.938817 0.104277 0.104277
0 0.461209 0.160153 0.062220 0.062220
0 0.790190 0.680572 0.052757 0.052757
0 0.717627 0.714799 0.104277 0.104277
0 0.233141 0.551186 0.062220 0.062220
0 0.028896 0.529090 0.062220 0.062220
0 0.464786 0.070342 0.061131 0.061131
0 0.039560 0.108538 0.104277 0.104277
0 0.009795 0.954919 0.071945 0.071945
0 0.407909 0.767544 0.071945 0.071945
0 0.238902 0.878573 0.061130 0.061130
0 0.648110 0.833764 0.071945 0.071945
0 0.107849 0.468860 0.052757 0.052757
0 0.954374 0.928215 0.104277 0.104277
0 0.678817 0.971704 0.104277 0.104277
0 0.392294 0.167147 0.071945 0.071945
0 0.103569 0.686965 0.071945 0.071945
0 0.853076 0.451345 0.057104 0.057104
0 0.187799 0.476741 0.071945 0.071945