0 0.894552 0.553880 0.104278 0.104278
0 0.950208 0.991002 0.104277 0.104277
0 0.071583 0.309988 0.052757 0.052757
0 0.623511 0.049356 0.052757 0.052757
0 0.537229 0.706203 0.061130 0.061130
0 0.911990 0.664685 0.052757 0.052757
0 0.933061 0.835912 0.052757 0.052757
0 0.676612 0.984775 0.104277 0.104277
0 0.758969 0.916573 0.104277 0.104277
0 0.683136 0.885633 0.061130 0.061130
0 0.547197 0.470537 0.057104 0.057104
0 0.898244 0.124358 0.104277 0.104277
0 0.042059 0.794167 0.062220 0.062220
0 0.590207 0.783590 0.104277 0.104277
0 0.623056 0.257186 0.057104 0.057104
0 0.037418 0.380233 0.062220 0.062220
0 0.262664 0.912924 0.061130 0.061130
0 0.844398 0.465318 0.052757 0.052757
0 0.250088 0.451390 0.071945 0.071945
0 0.388693 0.555912 0.104277 0.104277
0 0.309124 0.624836 0.052757 0.052757
0 0.532079 0.625073 0.104277 0.104277
0 0.977648 0.062608 0.071945 0.071945
0 0.221692 0.619034 0.052757 0.052757
0 0.468034 0.707130 0.052757 0.052757
0 0.897265 0.910091 0.104277 0.104277
0 0.844562 0.771737 0.057104 0.057104
0 0.747730 0.995723 0.061130 0.061130
0 0.422561 0.926274 0.104278 0.104278
0 0.995600 0.378194 0.071945 0.071945
0 0.489410 0.904665 0.052757 0.052757
0 0.769277 0.583791 0.061130 0.061130
0 0.660630 0.482633 0.071945 0.071945
0 0.827279 0.698329 0.052757 0.052757
0 0.035046 0.473403 0.052757 0.052757
0 0.180639 0.181508 0.071945 0.071945
0 0.370463 0.364137 0.061130 0.061130
0 0.173705 0.111052 0.071945 0.071945
0 0.669378 0.205819 0.071945 0.071945
0 0.649534 0.650926 0.061130 0.061130
0 0.620203 0.567261 0.062220 0.062220
0 0.763973 0.418447 0.062220 0.062220
0 0.879634 0.247447 0.061130 0.061130
0 0.088505 0.715438 0.061130 0.061130
0 0.669572 0.813227 0.052757 0.052757
0 0.819746 0.849512 0.057104 0.057104
0 0.369494 0.008062 0.071945 0.071945
0 0.323331 0.513915 0.104277 0.104277
0 0.814946 0.149708 0.061130 0.061130
0 0.382564 0.993538 0.071945 0.071945
0 0.786020 0.077973 0.061130 0.061130
0 0.964700 0.204243 0.104277 0.104277
0 0.818400 0.355834 0.061130 0.061130
0 0.380663 0.089760 0.071945 0.071945
0 0.918493 0.448370 0.057104 0.057104
0 0.810642 0.272152 0.104277 0.104277
0 0.249406 0.981508 0.057104 0.057104
0 0.499950 0.040891 0.052757 0.052757
0 0.994166 0.140090 0.052757 0.052757
0 0.331914 0.171985 0.052757 0.052757
0 0.175550 0.511616 0.052757 0.052757
0 0.072919 0.232324 0.104278 0.104278
0 0.706525 0.013577 0.071945 0.071945
0 0.760853 0.660426 0.104277 0.104277
0 0.255691 0.044418 0.061130 0.061130
0 0.721499 0.514447 0.071945 0.071945
0 0.263641 0.365573 0.104277 0.104277
0 0.964397 0.582075 0.104277 0.104277
0 0.171484 0.959890 0.071945 0.071945
0 0.462565 0.578514 0.071945 0.071945
0 0.602437 0.422611 0.050932 0.050932
0 0.045653 0.901131 0.057104 0.057104
0 0.739173 0.243725 0.052757 0.052757
0 0.214548 0.276443 0.057104 0.057104
0 0.505310 0.190616 0.071945 0.071945
0 0.716070 0.150785 0.061130 0.061130
0 0.291672 0.115244 0.062220 0.062220
0 0.929405 0.360287 0.057104 0.057104
0 0.462894 0.477247 0.071945 0.071945
0 0.370531 0.240418 0.104277 0.104277
0 0.077286 0.040362 0.061130 0.061130
0 0.141754 0.598826 0.104277 0.104277
0 0.152860 0.852893 0.057104 0.057104
0 0.712974 0.310751 0.061130 0.061130
0 0.575339 0.153910 0.071945 0.071945
0 0.335862 0.841529 0.104277 0.104277
0 0.386005 0.685764 0.104277 0.104277
0 0.926522 0.753742 0.061131 0.061131
0 0.169628 0.341160 0.062220 0.062220
0 0.773629 0.795067 0.104277 0.104277
0 0.376511 0.462066 0.052757 0.052757
0 0.901834 0.016403 0.062220 0.062220
0 0.673766 0.407436 0.062220 0.062220
0 0.469521 0.385340 0.062220 0.062220
0 0.291678 0.760541 0.052757 0.052757
0 0.170907 0.675330 0.104277 0.104277
0 0.260567 0.833177 0.061130 0.061130
0 0.109412 0.437229 0.057104 0.057104
0 0.383910 0.776127 0.062220 0.062220
0 0.450420 0.811169 0.071945 0.071945
0 0.848534 0.623794 0.071945 0.071945
0 0.679527 0.734823 0.061130 0.061130
0 0.319289 0.295345 0.071945 0.071945
0 0.088413 0.957609 0.052757 0.052757
0 0.414374 0.300314 0.047555 0.047555
0 0.548474 0.325110 0.052757 0.052757
0 0.580042 0.922273 0.104277 0.104277
0 0.061014 0.618061 0.071945 0.071945
0 0.353593 0.917545 0.052757 0.052757
0 0.178891 0.424115 0.057103 0.057103
0 0.832919 0.023397 0.071945 0.071945
0 0.544194 0.543215 0.071945 0.071945
0 0.162602 0.746672 0.104277 0.104277
0 0.628424 0.332991 0.071945 0.071945
0 0.075556 0.128578 0.062220 0.062220