0 0.665380 0.328617 0.071945 0.071945
0 0.460557 0.832036 0.104277 0.104277
0 0.650659 0.796564 0.104277 0.104277
0 0.694848 0.992812 0.057104 0.057104
0 0.564114 0.442894 0.062220 0.062220
0 0.697092 0.440841 0.057104 0.057104
0 0.787233 0.954691 0.104277 0.104277
0 0.729903 0.366149 0.052757 0.052757
0 0.613689 0.706321 0.057104 0.057104
0 0.541849 0.557804 0.104277 0.104277
0 0.524152 0.909700 0.104277 0.104277
0 0.527043 0.748280 0.061131 0.061131
0 0.536851 0.372187 0.052757 0.052757
0 0.410259 0.671813 0.071945 0.071945
0 0.627268 0.572092 0.062220 0.062220
0 0.463147 0.967355 0.062220 0.062220
0 0.297820 0.873078 0.052757 0.052757
0 0.685425 0.693343 0.071945 0.071945
0 0.767222 0.463884 0.071945 0.071945
0 0.123843 0.860381 0.061131 0.061131
0 0.629010 0.392497 0.071945 0.071945
0 0.618837 0.884150 0.061130 0.061130
0 0.058969 0.781688 0.062220 0.062220
0 0.797523 0.227233 0.061131 0.061131
0 0.351903 0.968364 0.061131 0.061131
0 0.401130 0.901817 0.057104 0.057104
0 0.816157 0.402097 0.071945 0.071945
0 0.197932 0.224874 0.071945 0.071945
0 0.479331 0.132250 0.061130 0.061130
0 0.013725 0.163430 0.062220 0.062220
0 0.468044 0.495622 0.071945 0.071945
0 0.030853 0.465722 0.061131 0.061131
0 0.318493 0.376773 0.061130 0.061130
0 0.828723 0.325460 0.071945 0.071945
0 0.343506 0.495648 0.104277 0.104277
0 0.050296 0.227266 0.104277 0.104277
0 0.811535 0.823727 0.057104 0.057104
0 0.094265 0.362192 0.071945 0.071945
0 0.467422 0.627325 0.104277 0.104277
0 0.759510 0.571025 0.104278 0.104278
0 0.624624 0.959025 0.061130 0.061130
0 0.351876 0.049094 0.061130 0.061130
0 0.448430 0.028195 0.057104 0.057104
0 0.708861 0.140529 0.057104 0.057104
0 0.046180 0.041090 0.057104 0.057104
0 0.156348 0.611106 0.071945 0.071945
0 0.170156 0.745520 0.061131 0.061131
0 0.028252 0.692005 0.104277 0.104277
0 0.564015 0.233467 0.062220 0.062220
0 0.527590 0.295034 0.062220 0.062220
0 0.079600 0.106729 0.062220 0.062220
0 0.241133 0.576465 0.062220 0.062220
0 0.763867 0.877729 0.052757 0.052757
0 0.259695 0.815899 0.057104 0.057104
0 0.124164 0.290667 0.061131 0.061131
0 0.022944 0.870331 0.062220 0.062220
0 0.028008 0.327985 0.061131 0.061131
0 0.296549 0.102189 0.071945 0.071945
0 0.383181 0.774523 0.071945 0.071945
0 0.811229 0.102527 0.061131 0.061131
0 0.070626 0.600969 0.061131 0.061131
0 0.489742 0.222181 0.052757 0.052757
0 0.288180 0.298511 0.057104 0.057104
0 0.237852 0.998120 0.062220 0.062220
0 0.143105 0.139844 0.071945 0.071945
0 0.800953 0.653067 0.057104 0.057104
0 0.681893 0.623187 0.057104 0.057104
0 0.406091 0.115719 0.052757 0.052757
0 0.539263 0.647073 0.052757 0.052757
0 0.224279 0.001847 0.071945 0.071945
0 0.044727 0.999860 0.062220 0.062220
0 0.289313 0.748947 0.052757 0.052757
0 0.076647 0.932231 0.071945 0.071945
0 0.426024 0.313087 0.071945 0.071945
0 0.327986 0.227658 0.062220 0.062220
0 0.659441 0.023089 0.052559 0.052559
0 0.320278 0.592104 0.057104 0.057104
0 0.154685 0.062894 0.071945 0.071945
0 0.702115 0.259446 0.062220 0.062220
0 0.254081 0.665790 0.057104 0.057104
0 0.159930 0.413811 0.104277 0.104277
0 0.116848 0.989157 0.052757 0.052757
0 0.226272 0.483248 0.052757 0.052757
0 0.105300 0.701931 0.071945 0.071945
0 0.394942 0.251250 0.104277 0.104277
0 0.233427 0.348792 0.071945 0.071945
0 0.247400 0.158806 0.104277 0.104277
0 0.781655 0.756532 0.061130 0.061130
0 0.606367 0.102895 0.071945 0.071945
0 0.762244 0.293674 0.104278 0.104278
0 0.450183 0.411992 0.104277 0.104277
0 0.506960 0.066685 0.052757 0.052757
0 0.113829 0.472948 0.052757 0.052757
0 0.408264 0.590102 0.062220 0.062220
0 0.205657 0.875540 0.061131 0.061131