0 0.677880 0.044242 0.071945 0.071945
0 0.422151 0.998627 0.071945 0.071945
0 0.473057 0.547661 0.104277 0.104277
0 0.505537 0.888930 0.061131 0.061131
0 0.663159 0.512189 0.104277 0.104277
0 0.214221 0.876118 0.104277 0.104277
0 0.707348 0.708437 0.057104 0.057104
0 0.576614 0.158519 0.062220 0.062220
0 0.833801 0.913397 0.062221 0.062221
0 0.709592 0.156466 0.057104 0.057104
0 0.722707 0.876402 0.104277 0.104277
0 0.799733 0.670316 0.104277 0.104277
0 0.742403 0.081774 0.052757 0.052757
0 0.626189 0.421946 0.057104 0.057104
0 0.554349 0.273429 0.104277 0.104277
0 0.536652 0.625325 0.104277 0.104277
0 0.342293 0.812089 0.052757 0.052757
0 0.539543 0.463905 0.061131 0.061131
0 0.549351 0.087812 0.052757 0.052757
0 0.286231 0.922614 0.057104 0.057104
0 0.422759 0.387438 0.071945 0.071945
0 0.605370 0.866570 0.104277 0.104277
0 0.639768 0.287717 0.062220 0.062220
0 0.011355 0.960122 0.052757 0.052757
0 0.475647 0.682980 0.062220 0.062220
0 0.313473 0.749528 0.057104 0.057104
0 0.310320 0.588703 0.052757 0.052757
0 0.421474 0.726966 0.061130 0.061130
0 0.697925 0.408968 0.071945 0.071945
0 0.779722 0.179509 0.071945 0.071945
0 0.136343 0.576006 0.061131 0.061131
0 0.723982 0.980296 0.062221 0.062221
0 0.641510 0.108122 0.071945 0.071945
0 0.078555 0.896031 0.052757 0.052757
0 0.725612 0.785784 0.071945 0.071945
0 0.631337 0.599775 0.061130 0.061130
0 0.071469 0.497313 0.062220 0.062220
0 0.364403 0.683989 0.061131 0.061131
0 0.183618 0.978314 0.071945 0.071945
0 0.413630 0.617442 0.057104 0.057104
0 0.828657 0.117722 0.071945 0.071945
0 0.480544 0.211247 0.071945 0.071945
0 0.043353 0.181347 0.061131 0.061131
0 0.330993 0.092398 0.061130 0.061130
0 0.841223 0.041085 0.071945 0.071945
0 0.356006 0.211273 0.104277 0.104277
0 0.824035 0.539352 0.057104 0.057104
0 0.106765 0.077817 0.071945 0.071945
0 0.479922 0.342950 0.104277 0.104277
0 0.772010 0.286650 0.104278 0.104278
0 0.637124 0.674650 0.061130 0.061130
0 0.168848 0.326731 0.071945 0.071945
0 0.150216 0.778150 0.104277 0.104277
0 0.365726 0.914640 0.062220 0.062220
0 0.182656 0.461145 0.061131 0.061131
0 0.040752 0.407630 0.104277 0.104277
0 0.540090 0.010659 0.062220 0.062220
0 0.253633 0.292090 0.062220 0.062220
0 0.776367 0.593354 0.052757 0.052757
0 0.272195 0.531524 0.057104 0.057104
0 0.136664 0.006292 0.061131 0.061131
0 0.432798 0.832491 0.071945 0.071945
0 0.042677 0.815619 0.052757 0.052757
0 0.035444 0.585956 0.062220 0.062220
0 0.040508 0.043610 0.061131 0.061131
0 0.395681 0.490148 0.071945 0.071945
0 0.000209 0.649574 0.104278 0.104278
0 0.003492 0.121773 0.052757 0.052757
0 0.083126 0.316594 0.061131 0.061131
0 0.300680 0.014136 0.057104 0.057104
0 0.250352 0.713745 0.062220 0.062220
0 0.813453 0.368692 0.057104 0.057104
0 0.694393 0.338812 0.057104 0.057104
0 0.551763 0.362698 0.052757 0.052757
0 0.057227 0.715485 0.062220 0.062220
0 0.301813 0.464572 0.052757 0.052757
0 0.089147 0.647856 0.071945 0.071945
0 0.002727 0.884417 0.062220 0.062220
0 0.821171 0.763923 0.104277 0.104277
0 0.438524 0.028712 0.071945 0.071945
0 0.332778 0.307729 0.057104 0.057104
0 0.575758 0.796152 0.057104 0.057104
0 0.266581 0.381415 0.057104 0.057104
0 0.172430 0.129436 0.104277 0.104277
0 0.129348 0.704782 0.052757 0.052757
0 0.558501 0.936090 0.057104 0.057104
0 0.238772 0.198873 0.052757 0.052757
0 0.117800 0.417556 0.071945 0.071945
0 0.245927 0.064417 0.071945 0.071945
0 0.567163 0.722453 0.104277 0.104277
0 0.794155 0.472157 0.061130 0.061130
0 0.774744 0.009299 0.104278 0.104278
0 0.462683 0.127617 0.104277 0.104277
0 0.636496 0.750048 0.104277 0.104277
0 0.650676 0.946306 0.052757 0.052757
0 0.126329 0.188573 0.052757 0.052757
0 0.420764 0.305727 0.062220 0.062220
0 0.218157 0.591165 0.061131 0.061131