0 0.256467 0.821352 0.104277 0.104277
0 0.212919 0.609361 0.061130 0.061130
0 0.615864 0.571070 0.052757 0.052757
0 0.146012 0.469690 0.104277 0.104277
0 0.207838 0.378642 0.071945 0.071945
0 0.406757 0.819028 0.062220 0.062220
0 0.359651 0.364252 0.071945 0.071945
0 0.438404 0.571110 0.104277 0.104277
0 0.113690 0.571259 0.052757 0.052757
0 0.516268 0.617635 0.071945 0.071945
0 0.443037 0.254555 0.061131 0.061131
0 0.151721 0.241743 0.104277 0.104277
0 0.644848 0.074062 0.057104 0.057104
0 0.771301 0.279022 0.062221 0.062221
0 0.660207 0.242027 0.104277 0.104277
0 0.737233 0.035941 0.104277 0.104277
0 0.770015 0.809503 0.047276 0.047276
0 0.250591 0.736167 0.057104 0.057104
0 0.021784 0.414199 0.062220 0.062220
0 0.286453 0.922803 0.051819 0.051819
0 0.279793 0.177714 0.052757 0.052757
0 0.761254 0.551136 0.071945 0.071945
0 0.190597 0.535898 0.061131 0.061131
0 0.466601 0.866516 0.052757 0.052757
0 0.223731 0.288239 0.057104 0.057104
0 0.527877 0.815031 0.057103 0.057103
0 0.274813 0.496393 0.052757 0.052757
0 0.542870 0.232195 0.104277 0.104277
0 0.413147 0.048605 0.062220 0.062220
0 0.331020 0.432353 0.057104 0.057104
0 0.250973 0.115153 0.057104 0.057104
0 0.721569 0.385110 0.052757 0.052757
0 0.443493 0.654364 0.036679 0.036679
0 0.358974 0.092591 0.061130 0.061130
0 0.562531 0.932371 0.104277 0.104277
0 0.661482 0.345921 0.062221 0.062221
0 0.277255 0.584975 0.057104 0.057104
0 0.362294 0.993147 0.104277 0.104277
0 0.016055 0.261656 0.052757 0.052757
0 0.357431 0.919854 0.071945 0.071945
0 0.663112 0.151409 0.071945 0.071945
0 0.600027 0.381550 0.052757 0.052757
0 0.587133 0.449412 0.104277 0.104277
0 0.754023 0.915428 0.071945 0.071945
0 0.012023 0.537608 0.071945 0.071945
0 0.301903 0.049614 0.061131 0.061131
0 0.063902 0.932563 0.052757 0.052757
0 0.492771 0.473044 0.104277 0.104277
0 0.121118 0.343939 0.071945 0.071945
0 0.659862 0.947239 0.061131 0.061131
0 0.775901 0.698501 0.057104 0.057104
0 0.583676 0.640519 0.062220 0.062220
0 0.029975 0.853194 0.071945 0.071945
0 0.491785 0.948390 0.061131 0.061131
0 0.083242 0.504057 0.057104 0.057104
0 0.439698 0.414752 0.061130 0.061130
0 0.574624 0.040275 0.061130 0.061130
0 0.692339 0.801370 0.062220 0.062220
0 0.518458 0.545367 0.061130 0.061130
0 0.141326 0.966570 0.052757 0.052757
0 0.087716 0.143775 0.104277 0.104277
0 0.389794 0.509235 0.062220 0.062220
0 0.162480 0.777116 0.071945 0.071945
0 0.303226 0.280265 0.062220 0.062220
0 0.666923 0.656443 0.104277 0.104277
0 0.049636 0.727780 0.104277 0.104277
0 0.028541 0.615090 0.052757 0.052757
0 0.335457 0.654778 0.062220 0.062220
0 0.370298 0.198116 0.071945 0.071945
0 0.477668 0.737474 0.104277 0.104277
0 0.153605 0.861032 0.057104 0.057104
0 0.391120 0.702696 0.071945 0.071945
0 0.109474 0.683840 0.052757 0.052757
0 0.187852 0.079370 0.062220 0.062220
0 0.781124 0.430351 0.071945 0.071945
0 0.532015 0.692843 0.061131 0.061131
0 0.664290 0.480573 0.071945 0.071945
0 0.026647 0.013481 0.071945 0.071945
0 0.758671 0.129548 0.104277 0.104277
0 0.513258 0.161777 0.057104 0.057104
0 0.066848 0.070407 0.052757 0.052757
0 0.496001 0.301715 0.057104 0.057104
0 0.504663 0.088078 0.104277 0.104277
0 0.624683 0.729840 0.071945 0.071945
0 0.573996 0.115673 0.104277 0.104277
0 0.588176 0.311931 0.052757 0.052757
0 0.328076 0.782595 0.057104 0.057104
0 0.597827 0.865326 0.061131 0.061131