0 0.876182 0.832036 0.104277 0.104277
0 0.979739 0.442894 0.062220 0.062220
0 0.073160 0.936427 0.062220 0.062220
0 0.957474 0.557804 0.104277 0.104277
0 0.939777 0.909700 0.104277 0.104277
0 0.942668 0.748280 0.061131 0.061131
0 0.242995 0.097823 0.062220 0.062220
0 0.020045 0.810812 0.057103 0.057103
0 0.952476 0.372187 0.052757 0.052757
0 0.825884 0.671813 0.071945 0.071945
0 0.878772 0.967355 0.062220 0.062220
0 0.713445 0.873078 0.052757 0.052757
0 0.197069 0.156665 0.062220 0.062220
0 0.539468 0.860381 0.061131 0.061131
0 0.343643 0.133677 0.070161 0.070161
0 0.224850 0.561002 0.057104 0.057104
0 0.474594 0.781688 0.062220 0.062220
0 0.767528 0.968364 0.061131 0.061131
0 0.816755 0.901817 0.057104 0.057104
0 0.613557 0.224874 0.071945 0.071945
0 0.894956 0.132250 0.061130 0.061130
0 0.133044 0.104801 0.071945 0.071945
0 0.429350 0.163430 0.062220 0.062220
0 0.883669 0.495622 0.071945 0.071945
0 0.446478 0.465722 0.061131 0.061131
0 0.734118 0.376773 0.061130 0.061130
0 0.759131 0.495648 0.104277 0.104277
0 0.465921 0.227266 0.104277 0.104277
0 0.380380 0.072901 0.061130 0.061130
0 0.162615 0.716133 0.057104 0.057104
0 0.509890 0.362192 0.071945 0.071945
0 0.883047 0.627325 0.104277 0.104277
0 0.281204 0.998235 0.061130 0.061130
0 0.767501 0.049094 0.061130 0.061130
0 0.195779 0.477429 0.104277 0.104277
0 0.864055 0.028195 0.057104 0.057104
0 0.082638 0.758568 0.052757 0.052757
0 0.360941 0.296493 0.104277 0.104277
0 0.461805 0.041090 0.057104 0.057104
0 0.153554 0.298277 0.062220 0.062220
0 0.571973 0.611106 0.071945 0.071945
0 0.007879 0.561598 0.057104 0.057104
0 0.165033 0.810633 0.057104 0.057104
0 0.172894 0.977921 0.057104 0.057104
0 0.321732 0.003403 0.071945 0.071945
0 0.213423 0.639962 0.052757 0.052757
0 0.284614 0.709043 0.104277 0.104277
0 0.253171 0.278154 0.062220 0.062220
0 0.585781 0.745520 0.061131 0.061131
0 0.040718 0.997527 0.052757 0.052757
0 0.060696 0.201281 0.071945 0.071945
0 0.226082 0.911020 0.104277 0.104277
0 0.361391 0.794217 0.061130 0.061130
0 0.051362 0.437065 0.052757 0.052757
0 0.097304 0.648648 0.057104 0.057104
0 0.443877 0.692005 0.104277 0.104277
0 0.979640 0.233467 0.062220 0.062220
0 0.943215 0.295034 0.062220 0.062220
0 0.495225 0.106729 0.062220 0.062220
0 0.656758 0.576465 0.062220 0.062220
0 0.348802 0.529368 0.062220 0.062220
0 0.675320 0.815899 0.057104 0.057104
0 0.539789 0.290667 0.061131 0.061131
0 0.438569 0.870331 0.062220 0.062220
0 0.443633 0.327985 0.061131 0.061131
0 0.712174 0.102189 0.071945 0.071945
0 0.798806 0.774523 0.071945 0.071945
0 0.241746 0.784741 0.061130 0.061130
0 0.403334 0.933949 0.104278 0.104278
0 0.406617 0.406148 0.052757 0.052757
0 0.486251 0.600969 0.061131 0.061131
0 0.905367 0.222181 0.052757 0.052757
0 0.703805 0.298511 0.057104 0.057104
0 0.311584 0.206181 0.052757 0.052757
0 0.653477 0.998120 0.062220 0.062220
0 0.558730 0.139844 0.071945 0.071945
0 0.821716 0.115719 0.052757 0.052757
0 0.954888 0.647073 0.052757 0.052757
0 0.639904 0.001847 0.071945 0.071945
0 0.460352 0.999860 0.062220 0.062220
0 0.284668 0.431563 0.104277 0.104277
0 0.063186 0.511550 0.061130 0.061130
0 0.007037 0.331466 0.104277 0.104277
0 0.704938 0.748947 0.052757 0.052757
0 0.492272 0.932231 0.071945 0.071945
0 0.841649 0.313087 0.071945 0.071945
0 0.190237 0.236129 0.057104 0.057104
0 0.743611 0.227658 0.062220 0.062220
0 0.072622 0.360555 0.071945 0.071945
0 0.148766 0.000992 0.104277 0.104277
0 0.735903 0.592104 0.057104 0.057104
0 0.303185 0.586997 0.061130 0.061130
0 0.139495 0.895343 0.057104 0.057104
0 0.570310 0.062894 0.071945 0.071945
0 0.337911 0.892029 0.104277 0.104277
0 0.066759 0.123059 0.056505 0.056505
0 0.014253 0.885692 0.104277 0.104277
0 0.669706 0.665790 0.057104 0.057104
0 0.575555 0.413811 0.104277 0.104277
0 0.532473 0.989157 0.052757 0.052757
0 0.343944 0.659910 0.061130 0.061130
0 0.641897 0.483248 0.052757 0.052757
0 0.520925 0.701931 0.071945 0.071945
0 0.810567 0.251250 0.104277 0.104277
0 0.649052 0.348792 0.071945 0.071945
0 0.663025 0.158806 0.104277 0.104277
0 0.286851 0.344412 0.057104 0.057104
0 0.061056 0.054370 0.061130 0.061130
0 0.038380 0.690769 0.062220 0.062220
0 0.389390 0.598720 0.071945 0.071945
0 0.393957 0.004455 0.057103 0.057103
0 0.137573 0.385711 0.057104 0.057104
0 0.865808 0.411992 0.104277 0.104277
0 0.922585 0.066685 0.052757 0.052757
0 0.529454 0.472948 0.052757 0.052757
0 0.823889 0.590102 0.062220 0.062220
0 0.621282 0.875540 0.061131 0.061131