0 0.156445 0.213759 0.104277 0.104277
0 0.858620 0.525948 0.062220 0.062220
0 0.607612 0.828981 0.104277 0.104277
0 0.812694 0.584790 0.062220 0.062220
0 0.959268 0.561802 0.070161 0.070161
0 0.461354 0.232463 0.062220 0.062220
0 0.589988 0.553414 0.104278 0.104278
0 0.840475 0.989127 0.057104 0.057104
0 0.709381 0.224821 0.057104 0.057104
0 0.256709 0.368021 0.062220 0.062220
0 0.748669 0.532926 0.071945 0.071945
0 0.723089 0.301506 0.062220 0.062220
0 0.376551 0.994134 0.104277 0.104277
0 0.270128 0.608298 0.104277 0.104277
0 0.231134 0.503292 0.071945 0.071945
0 0.490084 0.590993 0.071945 0.071945
0 0.155395 0.440752 0.057104 0.057104
0 0.996005 0.501026 0.061130 0.061130
0 0.587187 0.925224 0.057104 0.057104
0 0.708890 0.384267 0.071945 0.071945
0 0.246051 0.906187 0.062220 0.062220
0 0.535757 0.874093 0.104277 0.104277
0 0.643194 0.323268 0.104277 0.104277
0 0.459435 0.399048 0.104277 0.104277
0 0.586656 0.435705 0.057104 0.057104
0 0.578739 0.299004 0.071945 0.071945
0 0.811404 0.905554 0.104277 0.104277
0 0.795602 0.255260 0.071945 0.071945
0 0.502118 0.743041 0.052757 0.052757
0 0.976566 0.724618 0.104277 0.104277
0 0.769179 0.726402 0.062220 0.062220
0 0.354929 0.668619 0.062220 0.062220
0 0.623504 0.989723 0.057104 0.057104
0 0.377030 0.307753 0.104277 0.104277
0 0.150849 0.809130 0.052757 0.052757
0 0.937357 0.431528 0.071945 0.071945
0 0.868796 0.706279 0.062220 0.062220
0 0.300387 0.784510 0.061130 0.061130
0 0.188167 0.340223 0.071945 0.071945
0 0.798999 0.366582 0.052757 0.052757
0 0.676321 0.629406 0.071945 0.071945
0 0.666987 0.865190 0.052757 0.052757
0 0.151755 0.702918 0.104277 0.104277
0 0.174420 0.547184 0.052757 0.052757
0 0.310146 0.445599 0.104277 0.104277
0 0.381250 0.395188 0.057104 0.057104
0 0.964427 0.957493 0.062220 0.062220
0 0.367798 0.753101 0.061130 0.061130
0 0.236972 0.732359 0.061130 0.061130
0 0.854596 0.421693 0.052757 0.052757
0 0.908279 0.250657 0.071945 0.071945
0 0.445912 0.692500 0.071945 0.071945
0 0.407826 0.471860 0.104277 0.104277
0 0.932213 0.331910 0.057104 0.057104
0 0.304339 0.542989 0.057104 0.057104
0 0.384899 0.865152 0.057104 0.057104
0 0.548723 0.374604 0.062220 0.062220
0 0.618751 0.205184 0.104277 0.104277
0 0.927209 0.634306 0.052757 0.052757
0 0.183354 0.876294 0.061130 0.061130
0 0.204002 0.642401 0.104278 0.104278
0 0.990983 0.218502 0.104277 0.104277
0 0.900293 0.859688 0.104277 0.104277
0 0.678811 0.939675 0.061130 0.061130
0 0.622662 0.759591 0.104277 0.104277
0 0.585363 0.630491 0.052757 0.052757
0 0.805862 0.664254 0.057104 0.057104
0 0.688247 0.788680 0.071945 0.071945
0 0.764391 0.429117 0.104277 0.104277
0 0.223505 0.430144 0.071945 0.071945
0 0.682384 0.551184 0.056505 0.056505
0 0.321403 0.912830 0.062220 0.062220
0 0.902476 0.772537 0.057104 0.057104
0 0.676681 0.482495 0.061130 0.061130
0 0.753198 0.813836 0.057104 0.057104
0 0.476235 0.506297 0.062220 0.062220
0 0.386786 0.212240 0.062220 0.062220
0 0.413498 0.626716 0.057104 0.057104
0 0.440677 0.922345 0.057104 0.057104
0 0.493511 0.293547 0.061130 0.061130
0 0.288166 0.301169 0.057104 0.057104
0 0.261728 0.212312 0.071945 0.071945
0 0.187808 0.961093 0.061130 0.061130