0 0.506467 0.740102 0.104277 0.104277
0 0.462919 0.528111 0.061130 0.061130
0 0.178927 0.947630 0.104278 0.104278
0 0.865864 0.489820 0.052757 0.052757
0 0.396012 0.388440 0.104277 0.104277
0 0.457838 0.297392 0.071945 0.071945
0 0.656757 0.737778 0.062220 0.062220
0 0.609651 0.283002 0.071945 0.071945
0 0.688404 0.489860 0.104277 0.104277
0 0.363690 0.490009 0.052757 0.052757
0 0.766268 0.536385 0.071945 0.071945
0 0.693037 0.173305 0.061131 0.061131
0 0.401721 0.160493 0.104277 0.104277
0 0.910207 0.160777 0.104277 0.104277
0 0.500591 0.654917 0.057104 0.057104
0 0.271784 0.332949 0.062220 0.062220
0 0.536453 0.841553 0.051819 0.051819
0 0.529793 0.096464 0.052757 0.052757
0 0.182619 0.518108 0.104277 0.104277
0 0.440597 0.454648 0.061131 0.061131
0 0.716601 0.785266 0.052757 0.052757
0 0.473731 0.206989 0.057104 0.057104
0 0.777877 0.733781 0.057103 0.057103
0 0.524813 0.415143 0.052757 0.052757
0 0.020721 0.120542 0.061130 0.061130
0 0.792870 0.150945 0.104277 0.104277
0 0.198855 0.244497 0.052757 0.052757
0 0.581020 0.351103 0.057104 0.057104
0 0.500973 0.033903 0.057104 0.057104
0 0.971569 0.303860 0.052757 0.052757
0 0.693493 0.573114 0.036679 0.036679
0 0.128773 0.859068 0.052757 0.052757
0 0.608974 0.011341 0.061130 0.061130
0 0.812531 0.851121 0.104277 0.104277
0 0.911482 0.264671 0.062221 0.062221
0 0.527255 0.503725 0.057104 0.057104
0 0.612294 0.911897 0.104277 0.104277
0 0.266055 0.180406 0.052757 0.052757
0 0.607431 0.838604 0.071945 0.071945
0 0.039171 0.329839 0.057104 0.057104
0 0.913112 0.070159 0.071945 0.071945
0 0.850027 0.300300 0.052757 0.052757
0 0.837133 0.368162 0.104277 0.104277
0 0.262023 0.456358 0.071945 0.071945
0 0.313902 0.851313 0.052757 0.052757
0 0.742771 0.391794 0.104277 0.104277
0 0.371118 0.262689 0.071945 0.071945
0 0.909862 0.865989 0.061131 0.061131
0 0.528749 0.998526 0.054783 0.054783
0 0.833676 0.559269 0.062220 0.062220
0 0.696301 0.932438 0.057103 0.057103
0 0.279975 0.771944 0.071945 0.071945
0 0.053652 0.977541 0.061130 0.061130
0 0.790607 0.999259 0.061131 0.061131
0 0.741785 0.867140 0.061131 0.061131
0 0.333242 0.422807 0.057104 0.057104
0 0.689698 0.333502 0.061130 0.061130
0 0.048348 0.812197 0.062220 0.062220
0 0.164009 0.641197 0.061130 0.061130
0 0.942339 0.720120 0.062220 0.062220
0 0.768458 0.464117 0.061130 0.061130
0 0.391326 0.885320 0.052757 0.052757
0 0.337716 0.062525 0.104277 0.104277
0 0.099321 0.543458 0.061130 0.061130
0 0.070395 0.471723 0.061130 0.061130
0 0.639794 0.427985 0.062220 0.062220
0 0.249075 0.597993 0.104277 0.104277
0 0.412480 0.695866 0.071945 0.071945
0 0.943943 0.932785 0.104278 0.104278
0 0.109878 0.209661 0.052757 0.052757
0 0.553226 0.199015 0.062220 0.062220
0 0.102775 0.749584 0.061130 0.061130
0 0.916923 0.575193 0.104277 0.104277
0 0.202868 0.842120 0.057104 0.057104
0 0.095017 0.665902 0.104277 0.104277
0 0.302469 0.919736 0.062220 0.062220
0 0.867296 0.972364 0.062220 0.062220
0 0.299636 0.646530 0.104277 0.104277
0 0.278541 0.533840 0.052757 0.052757
0 0.585457 0.573528 0.062220 0.062220
0 0.005874 0.908197 0.071945 0.071945
0 0.620298 0.116866 0.071945 0.071945
0 0.248772 0.975825 0.104277 0.104277
0 0.230177 0.099994 0.052757 0.052757
0 0.727668 0.656224 0.104277 0.104277
0 0.403605 0.779782 0.057104 0.057104
0 0.023548 0.637475 0.052757 0.052757
0 0.790857 0.922863 0.071945 0.071945
0 0.641120 0.621446 0.071945 0.071945
0 0.000445 0.544535 0.061130 0.061130
0 0.359474 0.602590 0.052757 0.052757
0 0.213780 0.754037 0.057104 0.057104
0 0.605109 0.985275 0.104277 0.104277
0 0.023093 0.189696 0.057104 0.057104
0 0.123284 0.114436 0.057104 0.057104
0 0.782015 0.611593 0.061131 0.061131
0 0.914290 0.399323 0.071945 0.071945
0 0.190227 0.168792 0.062220 0.062220
0 0.763258 0.080527 0.057104 0.057104
0 0.186209 0.410153 0.062220 0.062220
0 0.515190 0.930572 0.052757 0.052757
0 0.442627 0.964799 0.104277 0.104277
0 0.746001 0.220465 0.057104 0.057104
0 0.189786 0.320342 0.061131 0.061131
0 0.754663 0.006828 0.104277 0.104277
0 0.874683 0.648590 0.071945 0.071945
0 0.823996 0.034423 0.104277 0.104277
0 0.838176 0.230681 0.052757 0.052757
0 0.117294 0.417147 0.071945 0.071945
0 0.578076 0.701345 0.057104 0.057104
0 0.847827 0.784076 0.061131 0.061131