0 0.279920 0.355101 0.062220 0.062220
0 0.625558 0.694729 0.062220 0.062220
0 0.587332 0.500705 0.062220 0.062220
0 0.363234 0.808343 0.057103 0.057103
0 0.878333 0.062877 0.104277 0.104277
0 0.613312 0.144071 0.052757 0.052757
0 0.625004 0.230620 0.104277 0.104277
0 0.971468 0.484245 0.104277 0.104277
0 0.383906 0.554992 0.052757 0.052757
0 0.930329 0.605856 0.104277 0.104277
0 0.816845 0.647830 0.071945 0.071945
0 0.222249 0.409983 0.071945 0.071945
0 0.974869 0.236987 0.062220 0.062220
0 0.343097 0.639662 0.062220 0.062220
0 0.248130 0.832644 0.071945 0.071945
0 0.604737 0.056650 0.104277 0.104277
0 0.273049 0.670298 0.104277 0.104277
0 0.076671 0.443109 0.061130 0.061130
0 0.353537 0.361163 0.061130 0.061130
0 0.333953 0.273280 0.052757 0.052757
0 0.125099 0.739461 0.104278 0.104278
0 0.953922 0.332743 0.061130 0.061130
0 0.833227 0.374617 0.057104 0.057104
0 0.738202 0.134503 0.104277 0.104277
0 0.522978 0.854226 0.062220 0.062220
0 0.494755 0.274107 0.061130 0.061130
0 0.575599 0.399565 0.062220 0.062220
0 0.770743 0.481375 0.057104 0.057104
0 0.886719 0.511466 0.104277 0.104277
0 0.680808 0.837521 0.071945 0.071945
0 0.617488 0.307775 0.057104 0.057104
0 0.382824 0.736906 0.061130 0.061130
0 0.826156 0.720795 0.071945 0.071945
0 0.435286 0.509218 0.062220 0.062220
0 0.533684 0.095430 0.052757 0.052757
0 0.633405 0.765531 0.057104 0.057104
0 0.142273 0.542696 0.062220 0.062220
0 0.654034 0.443218 0.057104 0.057104
0 0.466109 0.355319 0.061130 0.061130
0 0.597249 0.845184 0.052757 0.052757
0 0.675855 0.067598 0.061130 0.061130
0 0.899623 0.244337 0.062220 0.062220
0 0.431339 0.616350 0.062220 0.062220
0 0.852264 0.585187 0.057104 0.057104
0 0.058644 0.155617 0.062220 0.062220
0 0.927290 0.402175 0.104277 0.104277
0 0.556554 0.736545 0.050891 0.050891
0 0.209976 0.242841 0.062220 0.062220
0 0.282380 0.751980 0.104277 0.104277
0 0.426996 0.231564 0.057104 0.057104
0 0.720424 0.628851 0.062220 0.062220
0 0.795951 0.095958 0.071945 0.071945
0 0.841243 0.837917 0.057104 0.057104
0 0.217150 0.574847 0.062220 0.062220
0 0.441574 0.815567 0.052757 0.052757
0 0.489205 0.661691 0.062220 0.062220
0 0.584964 0.627610 0.104277 0.104277
0 0.939798 0.162597 0.061130 0.061130
0 0.383414 0.099033 0.057104 0.057104
0 0.092412 0.336723 0.104278 0.104278
0 0.310689 0.065413 0.071945 0.071945
0 0.211050 0.330187 0.052757 0.052757
0 0.120233 0.846314 0.071945 0.071945
0 0.029621 0.851989 0.052757 0.052757
0 0.746812 0.756788 0.061130 0.061130
0 0.750336 0.351906 0.062220 0.062220
0 0.727681 0.205762 0.071945 0.071945
0 0.885235 0.671940 0.062220 0.062220
0 0.179848 0.800086 0.057104 0.057104
0 0.249274 0.144979 0.052757 0.052757
0 0.441570 0.140871 0.071945 0.071945
0 0.143953 0.384705 0.057104 0.057104
0 0.177531 0.053383 0.057104 0.057104
0 0.458152 0.734500 0.062220 0.062220
0 0.148028 0.131205 0.104277 0.104277
0 0.756390 0.860138 0.062220 0.062220
0 0.985877 0.553581 0.062220 0.062220
0 0.860090 0.442928 0.071945 0.071945
0 0.109155 0.250730 0.104277 0.104277
0 0.099609 0.031765 0.071945 0.071945
0 0.536132 0.559630 0.104277 0.104277
0 0.109429 0.660389 0.061131 0.061131
0 0.321099 0.175764 0.052757 0.052757
0 0.980164 0.848568 0.061130 0.061130
0 0.953005 0.090061 0.050559 0.050559
0 0.767407 0.564408 0.052757 0.052757
0 0.182766 0.675484 0.057104 0.057104
0 0.922157 0.752053 0.061131 0.061131
0 0.303374 0.468332 0.057104 0.057104
0 0.024136 0.376719 0.062220 0.062220
0 0.024310 0.304284 0.057104 0.057104
0 0.694182 0.559686 0.052757 0.052757
0 0.727854 0.425072 0.061130 0.061130
0 0.016538 0.029484 0.052757 0.052757
0 0.399335 0.444416 0.104277 0.104277
0 0.059313 0.568258 0.057104 0.057104
0 0.047964 0.712265 0.061130 0.061130
0 0.812060 0.219743 0.052757 0.052757
0 0.547451 0.164408 0.104277 0.104277