0 0.201285 0.898927 0.062220 0.062220
0 0.371120 0.060323 0.062220 0.062220
0 0.120112 0.363356 0.104277 0.104277
0 0.148170 0.773312 0.057103 0.057103
0 0.954009 0.634313 0.071945 0.071945
0 0.844723 0.996403 0.057104 0.057104
0 0.841570 0.835578 0.052757 0.052757
0 0.952724 0.973841 0.061130 0.061130
0 0.325194 0.119165 0.062220 0.062220
0 0.667593 0.822881 0.061131 0.061131
0 0.471768 0.096177 0.070161 0.070161
0 0.102488 0.087789 0.104278 0.104278
0 0.352975 0.523502 0.057104 0.057104
0 0.602719 0.744188 0.062220 0.062220
0 0.895653 0.930864 0.061131 0.061131
0 0.080290 0.595450 0.104277 0.104277
0 0.944880 0.864317 0.057104 0.057104
0 0.741682 0.187374 0.071945 0.071945
0 0.261169 0.067301 0.071945 0.071945
0 0.557475 0.125930 0.062220 0.062220
0 0.574603 0.428222 0.061131 0.061131
0 0.862243 0.339273 0.061130 0.061130
0 0.887256 0.458148 0.104277 0.104277
0 0.594046 0.189766 0.104277 0.104277
0 0.002584 0.125368 0.071945 0.071945
0 0.508505 0.035401 0.061130 0.061130
0 0.099687 0.459599 0.057104 0.057104
0 0.290740 0.678633 0.057104 0.057104
0 0.048257 0.408468 0.104277 0.104277
0 0.638015 0.324692 0.071945 0.071945
0 0.409329 0.960735 0.061130 0.061130
0 0.895626 0.011594 0.061130 0.061130
0 0.323904 0.439929 0.104277 0.104277
0 0.210763 0.721068 0.052757 0.052757
0 0.014618 0.277416 0.052757 0.052757
0 0.489066 0.258993 0.104277 0.104277
0 0.589930 0.003590 0.057104 0.057104
0 0.281679 0.260777 0.062220 0.062220
0 0.700098 0.573606 0.071945 0.071945
0 0.136004 0.524098 0.057104 0.057104
0 0.293158 0.773133 0.057104 0.057104
0 0.059303 0.938674 0.057104 0.057104
0 0.301019 0.940421 0.057104 0.057104
0 0.341548 0.602462 0.052757 0.052757
0 0.412739 0.671543 0.104277 0.104277
0 0.381296 0.240654 0.062220 0.062220
0 0.713906 0.708020 0.061131 0.061131
0 0.168843 0.960027 0.052757 0.052757
0 0.188821 0.163781 0.071945 0.071945
0 0.354207 0.873520 0.104277 0.104277
0 0.489516 0.756717 0.061130 0.061130
0 0.179487 0.399565 0.052757 0.052757
0 0.225429 0.611148 0.057104 0.057104
0 0.054708 0.794166 0.071945 0.071945
0 0.572002 0.654505 0.104277 0.104277
0 0.623350 0.069229 0.062220 0.062220
0 0.784883 0.538965 0.062220 0.062220
0 0.476927 0.491868 0.062220 0.062220
0 0.803445 0.778399 0.057104 0.057104
0 0.037507 0.535316 0.052757 0.052757
0 0.667914 0.253167 0.061131 0.061131
0 0.566694 0.832831 0.062220 0.062220
0 0.571758 0.290485 0.061131 0.061131
0 0.840299 0.064689 0.071945 0.071945
0 0.926931 0.737023 0.071945 0.071945
0 0.369871 0.747241 0.061130 0.061130
0 0.531459 0.896449 0.104278 0.104278
0 0.534742 0.368648 0.052757 0.052757
0 0.614376 0.563469 0.061131 0.061131
0 0.831930 0.261011 0.057104 0.057104
0 0.439709 0.168681 0.052757 0.052757
0 0.781602 0.960620 0.062220 0.062220
0 0.686855 0.102344 0.071945 0.071945
0 0.949841 0.078219 0.052757 0.052757
0 0.588477 0.962360 0.062220 0.062220
0 0.412793 0.394063 0.104277 0.104277
0 0.191311 0.474050 0.061130 0.061130
0 0.135162 0.293966 0.104277 0.104277
0 0.097863 0.164866 0.052757 0.052757
0 0.833063 0.711447 0.052757 0.052757
0 0.620397 0.894731 0.071945 0.071945
0 0.969774 0.275587 0.071945 0.071945
0 0.318362 0.198629 0.057104 0.057104
0 0.871736 0.190158 0.062220 0.062220
0 0.200747 0.323055 0.071945 0.071945
0 0.864028 0.554604 0.057104 0.057104
0 0.431310 0.549497 0.061130 0.061130
0 0.267620 0.857843 0.057104 0.057104
0 0.698435 0.025394 0.071945 0.071945
0 0.466036 0.854529 0.104277 0.104277
0 0.194884 0.085559 0.056505 0.056505
0 0.142378 0.848192 0.104277 0.104277
0 0.797831 0.628290 0.057104 0.057104
0 0.703680 0.376311 0.104277 0.104277
0 0.660598 0.951657 0.052757 0.052757
0 0.472069 0.622410 0.061130 0.061130
0 0.770022 0.445748 0.052757 0.052757
0 0.649050 0.664431 0.071945 0.071945
0 0.938692 0.213750 0.104277 0.104277
0 0.777177 0.311292 0.071945 0.071945
0 0.791150 0.121306 0.104277 0.104277
0 0.414976 0.306912 0.057104 0.057104
0 0.189181 0.016870 0.061130 0.061130
0 0.166505 0.653269 0.062220 0.062220
0 0.517515 0.561220 0.071945 0.071945
0 0.265698 0.348211 0.057104 0.057104
0 0.066316 0.712124 0.052757 0.052757
0 0.993933 0.374492 0.104277 0.104277
0 0.013567 0.637581 0.062220 0.062220
0 0.657579 0.435448 0.052757 0.052757
0 0.952014 0.552602 0.062220 0.062220
0 0.749407 0.838040 0.061131 0.061131