0 0.547092 0.705727 0.104277 0.104277
0 0.503544 0.493736 0.061130 0.061130
0 0.219552 0.913255 0.104278 0.104278
0 0.906489 0.455445 0.052757 0.052757
0 0.436637 0.354065 0.104277 0.104277
0 0.498463 0.263017 0.071945 0.071945
0 0.697382 0.703403 0.062220 0.062220
0 0.650276 0.248627 0.071945 0.071945
0 0.729029 0.455485 0.104277 0.104277
0 0.404315 0.455634 0.052757 0.052757
0 0.806893 0.502010 0.071945 0.071945
0 0.733662 0.138930 0.061131 0.061131
0 0.442346 0.126118 0.104277 0.104277
0 0.950832 0.126402 0.104277 0.104277
0 0.541216 0.620542 0.057104 0.057104
0 0.312409 0.298574 0.062220 0.062220
0 0.577078 0.807178 0.051819 0.051819
0 0.570418 0.062089 0.052757 0.052757
0 0.223244 0.483733 0.104277 0.104277
0 0.481222 0.420273 0.061131 0.061131
0 0.757226 0.750891 0.052757 0.052757
0 0.514356 0.172614 0.057104 0.057104
0 0.014098 0.023728 0.071945 0.071945
0 0.818502 0.699406 0.057103 0.057103
0 0.565438 0.380768 0.052757 0.052757
0 0.061346 0.086167 0.061130 0.061130
0 0.833495 0.116570 0.104277 0.104277
0 0.239480 0.210122 0.052757 0.052757
0 0.621645 0.316728 0.057104 0.057104
0 0.734118 0.538739 0.036679 0.036679
0 0.169398 0.824693 0.052757 0.052757
0 0.853156 0.816746 0.104277 0.104277
0 0.952107 0.230296 0.062221 0.062221
0 0.567880 0.469350 0.057104 0.057104
0 0.652919 0.877522 0.104277 0.104277
0 0.306680 0.146031 0.052757 0.052757
0 0.648056 0.804229 0.071945 0.071945
0 0.079796 0.295464 0.057104 0.057104
0 0.953737 0.035784 0.071945 0.071945
0 0.890652 0.265925 0.052757 0.052757
0 0.877758 0.333787 0.104277 0.104277
0 0.302648 0.421983 0.071945 0.071945
0 0.354527 0.816938 0.052757 0.052757
0 0.783396 0.357419 0.104277 0.104277
0 0.411743 0.228314 0.071945 0.071945
0 0.950487 0.831614 0.061131 0.061131
0 0.569374 0.964151 0.054783 0.054783
0 0.874301 0.524894 0.062220 0.062220
0 0.736926 0.898063 0.057103 0.057103
0 0.320600 0.737569 0.071945 0.071945
0 0.094277 0.943166 0.061130 0.061130
0 0.831232 0.964884 0.061131 0.061131
0 0.417756 0.972819 0.057104 0.057104
0 0.782410 0.832765 0.061131 0.061131
0 0.373867 0.388432 0.057104 0.057104
0 0.730323 0.299127 0.061130 0.061130
0 0.088973 0.777822 0.062220 0.062220
0 0.204634 0.606822 0.061130 0.061130
0 0.982964 0.685745 0.062220 0.062220
0 0.809083 0.429742 0.061130 0.061130
0 0.431951 0.850945 0.052757 0.052757
0 0.378341 0.028150 0.104277 0.104277
0 0.139946 0.509083 0.061130 0.061130
0 0.111020 0.437348 0.061130 0.061130
0 0.680419 0.393610 0.062220 0.062220
0 0.289700 0.563618 0.104277 0.104277
0 0.453105 0.661491 0.071945 0.071945
0 0.984568 0.898410 0.104278 0.104278
0 0.150503 0.175286 0.052757 0.052757
0 0.593851 0.164640 0.062220 0.062220
0 0.143400 0.715209 0.061130 0.061130
0 0.957548 0.540818 0.104277 0.104277
0 0.243493 0.807745 0.057104 0.057104
0 0.135642 0.631527 0.104277 0.104277
0 0.343094 0.885361 0.062220 0.062220
0 0.907921 0.937989 0.062220 0.062220
0 0.340261 0.612155 0.104277 0.104277
0 0.319166 0.499465 0.052757 0.052757
0 0.626082 0.539153 0.062220 0.062220
0 0.031525 0.372952 0.071945 0.071945
0 0.046499 0.873822 0.071945 0.071945
0 0.660923 0.082491 0.071945 0.071945
0 0.289397 0.941450 0.104277 0.104277
0 0.270802 0.065619 0.052757 0.052757
0 0.768293 0.621849 0.104277 0.104277
0 0.444230 0.745407 0.057104 0.057104
0 0.064173 0.603100 0.052757 0.052757
0 0.831482 0.888488 0.071945 0.071945
0 0.681745 0.587071 0.071945 0.071945
0 0.041070 0.510160 0.061130 0.061130
0 0.400099 0.568215 0.052757 0.052757
0 0.254405 0.719662 0.057104 0.057104
0 0.645734 0.950900 0.104277 0.104277
0 0.063718 0.155321 0.057104 0.057104
0 0.163909 0.080061 0.057104 0.057104
0 0.037974 0.670126 0.061130 0.061130
0 0.822640 0.577218 0.061131 0.061131
0 0.954915 0.364948 0.071945 0.071945
0 0.710277 0.995098 0.057104 0.057104
0 0.027826 0.229786 0.048997 0.048997
0 0.230852 0.134417 0.062220 0.062220
0 0.803883 0.046152 0.057104 0.057104
0 0.226834 0.375778 0.062220 0.062220
0 0.555815 0.896197 0.052757 0.052757
0 0.483252 0.930424 0.104277 0.104277
0 0.786626 0.186090 0.057104 0.057104
0 0.230411 0.285967 0.061131 0.061131
0 0.173534 0.983169 0.071945 0.071945
0 0.915308 0.614215 0.071945 0.071945
0 0.864621 0.000048 0.104277 0.104277
0 0.878801 0.196306 0.052757 0.052757
0 0.157919 0.382772 0.071945 0.071945
0 0.618701 0.666970 0.057104 0.057104
0 0.888452 0.749701 0.061131 0.061131