0 0.470035 0.755177 0.062220 0.062220
0 0.394592 0.982393 0.052757 0.052757
0 0.388862 0.219606 0.104277 0.104277
0 0.416920 0.629562 0.057103 0.057103
0 0.585973 0.876853 0.071945 0.071945
0 0.050520 0.602848 0.104277 0.104277
0 0.633221 0.939292 0.061130 0.061130
0 0.188266 0.675207 0.052757 0.052757
0 0.936343 0.679131 0.061131 0.061131
0 0.878555 0.999156 0.052757 0.052757
0 0.621725 0.379752 0.057104 0.057104
0 0.871469 0.600438 0.062220 0.062220
0 0.349040 0.451700 0.104277 0.104277
0 0.333082 0.893887 0.071945 0.071945
0 0.262837 0.886802 0.057104 0.057104
0 0.843353 0.284472 0.061131 0.061131
0 0.157801 0.384759 0.104277 0.104277
0 0.862796 0.046016 0.104277 0.104277
0 0.368437 0.315849 0.057104 0.057104
0 0.015636 0.406590 0.062220 0.062220
0 0.027301 0.296812 0.062220 0.062220
0 0.559490 0.534883 0.057104 0.057104
0 0.317007 0.264718 0.104277 0.104277
0 0.906765 0.180942 0.071945 0.071945
0 0.088946 0.443111 0.062220 0.062220
0 0.678079 0.816985 0.061130 0.061130
0 0.592654 0.296179 0.104277 0.104277
0 0.479513 0.577318 0.052757 0.052757
0 0.283368 0.133666 0.052757 0.052757
0 0.757816 0.115243 0.104277 0.104277
0 0.550429 0.117027 0.062220 0.062220
0 0.232688 0.600660 0.062220 0.062220
0 0.968848 0.429856 0.071945 0.071945
0 0.950216 0.881275 0.104277 0.104277
0 0.136179 0.059244 0.062220 0.062220
0 0.404754 0.380348 0.057104 0.057104
0 0.561908 0.629383 0.057104 0.057104
0 0.328053 0.794924 0.057104 0.057104
0 0.569769 0.796671 0.057104 0.057104
0 0.235408 0.972053 0.057104 0.057104
0 0.610298 0.458712 0.052757 0.052757
0 0.681489 0.527793 0.104277 0.104277
0 0.650046 0.096904 0.062220 0.062220
0 0.438335 0.911008 0.104277 0.104277
0 0.081637 0.175135 0.061130 0.061130
0 0.020953 0.741111 0.062220 0.062220
0 0.242892 0.804307 0.052757 0.052757
0 0.982656 0.564270 0.061131 0.061131
0 0.437593 0.816277 0.052757 0.052757
0 0.254504 0.735598 0.061130 0.061130
0 0.457571 0.020031 0.071945 0.071945
0 0.622957 0.729770 0.104277 0.104277
0 0.758266 0.612967 0.061130 0.061130
0 0.448237 0.255815 0.052757 0.052757
0 0.494179 0.467398 0.057104 0.057104
0 0.323458 0.650416 0.071945 0.071945
0 0.840752 0.510755 0.104277 0.104277
0 0.745677 0.348118 0.062220 0.062220
0 0.149048 0.143726 0.061130 0.061130
0 0.018222 0.122984 0.061130 0.061130
0 0.528345 0.979047 0.062220 0.062220
0 0.306257 0.391566 0.052757 0.052757
0 0.936664 0.109417 0.061131 0.061131
0 0.842677 0.918744 0.052757 0.052757
0 0.835444 0.689081 0.062220 0.062220
0 0.227162 0.083125 0.071945 0.071945
0 0.840508 0.146735 0.061131 0.061131
0 0.102619 0.512767 0.057104 0.057104
0 0.638621 0.603491 0.061130 0.061130
0 0.166149 0.255777 0.057104 0.057104
0 0.800209 0.752699 0.104278 0.104278
0 0.803492 0.224898 0.052757 0.052757
0 0.883126 0.419719 0.061131 0.061131
0 0.180655 0.763743 0.061130 0.061130
0 0.708459 0.024931 0.052757 0.052757
0 0.147267 0.600929 0.062220 0.062220
0 0.325085 0.999539 0.057104 0.057104
0 0.127281 0.941713 0.104277 0.104277
0 0.857227 0.818610 0.062220 0.062220
0 0.735784 0.933186 0.057104 0.057104
0 0.681543 0.250313 0.104277 0.104277
0 0.460061 0.330300 0.061130 0.061130
0 0.403912 0.150216 0.104277 0.104277
0 0.366613 0.021116 0.052757 0.052757
0 0.889147 0.750981 0.071945 0.071945
0 0.170672 0.522994 0.057104 0.057104
0 0.802727 0.987542 0.062220 0.062220
0 0.587112 0.054879 0.057104 0.057104
0 0.026205 0.888305 0.104277 0.104277
0 0.469497 0.179305 0.071945 0.071945
0 0.029040 0.530343 0.052757 0.052757
0 0.700060 0.405747 0.061130 0.061130
0 0.536370 0.714093 0.057104 0.057104
0 0.734786 0.710779 0.104277 0.104277
0 0.411128 0.704442 0.104277 0.104277
0 0.972430 0.232561 0.104277 0.104277
0 0.929348 0.807907 0.052757 0.052757
0 0.740819 0.478660 0.061130 0.061130
0 0.102653 0.303455 0.062220 0.062220
0 0.917800 0.520681 0.071945 0.071945
0 0.683726 0.163162 0.057104 0.057104
0 0.435255 0.509519 0.062220 0.062220
0 0.786265 0.417470 0.071945 0.071945
0 0.064587 0.678315 0.071945 0.071945
0 0.534448 0.204461 0.057104 0.057104
0 0.133437 0.865250 0.061130 0.061130
0 0.216525 0.432675 0.104277 0.104277
0 0.194748 0.017341 0.057104 0.057104
0 0.335066 0.568374 0.052757 0.052757
0 0.221927 0.312970 0.057104 0.057104
0 0.517502 0.901155 0.057104 0.057104
0 0.282317 0.493831 0.062220 0.062220
0 0.926329 0.291698 0.052757 0.052757
0 0.101459 0.801440 0.062220 0.062220