0 0.243458 0.231863 0.052757 0.052757
0 0.857062 0.994071 0.052757 0.052757
0 0.709104 0.628078 0.061130 0.061130
0 0.848487 0.906650 0.104277 0.104277
0 0.930844 0.838448 0.104277 0.104277
0 0.855011 0.807508 0.061130 0.061130
0 0.719072 0.392412 0.057104 0.057104
0 0.213934 0.716042 0.062220 0.062220
0 0.762082 0.705465 0.104277 0.104277
0 0.794931 0.179061 0.057104 0.057104
0 0.981952 0.984503 0.104277 0.104277
0 0.209293 0.302108 0.062220 0.062220
0 0.434539 0.834799 0.061130 0.061130
0 0.421963 0.373265 0.071945 0.071945
0 0.237010 0.953411 0.104278 0.104278
0 0.560568 0.477787 0.104277 0.104277
0 0.480999 0.546711 0.052757 0.052757
0 0.703954 0.546948 0.104277 0.104277
0 0.777434 0.945430 0.052757 0.052757
0 0.393567 0.540909 0.052757 0.052757
0 0.639909 0.629005 0.052757 0.052757
0 0.919605 0.917598 0.061130 0.061130
0 0.594436 0.848149 0.104278 0.104278
0 0.661285 0.826540 0.052757 0.052757
0 0.941152 0.505666 0.061130 0.061130
0 0.832505 0.404508 0.071945 0.071945
0 0.999154 0.620204 0.052757 0.052757
0 0.206921 0.395278 0.052757 0.052757
0 0.352514 0.103383 0.071945 0.071945
0 0.542338 0.286012 0.061130 0.061130
0 0.345580 0.032927 0.071945 0.071945
0 0.841253 0.127694 0.071945 0.071945
0 0.821409 0.572801 0.061130 0.061130
0 0.792078 0.489136 0.062220 0.062220
0 0.935848 0.340322 0.062220 0.062220
0 0.260380 0.637313 0.061130 0.061130
0 0.841447 0.735102 0.052757 0.052757
0 0.991621 0.771387 0.057104 0.057104
0 0.627164 0.949033 0.057104 0.057104
0 0.495206 0.435790 0.104277 0.104277
0 0.986821 0.071583 0.061130 0.061130
0 0.554439 0.915413 0.071945 0.071945
0 0.493024 0.994979 0.052757 0.052757
0 0.685320 0.990871 0.071945 0.071945
0 0.990275 0.277709 0.061130 0.061130
0 0.552538 0.011635 0.071945 0.071945
0 0.982517 0.194027 0.104277 0.104277
0 0.421281 0.903383 0.057104 0.057104
0 0.391778 0.981205 0.104277 0.104277
0 0.503789 0.093860 0.052757 0.052757
0 0.347425 0.433491 0.052757 0.052757
0 0.244794 0.154199 0.104278 0.104278
0 0.932728 0.582301 0.104277 0.104277
0 0.893374 0.436322 0.071945 0.071945
0 0.435516 0.287448 0.104277 0.104277
0 0.343359 0.881765 0.071945 0.071945
0 0.634440 0.500389 0.071945 0.071945
0 0.774312 0.344486 0.050932 0.050932
0 0.217528 0.823006 0.057104 0.057104
0 0.911048 0.165600 0.052757 0.052757
0 0.386423 0.198318 0.057104 0.057104
0 0.677185 0.112491 0.071945 0.071945
0 0.887945 0.072660 0.061130 0.061130
0 0.463547 0.037119 0.062220 0.062220
0 0.634769 0.399122 0.071945 0.071945
0 0.542406 0.162293 0.104277 0.104277
0 0.313629 0.520701 0.104277 0.104277
0 0.324735 0.774768 0.057104 0.057104
0 0.884849 0.232626 0.061130 0.061130
0 0.747214 0.075785 0.071945 0.071945
0 0.507737 0.763404 0.104277 0.104277
0 0.557880 0.607639 0.104277 0.104277
0 0.341503 0.263035 0.062220 0.062220
0 0.945504 0.716942 0.104277 0.104277
0 0.548386 0.383941 0.052757 0.052757
0 0.845641 0.329311 0.062220 0.062220
0 0.641396 0.307215 0.062220 0.062220
0 0.463553 0.682416 0.052757 0.052757
0 0.342782 0.597205 0.104277 0.104277
0 0.432442 0.755052 0.061130 0.061130
0 0.281287 0.359104 0.057104 0.057104
0 0.555785 0.698002 0.062220 0.062220
0 0.622295 0.733044 0.071945 0.071945
0 0.851402 0.656698 0.061130 0.061130
0 0.491164 0.217220 0.071945 0.071945
0 0.260288 0.879484 0.052757 0.052757
0 0.586249 0.222189 0.047555 0.047555
0 0.720349 0.246985 0.052757 0.052757
0 0.751917 0.844148 0.104277 0.104277
0 0.232889 0.539936 0.071945 0.071945
0 0.525468 0.839420 0.052757 0.052757
0 0.350766 0.345990 0.057103 0.057103
0 0.716069 0.465090 0.071945 0.071945
0 0.334477 0.668547 0.104277 0.104277
0 0.800299 0.254866 0.071945 0.071945
0 0.247431 0.050453 0.062220 0.062220