0 0.213058 0.788479 0.062220 0.062220
0 0.174832 0.594455 0.062220 0.062220
0 0.664220 0.311282 0.071945 0.071945
0 0.865764 0.921933 0.052757 0.052757
0 0.939341 0.279261 0.071945 0.071945
0 0.465833 0.156627 0.104277 0.104277
0 0.971469 0.394631 0.052757 0.052757
0 0.672904 0.681614 0.061130 0.061130
0 0.708618 0.067599 0.061130 0.061130
0 0.200812 0.237821 0.052757 0.052757
0 0.735031 0.789706 0.104277 0.104277
0 0.212504 0.324370 0.104277 0.104277
0 0.558968 0.577995 0.104277 0.104277
0 0.517829 0.699606 0.104277 0.104277
0 0.404345 0.741580 0.071945 0.071945
0 0.881562 0.029475 0.071945 0.071945
0 0.448686 0.001537 0.052757 0.052757
0 0.562369 0.330737 0.062220 0.062220
0 0.192237 0.150400 0.104277 0.104277
0 0.524993 0.076672 0.071945 0.071945
0 0.274594 0.082198 0.104277 0.104277
0 0.991784 0.640915 0.104277 0.104277
0 0.198761 0.051258 0.061130 0.061130
0 0.587722 0.502995 0.057104 0.057104
0 0.960270 0.148333 0.104277 0.104277
0 0.597846 0.857605 0.062220 0.062220
0 0.656069 0.485431 0.104277 0.104277
0 0.813731 0.782623 0.062220 0.062220
0 0.541422 0.426493 0.061130 0.061130
0 0.420727 0.468367 0.057104 0.057104
0 0.325702 0.228253 0.104277 0.104277
0 0.110478 0.947976 0.062220 0.062220
0 0.082255 0.367857 0.061130 0.061130
0 0.163099 0.493315 0.062220 0.062220
0 0.816461 0.387693 0.052757 0.052757
0 0.963469 0.018615 0.062220 0.062220
0 0.358243 0.575125 0.057104 0.057104
0 0.474219 0.605216 0.104277 0.104277
0 0.268308 0.931271 0.071945 0.071945
0 0.204988 0.401525 0.057104 0.057104
0 0.935204 0.775443 0.062220 0.062220
0 0.783678 0.574561 0.071945 0.071945
0 0.413656 0.814545 0.071945 0.071945
0 0.022786 0.602968 0.062220 0.062220
0 0.121184 0.189180 0.052757 0.052757
0 0.993682 0.489570 0.102474 0.102474
0 0.220905 0.859281 0.057104 0.057104
0 0.602866 0.152961 0.052757 0.052757
0 0.888018 0.481745 0.104277 0.104277
0 0.241534 0.536968 0.057104 0.057104
0 0.412890 0.075716 0.104277 0.104277
0 0.565524 0.018966 0.052757 0.052757
0 0.936421 0.946484 0.104277 0.104277
0 0.053609 0.449069 0.061130 0.061130
0 0.896842 0.215537 0.062220 0.062220
0 0.740529 0.291087 0.061131 0.061131
0 0.184749 0.938934 0.052757 0.052757
0 0.263355 0.161348 0.061130 0.061130
0 0.698922 0.219538 0.071945 0.071945
0 0.487123 0.338087 0.062220 0.062220
0 0.005035 0.070290 0.052757 0.052757
0 0.702068 0.542398 0.057104 0.057104
0 0.018839 0.710100 0.062220 0.062220
0 0.439764 0.678937 0.057104 0.057104
0 0.514790 0.495925 0.104277 0.104277
0 0.144054 0.830295 0.050891 0.050891
0 0.014496 0.325314 0.057104 0.057104
0 0.307924 0.722601 0.062220 0.062220
0 0.383451 0.189708 0.071945 0.071945
0 0.428743 0.931667 0.057104 0.057104
0 0.029074 0.909317 0.052757 0.052757
0 0.842672 0.848376 0.062220 0.062220
0 0.817752 0.296809 0.052757 0.052757
0 0.076705 0.755441 0.062220 0.062220
0 0.172464 0.721360 0.104277 0.104277
0 0.527298 0.256347 0.061130 0.061130
0 0.335371 0.015137 0.057104 0.057104
0 0.797423 0.946947 0.052757 0.052757
0 0.800861 0.503919 0.062220 0.062220
0 0.334312 0.850538 0.061130 0.061130
0 0.745284 0.683678 0.104277 0.104277
0 0.337836 0.445656 0.062220 0.062220
0 0.315181 0.299512 0.071945 0.071945
0 0.472735 0.765690 0.062220 0.062220
0 0.029070 0.234621 0.071945 0.071945
0 0.657279 0.911408 0.052757 0.052757
0 0.045652 0.828250 0.062220 0.062220
0 0.929266 0.873344 0.052757 0.052757
0 0.343890 0.953888 0.062220 0.062220
0 0.573377 0.647331 0.062220 0.062220
0 0.895378 0.110570 0.052757 0.052757
0 0.447590 0.536678 0.071945 0.071945
0 0.807425 0.162434 0.052757 0.052757
0 0.748901 0.859238 0.061131 0.061131
0 0.626962 0.228821 0.057104 0.057104
0 0.123632 0.653380 0.104277 0.104277
0 0.724226 0.609400 0.104277 0.104277
0 0.998342 0.746511 0.052757 0.052757
0 0.894447 0.388870 0.055027 0.055027
0 0.685138 0.417783 0.062220 0.062220
0 0.567664 0.942318 0.061130 0.061130
0 0.712882 0.960453 0.062220 0.062220
0 0.540505 0.183811 0.050559 0.050559
0 0.834727 0.681946 0.052757 0.052757
0 0.669644 0.126590 0.061130 0.061130
0 0.354907 0.658158 0.052757 0.052757
0 0.641128 0.574746 0.071945 0.071945
0 0.509657 0.845803 0.061131 0.061131
0 0.797715 0.041515 0.071945 0.071945
0 0.757177 0.430593 0.104277 0.104277
0 0.921187 0.574850 0.061130 0.061130
0 0.599678 0.774856 0.104277 0.104277
0 0.281682 0.653436 0.052757 0.052757
0 0.315354 0.518822 0.061130 0.061130
0 0.095667 0.087898 0.104277 0.104277
0 0.399560 0.313493 0.052757 0.052757
0 0.134951 0.258158 0.104277 0.104277