0 0.536745 0.185323 0.062220 0.062220
0 0.285737 0.488356 0.104277 0.104277
0 0.313795 0.898312 0.057103 0.057103
0 0.085141 0.943957 0.052757 0.052757
0 0.490819 0.244165 0.062220 0.062220
0 0.833218 0.947881 0.061131 0.061131
0 0.637393 0.221177 0.070161 0.070161
0 0.268113 0.212789 0.104278 0.104278
0 0.518600 0.648502 0.057104 0.057104
0 0.768344 0.869188 0.062220 0.062220
0 0.245915 0.720450 0.104277 0.104277
0 0.907307 0.312374 0.071945 0.071945
0 0.426794 0.192301 0.071945 0.071945
0 0.723100 0.250930 0.062220 0.062220
0 0.740228 0.553222 0.061131 0.061131
0 0.054676 0.653509 0.104277 0.104277
0 0.759671 0.314766 0.104277 0.104277
0 0.168209 0.250368 0.071945 0.071945
0 0.674130 0.160401 0.061130 0.061130
0 0.265312 0.584599 0.057104 0.057104
0 0.387015 0.043642 0.071945 0.071945
0 0.456365 0.803633 0.057104 0.057104
0 0.213882 0.533468 0.104277 0.104277
0 0.803640 0.449692 0.071945 0.071945
0 0.137560 0.058423 0.104277 0.104277
0 0.264781 0.095080 0.057104 0.057104
0 0.489529 0.564929 0.104277 0.104277
0 0.867856 0.046206 0.071945 0.071945
0 0.376388 0.846068 0.052757 0.052757
0 0.180243 0.402416 0.052757 0.052757
0 0.654691 0.383993 0.104277 0.104277
0 0.755555 0.128590 0.057104 0.057104
0 0.447304 0.385777 0.062220 0.062220
0 0.129563 0.869410 0.062220 0.062220
0 0.865723 0.698606 0.071945 0.071945
0 0.033054 0.327994 0.062220 0.062220
0 0.301629 0.649098 0.057104 0.057104
0 0.458783 0.898133 0.057104 0.057104
0 0.726027 0.030721 0.071945 0.071945
0 0.615482 0.090903 0.071945 0.071945
0 0.507173 0.727462 0.052757 0.052757
0 0.578364 0.796543 0.104277 0.104277
0 0.546921 0.365654 0.062220 0.062220
0 0.477124 0.025957 0.052757 0.052757
0 0.879531 0.833020 0.061131 0.061131
0 0.354446 0.288781 0.071945 0.071945
0 0.519832 0.998520 0.104277 0.104277
0 0.655141 0.881717 0.061130 0.061130
0 0.345112 0.524565 0.052757 0.052757
0 0.391054 0.736148 0.057104 0.057104
0 0.220333 0.919166 0.071945 0.071945
0 0.737627 0.779505 0.104277 0.104277
0 0.788975 0.194229 0.062220 0.062220
0 0.950508 0.663965 0.062220 0.062220
0 0.059375 0.054563 0.057104 0.057104
0 0.642552 0.616868 0.062220 0.062220
0 0.969070 0.903399 0.057104 0.057104
0 0.045923 0.412476 0.061130 0.061130
0 0.203132 0.660316 0.052757 0.052757
0 0.532721 0.081068 0.052757 0.052757
0 0.833539 0.378167 0.061131 0.061131
0 0.732319 0.957831 0.062220 0.062220
0 0.124037 0.351875 0.071945 0.071945
0 0.737383 0.415485 0.061131 0.061131
0 0.085951 0.131235 0.104277 0.104277
0 0.535496 0.872241 0.061130 0.061130
0 0.063024 0.524527 0.057104 0.057104
0 0.226848 0.033979 0.062220 0.062220
0 0.700367 0.493648 0.052757 0.052757
0 0.780001 0.688469 0.061131 0.061131
0 0.997555 0.386011 0.057104 0.057104
0 0.605334 0.293681 0.052757 0.052757
0 0.044142 0.869679 0.062220 0.062220
0 0.852480 0.227344 0.071945 0.071945
0 0.933654 0.089347 0.071945 0.071945
0 0.578418 0.519063 0.104277 0.104277
0 0.356936 0.599050 0.061130 0.061130
0 0.300787 0.418966 0.104277 0.104277
0 0.263488 0.289866 0.052757 0.052757
0 0.998688 0.836447 0.052757 0.052757
0 0.067547 0.791744 0.057104 0.057104
0 0.483987 0.323629 0.057104 0.057104
0 0.366372 0.448055 0.071945 0.071945
0 0.442516 0.088492 0.104277 0.104277
0 0.596935 0.674497 0.061130 0.061130
0 0.433245 0.982843 0.057104 0.057104
0 0.864060 0.150394 0.071945 0.071945
0 0.631661 0.979529 0.104277 0.104277
0 0.360509 0.210559 0.056505 0.056505
0 0.308003 0.973192 0.104277 0.104277
0 0.963456 0.753290 0.057104 0.057104
0 0.869305 0.501311 0.104277 0.104277
0 0.637694 0.747410 0.061130 0.061130
0 0.935647 0.570748 0.052757 0.052757
0 0.814675 0.789431 0.071945 0.071945
0 0.942802 0.436292 0.071945 0.071945
0 0.956775 0.246306 0.104277 0.104277
0 0.580601 0.431912 0.057104 0.057104
0 0.354806 0.141870 0.061130 0.061130
0 0.332130 0.778269 0.062220 0.062220
0 0.683140 0.686220 0.071945 0.071945
0 0.687707 0.091955 0.057103 0.057103
0 0.431323 0.473211 0.057104 0.057104
0 0.154360 0.165672 0.062220 0.062220
0 0.113400 0.701425 0.104277 0.104277
0 0.091623 0.286091 0.057104 0.057104
0 0.231941 0.837124 0.052757 0.052757
0 0.118802 0.581720 0.057104 0.057104
0 0.179192 0.762581 0.062220 0.062220
0 0.823204 0.560448 0.052757 0.052757
0 0.915032 0.963040 0.061131 0.061131