0 0.765380 0.541117 0.071945 0.071945
0 0.664114 0.655394 0.062220 0.062220
0 0.797092 0.653341 0.057104 0.057104
0 0.829903 0.578649 0.052757 0.052757
0 0.713689 0.918821 0.057104 0.057104
0 0.641849 0.770304 0.104277 0.104277
0 0.627043 0.960780 0.061131 0.061131
0 0.896152 0.074793 0.061130 0.061130
0 0.866581 0.212006 0.061130 0.061130
0 0.476368 0.088462 0.052757 0.052757
0 0.569581 0.035536 0.052757 0.052757
0 0.636851 0.584687 0.052757 0.052757
0 0.510259 0.884313 0.071945 0.071945
0 0.727268 0.784592 0.062220 0.062220
0 0.785425 0.905843 0.071945 0.071945
0 0.867222 0.676384 0.071945 0.071945
0 0.028018 0.346177 0.070161 0.070161
0 0.790380 0.000030 0.104277 0.104277
0 0.729010 0.604997 0.071945 0.071945
0 0.381392 0.004770 0.062220 0.062220
0 0.158969 0.994188 0.062220 0.062220
0 0.897523 0.439733 0.061131 0.061131
0 0.916157 0.614597 0.071945 0.071945
0 0.297932 0.437374 0.071945 0.071945
0 0.579331 0.344750 0.061130 0.061130
0 0.395591 0.124752 0.062220 0.062220
0 0.113725 0.375930 0.062220 0.062220
0 0.568044 0.708122 0.071945 0.071945
0 0.130853 0.678222 0.061131 0.061131
0 0.418493 0.589273 0.061130 0.061130
0 0.928723 0.537960 0.071945 0.071945
0 0.443506 0.708148 0.104277 0.104277
0 0.150296 0.439766 0.104277 0.104277
0 0.325491 0.092157 0.052757 0.052757
0 0.064755 0.285401 0.061130 0.061130
0 0.194265 0.574692 0.071945 0.071945
0 0.567422 0.839825 0.104277 0.104277
0 0.859510 0.783525 0.104278 0.104278
0 0.451876 0.261594 0.061130 0.061130
0 0.548430 0.240695 0.057104 0.057104
0 0.258481 0.171206 0.071945 0.071945
0 0.045316 0.508993 0.104277 0.104277
0 0.808861 0.353029 0.057104 0.057104
0 0.146180 0.253590 0.057104 0.057104
0 0.146936 0.056446 0.061131 0.061131
0 0.256348 0.823606 0.071945 0.071945
0 0.456375 0.012074 0.057104 0.057104
0 0.611542 0.188647 0.062220 0.062220
0 0.116652 0.155721 0.071945 0.071945
0 0.006107 0.215903 0.071945 0.071945
0 0.270156 0.958020 0.061131 0.061131
0 0.128252 0.904505 0.104277 0.104277
0 0.664015 0.445967 0.062220 0.062220
0 0.243771 0.073735 0.052757 0.052757
0 0.627590 0.507534 0.062220 0.062220
0 0.179600 0.319229 0.062220 0.062220
0 0.341133 0.788965 0.062220 0.062220
0 0.724786 0.038750 0.071945 0.071945
0 0.033177 0.741868 0.062220 0.062220
0 0.449285 0.178882 0.061131 0.061131
0 0.224164 0.503167 0.061131 0.061131
0 0.840065 0.130282 0.104278 0.104278
0 0.128008 0.540485 0.061131 0.061131
0 0.396549 0.314689 0.071945 0.071945
0 0.308014 0.011950 0.062220 0.062220
0 0.000963 0.116285 0.057104 0.057104
0 0.483181 0.987023 0.071945 0.071945
0 0.911229 0.315027 0.061131 0.061131
0 0.090992 0.618648 0.052757 0.052757
0 0.170626 0.813469 0.061131 0.061131
0 0.589742 0.434681 0.052757 0.052757
0 0.388180 0.511011 0.057104 0.057104
0 0.689283 0.178074 0.052757 0.052757
0 0.243105 0.352344 0.071945 0.071945
0 0.900953 0.865567 0.057104 0.057104
0 0.781893 0.835687 0.057104 0.057104
0 0.506091 0.328219 0.052757 0.052757
0 0.639263 0.859573 0.052757 0.052757
0 0.324279 0.214347 0.071945 0.071945
0 0.757136 0.119552 0.062220 0.062220
0 0.059733 0.002877 0.104277 0.104277
0 0.389313 0.961447 0.052757 0.052757
0 0.526024 0.525587 0.071945 0.071945
0 0.427986 0.440158 0.062220 0.062220
0 0.626702 0.080333 0.071945 0.071945
0 0.759441 0.235589 0.052559 0.052559
0 0.420278 0.804604 0.057104 0.057104
0 0.254685 0.275394 0.071945 0.071945
0 0.802115 0.471946 0.062220 0.062220
0 0.354081 0.878290 0.057104 0.057104
0 0.259930 0.626311 0.104277 0.104277
0 0.028319 0.872410 0.061130 0.061130
0 0.326272 0.695748 0.052757 0.052757
0 0.205300 0.914431 0.071945 0.071945
0 0.494942 0.463750 0.104277 0.104277
0 0.333427 0.561292 0.071945 0.071945
0 0.347400 0.371306 0.104277 0.104277
0 0.881655 0.969032 0.061130 0.061130
0 0.073765 0.811220 0.071945 0.071945
0 0.078332 0.216955 0.057103 0.057103
0 0.706367 0.315395 0.071945 0.071945
0 0.862244 0.506174 0.104278 0.104278
0 0.550183 0.624492 0.104277 0.104277
0 0.231049 0.003299 0.057104 0.057104
0 0.606960 0.279185 0.052757 0.052757
0 0.213829 0.685448 0.052757 0.052757
0 0.508264 0.802602 0.062220 0.062220
0 0.559656 0.128527 0.061131 0.061131
0 0.629373 0.001942 0.062220 0.062220