0 0.928342 0.761977 0.104277 0.104277
0 0.884794 0.549986 0.061130 0.061130
0 0.600802 0.969505 0.104278 0.104278
0 0.817887 0.410315 0.104277 0.104277
0 0.879713 0.319267 0.071945 0.071945
0 0.785565 0.511884 0.052757 0.052757
0 0.823596 0.182368 0.104277 0.104277
0 0.329761 0.464981 0.052757 0.052757
0 0.922466 0.676792 0.057104 0.057104
0 0.693659 0.354824 0.062220 0.062220
0 0.958328 0.863428 0.051819 0.051819
0 0.253447 0.886162 0.057104 0.057104
0 0.951668 0.118339 0.052757 0.052757
0 0.604494 0.539983 0.104277 0.104277
0 0.203967 0.185518 0.052757 0.052757
0 0.862472 0.476523 0.061131 0.061131
0 0.329306 0.672811 0.057104 0.057104
0 0.895606 0.228864 0.057104 0.057104
0 0.395348 0.079978 0.071945 0.071945
0 0.946688 0.437018 0.052757 0.052757
0 0.442596 0.142417 0.061130 0.061130
0 0.620730 0.266372 0.052757 0.052757
0 0.922848 0.055778 0.057104 0.057104
0 0.550648 0.880943 0.052757 0.052757
0 0.094943 0.971537 0.104277 0.104277
0 0.374115 0.355457 0.057104 0.057104
0 0.949130 0.525600 0.057104 0.057104
0 0.687930 0.202281 0.052757 0.052757
0 0.461046 0.351714 0.057104 0.057104
0 0.683898 0.478233 0.071945 0.071945
0 0.735777 0.873188 0.052757 0.052757
0 0.792993 0.284564 0.071945 0.071945
0 0.142457 0.097012 0.071945 0.071945
0 0.072212 0.089927 0.057104 0.057104
0 0.340265 0.255919 0.057104 0.057104
0 0.701850 0.793819 0.071945 0.071945
0 0.475527 0.999416 0.061130 0.061130
0 0.366880 0.898258 0.071945 0.071945
0 0.755117 0.444682 0.057104 0.057104
0 0.076713 0.779762 0.061130 0.061130
0 0.487454 0.020110 0.061130 0.061130
0 0.375628 0.621444 0.071945 0.071945
0 0.326453 0.982886 0.062220 0.062220
0 0.470223 0.834072 0.062220 0.062220
0 0.585884 0.663072 0.061130 0.061130
0 0.813201 0.907195 0.052757 0.052757
0 0.075744 0.423687 0.071945 0.071945
0 0.029581 0.929540 0.104277 0.104277
0 0.759591 0.084400 0.104277 0.104277
0 0.521196 0.565333 0.061130 0.061130
0 0.492270 0.493598 0.061130 0.061130
0 0.273388 0.219871 0.104277 0.104277
0 0.044783 0.175178 0.057104 0.057104
0 0.670950 0.619868 0.104277 0.104277
0 0.834355 0.717741 0.071945 0.071945
0 0.247710 0.114133 0.104277 0.104277
0 0.531753 0.231536 0.052757 0.052757
0 0.975101 0.220890 0.062220 0.062220
0 0.524650 0.771459 0.061130 0.061130
0 0.262803 0.306433 0.104277 0.104277
0 0.086913 0.505385 0.071945 0.071945
0 0.624743 0.863995 0.057104 0.057104
0 0.516892 0.687777 0.104277 0.104277
0 0.724344 0.941611 0.062220 0.062220
0 0.052267 0.007432 0.052757 0.052757
0 0.246968 0.019402 0.052757 0.052757
0 0.721511 0.668405 0.104277 0.104277
0 0.206200 0.456516 0.052757 0.052757
0 0.700416 0.555715 0.052757 0.052757
0 0.038164 0.587610 0.052757 0.052757
0 0.412775 0.429202 0.071945 0.071945
0 0.337720 0.182172 0.062220 0.062220
0 0.427749 0.930072 0.071945 0.071945
0 0.670647 0.997700 0.104277 0.104277
0 0.652052 0.121869 0.052757 0.052757
0 0.298652 0.387869 0.104277 0.104277
0 0.825480 0.801657 0.057104 0.057104
0 0.168815 0.994139 0.071945 0.071945
0 0.308687 0.838236 0.050932 0.050932
0 0.445423 0.659350 0.052757 0.052757
0 0.211560 0.606241 0.071945 0.071945
0 0.422320 0.566410 0.061130 0.061130
0 0.781349 0.624465 0.052757 0.052757
0 0.635655 0.775912 0.057104 0.057104
0 0.859727 0.019995 0.062220 0.062220
0 0.134460 0.202664 0.057104 0.057104
0 0.444968 0.211571 0.057104 0.057104
0 0.169144 0.892872 0.071945 0.071945
0 0.076781 0.656043 0.104277 0.104277
0 0.666602 0.021735 0.062220 0.062220
0 0.545159 0.136311 0.057104 0.057104
0 0.419224 0.726376 0.061130 0.061130
0 0.281589 0.569535 0.071945 0.071945
0 0.134224 0.280773 0.061130 0.061130
0 0.064061 0.268052 0.062220 0.062220
0 0.409076 0.286036 0.048997 0.048997
0 0.612102 0.190667 0.062220 0.062220
0 0.082761 0.877691 0.052757 0.052757
0 0.608084 0.432028 0.062220 0.062220
0 0.937065 0.952447 0.052757 0.052757
0 0.864502 0.986674 0.104277 0.104277
0 0.738723 0.011032 0.052757 0.052757
0 0.380016 0.823061 0.062220 0.062220
0 0.175771 0.800965 0.062220 0.062220
0 0.611661 0.342217 0.061131 0.061131
0 0.032622 0.352592 0.071945 0.071945
0 0.186435 0.380413 0.104277 0.104277
0 0.025539 0.710970 0.071945 0.071945
0 0.120624 0.715939 0.047555 0.047555
0 0.254724 0.740735 0.052757 0.052757
0 0.326877 0.104280 0.057104 0.057104
0 0.539169 0.439022 0.071945 0.071945
0 0.250444 0.958840 0.071945 0.071945
0 0.999951 0.723220 0.057104 0.057104
0 0.334674 0.748616 0.071945 0.071945