0 0.381467 0.699477 0.104277 0.104277
0 0.337919 0.487486 0.061130 0.061130
0 0.053927 0.907005 0.104278 0.104278
0 0.740864 0.449195 0.052757 0.052757
0 0.271012 0.347815 0.104277 0.104277
0 0.332838 0.256767 0.071945 0.071945
0 0.531757 0.697153 0.062220 0.062220
0 0.484651 0.242377 0.071945 0.071945
0 0.563404 0.449235 0.104277 0.104277
0 0.238690 0.449384 0.052757 0.052757
0 0.641268 0.495760 0.071945 0.071945
0 0.568037 0.132680 0.061131 0.061131
0 0.276721 0.119868 0.104277 0.104277
0 0.896301 0.157147 0.062221 0.062221
0 0.785207 0.120152 0.104277 0.104277
0 0.895015 0.687628 0.047276 0.047276
0 0.785369 0.994229 0.062220 0.062220
0 0.375591 0.614292 0.057104 0.057104
0 0.146784 0.292324 0.062220 0.062220
0 0.411453 0.800928 0.051819 0.051819
0 0.404793 0.055839 0.052757 0.052757
0 0.057619 0.477483 0.104277 0.104277
0 0.886254 0.429261 0.071945 0.071945
0 0.315597 0.414023 0.061131 0.061131
0 0.591601 0.744641 0.052757 0.052757
0 0.348731 0.166364 0.057104 0.057104
0 0.652877 0.693156 0.057103 0.057103
0 0.399813 0.374518 0.052757 0.052757
0 0.667870 0.110320 0.104277 0.104277
0 0.073855 0.203872 0.052757 0.052757
0 0.456020 0.310478 0.057104 0.057104
0 0.846569 0.263235 0.052757 0.052757
0 0.568493 0.532489 0.036679 0.036679
0 0.003773 0.818443 0.052757 0.052757
0 0.687531 0.810496 0.104277 0.104277
0 0.786482 0.224046 0.062221 0.062221
0 0.402255 0.463100 0.057104 0.057104
0 0.487294 0.871272 0.104277 0.104277
0 0.141055 0.139781 0.052757 0.052757
0 0.482431 0.797979 0.071945 0.071945
0 0.788112 0.029534 0.071945 0.071945
0 0.725027 0.259675 0.052757 0.052757
0 0.712133 0.327537 0.104277 0.104277
0 0.879023 0.793553 0.071945 0.071945
0 0.137023 0.415733 0.071945 0.071945
0 0.188902 0.810688 0.052757 0.052757
0 0.617771 0.351169 0.104277 0.104277
0 0.246118 0.222064 0.071945 0.071945
0 0.784862 0.825364 0.061131 0.061131
0 0.900901 0.576626 0.057104 0.057104
0 0.403749 0.957901 0.054783 0.054783
0 0.708676 0.518644 0.062220 0.062220
0 0.571301 0.891813 0.057103 0.057103
0 0.154975 0.731319 0.071945 0.071945
0 0.665607 0.958634 0.061131 0.061131
0 0.252131 0.966569 0.057104 0.057104
0 0.616785 0.826515 0.061131 0.061131
0 0.208242 0.382182 0.057104 0.057104
0 0.564698 0.292877 0.061130 0.061130
0 0.039009 0.600572 0.061130 0.061130
0 0.882356 0.919057 0.071945 0.071945
0 0.817339 0.679495 0.062220 0.062220
0 0.643458 0.423492 0.061130 0.061130
0 0.266326 0.844695 0.052757 0.052757
0 0.212716 0.021900 0.104277 0.104277
0 0.514794 0.387360 0.062220 0.062220
0 0.124075 0.557368 0.104277 0.104277
0 0.287480 0.655241 0.071945 0.071945
0 0.818943 0.892160 0.104278 0.104278
0 0.428226 0.158390 0.062220 0.062220
0 0.791923 0.534568 0.104277 0.104277
0 0.077868 0.801495 0.057104 0.057104
0 0.177469 0.879111 0.062220 0.062220
0 0.742296 0.931739 0.062220 0.062220
0 0.174636 0.605905 0.104277 0.104277
0 0.153541 0.493215 0.052757 0.052757
0 0.460457 0.532903 0.062220 0.062220
0 0.495298 0.076241 0.071945 0.071945
0 0.123772 0.935200 0.104277 0.104277
0 0.105177 0.059369 0.052757 0.052757
0 0.602668 0.615599 0.104277 0.104277
0 0.278605 0.739157 0.057104 0.057104
0 0.665857 0.882238 0.071945 0.071945
0 0.516120 0.580821 0.071945 0.071945
0 0.234474 0.561965 0.052757 0.052757
0 0.088780 0.713412 0.057104 0.057104
0 0.480109 0.944650 0.104277 0.104277
0 0.906124 0.308476 0.071945 0.071945
0 0.657015 0.570968 0.061131 0.061131
0 0.789290 0.358698 0.071945 0.071945
0 0.544652 0.988848 0.057104 0.057104
0 0.065227 0.128167 0.062220 0.062220
0 0.883671 0.007673 0.104277 0.104277
0 0.638258 0.039902 0.057104 0.057104
0 0.061209 0.369528 0.062220 0.062220
0 0.390190 0.889947 0.052757 0.052757
0 0.317627 0.924174 0.104277 0.104277
0 0.621001 0.179840 0.057104 0.057104
0 0.064786 0.279717 0.061131 0.061131
0 0.007909 0.976919 0.071945 0.071945
0 0.749683 0.607965 0.071945 0.071945
0 0.713176 0.190056 0.052757 0.052757
0 0.453076 0.660720 0.057104 0.057104
0 0.722827 0.743451 0.061131 0.061131