0 0.846630 0.491117 0.071945 0.071945
0 0.641807 0.994536 0.104277 0.104277
0 0.831909 0.959064 0.104277 0.104277
0 0.745364 0.605394 0.062220 0.062220
0 0.878342 0.603341 0.057104 0.057104
0 0.911153 0.528649 0.052757 0.052757
0 0.794939 0.868821 0.057104 0.057104
0 0.723099 0.720304 0.104277 0.104277
0 0.708293 0.910780 0.061131 0.061131
0 0.977402 0.024793 0.061130 0.061130
0 0.008620 0.260323 0.062220 0.062220
0 0.947831 0.162006 0.061130 0.061130
0 0.557618 0.038462 0.052757 0.052757
0 0.718101 0.534687 0.052757 0.052757
0 0.591509 0.834313 0.071945 0.071945
0 0.808518 0.734592 0.062220 0.062220
0 0.866675 0.855843 0.071945 0.071945
0 0.948472 0.626384 0.071945 0.071945
0 0.109268 0.296177 0.070161 0.070161
0 0.810260 0.554997 0.071945 0.071945
0 0.240219 0.944188 0.062220 0.062220
0 0.978773 0.389733 0.061131 0.061131
0 0.997407 0.564597 0.071945 0.071945
0 0.379182 0.387374 0.071945 0.071945
0 0.660581 0.294750 0.061130 0.061130
0 0.476841 0.074752 0.062220 0.062220
0 0.194975 0.325930 0.062220 0.062220
0 0.649294 0.658122 0.071945 0.071945
0 0.212103 0.628222 0.061131 0.061131
0 0.499743 0.539273 0.061130 0.061130
0 0.524756 0.658148 0.104277 0.104277
0 0.231546 0.389766 0.104277 0.104277
0 0.406741 0.042157 0.052757 0.052757
0 0.146005 0.235401 0.061130 0.061130
0 0.992785 0.986227 0.057104 0.057104
0 0.275515 0.524692 0.071945 0.071945
0 0.648672 0.789825 0.104277 0.104277
0 0.940760 0.733525 0.104278 0.104278
0 0.533126 0.211594 0.061130 0.061130
0 0.629680 0.190695 0.057104 0.057104
0 0.339731 0.121206 0.071945 0.071945
0 0.126566 0.458993 0.104277 0.104277
0 0.890111 0.303029 0.057104 0.057104
0 0.227430 0.203590 0.057104 0.057104
0 0.228186 0.006446 0.061131 0.061131
0 0.337598 0.773606 0.071945 0.071945
0 0.692792 0.138647 0.062220 0.062220
0 0.197902 0.105721 0.071945 0.071945
0 0.087357 0.165903 0.071945 0.071945
0 0.050239 0.871543 0.104277 0.104277
0 0.018796 0.440654 0.062220 0.062220
0 0.351406 0.908020 0.061131 0.061131
0 0.127016 0.956717 0.061130 0.061130
0 0.209502 0.854505 0.104277 0.104277
0 0.745265 0.395967 0.062220 0.062220
0 0.325021 0.023735 0.052757 0.052757
0 0.708840 0.457534 0.062220 0.062220
0 0.260850 0.269229 0.062220 0.062220
0 0.422383 0.738965 0.062220 0.062220
0 0.114427 0.691868 0.062220 0.062220
0 0.440945 0.978399 0.057104 0.057104
0 0.530535 0.128882 0.061131 0.061131
0 0.004596 0.156068 0.052757 0.052757
0 0.305414 0.453167 0.061131 0.061131
0 0.921315 0.080282 0.104278 0.104278
0 0.209258 0.490485 0.061131 0.061131
0 0.477799 0.264689 0.071945 0.071945
0 0.082213 0.066285 0.057104 0.057104
0 0.564431 0.937023 0.071945 0.071945
0 0.007371 0.947241 0.061130 0.061130
0 0.992479 0.265027 0.061131 0.061131
0 0.172242 0.568648 0.052757 0.052757
0 0.251876 0.763469 0.061131 0.061131
0 0.670992 0.384681 0.052757 0.052757
0 0.469430 0.461011 0.057104 0.057104
0 0.077209 0.368681 0.052757 0.052757
0 0.770533 0.128074 0.052757 0.052757
0 0.324355 0.302344 0.071945 0.071945
0 0.982203 0.815567 0.057104 0.057104
0 0.863143 0.785687 0.057104 0.057104
0 0.587341 0.278219 0.052757 0.052757
0 0.720513 0.809573 0.052757 0.052757
0 0.405529 0.164347 0.071945 0.071945
0 0.838386 0.069552 0.062220 0.062220
0 0.050293 0.594063 0.104277 0.104277
0 0.470563 0.911447 0.052757 0.052757
0 0.607274 0.475587 0.071945 0.071945
0 0.509236 0.390158 0.062220 0.062220
0 0.707952 0.030333 0.071945 0.071945
0 0.840691 0.185589 0.052559 0.052559
0 0.501528 0.754604 0.057104 0.057104
0 0.068810 0.749497 0.061130 0.061130
0 0.335935 0.225394 0.071945 0.071945
0 0.883365 0.421946 0.062220 0.062220
0 0.435331 0.828290 0.057104 0.057104
0 0.341180 0.576311 0.104277 0.104277
0 0.109569 0.822410 0.061130 0.061130
0 0.407522 0.645748 0.052757 0.052757
0 0.286550 0.864431 0.071945 0.071945
0 0.576192 0.413750 0.104277 0.104277
0 0.414677 0.511292 0.071945 0.071945
0 0.428650 0.321306 0.104277 0.104277
0 0.962905 0.919032 0.061130 0.061130
0 0.052476 0.506912 0.057104 0.057104
0 0.155015 0.761220 0.071945 0.071945
0 0.159582 0.166955 0.057103 0.057103
0 0.787617 0.265395 0.071945 0.071945
0 0.943494 0.456174 0.104278 0.104278
0 0.631433 0.574492 0.104277 0.104277
0 0.688210 0.229185 0.052757 0.052757
0 0.295079 0.635448 0.052757 0.052757
0 0.589514 0.752602 0.062220 0.062220
0 0.640906 0.078527 0.061131 0.061131