0 0.800802 0.850755 0.104278 0.104278
0 0.985565 0.393134 0.052757 0.052757
0 0.529761 0.346231 0.052757 0.052757
0 0.818240 0.961560 0.052757 0.052757
0 0.893659 0.236074 0.062220 0.062220
0 0.453447 0.767412 0.057104 0.057104
0 0.804494 0.421233 0.104277 0.104277
0 0.403967 0.066768 0.052757 0.052757
0 0.529306 0.554061 0.057104 0.057104
0 0.642596 0.023667 0.061130 0.061130
0 0.820730 0.147622 0.052757 0.052757
0 0.750648 0.762193 0.052757 0.052757
0 0.156338 0.748265 0.071945 0.071945
0 0.294943 0.852787 0.104277 0.104277
0 0.215374 0.921711 0.052757 0.052757
0 0.574115 0.236707 0.057104 0.057104
0 0.887930 0.083531 0.052757 0.052757
0 0.438329 0.921948 0.104277 0.104277
0 0.661046 0.232964 0.057104 0.057104
0 0.883898 0.359483 0.071945 0.071945
0 0.935777 0.754438 0.052757 0.052757
0 0.992993 0.165814 0.071945 0.071945
0 0.127942 0.915909 0.052757 0.052757
0 0.540265 0.137169 0.057104 0.057104
0 0.901850 0.675069 0.071945 0.071945
0 0.675527 0.880666 0.061130 0.061130
0 0.566880 0.779508 0.071945 0.071945
0 0.733529 0.995204 0.052757 0.052757
0 0.999006 0.910319 0.057104 0.057104
0 0.955117 0.325932 0.057104 0.057104
0 0.086889 0.478383 0.071945 0.071945
0 0.276713 0.661012 0.061130 0.061130
0 0.079955 0.407927 0.071945 0.071945
0 0.575628 0.502694 0.071945 0.071945
0 0.555784 0.947801 0.061130 0.061130
0 0.526453 0.864136 0.062220 0.062220
0 0.670223 0.715322 0.062220 0.062220
0 0.785884 0.544322 0.061130 0.061130
0 0.275744 0.304937 0.071945 0.071945
0 0.229581 0.810790 0.104277 0.104277
0 0.721196 0.446583 0.061130 0.061130
0 0.692270 0.374848 0.061130 0.061130
0 0.473388 0.101121 0.104277 0.104277
0 0.244783 0.056428 0.057104 0.057104
0 0.870950 0.501118 0.104277 0.104277
0 0.731753 0.112786 0.052757 0.052757
0 0.724650 0.652709 0.061130 0.061130
0 0.462803 0.187683 0.104277 0.104277
0 0.286913 0.386635 0.071945 0.071945
0 0.824743 0.745245 0.057104 0.057104
0 0.716892 0.569027 0.104277 0.104277
0 0.924344 0.822861 0.062220 0.062220
0 0.921511 0.549655 0.104277 0.104277
0 0.406200 0.337766 0.052757 0.052757
0 0.900416 0.436965 0.052757 0.052757
0 0.238164 0.468860 0.052757 0.052757
0 0.081800 0.808491 0.052757 0.052757
0 0.170847 0.147414 0.061130 0.061130
0 0.612775 0.310452 0.071945 0.071945
0 0.667103 0.957301 0.104277 0.104277
0 0.537720 0.063422 0.062220 0.062220
0 0.161941 0.341293 0.061130 0.061130
0 0.627749 0.811322 0.071945 0.071945
0 0.169891 0.662448 0.104277 0.104277
0 0.870647 0.878950 0.104277 0.104277
0 0.852052 0.003119 0.052757 0.052757
0 0.498652 0.269119 0.104277 0.104277
0 0.368815 0.875389 0.071945 0.071945
0 0.508687 0.719486 0.050932 0.050932
0 0.048473 0.211565 0.061130 0.061130
0 0.645423 0.540600 0.052757 0.052757
0 0.120798 0.573318 0.057104 0.057104
0 0.411560 0.487491 0.071945 0.071945
0 0.622320 0.447660 0.061130 0.061130
0 0.197922 0.412119 0.062220 0.062220
0 0.981349 0.505715 0.052757 0.052757
0 0.835655 0.657162 0.057104 0.057104
0 0.334460 0.083914 0.057104 0.057104
0 0.644968 0.092821 0.057104 0.057104
0 0.063951 0.130977 0.057104 0.057104
0 0.136656 0.026088 0.104277 0.104277
0 0.369144 0.774122 0.071945 0.071945
0 0.276781 0.537293 0.104277 0.104277
0 0.048004 0.895701 0.104277 0.104277
0 0.745159 0.017561 0.057104 0.057104
0 0.619224 0.607626 0.061130 0.061130
0 0.481589 0.450785 0.071945 0.071945
0 0.334224 0.162023 0.061130 0.061130
0 0.264061 0.149302 0.062220 0.062220
0 0.292255 0.982639 0.104277 0.104277
0 0.609076 0.167286 0.048997 0.048997
0 0.812102 0.071917 0.062220 0.062220
0 0.075878 0.638035 0.062220 0.062220
0 0.282761 0.758941 0.052757 0.052757
0 0.808084 0.313278 0.062220 0.062220
0 0.580016 0.704311 0.062220 0.062220
0 0.375771 0.682215 0.062220 0.062220
0 0.041568 0.288799 0.057104 0.057104
0 0.811661 0.223467 0.061131 0.061131
0 0.077157 0.972205 0.104277 0.104277
0 0.232622 0.233842 0.071945 0.071945
0 0.015662 0.734104 0.057104 0.057104
0 0.386435 0.261663 0.104277 0.104277
0 0.152561 0.226766 0.071945 0.071945
0 0.754784 0.920669 0.071945 0.071945
0 0.225539 0.592220 0.071945 0.071945
0 0.994985 0.986889 0.071945 0.071945
0 0.320624 0.597189 0.047555 0.047555
0 0.454724 0.621985 0.052757 0.052757
0 0.085141 0.720990 0.057103 0.057103
0 0.739169 0.320272 0.071945 0.071945
0 0.450444 0.840090 0.071945 0.071945
0 0.534674 0.629866 0.071945 0.071945