0 0.663785 0.833302 0.062220 0.062220
0 0.582612 0.297731 0.104277 0.104277
0 0.610670 0.707687 0.057103 0.057103
0 0.779723 0.954978 0.071945 0.071945
0 0.244270 0.680973 0.104277 0.104277
0 0.382016 0.753332 0.052757 0.052757
0 0.787694 0.053540 0.062220 0.062220
0 0.934268 0.030552 0.070161 0.070161
0 0.564988 0.022164 0.104278 0.104278
0 0.815475 0.457877 0.057104 0.057104
0 0.542790 0.529825 0.104277 0.104277
0 0.526832 0.972012 0.071945 0.071945
0 0.456587 0.964927 0.057104 0.057104
0 0.723669 0.001676 0.071945 0.071945
0 0.351551 0.462884 0.104277 0.104277
0 0.245128 0.077048 0.104277 0.104277
0 0.465084 0.059743 0.071945 0.071945
0 0.562187 0.393974 0.057104 0.057104
0 0.209386 0.484715 0.062220 0.062220
0 0.221051 0.374937 0.062220 0.062220
0 0.753240 0.613008 0.057104 0.057104
0 0.510757 0.342843 0.104277 0.104277
0 0.282696 0.521236 0.062220 0.062220
0 0.871829 0.895110 0.061130 0.061130
0 0.125597 0.515990 0.104278 0.104278
0 0.786404 0.374304 0.104277 0.104277
0 0.673263 0.655443 0.052757 0.052757
0 0.477118 0.211791 0.052757 0.052757
0 0.951566 0.193368 0.104277 0.104277
0 0.744179 0.195152 0.062220 0.062220
0 0.426438 0.678785 0.062220 0.062220
0 0.125785 0.626745 0.071945 0.071945
0 0.329929 0.137369 0.062220 0.062220
0 0.598504 0.458473 0.057104 0.057104
0 0.755658 0.707508 0.057104 0.057104
0 0.521803 0.873049 0.057104 0.057104
0 0.763519 0.874796 0.057104 0.057104
0 0.125849 0.277880 0.052757 0.052757
0 0.804048 0.536837 0.052757 0.052757
0 0.875239 0.605918 0.104277 0.104277
0 0.843796 0.175029 0.062220 0.062220
0 0.632085 0.989133 0.104277 0.104277
0 0.275387 0.253260 0.061130 0.061130
0 0.214703 0.819236 0.062220 0.062220
0 0.436642 0.882432 0.052757 0.052757
0 0.631343 0.894402 0.052757 0.052757
0 0.448254 0.813723 0.061130 0.061130
0 0.651321 0.098156 0.071945 0.071945
0 0.816707 0.807895 0.104277 0.104277
0 0.952016 0.691092 0.061130 0.061130
0 0.641987 0.333940 0.052757 0.052757
0 0.687929 0.545523 0.057104 0.057104
0 0.126755 0.171668 0.104277 0.104277
0 0.517208 0.728541 0.071945 0.071945
0 0.149420 0.015934 0.052757 0.052757
0 0.939427 0.426243 0.062220 0.062220
0 0.342798 0.221851 0.061130 0.061130
0 0.211972 0.201109 0.061130 0.061130
0 0.500007 0.469691 0.052757 0.052757
0 0.420912 0.161250 0.071945 0.071945
0 0.296369 0.590892 0.057104 0.057104
0 0.279339 0.011739 0.057104 0.057104
0 0.832371 0.681616 0.061130 0.061130
0 0.359899 0.333902 0.057104 0.057104
0 0.993959 0.830824 0.104278 0.104278
0 0.997242 0.303023 0.052757 0.052757
0 0.374405 0.841868 0.061130 0.061130
0 0.902209 0.103056 0.052757 0.052757
0 0.158354 0.345044 0.061130 0.061130
0 0.341017 0.679054 0.062220 0.062220
0 0.179002 0.111151 0.104278 0.104278
0 0.131507 0.822750 0.061130 0.061130
0 0.875293 0.328438 0.104277 0.104277
0 0.653811 0.408425 0.061130 0.061130
0 0.597662 0.228341 0.104277 0.104277
0 0.560363 0.099241 0.052757 0.052757
0 0.172723 0.750758 0.061130 0.061130
0 0.364422 0.601119 0.057104 0.057104
0 0.780862 0.133004 0.057104 0.057104
0 0.219955 0.966430 0.104277 0.104277
0 0.663247 0.257430 0.071945 0.071945
0 0.222790 0.608468 0.052757 0.052757
0 0.893810 0.483872 0.061130 0.061130
0 0.730120 0.792218 0.057104 0.057104
0 0.928536 0.788904 0.104277 0.104277
0 0.657384 0.019934 0.056505 0.056505
0 0.604878 0.782567 0.104277 0.104277
0 0.934569 0.556785 0.061130 0.061130
0 0.296403 0.381580 0.062220 0.062220
0 0.877476 0.241287 0.057104 0.057104
0 0.629005 0.587644 0.062220 0.062220
0 0.980015 0.495595 0.071945 0.071945
0 0.258337 0.756440 0.071945 0.071945
0 0.728198 0.282586 0.057104 0.057104
0 0.327187 0.943375 0.061130 0.061130
0 0.410275 0.510800 0.104277 0.104277
0 0.388498 0.095466 0.057104 0.057104
0 0.528816 0.646499 0.052757 0.052757
0 0.415677 0.391095 0.057104 0.057104
0 0.711252 0.979280 0.057104 0.057104
0 0.476067 0.571956 0.062220 0.062220
0 0.130257 0.912182 0.071945 0.071945
0 0.162808 0.429843 0.061130 0.061130
0 0.295209 0.879565 0.062220 0.062220