0 0.370035 0.827052 0.062220 0.062220
0 0.288862 0.291481 0.104277 0.104277
0 0.316920 0.701437 0.057103 0.057103
0 0.485973 0.948728 0.071945 0.071945
0 0.088266 0.747082 0.052757 0.052757
0 0.493944 0.047290 0.062220 0.062220
0 0.836343 0.751006 0.061131 0.061131
0 0.640518 0.024302 0.070161 0.070161
0 0.271238 0.015914 0.104278 0.104278
0 0.521725 0.451627 0.057104 0.057104
0 0.771469 0.672313 0.062220 0.062220
0 0.249040 0.523575 0.104277 0.104277
0 0.910432 0.115499 0.071945 0.071945
0 0.233082 0.965762 0.071945 0.071945
0 0.162837 0.958677 0.057104 0.057104
0 0.726225 0.054055 0.062220 0.062220
0 0.743353 0.356347 0.061131 0.061131
0 0.057801 0.456634 0.104277 0.104277
0 0.762796 0.117891 0.104277 0.104277
0 0.171334 0.053493 0.071945 0.071945
0 0.268437 0.387724 0.057104 0.057104
0 0.459490 0.606758 0.057104 0.057104
0 0.217007 0.336593 0.104277 0.104277
0 0.806765 0.252817 0.071945 0.071945
0 0.578079 0.888860 0.061130 0.061130
0 0.492654 0.368054 0.104277 0.104277
0 0.379513 0.649193 0.052757 0.052757
0 0.183368 0.205541 0.052757 0.052757
0 0.657816 0.187118 0.104277 0.104277
0 0.450429 0.188902 0.062220 0.062220
0 0.132688 0.672535 0.062220 0.062220
0 0.868848 0.501731 0.071945 0.071945
0 0.850216 0.953150 0.104277 0.104277
0 0.036179 0.131119 0.062220 0.062220
0 0.304754 0.452223 0.057104 0.057104
0 0.461908 0.701258 0.057104 0.057104
0 0.228053 0.866799 0.057104 0.057104
0 0.469769 0.868546 0.057104 0.057104
0 0.510298 0.530587 0.052757 0.052757
0 0.581489 0.599668 0.104277 0.104277
0 0.550046 0.168779 0.062220 0.062220
0 0.338335 0.982883 0.104277 0.104277
0 0.142892 0.876182 0.052757 0.052757
0 0.882656 0.636145 0.061131 0.061131
0 0.337593 0.888152 0.052757 0.052757
0 0.154504 0.807473 0.061130 0.061130
0 0.357571 0.091906 0.071945 0.071945
0 0.522957 0.801645 0.104277 0.104277
0 0.658266 0.684842 0.061130 0.061130
0 0.348237 0.327690 0.052757 0.052757
0 0.394179 0.539273 0.057104 0.057104
0 0.223458 0.722291 0.071945 0.071945
0 0.740752 0.582630 0.104277 0.104277
0 0.953633 0.467090 0.062220 0.062220
0 0.645677 0.419993 0.062220 0.062220
0 0.972195 0.706524 0.057104 0.057104
0 0.049048 0.215601 0.061130 0.061130
0 0.206257 0.463441 0.052757 0.052757
0 0.836664 0.181292 0.061131 0.061131
0 0.742677 0.990619 0.052757 0.052757
0 0.735444 0.760956 0.062220 0.062220
0 0.127162 0.155000 0.071945 0.071945
0 0.740508 0.218610 0.061131 0.061131
0 0.002619 0.584642 0.057104 0.057104
0 0.538621 0.675366 0.061130 0.061130
0 0.066149 0.327652 0.057104 0.057104
0 0.700209 0.824574 0.104278 0.104278
0 0.703492 0.296773 0.052757 0.052757
0 0.783126 0.491594 0.061131 0.061131
0 0.080655 0.835618 0.061130 0.061130
0 0.608459 0.096806 0.052757 0.052757
0 0.047267 0.672804 0.062220 0.062220
0 0.950352 0.888745 0.062220 0.062220
0 0.855605 0.030469 0.071945 0.071945
0 0.757227 0.890485 0.062220 0.062220
0 0.581543 0.322188 0.104277 0.104277
0 0.360061 0.402175 0.061130 0.061130
0 0.303912 0.222091 0.104277 0.104277
0 0.266613 0.092991 0.052757 0.052757
0 0.789147 0.822856 0.071945 0.071945
0 0.070672 0.594869 0.057104 0.057104
0 0.487112 0.126754 0.057104 0.057104
0 0.369497 0.251180 0.071945 0.071945
0 0.600060 0.477622 0.061130 0.061130
0 0.436370 0.785968 0.057104 0.057104
0 0.634786 0.782654 0.104277 0.104277
0 0.363634 0.013684 0.056505 0.056505
0 0.311128 0.776317 0.104277 0.104277
0 0.966581 0.556415 0.057104 0.057104
0 0.872430 0.304436 0.104277 0.104277
0 0.829348 0.879782 0.052757 0.052757
0 0.640819 0.550535 0.061130 0.061130
0 0.002653 0.375330 0.062220 0.062220
0 0.938772 0.373873 0.052757 0.052757
0 0.817800 0.592556 0.071945 0.071945
0 0.945927 0.239417 0.071945 0.071945
0 0.959900 0.049431 0.104277 0.104277
0 0.583726 0.235037 0.057104 0.057104
0 0.335255 0.581394 0.062220 0.062220
0 0.686265 0.489345 0.071945 0.071945
0 0.434448 0.276336 0.057104 0.057104
0 0.033437 0.937125 0.061130 0.061130
0 0.116525 0.504550 0.104277 0.104277
0 0.094748 0.089216 0.057104 0.057104
0 0.235066 0.640249 0.052757 0.052757
0 0.121927 0.384845 0.057104 0.057104
0 0.417502 0.973030 0.057104 0.057104
0 0.182317 0.565706 0.062220 0.062220
0 0.826329 0.363573 0.052757 0.052757
0 0.001459 0.873315 0.062220 0.062220
0 0.918157 0.766165 0.061131 0.061131