0 0.516910 0.705177 0.062220 0.062220
0 0.441467 0.932393 0.052757 0.052757
0 0.435737 0.169606 0.104277 0.104277
0 0.463795 0.579562 0.057103 0.057103
0 0.632848 0.826853 0.071945 0.071945
0 0.097395 0.552848 0.104277 0.104277
0 0.680096 0.889292 0.061130 0.061130
0 0.235141 0.625207 0.052757 0.052757
0 0.983218 0.629131 0.061131 0.061131
0 0.925430 0.949156 0.052757 0.052757
0 0.008865 0.907272 0.104278 0.104278
0 0.668600 0.329752 0.057104 0.057104
0 0.918344 0.550438 0.062220 0.062220
0 0.395915 0.401700 0.104277 0.104277
0 0.379957 0.843887 0.071945 0.071945
0 0.309712 0.836802 0.057104 0.057104
0 0.890228 0.234472 0.061131 0.061131
0 0.204676 0.334759 0.104277 0.104277
0 0.415312 0.265849 0.057104 0.057104
0 0.062511 0.356590 0.062220 0.062220
0 0.074176 0.246812 0.062220 0.062220
0 0.606365 0.484883 0.057104 0.057104
0 0.363882 0.214718 0.104277 0.104277
0 0.953640 0.130942 0.071945 0.071945
0 0.135821 0.393111 0.062220 0.062220
0 0.724954 0.766985 0.061130 0.061130
0 0.639529 0.246179 0.104277 0.104277
0 0.526388 0.527318 0.052757 0.052757
0 0.330243 0.083666 0.052757 0.052757
0 0.804691 0.065243 0.104277 0.104277
0 0.597304 0.067027 0.062220 0.062220
0 0.279563 0.550660 0.062220 0.062220
0 0.997091 0.831275 0.104277 0.104277
0 0.183054 0.009244 0.062220 0.062220
0 0.451629 0.330348 0.057104 0.057104
0 0.608783 0.579383 0.057104 0.057104
0 0.510888 0.966746 0.104277 0.104277
0 0.374928 0.744924 0.057104 0.057104
0 0.616644 0.746671 0.057104 0.057104
0 0.282283 0.922053 0.057104 0.057104
0 0.657173 0.408712 0.052757 0.052757
0 0.728364 0.477793 0.104277 0.104277
0 0.696921 0.046904 0.062220 0.062220
0 0.485210 0.861008 0.104277 0.104277
0 0.769253 0.978411 0.052757 0.052757
0 0.128512 0.125135 0.061130 0.061130
0 0.067828 0.691111 0.062220 0.062220
0 0.289767 0.754307 0.052757 0.052757
0 0.484468 0.766277 0.052757 0.052757
0 0.301379 0.685598 0.061130 0.061130
0 0.669832 0.679770 0.104277 0.104277
0 0.805141 0.562967 0.061130 0.061130
0 0.495112 0.205815 0.052757 0.052757
0 0.541054 0.417398 0.057104 0.057104
0 0.370333 0.600416 0.071945 0.071945
0 0.887627 0.460755 0.104277 0.104277
0 0.792552 0.298118 0.062220 0.062220
0 0.195923 0.093726 0.061130 0.061130
0 0.065097 0.072984 0.061130 0.061130
0 0.575220 0.929047 0.062220 0.062220
0 0.353132 0.341566 0.052757 0.052757
0 0.983539 0.059417 0.061131 0.061131
0 0.889552 0.868744 0.052757 0.052757
0 0.882319 0.639081 0.062220 0.062220
0 0.274037 0.033125 0.071945 0.071945
0 0.887383 0.096735 0.061131 0.061131
0 0.149494 0.462767 0.057104 0.057104
0 0.685496 0.553491 0.061130 0.061130
0 0.213024 0.205777 0.057104 0.057104
0 0.847084 0.702699 0.104278 0.104278
0 0.850367 0.174898 0.052757 0.052757
0 0.930001 0.369719 0.061131 0.061131
0 0.227530 0.713743 0.061130 0.061130
0 0.011479 0.216919 0.061130 0.061130
0 0.194142 0.550929 0.062220 0.062220
0 0.371960 0.949539 0.057104 0.057104
0 0.682468 0.958446 0.057104 0.057104
0 0.101451 0.996602 0.057104 0.057104
0 0.174156 0.891713 0.104277 0.104277
0 0.904102 0.768610 0.062220 0.062220
0 0.782659 0.883186 0.057104 0.057104
0 0.728418 0.200313 0.104277 0.104277
0 0.506936 0.280300 0.061130 0.061130
0 0.450787 0.100216 0.104277 0.104277
0 0.025848 0.622633 0.061130 0.061130
0 0.936022 0.700981 0.071945 0.071945
0 0.217547 0.472994 0.057104 0.057104
0 0.849602 0.937542 0.062220 0.062220
0 0.633987 0.004879 0.057104 0.057104
0 0.073080 0.838305 0.104277 0.104277
0 0.516372 0.129305 0.071945 0.071945
0 0.075915 0.480343 0.052757 0.052757
0 0.746935 0.355747 0.061130 0.061130
0 0.583245 0.664093 0.057104 0.057104
0 0.781661 0.660779 0.104277 0.104277
0 0.458003 0.654442 0.104277 0.104277
0 0.976223 0.757907 0.052757 0.052757
0 0.031622 0.995650 0.057104 0.057104
0 0.787694 0.428660 0.061130 0.061130
0 0.149528 0.253455 0.062220 0.062220
0 0.964675 0.470681 0.071945 0.071945
0 0.730601 0.113162 0.057104 0.057104
0 0.482130 0.459519 0.062220 0.062220
0 0.833140 0.367470 0.071945 0.071945
0 0.111462 0.628315 0.071945 0.071945
0 0.581323 0.154461 0.057104 0.057104
0 0.180312 0.815250 0.061130 0.061130
0 0.263400 0.382675 0.104277 0.104277
0 0.381941 0.518374 0.052757 0.052757
0 0.268802 0.262970 0.057104 0.057104
0 0.564377 0.851155 0.057104 0.057104
0 0.329192 0.443831 0.062220 0.062220
0 0.973204 0.241698 0.052757 0.052757
0 0.015933 0.301718 0.061130 0.061130
0 0.148334 0.751440 0.062220 0.062220