0 0.826182 0.607036 0.104277 0.104277
0 0.858662 0.948305 0.061131 0.061131
0 0.567346 0.935493 0.104277 0.104277
0 0.929739 0.217894 0.062220 0.062220
0 0.023160 0.711427 0.062220 0.062220
0 0.979314 0.481321 0.057104 0.057104
0 0.907474 0.332804 0.104277 0.104277
0 0.889777 0.684700 0.104277 0.104277
0 0.695418 0.871464 0.052757 0.052757
0 0.892668 0.523280 0.061131 0.061131
0 0.902476 0.147187 0.052757 0.052757
0 0.639356 0.981989 0.057104 0.057104
0 0.139098 0.833103 0.071945 0.071945
0 0.775884 0.446813 0.071945 0.071945
0 0.186346 0.895542 0.061130 0.061130
0 0.958495 0.925945 0.104277 0.104277
0 0.992893 0.347092 0.062220 0.062220
0 0.828772 0.742355 0.062220 0.062220
0 0.666598 0.808903 0.057104 0.057104
0 0.663445 0.648078 0.052757 0.052757
0 0.774599 0.786341 0.061130 0.061130
0 0.489468 0.635381 0.061131 0.061131
0 0.994635 0.167497 0.071945 0.071945
0 0.431680 0.955406 0.052757 0.052757
0 0.174850 0.336002 0.057104 0.057104
0 0.984462 0.659150 0.061130 0.061130
0 0.424594 0.556688 0.062220 0.062220
0 0.717528 0.743364 0.061131 0.061131
0 0.766755 0.676817 0.057104 0.057104
0 0.833669 0.270622 0.071945 0.071945
0 0.396478 0.240722 0.061131 0.061131
0 0.684118 0.151773 0.061130 0.061130
0 0.709131 0.270648 0.104277 0.104277
0 0.415921 0.002266 0.104277 0.104277
0 0.112615 0.491133 0.057104 0.057104
0 0.459890 0.137192 0.071945 0.071945
0 0.833047 0.402325 0.104277 0.104277
0 0.231204 0.773235 0.061130 0.061130
0 0.990249 0.734025 0.061130 0.061130
0 0.145779 0.252429 0.104277 0.104277
0 0.032638 0.533568 0.052757 0.052757
0 0.310941 0.071493 0.104277 0.104277
0 0.103554 0.073277 0.062220 0.062220
0 0.521973 0.386106 0.071945 0.071945
0 0.503341 0.837525 0.104277 0.104277
0 0.115033 0.585633 0.057104 0.057104
0 0.017138 0.972996 0.104277 0.104277
0 0.122894 0.752921 0.057104 0.057104
0 0.163423 0.414962 0.052757 0.052757
0 0.234614 0.484043 0.104277 0.104277
0 0.203171 0.053154 0.062220 0.062220
0 0.275503 0.984661 0.052757 0.052757
0 0.718851 0.974015 0.062220 0.062220
0 0.535781 0.520520 0.061131 0.061131
0 0.176082 0.686020 0.104277 0.104277
0 0.311391 0.569217 0.061130 0.061130
0 0.001362 0.212065 0.052757 0.052757
0 0.047304 0.423648 0.057104 0.057104
0 0.393877 0.467005 0.104277 0.104277
0 0.929640 0.008467 0.062220 0.062220
0 0.893215 0.070034 0.062220 0.062220
0 0.606758 0.351465 0.062220 0.062220
0 0.298802 0.304368 0.062220 0.062220
0 0.625320 0.590899 0.057104 0.057104
0 0.081470 0.935297 0.062220 0.062220
0 0.489789 0.065667 0.061131 0.061131
0 0.785923 0.891866 0.071945 0.071945
0 0.395802 0.874994 0.052757 0.052757
0 0.388569 0.645331 0.062220 0.062220
0 0.393633 0.102985 0.061131 0.061131
0 0.748806 0.549523 0.071945 0.071945
0 0.191746 0.559741 0.061130 0.061130
0 0.353334 0.708949 0.104278 0.104278
0 0.356617 0.181148 0.052757 0.052757
0 0.436251 0.375969 0.061131 0.061131
0 0.653805 0.073511 0.057104 0.057104
0 0.603477 0.773120 0.062220 0.062220
0 0.188718 0.964696 0.057104 0.057104
0 0.904888 0.422073 0.052757 0.052757
0 0.410352 0.774860 0.062220 0.062220
0 0.288909 0.889436 0.057104 0.057104
0 0.234668 0.206563 0.104277 0.104277
0 0.013186 0.286550 0.061130 0.061130
0 0.654938 0.523947 0.052757 0.052757
0 0.442272 0.707231 0.071945 0.071945
0 0.355852 0.943792 0.062220 0.062220
0 0.791649 0.088087 0.071945 0.071945
0 0.140237 0.011129 0.057104 0.057104
0 0.693611 0.002658 0.062220 0.062220
0 0.022622 0.135555 0.071945 0.071945
0 0.685903 0.367104 0.057104 0.057104
0 0.928883 0.855527 0.057104 0.057104
0 0.253185 0.361997 0.061130 0.061130
0 0.089495 0.670343 0.057104 0.057104
0 0.287911 0.667029 0.104277 0.104277
0 0.619706 0.440790 0.057104 0.057104
0 0.525555 0.188811 0.104277 0.104277
0 0.482473 0.764157 0.052757 0.052757
0 0.911626 0.995465 0.057104 0.057104
0 0.293944 0.434910 0.061130 0.061130
0 0.591897 0.258248 0.052757 0.052757
0 0.470925 0.476931 0.071945 0.071945
0 0.760567 0.026250 0.104277 0.104277
0 0.599052 0.123792 0.071945 0.071945
0 0.920288 0.781828 0.104277 0.104277
0 0.236851 0.119412 0.057104 0.057104
0 0.339390 0.373720 0.071945 0.071945
0 0.087573 0.160711 0.057104 0.057104
0 0.815808 0.186992 0.104277 0.104277
0 0.989621 0.809423 0.104277 0.104277
0 0.070627 0.857405 0.057104 0.057104
0 0.479454 0.247948 0.052757 0.052757
0 0.773889 0.365102 0.062220 0.062220
0 0.571282 0.650540 0.061131 0.061131