0 0.682886 0.936856 0.052757 0.052757
0 0.632535 0.430177 0.062220 0.062220
0 0.557092 0.657393 0.052757 0.052757
0 0.103877 0.858536 0.071945 0.071945
0 0.579420 0.304562 0.057103 0.057103
0 0.748473 0.551853 0.071945 0.071945
0 0.213020 0.277848 0.104277 0.104277
0 0.795721 0.614292 0.061130 0.061130
0 0.350766 0.350207 0.052757 0.052757
0 0.973855 0.738247 0.052757 0.052757
0 0.727240 0.827332 0.057104 0.057104
0 0.814171 0.823589 0.057104 0.057104
0 0.124490 0.632272 0.104278 0.104278
0 0.784225 0.054752 0.057104 0.057104
0 0.511540 0.126700 0.104277 0.104277
0 0.495582 0.568887 0.071945 0.071945
0 0.425337 0.561802 0.057104 0.057104
0 0.320301 0.059759 0.104277 0.104277
0 0.693390 0.727794 0.057104 0.057104
0 0.178136 0.081590 0.062220 0.062220
0 0.721990 0.209883 0.057104 0.057104
0 0.251446 0.118111 0.062220 0.062220
0 0.233080 0.998552 0.071945 0.071945
0 0.840579 0.491985 0.061130 0.061130
0 0.094347 0.112865 0.104278 0.104278
0 0.642013 0.252318 0.052757 0.052757
0 0.428869 0.895562 0.071945 0.071945
0 0.395188 0.275660 0.062220 0.062220
0 0.094535 0.223620 0.071945 0.071945
0 0.567254 0.055348 0.057104 0.057104
0 0.845395 0.965473 0.061130 0.061130
0 0.724408 0.304383 0.057104 0.057104
0 0.626513 0.691746 0.104277 0.104277
0 0.490553 0.469924 0.057104 0.057104
0 0.732269 0.471671 0.057104 0.057104
0 0.397908 0.647053 0.057104 0.057104
0 0.772798 0.133712 0.052757 0.052757
0 0.843989 0.202793 0.104277 0.104277
0 0.600835 0.586008 0.104277 0.104277
0 0.884878 0.703411 0.052757 0.052757
0 0.183453 0.416111 0.062220 0.062220
0 0.615928 0.778308 0.104277 0.104277
0 0.440038 0.977260 0.071945 0.071945
0 0.405392 0.479307 0.052757 0.052757
0 0.600093 0.491277 0.052757 0.052757
0 0.417004 0.410598 0.061130 0.061130
0 0.559325 0.928391 0.052757 0.052757
0 0.785457 0.404770 0.104277 0.104277
0 0.920766 0.287967 0.061130 0.061130
0 0.656679 0.142398 0.057104 0.057104
0 0.485958 0.325416 0.071945 0.071945
0 0.323972 0.738039 0.061130 0.061130
0 0.908177 0.023118 0.062220 0.062220
0 0.765900 0.901077 0.071945 0.071945
0 0.690845 0.654047 0.062220 0.062220
0 0.315066 0.931918 0.061130 0.061130
0 0.468757 0.066566 0.052757 0.052757
0 0.997944 0.364081 0.062220 0.062220
0 0.651777 0.859744 0.104277 0.104277
0 0.201598 0.802190 0.061130 0.061130
0 0.265119 0.187767 0.057104 0.057104
0 0.801121 0.278491 0.061130 0.061130
0 0.962709 0.427699 0.104278 0.104278
0 0.343155 0.438743 0.061130 0.061130
0 0.309767 0.275929 0.062220 0.062220
0 0.487585 0.674539 0.057104 0.057104
0 0.798093 0.683446 0.057104 0.057104
0 0.217076 0.721602 0.057104 0.057104
0 0.289781 0.616713 0.104277 0.104277
0 0.136661 0.927862 0.061130 0.061130
0 0.100257 0.419625 0.061130 0.061130
0 0.898284 0.608186 0.057104 0.057104
0 0.622561 0.005300 0.061130 0.061130
0 0.487349 0.752648 0.061130 0.061130
0 0.417186 0.739927 0.062220 0.062220
0 0.762201 0.757911 0.048997 0.048997
0 0.141473 0.347633 0.061130 0.061130
0 0.333172 0.197994 0.057104 0.057104
0 0.965227 0.662542 0.062220 0.062220
0 0.188705 0.563305 0.104277 0.104277
0 0.191540 0.205343 0.052757 0.052757
0 0.862560 0.080747 0.061130 0.061130
0 0.698870 0.389093 0.057104 0.057104
0 0.897286 0.385779 0.104277 0.104277
0 0.573628 0.379442 0.104277 0.104277
0 0.961209 0.903903 0.062220 0.062220
0 0.147247 0.720650 0.057104 0.057104
0 0.903319 0.153660 0.061130 0.061130
0 0.194693 0.879424 0.057104 0.057104
0 0.964786 0.814092 0.061131 0.061131
0 0.385747 0.824467 0.071945 0.071945
0 0.597755 0.184519 0.062220 0.062220
0 0.948765 0.092470 0.071945 0.071945
0 0.227087 0.353315 0.071945 0.071945
0 0.539560 0.852288 0.104277 0.104277
0 0.305686 0.817391 0.071945 0.071945
0 0.295937 0.540250 0.061130 0.061130
0 0.379025 0.107675 0.104277 0.104277
0 0.497566 0.243374 0.052757 0.052757
0 0.680002 0.576155 0.057104 0.057104
0 0.444817 0.168831 0.062220 0.062220
0 0.099007 0.509057 0.071945 0.071945
0 0.892294 0.910897 0.071945 0.071945
0 0.131558 0.026718 0.061130 0.061130
0 0.263959 0.476440 0.062220 0.062220