0 0.737255 0.084867 0.071945 0.071945
0 0.532432 0.588286 0.104277 0.104277
0 0.564912 0.929555 0.061131 0.061131
0 0.722534 0.552814 0.104277 0.104277
0 0.273596 0.916743 0.104277 0.104277
0 0.766723 0.749062 0.057104 0.057104
0 0.635989 0.199144 0.062220 0.062220
0 0.893176 0.954022 0.062221 0.062221
0 0.768967 0.197091 0.057104 0.057104
0 0.782082 0.917027 0.104277 0.104277
0 0.859108 0.710941 0.104277 0.104277
0 0.801778 0.122399 0.052757 0.052757
0 0.685564 0.462571 0.057104 0.057104
0 0.613724 0.314054 0.104277 0.104277
0 0.596027 0.665950 0.104277 0.104277
0 0.401668 0.852714 0.052757 0.052757
0 0.598918 0.504530 0.061131 0.061131
0 0.608726 0.128437 0.052757 0.052757
0 0.345606 0.963239 0.057104 0.057104
0 0.482134 0.428063 0.071945 0.071945
0 0.664745 0.907195 0.104277 0.104277
0 0.699143 0.328342 0.062220 0.062220
0 0.535022 0.723605 0.062220 0.062220
0 0.372848 0.790153 0.057104 0.057104
0 0.369695 0.629328 0.052757 0.052757
0 0.480849 0.767591 0.061130 0.061130
0 0.757300 0.449593 0.071945 0.071945
0 0.839097 0.220134 0.071945 0.071945
0 0.195718 0.616631 0.061131 0.061131
0 0.700885 0.148747 0.071945 0.071945
0 0.137930 0.936656 0.052757 0.052757
0 0.784987 0.826409 0.071945 0.071945
0 0.690712 0.640400 0.061130 0.061130
0 0.130844 0.537938 0.062220 0.062220
0 0.423778 0.724614 0.061131 0.061131
0 0.473005 0.658067 0.057104 0.057104
0 0.888032 0.158347 0.071945 0.071945
0 0.539919 0.251872 0.071945 0.071945
0 0.102728 0.221972 0.061131 0.061131
0 0.390368 0.133023 0.061130 0.061130
0 0.900598 0.081710 0.071945 0.071945
0 0.415381 0.251898 0.104277 0.104277
0 0.883410 0.579977 0.057104 0.057104
0 0.166140 0.118442 0.071945 0.071945
0 0.539297 0.383575 0.104277 0.104277
0 0.831385 0.327275 0.104278 0.104278
0 0.696499 0.715275 0.061130 0.061130
0 0.017191 0.052743 0.104277 0.104277
0 0.228223 0.367356 0.071945 0.071945
0 0.209591 0.818775 0.104277 0.104277
0 0.425101 0.955265 0.062220 0.062220
0 0.242031 0.501770 0.061131 0.061131
0 0.017641 0.550467 0.061130 0.061130
0 0.100127 0.448255 0.104277 0.104277
0 0.599465 0.051284 0.062220 0.062220
0 0.313008 0.332715 0.062220 0.062220
0 0.835742 0.633979 0.052757 0.052757
0 0.005052 0.285618 0.062220 0.062220
0 0.331570 0.572149 0.057104 0.057104
0 0.196039 0.046917 0.061131 0.061131
0 0.492173 0.873116 0.071945 0.071945
0 0.102052 0.856244 0.052757 0.052757
0 0.094819 0.626581 0.062220 0.062220
0 0.099883 0.084235 0.061131 0.061131
0 0.455056 0.530773 0.071945 0.071945
0 0.059584 0.690199 0.104278 0.104278
0 0.062867 0.162398 0.052757 0.052757
0 0.142501 0.357219 0.061131 0.061131
0 0.360055 0.054761 0.057104 0.057104
0 0.309727 0.754370 0.062220 0.062220
0 0.872828 0.409317 0.057104 0.057104
0 0.753768 0.379437 0.057104 0.057104
0 0.611138 0.403323 0.052757 0.052757
0 0.116602 0.756110 0.062220 0.062220
0 0.361188 0.505197 0.052757 0.052757
0 0.148522 0.688481 0.071945 0.071945
0 0.062102 0.925042 0.062220 0.062220
0 0.880546 0.804548 0.104277 0.104277
0 0.497899 0.069337 0.071945 0.071945
0 0.392153 0.348354 0.057104 0.057104
0 0.635133 0.836777 0.057104 0.057104
0 0.773990 0.015696 0.062220 0.062220
0 0.325956 0.422040 0.057104 0.057104
0 0.231805 0.170061 0.104277 0.104277
0 0.188723 0.745407 0.052757 0.052757
0 0.617876 0.976715 0.057104 0.057104
0 0.000194 0.416160 0.061130 0.061130
0 0.298147 0.239498 0.052757 0.052757
0 0.177175 0.458181 0.071945 0.071945
0 0.466817 0.007500 0.104277 0.104277
0 0.305302 0.105042 0.071945 0.071945
0 0.626538 0.763078 0.104277 0.104277
0 0.853530 0.512782 0.061130 0.061130
0 0.045640 0.354970 0.071945 0.071945
0 0.834119 0.049924 0.104278 0.104278
0 0.522058 0.168242 0.104277 0.104277
0 0.695871 0.790673 0.104277 0.104277
0 0.710051 0.986931 0.052757 0.052757
0 0.185704 0.229198 0.052757 0.052757
0 0.480139 0.346352 0.062220 0.062220
0 0.277532 0.631790 0.061131 0.061131