0 0.166044 0.912486 0.061130 0.061130
0 0.568989 0.874195 0.052757 0.052757
0 0.099137 0.772815 0.104277 0.104277
0 0.160963 0.681767 0.071945 0.071945
0 0.312776 0.667377 0.071945 0.071945
0 0.391529 0.874235 0.104277 0.104277
0 0.066815 0.874384 0.052757 0.052757
0 0.469393 0.920760 0.071945 0.071945
0 0.363682 0.216411 0.104277 0.104277
0 0.396162 0.557680 0.061131 0.061131
0 0.553784 0.180939 0.104277 0.104277
0 0.104846 0.544868 0.104277 0.104277
0 0.597973 0.377187 0.057104 0.057104
0 0.724426 0.582147 0.062221 0.062221
0 0.613332 0.545152 0.104277 0.104277
0 0.690358 0.339066 0.104277 0.104277
0 0.516814 0.090696 0.057104 0.057104
0 0.427277 0.294075 0.104277 0.104277
0 0.232918 0.480839 0.052757 0.052757
0 0.714379 0.854261 0.071945 0.071945
0 0.430168 0.132655 0.061131 0.061131
0 0.143722 0.839023 0.061131 0.061131
0 0.176856 0.591364 0.057104 0.057104
0 0.313384 0.056188 0.071945 0.071945
0 0.227938 0.799518 0.052757 0.052757
0 0.495995 0.535320 0.104277 0.104277
0 0.366272 0.351730 0.062220 0.062220
0 0.284145 0.735478 0.057104 0.057104
0 0.204098 0.418278 0.057104 0.057104
0 0.200945 0.257453 0.052757 0.052757
0 0.674694 0.688235 0.052757 0.052757
0 0.396618 0.957489 0.036679 0.036679
0 0.312099 0.395716 0.061130 0.061130
0 0.588550 0.077718 0.071945 0.071945
0 0.026968 0.244756 0.061131 0.061131
0 0.614607 0.649046 0.062221 0.062221
0 0.230380 0.888100 0.057104 0.057104
0 0.616237 0.454534 0.071945 0.071945
0 0.553152 0.684675 0.052757 0.052757
0 0.521962 0.268525 0.061130 0.061130
0 0.540258 0.752537 0.104277 0.104277
0 0.255028 0.352739 0.061131 0.061131
0 0.445896 0.776169 0.104277 0.104277
0 0.074243 0.647064 0.071945 0.071945
0 0.304255 0.286192 0.057104 0.057104
0 0.536801 0.943644 0.062220 0.062220
0 0.714660 0.208102 0.057104 0.057104
0 0.036367 0.807182 0.057104 0.057104
0 0.370547 0.011700 0.104277 0.104277
0 0.392823 0.717877 0.061130 0.061130
0 0.527749 0.343400 0.061130 0.061130
0 0.471583 0.848492 0.061130 0.061130
0 0.040841 0.446900 0.104277 0.104277
0 0.342919 0.812360 0.062220 0.062220
0 0.256351 0.583390 0.062220 0.062220
0 0.620048 0.959568 0.104277 0.104277
0 0.073281 0.129895 0.061131 0.061131
0 0.288582 0.957903 0.062220 0.062220
0 0.666992 0.262104 0.052757 0.052757
0 0.162820 0.200274 0.057104 0.057104
0 0.323423 0.501241 0.071945 0.071945
0 0.286306 0.158898 0.071945 0.071945
0 0.062599 0.986965 0.052757 0.052757
0 0.140977 0.382495 0.062220 0.062220
0 0.734249 0.733476 0.071945 0.071945
0 0.704078 0.037442 0.057104 0.057104
0 0.585018 0.007562 0.057104 0.057104
0 0.442388 0.031448 0.052757 0.052757
0 0.485140 0.995968 0.061131 0.061131
0 0.617415 0.783698 0.071945 0.071945
0 0.192438 0.133322 0.052757 0.052757
0 0.711796 0.432673 0.104277 0.104277
0 0.466383 0.464902 0.057104 0.057104
0 0.157206 0.050165 0.057104 0.057104
0 0.019973 0.373532 0.052757 0.052757
0 0.449126 0.604840 0.057104 0.057104
0 0.008425 0.086306 0.071945 0.071945
0 0.457788 0.391203 0.104277 0.104277
0 0.684780 0.140907 0.061130 0.061130
0 0.527121 0.418798 0.104277 0.104277
0 0.541301 0.615056 0.052757 0.052757
0 0.108782 0.259915 0.061131 0.061131