0 0.784592 0.230727 0.104277 0.104277
0 0.741044 0.018736 0.061130 0.061130
0 0.457052 0.438255 0.104278 0.104278
0 0.934882 0.228403 0.062220 0.062220
0 0.986216 0.998011 0.071945 0.071945
0 0.512708 0.875377 0.104277 0.104277
0 0.575196 0.599603 0.052757 0.052757
0 0.755493 0.786349 0.061130 0.061130
0 0.247687 0.956571 0.052757 0.052757
0 0.099729 0.590578 0.061130 0.061130
0 0.474490 0.549060 0.052757 0.052757
0 0.928437 0.748225 0.071945 0.071945
0 0.495561 0.720287 0.052757 0.052757
0 0.239112 0.869150 0.104277 0.104277
0 0.778716 0.145542 0.057104 0.057104
0 0.571868 0.795422 0.071945 0.071945
0 0.321469 0.800948 0.104277 0.104277
0 0.814578 0.332178 0.051819 0.051819
0 0.245636 0.770008 0.061130 0.061130
0 0.109697 0.354912 0.057104 0.057104
0 0.460744 0.008733 0.104277 0.104277
0 0.994726 0.275891 0.052757 0.052757
0 0.152707 0.667965 0.104277 0.104277
0 0.185556 0.141561 0.057104 0.057104
0 0.707284 0.620979 0.104277 0.104277
0 0.372577 0.947003 0.104277 0.104277
0 0.971618 0.063739 0.036679 0.036679
0 0.406898 0.349693 0.052757 0.052757
0 0.890419 0.402522 0.104277 0.104277
0 0.885556 0.329229 0.071945 0.071945
0 0.094579 0.509448 0.104277 0.104277
0 0.168059 0.907930 0.052757 0.052757
0 0.649741 0.871711 0.052757 0.052757
0 0.592027 0.341938 0.052757 0.052757
0 0.030534 0.591505 0.052757 0.052757
0 0.459765 0.794466 0.104277 0.104277
0 0.407062 0.656112 0.057104 0.057104
0 0.612399 0.737716 0.052757 0.052757
0 0.806874 0.489151 0.054783 0.054783
0 0.943717 0.934287 0.062220 0.062220
0 0.974426 0.423063 0.057103 0.057103
0 0.310230 0.880098 0.061130 0.061130
0 0.745797 0.938288 0.071945 0.071945
0 0.774976 0.601317 0.071945 0.071945
0 0.775236 0.672141 0.061130 0.061130
0 0.558100 0.262569 0.071945 0.071945
0 0.051910 0.789040 0.052757 0.052757
0 0.331777 0.468166 0.061130 0.061130
0 0.223130 0.367008 0.071945 0.071945
0 0.389779 0.582704 0.052757 0.052757
0 0.655256 0.497819 0.057104 0.057104
0 0.430326 0.908458 0.071945 0.071945
0 0.231878 0.090194 0.071945 0.071945
0 0.212034 0.535301 0.061130 0.061130
0 0.182703 0.451636 0.062220 0.062220
0 0.326473 0.302822 0.062220 0.062220
0 0.442134 0.131822 0.061130 0.061130
0 0.574173 0.975097 0.061130 0.061130
0 0.669451 0.375945 0.052757 0.052757
0 0.232072 0.697602 0.052757 0.052757
0 0.382246 0.733887 0.057104 0.057104
0 0.017789 0.911533 0.057104 0.057104
0 0.377446 0.034083 0.061130 0.061130
0 0.527200 0.088618 0.104277 0.104277
0 0.690605 0.186491 0.071945 0.071945
0 0.075945 0.953371 0.071945 0.071945
0 0.899389 0.589809 0.052757 0.052757
0 0.380900 0.240209 0.061130 0.061130
0 0.480993 0.332745 0.057104 0.057104
0 0.373142 0.156527 0.104277 0.104277
0 0.580594 0.410361 0.062220 0.062220
0 0.577761 0.137155 0.104277 0.104277
0 0.556666 0.024465 0.052757 0.052757
0 0.587066 0.669026 0.104277 0.104277
0 0.942253 0.829320 0.052757 0.052757
0 0.863582 0.064153 0.062220 0.062220
0 0.323353 0.544801 0.104277 0.104277
0 0.854300 0.881184 0.052757 0.052757
0 0.283999 0.398822 0.071945 0.071945
0 0.673837 0.947571 0.057104 0.057104
0 0.526897 0.466450 0.104277 0.104277
0 0.681730 0.270407 0.057104 0.057104
0 0.025065 0.462889 0.071945 0.071945
0 0.164937 0.306986 0.050932 0.050932
0 0.301673 0.128100 0.052757 0.052757
0 0.067810 0.074991 0.071945 0.071945
0 0.919245 0.112071 0.071945 0.071945
0 0.278570 0.035160 0.061130 0.061130
0 0.637599 0.093215 0.052757 0.052757
0 0.491905 0.244662 0.057104 0.057104
0 0.883234 0.475900 0.104277 0.104277
0 0.025394 0.361622 0.071945 0.071945
0 0.275474 0.195126 0.061130 0.061130
0 0.137839 0.038285 0.071945 0.071945
0 0.587380 0.902561 0.050559 0.050559
0 0.716519 0.845340 0.061130 0.061130
0 0.845790 0.665712 0.071945 0.071945
0 0.947777 0.520098 0.057104 0.057104
0 0.987823 0.577236 0.104277 0.104277
0 0.489022 0.638117 0.061131 0.061131
0 0.336129 0.679442 0.104277 0.104277
0 0.844590 0.760265 0.071945 0.071945
0 0.793315 0.421197 0.052757 0.052757
0 0.720752 0.455424 0.104277 0.104277
0 0.236266 0.291811 0.062220 0.062220
0 0.032021 0.269715 0.062220 0.062220
0 0.012920 0.695544 0.071945 0.071945
0 0.411034 0.508169 0.071945 0.071945
0 0.242027 0.619198 0.061130 0.061130
0 0.651235 0.574389 0.071945 0.071945
0 0.110974 0.209485 0.052757 0.052757
0 0.142542 0.806648 0.104277 0.104277
0 0.957499 0.668840 0.104277 0.104277
0 0.681942 0.712329 0.104277 0.104277
0 0.106694 0.427590 0.071945 0.071945
0 0.856201 0.191970 0.057104 0.057104
0 0.190924 0.217366 0.071945 0.071945
0 0.181826 0.976908 0.104277 0.104277