0 0.059933 0.719729 0.062220 0.062220
0 0.021707 0.525705 0.062220 0.062220
0 0.511095 0.242532 0.071945 0.071945
0 0.712639 0.853183 0.052757 0.052757
0 0.786216 0.210511 0.071945 0.071945
0 0.312708 0.087877 0.104277 0.104277
0 0.818344 0.325881 0.052757 0.052757
0 0.519779 0.612864 0.061130 0.061130
0 0.962504 0.549369 0.062220 0.062220
0 0.961771 0.123826 0.104277 0.104277
0 0.047687 0.169071 0.052757 0.052757
0 0.945860 0.719562 0.052757 0.052757
0 0.581906 0.720956 0.104277 0.104277
0 0.059379 0.255620 0.104277 0.104277
0 0.405843 0.509245 0.104277 0.104277
0 0.364704 0.630856 0.104277 0.104277
0 0.251220 0.672830 0.071945 0.071945
0 0.409244 0.261987 0.062220 0.062220
0 0.039112 0.081650 0.104277 0.104277
0 0.371868 0.007922 0.071945 0.071945
0 0.121469 0.013448 0.104277 0.104277
0 0.838659 0.572165 0.104277 0.104277
0 0.434597 0.434245 0.057104 0.057104
0 0.928767 0.286945 0.104277 0.104277
0 0.978117 0.829286 0.061130 0.061130
0 0.949674 0.900266 0.104277 0.104277
0 0.883906 0.478064 0.071945 0.071945
0 0.807145 0.079583 0.104277 0.104277
0 0.444721 0.788855 0.062220 0.062220
0 0.502944 0.416681 0.104277 0.104277
0 0.920158 0.630823 0.052757 0.052757
0 0.660606 0.713873 0.062220 0.062220
0 0.388297 0.357743 0.061130 0.061130
0 0.267602 0.399617 0.057104 0.057104
0 0.172577 0.159503 0.104277 0.104277
0 0.009974 0.424565 0.062220 0.062220
0 0.867627 0.018081 0.057104 0.057104
0 0.910594 0.191756 0.062220 0.062220
0 0.663336 0.318943 0.052757 0.052757
0 0.205118 0.506375 0.057104 0.057104
0 0.321094 0.536466 0.104277 0.104277
0 0.115183 0.862521 0.071945 0.071945
0 0.051863 0.332775 0.057104 0.057104
0 0.782079 0.706693 0.062220 0.062220
0 0.630553 0.505811 0.071945 0.071945
0 0.260531 0.745795 0.071945 0.071945
0 0.840557 0.420820 0.102474 0.102474
0 0.067780 0.790531 0.057104 0.057104
0 0.881446 0.777940 0.071945 0.071945
0 0.449741 0.084211 0.052757 0.052757
0 0.734893 0.412995 0.104277 0.104277
0 0.088409 0.468218 0.057104 0.057104
0 0.259765 0.006966 0.104277 0.104277
0 0.783296 0.877734 0.104277 0.104277
0 0.743717 0.146787 0.062220 0.062220
0 0.587404 0.222337 0.061131 0.061131
0 0.031624 0.870184 0.052757 0.052757
0 0.110230 0.092598 0.061130 0.061130
0 0.545797 0.150788 0.071945 0.071945
0 0.333998 0.269337 0.062220 0.062220
0 0.867943 0.874621 0.104277 0.104277
0 0.548943 0.473648 0.057104 0.057104
0 0.286639 0.610187 0.057104 0.057104
0 0.361665 0.427175 0.104277 0.104277
0 0.154799 0.653851 0.062220 0.062220
0 0.230326 0.120958 0.071945 0.071945
0 0.275618 0.862917 0.057104 0.057104
0 0.689547 0.779626 0.062220 0.062220
0 0.664627 0.228059 0.052757 0.052757
0 0.019339 0.652610 0.104277 0.104277
0 0.374173 0.187597 0.061130 0.061130
0 0.644298 0.878197 0.052757 0.052757
0 0.647736 0.435169 0.062220 0.062220
0 0.181187 0.781788 0.061130 0.061130
0 0.592159 0.614928 0.104277 0.104277
0 0.184711 0.376906 0.062220 0.062220
0 0.162056 0.230762 0.071945 0.071945
0 0.319610 0.696940 0.062220 0.062220
0 0.504154 0.842658 0.052757 0.052757
0 0.776141 0.804594 0.052757 0.052757
0 0.190765 0.885138 0.062220 0.062220
0 0.420252 0.578581 0.062220 0.062220
0 0.742253 0.041820 0.052757 0.052757
0 0.294465 0.467928 0.071945 0.071945
0 0.654300 0.093684 0.052757 0.052757
0 0.595776 0.790488 0.061131 0.061131
0 0.473837 0.160071 0.057104 0.057104
0 0.944310 0.027224 0.061131 0.061131
0 0.571101 0.540650 0.104277 0.104277
0 0.845217 0.677761 0.052757 0.052757
0 0.741322 0.320120 0.055027 0.055027
0 0.873514 0.120942 0.061131 0.061131
0 0.532013 0.349033 0.062220 0.062220
0 0.414539 0.873568 0.061130 0.061130
0 0.951351 0.424298 0.104277 0.104277
0 0.559757 0.891703 0.062220 0.062220
0 0.387380 0.115061 0.050559 0.050559
0 0.681602 0.613196 0.052757 0.052757
0 0.516519 0.057840 0.061130 0.061130
0 0.201782 0.589408 0.052757 0.052757
0 0.488003 0.505996 0.071945 0.071945
0 0.356532 0.777053 0.061131 0.061131
0 0.604052 0.361843 0.104277 0.104277
0 0.768062 0.506100 0.061130 0.061130
0 0.446553 0.706106 0.104277 0.104277
0 0.128557 0.584686 0.052757 0.052757
0 0.162229 0.450072 0.061130 0.061130
0 0.246435 0.244743 0.052757 0.052757