0 0.835177 0.663255 0.104278 0.104278
0 0.953321 0.824603 0.052757 0.052757
0 0.012208 0.419363 0.052757 0.052757
0 0.564136 0.158731 0.052757 0.052757
0 0.477854 0.815578 0.061130 0.061130
0 0.852615 0.774060 0.052757 0.052757
0 0.873686 0.945287 0.052757 0.052757
0 0.928034 0.048574 0.062220 0.062220
0 0.623761 0.995008 0.061130 0.061130
0 0.487822 0.579912 0.057104 0.057104
0 0.838869 0.233733 0.104277 0.104277
0 0.530832 0.892965 0.104277 0.104277
0 0.563681 0.366561 0.057104 0.057104
0 0.785023 0.574693 0.052757 0.052757
0 0.190713 0.560765 0.071945 0.071945
0 0.329318 0.665287 0.104277 0.104277
0 0.249749 0.734211 0.052757 0.052757
0 0.608490 0.049207 0.057104 0.057104
0 0.472704 0.734448 0.104277 0.104277
0 0.695421 0.045464 0.057104 0.057104
0 0.918273 0.171983 0.071945 0.071945
0 0.970152 0.566938 0.052757 0.052757
0 0.162317 0.728409 0.052757 0.052757
0 0.408659 0.816505 0.052757 0.052757
0 0.785187 0.881112 0.057104 0.057104
0 0.990524 0.962716 0.052757 0.052757
0 0.936225 0.487569 0.071945 0.071945
0 0.709902 0.693166 0.061130 0.061130
0 0.601255 0.592008 0.071945 0.071945
0 0.767904 0.807704 0.052757 0.052757
0 0.989492 0.138432 0.057104 0.057104
0 0.121264 0.290883 0.071945 0.071945
0 0.311088 0.473512 0.061130 0.061130
0 0.114330 0.220427 0.071945 0.071945
0 0.610003 0.315194 0.071945 0.071945
0 0.590159 0.760301 0.061130 0.061130
0 0.560828 0.676636 0.062220 0.062220
0 0.704598 0.527822 0.062220 0.062220
0 0.820259 0.356822 0.061130 0.061130
0 0.029130 0.824813 0.061130 0.061130
0 0.610197 0.922602 0.052757 0.052757
0 0.760371 0.958887 0.057104 0.057104
0 0.310119 0.117437 0.071945 0.071945
0 0.263956 0.623290 0.104277 0.104277
0 0.755571 0.259083 0.061130 0.061130
0 0.726645 0.187348 0.061130 0.061130
0 0.905325 0.313618 0.104277 0.104277
0 0.759025 0.465209 0.061130 0.061130
0 0.497178 0.000183 0.104277 0.104277
0 0.321288 0.199135 0.071945 0.071945
0 0.859118 0.557745 0.057104 0.057104
0 0.751267 0.381527 0.104277 0.104277
0 0.958719 0.635361 0.062220 0.062220
0 0.955886 0.362155 0.104277 0.104277
0 0.440575 0.150266 0.052757 0.052757
0 0.934791 0.249465 0.052757 0.052757
0 0.272539 0.281360 0.052757 0.052757
0 0.965191 0.894026 0.104277 0.104277
0 0.116175 0.620991 0.052757 0.052757
0 0.013544 0.341699 0.104278 0.104278
0 0.647150 0.122952 0.071945 0.071945
0 0.701478 0.769801 0.104277 0.104277
0 0.196316 0.153793 0.061130 0.061130
0 0.662124 0.623822 0.071945 0.071945
0 0.204266 0.474948 0.104277 0.104277
0 0.905022 0.691450 0.104277 0.104277
0 0.533027 0.081619 0.104277 0.104277
0 0.403190 0.687889 0.071945 0.071945
0 0.543062 0.531986 0.050932 0.050932
0 0.082848 0.024065 0.061130 0.061130
0 0.679798 0.353100 0.052757 0.052757
0 0.155173 0.385818 0.057104 0.057104
0 0.445935 0.299991 0.071945 0.071945
0 0.656695 0.260160 0.061130 0.061130
0 0.232297 0.224619 0.062220 0.062220
0 0.870030 0.469662 0.057104 0.057104
0 0.403519 0.586622 0.071945 0.071945
0 0.311156 0.349793 0.104277 0.104277
0 0.017911 0.149737 0.061130 0.061130
0 0.082379 0.708201 0.104277 0.104277
0 0.093485 0.962268 0.057104 0.057104
0 0.653599 0.420126 0.061130 0.061130
0 0.515964 0.263285 0.071945 0.071945
0 0.276487 0.950904 0.104277 0.104277
0 0.326630 0.795139 0.104277 0.104277
0 0.867147 0.863117 0.061131 0.061131
0 0.110253 0.450535 0.062220 0.062220
0 0.714254 0.904442 0.104277 0.104277
0 0.317136 0.571441 0.052757 0.052757
0 0.842459 0.125778 0.062220 0.062220
0 0.614391 0.516811 0.062220 0.062220
0 0.410146 0.494715 0.062220 0.062220
0 0.232303 0.869916 0.052757 0.052757
0 0.075943 0.101299 0.057104 0.057104
0 0.846036 0.035967 0.061131 0.061131
0 0.111532 0.784705 0.104277 0.104277
0 0.201192 0.942552 0.061130 0.061130
0 0.266997 0.046342 0.071945 0.071945
0 0.050037 0.546604 0.057104 0.057104
0 0.420810 0.074163 0.104277 0.104277
0 0.324535 0.885502 0.062220 0.062220
0 0.186936 0.039266 0.071945 0.071945
0 0.391045 0.920544 0.071945 0.071945
0 0.789159 0.733169 0.071945 0.071945
0 0.620152 0.844198 0.061130 0.061130
0 0.259914 0.404720 0.071945 0.071945
0 0.354999 0.409689 0.047555 0.047555
0 0.489099 0.434485 0.052757 0.052757
0 0.001639 0.727436 0.071945 0.071945
0 0.119516 0.533490 0.057103 0.057103
0 0.773544 0.132772 0.071945 0.071945
0 0.484819 0.652590 0.071945 0.071945
0 0.103227 0.856047 0.104277 0.104277
0 0.569049 0.442366 0.071945 0.071945
0 0.016181 0.237953 0.062220 0.062220