0 0.163058 0.854104 0.062220 0.062220
0 0.124832 0.660080 0.062220 0.062220
0 0.614220 0.376907 0.071945 0.071945
0 0.815764 0.987558 0.052757 0.052757
0 0.889341 0.344886 0.071945 0.071945
0 0.415833 0.222252 0.104277 0.104277
0 0.921469 0.460256 0.052757 0.052757
0 0.622904 0.747239 0.061130 0.061130
0 0.658618 0.133224 0.061130 0.061130
0 0.150812 0.303446 0.052757 0.052757
0 0.685031 0.855331 0.104277 0.104277
0 0.162504 0.389995 0.104277 0.104277
0 0.508968 0.643620 0.104277 0.104277
0 0.467829 0.765231 0.104277 0.104277
0 0.354345 0.807205 0.071945 0.071945
0 0.831562 0.095100 0.071945 0.071945
0 0.398686 0.067162 0.052757 0.052757
0 0.512369 0.396362 0.062220 0.062220
0 0.142237 0.216025 0.104277 0.104277
0 0.474993 0.142297 0.071945 0.071945
0 0.224594 0.147823 0.104277 0.104277
0 0.941784 0.706540 0.104277 0.104277
0 0.148761 0.116883 0.061130 0.061130
0 0.537722 0.568620 0.057104 0.057104
0 0.987031 0.612439 0.071945 0.071945
0 0.055832 0.014840 0.104277 0.104277
0 0.910270 0.213958 0.104277 0.104277
0 0.547846 0.923230 0.062220 0.062220
0 0.606069 0.551056 0.104277 0.104277
0 0.763731 0.848248 0.062220 0.062220
0 0.491422 0.492118 0.061130 0.061130
0 0.370727 0.533992 0.057104 0.057104
0 0.275702 0.293878 0.104277 0.104277
0 0.032255 0.433482 0.061130 0.061130
0 0.113099 0.558940 0.062220 0.062220
0 0.970752 0.152456 0.057104 0.057104
0 0.766461 0.453318 0.052757 0.052757
0 0.913469 0.084240 0.062220 0.062220
0 0.308243 0.640750 0.057104 0.057104
0 0.424219 0.670841 0.104277 0.104277
0 0.218308 0.996896 0.071945 0.071945
0 0.154988 0.467150 0.057104 0.057104
0 0.885204 0.841068 0.062220 0.062220
0 0.733678 0.640186 0.071945 0.071945
0 0.363656 0.880170 0.071945 0.071945
0 0.071184 0.254805 0.052757 0.052757
0 0.943682 0.555195 0.102474 0.102474
0 0.170905 0.924906 0.057104 0.057104
0 0.984571 0.912315 0.071945 0.071945
0 0.552866 0.218586 0.052757 0.052757
0 0.838018 0.547370 0.104277 0.104277
0 0.191534 0.602593 0.057104 0.057104
0 0.362890 0.141341 0.104277 0.104277
0 0.310187 0.002987 0.057104 0.057104
0 0.515524 0.084591 0.052757 0.052757
0 0.003609 0.514694 0.061130 0.061130
0 0.846842 0.281162 0.062220 0.062220
0 0.690529 0.356712 0.061131 0.061131
0 0.213355 0.226973 0.061130 0.061130
0 0.648922 0.285163 0.071945 0.071945
0 0.437123 0.403712 0.062220 0.062220
0 0.678361 0.019016 0.061130 0.061130
0 0.652068 0.608023 0.057104 0.057104
0 0.389764 0.744562 0.057104 0.057104
0 0.464790 0.561550 0.104277 0.104277
0 0.094054 0.895920 0.050891 0.050891
0 0.257924 0.788226 0.062220 0.062220
0 0.333451 0.255333 0.071945 0.071945
0 0.378743 0.997292 0.057104 0.057104
0 0.792672 0.914001 0.062220 0.062220
0 0.767752 0.362434 0.052757 0.052757
0 0.026705 0.821066 0.062220 0.062220
0 0.122464 0.786985 0.104277 0.104277
0 0.477298 0.321972 0.061130 0.061130
0 0.135197 0.044477 0.052757 0.052757
0 0.285371 0.080762 0.057104 0.057104
0 0.750861 0.569544 0.062220 0.062220
0 0.284312 0.916163 0.061130 0.061130
0 0.695284 0.749303 0.104277 0.104277
0 0.287836 0.511281 0.062220 0.062220
0 0.265181 0.365137 0.071945 0.071945
0 0.422735 0.831315 0.062220 0.062220
0 0.607279 0.977033 0.052757 0.052757
0 0.879266 0.938969 0.052757 0.052757
0 0.490191 0.015901 0.104277 0.104277
0 0.523377 0.712956 0.062220 0.062220
0 0.845378 0.176195 0.052757 0.052757
0 0.397590 0.602303 0.071945 0.071945
0 0.757425 0.228059 0.052757 0.052757
0 0.698901 0.924863 0.061131 0.061131
0 0.576962 0.294446 0.057104 0.057104
0 0.073632 0.719005 0.104277 0.104277
0 0.953072 0.025862 0.057104 0.057104
0 0.674226 0.675025 0.104277 0.104277
0 0.948342 0.812136 0.052757 0.052757
0 0.844447 0.454495 0.055027 0.055027
0 0.976639 0.255317 0.061131 0.061131
0 0.635138 0.483408 0.062220 0.062220
0 0.490505 0.249436 0.050559 0.050559
0 0.784727 0.747571 0.052757 0.052757
0 0.619644 0.192215 0.061130 0.061130
0 0.748915 0.012587 0.071945 0.071945
0 0.304907 0.723783 0.052757 0.052757
0 0.591128 0.640371 0.071945 0.071945
0 0.459657 0.911428 0.061131 0.061131
0 0.239254 0.026317 0.104277 0.104277
0 0.747715 0.107140 0.071945 0.071945
0 0.707177 0.496218 0.104277 0.104277
0 0.871187 0.640475 0.061130 0.061130
0 0.549678 0.840481 0.104277 0.104277
0 0.231682 0.719061 0.052757 0.052757
0 0.265354 0.584447 0.061130 0.061130
0 0.045667 0.153523 0.104277 0.104277
0 0.860624 0.015715 0.104277 0.104277
0 0.585067 0.059204 0.104277 0.104277
0 0.349560 0.379118 0.052757 0.052757
0 0.084951 0.323783 0.104277 0.104277