0 0.899755 0.231742 0.071945 0.071945
0 0.694932 0.735161 0.104277 0.104277
0 0.885034 0.699689 0.104277 0.104277
0 0.929223 0.895937 0.057104 0.057104
0 0.798489 0.346019 0.062220 0.062220
0 0.931467 0.343966 0.057104 0.057104
0 0.964278 0.269274 0.052757 0.052757
0 0.848064 0.609446 0.057104 0.057104
0 0.776224 0.460929 0.104277 0.104277
0 0.758527 0.812825 0.104277 0.104277
0 0.564168 0.999589 0.052757 0.052757
0 0.761418 0.651405 0.061131 0.061131
0 0.061745 0.000948 0.062220 0.062220
0 0.771226 0.275312 0.052757 0.052757
0 0.007848 0.961228 0.071945 0.071945
0 0.644634 0.574938 0.071945 0.071945
0 0.861643 0.475217 0.062220 0.062220
0 0.697522 0.870480 0.062220 0.062220
0 0.535348 0.937028 0.057104 0.057104
0 0.532195 0.776203 0.052757 0.052757
0 0.643349 0.914466 0.061130 0.061130
0 0.919800 0.596468 0.071945 0.071945
0 0.015819 0.059790 0.062220 0.062220
0 0.358218 0.763506 0.061131 0.061131
0 0.162393 0.036802 0.070161 0.070161
0 0.863385 0.295622 0.071945 0.071945
0 0.043600 0.464127 0.057104 0.057104
0 0.947487 0.973284 0.071945 0.071945
0 0.853212 0.787275 0.061130 0.061130
0 0.293344 0.684813 0.062220 0.062220
0 0.586278 0.871489 0.061131 0.061131
0 0.635505 0.804942 0.057104 0.057104
0 0.432307 0.127999 0.071945 0.071945
0 0.713706 0.035375 0.061130 0.061130
0 0.248100 0.066555 0.062220 0.062220
0 0.702419 0.398747 0.071945 0.071945
0 0.265228 0.368847 0.061131 0.061131
0 0.552868 0.279898 0.061130 0.061130
0 0.577881 0.398773 0.104277 0.104277
0 0.284671 0.130391 0.104277 0.104277
0 0.328640 0.265317 0.071945 0.071945
0 0.701797 0.530450 0.104277 0.104277
0 0.099954 0.901360 0.061130 0.061130
0 0.993885 0.474150 0.104278 0.104278
0 0.858999 0.862150 0.061130 0.061130
0 0.014529 0.380554 0.104277 0.104277
0 0.179691 0.199618 0.104277 0.104277
0 0.943236 0.043654 0.057104 0.057104
0 0.390723 0.514231 0.071945 0.071945
0 0.372091 0.965650 0.104277 0.104277
0 0.032173 0.543087 0.052757 0.052757
0 0.103364 0.612168 0.104277 0.104277
0 0.071921 0.181279 0.062220 0.062220
0 0.404531 0.648645 0.061131 0.061131
0 0.044832 0.814145 0.104277 0.104277
0 0.180141 0.697342 0.061130 0.061130
0 0.262627 0.595130 0.104277 0.104277
0 0.798390 0.136592 0.062220 0.062220
0 0.761965 0.198159 0.062220 0.062220
0 0.313975 0.009854 0.062220 0.062220
0 0.475508 0.479590 0.062220 0.062220
0 0.998242 0.780854 0.052757 0.052757
0 0.167552 0.432493 0.062220 0.062220
0 0.494070 0.719024 0.057104 0.057104
0 0.358539 0.193792 0.061131 0.061131
0 0.257319 0.773456 0.062220 0.062220
0 0.262383 0.231110 0.061131 0.061131
0 0.530924 0.005314 0.071945 0.071945
0 0.617556 0.677648 0.071945 0.071945
0 0.060496 0.687866 0.061130 0.061130
0 0.222084 0.837074 0.104278 0.104278
0 0.225367 0.309273 0.052757 0.052757
0 0.305001 0.504094 0.061131 0.061131
0 0.724117 0.125306 0.052757 0.052757
0 0.522555 0.201636 0.057104 0.057104
0 0.130334 0.109306 0.052757 0.052757
0 0.472227 0.901245 0.062220 0.062220
0 0.377480 0.042969 0.071945 0.071945
0 0.916268 0.526312 0.057104 0.057104
0 0.640466 0.018844 0.052757 0.052757
0 0.773638 0.550198 0.052757 0.052757
0 0.279102 0.902985 0.062220 0.062220
0 0.103418 0.334688 0.104277 0.104277
0 0.523688 0.652072 0.052757 0.052757
0 0.311022 0.835356 0.071945 0.071945
0 0.660399 0.216212 0.071945 0.071945
0 0.008987 0.139254 0.057104 0.057104
0 0.562361 0.130783 0.062220 0.062220
0 0.554653 0.495229 0.057104 0.057104
0 0.797633 0.983652 0.057104 0.057104
0 0.121935 0.490122 0.061130 0.061130
0 0.156661 0.795154 0.104277 0.104277
0 0.936490 0.162571 0.062220 0.062220
0 0.488456 0.568915 0.057104 0.057104
0 0.394305 0.316936 0.104277 0.104277
0 0.351223 0.892282 0.052757 0.052757
0 0.162694 0.563035 0.061130 0.061130
0 0.460647 0.386373 0.052757 0.052757
0 0.339675 0.605056 0.071945 0.071945
0 0.629317 0.154375 0.104277 0.104277
0 0.467802 0.251917 0.071945 0.071945
0 0.789038 0.909953 0.104277 0.104277
0 0.481775 0.061931 0.104277 0.104277
0 0.105601 0.247537 0.057104 0.057104
0 0.208140 0.501845 0.071945 0.071945
0 0.840742 0.006020 0.071945 0.071945
0 0.996619 0.196799 0.104278 0.104278
0 0.684558 0.315117 0.104277 0.104277
0 0.858371 0.937548 0.104277 0.104277
0 0.348204 0.376073 0.052757 0.052757
0 0.642639 0.493227 0.062220 0.062220
0 0.440032 0.778665 0.061131 0.061131