0 0.029920 0.389476 0.062220 0.062220
0 0.375558 0.729104 0.062220 0.062220
0 0.337332 0.535080 0.062220 0.062220
0 0.826720 0.251907 0.071945 0.071945
0 0.113234 0.842718 0.057103 0.057103
0 0.628333 0.097252 0.104277 0.104277
0 0.835404 0.622239 0.061130 0.061130
0 0.871118 0.008224 0.061130 0.061130
0 0.363312 0.178446 0.052757 0.052757
0 0.897531 0.730331 0.104277 0.104277
0 0.375004 0.264995 0.104277 0.104277
0 0.721468 0.518620 0.104277 0.104277
0 0.133906 0.589367 0.052757 0.052757
0 0.680329 0.640231 0.104277 0.104277
0 0.566845 0.682205 0.071945 0.071945
0 0.724869 0.271362 0.062220 0.062220
0 0.093097 0.674037 0.062220 0.062220
0 0.354737 0.091025 0.104277 0.104277
0 0.687493 0.017297 0.071945 0.071945
0 0.437094 0.022823 0.104277 0.104277
0 0.023049 0.704673 0.104277 0.104277
0 0.750222 0.443620 0.057104 0.057104
0 0.103537 0.395538 0.061130 0.061130
0 0.083953 0.307655 0.052757 0.052757
0 0.760346 0.798230 0.062220 0.062220
0 0.818569 0.426056 0.104277 0.104277
0 0.976231 0.723248 0.062220 0.062220
0 0.703922 0.367118 0.061130 0.061130
0 0.583227 0.408992 0.057104 0.057104
0 0.488202 0.168878 0.104277 0.104277
0 0.272978 0.888601 0.062220 0.062220
0 0.244755 0.308482 0.061130 0.061130
0 0.325599 0.433940 0.062220 0.062220
0 0.978961 0.328318 0.052757 0.052757
0 0.520743 0.515750 0.057104 0.057104
0 0.636719 0.545841 0.104277 0.104277
0 0.430808 0.871896 0.071945 0.071945
0 0.367488 0.342150 0.057104 0.057104
0 0.132824 0.771281 0.061130 0.061130
0 0.946178 0.515186 0.071945 0.071945
0 0.576156 0.755170 0.071945 0.071945
0 0.185286 0.543593 0.062220 0.062220
0 0.283684 0.129805 0.052757 0.052757
0 0.383405 0.799906 0.057104 0.057104
0 0.765366 0.093586 0.052757 0.052757
0 0.404034 0.477593 0.057104 0.057104
0 0.575390 0.016341 0.104277 0.104277
0 0.216109 0.389694 0.061130 0.061130
0 0.903029 0.231712 0.061131 0.061131
0 0.347249 0.879559 0.052757 0.052757
0 0.425855 0.101973 0.061130 0.061130
0 0.861422 0.160163 0.071945 0.071945
0 0.100686 0.032524 0.104278 0.104278
0 0.649623 0.278712 0.062220 0.062220
0 0.167535 0.010915 0.052757 0.052757
0 0.864568 0.483023 0.057104 0.057104
0 0.181339 0.650725 0.062220 0.062220
0 0.602264 0.619562 0.057104 0.057104
0 0.677290 0.436550 0.104277 0.104277
0 0.306554 0.770920 0.050891 0.050891
0 0.032380 0.786355 0.104277 0.104277
0 0.176996 0.265939 0.057104 0.057104
0 0.470424 0.663226 0.062220 0.062220
0 0.545951 0.130333 0.071945 0.071945
0 0.591243 0.872292 0.057104 0.057104
0 0.191574 0.849942 0.052757 0.052757
0 0.980252 0.237434 0.052757 0.052757
0 0.239205 0.696066 0.062220 0.062220
0 0.334964 0.661985 0.104277 0.104277
0 0.689798 0.196972 0.061130 0.061130
0 0.959923 0.887572 0.052757 0.052757
0 0.133414 0.133408 0.057104 0.057104
0 0.060689 0.099788 0.071945 0.071945
0 0.963361 0.444544 0.062220 0.062220
0 0.496812 0.791163 0.061130 0.061130
0 0.907784 0.624303 0.104277 0.104277
0 0.500336 0.386281 0.062220 0.062220
0 0.477681 0.240137 0.071945 0.071945
0 0.635235 0.706315 0.062220 0.062220
0 0.191570 0.175246 0.071945 0.071945
0 0.819779 0.852033 0.052757 0.052757
0 0.208152 0.768875 0.062220 0.062220
0 0.506390 0.894513 0.062220 0.062220
0 0.735877 0.587956 0.062220 0.062220
0 0.610090 0.477303 0.071945 0.071945
0 0.969925 0.103059 0.052757 0.052757
0 0.911401 0.799863 0.061131 0.061131
0 0.789462 0.169446 0.057104 0.057104
0 0.286132 0.594005 0.104277 0.104277
0 0.886726 0.550025 0.104277 0.104277
0 0.071099 0.210139 0.052757 0.052757
0 0.847638 0.358408 0.062220 0.062220
0 0.730164 0.882943 0.061130 0.061130
0 0.875382 0.901078 0.062220 0.062220
0 0.703005 0.124436 0.050559 0.050559
0 0.997227 0.622571 0.052757 0.052757
0 0.832144 0.067215 0.061130 0.061130
0 0.517407 0.598783 0.052757 0.052757
0 0.803628 0.515371 0.071945 0.071945
0 0.672157 0.786428 0.061131 0.061131
0 0.919677 0.371218 0.104277 0.104277
0 0.053374 0.502707 0.057104 0.057104
0 0.762178 0.715481 0.104277 0.104277
0 0.444182 0.594061 0.052757 0.052757
0 0.477854 0.459447 0.061130 0.061130
0 0.149335 0.478791 0.104277 0.104277
0 0.258167 0.028523 0.104277 0.104277
0 0.031718 0.023795 0.052757 0.052757
0 0.562060 0.254118 0.052757 0.052757
0 0.297451 0.198783 0.104277 0.104277