0 0.867995 0.282198 0.062220 0.062220
0 0.616987 0.585231 0.104277 0.104277
0 0.645045 0.995187 0.057103 0.057103
0 0.278645 0.968473 0.104277 0.104277
0 0.822069 0.341040 0.062220 0.062220
0 0.968643 0.318052 0.070161 0.070161
0 0.599363 0.309664 0.104278 0.104278
0 0.849850 0.745377 0.057104 0.057104
0 0.266084 0.124271 0.062220 0.062220
0 0.577165 0.817325 0.104277 0.104277
0 0.758044 0.289176 0.071945 0.071945
0 0.732464 0.057756 0.062220 0.062220
0 0.385926 0.750384 0.104277 0.104277
0 0.279503 0.364548 0.104277 0.104277
0 0.240509 0.259542 0.071945 0.071945
0 0.499459 0.347243 0.071945 0.071945
0 0.164770 0.197002 0.057104 0.057104
0 0.596562 0.681474 0.057104 0.057104
0 0.243761 0.772215 0.062220 0.062220
0 0.718265 0.140517 0.071945 0.071945
0 0.255426 0.662437 0.062220 0.062220
0 0.787615 0.900508 0.057104 0.057104
0 0.545132 0.630343 0.104277 0.104277
0 0.317071 0.808736 0.062220 0.062220
0 0.652569 0.079518 0.104277 0.104277
0 0.468810 0.155298 0.104277 0.104277
0 0.596031 0.191955 0.057104 0.057104
0 0.588114 0.055254 0.071945 0.071945
0 0.159972 0.803490 0.104278 0.104278
0 0.820779 0.661804 0.104277 0.104277
0 0.804977 0.011510 0.071945 0.071945
0 0.707638 0.942943 0.052757 0.052757
0 0.511493 0.499291 0.052757 0.052757
0 0.985941 0.480868 0.104277 0.104277
0 0.778554 0.482652 0.062220 0.062220
0 0.460813 0.966285 0.062220 0.062220
0 0.160160 0.914245 0.071945 0.071945
0 0.364304 0.424869 0.062220 0.062220
0 0.632879 0.745973 0.057104 0.057104
0 0.790033 0.995008 0.057104 0.057104
0 0.386405 0.064003 0.104277 0.104277
0 0.160224 0.565380 0.052757 0.052757
0 0.946732 0.187778 0.071945 0.071945
0 0.838423 0.824337 0.052757 0.052757
0 0.909614 0.893418 0.104277 0.104277
0 0.878171 0.462529 0.062220 0.062220
0 0.309762 0.540760 0.061130 0.061130
0 0.197542 0.096473 0.071945 0.071945
0 0.808374 0.122832 0.052757 0.052757
0 0.685696 0.385656 0.071945 0.071945
0 0.986391 0.978592 0.061130 0.061130
0 0.676362 0.621440 0.052757 0.052757
0 0.722304 0.833023 0.057104 0.057104
0 0.161130 0.459168 0.104277 0.104277
0 0.183795 0.303434 0.052757 0.052757
0 0.319521 0.201849 0.104277 0.104277
0 0.390625 0.151438 0.057104 0.057104
0 0.973802 0.713743 0.062220 0.062220
0 0.377173 0.509351 0.061130 0.061130
0 0.246347 0.488609 0.061130 0.061130
0 0.534382 0.757191 0.052757 0.052757
0 0.863971 0.177943 0.052757 0.052757
0 0.917654 0.006907 0.071945 0.071945
0 0.455287 0.448750 0.071945 0.071945
0 0.417201 0.228110 0.104277 0.104277
0 0.330744 0.878392 0.057104 0.057104
0 0.941588 0.088160 0.057104 0.057104
0 0.313714 0.299239 0.057104 0.057104
0 0.866746 0.969116 0.061130 0.061130
0 0.394274 0.621402 0.057104 0.057104
0 0.558098 0.130854 0.062220 0.062220
0 0.936584 0.390556 0.052757 0.052757
0 0.192729 0.632544 0.061130 0.061130
0 0.375392 0.966554 0.062220 0.062220
0 0.213377 0.398651 0.104278 0.104278
0 0.909668 0.615938 0.104277 0.104277
0 0.688186 0.695925 0.061130 0.061130
0 0.632037 0.515841 0.104277 0.104277
0 0.594738 0.386741 0.052757 0.052757
0 0.398797 0.888619 0.057104 0.057104
0 0.815237 0.420504 0.057104 0.057104
0 0.697622 0.544930 0.071945 0.071945
0 0.773766 0.185367 0.104277 0.104277
0 0.257165 0.895968 0.052757 0.052757
0 0.928185 0.771372 0.061130 0.061130
0 0.232880 0.186394 0.071945 0.071945
0 0.691759 0.307434 0.056505 0.056505
0 0.968944 0.844285 0.061130 0.061130
0 0.330778 0.669080 0.062220 0.062220
0 0.911851 0.528787 0.057104 0.057104
0 0.686056 0.238745 0.061130 0.061130
0 0.663380 0.875144 0.062220 0.062220
0 0.762573 0.570086 0.057104 0.057104
0 0.485610 0.262547 0.062220 0.062220
0 0.444650 0.798300 0.104277 0.104277
0 0.422873 0.382966 0.057104 0.057104
0 0.563191 0.933999 0.052757 0.052757
0 0.450052 0.678595 0.057104 0.057104
0 0.502886 0.049797 0.061130 0.061130
0 0.297541 0.057419 0.057104 0.057104
0 0.510442 0.859456 0.062220 0.062220
0 0.197183 0.717343 0.061130 0.061130