0 0.906005 0.575492 0.071945 0.071945
0 0.804739 0.689769 0.062220 0.062220
0 0.937717 0.687716 0.057104 0.057104
0 0.970528 0.613024 0.052757 0.052757
0 0.854314 0.953196 0.057104 0.057104
0 0.782474 0.804679 0.104277 0.104277
0 0.767668 0.995155 0.061131 0.061131
0 0.067995 0.344698 0.062220 0.062220
0 0.616993 0.122837 0.052757 0.052757
0 0.710206 0.069911 0.052757 0.052757
0 0.777476 0.619062 0.052757 0.052757
0 0.650884 0.918688 0.071945 0.071945
0 0.867893 0.818967 0.062220 0.062220
0 0.926050 0.940218 0.071945 0.071945
0 0.022069 0.403540 0.062220 0.062220
0 0.168643 0.380552 0.070161 0.070161
0 0.931005 0.034405 0.104277 0.104277
0 0.869635 0.639372 0.071945 0.071945
0 0.522017 0.039145 0.062220 0.062220
0 0.049850 0.807877 0.057104 0.057104
0 0.438557 0.471749 0.071945 0.071945
0 0.719956 0.379125 0.061130 0.061130
0 0.536216 0.159127 0.062220 0.062220
0 0.254350 0.410305 0.062220 0.062220
0 0.708669 0.742497 0.071945 0.071945
0 0.271478 0.712597 0.061131 0.061131
0 0.559118 0.623648 0.061130 0.061130
0 0.584131 0.742523 0.104277 0.104277
0 0.290921 0.474141 0.104277 0.104277
0 0.466116 0.126532 0.052757 0.052757
0 0.205380 0.319776 0.061130 0.061130
0 0.334890 0.609067 0.071945 0.071945
0 0.708047 0.874200 0.104277 0.104277
0 0.592501 0.295969 0.061130 0.061130
0 0.020779 0.724304 0.104277 0.104277
0 0.689055 0.275070 0.057104 0.057104
0 0.399106 0.205581 0.071945 0.071945
0 0.004977 0.074010 0.071945 0.071945
0 0.185941 0.543368 0.104277 0.104277
0 0.949486 0.387404 0.057104 0.057104
0 0.286805 0.287965 0.057104 0.057104
0 0.287561 0.090821 0.061131 0.061131
0 0.396973 0.857981 0.071945 0.071945
0 0.597000 0.046449 0.057104 0.057104
0 0.752167 0.223022 0.062220 0.062220
0 0.257277 0.190096 0.071945 0.071945
0 0.146732 0.250278 0.071945 0.071945
0 0.038423 0.886837 0.052757 0.052757
0 0.109614 0.955918 0.104277 0.104277
0 0.078171 0.525029 0.062220 0.062220
0 0.008374 0.185332 0.052757 0.052757
0 0.410781 0.992395 0.061131 0.061131
0 0.268877 0.938880 0.104277 0.104277
0 0.804640 0.480342 0.062220 0.062220
0 0.384396 0.108110 0.052757 0.052757
0 0.768215 0.541909 0.062220 0.062220
0 0.320225 0.353604 0.062220 0.062220
0 0.481758 0.823340 0.062220 0.062220
0 0.865411 0.073125 0.071945 0.071945
0 0.173802 0.776243 0.062220 0.062220
0 0.589910 0.213257 0.061131 0.061131
0 0.063971 0.240443 0.052757 0.052757
0 0.364789 0.537542 0.061131 0.061131
0 0.117654 0.069407 0.071945 0.071945
0 0.980690 0.164657 0.104278 0.104278
0 0.268633 0.574860 0.061131 0.061131
0 0.537174 0.349064 0.071945 0.071945
0 0.448639 0.046325 0.062220 0.062220
0 0.141588 0.150660 0.057104 0.057104
0 0.231617 0.653023 0.052757 0.052757
0 0.311251 0.847844 0.061131 0.061131
0 0.730367 0.469056 0.052757 0.052757
0 0.528805 0.545386 0.057104 0.057104
0 0.136584 0.453056 0.052757 0.052757
0 0.829908 0.212449 0.052757 0.052757
0 0.383730 0.386719 0.071945 0.071945
0 0.922518 0.870062 0.057104 0.057104
0 0.646716 0.362594 0.052757 0.052757
0 0.779888 0.893948 0.052757 0.052757
0 0.464904 0.248722 0.071945 0.071945
0 0.897761 0.153927 0.062220 0.062220
0 0.200358 0.037252 0.104277 0.104277
0 0.109668 0.678438 0.104277 0.104277
0 0.529938 0.995822 0.052757 0.052757
0 0.666649 0.559962 0.071945 0.071945
0 0.015237 0.483004 0.057104 0.057104
0 0.568611 0.474533 0.062220 0.062220
0 0.767327 0.114708 0.071945 0.071945
0 0.900066 0.269964 0.052559 0.052559
0 0.560903 0.838979 0.057104 0.057104
0 0.128185 0.833872 0.061130 0.061130
0 0.395310 0.309769 0.071945 0.071945
0 0.942740 0.506321 0.062220 0.062220
0 0.494706 0.912665 0.057104 0.057104
0 0.400555 0.660686 0.104277 0.104277
0 0.168944 0.906785 0.061130 0.061130
0 0.466897 0.730123 0.052757 0.052757
0 0.345925 0.948806 0.071945 0.071945
0 0.635567 0.498125 0.104277 0.104277
0 0.474052 0.595667 0.071945 0.071945
0 0.488025 0.405681 0.104277 0.104277
0 0.111851 0.591287 0.057104 0.057104
0 0.214390 0.845595 0.071945 0.071945
0 0.218957 0.251330 0.057103 0.057103
0 0.846992 0.349770 0.071945 0.071945
0 0.690808 0.658867 0.104277 0.104277
0 0.371674 0.037674 0.057104 0.057104
0 0.747585 0.313560 0.052757 0.052757
0 0.354454 0.719823 0.052757 0.052757
0 0.648889 0.836977 0.062220 0.062220
0 0.700281 0.162902 0.061131 0.061131
0 0.769998 0.036317 0.062220 0.062220