0 0.230958 0.850613 0.052757 0.052757
0 0.782886 0.589981 0.052757 0.052757
0 0.732535 0.083302 0.062220 0.062220
0 0.657092 0.310518 0.052757 0.052757
0 0.203877 0.511661 0.071945 0.071945
0 0.782431 0.797811 0.057104 0.057104
0 0.848473 0.204978 0.071945 0.071945
0 0.895721 0.267417 0.061130 0.061130
0 0.450766 0.003332 0.052757 0.052757
0 0.196793 0.920858 0.062220 0.062220
0 0.409463 0.992015 0.071945 0.071945
0 0.827240 0.480457 0.057104 0.057104
0 0.914171 0.476714 0.057104 0.057104
0 0.224490 0.285397 0.104278 0.104278
0 0.595582 0.222012 0.071945 0.071945
0 0.525337 0.214927 0.057104 0.057104
0 0.793390 0.380919 0.057104 0.057104
0 0.340014 0.722133 0.071945 0.071945
0 0.529838 0.904762 0.061130 0.061130
0 0.333080 0.651677 0.071945 0.071945
0 0.940579 0.145110 0.061130 0.061130
0 0.828753 0.746444 0.071945 0.071945
0 0.923348 0.959072 0.062220 0.062220
0 0.528869 0.548687 0.071945 0.071945
0 0.974321 0.690333 0.061130 0.061130
0 0.945395 0.618598 0.061130 0.061130
0 0.726513 0.344871 0.104277 0.104277
0 0.590553 0.123049 0.057104 0.057104
0 0.832269 0.124796 0.057104 0.057104
0 0.497908 0.300178 0.057104 0.057104
0 0.700835 0.239133 0.104277 0.104277
0 0.984878 0.356536 0.052757 0.052757
0 0.283453 0.069236 0.062220 0.062220
0 0.977775 0.896459 0.061130 0.061130
0 0.715928 0.431433 0.104277 0.104277
0 0.540038 0.630385 0.071945 0.071945
0 0.970017 0.812777 0.104277 0.104277
0 0.505392 0.132432 0.052757 0.052757
0 0.700093 0.144402 0.052757 0.052757
0 0.517004 0.063723 0.061130 0.061130
0 0.659325 0.581516 0.052757 0.052757
0 0.885457 0.057895 0.104277 0.104277
0 0.491289 0.712610 0.052757 0.052757
0 0.423972 0.391164 0.061130 0.061130
0 0.232294 0.772949 0.104278 0.104278
0 0.865900 0.554202 0.071945 0.071945
0 0.790845 0.307172 0.062220 0.062220
0 0.415066 0.585043 0.061130 0.061130
0 0.423016 0.906198 0.104277 0.104277
0 0.751777 0.512869 0.104277 0.104277
0 0.761812 0.963236 0.050932 0.050932
0 0.301598 0.455315 0.061130 0.061130
0 0.898548 0.784350 0.052757 0.052757
0 0.373923 0.817068 0.057104 0.057104
0 0.664685 0.731241 0.071945 0.071945
0 0.875445 0.691410 0.061130 0.061130
0 0.451047 0.655869 0.062220 0.062220
0 0.443155 0.091868 0.061130 0.061130
0 0.587585 0.327664 0.057104 0.057104
0 0.898093 0.336571 0.057104 0.057104
0 0.317076 0.374727 0.057104 0.057104
0 0.389781 0.269838 0.104277 0.104277
0 0.529906 0.781043 0.104277 0.104277
0 0.236661 0.580987 0.061130 0.061130
0 0.200257 0.072750 0.061130 0.061130
0 0.998284 0.261311 0.057104 0.057104
0 0.872349 0.851376 0.061130 0.061130
0 0.734714 0.694535 0.071945 0.071945
0 0.587349 0.405773 0.061130 0.061130
0 0.517186 0.393052 0.062220 0.062220
0 0.862201 0.411036 0.048997 0.048997
0 0.241473 0.000758 0.061130 0.061130
0 0.329003 0.881785 0.062220 0.062220
0 0.288705 0.216430 0.104277 0.104277
0 0.798870 0.042218 0.057104 0.057104
0 0.997286 0.038904 0.104277 0.104277
0 0.673628 0.032567 0.104277 0.104277
0 0.833141 0.948061 0.062220 0.062220
0 0.628896 0.925965 0.062220 0.062220
0 0.247247 0.373775 0.057104 0.057104
0 0.294693 0.532549 0.057104 0.057104
0 0.485747 0.477592 0.071945 0.071945
0 0.268787 0.977854 0.057104 0.057104
0 0.327087 0.006440 0.071945 0.071945
0 0.639560 0.505413 0.104277 0.104277
0 0.405686 0.470516 0.071945 0.071945
0 0.395937 0.193375 0.061130 0.061130
0 0.478664 0.835970 0.071945 0.071945
0 0.573749 0.840939 0.047555 0.047555
0 0.707849 0.865735 0.052757 0.052757
0 0.780002 0.229280 0.057104 0.057104
0 0.199007 0.162182 0.071945 0.071945
0 0.338266 0.964740 0.057103 0.057103
0 0.992294 0.564022 0.071945 0.071945
0 0.787799 0.873616 0.071945 0.071945
0 0.234931 0.669203 0.062220 0.062220
0 0.363959 0.129565 0.062220 0.062220