0 0.345545 0.536351 0.062220 0.062220
0 0.691183 0.875979 0.062220 0.062220
0 0.652957 0.681955 0.062220 0.062220
0 0.428859 0.989593 0.057103 0.057103
0 0.943958 0.244127 0.104277 0.104277
0 0.678937 0.325321 0.052757 0.052757
0 0.690629 0.411870 0.104277 0.104277
0 0.449531 0.736242 0.052757 0.052757
0 0.995954 0.787106 0.104277 0.104277
0 0.882470 0.829080 0.071945 0.071945
0 0.287874 0.591233 0.071945 0.071945
0 0.926811 0.089037 0.052757 0.052757
0 0.408722 0.820912 0.062220 0.062220
0 0.670362 0.237900 0.104277 0.104277
0 0.752719 0.169698 0.104277 0.104277
0 0.676886 0.138758 0.061130 0.061130
0 0.338674 0.851548 0.104277 0.104277
0 0.035809 0.047292 0.062220 0.062220
0 0.142296 0.624359 0.061130 0.061130
0 0.583957 0.036715 0.104277 0.104277
0 0.419162 0.542413 0.061130 0.061130
0 0.399578 0.454530 0.052757 0.052757
0 0.190724 0.920711 0.104278 0.104278
0 0.898852 0.555867 0.057104 0.057104
0 0.803827 0.315753 0.104277 0.104277
0 0.560380 0.455357 0.061130 0.061130
0 0.641224 0.580815 0.062220 0.062220
0 0.256414 0.166049 0.061130 0.061130
0 0.836368 0.662625 0.057104 0.057104
0 0.058885 0.284661 0.104278 0.104278
0 0.952344 0.692716 0.104277 0.104277
0 0.683113 0.489025 0.057104 0.057104
0 0.448449 0.918156 0.061130 0.061130
0 0.891781 0.902045 0.071945 0.071945
0 0.500911 0.690468 0.062220 0.062220
0 0.599309 0.276680 0.052757 0.052757
0 0.699030 0.946781 0.057104 0.057104
0 0.207898 0.723946 0.062220 0.062220
0 0.719659 0.624468 0.057104 0.057104
0 0.891015 0.163216 0.104277 0.104277
0 0.838312 0.024862 0.057104 0.057104
0 0.531734 0.536569 0.061130 0.061130
0 0.741480 0.248848 0.061130 0.061130
0 0.416311 0.179399 0.104278 0.104278
0 0.965248 0.425587 0.062220 0.062220
0 0.483160 0.157790 0.052757 0.052757
0 0.496964 0.797600 0.062220 0.062220
0 0.917889 0.766437 0.057104 0.057104
0 0.124269 0.336867 0.062220 0.062220
0 0.992915 0.583425 0.104277 0.104277
0 0.622179 0.917795 0.050891 0.050891
0 0.275601 0.424091 0.062220 0.062220
0 0.348005 0.933230 0.104277 0.104277
0 0.492621 0.412814 0.057104 0.057104
0 0.786049 0.810101 0.062220 0.062220
0 0.861576 0.277208 0.071945 0.071945
0 0.282775 0.756097 0.062220 0.062220
0 0.507199 0.996817 0.052757 0.052757
0 0.554830 0.842941 0.062220 0.062220
0 0.650589 0.808860 0.104277 0.104277
0 0.663322 0.066352 0.052757 0.052757
0 0.813496 0.102637 0.057104 0.057104
0 0.449039 0.280283 0.057104 0.057104
0 0.158037 0.517973 0.104278 0.104278
0 0.376314 0.246663 0.071945 0.071945
0 0.276675 0.511437 0.052757 0.052757
0 0.812437 0.938038 0.061130 0.061130
0 0.815961 0.533156 0.062220 0.062220
0 0.793306 0.387012 0.071945 0.071945
0 0.950860 0.853190 0.062220 0.062220
0 0.245473 0.981336 0.057104 0.057104
0 0.314899 0.326229 0.052757 0.052757
0 0.507195 0.322121 0.071945 0.071945
0 0.033223 0.354703 0.104277 0.104277
0 0.209578 0.565955 0.057104 0.057104
0 0.243156 0.234633 0.057104 0.057104
0 0.523777 0.915750 0.062220 0.062220
0 0.213653 0.312455 0.104277 0.104277
0 0.925715 0.624178 0.071945 0.071945
0 0.174780 0.431980 0.104277 0.104277
0 0.165234 0.213015 0.071945 0.071945
0 0.064933 0.956786 0.104277 0.104277
0 0.601757 0.740880 0.104277 0.104277
0 0.039403 0.154256 0.057104 0.057104
0 0.175054 0.841639 0.061131 0.061131
0 0.056190 0.836697 0.057104 0.057104
0 0.386724 0.357014 0.052757 0.052757
0 0.146610 0.106018 0.057104 0.057104
0 0.035349 0.764780 0.062220 0.062220
0 0.329612 0.094654 0.104277 0.104277
0 0.833032 0.745658 0.052757 0.052757
0 0.248391 0.856734 0.057104 0.057104
0 0.920272 0.006867 0.061131 0.061131
0 0.987782 0.933303 0.061131 0.061131
0 0.767379 0.048192 0.104277 0.104277
0 0.285428 0.013666 0.052757 0.052757
0 0.368999 0.649582 0.057104 0.057104
0 0.089761 0.557969 0.062220 0.062220
0 0.089935 0.485534 0.057104 0.057104
0 0.254317 0.086302 0.061130 0.061130
0 0.759807 0.740936 0.052757 0.052757
0 0.377660 0.029252 0.062220 0.062220
0 0.444170 0.064294 0.071945 0.071945
0 0.793479 0.606322 0.061130 0.061130
0 0.082163 0.210734 0.052757 0.052757
0 0.464960 0.625666 0.104277 0.104277
0 0.124938 0.749508 0.057104 0.057104
0 0.573792 0.175398 0.104277 0.104277
0 0.347343 0.170670 0.052757 0.052757
0 0.113589 0.893515 0.061130 0.061130
0 0.877685 0.400993 0.052757 0.052757
0 0.613076 0.345658 0.104277 0.104277
0 0.037678 0.633690 0.057104 0.057104