0 0.751721 0.901118 0.104277 0.104277
0 0.207535 0.677052 0.062220 0.062220
0 0.879793 0.837089 0.052757 0.052757
0 0.132092 0.904268 0.052757 0.052757
0 0.126362 0.141481 0.104277 0.104277
0 0.154420 0.551437 0.057103 0.057103
0 0.823731 0.947614 0.057104 0.057104
0 0.323473 0.798728 0.071945 0.071945
0 0.960259 0.412438 0.071945 0.071945
0 0.370721 0.861167 0.061130 0.061130
0 0.548855 0.985122 0.052757 0.052757
0 0.850973 0.774528 0.057104 0.057104
0 0.847820 0.613703 0.052757 0.052757
0 0.958974 0.751966 0.061130 0.061130
0 0.673843 0.601006 0.061131 0.061131
0 0.616055 0.921031 0.052757 0.052757
0 0.359225 0.301627 0.057104 0.057104
0 0.608969 0.522313 0.062220 0.062220
0 0.901903 0.708989 0.061131 0.061131
0 0.086540 0.373575 0.104277 0.104277
0 0.951130 0.642442 0.057104 0.057104
0 0.070582 0.815762 0.071945 0.071945
0 0.000337 0.808677 0.057104 0.057104
0 0.580853 0.206347 0.061131 0.061131
0 0.868493 0.117398 0.061130 0.061130
0 0.268390 0.974669 0.057104 0.057104
0 0.893506 0.236273 0.104277 0.104277
0 0.105937 0.237724 0.057104 0.057104
0 0.296990 0.456758 0.057104 0.057104
0 0.054507 0.186593 0.104277 0.104277
0 0.644265 0.102817 0.071945 0.071945
0 0.415579 0.738860 0.061130 0.061130
0 0.330154 0.218054 0.104277 0.104277
0 0.217013 0.499193 0.052757 0.052757
0 0.020868 0.055541 0.052757 0.052757
0 0.495316 0.037118 0.104277 0.104277
0 0.287929 0.038902 0.062220 0.062220
0 0.706348 0.351731 0.071945 0.071945
0 0.687716 0.803150 0.104277 0.104277
0 0.142254 0.302223 0.057104 0.057104
0 0.299408 0.551258 0.057104 0.057104
0 0.201513 0.938621 0.104277 0.104277
0 0.065553 0.716799 0.057104 0.057104
0 0.307269 0.718546 0.057104 0.057104
0 0.347798 0.380587 0.052757 0.052757
0 0.418989 0.449668 0.104277 0.104277
0 0.387546 0.018779 0.062220 0.062220
0 0.175835 0.832883 0.104277 0.104277
0 0.459878 0.950286 0.052757 0.052757
0 0.903226 0.939640 0.062220 0.062220
0 0.720156 0.486145 0.061131 0.061131
0 0.175093 0.738152 0.052757 0.052757
0 0.360457 0.651645 0.104277 0.104277
0 0.495766 0.534842 0.061130 0.061130
0 0.185737 0.177690 0.052757 0.052757
0 0.231679 0.389273 0.057104 0.057104
0 0.060958 0.572291 0.071945 0.071945
0 0.578252 0.432630 0.104277 0.104277
0 0.791133 0.317090 0.062220 0.062220
0 0.483177 0.269993 0.062220 0.062220
0 0.809695 0.556524 0.057104 0.057104
0 0.265845 0.900922 0.062220 0.062220
0 0.043757 0.313441 0.052757 0.052757
0 0.674164 0.031292 0.061131 0.061131
0 0.970298 0.857491 0.071945 0.071945
0 0.580177 0.840619 0.052757 0.052757
0 0.572944 0.610956 0.062220 0.062220
0 0.578008 0.068610 0.061131 0.061131
0 0.933181 0.515148 0.071945 0.071945
0 0.376121 0.525366 0.061130 0.061130
0 0.537709 0.674574 0.104278 0.104278
0 0.540992 0.146773 0.052757 0.052757
0 0.620626 0.341594 0.061131 0.061131
0 0.838180 0.039136 0.057104 0.057104
0 0.787852 0.738745 0.062220 0.062220
0 0.062585 0.921414 0.057104 0.057104
0 0.373093 0.930321 0.057104 0.057104
0 0.594727 0.740485 0.062220 0.062220
0 0.473284 0.855061 0.057104 0.057104
0 0.419043 0.172188 0.104277 0.104277
0 0.197561 0.252175 0.061130 0.061130
0 0.141412 0.072091 0.104277 0.104277
0 0.062349 0.999523 0.061130 0.061130
0 0.839313 0.489572 0.052757 0.052757
0 0.626647 0.672856 0.071945 0.071945
0 0.540227 0.909417 0.062220 0.062220
0 0.976024 0.053712 0.071945 0.071945
0 0.206997 0.101180 0.071945 0.071945
0 0.870278 0.332729 0.057104 0.057104
0 0.437560 0.327622 0.061130 0.061130
0 0.273870 0.635968 0.057104 0.057104
0 0.472286 0.632654 0.104277 0.104277
0 0.148628 0.626317 0.104277 0.104277
0 0.804081 0.406415 0.057104 0.057104
0 0.709930 0.154436 0.104277 0.104277
0 0.666848 0.729782 0.052757 0.052757
0 0.478319 0.400535 0.061130 0.061130
0 0.776272 0.223873 0.052757 0.052757
0 0.655300 0.442556 0.071945 0.071945
0 0.783427 0.089417 0.071945 0.071945
0 0.421226 0.085037 0.057104 0.057104
0 0.172755 0.431394 0.062220 0.062220
0 0.523765 0.339345 0.071945 0.071945
0 0.271948 0.126336 0.057104 0.057104
0 0.072566 0.490249 0.052757 0.052757
0 0.255002 0.823030 0.057104 0.057104
0 0.019817 0.415706 0.062220 0.062220
0 0.663829 0.213573 0.052757 0.052757
0 0.958264 0.330727 0.062220 0.062220
0 0.755657 0.616165 0.061131 0.061131