0 0.756005 0.447367 0.071945 0.071945
0 0.551182 0.950786 0.104277 0.104277
0 0.741284 0.915314 0.104277 0.104277
0 0.654739 0.561644 0.062220 0.062220
0 0.787717 0.559591 0.057104 0.057104
0 0.820528 0.484899 0.052757 0.052757
0 0.704314 0.825071 0.057104 0.057104
0 0.632474 0.676554 0.104277 0.104277
0 0.617668 0.867030 0.061131 0.061131
0 0.857206 0.118256 0.061130 0.061130
0 0.627476 0.490937 0.052757 0.052757
0 0.500884 0.790563 0.071945 0.071945
0 0.717893 0.690842 0.062220 0.062220
0 0.388445 0.991828 0.052757 0.052757
0 0.776050 0.812093 0.071945 0.071945
0 0.857847 0.582634 0.071945 0.071945
0 0.214468 0.979131 0.061131 0.061131
0 0.018643 0.252427 0.070161 0.070161
0 0.719635 0.511247 0.071945 0.071945
0 0.149594 0.900438 0.062220 0.062220
0 0.888148 0.345983 0.061131 0.061131
0 0.906782 0.520847 0.071945 0.071945
0 0.288557 0.343624 0.071945 0.071945
0 0.569956 0.251000 0.061130 0.061130
0 0.386216 0.031002 0.062220 0.062220
0 0.104350 0.282180 0.062220 0.062220
0 0.558669 0.614372 0.071945 0.071945
0 0.121478 0.584472 0.061131 0.061131
0 0.409118 0.495523 0.061130 0.061130
0 0.919348 0.444210 0.071945 0.071945
0 0.434131 0.614398 0.104277 0.104277
0 0.140921 0.346016 0.104277 0.104277
0 0.055380 0.191651 0.061130 0.061130
0 0.902160 0.942477 0.057104 0.057104
0 0.184890 0.480942 0.071945 0.071945
0 0.558047 0.746075 0.104277 0.104277
0 0.850135 0.689775 0.104278 0.104278
0 0.442501 0.167844 0.061130 0.061130
0 0.539055 0.146945 0.057104 0.057104
0 0.249106 0.077456 0.071945 0.071945
0 0.035941 0.415243 0.104277 0.104277
0 0.799486 0.259279 0.057104 0.057104
0 0.136805 0.159840 0.057104 0.057104
0 0.246973 0.729856 0.071945 0.071945
0 0.602167 0.094897 0.062220 0.062220
0 0.107277 0.061971 0.071945 0.071945
0 0.260781 0.864270 0.061131 0.061131
0 0.036391 0.912967 0.061130 0.061130
0 0.118877 0.810755 0.104277 0.104277
0 0.654640 0.352217 0.062220 0.062220
0 0.618215 0.413784 0.062220 0.062220
0 0.170225 0.225479 0.062220 0.062220
0 0.331758 0.695215 0.062220 0.062220
0 0.854492 0.996479 0.052757 0.052757
0 0.023802 0.648118 0.062220 0.062220
0 0.350320 0.934649 0.057104 0.057104
0 0.439910 0.085132 0.061131 0.061131
0 0.214789 0.409417 0.061131 0.061131
0 0.113569 0.989081 0.062220 0.062220
0 0.830690 0.036532 0.104278 0.104278
0 0.118633 0.446735 0.061131 0.061131
0 0.387174 0.220939 0.071945 0.071945
0 0.473806 0.893273 0.071945 0.071945
0 0.901854 0.221277 0.061131 0.061131
0 0.081617 0.524898 0.052757 0.052757
0 0.161251 0.719719 0.061131 0.061131
0 0.580367 0.340931 0.052757 0.052757
0 0.378805 0.417261 0.057104 0.057104
0 0.679908 0.084324 0.052757 0.052757
0 0.233730 0.258594 0.071945 0.071945
0 0.891578 0.771817 0.057104 0.057104
0 0.772518 0.741937 0.057104 0.057104
0 0.496716 0.234469 0.052757 0.052757
0 0.629888 0.765823 0.052757 0.052757
0 0.314904 0.120597 0.071945 0.071945
0 0.747761 0.025802 0.062220 0.062220
0 0.379938 0.867697 0.052757 0.052757
0 0.516649 0.431837 0.071945 0.071945
0 0.418611 0.346408 0.062220 0.062220
0 0.750066 0.141839 0.052559 0.052559
0 0.410903 0.710854 0.057104 0.057104
0 0.245310 0.181644 0.071945 0.071945
0 0.792740 0.378196 0.062220 0.062220
0 0.344706 0.784540 0.057104 0.057104
0 0.250555 0.532561 0.104277 0.104277
0 0.018944 0.778660 0.061130 0.061130
0 0.316897 0.601998 0.052757 0.052757
0 0.195925 0.820681 0.071945 0.071945
0 0.485567 0.370000 0.104277 0.104277
0 0.324052 0.467542 0.071945 0.071945
0 0.338025 0.277556 0.104277 0.104277
0 0.872280 0.875282 0.061130 0.061130
0 0.064390 0.717470 0.071945 0.071945
0 0.068957 0.123205 0.057103 0.057103
0 0.696992 0.221645 0.071945 0.071945
0 0.852869 0.412424 0.104278 0.104278
0 0.540808 0.530742 0.104277 0.104277
0 0.597585 0.185435 0.052757 0.052757
0 0.204454 0.591698 0.052757 0.052757
0 0.498889 0.708852 0.062220 0.062220
0 0.550281 0.034777 0.061131 0.061131
0 0.296282 0.994290 0.061131 0.061131