0 0.921630 0.316117 0.071945 0.071945
0 0.716807 0.819536 0.104277 0.104277
0 0.906909 0.784064 0.104277 0.104277
0 0.951098 0.980312 0.057104 0.057104
0 0.820364 0.430394 0.062220 0.062220
0 0.953342 0.428341 0.057104 0.057104
0 0.986153 0.353649 0.052757 0.052757
0 0.869939 0.693821 0.057104 0.057104
0 0.798099 0.545304 0.104277 0.104277
0 0.780402 0.897200 0.104277 0.104277
0 0.783293 0.735780 0.061131 0.061131
0 0.083620 0.085323 0.062220 0.062220
0 0.793101 0.359687 0.052757 0.052757
0 0.666509 0.659313 0.071945 0.071945
0 0.883518 0.559592 0.062220 0.062220
0 0.719397 0.954855 0.062220 0.062220
0 0.554070 0.860578 0.052757 0.052757
0 0.665224 0.998841 0.061130 0.061130
0 0.941675 0.680843 0.071945 0.071945
0 0.037694 0.144165 0.062220 0.062220
0 0.380093 0.847881 0.061131 0.061131
0 0.184268 0.121177 0.070161 0.070161
0 0.885260 0.379997 0.071945 0.071945
0 0.065475 0.548502 0.057104 0.057104
0 0.875087 0.871650 0.061130 0.061130
0 0.315219 0.769188 0.062220 0.062220
0 0.608153 0.955864 0.061131 0.061131
0 0.657380 0.889317 0.057104 0.057104
0 0.454182 0.212374 0.071945 0.071945
0 0.735581 0.119750 0.061130 0.061130
0 0.269975 0.150930 0.062220 0.062220
0 0.724294 0.483122 0.071945 0.071945
0 0.287103 0.453222 0.061131 0.061131
0 0.574743 0.364273 0.061130 0.061130
0 0.599756 0.483148 0.104277 0.104277
0 0.306546 0.214766 0.104277 0.104277
0 0.221005 0.060401 0.061130 0.061130
0 0.003240 0.703633 0.057104 0.057104
0 0.350515 0.349692 0.071945 0.071945
0 0.723672 0.614825 0.104277 0.104277
0 0.121829 0.985735 0.061130 0.061130
0 0.880874 0.946525 0.061130 0.061130
0 0.608126 0.036594 0.061130 0.061130
0 0.036404 0.464929 0.104277 0.104277
0 0.704680 0.015695 0.057104 0.057104
0 0.201566 0.283993 0.104277 0.104277
0 0.965111 0.128029 0.057104 0.057104
0 0.302430 0.028590 0.057104 0.057104
0 0.412598 0.598606 0.071945 0.071945
0 0.005658 0.798133 0.057104 0.057104
0 0.013519 0.965421 0.057104 0.057104
0 0.054048 0.627462 0.052757 0.052757
0 0.125239 0.696543 0.104277 0.104277
0 0.093796 0.265654 0.062220 0.062220
0 0.426406 0.733020 0.061131 0.061131
0 0.066707 0.898520 0.104277 0.104277
0 0.202016 0.781717 0.061130 0.061130
0 0.284502 0.679505 0.104277 0.104277
0 0.820265 0.220967 0.062220 0.062220
0 0.783840 0.282534 0.062220 0.062220
0 0.335850 0.094229 0.062220 0.062220
0 0.497383 0.563965 0.062220 0.062220
0 0.189427 0.516868 0.062220 0.062220
0 0.515945 0.803399 0.057104 0.057104
0 0.380414 0.278167 0.061131 0.061131
0 0.279194 0.857831 0.062220 0.062220
0 0.284258 0.315485 0.061131 0.061131
0 0.552799 0.089689 0.071945 0.071945
0 0.639431 0.762023 0.071945 0.071945
0 0.082371 0.772241 0.061130 0.061130
0 0.243959 0.921449 0.104278 0.104278
0 0.247242 0.393648 0.052757 0.052757
0 0.326876 0.588469 0.061131 0.061131
0 0.745992 0.209681 0.052757 0.052757
0 0.544430 0.286011 0.057104 0.057104
0 0.152209 0.193681 0.052757 0.052757
0 0.494102 0.985620 0.062220 0.062220
0 0.399355 0.127344 0.071945 0.071945
0 0.938143 0.610687 0.057104 0.057104
0 0.662341 0.103219 0.052757 0.052757
0 0.795513 0.634573 0.052757 0.052757
0 0.300977 0.987360 0.062220 0.062220
0 0.125293 0.419063 0.104277 0.104277
0 0.545563 0.736447 0.052757 0.052757
0 0.332897 0.919731 0.071945 0.071945
0 0.682274 0.300587 0.071945 0.071945
0 0.030862 0.223629 0.057104 0.057104
0 0.584236 0.215158 0.062220 0.062220
0 0.915691 0.010589 0.052559 0.052559
0 0.576528 0.579604 0.057104 0.057104
0 0.143810 0.574497 0.061130 0.061130
0 0.410935 0.050394 0.071945 0.071945
0 0.178536 0.879529 0.104277 0.104277
0 0.958365 0.246946 0.062220 0.062220
0 0.510331 0.653290 0.057104 0.057104
0 0.416180 0.401311 0.104277 0.104277
0 0.373098 0.976657 0.052757 0.052757
0 0.184569 0.647410 0.061130 0.061130
0 0.482522 0.470748 0.052757 0.052757
0 0.361550 0.689431 0.071945 0.071945
0 0.651192 0.238750 0.104277 0.104277
0 0.489677 0.336292 0.071945 0.071945
0 0.810913 0.994328 0.104277 0.104277
0 0.503650 0.146306 0.104277 0.104277
0 0.127476 0.331912 0.057104 0.057104
0 0.230015 0.586220 0.071945 0.071945
0 0.862617 0.090395 0.071945 0.071945
0 0.706433 0.399492 0.104277 0.104277
0 0.763210 0.054185 0.052757 0.052757
0 0.370079 0.460448 0.052757 0.052757
0 0.664514 0.577602 0.062220 0.062220
0 0.461907 0.863040 0.061131 0.061131