0 0.775217 0.596352 0.104277 0.104277
0 0.731669 0.384361 0.061130 0.061130
0 0.447677 0.803880 0.104278 0.104278
0 0.664762 0.244690 0.104277 0.104277
0 0.726588 0.153642 0.071945 0.071945
0 0.925507 0.594028 0.062220 0.062220
0 0.878401 0.139252 0.071945 0.071945
0 0.957154 0.346110 0.104277 0.104277
0 0.632440 0.346259 0.052757 0.052757
0 0.565821 0.965228 0.052757 0.052757
0 0.961787 0.029555 0.061131 0.061131
0 0.670471 0.016743 0.104277 0.104277
0 0.176636 0.299356 0.052757 0.052757
0 0.090354 0.956203 0.061130 0.061130
0 0.465115 0.914685 0.052757 0.052757
0 0.769341 0.511167 0.057104 0.057104
0 0.540534 0.189199 0.062220 0.062220
0 0.805203 0.697803 0.051819 0.051819
0 0.100322 0.720537 0.057104 0.057104
0 0.451369 0.374358 0.104277 0.104277
0 0.050842 0.019893 0.052757 0.052757
0 0.709347 0.310898 0.061131 0.061131
0 0.985351 0.641516 0.052757 0.052757
0 0.176181 0.507186 0.057104 0.057104
0 0.742481 0.063239 0.057104 0.057104
0 0.697909 0.986604 0.104277 0.104277
0 0.793563 0.271393 0.052757 0.052757
0 0.467605 0.100747 0.052757 0.052757
0 0.849770 0.207353 0.057104 0.057104
0 0.962243 0.429364 0.036679 0.036679
0 0.397523 0.715318 0.052757 0.052757
0 0.220990 0.189832 0.057104 0.057104
0 0.796005 0.359975 0.057104 0.057104
0 0.881044 0.768147 0.104277 0.104277
0 0.534805 0.036656 0.052757 0.052757
0 0.876181 0.694854 0.071945 0.071945
0 0.085204 0.875073 0.104277 0.104277
0 0.307921 0.186089 0.057104 0.057104
0 0.530773 0.312608 0.071945 0.071945
0 0.582652 0.707563 0.052757 0.052757
0 0.639868 0.118939 0.071945 0.071945
0 0.021159 0.957130 0.052757 0.052757
0 0.797499 0.854776 0.054783 0.054783
0 0.187140 0.090294 0.057104 0.057104
0 0.965051 0.788688 0.057103 0.057103
0 0.765601 0.966942 0.071945 0.071945
0 0.548725 0.628194 0.071945 0.071945
0 0.322402 0.833791 0.061130 0.061130
0 0.213755 0.732633 0.071945 0.071945
0 0.380404 0.948329 0.052757 0.052757
0 0.645881 0.863444 0.057104 0.057104
0 0.601992 0.279057 0.057104 0.057104
0 0.222503 0.455819 0.071945 0.071945
0 0.202659 0.900926 0.061130 0.061130
0 0.173328 0.817261 0.062220 0.062220
0 0.958448 0.189752 0.061130 0.061130
0 0.317098 0.668447 0.062220 0.062220
0 0.432759 0.497447 0.061130 0.061130
0 0.660076 0.741570 0.052757 0.052757
0 0.368071 0.399708 0.061130 0.061130
0 0.339145 0.327973 0.061130 0.061130
0 0.908544 0.284235 0.062220 0.062220
0 0.120263 0.054246 0.104277 0.104277
0 0.517825 0.454243 0.104277 0.104277
0 0.681230 0.552116 0.071945 0.071945
0 0.378628 0.065911 0.052757 0.052757
0 0.821976 0.055265 0.062220 0.062220
0 0.890014 0.955434 0.052757 0.052757
0 0.371525 0.605834 0.061130 0.061130
0 0.109678 0.140808 0.104277 0.104277
0 0.471618 0.698370 0.057104 0.057104
0 0.363767 0.522152 0.104277 0.104277
0 0.571219 0.775986 0.062220 0.062220
0 0.568386 0.502780 0.104277 0.104277
0 0.053075 0.290891 0.052757 0.052757
0 0.547291 0.390090 0.052757 0.052757
0 0.854207 0.429778 0.062220 0.062220
0 0.259650 0.263577 0.071945 0.071945
0 0.313978 0.910426 0.104277 0.104277
0 0.184595 0.016547 0.062220 0.062220
0 0.274624 0.764447 0.071945 0.071945
0 0.517522 0.832075 0.104277 0.104277
0 0.996418 0.512474 0.104277 0.104277
0 0.145527 0.222244 0.104277 0.104277
0 0.672355 0.636032 0.057104 0.057104
0 0.015690 0.828514 0.071945 0.071945
0 0.155562 0.672611 0.050932 0.050932
0 0.292298 0.493725 0.052757 0.052757
0 0.058435 0.440616 0.071945 0.071945
0 0.909870 0.477696 0.071945 0.071945
0 0.269195 0.400785 0.061130 0.061130
0 0.628224 0.458840 0.052757 0.052757
0 0.482530 0.610287 0.057104 0.057104
0 0.873859 0.841525 0.104277 0.104277
0 0.291843 0.045946 0.057104 0.057104
0 0.016019 0.727247 0.071945 0.071945
0 0.266099 0.560751 0.061130 0.061130
0 0.128464 0.403910 0.071945 0.071945
0 0.938402 0.885723 0.057104 0.057104
0 0.255951 0.120411 0.048997 0.048997
0 0.978448 0.942861 0.104277 0.104277
0 0.458977 0.025042 0.062220 0.062220
0 0.454959 0.266403 0.062220 0.062220
0 0.783940 0.786822 0.052757 0.052757
0 0.711377 0.821049 0.104277 0.104277
0 0.226891 0.657436 0.062220 0.062220
0 0.022646 0.635340 0.062220 0.062220
0 0.458536 0.176592 0.061131 0.061131
0 0.033310 0.214788 0.104277 0.104277
0 0.401659 0.873794 0.071945 0.071945
0 0.232652 0.984823 0.061130 0.061130
0 0.641860 0.940014 0.071945 0.071945
0 0.101599 0.575110 0.052757 0.052757
0 0.386044 0.273397 0.071945 0.071945
0 0.097319 0.793215 0.071945 0.071945
0 0.846826 0.557595 0.057104 0.057104
0 0.181549 0.582991 0.071945 0.071945