0 0.347677 0.160130 0.104278 0.104278
0 0.601720 0.751907 0.071945 0.071945
0 0.876841 0.719886 0.071945 0.071945
0 0.403333 0.597252 0.104277 0.104277
0 0.908969 0.835256 0.052757 0.052757
0 0.465821 0.321478 0.052757 0.052757
0 0.646118 0.508224 0.061130 0.061130
0 0.138312 0.678446 0.052757 0.052757
0 0.150004 0.764995 0.104277 0.104277
0 0.365115 0.270935 0.052757 0.052757
0 0.819062 0.470100 0.071945 0.071945
0 0.386186 0.442162 0.052757 0.052757
0 0.499869 0.771362 0.062220 0.062220
0 0.129737 0.591025 0.104277 0.104277
0 0.462493 0.517297 0.071945 0.071945
0 0.212094 0.522823 0.104277 0.104277
0 0.705203 0.054053 0.051819 0.051819
0 0.136261 0.491883 0.061130 0.061130
0 0.000322 0.076787 0.057104 0.057104
0 0.525222 0.943620 0.057104 0.057104
0 0.974531 0.987439 0.071945 0.071945
0 0.043332 0.389840 0.104277 0.104277
0 0.597909 0.342854 0.104277 0.104277
0 0.897770 0.588958 0.104277 0.104277
0 0.593569 0.926056 0.104277 0.104277
0 0.478922 0.867118 0.061130 0.061130
0 0.358227 0.908992 0.057104 0.057104
0 0.263202 0.668878 0.104277 0.104277
0 0.019755 0.808482 0.061130 0.061130
0 0.100599 0.933940 0.062220 0.062220
0 0.958252 0.527456 0.057104 0.057104
0 0.753961 0.828318 0.052757 0.052757
0 0.900969 0.459240 0.062220 0.062220
0 0.297523 0.071568 0.052757 0.052757
0 0.981281 0.063621 0.104277 0.104277
0 0.142488 0.842150 0.057104 0.057104
0 0.781044 0.124397 0.104277 0.104277
0 0.776181 0.051104 0.071945 0.071945
0 0.058684 0.629805 0.052757 0.052757
0 0.931182 0.930195 0.102474 0.102474
0 0.540366 0.593586 0.052757 0.052757
0 0.825518 0.922370 0.104277 0.104277
0 0.482652 0.063813 0.052757 0.052757
0 0.179034 0.977593 0.057104 0.057104
0 0.350390 0.516341 0.104277 0.104277
0 0.297687 0.377987 0.057104 0.057104
0 0.503024 0.459591 0.052757 0.052757
0 0.697499 0.211026 0.054783 0.054783
0 0.834342 0.656162 0.062220 0.062220
0 0.678029 0.731712 0.061131 0.061131
0 0.865051 0.144938 0.057103 0.057103
0 0.200855 0.601973 0.061130 0.061130
0 0.636422 0.660163 0.071945 0.071945
0 0.665601 0.323192 0.071945 0.071945
0 0.424623 0.778712 0.062220 0.062220
0 0.665861 0.394016 0.061130 0.061130
0 0.222402 0.190041 0.061130 0.061130
0 0.639568 0.983023 0.057104 0.057104
0 0.113755 0.088883 0.071945 0.071945
0 0.280404 0.304579 0.052757 0.052757
0 0.959357 0.211759 0.061131 0.061131
0 0.545881 0.219694 0.057104 0.057104
0 0.910535 0.079640 0.061131 0.061131
0 0.452290 0.936550 0.104277 0.104277
0 0.320951 0.630333 0.071945 0.071945
0 0.102659 0.257176 0.061130 0.061130
0 0.073328 0.173511 0.062220 0.062220
0 0.755252 0.737434 0.052757 0.052757
0 0.217098 0.024697 0.062220 0.062220
0 0.464798 0.696972 0.061130 0.061130
0 0.560076 0.097820 0.052757 0.052757
0 0.122697 0.419477 0.052757 0.052757
0 0.272871 0.455762 0.057104 0.057104
0 0.738361 0.944544 0.062220 0.062220
0 0.275336 0.886281 0.062220 0.062220
0 0.252681 0.740137 0.071945 0.071945
0 0.790014 0.311684 0.052757 0.052757
0 0.371618 0.054620 0.057104 0.057104
0 0.471219 0.132236 0.062220 0.062220
0 0.477691 0.390901 0.104277 0.104277
0 0.832878 0.551195 0.052757 0.052757
0 0.385090 0.977303 0.071945 0.071945
0 0.213978 0.266676 0.104277 0.104277
0 0.744925 0.603059 0.052757 0.052757
0 0.174624 0.120697 0.071945 0.071945
0 0.564462 0.669446 0.057104 0.057104
0 0.417522 0.188325 0.104277 0.104277
0 0.055562 0.028861 0.050932 0.050932
0 0.940572 0.400862 0.057104 0.057104
0 0.959607 0.135363 0.071945 0.071945
0 0.773859 0.197775 0.104277 0.104277
0 0.831947 0.829495 0.055027 0.055027
0 0.964139 0.630317 0.061131 0.061131
0 0.622638 0.858408 0.062220 0.062220
0 0.478005 0.624436 0.050559 0.050559
0 0.607144 0.567215 0.061130 0.061130
0 0.736415 0.387587 0.071945 0.071945
0 0.838402 0.241973 0.057104 0.057104
0 0.878448 0.299111 0.104277 0.104277
0 0.379647 0.359992 0.061131 0.061131
0 0.226754 0.401317 0.104277 0.104277
0 0.735215 0.482140 0.071945 0.071945
0 0.694677 0.871218 0.104277 0.104277
0 0.683940 0.143072 0.052757 0.052757
0 0.611377 0.177299 0.104277 0.104277
0 0.126891 0.013686 0.062220 0.062220
0 0.301659 0.230044 0.071945 0.071945
0 0.132652 0.341073 0.061130 0.061130
0 0.541860 0.296264 0.071945 0.071945
0 0.252854 0.959447 0.061130 0.061130
0 0.033167 0.528523 0.104277 0.104277
0 0.848124 0.390715 0.104277 0.104277
0 0.572567 0.434204 0.104277 0.104277
0 0.337060 0.754118 0.052757 0.052757
0 0.072451 0.698783 0.104277 0.104277