0 0.982971 0.776118 0.104277 0.104277
0 0.438785 0.552052 0.062220 0.062220
0 0.853034 0.948574 0.062220 0.062220
0 0.363342 0.779268 0.052757 0.052757
0 0.357612 0.016481 0.104277 0.104277
0 0.385670 0.426437 0.057103 0.057103
0 0.554723 0.673728 0.071945 0.071945
0 0.019270 0.399723 0.104277 0.104277
0 0.601971 0.736167 0.061130 0.061130
0 0.157016 0.472082 0.052757 0.052757
0 0.780105 0.860122 0.052757 0.052757
0 0.905093 0.476006 0.061131 0.061131
0 0.533490 0.949207 0.057104 0.057104
0 0.847305 0.796031 0.052757 0.052757
0 0.620421 0.945464 0.057104 0.057104
0 0.590475 0.176627 0.057104 0.057104
0 0.840219 0.397313 0.062220 0.062220
0 0.952368 0.878314 0.071945 0.071945
0 0.317790 0.248575 0.104277 0.104277
0 0.301832 0.690762 0.071945 0.071945
0 0.231587 0.683677 0.057104 0.057104
0 0.812103 0.081347 0.061131 0.061131
0 0.126551 0.181634 0.104277 0.104277
0 0.499640 0.849669 0.057104 0.057104
0 0.337187 0.112724 0.057104 0.057104
0 0.528240 0.331758 0.057104 0.057104
0 0.285757 0.061593 0.104277 0.104277
0 0.057696 0.239986 0.062220 0.062220
0 0.646829 0.613860 0.061130 0.061130
0 0.561404 0.093054 0.104277 0.104277
0 0.448263 0.374193 0.052757 0.052757
0 0.201438 0.397535 0.062220 0.062220
0 0.937598 0.226731 0.071945 0.071945
0 0.918966 0.678150 0.104277 0.104277
0 0.373504 0.177223 0.057104 0.057104
0 0.530658 0.426258 0.057104 0.057104
0 0.432763 0.813621 0.104277 0.104277
0 0.296803 0.591799 0.057104 0.057104
0 0.538519 0.593546 0.057104 0.057104
0 0.204158 0.768928 0.057104 0.057104
0 0.579048 0.255587 0.052757 0.052757
0 0.650239 0.324668 0.104277 0.104277
0 0.407085 0.707883 0.104277 0.104277
0 0.691128 0.825286 0.052757 0.052757
0 0.422178 0.900183 0.104277 0.104277
0 0.211642 0.601182 0.052757 0.052757
0 0.951406 0.361145 0.061131 0.061131
0 0.406343 0.613152 0.052757 0.052757
0 0.223254 0.532473 0.061130 0.061130
0 0.591707 0.526645 0.104277 0.104277
0 0.727016 0.409842 0.061130 0.061130
0 0.416987 0.052690 0.052757 0.052757
0 0.462929 0.264273 0.057104 0.057104
0 0.292208 0.447291 0.071945 0.071945
0 0.809502 0.307630 0.104277 0.104277
0 0.130222 0.859914 0.061130 0.061130
0 0.714427 0.144993 0.062220 0.062220
0 0.497095 0.775922 0.062220 0.062220
0 0.275007 0.188441 0.052757 0.052757
0 0.811427 0.715619 0.052757 0.052757
0 0.804194 0.485956 0.062220 0.062220
0 0.458027 0.981619 0.104277 0.104277
0 0.007848 0.924065 0.061130 0.061130
0 0.071369 0.309642 0.057104 0.057104
0 0.607371 0.400366 0.061130 0.061130
0 0.134899 0.052652 0.057104 0.057104
0 0.768959 0.549574 0.104278 0.104278
0 0.772242 0.021773 0.052757 0.052757
0 0.851876 0.216594 0.061131 0.061131
0 0.149405 0.560618 0.061130 0.061130
0 0.116017 0.397804 0.062220 0.062220
0 0.293835 0.796414 0.057104 0.057104
0 0.604343 0.805321 0.057104 0.057104
0 0.023326 0.843477 0.057104 0.057104
0 0.096031 0.738588 0.104277 0.104277
0 0.825977 0.615485 0.062220 0.062220
0 0.704534 0.730061 0.057104 0.057104
0 0.650293 0.047188 0.104277 0.104277
0 0.428811 0.127175 0.061130 0.061130
0 0.293599 0.874523 0.061130 0.061130
0 0.223436 0.861802 0.062220 0.062220
0 0.568451 0.879786 0.048997 0.048997
0 0.857897 0.547856 0.071945 0.071945
0 0.139422 0.319869 0.057104 0.057104
0 0.771477 0.784417 0.062220 0.062220
0 0.668810 0.202622 0.061130 0.061130
0 0.505120 0.510968 0.057104 0.057104
0 0.703536 0.507654 0.104277 0.104277
0 0.379878 0.501317 0.104277 0.104277
0 0.941180 0.029436 0.104277 0.104277
0 0.898098 0.604782 0.052757 0.052757
0 0.709569 0.275535 0.061130 0.061130
0 0.071403 0.100330 0.062220 0.062220
0 0.771036 0.935967 0.061131 0.061131
0 0.886550 0.317556 0.071945 0.071945
0 0.191997 0.946342 0.071945 0.071945
0 0.404005 0.306394 0.062220 0.062220
0 0.755015 0.214345 0.071945 0.071945
0 0.033337 0.475190 0.071945 0.071945
0 0.503198 0.001336 0.057104 0.057104
0 0.345810 0.974163 0.104277 0.104277
0 0.111936 0.939266 0.071945 0.071945
0 0.102187 0.662125 0.061130 0.061130
0 0.185275 0.229550 0.104277 0.104277
0 0.303816 0.365249 0.052757 0.052757
0 0.190677 0.109845 0.057104 0.057104
0 0.486252 0.698030 0.057104 0.057104
0 0.251067 0.290706 0.062220 0.062220
0 0.895079 0.088573 0.052757 0.052757
0 0.070209 0.598315 0.062220 0.062220
0 0.986907 0.491165 0.061131 0.061131