0 0.429920 0.342601 0.062220 0.062220
0 0.775558 0.682229 0.062220 0.062220
0 0.737332 0.488205 0.062220 0.062220
0 0.513234 0.795843 0.057103 0.057103
0 0.763312 0.131571 0.052757 0.052757
0 0.775004 0.218120 0.104277 0.104277
0 0.533906 0.542492 0.052757 0.052757
0 0.966845 0.635330 0.071945 0.071945
0 0.372249 0.397483 0.071945 0.071945
0 0.493097 0.627162 0.062220 0.062220
0 0.398130 0.820144 0.071945 0.071945
0 0.754737 0.044150 0.104277 0.104277
0 0.423049 0.657798 0.104277 0.104277
0 0.226671 0.430609 0.061130 0.061130
0 0.503537 0.348663 0.061130 0.061130
0 0.483953 0.260780 0.052757 0.052757
0 0.275099 0.726961 0.104278 0.104278
0 0.983227 0.362117 0.057104 0.057104
0 0.888202 0.122003 0.104277 0.104277
0 0.672978 0.841726 0.062220 0.062220
0 0.644755 0.261607 0.061130 0.061130
0 0.725599 0.387065 0.062220 0.062220
0 0.920743 0.468875 0.057104 0.057104
0 0.143260 0.090911 0.104278 0.104278
0 0.830808 0.825021 0.071945 0.071945
0 0.767488 0.295275 0.057104 0.057104
0 0.532824 0.724406 0.061130 0.061130
0 0.976156 0.708295 0.071945 0.071945
0 0.585286 0.496718 0.062220 0.062220
0 0.683684 0.082930 0.052757 0.052757
0 0.783405 0.753031 0.057104 0.057104
0 0.292273 0.530196 0.062220 0.062220
0 0.804034 0.430718 0.057104 0.057104
0 0.616109 0.342819 0.061130 0.061130
0 0.747249 0.832684 0.052757 0.052757
0 0.825855 0.055098 0.061130 0.061130
0 0.581339 0.603850 0.062220 0.062220
0 0.208644 0.143117 0.062220 0.062220
0 0.706554 0.724045 0.050891 0.050891
0 0.359976 0.230341 0.062220 0.062220
0 0.432380 0.739480 0.104277 0.104277
0 0.576996 0.219064 0.057104 0.057104
0 0.870424 0.616351 0.062220 0.062220
0 0.945951 0.083458 0.071945 0.071945
0 0.991243 0.825417 0.057104 0.057104
0 0.367150 0.562347 0.062220 0.062220
0 0.591574 0.803067 0.052757 0.052757
0 0.639205 0.649191 0.062220 0.062220
0 0.734964 0.615110 0.104277 0.104277
0 0.533414 0.086533 0.057104 0.057104
0 0.242412 0.324223 0.104278 0.104278
0 0.460689 0.052913 0.071945 0.071945
0 0.361050 0.317687 0.052757 0.052757
0 0.270233 0.833814 0.071945 0.071945
0 0.179621 0.839489 0.052757 0.052757
0 0.896812 0.744288 0.061130 0.061130
0 0.900336 0.339406 0.062220 0.062220
0 0.877681 0.193262 0.071945 0.071945
0 0.329848 0.787586 0.057104 0.057104
0 0.399274 0.132479 0.052757 0.052757
0 0.591570 0.128371 0.071945 0.071945
0 0.117598 0.160953 0.104277 0.104277
0 0.293953 0.372205 0.057104 0.057104
0 0.327531 0.040883 0.057104 0.057104
0 0.608152 0.722000 0.062220 0.062220
0 0.298028 0.118705 0.104277 0.104277
0 0.906390 0.847638 0.062220 0.062220
0 0.259155 0.238230 0.104277 0.104277
0 0.249609 0.019265 0.071945 0.071945
0 0.149308 0.763036 0.104277 0.104277
0 0.686132 0.547130 0.104277 0.104277
0 0.259429 0.647889 0.061131 0.061131
0 0.140565 0.642947 0.057104 0.057104
0 0.471099 0.163264 0.052757 0.052757
0 0.119724 0.571030 0.062220 0.062220
0 0.917407 0.551908 0.052757 0.052757
0 0.332766 0.662984 0.057104 0.057104
0 0.453374 0.455832 0.057104 0.057104
0 0.174136 0.364219 0.062220 0.062220
0 0.174310 0.291784 0.057104 0.057104
0 0.844182 0.547186 0.052757 0.052757
0 0.877854 0.412572 0.061130 0.061130
0 0.166538 0.016984 0.052757 0.052757
0 0.549335 0.431916 0.104277 0.104277
0 0.209313 0.555758 0.057104 0.057104
0 0.197964 0.699765 0.061130 0.061130
0 0.962060 0.207243 0.052757 0.052757
0 0.697451 0.151908 0.104277 0.104277
0 0.122053 0.439940 0.057104 0.057104