0 0.416044 0.881236 0.061130 0.061130
0 0.818989 0.842945 0.052757 0.052757
0 0.349137 0.741565 0.104277 0.104277
0 0.410963 0.650517 0.071945 0.071945
0 0.562776 0.636127 0.071945 0.071945
0 0.641529 0.842985 0.104277 0.104277
0 0.316815 0.843134 0.052757 0.052757
0 0.719393 0.889510 0.071945 0.071945
0 0.613682 0.185161 0.104277 0.104277
0 0.646162 0.526430 0.061131 0.061131
0 0.803784 0.149689 0.104277 0.104277
0 0.354846 0.513618 0.104277 0.104277
0 0.847973 0.345937 0.057104 0.057104
0 0.974426 0.550897 0.062221 0.062221
0 0.863332 0.513902 0.104277 0.104277
0 0.940358 0.307816 0.104277 0.104277
0 0.766814 0.059446 0.057104 0.057104
0 0.677277 0.262825 0.104277 0.104277
0 0.224909 0.686074 0.062220 0.062220
0 0.482918 0.449589 0.052757 0.052757
0 0.135744 0.871233 0.104277 0.104277
0 0.964379 0.823011 0.071945 0.071945
0 0.680168 0.101405 0.061131 0.061131
0 0.393722 0.807773 0.061131 0.061131
0 0.426856 0.560114 0.057104 0.057104
0 0.563384 0.024938 0.071945 0.071945
0 0.477938 0.768268 0.052757 0.052757
0 0.745995 0.504070 0.104277 0.104277
0 0.151980 0.597622 0.052757 0.052757
0 0.616272 0.320480 0.062220 0.062220
0 0.534145 0.704228 0.057104 0.057104
0 0.454098 0.387028 0.057104 0.057104
0 0.450945 0.226203 0.052757 0.052757
0 0.924694 0.656985 0.052757 0.052757
0 0.646618 0.926239 0.036679 0.036679
0 0.562099 0.364466 0.061130 0.061130
0 0.838550 0.046468 0.071945 0.071945
0 0.276968 0.213506 0.061131 0.061131
0 0.864607 0.617796 0.062221 0.062221
0 0.480380 0.856850 0.057104 0.057104
0 0.219180 0.533531 0.052757 0.052757
0 0.866237 0.423284 0.071945 0.071945
0 0.803152 0.653425 0.052757 0.052757
0 0.771962 0.237275 0.061130 0.061130
0 0.790258 0.721287 0.104277 0.104277
0 0.215148 0.809483 0.071945 0.071945
0 0.212094 0.134813 0.062220 0.062220
0 0.505028 0.321489 0.061131 0.061131
0 0.695896 0.744919 0.104277 0.104277
0 0.324243 0.615814 0.071945 0.071945
0 0.554255 0.254942 0.057104 0.057104
0 0.979026 0.970376 0.057104 0.057104
0 0.786801 0.912394 0.062220 0.062220
0 0.964660 0.176852 0.057104 0.057104
0 0.286367 0.775932 0.057104 0.057104
0 0.018704 0.351360 0.061130 0.061130
0 0.642823 0.686627 0.061130 0.061130
0 0.117134 0.994322 0.061130 0.061130
0 0.777749 0.312150 0.061130 0.061130
0 0.721583 0.817242 0.061130 0.061130
0 0.290841 0.415650 0.104277 0.104277
0 0.052446 0.896583 0.061130 0.061130
0 0.023520 0.824848 0.061130 0.061130
0 0.592919 0.781110 0.062220 0.062220
0 0.022114 0.062168 0.104277 0.104277
0 0.202200 0.951118 0.104277 0.104277
0 0.063003 0.562786 0.052757 0.052757
0 0.506351 0.552140 0.062220 0.062220
0 0.870048 0.928318 0.104277 0.104277
0 0.323281 0.098645 0.061131 0.061131
0 0.252761 0.999655 0.104277 0.104277
0 0.231666 0.886965 0.052757 0.052757
0 0.098891 0.147342 0.061130 0.061130
0 0.181377 0.045130 0.104277 0.104277
0 0.538582 0.926653 0.062220 0.062220
0 0.916992 0.230854 0.052757 0.052757
0 0.412820 0.169024 0.057104 0.057104
0 0.573423 0.469991 0.071945 0.071945
0 0.183302 0.453119 0.052757 0.052757
0 0.176069 0.223456 0.062220 0.062220
0 0.536306 0.127648 0.071945 0.071945
0 0.140834 0.287074 0.104278 0.104278
0 0.594245 0.974571 0.071945 0.071945
0 0.312599 0.955715 0.052757 0.052757
0 0.390977 0.351245 0.062220 0.062220
0 0.984249 0.702226 0.071945 0.071945
0 0.954078 0.006192 0.057104 0.057104
0 0.692388 0.000198 0.052757 0.052757
0 0.197852 0.352985 0.062220 0.062220
0 0.076409 0.467561 0.057104 0.057104
0 0.735140 0.964718 0.061131 0.061131
0 0.867415 0.752448 0.071945 0.071945
0 0.442438 0.102072 0.052757 0.052757
0 0.229772 0.285356 0.071945 0.071945
0 0.143352 0.521917 0.062220 0.062220
0 0.961796 0.401423 0.104277 0.104277
0 0.716383 0.433652 0.057104 0.057104
0 0.075411 0.245154 0.104277 0.104277
0 0.407206 0.018915 0.057104 0.057104
0 0.139334 0.763278 0.062220 0.062220
0 0.269973 0.342282 0.052757 0.052757
0 0.699126 0.573590 0.057104 0.057104
0 0.081444 0.013035 0.061130 0.061130
0 0.142911 0.673467 0.061131 0.061131
0 0.258425 0.055056 0.071945 0.071945
0 0.707788 0.359953 0.104277 0.104277
0 0.934780 0.109657 0.061130 0.061130
0 0.777121 0.387548 0.104277 0.104277
0 0.791301 0.583806 0.052757 0.052757
0 0.070419 0.770272 0.071945 0.071945
0 0.358782 0.228665 0.061131 0.061131