0 0.769552 0.969505 0.104278 0.104278
0 0.986637 0.410315 0.104277 0.104277
0 0.954315 0.511884 0.052757 0.052757
0 0.992346 0.182368 0.104277 0.104277
0 0.498511 0.464981 0.052757 0.052757
0 0.862409 0.354824 0.062220 0.062220
0 0.422197 0.886162 0.057104 0.057104
0 0.773244 0.539983 0.104277 0.104277
0 0.372717 0.185518 0.052757 0.052757
0 0.498056 0.672811 0.057104 0.057104
0 0.564098 0.079978 0.071945 0.071945
0 0.611346 0.142417 0.061130 0.061130
0 0.789480 0.266372 0.052757 0.052757
0 0.719398 0.880943 0.052757 0.052757
0 0.125088 0.867015 0.071945 0.071945
0 0.263693 0.971537 0.104277 0.104277
0 0.542865 0.355457 0.057104 0.057104
0 0.856680 0.202281 0.052757 0.052757
0 0.629796 0.351714 0.057104 0.057104
0 0.852648 0.478233 0.071945 0.071945
0 0.904527 0.873188 0.052757 0.052757
0 0.961743 0.284564 0.071945 0.071945
0 0.311207 0.097012 0.071945 0.071945
0 0.240962 0.089927 0.057104 0.057104
0 0.509015 0.255919 0.057104 0.057104
0 0.870600 0.793819 0.071945 0.071945
0 0.644277 0.999416 0.061130 0.061130
0 0.535630 0.898258 0.071945 0.071945
0 0.923867 0.444682 0.057104 0.057104
0 0.055639 0.597133 0.071945 0.071945
0 0.245463 0.779762 0.061130 0.061130
0 0.048705 0.526677 0.071945 0.071945
0 0.656204 0.020110 0.061130 0.061130
0 0.544378 0.621444 0.071945 0.071945
0 0.495203 0.982886 0.062220 0.062220
0 0.638973 0.834072 0.062220 0.062220
0 0.754634 0.663072 0.061130 0.061130
0 0.981951 0.907195 0.052757 0.052757
0 0.244494 0.423687 0.071945 0.071945
0 0.198331 0.929540 0.104277 0.104277
0 0.928341 0.084400 0.104277 0.104277
0 0.689946 0.565333 0.061130 0.061130
0 0.661020 0.493598 0.061130 0.061130
0 0.442138 0.219871 0.104277 0.104277
0 0.213533 0.175178 0.057104 0.057104
0 0.839700 0.619868 0.104277 0.104277
0 0.416460 0.114133 0.104277 0.104277
0 0.700503 0.231536 0.052757 0.052757
0 0.693400 0.771459 0.061130 0.061130
0 0.431553 0.306433 0.104277 0.104277
0 0.255663 0.505385 0.071945 0.071945
0 0.793493 0.863995 0.057104 0.057104
0 0.685642 0.687777 0.104277 0.104277
0 0.893094 0.941611 0.062220 0.062220
0 0.221017 0.007432 0.052757 0.052757
0 0.415718 0.019402 0.052757 0.052757
0 0.890261 0.668405 0.104277 0.104277
0 0.374950 0.456516 0.052757 0.052757
0 0.869166 0.555715 0.052757 0.052757
0 0.206914 0.587610 0.052757 0.052757
0 0.050550 0.927241 0.052757 0.052757
0 0.139597 0.266164 0.061130 0.061130
0 0.581525 0.429202 0.071945 0.071945
0 0.506470 0.182172 0.062220 0.062220
0 0.130691 0.460043 0.061130 0.061130
0 0.596499 0.930072 0.071945 0.071945
0 0.138641 0.781198 0.104277 0.104277
0 0.839397 0.997700 0.104277 0.104277
0 0.820802 0.121869 0.052757 0.052757
0 0.467402 0.387869 0.104277 0.104277
0 0.994230 0.801657 0.057104 0.057104
0 0.337565 0.994139 0.071945 0.071945
0 0.477437 0.838236 0.050932 0.050932
0 0.017223 0.330315 0.061130 0.061130
0 0.614173 0.659350 0.052757 0.052757
0 0.089548 0.692068 0.057104 0.057104
0 0.380310 0.606241 0.071945 0.071945
0 0.591070 0.566410 0.061130 0.061130
0 0.166672 0.530869 0.062220 0.062220
0 0.950099 0.624465 0.052757 0.052757
0 0.804405 0.775912 0.057104 0.057104
0 0.303210 0.202664 0.057104 0.057104
0 0.613718 0.211571 0.057104 0.057104
0 0.032701 0.249727 0.057104 0.057104
0 0.105406 0.144838 0.104277 0.104277
0 0.337894 0.892872 0.071945 0.071945
0 0.245531 0.656043 0.104277 0.104277
0 0.835352 0.021735 0.062220 0.062220
0 0.713909 0.136311 0.057104 0.057104
0 0.587974 0.726376 0.061130 0.061130
0 0.450339 0.569535 0.071945 0.071945
0 0.302974 0.280773 0.061130 0.061130
0 0.232811 0.268052 0.062220 0.062220
0 0.577826 0.286036 0.048997 0.048997
0 0.780852 0.190667 0.062220 0.062220
0 0.044628 0.756785 0.062220 0.062220
0 0.004330 0.091430 0.104277 0.104277
0 0.251511 0.877691 0.052757 0.052757
0 0.776834 0.432028 0.062220 0.062220
0 0.907473 0.011032 0.052757 0.052757
0 0.548766 0.823061 0.062220 0.062220
0 0.344521 0.800965 0.062220 0.062220
0 0.010318 0.407549 0.057104 0.057104
0 0.780411 0.342217 0.061131 0.061131
0 0.201372 0.352592 0.071945 0.071945
0 0.355185 0.380413 0.104277 0.104277
0 0.121311 0.345516 0.071945 0.071945
0 0.111562 0.068375 0.061130 0.061130
0 0.194289 0.710970 0.071945 0.071945
0 0.289374 0.715939 0.047555 0.047555
0 0.423474 0.740735 0.052757 0.052757
0 0.495627 0.104280 0.057104 0.057104
0 0.053891 0.839740 0.057103 0.057103
0 0.707919 0.439022 0.071945 0.071945
0 0.419194 0.958840 0.071945 0.071945
0 0.503424 0.748616 0.071945 0.071945
0 0.079584 0.004565 0.062220 0.062220