0 0.769552 0.982005 0.104278 0.104278
0 0.986637 0.422815 0.104277 0.104277
0 0.954315 0.524384 0.052757 0.052757
0 0.992346 0.194868 0.104277 0.104277
0 0.498511 0.477481 0.052757 0.052757
0 0.862409 0.367324 0.062220 0.062220
0 0.422197 0.898662 0.057104 0.057104
0 0.773244 0.552483 0.104277 0.104277
0 0.372717 0.198018 0.052757 0.052757
0 0.498056 0.685311 0.057104 0.057104
0 0.564098 0.092478 0.071945 0.071945
0 0.611346 0.154917 0.061130 0.061130
0 0.789480 0.278872 0.052757 0.052757
0 0.719398 0.893443 0.052757 0.052757
0 0.125088 0.879515 0.071945 0.071945
0 0.263693 0.984037 0.104277 0.104277
0 0.542865 0.367957 0.057104 0.057104
0 0.856680 0.214781 0.052757 0.052757
0 0.629796 0.364214 0.057104 0.057104
0 0.852648 0.490733 0.071945 0.071945
0 0.904527 0.885688 0.052757 0.052757
0 0.961743 0.297064 0.071945 0.071945
0 0.311207 0.109512 0.071945 0.071945
0 0.240962 0.102427 0.057104 0.057104
0 0.509015 0.268419 0.057104 0.057104
0 0.870600 0.806319 0.071945 0.071945
0 0.535630 0.910758 0.071945 0.071945
0 0.923867 0.457182 0.057104 0.057104
0 0.055639 0.609633 0.071945 0.071945
0 0.245463 0.792262 0.061130 0.061130
0 0.048705 0.539177 0.071945 0.071945
0 0.656204 0.032610 0.061130 0.061130
0 0.544378 0.633944 0.071945 0.071945
0 0.495203 0.995386 0.062220 0.062220
0 0.638973 0.846572 0.062220 0.062220
0 0.754634 0.675572 0.061130 0.061130
0 0.981951 0.919695 0.052757 0.052757
0 0.244494 0.436187 0.071945 0.071945
0 0.198331 0.942040 0.104277 0.104277
0 0.928341 0.096900 0.104277 0.104277
0 0.689946 0.577833 0.061130 0.061130
0 0.661020 0.506098 0.061130 0.061130
0 0.442138 0.232371 0.104277 0.104277
0 0.306178 0.010549 0.057104 0.057104
0 0.547894 0.012296 0.057104 0.057104
0 0.213533 0.187678 0.057104 0.057104
0 0.839700 0.632368 0.104277 0.104277
0 0.416460 0.126633 0.104277 0.104277
0 0.700503 0.244036 0.052757 0.052757
0 0.693400 0.783959 0.061130 0.061130
0 0.431553 0.318933 0.104277 0.104277
0 0.255663 0.517885 0.071945 0.071945
0 0.793493 0.876495 0.057104 0.057104
0 0.685642 0.700277 0.104277 0.104277
0 0.893094 0.954111 0.062220 0.062220
0 0.221017 0.019932 0.052757 0.052757
0 0.415718 0.031902 0.052757 0.052757
0 0.890261 0.680905 0.104277 0.104277
0 0.374950 0.469016 0.052757 0.052757
0 0.869166 0.568215 0.052757 0.052757
0 0.206914 0.600110 0.052757 0.052757
0 0.050550 0.939741 0.052757 0.052757
0 0.139597 0.278664 0.061130 0.061130
0 0.581525 0.441702 0.071945 0.071945
0 0.506470 0.194672 0.062220 0.062220
0 0.130691 0.472543 0.061130 0.061130
0 0.596499 0.942572 0.071945 0.071945
0 0.138641 0.793698 0.104277 0.104277
0 0.820802 0.134369 0.052757 0.052757
0 0.467402 0.400369 0.104277 0.104277
0 0.994230 0.814157 0.057104 0.057104
0 0.477437 0.850736 0.050932 0.050932
0 0.017223 0.342815 0.061130 0.061130
0 0.614173 0.671850 0.052757 0.052757
0 0.089548 0.704568 0.057104 0.057104
0 0.380310 0.618741 0.071945 0.071945
0 0.591070 0.578910 0.061130 0.061130
0 0.166672 0.543369 0.062220 0.062220
0 0.950099 0.636965 0.052757 0.052757
0 0.804405 0.788412 0.057104 0.057104
0 0.303210 0.215164 0.057104 0.057104
0 0.613718 0.224071 0.057104 0.057104
0 0.032701 0.262227 0.057104 0.057104
0 0.105406 0.157338 0.104277 0.104277
0 0.337894 0.905372 0.071945 0.071945
0 0.245531 0.668543 0.104277 0.104277
0 0.835352 0.034235 0.062220 0.062220
0 0.713909 0.148811 0.057104 0.057104
0 0.587974 0.738876 0.061130 0.061130
0 0.450339 0.582035 0.071945 0.071945
0 0.302974 0.293273 0.061130 0.061130
0 0.232811 0.280552 0.062220 0.062220
0 0.577826 0.298536 0.048997 0.048997
0 0.780852 0.203167 0.062220 0.062220
0 0.044628 0.769285 0.062220 0.062220
0 0.004330 0.103930 0.104277 0.104277
0 0.251511 0.890191 0.052757 0.052757
0 0.776834 0.444528 0.062220 0.062220
0 0.907473 0.023532 0.052757 0.052757
0 0.548766 0.835561 0.062220 0.062220
0 0.344521 0.813465 0.062220 0.062220
0 0.010318 0.420049 0.057104 0.057104
0 0.780411 0.354717 0.061131 0.061131
0 0.201372 0.365092 0.071945 0.071945
0 0.355185 0.392913 0.104277 0.104277
0 0.121311 0.358016 0.071945 0.071945
0 0.111562 0.080875 0.061130 0.061130
0 0.194289 0.723470 0.071945 0.071945
0 0.289374 0.728439 0.047555 0.047555
0 0.423474 0.753235 0.052757 0.052757
0 0.495627 0.116780 0.057104 0.057104
0 0.053891 0.852240 0.057103 0.057103
0 0.707919 0.451522 0.071945 0.071945
0 0.419194 0.971340 0.071945 0.071945
0 0.503424 0.761116 0.071945 0.071945
0 0.079584 0.017065 0.062220 0.062220