0 0.244552 0.060130 0.104278 0.104278
0 0.009207 0.935080 0.062220 0.062220
0 0.498595 0.651907 0.071945 0.071945
0 0.773716 0.619886 0.071945 0.071945
0 0.300208 0.497252 0.104277 0.104277
0 0.805844 0.735256 0.052757 0.052757
0 0.362696 0.221478 0.052757 0.052757
0 0.950004 0.958744 0.062220 0.062220
0 0.542993 0.408224 0.061130 0.061130
0 0.949271 0.533201 0.104277 0.104277
0 0.035187 0.578446 0.052757 0.052757
0 0.046879 0.664995 0.104277 0.104277
0 0.393343 0.918620 0.104277 0.104277
0 0.975994 0.147354 0.062220 0.062220
0 0.261990 0.170935 0.052757 0.052757
0 0.715937 0.370100 0.071945 0.071945
0 0.283061 0.342162 0.052757 0.052757
0 0.396744 0.671362 0.062220 0.062220
0 0.026612 0.491025 0.104277 0.104277
0 0.359368 0.417297 0.071945 0.071945
0 0.108969 0.422823 0.104277 0.104277
0 0.826159 0.981540 0.104277 0.104277
0 0.033136 0.391883 0.061130 0.061130
0 0.422097 0.843620 0.057104 0.057104
0 0.916267 0.696320 0.104277 0.104277
0 0.871406 0.887439 0.071945 0.071945
0 0.494784 0.242854 0.104277 0.104277
0 0.794645 0.488958 0.104277 0.104277
0 0.912424 0.300151 0.071945 0.071945
0 0.490444 0.826056 0.104277 0.104277
0 0.917171 0.231705 0.062220 0.062220
0 0.375797 0.767118 0.061130 0.061130
0 0.255102 0.808992 0.057104 0.057104
0 0.160077 0.568878 0.104277 0.104277
0 0.855127 0.427456 0.057104 0.057104
0 0.898094 0.601131 0.062220 0.062220
0 0.650836 0.728318 0.052757 0.052757
0 0.797844 0.359240 0.062220 0.062220
0 0.192618 0.915750 0.057104 0.057104
0 0.308594 0.945841 0.104277 0.104277
0 0.039363 0.742150 0.057104 0.057104
0 0.677919 0.024397 0.104277 0.104277
0 0.618053 0.915186 0.071945 0.071945
0 0.983493 0.331933 0.061130 0.061130
0 0.828057 0.830195 0.102474 0.102474
0 0.437241 0.493586 0.052757 0.052757
0 0.722393 0.822370 0.104277 0.104277
0 0.075909 0.877593 0.057104 0.057104
0 0.247265 0.416341 0.104277 0.104277
0 0.194562 0.277987 0.057104 0.057104
0 0.399899 0.359591 0.052757 0.052757
0 0.594374 0.111026 0.054783 0.054783
0 0.731217 0.556162 0.062220 0.062220
0 0.574904 0.631712 0.061131 0.061131
0 0.761926 0.044938 0.057103 0.057103
0 0.097730 0.501973 0.061130 0.061130
0 0.533297 0.560163 0.071945 0.071945
0 0.562476 0.223192 0.071945 0.071945
0 0.321498 0.678712 0.062220 0.062220
0 0.562736 0.294016 0.061130 0.061130
0 0.119277 0.090041 0.061130 0.061130
0 0.536443 0.883023 0.057104 0.057104
0 0.177279 0.204579 0.052757 0.052757
0 0.856232 0.111759 0.061131 0.061131
0 0.442756 0.119694 0.057104 0.057104
0 0.349165 0.836550 0.104277 0.104277
0 0.217826 0.530333 0.071945 0.071945
0 0.652127 0.637434 0.052757 0.052757
0 0.361673 0.596972 0.061130 0.061130
0 0.019572 0.319477 0.052757 0.052757
0 0.169746 0.355762 0.057104 0.057104
0 0.635236 0.844544 0.062220 0.062220
0 0.172211 0.786281 0.062220 0.062220
0 0.149556 0.640137 0.071945 0.071945
0 0.686889 0.211684 0.052757 0.052757
0 0.368094 0.032236 0.062220 0.062220
0 0.932921 0.084864 0.062220 0.062220
0 0.374566 0.290901 0.104277 0.104277
0 0.407752 0.987956 0.062220 0.062220
0 0.729753 0.451195 0.052757 0.052757
0 0.281965 0.877303 0.071945 0.071945
0 0.110853 0.166676 0.104277 0.104277
0 0.641800 0.503059 0.052757 0.052757
0 0.071499 0.020697 0.071945 0.071945
0 0.461337 0.569446 0.057104 0.057104
0 0.314397 0.088325 0.104277 0.104277
0 0.931810 0.436599 0.061131 0.061131
0 0.837447 0.300862 0.057104 0.057104
0 0.558601 0.950025 0.104277 0.104277
0 0.856482 0.035363 0.071945 0.071945
0 0.670734 0.097775 0.104277 0.104277
0 0.728822 0.729495 0.055027 0.055027
0 0.861014 0.530317 0.061131 0.061131
0 0.519513 0.758408 0.062220 0.062220
0 0.938851 0.833673 0.104277 0.104277
0 0.374880 0.524436 0.050559 0.050559
0 0.504019 0.467215 0.061130 0.061130
0 0.633290 0.287587 0.071945 0.071945
0 0.735277 0.141973 0.057104 0.057104
0 0.189282 0.998783 0.052757 0.052757
0 0.775323 0.199111 0.104277 0.104277
0 0.475503 0.915371 0.071945 0.071945
0 0.276522 0.259992 0.061131 0.061131
0 0.123629 0.301317 0.104277 0.104277
0 0.632090 0.382140 0.071945 0.071945
0 0.591552 0.771218 0.104277 0.104277
0 0.580815 0.043072 0.052757 0.052757
0 0.508252 0.077299 0.104277 0.104277
0 0.755562 0.915475 0.061130 0.061130
0 0.116057 0.994061 0.052757 0.052757
0 0.198534 0.130044 0.071945 0.071945
0 0.029527 0.241073 0.061130 0.061130
0 0.438735 0.196264 0.071945 0.071945
0 0.149729 0.859447 0.061130 0.061130
0 0.744999 0.290715 0.104277 0.104277
0 0.469442 0.334204 0.104277 0.104277
0 0.233935 0.654118 0.052757 0.052757
0 0.993590 0.782347 0.057104 0.057104