0 0.644169 0.843736 0.061130 0.061130
0 0.577262 0.704065 0.104277 0.104277
0 0.639088 0.613017 0.071945 0.071945
0 0.790901 0.598627 0.071945 0.071945
0 0.869654 0.805485 0.104277 0.104277
0 0.544940 0.805634 0.052757 0.052757
0 0.947518 0.852010 0.071945 0.071945
0 0.841807 0.147661 0.104277 0.104277
0 0.874287 0.488930 0.061131 0.061131
0 0.582971 0.476118 0.104277 0.104277
0 0.089136 0.758731 0.052757 0.052757
0 0.038785 0.252052 0.062220 0.062220
0 0.994939 0.021946 0.057104 0.057104
0 0.905402 0.225325 0.104277 0.104277
0 0.681841 0.970542 0.057104 0.057104
0 0.453034 0.648574 0.062220 0.062220
0 0.711043 0.412089 0.052757 0.052757
0 0.363869 0.833733 0.104277 0.104277
0 0.908293 0.063905 0.061131 0.061131
0 0.621847 0.770273 0.061131 0.061131
0 0.088681 0.966561 0.057104 0.057104
0 0.654981 0.522614 0.057104 0.057104
0 0.154723 0.373728 0.071945 0.071945
0 0.706063 0.730768 0.052757 0.052757
0 0.201971 0.436167 0.061130 0.061130
0 0.974120 0.466570 0.104277 0.104277
0 0.380105 0.560122 0.052757 0.052757
0 0.844397 0.282980 0.062220 0.062220
0 0.762270 0.666728 0.057104 0.057104
0 0.682223 0.349528 0.057104 0.057104
0 0.679070 0.188703 0.052757 0.052757
0 0.874743 0.888739 0.036679 0.036679
0 0.790224 0.326966 0.061130 0.061130
0 0.505093 0.176006 0.061131 0.061131
0 0.133490 0.649207 0.057104 0.057104
0 0.708505 0.819350 0.057104 0.057104
0 0.447305 0.496031 0.052757 0.052757
0 0.220421 0.645464 0.057104 0.057104
0 0.443273 0.771983 0.071945 0.071945
0 0.440219 0.097313 0.062220 0.062220
0 0.733153 0.283989 0.061131 0.061131
0 0.924021 0.707419 0.104277 0.104277
0 0.552368 0.578314 0.071945 0.071945
0 0.782380 0.217442 0.057104 0.057104
0 0.099640 0.549669 0.057104 0.057104
0 0.128240 0.031758 0.057104 0.057104
0 0.514492 0.738432 0.057104 0.057104
0 0.246829 0.313860 0.061130 0.061130
0 0.135003 0.915194 0.071945 0.071945
0 0.870948 0.649127 0.061130 0.061130
0 0.345259 0.956822 0.061130 0.061130
0 0.949708 0.779742 0.061130 0.061130
0 0.048263 0.074193 0.052757 0.052757
0 0.518966 0.378150 0.104277 0.104277
0 0.280571 0.859083 0.061130 0.061130
0 0.251645 0.787348 0.061130 0.061130
0 0.130658 0.126258 0.057104 0.057104
0 0.821044 0.743610 0.062220 0.062220
0 0.032763 0.513621 0.104277 0.104277
0 0.138519 0.293546 0.057104 0.057104
0 0.250239 0.024668 0.104277 0.104277
0 0.430325 0.913618 0.104277 0.104277
0 0.007085 0.407883 0.104277 0.104277
0 0.291128 0.525286 0.052757 0.052757
0 0.734476 0.514640 0.062220 0.062220
0 0.022178 0.600183 0.104277 0.104277
0 0.276267 0.981527 0.104277 0.104277
0 0.551406 0.061145 0.061131 0.061131
0 0.006343 0.313152 0.052757 0.052757
0 0.480886 0.962155 0.104277 0.104277
0 0.191707 0.226645 0.104277 0.104277
0 0.459791 0.849465 0.052757 0.052757
0 0.327016 0.109842 0.061130 0.061130
0 0.409502 0.007630 0.104277 0.104277
0 0.766707 0.889153 0.062220 0.062220
0 0.640945 0.131524 0.057104 0.057104
0 0.172150 0.722952 0.071945 0.071945
0 0.097095 0.475922 0.062220 0.062220
0 0.801548 0.432491 0.071945 0.071945
0 0.411427 0.415619 0.052757 0.052757
0 0.404194 0.185956 0.062220 0.062220
0 0.908918 0.971849 0.104277 0.104277
0 0.058027 0.681619 0.104277 0.104277
0 0.764431 0.090148 0.071945 0.071945
0 0.204798 0.953100 0.052757 0.052757
0 0.207371 0.100366 0.061130 0.061130
0 0.368959 0.249574 0.104278 0.104278
0 0.822370 0.937071 0.071945 0.071945
0 0.181695 0.860160 0.061130 0.061130
0 0.540724 0.918215 0.052757 0.052757
0 0.619102 0.313745 0.062220 0.062220
0 0.204343 0.505321 0.057104 0.057104
0 0.425977 0.315485 0.062220 0.062220
0 0.304534 0.430061 0.057104 0.057104
0 0.040964 0.863285 0.071945 0.071945
0 0.963265 0.927218 0.061131 0.061131
0 0.670563 0.064572 0.052757 0.052757
0 0.168451 0.579786 0.048997 0.048997
0 0.457897 0.247856 0.071945 0.071945
0 0.371477 0.484417 0.062220 0.062220
0 0.944508 0.396152 0.057104 0.057104
0 0.105120 0.210968 0.057104 0.057104
0 0.303536 0.207654 0.104277 0.104277
0 0.367459 0.725778 0.062220 0.062220
0 0.498098 0.304782 0.052757 0.052757
0 0.927251 0.536090 0.057104 0.057104
0 0.371036 0.635967 0.061131 0.061131
0 0.486550 0.017556 0.071945 0.071945
0 0.935913 0.322453 0.104277 0.104277
0 0.004005 0.006394 0.062220 0.062220
0 0.086252 0.398030 0.057104 0.057104
0 0.298544 0.732772 0.071945 0.071945
0 0.586907 0.191165 0.061131 0.061131