0 0.377370 0.572823 0.062220 0.062220
0 0.126362 0.875856 0.104277 0.104277
0 0.926368 0.350962 0.052757 0.052757
0 0.331444 0.631665 0.062220 0.062220
0 0.478018 0.608677 0.070161 0.070161
0 0.108738 0.600289 0.104278 0.104278
0 0.831392 0.267270 0.062220 0.062220
0 0.228131 0.271696 0.057104 0.057104
0 0.747932 0.699874 0.071945 0.071945
0 0.845591 0.387252 0.062220 0.062220
0 0.267419 0.579801 0.071945 0.071945
0 0.563725 0.638430 0.062220 0.062220
0 0.580853 0.940722 0.061131 0.061131
0 0.868493 0.851773 0.061130 0.061130
0 0.241839 0.348381 0.062220 0.062220
0 0.893506 0.970648 0.104277 0.104277
0 0.600296 0.702266 0.104277 0.104277
0 0.775491 0.354657 0.052757 0.052757
0 0.008834 0.637868 0.071945 0.071945
0 0.514755 0.547901 0.061130 0.061130
0 0.105937 0.972099 0.057104 0.057104
0 0.227640 0.431142 0.071945 0.071945
0 0.054507 0.920968 0.104277 0.104277
0 0.644265 0.837192 0.071945 0.071945
0 0.161944 0.370143 0.104277 0.104277
0 0.105406 0.482580 0.057104 0.057104
0 0.097489 0.345879 0.071945 0.071945
0 0.901876 0.524094 0.061130 0.061130
0 0.330154 0.952429 0.104277 0.104277
0 0.998430 0.503195 0.057104 0.057104
0 0.708481 0.433706 0.071945 0.071945
0 0.314352 0.302135 0.071945 0.071945
0 0.020868 0.789916 0.052757 0.052757
0 0.495316 0.771493 0.104277 0.104277
0 0.596180 0.516090 0.057104 0.057104
0 0.287929 0.773277 0.062220 0.062220
0 0.596936 0.318946 0.061131 0.061131
0 0.906375 0.274574 0.057104 0.057104
0 0.566652 0.418221 0.071945 0.071945
0 0.456107 0.478403 0.071945 0.071945
0 0.387546 0.753154 0.062220 0.062220
0 0.317749 0.413457 0.052757 0.052757
0 0.195071 0.676281 0.071945 0.071945
0 0.185737 0.912065 0.052757 0.052757
0 0.693771 0.336235 0.052757 0.052757
0 0.629600 0.581729 0.062220 0.062220
0 0.899285 0.441382 0.061131 0.061131
0 0.373346 0.468568 0.052757 0.052757
0 0.674164 0.765667 0.061131 0.061131
0 0.427029 0.297532 0.071945 0.071945
0 0.578008 0.802985 0.061131 0.061131
0 0.846549 0.577189 0.071945 0.071945
0 0.758014 0.274450 0.062220 0.062220
0 0.450963 0.378785 0.057104 0.057104
0 0.067473 0.421479 0.062220 0.062220
0 0.137501 0.252059 0.104277 0.104277
0 0.540992 0.881148 0.052757 0.052757
0 0.838180 0.773511 0.057104 0.057104
0 0.445959 0.681181 0.052757 0.052757
0 0.693105 0.614844 0.071945 0.071945
0 0.956091 0.590719 0.052757 0.052757
0 0.774279 0.476847 0.071945 0.071945
0 0.509733 0.265377 0.104277 0.104277
0 0.419043 0.906563 0.104277 0.104277
0 0.197561 0.986550 0.061130 0.061130
0 0.141412 0.806466 0.104277 0.104277
0 0.104113 0.677366 0.052757 0.052757
0 0.976024 0.788087 0.071945 0.071945
0 0.324612 0.711129 0.057104 0.057104
0 0.877986 0.702658 0.062220 0.062220
0 0.206997 0.835555 0.071945 0.071945
0 0.283141 0.475992 0.104277 0.104277
0 0.704685 0.537894 0.071945 0.071945
0 0.201134 0.598059 0.056505 0.056505
0 0.709930 0.888811 0.104277 0.104277
0 0.776272 0.958248 0.052757 0.052757
0 0.944942 0.726250 0.104277 0.104277
0 0.783427 0.823792 0.071945 0.071945
0 0.797400 0.633806 0.104277 0.104277
0 0.421226 0.819412 0.057104 0.057104
0 0.195431 0.529370 0.061130 0.061130
0 0.528332 0.479455 0.057103 0.057103
0 0.271948 0.860711 0.057104 0.057104
0 0.012261 0.340422 0.061130 0.061130
0 0.681049 0.265799 0.057104 0.057104
0 0.663829 0.947948 0.052757 0.052757