0 0.534592 0.530727 0.104277 0.104277
0 0.491044 0.318736 0.061130 0.061130
0 0.207052 0.738255 0.104278 0.104278
0 0.893989 0.280445 0.052757 0.052757
0 0.424137 0.179065 0.104277 0.104277
0 0.485963 0.088017 0.071945 0.071945
0 0.684882 0.528403 0.062220 0.062220
0 0.637776 0.073627 0.071945 0.071945
0 0.716529 0.280485 0.104277 0.104277
0 0.391815 0.280634 0.052757 0.052757
0 0.325196 0.899603 0.052757 0.052757
0 0.794393 0.327010 0.071945 0.071945
0 0.938494 0.825479 0.062220 0.062220
0 0.224490 0.849060 0.052757 0.052757
0 0.528716 0.445542 0.057104 0.057104
0 0.299909 0.123574 0.062220 0.062220
0 0.564578 0.632178 0.051819 0.051819
0 0.210744 0.308733 0.104277 0.104277
0 0.468722 0.245273 0.061131 0.061131
0 0.744726 0.575891 0.052757 0.052757
0 0.457284 0.920979 0.104277 0.104277
0 0.874924 0.978276 0.071945 0.071945
0 0.806002 0.524406 0.057103 0.057103
0 0.552938 0.205768 0.052757 0.052757
0 0.879671 0.909830 0.062220 0.062220
0 0.226980 0.035122 0.052757 0.052757
0 0.609145 0.141728 0.057104 0.057104
0 0.999694 0.094485 0.052757 0.052757
0 0.721618 0.363739 0.036679 0.036679
0 0.156898 0.649693 0.052757 0.052757
0 0.840656 0.641746 0.104277 0.104277
0 0.939607 0.055296 0.062221 0.062221
0 0.555380 0.294350 0.057104 0.057104
0 0.640419 0.702522 0.104277 0.104277
0 0.635556 0.629229 0.071945 0.071945
0 0.067296 0.120464 0.057104 0.057104
0 0.878152 0.090925 0.052757 0.052757
0 0.865258 0.158787 0.104277 0.104277
0 0.290148 0.246983 0.071945 0.071945
0 0.342027 0.641938 0.052757 0.052757
0 0.770896 0.182419 0.104277 0.104277
0 0.399243 0.053314 0.071945 0.071945
0 0.937987 0.656614 0.061131 0.061131
0 0.157062 0.956112 0.057104 0.057104
0 0.556874 0.789151 0.054783 0.054783
0 0.861801 0.349894 0.062220 0.062220
0 0.724426 0.723063 0.057103 0.057103
0 0.524976 0.901317 0.071945 0.071945
0 0.525236 0.972141 0.061130 0.061130
0 0.308100 0.562569 0.071945 0.071945
0 0.081777 0.768166 0.061130 0.061130
0 0.139779 0.882704 0.052757 0.052757
0 0.818732 0.789884 0.061131 0.061131
0 0.405256 0.797819 0.057104 0.057104
0 0.769910 0.657765 0.061131 0.061131
0 0.361367 0.213432 0.057104 0.057104
0 0.717823 0.124127 0.061130 0.061130
0 0.076473 0.602822 0.062220 0.062220
0 0.192134 0.431822 0.061130 0.061130
0 0.970464 0.510745 0.062220 0.062220
0 0.796583 0.254742 0.061130 0.061130
0 0.419451 0.675945 0.052757 0.052757
0 0.127446 0.334083 0.061130 0.061130
0 0.098520 0.262348 0.061130 0.061130
0 0.667919 0.218610 0.062220 0.062220
0 0.277200 0.388618 0.104277 0.104277
0 0.440605 0.486491 0.071945 0.071945
0 0.972068 0.723410 0.104278 0.104278
0 0.138003 0.000286 0.052757 0.052757
0 0.649389 0.889809 0.052757 0.052757
0 0.130900 0.540209 0.061130 0.061130
0 0.945048 0.365818 0.104277 0.104277
0 0.230993 0.632745 0.057104 0.057104
0 0.123142 0.456527 0.104277 0.104277
0 0.330594 0.710361 0.062220 0.062220
0 0.895421 0.762989 0.062220 0.062220
0 0.327761 0.437155 0.104277 0.104277
0 0.306666 0.324465 0.052757 0.052757
0 0.337066 0.969026 0.104277 0.104277
0 0.613582 0.364153 0.062220 0.062220
0 0.019025 0.197952 0.071945 0.071945
0 0.073353 0.844801 0.104277 0.104277
0 0.033999 0.698822 0.071945 0.071945
0 0.276897 0.766450 0.104277 0.104277
0 0.755793 0.446849 0.104277 0.104277
0 0.431730 0.570407 0.057104 0.057104
0 0.799947 0.978987 0.057104 0.057104
0 0.051673 0.428100 0.052757 0.052757
0 0.818982 0.713488 0.071945 0.071945
0 0.669245 0.412071 0.071945 0.071945
0 0.028570 0.335160 0.061130 0.061130
0 0.387599 0.393215 0.052757 0.052757
0 0.241905 0.544662 0.057104 0.057104
0 0.633234 0.775900 0.104277 0.104277
0 0.025474 0.495126 0.061130 0.061130
0 0.810140 0.402218 0.061131 0.061131
0 0.942415 0.189948 0.071945 0.071945
0 0.595790 0.965712 0.071945 0.071945
0 0.697777 0.820098 0.057104 0.057104
0 0.015326 0.054786 0.048997 0.048997
0 0.737823 0.877236 0.104277 0.104277
0 0.239022 0.938117 0.061131 0.061131
0 0.086129 0.979442 0.104277 0.104277
0 0.214334 0.200778 0.062220 0.062220
0 0.543315 0.721197 0.052757 0.052757
0 0.470752 0.755424 0.104277 0.104277
0 0.774126 0.011090 0.057104 0.057104
0 0.217911 0.110967 0.061131 0.061131
0 0.161034 0.808169 0.071945 0.071945
0 0.902808 0.439215 0.071945 0.071945
0 0.401235 0.874389 0.071945 0.071945
0 0.866301 0.021306 0.052757 0.052757
0 0.707499 0.968840 0.104277 0.104277
0 0.983708 0.934385 0.061131 0.061131
0 0.145419 0.207772 0.071945 0.071945
0 0.606201 0.491970 0.057104 0.057104
0 0.875952 0.574701 0.061131 0.061131