0 0.776721 0.882368 0.104277 0.104277
0 0.232535 0.658302 0.062220 0.062220
0 0.904793 0.818339 0.052757 0.052757
0 0.157092 0.885518 0.052757 0.052757
0 0.151362 0.122731 0.104277 0.104277
0 0.179420 0.532687 0.057103 0.057103
0 0.848731 0.928864 0.057104 0.057104
0 0.348473 0.779978 0.071945 0.071945
0 0.985259 0.393688 0.071945 0.071945
0 0.395721 0.842417 0.061130 0.061130
0 0.573855 0.966372 0.052757 0.052757
0 0.875973 0.755778 0.057104 0.057104
0 0.872820 0.594953 0.052757 0.052757
0 0.983974 0.733216 0.061130 0.061130
0 0.698843 0.582256 0.061131 0.061131
0 0.641055 0.902281 0.052757 0.052757
0 0.384225 0.282877 0.057104 0.057104
0 0.633969 0.503563 0.062220 0.062220
0 0.926903 0.690239 0.061131 0.061131
0 0.746118 0.984564 0.071945 0.071945
0 0.111540 0.354825 0.104277 0.104277
0 0.976130 0.623692 0.057104 0.057104
0 0.095582 0.797012 0.071945 0.071945
0 0.025337 0.789927 0.057104 0.057104
0 0.605853 0.187597 0.061131 0.061131
0 0.893493 0.098648 0.061130 0.061130
0 0.293390 0.955919 0.057104 0.057104
0 0.918506 0.217523 0.104277 0.104277
0 0.130937 0.218974 0.057104 0.057104
0 0.321990 0.438008 0.057104 0.057104
0 0.079507 0.167843 0.104277 0.104277
0 0.669265 0.084067 0.071945 0.071945
0 0.440579 0.720110 0.061130 0.061130
0 0.355154 0.199304 0.104277 0.104277
0 0.242013 0.480443 0.052757 0.052757
0 0.045868 0.036791 0.052757 0.052757
0 0.520316 0.018368 0.104277 0.104277
0 0.312929 0.020152 0.062220 0.062220
0 0.731348 0.332981 0.071945 0.071945
0 0.712716 0.784400 0.104277 0.104277
0 0.167254 0.283473 0.057104 0.057104
0 0.324408 0.532508 0.057104 0.057104
0 0.226513 0.919871 0.104277 0.104277
0 0.090553 0.698049 0.057104 0.057104
0 0.332269 0.699796 0.057104 0.057104
0 0.372798 0.361837 0.052757 0.052757
0 0.443989 0.430918 0.104277 0.104277
0 0.412546 0.000029 0.062220 0.062220
0 0.200835 0.814133 0.104277 0.104277
0 0.484878 0.931536 0.052757 0.052757
0 0.928226 0.920890 0.062220 0.062220
0 0.005392 0.707432 0.052757 0.052757
0 0.745156 0.467395 0.061131 0.061131
0 0.200093 0.719402 0.052757 0.052757
0 0.017004 0.638723 0.061130 0.061130
0 0.385457 0.632895 0.104277 0.104277
0 0.520766 0.516092 0.061130 0.061130
0 0.210737 0.158940 0.052757 0.052757
0 0.256679 0.370523 0.057104 0.057104
0 0.085958 0.553541 0.071945 0.071945
0 0.603252 0.413880 0.104277 0.104277
0 0.816133 0.298340 0.062220 0.062220
0 0.508177 0.251243 0.062220 0.062220
0 0.834695 0.537774 0.057104 0.057104
0 0.290845 0.882172 0.062220 0.062220
0 0.068757 0.294691 0.052757 0.052757
0 0.699164 0.012542 0.061131 0.061131
0 0.995298 0.838741 0.071945 0.071945
0 0.605177 0.821869 0.052757 0.052757
0 0.597944 0.592206 0.062220 0.062220
0 0.603008 0.049860 0.061131 0.061131
0 0.958181 0.496398 0.071945 0.071945
0 0.401121 0.506616 0.061130 0.061130
0 0.562709 0.655824 0.104278 0.104278
0 0.565992 0.128023 0.052757 0.052757
0 0.645626 0.322844 0.061131 0.061131
0 0.863180 0.020386 0.057104 0.057104
0 0.812852 0.719995 0.062220 0.062220
0 0.087585 0.902664 0.057104 0.057104
0 0.398093 0.911571 0.057104 0.057104
0 0.619727 0.721735 0.062220 0.062220
0 0.498284 0.836311 0.057104 0.057104
0 0.444043 0.153438 0.104277 0.104277
0 0.222561 0.233425 0.061130 0.061130
0 0.166412 0.053341 0.104277 0.104277
0 0.087349 0.980773 0.061130 0.061130
0 0.017186 0.968052 0.062220 0.062220
0 0.864313 0.470822 0.052757 0.052757
0 0.362201 0.986036 0.048997 0.048997
0 0.651647 0.654106 0.071945 0.071945
0 0.565227 0.890667 0.062220 0.062220
0 0.231997 0.082430 0.071945 0.071945
0 0.895278 0.313979 0.057104 0.057104
0 0.462560 0.308872 0.061130 0.061130
0 0.298870 0.617218 0.057104 0.057104
0 0.497286 0.613904 0.104277 0.104277
0 0.173628 0.607567 0.104277 0.104277
0 0.829081 0.387665 0.057104 0.057104
0 0.734930 0.135686 0.104277 0.104277
0 0.691848 0.711032 0.052757 0.052757
0 0.503319 0.381785 0.061130 0.061130
0 0.801272 0.205123 0.052757 0.052757
0 0.680300 0.423806 0.071945 0.071945
0 0.808427 0.070667 0.071945 0.071945
0 0.446226 0.066287 0.057104 0.057104
0 0.197755 0.412644 0.062220 0.062220
0 0.548765 0.320595 0.071945 0.071945
0 0.296948 0.107586 0.057104 0.057104
0 0.097566 0.471499 0.052757 0.052757
0 0.280002 0.804280 0.057104 0.057104
0 0.044817 0.396956 0.062220 0.062220
0 0.688829 0.194823 0.052757 0.052757
0 0.983264 0.311977 0.062220 0.062220
0 0.780657 0.597415 0.061131 0.061131