0 0.692213 0.950517 0.071945 0.071945
0 0.844026 0.936127 0.071945 0.071945
0 0.894932 0.485161 0.104277 0.104277
0 0.927412 0.826430 0.061131 0.061131
0 0.636096 0.813618 0.104277 0.104277
0 0.998489 0.096019 0.062220 0.062220
0 0.091910 0.589552 0.062220 0.062220
0 0.976224 0.210929 0.104277 0.104277
0 0.958527 0.562825 0.104277 0.104277
0 0.506159 0.986074 0.062220 0.062220
0 0.764168 0.749589 0.052757 0.052757
0 0.961418 0.401405 0.061131 0.061131
0 0.016467 0.816768 0.052757 0.052757
0 0.010737 0.053981 0.104277 0.104277
0 0.038795 0.463937 0.057103 0.057103
0 0.971226 0.025312 0.052757 0.052757
0 0.708106 0.860114 0.057104 0.057104
0 0.207848 0.711228 0.071945 0.071945
0 0.844634 0.324938 0.071945 0.071945
0 0.255096 0.773667 0.061130 0.061130
0 0.433230 0.897622 0.052757 0.052757
0 0.897522 0.620480 0.062220 0.062220
0 0.735348 0.687028 0.057104 0.057104
0 0.732195 0.526203 0.052757 0.052757
0 0.843349 0.664466 0.061130 0.061130
0 0.558218 0.513506 0.061131 0.061131
0 0.186615 0.986707 0.057104 0.057104
0 0.500430 0.833531 0.052757 0.052757
0 0.273546 0.982964 0.057104 0.057104
0 0.243600 0.214127 0.057104 0.057104
0 0.493344 0.434813 0.062220 0.062220
0 0.786278 0.621489 0.061131 0.061131
0 0.605493 0.915814 0.071945 0.071945
0 0.835505 0.554942 0.057104 0.057104
0 0.902419 0.148747 0.071945 0.071945
0 0.465228 0.118847 0.061131 0.061131
0 0.752868 0.029898 0.061130 0.061130
0 0.152765 0.887169 0.057104 0.057104
0 0.777881 0.148773 0.104277 0.104277
0 0.181365 0.369258 0.057104 0.057104
0 0.528640 0.015317 0.071945 0.071945
0 0.901797 0.280450 0.104277 0.104277
0 0.299954 0.651360 0.061130 0.061130
0 0.924073 0.986627 0.061130 0.061130
0 0.214529 0.130554 0.104277 0.104277
0 0.101388 0.411693 0.052757 0.052757
0 0.590723 0.264231 0.071945 0.071945
0 0.572091 0.715650 0.104277 0.104277
0 0.026629 0.214723 0.057104 0.057104
0 0.183783 0.463758 0.057104 0.057104
0 0.085888 0.851121 0.104277 0.104277
0 0.191644 0.631046 0.057104 0.057104
0 0.232173 0.293087 0.052757 0.052757
0 0.303364 0.362168 0.104277 0.104277
0 0.060210 0.745383 0.104277 0.104277
0 0.344253 0.862786 0.052757 0.052757
0 0.787601 0.852140 0.062220 0.062220
0 0.075303 0.937683 0.104277 0.104277
0 0.604531 0.398645 0.061131 0.061131
0 0.059468 0.650652 0.052757 0.052757
0 0.244832 0.564145 0.104277 0.104277
0 0.380141 0.447342 0.061130 0.061130
0 0.070112 0.090190 0.052757 0.052757
0 0.116054 0.301773 0.057104 0.057104
0 0.462627 0.345130 0.104277 0.104277
0 0.675508 0.229590 0.062220 0.062220
0 0.367552 0.182493 0.062220 0.062220
0 0.694070 0.469024 0.057104 0.057104
0 0.150220 0.813422 0.062220 0.062220
0 0.854673 0.769991 0.071945 0.071945
0 0.464552 0.753119 0.052757 0.052757
0 0.457319 0.523456 0.062220 0.062220
0 0.817556 0.427648 0.071945 0.071945
0 0.260496 0.437866 0.061130 0.061130
0 0.422084 0.587074 0.104278 0.104278
0 0.425367 0.059273 0.052757 0.052757
0 0.505001 0.254094 0.061131 0.061131
0 0.672227 0.651245 0.062220 0.062220
0 0.257468 0.842821 0.057104 0.057104
0 0.973638 0.300198 0.052757 0.052757
0 0.479102 0.652985 0.062220 0.062220
0 0.357659 0.767561 0.057104 0.057104
0 0.303418 0.084688 0.104277 0.104277
0 0.081936 0.164675 0.061130 0.061130
0 0.723688 0.402072 0.052757 0.052757
0 0.221576 0.917286 0.048997 0.048997
0 0.511022 0.585356 0.071945 0.071945
0 0.424602 0.821917 0.062220 0.062220
0 0.091372 0.013680 0.071945 0.071945
0 0.754653 0.245229 0.057104 0.057104
0 0.997633 0.733652 0.057104 0.057104
0 0.321935 0.240122 0.061130 0.061130
0 0.158245 0.548468 0.057104 0.057104
0 0.356661 0.545154 0.104277 0.104277
0 0.033003 0.538817 0.104277 0.104277
0 0.688456 0.318915 0.057104 0.057104
0 0.594305 0.066936 0.104277 0.104277
0 0.551223 0.642282 0.052757 0.052757
0 0.980376 0.873590 0.057104 0.057104
0 0.362694 0.313035 0.061130 0.061130
0 0.660647 0.136373 0.052757 0.052757
0 0.424161 0.973467 0.061131 0.061131
0 0.539675 0.355056 0.071945 0.071945
0 0.667802 0.001917 0.071945 0.071945
0 0.989038 0.659953 0.104277 0.104277
0 0.057130 0.343894 0.062220 0.062220
0 0.408140 0.251845 0.071945 0.071945
0 0.156323 0.038836 0.057104 0.057104
0 0.884558 0.065117 0.104277 0.104277
0 0.139377 0.735530 0.057104 0.057104
0 0.548204 0.126073 0.052757 0.052757
0 0.842639 0.243227 0.062220 0.062220
0 0.640032 0.528665 0.061131 0.061131