0 0.145470 0.670657 0.071945 0.071945
0 0.420591 0.638636 0.071945 0.071945
0 0.700969 0.378957 0.071945 0.071945
0 0.452719 0.754006 0.052757 0.052757
0 0.009571 0.240228 0.052757 0.052757
0 0.691002 0.861160 0.061131 0.061131
0 0.596879 0.977494 0.062220 0.062220
0 0.189868 0.426974 0.061130 0.061130
0 0.596146 0.551951 0.104277 0.104277
0 0.040218 0.937370 0.104277 0.104277
0 0.622869 0.166104 0.062220 0.062220
0 0.362812 0.388850 0.071945 0.071945
0 0.043619 0.690112 0.062220 0.062220
0 0.006243 0.436047 0.071945 0.071945
0 0.068972 0.862370 0.057104 0.057104
0 0.563142 0.715070 0.104277 0.104277
0 0.518281 0.906189 0.071945 0.071945
0 0.728339 0.798813 0.052757 0.052757
0 0.141659 0.261604 0.104277 0.104277
0 0.441520 0.507708 0.104277 0.104277
0 0.559299 0.318901 0.071945 0.071945
0 0.137319 0.844806 0.104277 0.104277
0 0.564046 0.250455 0.062220 0.062220
0 0.022672 0.785868 0.061130 0.061130
0 0.502002 0.446206 0.057104 0.057104
0 0.544969 0.619881 0.062220 0.062220
0 0.297711 0.747068 0.052757 0.052757
0 0.444719 0.377990 0.062220 0.062220
0 0.324794 0.043147 0.104277 0.104277
0 0.264928 0.933936 0.071945 0.071945
0 0.630368 0.350683 0.061130 0.061130
0 0.474932 0.848945 0.102474 0.102474
0 0.084116 0.512336 0.052757 0.052757
0 0.369268 0.841120 0.104277 0.104277
0 0.046774 0.378341 0.052757 0.052757
0 0.241249 0.129776 0.054783 0.054783
0 0.378092 0.574912 0.062220 0.062220
0 0.221779 0.650462 0.061131 0.061131
0 0.408801 0.063688 0.057103 0.057103
0 0.180172 0.578913 0.071945 0.071945
0 0.209351 0.241942 0.071945 0.071945
0 0.209611 0.312766 0.061130 0.061130
0 0.183318 0.901773 0.057104 0.057104
0 0.503107 0.130509 0.061131 0.061131
0 0.089631 0.138444 0.057104 0.057104
0 0.664614 0.607857 0.045227 0.045227
0 0.299002 0.656184 0.052757 0.052757
0 0.719856 0.090932 0.071945 0.071945
0 0.725238 0.229457 0.104278 0.104278
0 0.008548 0.615722 0.061130 0.061130
0 0.103826 0.016570 0.052757 0.052757
0 0.720279 0.511652 0.061130 0.061130
0 0.282111 0.863294 0.062220 0.062220
0 0.656443 0.064035 0.104278 0.104278
0 0.333764 0.230434 0.052757 0.052757
0 0.014969 0.050986 0.062220 0.062220
0 0.579796 0.103614 0.062220 0.062220
0 0.021441 0.309651 0.104277 0.104277
0 0.376628 0.469945 0.052757 0.052757
0 0.288675 0.521809 0.052757 0.052757
0 0.108212 0.588196 0.057104 0.057104
0 0.578685 0.455349 0.061131 0.061131
0 0.484322 0.319612 0.057104 0.057104
0 0.205476 0.968775 0.104277 0.104277
0 0.677440 0.954519 0.061131 0.061131
0 0.503357 0.054113 0.071945 0.071945
0 0.317609 0.116525 0.104277 0.104277
0 0.375697 0.748245 0.055027 0.055027
0 0.507889 0.549067 0.061131 0.061131
0 0.166388 0.777158 0.062220 0.062220
0 0.585726 0.852423 0.104277 0.104277
0 0.021755 0.543186 0.050559 0.050559
0 0.150894 0.485965 0.061130 0.061130
0 0.280165 0.306337 0.071945 0.071945
0 0.382152 0.160723 0.057104 0.057104
0 0.422198 0.217861 0.104277 0.104277
0 0.122378 0.934121 0.071945 0.071945
0 0.278965 0.400890 0.071945 0.071945
0 0.238427 0.789968 0.104277 0.104277
0 0.227690 0.061822 0.052757 0.052757
0 0.155127 0.096049 0.104277 0.104277
0 0.402437 0.934225 0.061130 0.061130
0 0.665808 0.468843 0.052757 0.052757
0 0.085610 0.215014 0.071945 0.071945
0 0.391874 0.309465 0.104277 0.104277
0 0.116317 0.352954 0.104277 0.104277
0 0.668083 0.275010 0.061131 0.061131
0 0.640465 0.801097 0.057104 0.057104
0 0.654415 0.725014 0.088662 0.088662