0 0.114295 0.773851 0.062220 0.062220
0 0.657052 0.044505 0.104278 0.104278
0 0.421707 0.919455 0.062220 0.062220
0 0.911095 0.636282 0.071945 0.071945
0 0.712708 0.481627 0.104277 0.104277
0 0.775196 0.205853 0.052757 0.052757
0 0.955493 0.392599 0.061130 0.061130
0 0.447687 0.562821 0.052757 0.052757
0 0.459379 0.649370 0.104277 0.104277
0 0.299729 0.196828 0.061130 0.061130
0 0.805843 0.902995 0.104277 0.104277
0 0.218281 0.973742 0.052757 0.052757
0 0.056624 0.828733 0.071945 0.071945
0 0.674490 0.155310 0.052757 0.052757
0 0.695561 0.326537 0.052757 0.052757
0 0.809244 0.655737 0.062220 0.062220
0 0.439112 0.475400 0.104277 0.104277
0 0.771868 0.401672 0.071945 0.071945
0 0.521469 0.407198 0.104277 0.104277
0 0.445636 0.376258 0.061130 0.061130
0 0.834597 0.827995 0.057104 0.057104
0 0.352707 0.274215 0.104277 0.104277
0 0.187912 0.779913 0.061130 0.061130
0 0.907284 0.227229 0.104277 0.104277
0 0.168328 0.692030 0.052757 0.052757
0 0.902944 0.810431 0.104277 0.104277
0 0.788297 0.751493 0.061130 0.061130
0 0.667602 0.793367 0.057104 0.057104
0 0.572577 0.553253 0.104277 0.104277
0 0.329130 0.692857 0.061130 0.061130
0 0.409974 0.818315 0.062220 0.062220
0 0.025164 0.403549 0.061130 0.061130
0 0.605118 0.900125 0.057104 0.057104
0 0.721094 0.930216 0.104277 0.104277
0 0.151193 0.046537 0.104277 0.104277
0 0.071624 0.115461 0.052757 0.052757
0 0.451863 0.726525 0.057104 0.057104
0 0.269661 0.927968 0.062220 0.062220
0 0.294579 0.115698 0.104277 0.104277
0 0.368059 0.514180 0.052757 0.052757
0 0.849741 0.477961 0.052757 0.052757
0 0.488409 0.861968 0.057104 0.057104
0 0.230534 0.197755 0.052757 0.052757
0 0.659765 0.400716 0.104277 0.104277
0 0.607062 0.262362 0.057104 0.057104
0 0.812399 0.343966 0.052757 0.052757
0 0.300484 0.774069 0.061130 0.061130
0 0.987404 0.616087 0.061131 0.061131
0 0.510230 0.486348 0.061130 0.061130
0 0.945797 0.544538 0.071945 0.071945
0 0.974976 0.207567 0.071945 0.071945
0 0.185061 0.416899 0.104278 0.104278
0 0.733998 0.663087 0.062220 0.062220
0 0.975236 0.278391 0.061130 0.061130
0 0.251910 0.395290 0.052757 0.052757
0 0.531777 0.074416 0.061130 0.061130
0 0.948943 0.867398 0.057104 0.057104
0 0.589779 0.188954 0.052757 0.052757
0 0.855256 0.104069 0.057104 0.057104
0 0.761665 0.820925 0.104277 0.104277
0 0.044351 0.661591 0.062220 0.062220
0 0.261371 0.650314 0.057104 0.057104
0 0.630326 0.514708 0.071945 0.071945
0 0.412034 0.141551 0.061130 0.061130
0 0.382703 0.057886 0.062220 0.062220
0 0.051525 0.993597 0.062220 0.062220
0 0.774173 0.581347 0.061130 0.061130
0 0.432072 0.303852 0.052757 0.052757
0 0.582246 0.340137 0.057104 0.057104
0 0.217789 0.517783 0.057104 0.057104
0 0.085831 0.004540 0.104277 0.104277
0 0.145064 0.484163 0.071945 0.071945
0 0.045425 0.748937 0.052757 0.052757
0 0.584711 0.770656 0.062220 0.062220
0 0.562056 0.624512 0.071945 0.071945
0 0.083649 0.563729 0.052757 0.052757
0 0.275945 0.559621 0.071945 0.071945
0 0.780594 0.016611 0.062220 0.062220
0 0.011906 0.472133 0.057104 0.057104
0 0.787066 0.275276 0.104277 0.104277
0 0.820252 0.972331 0.062220 0.062220
0 0.694465 0.861678 0.071945 0.071945
0 0.523353 0.151051 0.104277 0.104277
0 0.483999 0.005072 0.071945 0.071945
0 0.873837 0.553821 0.057104 0.057104
0 0.726897 0.072700 0.104277 0.104277
0 0.225065 0.069139 0.071945 0.071945
0 0.370507 0.978380 0.104277 0.104277
0 0.971101 0.934400 0.104277 0.104277
0 0.155474 0.594514 0.052757 0.052757
0 0.932013 0.742783 0.062220 0.062220
0 0.787380 0.508811 0.050559 0.050559
0 0.098362 0.332154 0.104277 0.104277
0 0.916519 0.451590 0.061130 0.061130
0 0.601782 0.983158 0.052757 0.052757
0 0.148505 0.176389 0.104277 0.104277
0 0.888003 0.899746 0.071945 0.071945
0 0.689022 0.244367 0.061131 0.061131
0 0.536129 0.285692 0.104277 0.104277
0 0.993315 0.027447 0.052757 0.052757
0 0.920752 0.061674 0.104277 0.104277
0 0.054178 0.251166 0.052757 0.052757
0 0.137749 0.887082 0.057104 0.057104
0 0.023067 0.323802 0.061130 0.061130
0 0.528557 0.978436 0.052757 0.052757
0 0.146410 0.266752 0.062220 0.062220
0 0.212920 0.301794 0.071945 0.071945
0 0.611034 0.114419 0.071945 0.071945
0 0.442027 0.225448 0.061130 0.061130
0 0.851235 0.180639 0.071945 0.071945
0 0.562229 0.843822 0.061130 0.061130
0 0.233710 0.863166 0.104277 0.104277
0 0.342542 0.412898 0.104277 0.104277
0 0.881942 0.318579 0.104277 0.104277
0 0.116093 0.408170 0.052757 0.052757
0 0.646435 0.638493 0.052757 0.052757
0 0.306694 0.033840 0.071945 0.071945
0 0.381826 0.583158 0.104277 0.104277