0 0.155387 0.975940 0.104277 0.104277
0 0.217213 0.884892 0.071945 0.071945
0 0.369026 0.870502 0.071945 0.071945
0 0.419932 0.419536 0.104277 0.104277
0 0.452412 0.760805 0.061131 0.061131
0 0.610034 0.384064 0.104277 0.104277
0 0.161096 0.747993 0.104277 0.104277
0 0.654223 0.580312 0.057104 0.057104
0 0.523489 0.030394 0.062220 0.062220
0 0.780676 0.785272 0.062221 0.062221
0 0.656467 0.028341 0.057104 0.057104
0 0.669582 0.748277 0.104277 0.104277
0 0.746608 0.542191 0.104277 0.104277
0 0.573064 0.293821 0.057104 0.057104
0 0.501224 0.145304 0.104277 0.104277
0 0.483527 0.497200 0.104277 0.104277
0 0.031159 0.920449 0.062220 0.062220
0 0.289168 0.683964 0.052757 0.052757
0 0.486418 0.335780 0.061131 0.061131
0 0.233106 0.794489 0.057104 0.057104
0 0.369634 0.259313 0.071945 0.071945
0 0.552245 0.738445 0.104277 0.104277
0 0.586643 0.159592 0.062220 0.062220
0 0.422522 0.554855 0.062220 0.062220
0 0.340395 0.938603 0.057104 0.057104
0 0.260348 0.621403 0.057104 0.057104
0 0.257195 0.460578 0.052757 0.052757
0 0.730944 0.891360 0.052757 0.052757
0 0.368349 0.598841 0.061130 0.061130
0 0.644800 0.280843 0.071945 0.071945
0 0.726597 0.051384 0.071945 0.071945
0 0.083218 0.447881 0.061131 0.061131
0 0.670857 0.852171 0.062221 0.062221
0 0.025430 0.767906 0.052757 0.052757
0 0.672487 0.657659 0.071945 0.071945
0 0.609402 0.887800 0.052757 0.052757
0 0.578212 0.471650 0.061130 0.061130
0 0.596508 0.955662 0.104277 0.104277
0 0.018344 0.369188 0.062220 0.062220
0 0.311278 0.555864 0.061131 0.061131
0 0.502146 0.979294 0.104277 0.104277
0 0.130493 0.850189 0.071945 0.071945
0 0.360505 0.489317 0.057104 0.057104
0 0.427419 0.083122 0.071945 0.071945
0 0.302881 0.083148 0.104277 0.104277
0 0.770910 0.411227 0.057104 0.057104
0 0.426797 0.214825 0.104277 0.104277
0 0.718885 0.158525 0.104278 0.104278
0 0.449073 0.921002 0.061130 0.061130
0 0.583999 0.546525 0.061130 0.061130
0 0.115723 0.198606 0.071945 0.071945
0 0.097091 0.650025 0.104277 0.104277
0 0.312601 0.786515 0.062220 0.062220
0 0.129531 0.333020 0.061131 0.061131
0 0.200508 0.163965 0.062220 0.062220
0 0.723242 0.465229 0.052757 0.052757
0 0.219070 0.403399 0.057104 0.057104
0 0.379673 0.704366 0.071945 0.071945
0 0.342556 0.362023 0.071945 0.071945
0 0.030001 0.188469 0.061131 0.061131
0 0.197227 0.585620 0.062220 0.062220
0 0.790499 0.936601 0.071945 0.071945
0 0.760328 0.240567 0.057104 0.057104
0 0.641268 0.210687 0.057104 0.057104
0 0.498638 0.234573 0.052757 0.052757
0 0.004102 0.587360 0.062220 0.062220
0 0.673665 0.986823 0.071945 0.071945
0 0.248688 0.336447 0.052757 0.052757
0 0.036022 0.519731 0.071945 0.071945
0 0.768046 0.635798 0.104277 0.104277
0 0.279653 0.179604 0.057104 0.057104
0 0.522633 0.668027 0.057104 0.057104
0 0.213456 0.253290 0.057104 0.057104
0 0.119305 0.001311 0.104277 0.104277
0 0.076223 0.576657 0.052757 0.052757
0 0.505376 0.807965 0.057104 0.057104
0 0.185647 0.070748 0.052757 0.052757
0 0.064675 0.289431 0.071945 0.071945
0 0.514038 0.594328 0.104277 0.104277
0 0.741030 0.344032 0.061130 0.061130
0 0.583371 0.621923 0.104277 0.104277
0 0.597551 0.818181 0.052757 0.052757
0 0.073204 0.060448 0.052757 0.052757
0 0.367639 0.177602 0.062220 0.062220
0 0.165032 0.463040 0.061131 0.061131