0 0.489870 0.597823 0.062220 0.062220
0 0.238862 0.900856 0.104277 0.104277
0 0.443944 0.656665 0.062220 0.062220
0 0.590518 0.633677 0.070161 0.070161
0 0.092604 0.304338 0.062220 0.062220
0 0.221238 0.625289 0.104278 0.104278
0 0.943892 0.292270 0.062220 0.062220
0 0.340631 0.296696 0.057104 0.057104
0 0.860432 0.724874 0.071945 0.071945
0 0.958091 0.412252 0.062220 0.062220
0 0.379919 0.604801 0.071945 0.071945
0 0.676225 0.663430 0.062220 0.062220
0 0.693353 0.965722 0.061131 0.061131
0 0.980993 0.876773 0.061130 0.061130
0 0.354339 0.373381 0.062220 0.062220
0 0.712796 0.727266 0.104277 0.104277
0 0.887991 0.379657 0.052757 0.052757
0 0.121334 0.662868 0.071945 0.071945
0 0.627255 0.572901 0.061130 0.061130
0 0.218437 0.997099 0.057104 0.057104
0 0.340140 0.456142 0.071945 0.071945
0 0.167007 0.945968 0.104277 0.104277
0 0.756765 0.862192 0.071945 0.071945
0 0.274444 0.395143 0.104277 0.104277
0 0.090685 0.470923 0.104277 0.104277
0 0.217906 0.507580 0.057104 0.057104
0 0.209989 0.370879 0.071945 0.071945
0 0.442654 0.977429 0.104277 0.104277
0 0.820981 0.458706 0.071945 0.071945
0 0.426852 0.327135 0.071945 0.071945
0 0.133368 0.814916 0.052757 0.052757
0 0.607816 0.796493 0.104277 0.104277
0 0.708680 0.541090 0.057104 0.057104
0 0.400429 0.798277 0.062220 0.062220
0 0.709436 0.343946 0.061131 0.061131
0 0.008280 0.379628 0.104277 0.104277
0 0.679152 0.443221 0.071945 0.071945
0 0.568607 0.503403 0.071945 0.071945
0 0.500046 0.778154 0.062220 0.062220
0 0.430249 0.438457 0.052757 0.052757
0 0.307571 0.701281 0.071945 0.071945
0 0.298237 0.937065 0.052757 0.052757
0 0.806271 0.361235 0.052757 0.052757
0 0.742100 0.606729 0.062220 0.062220
0 0.012500 0.467063 0.057104 0.057104
0 0.485846 0.493568 0.052757 0.052757
0 0.786664 0.790667 0.061131 0.061131
0 0.539529 0.322532 0.071945 0.071945
0 0.077162 0.764375 0.071945 0.071945
0 0.690508 0.827985 0.061131 0.061131
0 0.039076 0.543735 0.104277 0.104277
0 0.959049 0.602189 0.071945 0.071945
0 0.870514 0.299450 0.062220 0.062220
0 0.563463 0.403785 0.057104 0.057104
0 0.016149 0.937027 0.057104 0.057104
0 0.179973 0.446479 0.062220 0.062220
0 0.250001 0.277059 0.104277 0.104277
0 0.653492 0.906148 0.052757 0.052757
0 0.950680 0.798511 0.057104 0.057104
0 0.558459 0.706181 0.052757 0.052757
0 0.805605 0.639844 0.071945 0.071945
0 0.886779 0.501847 0.071945 0.071945
0 0.622233 0.290377 0.104277 0.104277
0 0.531543 0.931563 0.104277 0.104277
0 0.253912 0.831466 0.104277 0.104277
0 0.216613 0.702366 0.052757 0.052757
0 0.437112 0.736129 0.057104 0.057104
0 0.990486 0.727658 0.062220 0.062220
0 0.319497 0.860555 0.071945 0.071945
0 0.395641 0.500992 0.104277 0.104277
0 0.817185 0.562894 0.071945 0.071945
0 0.313634 0.623059 0.056505 0.056505
0 0.822430 0.913811 0.104277 0.104277
0 0.888772 0.983248 0.052757 0.052757
0 0.895927 0.848792 0.071945 0.071945
0 0.909900 0.658806 0.104277 0.104277
0 0.533726 0.844412 0.057104 0.057104
0 0.307931 0.554370 0.061130 0.061130
0 0.640832 0.504455 0.057103 0.057103
0 0.384448 0.885711 0.057104 0.057104
0 0.107485 0.578172 0.062220 0.062220
0 0.018036 0.284115 0.062220 0.062220
0 0.044748 0.698591 0.057104 0.057104
0 0.071927 0.994220 0.057104 0.057104
0 0.124761 0.365422 0.061130 0.061130
0 0.793549 0.290799 0.057104 0.057104
0 0.776329 0.972948 0.052757 0.052757