0 0.645035 0.758302 0.062220 0.062220
0 0.569592 0.985518 0.052757 0.052757
0 0.563862 0.222731 0.104277 0.104277
0 0.591920 0.632687 0.057103 0.057103
0 0.760973 0.879978 0.071945 0.071945
0 0.225520 0.605973 0.104277 0.104277
0 0.808221 0.942417 0.061130 0.061130
0 0.363266 0.678332 0.052757 0.052757
0 0.136990 0.960397 0.104278 0.104278
0 0.796725 0.382877 0.057104 0.057104
0 0.524040 0.454825 0.104277 0.104277
0 0.508082 0.897012 0.071945 0.071945
0 0.437837 0.889927 0.057104 0.057104
0 0.332801 0.387884 0.104277 0.104277
0 0.226378 0.002048 0.104277 0.104277
0 0.543437 0.318974 0.057104 0.057104
0 0.190636 0.409715 0.062220 0.062220
0 0.202301 0.299937 0.062220 0.062220
0 0.734490 0.538008 0.057104 0.057104
0 0.492007 0.267843 0.104277 0.104277
0 0.263946 0.446236 0.062220 0.062220
0 0.853079 0.820110 0.061130 0.061130
0 0.106847 0.440990 0.104278 0.104278
0 0.767654 0.299304 0.104277 0.104277
0 0.654513 0.580443 0.052757 0.052757
0 0.458368 0.136791 0.052757 0.052757
0 0.932816 0.118368 0.104277 0.104277
0 0.725429 0.120152 0.062220 0.062220
0 0.407688 0.603785 0.062220 0.062220
0 0.107035 0.551745 0.071945 0.071945
0 0.311179 0.062369 0.062220 0.062220
0 0.579754 0.383473 0.057104 0.057104
0 0.736908 0.632508 0.057104 0.057104
0 0.503053 0.798049 0.057104 0.057104
0 0.744769 0.799796 0.057104 0.057104
0 0.410408 0.975178 0.057104 0.057104
0 0.107099 0.202880 0.052757 0.052757
0 0.785298 0.461837 0.052757 0.052757
0 0.856489 0.530918 0.104277 0.104277
0 0.825046 0.100029 0.062220 0.062220
0 0.613335 0.914133 0.104277 0.104277
0 0.256637 0.178260 0.061130 0.061130
0 0.195953 0.744236 0.062220 0.062220
0 0.417892 0.807432 0.052757 0.052757
0 0.612593 0.819402 0.052757 0.052757
0 0.429504 0.738723 0.061130 0.061130
0 0.632571 0.023156 0.071945 0.071945
0 0.797957 0.732895 0.104277 0.104277
0 0.933266 0.616092 0.061130 0.061130
0 0.623237 0.258940 0.052757 0.052757
0 0.669179 0.470523 0.057104 0.057104
0 0.108005 0.096668 0.104277 0.104277
0 0.498458 0.653541 0.071945 0.071945
0 0.920677 0.351243 0.062220 0.062220
0 0.324048 0.146851 0.061130 0.061130
0 0.193222 0.126109 0.061130 0.061130
0 0.703345 0.982172 0.062220 0.062220
0 0.481257 0.394691 0.052757 0.052757
0 0.402162 0.086250 0.071945 0.071945
0 0.277619 0.515892 0.057104 0.057104
0 0.813621 0.606616 0.061130 0.061130
0 0.341149 0.258902 0.057104 0.057104
0 0.975209 0.755824 0.104278 0.104278
0 0.978492 0.228023 0.052757 0.052757
0 0.355655 0.766868 0.061130 0.061130
0 0.883459 0.028056 0.052757 0.052757
0 0.139604 0.270044 0.061130 0.061130
0 0.322267 0.604054 0.062220 0.062220
0 0.302281 0.944838 0.104277 0.104277
0 0.160252 0.036151 0.104278 0.104278
0 0.112757 0.747750 0.061130 0.061130
0 0.910784 0.936311 0.057104 0.057104
0 0.856543 0.253438 0.104277 0.104277
0 0.635061 0.333425 0.061130 0.061130
0 0.578912 0.153341 0.104277 0.104277
0 0.541613 0.024241 0.052757 0.052757
0 0.153973 0.675758 0.061130 0.061130
0 0.345672 0.526119 0.057104 0.057104
0 0.977727 0.990667 0.062220 0.062220
0 0.762112 0.058004 0.057104 0.057104
0 0.201205 0.891430 0.104277 0.104277
0 0.644497 0.182430 0.071945 0.071945
0 0.204040 0.533468 0.052757 0.052757
0 0.875060 0.408872 0.061130 0.061130
0 0.711370 0.717218 0.057104 0.057104
0 0.909786 0.713904 0.104277 0.104277
0 0.586128 0.707567 0.104277 0.104277
0 0.915819 0.481785 0.061130 0.061130
0 0.277653 0.306580 0.062220 0.062220
0 0.858726 0.166287 0.057104 0.057104
0 0.610255 0.512644 0.062220 0.062220
0 0.961265 0.420595 0.071945 0.071945
0 0.239587 0.681440 0.071945 0.071945
0 0.709448 0.207586 0.057104 0.057104
0 0.308437 0.868375 0.061130 0.061130
0 0.391525 0.435800 0.104277 0.104277
0 0.369748 0.020466 0.057104 0.057104
0 0.510066 0.571499 0.052757 0.052757
0 0.396927 0.316095 0.057104 0.057104
0 0.692502 0.904280 0.057104 0.057104
0 0.457317 0.496956 0.062220 0.062220
0 0.111507 0.837182 0.071945 0.071945
0 0.144058 0.354843 0.061130 0.061130
0 0.276459 0.804565 0.062220 0.062220