0 0.544169 0.843736 0.061130 0.061130
0 0.947114 0.805445 0.052757 0.052757
0 0.477262 0.704065 0.104277 0.104277
0 0.539088 0.613017 0.071945 0.071945
0 0.690901 0.598627 0.071945 0.071945
0 0.769654 0.805485 0.104277 0.104277
0 0.444940 0.805634 0.052757 0.052757
0 0.847518 0.852010 0.071945 0.071945
0 0.741807 0.147661 0.104277 0.104277
0 0.774287 0.488930 0.061131 0.061131
0 0.931909 0.112189 0.104277 0.104277
0 0.482971 0.476118 0.104277 0.104277
0 0.976098 0.308437 0.057104 0.057104
0 0.991457 0.476402 0.104277 0.104277
0 0.894939 0.021946 0.057104 0.057104
0 0.805402 0.225325 0.104277 0.104277
0 0.581841 0.970542 0.057104 0.057104
0 0.353034 0.648574 0.062220 0.062220
0 0.611043 0.412089 0.052757 0.052757
0 0.263869 0.833733 0.104277 0.104277
0 0.808293 0.063905 0.061131 0.061131
0 0.521847 0.770273 0.061131 0.061131
0 0.554981 0.522614 0.057104 0.057104
0 0.054723 0.373728 0.071945 0.071945
0 0.606063 0.730768 0.052757 0.052757
0 0.101971 0.436167 0.061130 0.061130
0 0.874120 0.466570 0.104277 0.104277
0 0.280105 0.560122 0.052757 0.052757
0 0.744397 0.282980 0.062220 0.062220
0 0.662270 0.666728 0.057104 0.057104
0 0.582223 0.349528 0.057104 0.057104
0 0.579070 0.188703 0.052757 0.052757
0 0.774743 0.888739 0.036679 0.036679
0 0.690224 0.326966 0.061130 0.061130
0 0.966675 0.008968 0.071945 0.071945
0 0.405093 0.176006 0.061131 0.061131
0 0.033490 0.649207 0.057104 0.057104
0 0.992732 0.580296 0.062221 0.062221
0 0.608505 0.819350 0.057104 0.057104
0 0.347305 0.496031 0.052757 0.052757
0 0.120421 0.645464 0.057104 0.057104
0 0.994362 0.385784 0.071945 0.071945
0 0.931277 0.615925 0.052757 0.052757
0 0.900087 0.199775 0.061130 0.061130
0 0.918383 0.683787 0.104277 0.104277
0 0.343273 0.771983 0.071945 0.071945
0 0.340219 0.097313 0.062220 0.062220
0 0.633153 0.283989 0.061131 0.061131
0 0.824021 0.707419 0.104277 0.104277
0 0.452368 0.578314 0.071945 0.071945
0 0.682380 0.217442 0.057104 0.057104
0 0.914926 0.874894 0.062220 0.062220
0 0.028240 0.031758 0.057104 0.057104
0 0.414492 0.738432 0.057104 0.057104
0 0.146829 0.313860 0.061130 0.061130
0 0.035003 0.915194 0.071945 0.071945
0 0.770948 0.649127 0.061130 0.061130
0 0.245259 0.956822 0.061130 0.061130
0 0.905874 0.274650 0.061130 0.061130
0 0.849708 0.779742 0.061130 0.061130
0 0.418966 0.378150 0.104277 0.104277
0 0.180571 0.859083 0.061130 0.061130
0 0.151645 0.787348 0.061130 0.061130
0 0.030658 0.126258 0.057104 0.057104
0 0.721044 0.743610 0.062220 0.062220
0 0.038519 0.293546 0.057104 0.057104
0 0.150239 0.024668 0.104277 0.104277
0 0.330325 0.913618 0.104277 0.104277
0 0.191128 0.525286 0.052757 0.052757
0 0.634476 0.514640 0.062220 0.062220
0 0.998173 0.890818 0.104277 0.104277
0 0.176267 0.981527 0.104277 0.104277
0 0.451406 0.061145 0.061131 0.061131
0 0.380886 0.962155 0.104277 0.104277
0 0.091707 0.226645 0.104277 0.104277
0 0.359791 0.849465 0.052757 0.052757
0 0.227016 0.109842 0.061130 0.061130
0 0.309502 0.007630 0.104277 0.104277
0 0.666707 0.889153 0.062220 0.062220
0 0.540945 0.131524 0.057104 0.057104
0 0.072150 0.722952 0.071945 0.071945
0 0.701548 0.432491 0.071945 0.071945
0 0.311427 0.415619 0.052757 0.052757
0 0.304194 0.185956 0.062220 0.062220
0 0.808918 0.971849 0.104277 0.104277
0 0.664431 0.090148 0.071945 0.071945
0 0.104798 0.953100 0.052757 0.052757
0 0.107371 0.100366 0.061130 0.061130
0 0.268959 0.249574 0.104278 0.104278
0 0.722370 0.937071 0.071945 0.071945
0 0.081695 0.860160 0.061130 0.061130
0 0.440724 0.918215 0.052757 0.052757
0 0.519102 0.313745 0.062220 0.062220
0 0.104343 0.505321 0.057104 0.057104
0 0.325977 0.315485 0.062220 0.062220
0 0.204534 0.430061 0.057104 0.057104
0 0.863265 0.927218 0.061131 0.061131
0 0.995540 0.714948 0.071945 0.071945
0 0.570563 0.064572 0.052757 0.052757
0 0.068451 0.579786 0.048997 0.048997
0 0.357897 0.247856 0.071945 0.071945
0 0.271477 0.484417 0.062220 0.062220
0 0.844508 0.396152 0.057104 0.057104
0 0.005120 0.210968 0.057104 0.057104
0 0.203536 0.207654 0.104277 0.104277
0 0.267459 0.725778 0.062220 0.062220
0 0.398098 0.304782 0.052757 0.052757
0 0.827251 0.536090 0.057104 0.057104
0 0.271036 0.635967 0.061131 0.061131
0 0.386550 0.017556 0.071945 0.071945
0 0.835913 0.322453 0.104277 0.104277
0 0.955933 0.964215 0.071945 0.071945
0 0.905246 0.350048 0.104277 0.104277
0 0.919426 0.546306 0.052757 0.052757
0 0.198544 0.732772 0.071945 0.071945
0 0.486907 0.191165 0.061131 0.061131