0 0.063302 0.175755 0.104278 0.104278
0 0.317345 0.767532 0.071945 0.071945
0 0.592466 0.735511 0.071945 0.071945
0 0.872844 0.475832 0.071945 0.071945
0 0.118958 0.612877 0.104277 0.104277
0 0.624594 0.850881 0.052757 0.052757
0 0.181446 0.337103 0.052757 0.052757
0 0.862877 0.958035 0.061131 0.061131
0 0.361743 0.523849 0.061130 0.061130
0 0.768021 0.648826 0.104277 0.104277
0 0.794744 0.262979 0.062220 0.062220
0 0.080740 0.286560 0.052757 0.052757
0 0.534687 0.485725 0.071945 0.071945
0 0.101811 0.457787 0.052757 0.052757
0 0.215494 0.786987 0.062220 0.062220
0 0.178118 0.532922 0.071945 0.071945
0 0.420828 0.069678 0.051819 0.051819
0 0.240847 0.959245 0.057104 0.057104
0 0.735017 0.811945 0.104277 0.104277
0 0.900214 0.895688 0.052757 0.052757
0 0.600976 0.013391 0.052757 0.052757
0 0.313534 0.358479 0.104277 0.104277
0 0.613395 0.604583 0.104277 0.104277
0 0.731174 0.415776 0.071945 0.071945
0 0.309194 0.941681 0.104277 0.104277
0 0.735921 0.347330 0.062220 0.062220
0 0.194547 0.882743 0.061130 0.061130
0 0.073852 0.924617 0.057104 0.057104
0 0.673877 0.543081 0.057104 0.057104
0 0.716844 0.716756 0.062220 0.062220
0 0.469586 0.843943 0.052757 0.052757
0 0.616594 0.474865 0.062220 0.062220
0 0.013148 0.087193 0.052757 0.052757
0 0.696906 0.079246 0.104277 0.104277
0 0.496669 0.140022 0.104277 0.104277
0 0.802243 0.447558 0.061130 0.061130
0 0.491806 0.066729 0.071945 0.071945
0 0.646807 0.945820 0.102474 0.102474
0 0.888398 0.062303 0.071945 0.071945
0 0.255991 0.609211 0.052757 0.052757
0 0.541143 0.937995 0.104277 0.104277
0 0.198277 0.079438 0.052757 0.052757
0 0.794237 0.094114 0.061131 0.061131
0 0.066015 0.531966 0.104277 0.104277
0 0.013312 0.393612 0.057104 0.057104
0 0.218649 0.475216 0.052757 0.052757
0 0.413124 0.226651 0.054783 0.054783
0 0.549967 0.671787 0.062220 0.062220
0 0.393654 0.747337 0.061131 0.061131
0 0.580676 0.160563 0.057103 0.057103
0 0.352047 0.675788 0.071945 0.071945
0 0.381226 0.338817 0.071945 0.071945
0 0.140248 0.794337 0.062220 0.062220
0 0.381486 0.409641 0.061130 0.061130
0 0.164350 0.000069 0.071945 0.071945
0 0.355193 0.998648 0.057104 0.057104
0 0.674982 0.227384 0.061131 0.061131
0 0.261506 0.235319 0.057104 0.057104
0 0.626160 0.095265 0.061131 0.061131
0 0.167915 0.952175 0.104277 0.104277
0 0.036576 0.645958 0.071945 0.071945
0 0.836489 0.704732 0.045227 0.045227
0 0.470877 0.753059 0.052757 0.052757
0 0.891731 0.187807 0.071945 0.071945
0 0.897113 0.326332 0.104278 0.104278
0 0.180423 0.712597 0.061130 0.061130
0 0.275701 0.113445 0.052757 0.052757
0 0.892154 0.608527 0.061130 0.061130
0 0.453986 0.960169 0.062220 0.062220
0 0.828318 0.160910 0.104278 0.104278
0 0.505639 0.327309 0.052757 0.052757
0 0.087243 0.070245 0.057104 0.057104
0 0.186844 0.147861 0.062220 0.062220
0 0.751671 0.200489 0.062220 0.062220
0 0.193316 0.406526 0.104277 0.104277
0 0.548503 0.566820 0.052757 0.052757
0 0.100715 0.992928 0.071945 0.071945
0 0.460550 0.618684 0.052757 0.052757
0 0.280087 0.685071 0.057104 0.057104
0 0.133147 0.203950 0.104277 0.104277
0 0.287980 0.007907 0.057104 0.057104
0 0.750560 0.552224 0.061131 0.061131
0 0.656197 0.416487 0.057104 0.057104
0 0.675232 0.150988 0.071945 0.071945
0 0.489484 0.213400 0.104277 0.104277
0 0.547572 0.845120 0.055027 0.055027
0 0.679764 0.645942 0.061131 0.061131
0 0.338263 0.874033 0.062220 0.062220
0 0.757601 0.949298 0.104277 0.104277
0 0.193630 0.640061 0.050559 0.050559
0 0.322769 0.582840 0.061130 0.061130
0 0.452040 0.403212 0.071945 0.071945
0 0.554027 0.257598 0.057104 0.057104
0 0.594073 0.314736 0.104277 0.104277
0 0.095272 0.375617 0.061131 0.061131
0 0.450840 0.497765 0.071945 0.071945
0 0.410302 0.886843 0.104277 0.104277
0 0.399565 0.158697 0.052757 0.052757
0 0.327002 0.192924 0.104277 0.104277
0 0.837683 0.565718 0.052757 0.052757
0 0.017284 0.245669 0.071945 0.071945
0 0.257485 0.311889 0.071945 0.071945
0 0.563749 0.406340 0.104277 0.104277
0 0.288192 0.449829 0.104277 0.104277
0 0.052685 0.769743 0.052757 0.052757
0 0.839958 0.371885 0.061131 0.061131
0 0.812340 0.897972 0.057104 0.057104
0 0.826290 0.821889 0.088662 0.088662
0 0.732202 0.012201 0.061131 0.061131