0 0.275217 0.480727 0.104277 0.104277
0 0.231669 0.268736 0.061130 0.061130
0 0.634614 0.230445 0.052757 0.052757
0 0.164762 0.129065 0.104277 0.104277
0 0.226588 0.038017 0.071945 0.071945
0 0.425507 0.478403 0.062220 0.062220
0 0.378401 0.023627 0.071945 0.071945
0 0.457154 0.230485 0.104277 0.104277
0 0.132440 0.230634 0.052757 0.052757
0 0.757219 0.988332 0.071945 0.071945
0 0.065821 0.849603 0.052757 0.052757
0 0.535018 0.277010 0.071945 0.071945
0 0.788765 0.468878 0.047276 0.047276
0 0.679119 0.775479 0.062220 0.062220
0 0.419062 0.998225 0.071945 0.071945
0 0.269341 0.395542 0.057104 0.057104
0 0.040534 0.073574 0.062220 0.062220
0 0.305203 0.582178 0.051819 0.051819
0 0.780004 0.210511 0.071945 0.071945
0 0.209347 0.195273 0.061131 0.061131
0 0.485351 0.525891 0.052757 0.052757
0 0.197909 0.870979 0.104277 0.104277
0 0.615549 0.928276 0.071945 0.071945
0 0.546627 0.474406 0.057103 0.057103
0 0.293563 0.155768 0.052757 0.052757
0 0.620296 0.859830 0.062220 0.062220
0 0.349770 0.091728 0.057104 0.057104
0 0.500969 0.987365 0.062220 0.062220
0 0.740319 0.044485 0.052757 0.052757
0 0.462243 0.313739 0.036679 0.036679
0 0.581281 0.591746 0.104277 0.104277
0 0.680232 0.005296 0.062221 0.062221
0 0.296005 0.244350 0.057104 0.057104
0 0.381044 0.652522 0.104277 0.104277
0 0.686618 0.960058 0.061130 0.061130
0 0.376181 0.579229 0.071945 0.071945
0 0.618777 0.040925 0.052757 0.052757
0 0.605883 0.108787 0.104277 0.104277
0 0.772773 0.574803 0.071945 0.071945
0 0.030773 0.196983 0.071945 0.071945
0 0.082652 0.591938 0.052757 0.052757
0 0.511521 0.132419 0.104277 0.104277
0 0.139868 0.003314 0.071945 0.071945
0 0.678612 0.606614 0.061131 0.061131
0 0.103024 0.987716 0.052757 0.052757
0 0.794651 0.357876 0.057104 0.057104
0 0.297499 0.739151 0.054783 0.054783
0 0.602426 0.299894 0.062220 0.062220
0 0.465051 0.673063 0.057103 0.057103
0 0.265601 0.851317 0.071945 0.071945
0 0.265861 0.922141 0.061130 0.061130
0 0.048725 0.512569 0.071945 0.071945
0 0.559357 0.739884 0.061131 0.061131
0 0.145881 0.747819 0.057104 0.057104
0 0.510535 0.607765 0.061131 0.061131
0 0.101992 0.163432 0.057104 0.057104
0 0.458448 0.074127 0.061130 0.061130
0 0.776106 0.700307 0.071945 0.071945
0 0.781488 0.838832 0.104278 0.104278
0 0.711089 0.460745 0.062220 0.062220
0 0.537208 0.204742 0.061130 0.061130
0 0.160076 0.625945 0.052757 0.052757
0 0.408544 0.168610 0.062220 0.062220
0 0.017825 0.338618 0.104277 0.104277
0 0.181230 0.436491 0.071945 0.071945
0 0.712693 0.673410 0.104278 0.104278
0 0.390014 0.839809 0.052757 0.052757
0 0.685673 0.315818 0.104277 0.104277
0 0.071219 0.660361 0.062220 0.062220
0 0.636046 0.712989 0.062220 0.062220
0 0.068386 0.387155 0.104277 0.104277
0 0.047291 0.274465 0.052757 0.052757
0 0.077691 0.919026 0.104277 0.104277
0 0.354207 0.314153 0.062220 0.062220
0 0.017522 0.716450 0.104277 0.104277
0 0.496418 0.396849 0.104277 0.104277
0 0.172355 0.520407 0.057104 0.057104
0 0.540572 0.928987 0.057104 0.057104
0 0.559607 0.663488 0.071945 0.071945
0 0.409870 0.362071 0.071945 0.071945
0 0.128224 0.343215 0.052757 0.052757
0 0.373859 0.725900 0.104277 0.104277
0 0.799874 0.089726 0.071945 0.071945
0 0.550765 0.352218 0.061131 0.061131
0 0.683040 0.139948 0.071945 0.071945
0 0.336415 0.915712 0.071945 0.071945
0 0.438402 0.770098 0.057104 0.057104
0 0.478448 0.827236 0.104277 0.104277
0 0.283940 0.671197 0.052757 0.052757
0 0.211377 0.705424 0.104277 0.104277
0 0.643433 0.389215 0.071945 0.071945
0 0.141860 0.824389 0.071945 0.071945
0 0.448124 0.918840 0.104277 0.104277
0 0.172567 0.962329 0.104277 0.104277
0 0.724333 0.884385 0.061131 0.061131
0 0.346826 0.441970 0.057104 0.057104
0 0.616577 0.524701 0.061131 0.061131