0 0.203544 0.903111 0.061130 0.061130
0 0.606489 0.864820 0.052757 0.052757
0 0.136637 0.763440 0.104277 0.104277
0 0.198463 0.672392 0.071945 0.071945
0 0.350276 0.658002 0.071945 0.071945
0 0.429029 0.864860 0.104277 0.104277
0 0.104315 0.865009 0.052757 0.052757
0 0.506893 0.911385 0.071945 0.071945
0 0.401182 0.207036 0.104277 0.104277
0 0.433662 0.548305 0.061131 0.061131
0 0.591284 0.171564 0.104277 0.104277
0 0.142346 0.535493 0.104277 0.104277
0 0.635473 0.367812 0.057104 0.057104
0 0.761926 0.572772 0.062221 0.062221
0 0.650832 0.535777 0.104277 0.104277
0 0.727858 0.329691 0.104277 0.104277
0 0.554314 0.081321 0.057104 0.057104
0 0.464777 0.284700 0.104277 0.104277
0 0.012409 0.707949 0.062220 0.062220
0 0.270418 0.471464 0.052757 0.052757
0 0.751879 0.844886 0.071945 0.071945
0 0.467668 0.123280 0.061131 0.061131
0 0.181222 0.829648 0.061131 0.061131
0 0.214356 0.581989 0.057104 0.057104
0 0.350884 0.046813 0.071945 0.071945
0 0.265438 0.790143 0.052757 0.052757
0 0.533495 0.525945 0.104277 0.104277
0 0.403772 0.342355 0.062220 0.062220
0 0.321645 0.726103 0.057104 0.057104
0 0.241598 0.408903 0.057104 0.057104
0 0.238445 0.248078 0.052757 0.052757
0 0.712194 0.678860 0.052757 0.052757
0 0.434118 0.948114 0.036679 0.036679
0 0.349599 0.386341 0.061130 0.061130
0 0.626050 0.068343 0.071945 0.071945
0 0.064468 0.235381 0.061131 0.061131
0 0.652107 0.639671 0.062221 0.062221
0 0.267880 0.878725 0.057104 0.057104
0 0.006680 0.555406 0.052757 0.052757
0 0.653737 0.445159 0.071945 0.071945
0 0.590652 0.675300 0.052757 0.052757
0 0.559462 0.259150 0.061130 0.061130
0 0.577758 0.743162 0.104277 0.104277
0 0.002648 0.831358 0.071945 0.071945
0 0.292528 0.343364 0.061131 0.061131
0 0.483396 0.766794 0.104277 0.104277
0 0.111743 0.637689 0.071945 0.071945
0 0.341755 0.276817 0.057104 0.057104
0 0.766526 0.992251 0.057104 0.057104
0 0.574301 0.934269 0.062220 0.062220
0 0.752160 0.198727 0.057104 0.057104
0 0.073867 0.797807 0.057104 0.057104
0 0.408047 0.002325 0.104277 0.104277
0 0.430323 0.708502 0.061130 0.061130
0 0.565249 0.334025 0.061130 0.061130
0 0.509083 0.839117 0.061130 0.061130
0 0.078341 0.437525 0.104277 0.104277
0 0.380419 0.802985 0.062220 0.062220
0 0.293851 0.574015 0.062220 0.062220
0 0.657548 0.950193 0.104277 0.104277
0 0.110781 0.120520 0.061131 0.061131
0 0.019166 0.908840 0.052757 0.052757
0 0.326082 0.948528 0.062220 0.062220
0 0.704492 0.252729 0.052757 0.052757
0 0.200320 0.190899 0.057104 0.057104
0 0.360923 0.491866 0.071945 0.071945
0 0.323806 0.149523 0.071945 0.071945
0 0.381745 0.996446 0.071945 0.071945
0 0.100099 0.977590 0.052757 0.052757
0 0.178477 0.373120 0.062220 0.062220
0 0.771749 0.724101 0.071945 0.071945
0 0.741578 0.028067 0.057104 0.057104
0 0.479888 0.022073 0.052757 0.052757
0 0.522640 0.986593 0.061131 0.061131
0 0.654915 0.774323 0.071945 0.071945
0 0.229938 0.123947 0.052757 0.052757
0 0.017272 0.307231 0.071945 0.071945
0 0.749296 0.423298 0.104277 0.104277
0 0.503883 0.455527 0.057104 0.057104
0 0.194706 0.040790 0.057104 0.057104
0 0.057473 0.364157 0.052757 0.052757
0 0.486626 0.595465 0.057104 0.057104
0 0.045925 0.076931 0.071945 0.071945
0 0.495288 0.381828 0.104277 0.104277
0 0.722280 0.131532 0.061130 0.061130
0 0.564621 0.409423 0.104277 0.104277
0 0.578801 0.605681 0.052757 0.052757
0 0.146282 0.250540 0.061131 0.061131