0 0.960177 0.666380 0.104278 0.104278
0 0.137208 0.422488 0.052757 0.052757
0 0.689136 0.161856 0.052757 0.052757
0 0.602854 0.818703 0.061130 0.061130
0 0.977615 0.777185 0.052757 0.052757
0 0.998686 0.948412 0.052757 0.052757
0 0.748761 0.998133 0.061130 0.061130
0 0.612822 0.583037 0.057104 0.057104
0 0.963869 0.236858 0.104277 0.104277
0 0.107684 0.906667 0.062220 0.062220
0 0.110127 0.083536 0.071945 0.071945
0 0.655832 0.896090 0.104277 0.104277
0 0.688681 0.369686 0.057104 0.057104
0 0.103043 0.492733 0.062220 0.062220
0 0.910023 0.577818 0.052757 0.052757
0 0.315713 0.563890 0.071945 0.071945
0 0.454318 0.668412 0.104277 0.104277
0 0.374749 0.737336 0.052757 0.052757
0 0.733490 0.052332 0.057104 0.057104
0 0.597704 0.737573 0.104277 0.104277
0 0.820421 0.048589 0.057104 0.057104
0 0.287317 0.731534 0.052757 0.052757
0 0.533659 0.819630 0.052757 0.052757
0 0.910187 0.884237 0.057104 0.057104
0 0.834902 0.696291 0.061130 0.061130
0 0.726255 0.595133 0.071945 0.071945
0 0.892904 0.810829 0.052757 0.052757
0 0.100671 0.585903 0.052757 0.052757
0 0.246264 0.294008 0.071945 0.071945
0 0.436088 0.476637 0.061130 0.061130
0 0.239330 0.223552 0.071945 0.071945
0 0.735003 0.318319 0.071945 0.071945
0 0.715159 0.763426 0.061130 0.061130
0 0.685828 0.679761 0.062220 0.062220
0 0.829598 0.530947 0.062220 0.062220
0 0.945259 0.359947 0.061130 0.061130
0 0.154130 0.827938 0.061130 0.061130
0 0.735197 0.925727 0.052757 0.052757
0 0.885371 0.962012 0.057104 0.057104
0 0.435119 0.120562 0.071945 0.071945
0 0.388956 0.626415 0.104277 0.104277
0 0.880571 0.262208 0.061130 0.061130
0 0.851645 0.190473 0.061130 0.061130
0 0.884025 0.468334 0.061130 0.061130
0 0.622178 0.003308 0.104277 0.104277
0 0.446288 0.202260 0.071945 0.071945
0 0.984118 0.560870 0.057104 0.057104
0 0.876267 0.384652 0.104277 0.104277
0 0.565575 0.153391 0.052757 0.052757
0 0.397539 0.284485 0.052757 0.052757
0 0.241175 0.624116 0.052757 0.052757
0 0.138544 0.344824 0.104278 0.104278
0 0.772150 0.126077 0.071945 0.071945
0 0.826478 0.772926 0.104277 0.104277
0 0.321316 0.156918 0.061130 0.061130
0 0.787124 0.626947 0.071945 0.071945
0 0.329266 0.478073 0.104277 0.104277
0 0.658027 0.084744 0.104277 0.104277
0 0.528190 0.691014 0.071945 0.071945
0 0.668062 0.535111 0.050932 0.050932
0 0.207848 0.027190 0.061130 0.061130
0 0.804798 0.356225 0.052757 0.052757
0 0.280173 0.388943 0.057104 0.057104
0 0.570935 0.303116 0.071945 0.071945
0 0.781695 0.263285 0.061130 0.061130
0 0.357297 0.227744 0.062220 0.062220
0 0.995030 0.472787 0.057104 0.057104
0 0.528519 0.589747 0.071945 0.071945
0 0.436156 0.352918 0.104277 0.104277
0 0.142911 0.152862 0.061130 0.061130
0 0.207379 0.711326 0.104277 0.104277
0 0.218485 0.965393 0.057104 0.057104
0 0.778599 0.423251 0.061130 0.061130
0 0.640964 0.266410 0.071945 0.071945
0 0.401487 0.954029 0.104277 0.104277
0 0.451630 0.798264 0.104277 0.104277
0 0.992147 0.866242 0.061131 0.061131
0 0.235253 0.453660 0.062220 0.062220
0 0.839254 0.907567 0.104277 0.104277
0 0.442136 0.574566 0.052757 0.052757
0 0.967459 0.128903 0.062220 0.062220
0 0.739391 0.519936 0.062220 0.062220
0 0.535146 0.497840 0.062220 0.062220
0 0.357303 0.873041 0.052757 0.052757
0 0.200943 0.104424 0.057104 0.057104
0 0.971036 0.039092 0.061131 0.061131
0 0.236532 0.787830 0.104277 0.104277
0 0.326192 0.945677 0.061130 0.061130
0 0.391997 0.049467 0.071945 0.071945
0 0.175037 0.549729 0.057104 0.057104
0 0.545810 0.077288 0.104277 0.104277
0 0.449535 0.888627 0.062220 0.062220
0 0.311936 0.042391 0.071945 0.071945
0 0.516045 0.923669 0.071945 0.071945
0 0.914159 0.736294 0.071945 0.071945
0 0.745152 0.847323 0.061130 0.061130
0 0.384914 0.407845 0.071945 0.071945
0 0.479999 0.412814 0.047555 0.047555
0 0.614099 0.437610 0.052757 0.052757
0 0.126639 0.730561 0.071945 0.071945
0 0.244516 0.536615 0.057103 0.057103
0 0.898544 0.135897 0.071945 0.071945
0 0.609819 0.655715 0.071945 0.071945
0 0.228227 0.859172 0.104277 0.104277
0 0.694049 0.445491 0.071945 0.071945
0 0.141181 0.241078 0.062220 0.062220