0 0.510660 0.673927 0.062220 0.062220
0 0.435217 0.901143 0.052757 0.052757
0 0.429487 0.138356 0.104277 0.104277
0 0.457545 0.548312 0.057103 0.057103
0 0.626598 0.795603 0.071945 0.071945
0 0.091145 0.521598 0.104277 0.104277
0 0.673846 0.858042 0.061130 0.061130
0 0.228891 0.593957 0.052757 0.052757
0 0.851980 0.981997 0.052757 0.052757
0 0.976968 0.597881 0.061131 0.061131
0 0.919180 0.917906 0.052757 0.052757
0 0.002615 0.876022 0.104278 0.104278
0 0.662350 0.298502 0.057104 0.057104
0 0.912094 0.519188 0.062220 0.062220
0 0.389665 0.370450 0.104277 0.104277
0 0.373707 0.812637 0.071945 0.071945
0 0.303462 0.805552 0.057104 0.057104
0 0.883978 0.203222 0.061131 0.061131
0 0.198426 0.303509 0.104277 0.104277
0 0.571515 0.971544 0.057104 0.057104
0 0.409062 0.234599 0.057104 0.057104
0 0.056261 0.325340 0.062220 0.062220
0 0.067926 0.215562 0.062220 0.062220
0 0.600115 0.453633 0.057104 0.057104
0 0.357632 0.183468 0.104277 0.104277
0 0.947390 0.099692 0.071945 0.071945
0 0.129571 0.361861 0.062220 0.062220
0 0.718704 0.735735 0.061130 0.061130
0 0.633279 0.214929 0.104277 0.104277
0 0.520138 0.496068 0.052757 0.052757
0 0.323993 0.052416 0.052757 0.052757
0 0.798441 0.033993 0.104277 0.104277
0 0.591054 0.035777 0.062220 0.062220
0 0.273313 0.519410 0.062220 0.062220
0 0.990841 0.800025 0.104277 0.104277
0 0.445379 0.299098 0.057104 0.057104
0 0.602533 0.548133 0.057104 0.057104
0 0.504638 0.935496 0.104277 0.104277
0 0.368678 0.713674 0.057104 0.057104
0 0.610394 0.715421 0.057104 0.057104
0 0.276033 0.890803 0.057104 0.057104
0 0.650923 0.377462 0.052757 0.052757
0 0.722114 0.446543 0.104277 0.104277
0 0.690671 0.015654 0.062220 0.062220
0 0.478960 0.829758 0.104277 0.104277
0 0.763003 0.947161 0.052757 0.052757
0 0.122262 0.093885 0.061130 0.061130
0 0.061578 0.659861 0.062220 0.062220
0 0.283517 0.723057 0.052757 0.052757
0 0.478218 0.735027 0.052757 0.052757
0 0.295129 0.654348 0.061130 0.061130
0 0.663582 0.648520 0.104277 0.104277
0 0.798891 0.531717 0.061130 0.061130
0 0.488862 0.174565 0.052757 0.052757
0 0.534804 0.386148 0.057104 0.057104
0 0.364083 0.569166 0.071945 0.071945
0 0.881377 0.429505 0.104277 0.104277
0 0.202097 0.981789 0.061130 0.061130
0 0.786302 0.266868 0.062220 0.062220
0 0.189673 0.062476 0.061130 0.061130
0 0.058847 0.041734 0.061130 0.061130
0 0.568970 0.897797 0.062220 0.062220
0 0.346882 0.310316 0.052757 0.052757
0 0.977289 0.028167 0.061131 0.061131
0 0.883302 0.837494 0.052757 0.052757
0 0.876069 0.607831 0.062220 0.062220
0 0.267787 0.001875 0.071945 0.071945
0 0.881133 0.065485 0.061131 0.061131
0 0.143244 0.431517 0.057104 0.057104
0 0.679246 0.522241 0.061130 0.061130
0 0.206774 0.174527 0.057104 0.057104
0 0.840834 0.671449 0.104278 0.104278
0 0.844117 0.143648 0.052757 0.052757
0 0.923751 0.338469 0.061131 0.061131
0 0.221280 0.682493 0.061130 0.061130
0 0.005229 0.185669 0.061130 0.061130
0 0.187892 0.519679 0.062220 0.062220
0 0.365710 0.918289 0.057104 0.057104
0 0.676218 0.927196 0.057104 0.057104
0 0.095201 0.965352 0.057104 0.057104
0 0.167906 0.860463 0.104277 0.104277
0 0.897852 0.737360 0.062220 0.062220
0 0.776409 0.851936 0.057104 0.057104
0 0.722168 0.169063 0.104277 0.104277
0 0.500686 0.249050 0.061130 0.061130
0 0.444537 0.068966 0.104277 0.104277
0 0.365474 0.996398 0.061130 0.061130
0 0.295311 0.983677 0.062220 0.062220
0 0.019598 0.591383 0.061130 0.061130
0 0.929772 0.669731 0.071945 0.071945
0 0.211297 0.441744 0.057104 0.057104
0 0.843352 0.906292 0.062220 0.062220
0 0.066830 0.807055 0.104277 0.104277
0 0.510122 0.098055 0.071945 0.071945
0 0.069665 0.449093 0.052757 0.052757
0 0.740685 0.324497 0.061130 0.061130
0 0.576995 0.632843 0.057104 0.057104
0 0.775411 0.629529 0.104277 0.104277
0 0.451753 0.623192 0.104277 0.104277
0 0.969973 0.726657 0.052757 0.052757
0 0.025372 0.964400 0.057104 0.057104
0 0.781444 0.397410 0.061130 0.061130
0 0.143278 0.222205 0.062220 0.062220
0 0.958425 0.439431 0.071945 0.071945
0 0.724351 0.081912 0.057104 0.057104
0 0.475880 0.428269 0.062220 0.062220
0 0.826890 0.336220 0.071945 0.071945
0 0.105212 0.597065 0.071945 0.071945
0 0.575073 0.123211 0.057104 0.057104
0 0.174062 0.784000 0.061130 0.061130
0 0.257150 0.351425 0.104277 0.104277
0 0.375691 0.487124 0.052757 0.052757
0 0.262552 0.231720 0.057104 0.057104
0 0.558127 0.819905 0.057104 0.057104
0 0.322942 0.412581 0.062220 0.062220
0 0.966954 0.210448 0.052757 0.052757
0 0.009683 0.270468 0.061130 0.061130
0 0.142084 0.720190 0.062220 0.062220