0 0.347092 0.855727 0.104277 0.104277
0 0.303544 0.643736 0.061130 0.061130
0 0.706489 0.605445 0.052757 0.052757
0 0.236637 0.504065 0.104277 0.104277
0 0.298463 0.413017 0.071945 0.071945
0 0.497382 0.853403 0.062220 0.062220
0 0.450276 0.398627 0.071945 0.071945
0 0.529029 0.605485 0.104277 0.104277
0 0.204315 0.605634 0.052757 0.052757
0 0.606893 0.652010 0.071945 0.071945
0 0.533662 0.288930 0.061131 0.061131
0 0.242346 0.276118 0.104277 0.104277
0 0.735473 0.108437 0.057104 0.057104
0 0.861926 0.313397 0.062221 0.062221
0 0.750832 0.276402 0.104277 0.104277
0 0.827858 0.070316 0.104277 0.104277
0 0.860640 0.843878 0.047276 0.047276
0 0.564777 0.025325 0.104277 0.104277
0 0.341216 0.770542 0.057104 0.057104
0 0.112409 0.448574 0.062220 0.062220
0 0.377078 0.957178 0.051819 0.051819
0 0.370418 0.212089 0.052757 0.052757
0 0.023244 0.633733 0.104277 0.104277
0 0.851879 0.585511 0.071945 0.071945
0 0.281222 0.570273 0.061131 0.061131
0 0.557226 0.900891 0.052757 0.052757
0 0.314356 0.322614 0.057104 0.057104
0 0.618502 0.849406 0.057103 0.057103
0 0.365438 0.530768 0.052757 0.052757
0 0.633495 0.266570 0.104277 0.104277
0 0.039480 0.360122 0.052757 0.052757
0 0.503772 0.082980 0.062220 0.062220
0 0.421645 0.466728 0.057104 0.057104
0 0.341598 0.149528 0.057104 0.057104
0 0.812194 0.419485 0.052757 0.052757
0 0.534118 0.688739 0.036679 0.036679
0 0.449599 0.126966 0.061130 0.061130
0 0.653156 0.966746 0.104277 0.104277
0 0.752107 0.380296 0.062221 0.062221
0 0.367880 0.619350 0.057104 0.057104
0 0.106680 0.296031 0.052757 0.052757
0 0.448056 0.954229 0.071945 0.071945
0 0.753737 0.185784 0.071945 0.071945
0 0.690652 0.415925 0.052757 0.052757
0 0.677758 0.483787 0.104277 0.104277
0 0.844648 0.949803 0.071945 0.071945
0 0.102648 0.571983 0.071945 0.071945
0 0.392528 0.083989 0.061131 0.061131
0 0.154527 0.966938 0.052757 0.052757
0 0.583396 0.507419 0.104277 0.104277
0 0.211743 0.378314 0.071945 0.071945
0 0.750487 0.981614 0.061131 0.061131
0 0.441755 0.017442 0.057104 0.057104
0 0.866526 0.732876 0.057104 0.057104
0 0.674301 0.674894 0.062220 0.062220
0 0.120600 0.887569 0.071945 0.071945
0 0.582410 0.982765 0.061131 0.061131
0 0.173867 0.538432 0.057104 0.057104
0 0.530323 0.449127 0.061130 0.061130
0 0.004634 0.756822 0.061130 0.061130
0 0.665249 0.074650 0.061130 0.061130
0 0.782964 0.835745 0.062220 0.062220
0 0.609083 0.579742 0.061130 0.061130
0 0.178341 0.178150 0.104277 0.104277
0 0.480419 0.543610 0.062220 0.062220
0 0.089700 0.713618 0.104277 0.104277
0 0.253105 0.811491 0.071945 0.071945
0 0.393851 0.314640 0.062220 0.062220
0 0.757548 0.690818 0.104277 0.104277
0 0.043493 0.957745 0.057104 0.057104
0 0.140261 0.762155 0.104277 0.104277
0 0.119166 0.649465 0.052757 0.052757
0 0.426082 0.689153 0.062220 0.062220
0 0.460923 0.232491 0.071945 0.071945
0 0.070802 0.215619 0.052757 0.052757
0 0.568293 0.771849 0.104277 0.104277
0 0.244230 0.895407 0.057104 0.057104
0 0.028334 0.049574 0.104278 0.104278
0 0.481745 0.737071 0.071945 0.071945
0 0.200099 0.718215 0.052757 0.052757
0 0.054405 0.869662 0.057104 0.057104
0 0.278477 0.113745 0.062220 0.062220
0 0.871749 0.464726 0.071945 0.071945
0 0.085352 0.115485 0.062220 0.062220
0 0.622640 0.727218 0.061131 0.061131
0 0.754915 0.514948 0.071945 0.071945
0 0.117272 0.047856 0.071945 0.071945
0 0.030852 0.284417 0.062220 0.062220
0 0.849296 0.163923 0.104277 0.104277
0 0.603883 0.196152 0.057104 0.057104
0 0.026834 0.525778 0.062220 0.062220
0 0.157473 0.104782 0.052757 0.052757
0 0.586626 0.336090 0.057104 0.057104
0 0.030411 0.435967 0.061131 0.061131
0 0.595288 0.122453 0.104277 0.104277
0 0.715308 0.764215 0.071945 0.071945
0 0.664621 0.150048 0.104277 0.104277
0 0.678801 0.346306 0.052757 0.052757
0 0.418701 0.816970 0.057104 0.057104
0 0.688452 0.899701 0.061131 0.061131