0 0.267420 0.351976 0.062220 0.062220
0 0.613058 0.691604 0.062220 0.062220
0 0.574832 0.497580 0.062220 0.062220
0 0.350734 0.805218 0.057103 0.057103
0 0.865833 0.059752 0.104277 0.104277
0 0.600812 0.140946 0.052757 0.052757
0 0.612504 0.227495 0.104277 0.104277
0 0.958968 0.481120 0.104277 0.104277
0 0.371406 0.551867 0.052757 0.052757
0 0.917829 0.602731 0.104277 0.104277
0 0.804345 0.644705 0.071945 0.071945
0 0.209749 0.406858 0.071945 0.071945
0 0.962369 0.233862 0.062220 0.062220
0 0.330597 0.636537 0.062220 0.062220
0 0.235630 0.829519 0.071945 0.071945
0 0.592237 0.053525 0.104277 0.104277
0 0.260549 0.667173 0.104277 0.104277
0 0.987722 0.406120 0.057104 0.057104
0 0.064171 0.439984 0.061130 0.061130
0 0.341037 0.358038 0.061130 0.061130
0 0.321453 0.270155 0.052757 0.052757
0 0.112599 0.736336 0.104278 0.104278
0 0.997846 0.760730 0.062220 0.062220
0 0.941422 0.329618 0.061130 0.061130
0 0.820727 0.371492 0.057104 0.057104
0 0.725702 0.131378 0.104277 0.104277
0 0.510478 0.851101 0.062220 0.062220
0 0.482255 0.270982 0.061130 0.061130
0 0.563099 0.396440 0.062220 0.062220
0 0.758243 0.478250 0.057104 0.057104
0 0.874219 0.508341 0.104277 0.104277
0 0.668308 0.834396 0.071945 0.071945
0 0.604988 0.304650 0.057104 0.057104
0 0.370324 0.733781 0.061130 0.061130
0 0.813656 0.717670 0.071945 0.071945
0 0.422786 0.506093 0.062220 0.062220
0 0.521184 0.092305 0.052757 0.052757
0 0.620905 0.762406 0.057104 0.057104
0 0.129773 0.539571 0.062220 0.062220
0 0.641534 0.440093 0.057104 0.057104
0 0.453609 0.352194 0.061130 0.061130
0 0.584749 0.842059 0.052757 0.052757
0 0.663355 0.064473 0.061130 0.061130
0 0.887123 0.241212 0.062220 0.062220
0 0.418839 0.613225 0.062220 0.062220
0 0.839764 0.582062 0.057104 0.057104
0 0.046144 0.152492 0.062220 0.062220
0 0.914790 0.399050 0.104277 0.104277
0 0.544054 0.733420 0.050891 0.050891
0 0.197476 0.239716 0.062220 0.062220
0 0.269880 0.748855 0.104277 0.104277
0 0.414496 0.228439 0.057104 0.057104
0 0.707924 0.625726 0.062220 0.062220
0 0.783451 0.092833 0.071945 0.071945
0 0.828743 0.834792 0.057104 0.057104
0 0.204650 0.571722 0.062220 0.062220
0 0.429074 0.812442 0.052757 0.052757
0 0.476705 0.658566 0.062220 0.062220
0 0.572464 0.624485 0.104277 0.104277
0 0.927298 0.159472 0.061130 0.061130
0 0.370914 0.095908 0.057104 0.057104
0 0.079912 0.333598 0.104278 0.104278
0 0.298189 0.062288 0.071945 0.071945
0 0.198550 0.327062 0.052757 0.052757
0 0.107733 0.843189 0.071945 0.071945
0 0.017121 0.848864 0.052757 0.052757
0 0.734312 0.753663 0.061130 0.061130
0 0.737836 0.348781 0.062220 0.062220
0 0.715181 0.202637 0.071945 0.071945
0 0.872735 0.668815 0.062220 0.062220
0 0.167348 0.796961 0.057104 0.057104
0 0.236774 0.141854 0.052757 0.052757
0 0.429070 0.137746 0.071945 0.071945
0 0.131453 0.381580 0.057104 0.057104
0 0.165031 0.050258 0.057104 0.057104
0 0.445652 0.731375 0.062220 0.062220
0 0.135528 0.128080 0.104277 0.104277
0 0.743890 0.857013 0.062220 0.062220
0 0.973377 0.550456 0.062220 0.062220
0 0.847590 0.439803 0.071945 0.071945
0 0.096655 0.247605 0.104277 0.104277
0 0.087109 0.028640 0.071945 0.071945
0 0.523632 0.556505 0.104277 0.104277
0 0.096929 0.657264 0.061131 0.061131
0 0.308599 0.172639 0.052757 0.052757
0 0.967664 0.845443 0.061130 0.061130
0 0.940505 0.086936 0.050559 0.050559
0 0.754907 0.561283 0.052757 0.052757
0 0.170266 0.672359 0.057104 0.057104
0 0.909657 0.748928 0.061131 0.061131
0 0.290874 0.465207 0.057104 0.057104
0 0.011636 0.373594 0.062220 0.062220
0 0.011810 0.301159 0.057104 0.057104
0 0.999678 0.677981 0.104277 0.104277
0 0.681682 0.556561 0.052757 0.052757
0 0.715354 0.421947 0.061130 0.061130
0 0.004038 0.026359 0.052757 0.052757
0 0.386835 0.441291 0.104277 0.104277
0 0.046813 0.565133 0.057104 0.057104
0 0.035464 0.709140 0.061130 0.061130
0 0.799560 0.216618 0.052757 0.052757
0 0.534951 0.161283 0.104277 0.104277