0 0.787717 0.308852 0.104277 0.104277
0 0.744169 0.096861 0.061130 0.061130
0 0.460177 0.516380 0.104278 0.104278
0 0.938007 0.306528 0.062220 0.062220
0 0.969654 0.058610 0.104277 0.104277
0 0.644940 0.058759 0.052757 0.052757
0 0.515833 0.953502 0.104277 0.104277
0 0.578321 0.677728 0.052757 0.052757
0 0.758618 0.864474 0.061130 0.061130
0 0.189136 0.011856 0.052757 0.052757
0 0.102854 0.668703 0.061130 0.061130
0 0.477615 0.627185 0.052757 0.052757
0 0.931562 0.826350 0.071945 0.071945
0 0.498686 0.798412 0.052757 0.052757
0 0.242237 0.947275 0.104277 0.104277
0 0.781841 0.223667 0.057104 0.057104
0 0.574993 0.873547 0.071945 0.071945
0 0.324594 0.879073 0.104277 0.104277
0 0.817703 0.410303 0.051819 0.051819
0 0.248761 0.848133 0.061130 0.061130
0 0.112822 0.433037 0.057104 0.057104
0 0.463869 0.086858 0.104277 0.104277
0 0.721847 0.023398 0.061131 0.061131
0 0.997851 0.354016 0.052757 0.052757
0 0.155832 0.746090 0.104277 0.104277
0 0.188681 0.219686 0.057104 0.057104
0 0.710409 0.699104 0.104277 0.104277
0 0.974743 0.141864 0.036679 0.036679
0 0.410023 0.427818 0.052757 0.052757
0 0.808505 0.072475 0.057104 0.057104
0 0.893544 0.480647 0.104277 0.104277
0 0.888681 0.407354 0.071945 0.071945
0 0.097704 0.587573 0.104277 0.104277
0 0.171184 0.986055 0.052757 0.052757
0 0.543273 0.025108 0.071945 0.071945
0 0.652866 0.949836 0.052757 0.052757
0 0.595152 0.420063 0.052757 0.052757
0 0.033659 0.669630 0.052757 0.052757
0 0.462890 0.872591 0.104277 0.104277
0 0.410187 0.734237 0.057104 0.057104
0 0.615524 0.815841 0.052757 0.052757
0 0.809999 0.567276 0.054783 0.054783
0 0.977551 0.501188 0.057103 0.057103
0 0.313355 0.958223 0.061130 0.061130
0 0.778101 0.679442 0.071945 0.071945
0 0.778361 0.750266 0.061130 0.061130
0 0.561225 0.340694 0.071945 0.071945
0 0.055035 0.867165 0.052757 0.052757
0 0.334902 0.546291 0.061130 0.061130
0 0.226255 0.445133 0.071945 0.071945
0 0.392904 0.660829 0.052757 0.052757
0 0.658381 0.575944 0.057104 0.057104
0 0.433451 0.986583 0.071945 0.071945
0 0.235003 0.168319 0.071945 0.071945
0 0.215159 0.613426 0.061130 0.061130
0 0.185828 0.529761 0.062220 0.062220
0 0.329598 0.380947 0.062220 0.062220
0 0.445259 0.209947 0.061130 0.061130
0 0.672576 0.454070 0.052757 0.052757
0 0.235197 0.775727 0.052757 0.052757
0 0.385371 0.812012 0.057104 0.057104
0 0.020914 0.989658 0.057104 0.057104
0 0.380571 0.112208 0.061130 0.061130
0 0.351645 0.040473 0.061130 0.061130
0 0.530325 0.166743 0.104277 0.104277
0 0.693730 0.264616 0.071945 0.071945
0 0.902514 0.667934 0.052757 0.052757
0 0.384025 0.318334 0.061130 0.061130
0 0.484118 0.410870 0.057104 0.057104
0 0.376267 0.234652 0.104277 0.104277
0 0.583719 0.488486 0.062220 0.062220
0 0.580886 0.215280 0.104277 0.104277
0 0.065575 0.003391 0.052757 0.052757
0 0.559791 0.102590 0.052757 0.052757
0 0.590191 0.747151 0.104277 0.104277
0 0.945378 0.907445 0.052757 0.052757
0 0.866707 0.142278 0.062220 0.062220
0 0.326478 0.622926 0.104277 0.104277
0 0.857425 0.959309 0.052757 0.052757
0 0.287124 0.476947 0.071945 0.071945
0 0.530022 0.544575 0.104277 0.104277
0 0.684855 0.348532 0.057104 0.057104
0 0.028190 0.541014 0.071945 0.071945
0 0.168062 0.385111 0.050932 0.050932
0 0.304798 0.206225 0.052757 0.052757
0 0.070935 0.153116 0.071945 0.071945
0 0.922370 0.190196 0.071945 0.071945
0 0.281695 0.113285 0.061130 0.061130
0 0.640724 0.171340 0.052757 0.052757
0 0.495030 0.322787 0.057104 0.057104
0 0.886359 0.554025 0.104277 0.104277
0 0.028519 0.439747 0.071945 0.071945
0 0.278599 0.273251 0.061130 0.061130
0 0.140964 0.116410 0.071945 0.071945
0 0.590505 0.980686 0.050559 0.050559
0 0.719644 0.923465 0.061130 0.061130
0 0.848915 0.743837 0.071945 0.071945
0 0.950902 0.598223 0.057104 0.057104
0 0.990948 0.655361 0.104277 0.104277
0 0.492147 0.716242 0.061131 0.061131
0 0.339254 0.757567 0.104277 0.104277
0 0.847715 0.838390 0.071945 0.071945
0 0.796440 0.499322 0.052757 0.052757
0 0.723877 0.533549 0.104277 0.104277
0 0.239391 0.369936 0.062220 0.062220
0 0.035146 0.347840 0.062220 0.062220
0 0.016045 0.773669 0.071945 0.071945
0 0.414159 0.586294 0.071945 0.071945
0 0.245152 0.697323 0.061130 0.061130
0 0.654360 0.652514 0.071945 0.071945
0 0.114099 0.287610 0.052757 0.052757
0 0.145667 0.884773 0.104277 0.104277
0 0.960624 0.746965 0.104277 0.104277
0 0.685067 0.790454 0.104277 0.104277
0 0.109819 0.505715 0.071945 0.071945
0 0.859326 0.270095 0.057104 0.057104
0 0.194049 0.295491 0.071945 0.071945