0 0.943967 0.443227 0.104277 0.104277
0 0.900419 0.231236 0.061130 0.061130
0 0.616427 0.650755 0.104278 0.104278
0 0.833512 0.091565 0.104277 0.104277
0 0.895338 0.000517 0.071945 0.071945
0 0.801190 0.193134 0.052757 0.052757
0 0.734571 0.812103 0.052757 0.052757
0 0.914868 0.998849 0.061130 0.061130
0 0.345386 0.146231 0.052757 0.052757
0 0.259104 0.803078 0.061130 0.061130
0 0.633865 0.761560 0.052757 0.052757
0 0.654936 0.932787 0.052757 0.052757
0 0.938091 0.358042 0.057104 0.057104
0 0.709284 0.036074 0.062220 0.062220
0 0.973953 0.544678 0.051819 0.051819
0 0.405011 0.982508 0.061130 0.061130
0 0.269072 0.567412 0.057104 0.057104
0 0.620119 0.221233 0.104277 0.104277
0 0.878097 0.157773 0.061131 0.061131
0 0.312082 0.880465 0.104277 0.104277
0 0.344931 0.354061 0.057104 0.057104
0 0.866659 0.833479 0.104277 0.104277
0 0.962313 0.118268 0.052757 0.052757
0 0.566273 0.562193 0.052757 0.052757
0 0.110568 0.652787 0.104277 0.104277
0 0.030999 0.721711 0.052757 0.052757
0 0.389740 0.036707 0.057104 0.057104
0 0.964755 0.206850 0.057104 0.057104
0 0.253954 0.721948 0.104277 0.104277
0 0.476671 0.032964 0.057104 0.057104
0 0.699523 0.159483 0.071945 0.071945
0 0.751402 0.554438 0.052757 0.052757
0 0.189909 0.804005 0.052757 0.052757
0 0.566437 0.868612 0.057104 0.057104
0 0.771774 0.950216 0.052757 0.052757
0 0.966249 0.701651 0.054783 0.054783
0 0.934351 0.813817 0.071945 0.071945
0 0.934611 0.884641 0.061130 0.061130
0 0.717475 0.475069 0.071945 0.071945
0 0.491152 0.680666 0.061130 0.061130
0 0.382505 0.579508 0.071945 0.071945
0 0.549154 0.795204 0.052757 0.052757
0 0.814631 0.710319 0.057104 0.057104
0 0.770742 0.125932 0.057104 0.057104
0 0.092338 0.461012 0.061130 0.061130
0 0.391253 0.302694 0.071945 0.071945
0 0.371409 0.747801 0.061130 0.061130
0 0.342078 0.664136 0.062220 0.062220
0 0.485848 0.515322 0.062220 0.062220
0 0.601509 0.344322 0.061130 0.061130
0 0.828826 0.588445 0.052757 0.052757
0 0.391447 0.910102 0.052757 0.052757
0 0.541621 0.946387 0.057104 0.057104
0 0.091369 0.104937 0.071945 0.071945
0 0.045206 0.610790 0.104277 0.104277
0 0.536821 0.246583 0.061130 0.061130
0 0.507895 0.174848 0.061130 0.061130
0 0.686575 0.301118 0.104277 0.104277
0 0.849980 0.398991 0.071945 0.071945
0 0.540275 0.452709 0.061130 0.061130
0 0.102538 0.186635 0.071945 0.071945
0 0.640368 0.545245 0.057104 0.057104
0 0.532517 0.369027 0.104277 0.104277
0 0.739969 0.622861 0.062220 0.062220
0 0.737136 0.349655 0.104277 0.104277
0 0.221825 0.137766 0.052757 0.052757
0 0.716041 0.236965 0.052757 0.052757
0 0.053789 0.268860 0.052757 0.052757
0 0.746441 0.881526 0.104277 0.104277
0 0.428400 0.110452 0.071945 0.071945
0 0.482728 0.757301 0.104277 0.104277
0 0.443374 0.611322 0.071945 0.071945
0 0.686272 0.678950 0.104277 0.104277
0 0.314277 0.069119 0.104277 0.104277
0 0.841105 0.482907 0.057104 0.057104
0 0.184440 0.675389 0.071945 0.071945
0 0.324312 0.519486 0.050932 0.050932
0 0.461048 0.340600 0.052757 0.052757
0 0.227185 0.287491 0.071945 0.071945
0 0.437945 0.247660 0.061130 0.061130
0 0.013547 0.212119 0.062220 0.062220
0 0.796974 0.305715 0.052757 0.052757
0 0.651280 0.457162 0.057104 0.057104
0 0.184769 0.574122 0.071945 0.071945
0 0.092406 0.337293 0.104277 0.104277
0 0.434849 0.407626 0.061130 0.061130
0 0.297214 0.250785 0.071945 0.071945
0 0.057737 0.938404 0.104277 0.104277
0 0.107880 0.782639 0.104277 0.104277
0 0.648397 0.850617 0.061131 0.061131
0 0.495504 0.891942 0.104277 0.104277
0 0.098386 0.558941 0.052757 0.052757
0 0.623709 0.113278 0.062220 0.062220
0 0.952690 0.633697 0.052757 0.052757
0 0.880127 0.667924 0.104277 0.104277
0 0.395641 0.504311 0.062220 0.062220
0 0.191396 0.482215 0.062220 0.062220
0 0.013553 0.857416 0.052757 0.052757
0 0.627286 0.023467 0.061131 0.061131
0 0.048247 0.033842 0.071945 0.071945
0 0.202060 0.061663 0.104277 0.104277
0 0.105785 0.873002 0.062220 0.062220
0 0.172295 0.908044 0.071945 0.071945
0 0.570409 0.720669 0.071945 0.071945
0 0.401402 0.831698 0.061130 0.061130
0 0.041164 0.392220 0.071945 0.071945
0 0.810610 0.786889 0.071945 0.071945
0 0.136249 0.397189 0.047555 0.047555
0 0.270349 0.421985 0.052757 0.052757
0 0.841317 0.924829 0.104277 0.104277
0 0.554794 0.120272 0.071945 0.071945
0 0.266069 0.640090 0.071945 0.071945
0 0.350299 0.429866 0.071945 0.071945