0 0.726285 0.752052 0.062220 0.062220
0 0.650842 0.979268 0.052757 0.052757
0 0.645112 0.216481 0.104277 0.104277
0 0.673170 0.626437 0.057103 0.057103
0 0.842223 0.873728 0.071945 0.071945
0 0.306770 0.599723 0.104277 0.104277
0 0.889471 0.936167 0.061130 0.061130
0 0.444516 0.672082 0.052757 0.052757
0 0.218240 0.954147 0.104278 0.104278
0 0.877975 0.376627 0.057104 0.057104
0 0.605290 0.448575 0.104277 0.104277
0 0.589332 0.890762 0.071945 0.071945
0 0.519087 0.883677 0.057104 0.057104
0 0.414051 0.381634 0.104277 0.104277
0 0.624687 0.312724 0.057104 0.057104
0 0.271886 0.403465 0.062220 0.062220
0 0.283551 0.293687 0.062220 0.062220
0 0.815740 0.531758 0.057104 0.057104
0 0.573257 0.261593 0.104277 0.104277
0 0.345196 0.439986 0.062220 0.062220
0 0.934329 0.813860 0.061130 0.061130
0 0.188097 0.434740 0.104278 0.104278
0 0.848904 0.293054 0.104277 0.104277
0 0.735763 0.574193 0.052757 0.052757
0 0.539618 0.130541 0.052757 0.052757
0 0.806679 0.113902 0.062220 0.062220
0 0.488938 0.597535 0.062220 0.062220
0 0.188285 0.545495 0.071945 0.071945
0 0.392429 0.056119 0.062220 0.062220
0 0.661004 0.377223 0.057104 0.057104
0 0.818158 0.626258 0.057104 0.057104
0 0.584303 0.791799 0.057104 0.057104
0 0.826019 0.793546 0.057104 0.057104
0 0.491658 0.968928 0.057104 0.057104
0 0.188349 0.196630 0.052757 0.052757
0 0.866548 0.455587 0.052757 0.052757
0 0.937739 0.524668 0.104277 0.104277
0 0.906296 0.093779 0.062220 0.062220
0 0.694585 0.907883 0.104277 0.104277
0 0.337887 0.172010 0.061130 0.061130
0 0.277203 0.737986 0.062220 0.062220
0 0.499142 0.801182 0.052757 0.052757
0 0.693843 0.813152 0.052757 0.052757
0 0.510754 0.732473 0.061130 0.061130
0 0.713821 0.016906 0.071945 0.071945
0 0.879207 0.726645 0.104277 0.104277
0 0.704487 0.252690 0.052757 0.052757
0 0.750429 0.464273 0.057104 0.057104
0 0.189255 0.090418 0.104277 0.104277
0 0.579708 0.647291 0.071945 0.071945
0 0.405298 0.140601 0.061130 0.061130
0 0.274472 0.119859 0.061130 0.061130
0 0.784595 0.975922 0.062220 0.062220
0 0.562507 0.388441 0.052757 0.052757
0 0.483412 0.080000 0.071945 0.071945
0 0.358869 0.509642 0.057104 0.057104
0 0.894871 0.600366 0.061130 0.061130
0 0.422399 0.252652 0.057104 0.057104
0 0.436905 0.760618 0.061130 0.061130
0 0.964709 0.021806 0.052757 0.052757
0 0.220854 0.263794 0.061130 0.061130
0 0.403517 0.597804 0.062220 0.062220
0 0.581335 0.996414 0.057104 0.057104
0 0.383531 0.938588 0.104277 0.104277
0 0.241502 0.029901 0.104278 0.104278
0 0.194007 0.741500 0.061130 0.061130
0 0.992034 0.930061 0.057104 0.057104
0 0.937793 0.247188 0.104277 0.104277
0 0.716311 0.327175 0.061130 0.061130
0 0.660162 0.147091 0.104277 0.104277
0 0.622863 0.017991 0.052757 0.052757
0 0.235223 0.669508 0.061130 0.061130
0 0.426922 0.519869 0.057104 0.057104
0 0.843362 0.051754 0.057104 0.057104
0 0.282455 0.885180 0.104277 0.104277
0 0.725747 0.176180 0.071945 0.071945
0 0.285290 0.527218 0.052757 0.052757
0 0.956310 0.402622 0.061130 0.061130
0 0.792620 0.710968 0.057104 0.057104
0 0.991036 0.707654 0.104277 0.104277
0 0.667378 0.701317 0.104277 0.104277
0 0.997069 0.475535 0.061130 0.061130
0 0.358903 0.300330 0.062220 0.062220
0 0.939976 0.160037 0.057104 0.057104
0 0.691505 0.506394 0.062220 0.062220
0 0.320837 0.675190 0.071945 0.071945
0 0.790698 0.201336 0.057104 0.057104
0 0.389687 0.862125 0.061130 0.061130
0 0.472775 0.429550 0.104277 0.104277
0 0.450998 0.014216 0.057104 0.057104
0 0.591316 0.565249 0.052757 0.052757
0 0.478177 0.309845 0.057104 0.057104
0 0.773752 0.898030 0.057104 0.057104
0 0.538567 0.490706 0.062220 0.062220
0 0.192757 0.830932 0.071945 0.071945
0 0.225308 0.348593 0.061130 0.061130
0 0.357709 0.798315 0.062220 0.062220