0 0.317420 0.986351 0.062220 0.062220
0 0.860177 0.257005 0.104278 0.104278
0 0.915833 0.694127 0.104277 0.104277
0 0.978321 0.418353 0.052757 0.052757
0 0.037208 0.013113 0.052757 0.052757
0 0.650812 0.775321 0.052757 0.052757
0 0.662504 0.861870 0.104277 0.104277
0 0.502854 0.409328 0.061130 0.061130
0 0.877615 0.367810 0.052757 0.052757
0 0.898686 0.539037 0.052757 0.052757
0 0.642237 0.687900 0.104277 0.104277
0 0.974993 0.614172 0.071945 0.071945
0 0.724594 0.619698 0.104277 0.104277
0 0.648761 0.588758 0.061130 0.061130
0 0.512822 0.173662 0.057104 0.057104
0 0.007684 0.497292 0.062220 0.062220
0 0.555832 0.486715 0.104277 0.104277
0 0.391037 0.992413 0.061130 0.061130
0 0.371453 0.904530 0.052757 0.052757
0 0.991422 0.963993 0.061130 0.061130
0 0.775702 0.765753 0.104277 0.104277
0 0.532255 0.905357 0.061130 0.061130
0 0.003043 0.083358 0.062220 0.062220
0 0.228289 0.616049 0.061130 0.061130
0 0.810023 0.168443 0.052757 0.052757
0 0.215713 0.154515 0.071945 0.071945
0 0.030760 0.734661 0.104278 0.104278
0 0.354318 0.259037 0.104277 0.104277
0 0.274749 0.327961 0.052757 0.052757
0 0.654988 0.939025 0.057104 0.057104
0 0.497704 0.328198 0.104277 0.104277
0 0.571184 0.726680 0.052757 0.052757
0 0.995152 0.160688 0.052757 0.052757
0 0.187317 0.322159 0.052757 0.052757
0 0.433659 0.410255 0.052757 0.052757
0 0.862890 0.613216 0.104277 0.104277
0 0.810187 0.474862 0.057104 0.057104
0 0.503609 0.986569 0.061130 0.061130
0 0.713355 0.698848 0.061130 0.061130
0 0.388186 0.629399 0.104278 0.104278
0 0.937123 0.875587 0.062220 0.062220
0 0.961225 0.081319 0.071945 0.071945
0 0.455035 0.607790 0.052757 0.052757
0 0.734902 0.286916 0.061130 0.061130
0 0.626255 0.185758 0.071945 0.071945
0 0.792904 0.401454 0.052757 0.052757
0 0.096144 0.786867 0.062220 0.062220
0 0.247476 0.874091 0.062220 0.062220
0 0.000671 0.176528 0.052757 0.052757
0 0.464496 0.862814 0.057104 0.057104
0 0.336088 0.067262 0.061130 0.061130
0 0.833451 0.727208 0.071945 0.071945
0 0.615159 0.354051 0.061130 0.061130
0 0.585828 0.270386 0.062220 0.062220
0 0.729598 0.121572 0.062220 0.062220
0 0.054130 0.418563 0.061130 0.061130
0 0.977298 0.793847 0.061130 0.061130
0 0.635197 0.516352 0.052757 0.052757
0 0.785371 0.552637 0.057104 0.057104
0 0.420914 0.730283 0.057104 0.057104
0 0.288956 0.217040 0.104277 0.104277
0 0.129912 0.967973 0.104278 0.104278
0 0.348189 0.696663 0.071945 0.071945
0 0.248550 0.961437 0.052757 0.052757
0 0.787836 0.983156 0.062220 0.062220
0 0.765181 0.837012 0.071945 0.071945
0 0.286774 0.776229 0.052757 0.052757
0 0.479070 0.772121 0.071945 0.071945
0 0.784025 0.058959 0.061130 0.061130
0 0.005098 0.804703 0.104277 0.104277
0 0.884118 0.151495 0.057104 0.057104
0 0.983719 0.229111 0.062220 0.062220
0 0.215031 0.684633 0.057104 0.057104
0 0.185528 0.762455 0.104277 0.104277
0 0.990191 0.487776 0.104277 0.104277
0 0.141175 0.214741 0.052757 0.052757
0 0.726478 0.363551 0.104277 0.104277
0 0.687124 0.217572 0.071945 0.071945
0 0.229266 0.068698 0.104277 0.104277
0 0.930022 0.285200 0.104277 0.104277
0 0.146655 0.881980 0.104277 0.104277
0 0.137109 0.663015 0.071945 0.071945
0 0.428190 0.281639 0.071945 0.071945
0 0.568062 0.125736 0.050932 0.050932
0 0.011278 0.604256 0.057104 0.057104
0 0.358599 0.807014 0.052757 0.052757
0 0.895030 0.063412 0.057104 0.057104
0 0.428519 0.180372 0.071945 0.071945
0 0.107379 0.301951 0.104277 0.104277
0 0.118485 0.556018 0.057104 0.057104
0 0.678599 0.013876 0.061130 0.061130
0 0.990505 0.721311 0.050559 0.050559
0 0.301487 0.544654 0.104277 0.104277
0 0.351630 0.388889 0.104277 0.104277
0 0.892147 0.456867 0.061131 0.061131
0 0.135253 0.044285 0.062220 0.062220
0 0.739254 0.498192 0.104277 0.104277
0 0.342136 0.165191 0.052757 0.052757
0 0.639391 0.110561 0.062220 0.062220
0 0.435146 0.088465 0.062220 0.062220
0 0.257303 0.463666 0.052757 0.052757
0 0.061810 0.935534 0.057104 0.057104
0 0.136532 0.378455 0.104277 0.104277
0 0.226192 0.536302 0.061130 0.061130
0 0.075037 0.140354 0.057104 0.057104
0 0.349535 0.479252 0.062220 0.062220
0 0.416045 0.514294 0.071945 0.071945
0 0.814159 0.326919 0.071945 0.071945
0 0.645152 0.437948 0.061130 0.061130
0 0.054038 0.660734 0.052757 0.052757
0 0.379999 0.003439 0.047555 0.047555
0 0.514099 0.028235 0.052757 0.052757
0 0.545667 0.625398 0.104277 0.104277
0 0.026639 0.321186 0.071945 0.071945
0 0.319218 0.620670 0.052757 0.052757
0 0.144516 0.127240 0.057103 0.057103
0 0.849560 0.850993 0.052757 0.052757
0 0.509819 0.246340 0.071945 0.071945
0 0.128227 0.449797 0.104277 0.104277
0 0.594049 0.036116 0.071945 0.071945
0 0.584951 0.795658 0.104277 0.104277