0 0.395035 0.830177 0.062220 0.062220
0 0.313862 0.294606 0.104277 0.104277
0 0.341920 0.704562 0.057103 0.057103
0 0.510973 0.951853 0.071945 0.071945
0 0.113266 0.750207 0.052757 0.052757
0 0.518944 0.050415 0.062220 0.062220
0 0.861343 0.754131 0.061131 0.061131
0 0.665518 0.027427 0.070161 0.070161
0 0.296238 0.019039 0.104278 0.104278
0 0.546725 0.454752 0.057104 0.057104
0 0.796469 0.675438 0.062220 0.062220
0 0.274040 0.526700 0.104277 0.104277
0 0.935432 0.118624 0.071945 0.071945
0 0.258082 0.968887 0.071945 0.071945
0 0.187837 0.961802 0.057104 0.057104
0 0.751225 0.057180 0.062220 0.062220
0 0.768353 0.359472 0.061131 0.061131
0 0.082801 0.459759 0.104277 0.104277
0 0.787796 0.121016 0.104277 0.104277
0 0.196334 0.056618 0.071945 0.071945
0 0.293437 0.390849 0.057104 0.057104
0 0.484490 0.609883 0.057104 0.057104
0 0.242007 0.339718 0.104277 0.104277
0 0.831765 0.255942 0.071945 0.071945
0 0.013946 0.518111 0.062220 0.062220
0 0.603079 0.891985 0.061130 0.061130
0 0.517654 0.371179 0.104277 0.104277
0 0.404513 0.652318 0.052757 0.052757
0 0.208368 0.208666 0.052757 0.052757
0 0.682816 0.190243 0.104277 0.104277
0 0.475429 0.192027 0.062220 0.062220
0 0.157688 0.675660 0.062220 0.062220
0 0.893848 0.504856 0.071945 0.071945
0 0.875216 0.956275 0.104277 0.104277
0 0.061179 0.134244 0.062220 0.062220
0 0.329754 0.455348 0.057104 0.057104
0 0.486908 0.704383 0.057104 0.057104
0 0.253053 0.869924 0.057104 0.057104
0 0.494769 0.871671 0.057104 0.057104
0 0.535298 0.533712 0.052757 0.052757
0 0.606489 0.602793 0.104277 0.104277
0 0.575046 0.171904 0.062220 0.062220
0 0.363335 0.986008 0.104277 0.104277
0 0.006637 0.250135 0.061130 0.061130
0 0.167892 0.879307 0.052757 0.052757
0 0.907656 0.639270 0.061131 0.061131
0 0.362593 0.891277 0.052757 0.052757
0 0.179504 0.810598 0.061130 0.061130
0 0.382571 0.095031 0.071945 0.071945
0 0.547957 0.804770 0.104277 0.104277
0 0.683266 0.687967 0.061130 0.061130
0 0.373237 0.330815 0.052757 0.052757
0 0.419179 0.542398 0.057104 0.057104
0 0.248458 0.725416 0.071945 0.071945
0 0.765752 0.585755 0.104277 0.104277
0 0.817100 0.000479 0.062220 0.062220
0 0.978633 0.470215 0.062220 0.062220
0 0.670677 0.423118 0.062220 0.062220
0 0.997195 0.709649 0.057104 0.057104
0 0.074048 0.218726 0.061130 0.061130
0 0.231257 0.466566 0.052757 0.052757
0 0.861664 0.184417 0.061131 0.061131
0 0.767677 0.993744 0.052757 0.052757
0 0.760444 0.764081 0.062220 0.062220
0 0.152162 0.158125 0.071945 0.071945
0 0.765508 0.221735 0.061131 0.061131
0 0.027619 0.587767 0.057104 0.057104
0 0.010589 0.008614 0.057104 0.057104
0 0.563621 0.678491 0.061130 0.061130
0 0.091149 0.330777 0.057104 0.057104
0 0.725209 0.827699 0.104278 0.104278
0 0.728492 0.299898 0.052757 0.052757
0 0.808126 0.494719 0.061131 0.061131
0 0.105655 0.838743 0.061130 0.061130
0 0.633459 0.099931 0.052757 0.052757
0 0.072267 0.675929 0.062220 0.062220
0 0.975352 0.891870 0.062220 0.062220
0 0.880605 0.033594 0.071945 0.071945
0 0.782227 0.893610 0.062220 0.062220
0 0.606543 0.325313 0.104277 0.104277
0 0.385061 0.405300 0.061130 0.061130
0 0.328912 0.225216 0.104277 0.104277
0 0.291613 0.096116 0.052757 0.052757
0 0.814147 0.825981 0.071945 0.071945
0 0.095672 0.597994 0.057104 0.057104
0 0.512112 0.129879 0.057104 0.057104
0 0.394497 0.254305 0.071945 0.071945
0 0.625060 0.480747 0.061130 0.061130
0 0.461370 0.789093 0.057104 0.057104
0 0.659786 0.785779 0.104277 0.104277
0 0.388634 0.016809 0.056505 0.056505
0 0.336128 0.779442 0.104277 0.104277
0 0.991581 0.559540 0.057104 0.057104
0 0.897430 0.307561 0.104277 0.104277
0 0.854348 0.882907 0.052757 0.052757
0 0.665819 0.553660 0.061130 0.061130
0 0.027653 0.378455 0.062220 0.062220
0 0.963772 0.376998 0.052757 0.052757
0 0.842800 0.595681 0.071945 0.071945
0 0.970927 0.242542 0.071945 0.071945
0 0.984900 0.052556 0.104277 0.104277
0 0.608726 0.238162 0.057104 0.057104
0 0.360255 0.584519 0.062220 0.062220
0 0.711265 0.492470 0.071945 0.071945
0 0.459448 0.279461 0.057104 0.057104
0 0.058437 0.940250 0.061130 0.061130
0 0.141525 0.507675 0.104277 0.104277
0 0.119748 0.092341 0.057104 0.057104
0 0.260066 0.643374 0.052757 0.052757
0 0.146927 0.387970 0.057104 0.057104
0 0.442502 0.976155 0.057104 0.057104
0 0.207317 0.568831 0.062220 0.062220
0 0.851329 0.366698 0.052757 0.052757
0 0.026459 0.876440 0.062220 0.062220
0 0.943157 0.769290 0.061131 0.061131