0 0.804761 0.933731 0.052757 0.052757
0 0.754410 0.427052 0.062220 0.062220
0 0.678967 0.654268 0.052757 0.052757
0 0.225752 0.855411 0.071945 0.071945
0 0.701295 0.301437 0.057103 0.057103
0 0.870348 0.548728 0.071945 0.071945
0 0.334895 0.274723 0.104277 0.104277
0 0.917596 0.611167 0.061130 0.061130
0 0.472641 0.347082 0.052757 0.052757
0 0.849115 0.824207 0.057104 0.057104
0 0.936046 0.820464 0.057104 0.057104
0 0.246365 0.629147 0.104278 0.104278
0 0.906100 0.051627 0.057104 0.057104
0 0.633415 0.123575 0.104277 0.104277
0 0.617457 0.565762 0.071945 0.071945
0 0.547212 0.558677 0.057104 0.057104
0 0.442176 0.056634 0.104277 0.104277
0 0.815265 0.724669 0.057104 0.057104
0 0.300011 0.078465 0.062220 0.062220
0 0.843865 0.206758 0.057104 0.057104
0 0.373321 0.114986 0.062220 0.062220
0 0.354955 0.995427 0.071945 0.071945
0 0.962454 0.488860 0.061130 0.061130
0 0.216222 0.109740 0.104278 0.104278
0 0.763888 0.249193 0.052757 0.052757
0 0.550744 0.892437 0.071945 0.071945
0 0.517063 0.272535 0.062220 0.062220
0 0.216410 0.220495 0.071945 0.071945
0 0.689129 0.052223 0.057104 0.057104
0 0.967270 0.962348 0.061130 0.061130
0 0.846283 0.301258 0.057104 0.057104
0 0.748388 0.688621 0.104277 0.104277
0 0.612428 0.466799 0.057104 0.057104
0 0.854144 0.468546 0.057104 0.057104
0 0.519783 0.643928 0.057104 0.057104
0 0.894673 0.130587 0.052757 0.052757
0 0.965864 0.199668 0.104277 0.104277
0 0.722710 0.582883 0.104277 0.104277
0 0.305328 0.412986 0.062220 0.062220
0 0.737803 0.775183 0.104277 0.104277
0 0.561913 0.974135 0.071945 0.071945
0 0.527267 0.476182 0.052757 0.052757
0 0.721968 0.488152 0.052757 0.052757
0 0.538879 0.407473 0.061130 0.061130
0 0.681200 0.925266 0.052757 0.052757
0 0.907332 0.401645 0.104277 0.104277
0 0.778554 0.139273 0.057104 0.057104
0 0.607833 0.322291 0.071945 0.071945
0 0.445847 0.734914 0.061130 0.061130
0 0.887775 0.897952 0.071945 0.071945
0 0.812720 0.650922 0.062220 0.062220
0 0.436941 0.928793 0.061130 0.061130
0 0.590632 0.063441 0.052757 0.052757
0 0.773652 0.856619 0.104277 0.104277
0 0.323473 0.799065 0.061130 0.061130
0 0.386994 0.184642 0.057104 0.057104
0 0.922996 0.275366 0.061130 0.061130
0 0.472922 0.999619 0.062220 0.062220
0 0.465030 0.435618 0.061130 0.061130
0 0.431642 0.272804 0.062220 0.062220
0 0.609460 0.671414 0.057104 0.057104
0 0.919968 0.680321 0.057104 0.057104
0 0.338951 0.718477 0.057104 0.057104
0 0.411656 0.613588 0.104277 0.104277
0 0.258536 0.924737 0.061130 0.061130
0 0.222132 0.416500 0.061130 0.061130
0 0.744436 0.002175 0.061130 0.061130
0 0.609224 0.749523 0.061130 0.061130
0 0.539061 0.736802 0.062220 0.062220
0 0.884076 0.754786 0.048997 0.048997
0 0.263348 0.344508 0.061130 0.061130
0 0.455047 0.194869 0.057104 0.057104
0 0.310580 0.560180 0.104277 0.104277
0 0.313415 0.202218 0.052757 0.052757
0 0.984435 0.077622 0.061130 0.061130
0 0.820745 0.385968 0.057104 0.057104
0 0.695503 0.376317 0.104277 0.104277
0 0.269122 0.717525 0.057104 0.057104
0 0.316568 0.876299 0.057104 0.057104
0 0.507622 0.821342 0.071945 0.071945
0 0.719630 0.181394 0.062220 0.062220
0 0.348962 0.350190 0.071945 0.071945
0 0.661435 0.849163 0.104277 0.104277
0 0.427561 0.814266 0.071945 0.071945
0 0.417812 0.537125 0.061130 0.061130
0 0.500900 0.104550 0.104277 0.104277
0 0.619441 0.240249 0.052757 0.052757
0 0.801877 0.573030 0.057104 0.057104
0 0.566692 0.165706 0.062220 0.062220
0 0.220882 0.505932 0.071945 0.071945
0 0.253433 0.023593 0.061130 0.061130
0 0.385834 0.473315 0.062220 0.062220