0 0.672092 0.608852 0.104277 0.104277
0 0.628544 0.396861 0.061130 0.061130
0 0.344552 0.816380 0.104278 0.104278
0 0.561637 0.257190 0.104277 0.104277
0 0.623463 0.166142 0.071945 0.071945
0 0.822382 0.606528 0.062220 0.062220
0 0.775276 0.151752 0.071945 0.071945
0 0.854029 0.358610 0.104277 0.104277
0 0.529315 0.358759 0.052757 0.052757
0 0.462696 0.977728 0.052757 0.052757
0 0.931893 0.405135 0.071945 0.071945
0 0.858662 0.042055 0.061131 0.061131
0 0.567346 0.029243 0.104277 0.104277
0 0.073511 0.311856 0.052757 0.052757
0 0.361990 0.927185 0.052757 0.052757
0 0.666216 0.523667 0.057104 0.057104
0 0.437409 0.201699 0.062220 0.062220
0 0.702078 0.710303 0.051819 0.051819
0 0.348244 0.386858 0.104277 0.104277
0 0.606222 0.323398 0.061131 0.061131
0 0.882226 0.654016 0.052757 0.052757
0 0.073056 0.519686 0.057104 0.057104
0 0.639356 0.075739 0.057104 0.057104
0 0.594784 0.999104 0.104277 0.104277
0 0.943502 0.602531 0.057103 0.057103
0 0.690438 0.283893 0.052757 0.052757
0 0.958495 0.019695 0.104277 0.104277
0 0.364480 0.113247 0.052757 0.052757
0 0.746645 0.219853 0.057104 0.057104
0 0.859118 0.441864 0.036679 0.036679
0 0.294398 0.727818 0.052757 0.052757
0 0.978156 0.719871 0.104277 0.104277
0 0.117865 0.202332 0.057104 0.057104
0 0.692880 0.372475 0.057104 0.057104
0 0.777919 0.780647 0.104277 0.104277
0 0.431680 0.049156 0.052757 0.052757
0 0.773056 0.707354 0.071945 0.071945
0 0.204796 0.198589 0.057104 0.057104
0 0.427648 0.325108 0.071945 0.071945
0 0.479527 0.720063 0.052757 0.052757
0 0.908396 0.260544 0.104277 0.104277
0 0.536743 0.131439 0.071945 0.071945
0 0.694374 0.867276 0.054783 0.054783
0 0.999301 0.428019 0.062220 0.062220
0 0.084015 0.102794 0.057104 0.057104
0 0.861926 0.801188 0.057103 0.057103
0 0.662476 0.979442 0.071945 0.071945
0 0.445600 0.640694 0.071945 0.071945
0 0.219277 0.846291 0.061130 0.061130
0 0.110630 0.745133 0.071945 0.071945
0 0.277279 0.960829 0.052757 0.052757
0 0.956232 0.868009 0.061131 0.061131
0 0.542756 0.875944 0.057104 0.057104
0 0.907410 0.735890 0.061131 0.061131
0 0.498867 0.291557 0.057104 0.057104
0 0.119378 0.468319 0.071945 0.071945
0 0.099534 0.913426 0.061130 0.061130
0 0.070203 0.829761 0.062220 0.062220
0 0.855323 0.202252 0.061130 0.061130
0 0.213973 0.680947 0.062220 0.062220
0 0.329634 0.509947 0.061130 0.061130
0 0.934083 0.332867 0.061130 0.061130
0 0.556951 0.754070 0.052757 0.052757
0 0.264946 0.412208 0.061130 0.061130
0 0.236020 0.340473 0.061130 0.061130
0 0.805419 0.296735 0.062220 0.062220
0 0.017138 0.066746 0.104277 0.104277
0 0.414700 0.466743 0.104277 0.104277
0 0.578105 0.564616 0.071945 0.071945
0 0.275503 0.078411 0.052757 0.052757
0 0.718851 0.067765 0.062220 0.062220
0 0.786889 0.967934 0.052757 0.052757
0 0.268400 0.618334 0.061130 0.061130
0 0.006553 0.153308 0.104277 0.104277
0 0.368493 0.710870 0.057104 0.057104
0 0.260642 0.534652 0.104277 0.104277
0 0.468094 0.788486 0.062220 0.062220
0 0.465261 0.515280 0.104277 0.104277
0 0.444166 0.402590 0.052757 0.052757
0 0.751082 0.442278 0.062220 0.062220
0 0.156525 0.276077 0.071945 0.071945
0 0.210853 0.922926 0.104277 0.104277
0 0.081470 0.029047 0.062220 0.062220
0 0.171499 0.776947 0.071945 0.071945
0 0.414397 0.844575 0.104277 0.104277
0 0.893293 0.524974 0.104277 0.104277
0 0.042402 0.234744 0.104277 0.104277
0 0.569230 0.648532 0.057104 0.057104
0 0.052437 0.685111 0.050932 0.050932
0 0.189173 0.506225 0.052757 0.052757
0 0.956482 0.791613 0.071945 0.071945
0 0.806745 0.490196 0.071945 0.071945
0 0.166070 0.413285 0.061130 0.061130
0 0.525099 0.471340 0.052757 0.052757
0 0.379405 0.622787 0.057104 0.057104
0 0.770734 0.854025 0.104277 0.104277
0 0.188718 0.058446 0.057104 0.057104
0 0.162974 0.573251 0.061130 0.061130
0 0.025339 0.416410 0.071945 0.071945
0 0.947640 0.480343 0.061131 0.061131
0 0.835277 0.898223 0.057104 0.057104
0 0.152826 0.132911 0.048997 0.048997
0 0.875323 0.955361 0.104277 0.104277
0 0.355852 0.037542 0.062220 0.062220
0 0.351834 0.278903 0.062220 0.062220
0 0.680815 0.799322 0.052757 0.052757
0 0.608252 0.833549 0.104277 0.104277
0 0.123766 0.669936 0.062220 0.062220
0 0.911626 0.089215 0.057104 0.057104
0 0.355411 0.189092 0.061131 0.061131
0 0.298534 0.886294 0.071945 0.071945
0 0.129527 0.997323 0.061130 0.061130
0 0.538735 0.952514 0.071945 0.071945
0 0.282919 0.285897 0.071945 0.071945
0 0.743701 0.570095 0.057104 0.057104
0 0.078424 0.595491 0.071945 0.071945