0 0.434592 0.171352 0.104277 0.104277
0 0.107052 0.378880 0.104278 0.104278
0 0.361095 0.970657 0.071945 0.071945
0 0.584882 0.169028 0.062220 0.062220
0 0.636216 0.938636 0.071945 0.071945
0 0.916594 0.678957 0.071945 0.071945
0 0.162708 0.816002 0.104277 0.104277
0 0.225196 0.540228 0.052757 0.052757
0 0.405493 0.726974 0.061130 0.061130
0 0.811771 0.851951 0.104277 0.104277
0 0.948140 0.159503 0.047276 0.047276
0 0.838494 0.466104 0.062220 0.062220
0 0.124490 0.489685 0.052757 0.052757
0 0.578437 0.688850 0.071945 0.071945
0 0.145561 0.660912 0.052757 0.052757
0 0.259244 0.990112 0.062220 0.062220
0 0.428716 0.086167 0.057104 0.057104
0 0.221868 0.736047 0.071945 0.071945
0 0.464578 0.272803 0.051819 0.051819
0 0.644726 0.216516 0.052757 0.052757
0 0.357284 0.561604 0.104277 0.104277
0 0.657145 0.807708 0.104277 0.104277
0 0.774924 0.618901 0.071945 0.071945
0 0.706002 0.165031 0.057103 0.057103
0 0.779671 0.550455 0.062220 0.062220
0 0.022577 0.887628 0.104277 0.104277
0 0.717627 0.746206 0.057104 0.057104
0 0.760594 0.919881 0.062220 0.062220
0 0.660344 0.677990 0.062220 0.062220
0 0.621618 0.004364 0.036679 0.036679
0 0.056898 0.290318 0.052757 0.052757
0 0.740656 0.282371 0.104277 0.104277
0 0.540419 0.343147 0.104277 0.104277
0 0.845993 0.650683 0.061130 0.061130
0 0.535556 0.269854 0.071945 0.071945
0 0.932148 0.265428 0.071945 0.071945
0 0.299741 0.812336 0.052757 0.052757
0 0.242027 0.282563 0.052757 0.052757
0 0.837987 0.297239 0.061131 0.061131
0 0.109765 0.735091 0.104277 0.104277
0 0.057062 0.596737 0.057104 0.057104
0 0.262399 0.678341 0.052757 0.052757
0 0.954026 0.048501 0.057104 0.057104
0 0.456874 0.429776 0.054783 0.054783
0 0.593717 0.874912 0.062220 0.062220
0 0.437404 0.950462 0.061131 0.061131
0 0.624426 0.363688 0.057103 0.057103
0 0.395797 0.878913 0.071945 0.071945
0 0.424976 0.541942 0.071945 0.071945
0 0.183998 0.997462 0.062220 0.062220
0 0.425236 0.612766 0.061130 0.061130
0 0.208100 0.203194 0.071945 0.071945
0 0.039779 0.523329 0.052757 0.052757
0 0.718732 0.430509 0.061131 0.061131
0 0.305256 0.438444 0.057104 0.057104
0 0.669910 0.298390 0.061131 0.061131
0 0.080326 0.849083 0.071945 0.071945
0 0.880239 0.907857 0.045227 0.045227
0 0.514627 0.956184 0.052757 0.052757
0 0.092134 0.072447 0.061130 0.061130
0 0.935481 0.390932 0.071945 0.071945
0 0.940863 0.529457 0.104278 0.104278
0 0.870464 0.151370 0.062220 0.062220
0 0.224173 0.915722 0.061130 0.061130
0 0.319451 0.316570 0.052757 0.052757
0 0.935904 0.811652 0.061130 0.061130
0 0.032246 0.674512 0.057104 0.057104
0 0.012056 0.958887 0.071945 0.071945
0 0.177200 0.029243 0.104277 0.104277
0 0.340605 0.127116 0.071945 0.071945
0 0.872068 0.364035 0.104278 0.104278
0 0.549389 0.530434 0.052757 0.052757
0 0.030900 0.180834 0.061130 0.061130
0 0.845048 0.006443 0.104277 0.104277
0 0.130993 0.273370 0.057104 0.057104
0 0.023142 0.097152 0.104277 0.104277
0 0.230594 0.350986 0.062220 0.062220
0 0.795421 0.403614 0.062220 0.062220
0 0.227761 0.077780 0.104277 0.104277
0 0.237066 0.609651 0.104277 0.104277
0 0.592253 0.769945 0.052757 0.052757
0 0.513582 0.004778 0.062220 0.062220
0 0.504300 0.821809 0.052757 0.052757
0 0.323837 0.888196 0.057104 0.057104
0 0.176897 0.407075 0.104277 0.104277
0 0.655793 0.087474 0.104277 0.104277
0 0.331730 0.211032 0.057104 0.057104
0 0.794310 0.755349 0.061131 0.061131
0 0.699947 0.619612 0.057104 0.057104
0 0.718982 0.354113 0.071945 0.071945
0 0.569245 0.052696 0.071945 0.071945
0 0.287599 0.033840 0.052757 0.052757
0 0.141905 0.185287 0.057104 0.057104
0 0.533234 0.416525 0.104277 0.104277
0 0.723514 0.849067 0.061131 0.061131
0 0.237380 0.843186 0.050559 0.050559
0 0.710140 0.042843 0.061131 0.061131
0 0.366519 0.785965 0.061130 0.061130
0 0.495790 0.606337 0.071945 0.071945
0 0.597777 0.460723 0.057104 0.057104
0 0.637823 0.517861 0.104277 0.104277
0 0.139022 0.578742 0.061131 0.061131
0 0.494590 0.700890 0.071945 0.071945
0 0.443315 0.361822 0.052757 0.052757
0 0.370752 0.396049 0.104277 0.104277
0 0.881433 0.768843 0.052757 0.052757
0 0.061034 0.448794 0.071945 0.071945
0 0.802808 0.079840 0.071945 0.071945
0 0.301235 0.515014 0.071945 0.071945
0 0.607499 0.609465 0.104277 0.104277
0 0.331942 0.652954 0.104277 0.104277
0 0.096435 0.972868 0.052757 0.052757
0 0.883708 0.575010 0.061131 0.061131
0 0.506201 0.132595 0.057104 0.057104
0 0.775952 0.215326 0.061131 0.061131