0 0.767346 0.947993 0.104277 0.104277
0 0.223160 0.723927 0.062220 0.062220
0 0.895418 0.883964 0.052757 0.052757
0 0.147717 0.951143 0.052757 0.052757
0 0.141987 0.188356 0.104277 0.104277
0 0.170045 0.598312 0.057103 0.057103
0 0.839356 0.994489 0.057104 0.057104
0 0.339098 0.845603 0.071945 0.071945
0 0.975884 0.459313 0.071945 0.071945
0 0.386346 0.908042 0.061130 0.061130
0 0.866598 0.821403 0.057104 0.057104
0 0.863445 0.660578 0.052757 0.052757
0 0.974599 0.798841 0.061130 0.061130
0 0.689468 0.647881 0.061131 0.061131
0 0.631680 0.967906 0.052757 0.052757
0 0.374850 0.348502 0.057104 0.057104
0 0.624594 0.569188 0.062220 0.062220
0 0.917528 0.755864 0.061131 0.061131
0 0.102165 0.420450 0.104277 0.104277
0 0.966755 0.689317 0.057104 0.057104
0 0.763557 0.012374 0.071945 0.071945
0 0.086207 0.862637 0.071945 0.071945
0 0.015962 0.855552 0.057104 0.057104
0 0.596478 0.253222 0.061131 0.061131
0 0.884118 0.164273 0.061130 0.061130
0 0.909131 0.283148 0.104277 0.104277
0 0.615921 0.014766 0.104277 0.104277
0 0.121562 0.284599 0.057104 0.057104
0 0.312615 0.503633 0.057104 0.057104
0 0.070132 0.233468 0.104277 0.104277
0 0.659890 0.149692 0.071945 0.071945
0 0.431204 0.785735 0.061130 0.061130
0 0.345779 0.264929 0.104277 0.104277
0 0.232638 0.546068 0.052757 0.052757
0 0.036493 0.102416 0.052757 0.052757
0 0.510941 0.083993 0.104277 0.104277
0 0.303554 0.085777 0.062220 0.062220
0 0.721973 0.398606 0.071945 0.071945
0 0.703341 0.850025 0.104277 0.104277
0 0.157879 0.349098 0.057104 0.057104
0 0.315033 0.598133 0.057104 0.057104
0 0.217138 0.985496 0.104277 0.104277
0 0.081178 0.763674 0.057104 0.057104
0 0.322894 0.765421 0.057104 0.057104
0 0.363423 0.427462 0.052757 0.052757
0 0.434614 0.496543 0.104277 0.104277
0 0.403171 0.065654 0.062220 0.062220
0 0.191460 0.879758 0.104277 0.104277
0 0.475503 0.997161 0.052757 0.052757
0 0.918851 0.986515 0.062220 0.062220
0 0.735781 0.533020 0.061131 0.061131
0 0.190718 0.785027 0.052757 0.052757
0 0.007629 0.704348 0.061130 0.061130
0 0.376082 0.698520 0.104277 0.104277
0 0.511391 0.581717 0.061130 0.061130
0 0.201362 0.224565 0.052757 0.052757
0 0.247304 0.436148 0.057104 0.057104
0 0.076583 0.619166 0.071945 0.071945
0 0.593877 0.479505 0.104277 0.104277
0 0.806758 0.363965 0.062220 0.062220
0 0.498802 0.316868 0.062220 0.062220
0 0.825320 0.603399 0.057104 0.057104
0 0.281470 0.947797 0.062220 0.062220
0 0.059382 0.360316 0.052757 0.052757
0 0.689789 0.078167 0.061131 0.061131
0 0.985923 0.904366 0.071945 0.071945
0 0.595802 0.887494 0.052757 0.052757
0 0.588569 0.657831 0.062220 0.062220
0 0.593633 0.115485 0.061131 0.061131
0 0.948806 0.562023 0.071945 0.071945
0 0.391746 0.572241 0.061130 0.061130
0 0.553334 0.721449 0.104278 0.104278
0 0.556617 0.193648 0.052757 0.052757
0 0.636251 0.388469 0.061131 0.061131
0 0.853805 0.086011 0.057104 0.057104
0 0.803477 0.785620 0.062220 0.062220
0 0.078210 0.968289 0.057104 0.057104
0 0.388718 0.977196 0.057104 0.057104
0 0.610352 0.787360 0.062220 0.062220
0 0.488909 0.901936 0.057104 0.057104
0 0.434668 0.219063 0.104277 0.104277
0 0.213186 0.299050 0.061130 0.061130
0 0.157037 0.118966 0.104277 0.104277
0 0.854938 0.536447 0.052757 0.052757
0 0.642272 0.719731 0.071945 0.071945
0 0.555852 0.956292 0.062220 0.062220
0 0.991649 0.100587 0.071945 0.071945
0 0.340237 0.023629 0.057104 0.057104
0 0.893611 0.015158 0.062220 0.062220
0 0.222622 0.148055 0.071945 0.071945
0 0.885903 0.379604 0.057104 0.057104
0 0.453185 0.374497 0.061130 0.061130
0 0.289495 0.682843 0.057104 0.057104
0 0.487911 0.679529 0.104277 0.104277
0 0.164253 0.673192 0.104277 0.104277
0 0.819706 0.453290 0.057104 0.057104
0 0.725555 0.201311 0.104277 0.104277
0 0.682473 0.776657 0.052757 0.052757
0 0.493944 0.447410 0.061130 0.061130
0 0.791897 0.270748 0.052757 0.052757
0 0.670925 0.489431 0.071945 0.071945
0 0.960567 0.038750 0.104277 0.104277
0 0.799052 0.136292 0.071945 0.071945
0 0.436851 0.131912 0.057104 0.057104
0 0.188380 0.478269 0.062220 0.062220
0 0.539390 0.386220 0.071945 0.071945
0 0.287573 0.173211 0.057104 0.057104
0 0.088191 0.537124 0.052757 0.052757
0 0.270627 0.869905 0.057104 0.057104
0 0.035442 0.462581 0.062220 0.062220
0 0.679454 0.260448 0.052757 0.052757
0 0.973889 0.377602 0.062220 0.062220
0 0.771282 0.663040 0.061131 0.061131