0 0.882052 0.722630 0.104278 0.104278
0 0.059083 0.478738 0.052757 0.052757
0 0.611011 0.218106 0.052757 0.052757
0 0.524729 0.874953 0.061130 0.061130
0 0.899490 0.833435 0.052757 0.052757
0 0.974909 0.107949 0.062220 0.062220
0 0.534697 0.639287 0.057104 0.057104
0 0.885744 0.293108 0.104277 0.104277
0 0.029559 0.962917 0.062220 0.062220
0 0.032002 0.139786 0.071945 0.071945
0 0.577707 0.952340 0.104277 0.104277
0 0.610556 0.425936 0.057104 0.057104
0 0.024918 0.548983 0.062220 0.062220
0 0.901980 0.019497 0.052757 0.052757
0 0.831898 0.634068 0.052757 0.052757
0 0.237588 0.620140 0.071945 0.071945
0 0.376193 0.724662 0.104277 0.104277
0 0.296624 0.793586 0.052757 0.052757
0 0.655365 0.108582 0.057104 0.057104
0 0.519579 0.793823 0.104277 0.104277
0 0.742296 0.104839 0.057104 0.057104
0 0.965148 0.231358 0.071945 0.071945
0 0.209192 0.787784 0.052757 0.052757
0 0.455534 0.875880 0.052757 0.052757
0 0.832062 0.940487 0.057104 0.057104
0 0.621515 0.009044 0.057104 0.057104
0 0.983100 0.546944 0.071945 0.071945
0 0.756777 0.752541 0.061130 0.061130
0 0.648130 0.651383 0.071945 0.071945
0 0.814779 0.867079 0.052757 0.052757
0 0.022546 0.642153 0.052757 0.052757
0 0.168139 0.350258 0.071945 0.071945
0 0.357963 0.532887 0.061130 0.061130
0 0.161205 0.279802 0.071945 0.071945
0 0.656878 0.374569 0.071945 0.071945
0 0.637034 0.819676 0.061130 0.061130
0 0.607703 0.736011 0.062220 0.062220
0 0.751473 0.587197 0.062220 0.062220
0 0.867134 0.416197 0.061130 0.061130
0 0.076005 0.884188 0.061130 0.061130
0 0.657072 0.981977 0.052757 0.052757
0 0.356994 0.176812 0.071945 0.071945
0 0.310831 0.682665 0.104277 0.104277
0 0.802446 0.318458 0.061130 0.061130
0 0.773520 0.246723 0.061130 0.061130
0 0.952200 0.372993 0.104277 0.104277
0 0.805900 0.524584 0.061130 0.061130
0 0.544053 0.059558 0.104277 0.104277
0 0.368163 0.258510 0.071945 0.071945
0 0.905993 0.617120 0.057104 0.057104
0 0.798142 0.440902 0.104277 0.104277
0 0.487450 0.209641 0.052757 0.052757
0 0.981666 0.308840 0.052757 0.052757
0 0.319414 0.340735 0.052757 0.052757
0 0.163050 0.680366 0.052757 0.052757
0 0.252097 0.019289 0.061130 0.061130
0 0.060419 0.401074 0.104278 0.104278
0 0.694025 0.182327 0.071945 0.071945
0 0.748353 0.829176 0.104277 0.104277
0 0.243191 0.213168 0.061130 0.061130
0 0.708999 0.683197 0.071945 0.071945
0 0.251141 0.534323 0.104277 0.104277
0 0.951897 0.750825 0.104277 0.104277
0 0.579902 0.140994 0.104277 0.104277
0 0.450065 0.747264 0.071945 0.071945
0 0.589937 0.591361 0.050932 0.050932
0 0.129723 0.083440 0.061130 0.061130
0 0.726673 0.412475 0.052757 0.052757
0 0.202048 0.445193 0.057104 0.057104
0 0.492810 0.359366 0.071945 0.071945
0 0.703570 0.319535 0.061130 0.061130
0 0.279172 0.283994 0.062220 0.062220
0 0.916905 0.529037 0.057104 0.057104
0 0.145201 0.002852 0.057104 0.057104
0 0.450394 0.645997 0.071945 0.071945
0 0.358031 0.409168 0.104277 0.104277
0 0.064786 0.209112 0.061130 0.061130
0 0.129254 0.767576 0.104277 0.104277
0 0.700474 0.479501 0.061130 0.061130
0 0.562839 0.322660 0.071945 0.071945
0 0.415474 0.033898 0.061130 0.061130
0 0.345311 0.021177 0.062220 0.062220
0 0.373505 0.854514 0.104277 0.104277
0 0.690326 0.039161 0.048997 0.048997
0 0.914022 0.922492 0.061131 0.061131
0 0.157128 0.509910 0.062220 0.062220
0 0.761129 0.963817 0.104277 0.104277
0 0.364011 0.630816 0.052757 0.052757
0 0.889334 0.185153 0.062220 0.062220
0 0.661266 0.576186 0.062220 0.062220
0 0.457021 0.554090 0.062220 0.062220
0 0.279178 0.929291 0.052757 0.052757
0 0.075372 0.001900 0.057104 0.057104
0 0.122818 0.160674 0.057104 0.057104
0 0.892911 0.095342 0.061131 0.061131
0 0.158407 0.844080 0.104277 0.104277
0 0.313872 0.105717 0.071945 0.071945
0 0.096912 0.605979 0.057104 0.057104
0 0.467685 0.133538 0.104277 0.104277
0 0.371410 0.944877 0.062220 0.062220
0 0.233811 0.098641 0.071945 0.071945
0 0.437920 0.979919 0.071945 0.071945
0 0.836034 0.792544 0.071945 0.071945
0 0.667027 0.903573 0.061130 0.061130
0 0.306789 0.464095 0.071945 0.071945
0 0.401874 0.469064 0.047555 0.047555
0 0.535974 0.493860 0.052757 0.052757
0 0.048514 0.786811 0.071945 0.071945
0 0.166391 0.592865 0.057103 0.057103
0 0.820419 0.192147 0.071945 0.071945
0 0.531694 0.711965 0.071945 0.071945
0 0.150102 0.915422 0.104277 0.104277
0 0.615924 0.501741 0.071945 0.071945
0 0.063056 0.297328 0.062220 0.062220