0 0.241427 0.035130 0.104278 0.104278
0 0.006082 0.910080 0.062220 0.062220
0 0.495470 0.626907 0.071945 0.071945
0 0.770591 0.594886 0.071945 0.071945
0 0.297083 0.472252 0.104277 0.104277
0 0.802719 0.710256 0.052757 0.052757
0 0.359571 0.196478 0.052757 0.052757
0 0.504154 0.997239 0.061130 0.061130
0 0.946879 0.933744 0.062220 0.062220
0 0.539868 0.383224 0.061130 0.061130
0 0.946146 0.508201 0.104277 0.104277
0 0.032062 0.553446 0.052757 0.052757
0 0.043754 0.639995 0.104277 0.104277
0 0.390218 0.893620 0.104277 0.104277
0 0.972869 0.122354 0.062220 0.062220
0 0.258865 0.145935 0.052757 0.052757
0 0.712812 0.345100 0.071945 0.071945
0 0.279936 0.317162 0.052757 0.052757
0 0.393619 0.646362 0.062220 0.062220
0 0.023487 0.466025 0.104277 0.104277
0 0.356243 0.392297 0.071945 0.071945
0 0.105844 0.397823 0.104277 0.104277
0 0.823034 0.956540 0.104277 0.104277
0 0.030011 0.366883 0.061130 0.061130
0 0.418972 0.818620 0.057104 0.057104
0 0.913142 0.671320 0.104277 0.104277
0 0.868281 0.862439 0.071945 0.071945
0 0.491659 0.217854 0.104277 0.104277
0 0.791520 0.463958 0.104277 0.104277
0 0.909299 0.275151 0.071945 0.071945
0 0.487319 0.801056 0.104277 0.104277
0 0.914046 0.206705 0.062220 0.062220
0 0.372672 0.742118 0.061130 0.061130
0 0.251977 0.783992 0.057104 0.057104
0 0.156952 0.543878 0.104277 0.104277
0 0.852002 0.402456 0.057104 0.057104
0 0.894969 0.576131 0.062220 0.062220
0 0.647711 0.703318 0.052757 0.052757
0 0.794719 0.334240 0.062220 0.062220
0 0.189493 0.890750 0.057104 0.057104
0 0.305469 0.920841 0.104277 0.104277
0 0.036238 0.717150 0.057104 0.057104
0 0.614928 0.890186 0.071945 0.071945
0 0.980368 0.306933 0.061130 0.061130
0 0.824932 0.805195 0.102474 0.102474
0 0.434116 0.468586 0.052757 0.052757
0 0.719268 0.797370 0.104277 0.104277
0 0.072784 0.852593 0.057104 0.057104
0 0.244140 0.391341 0.104277 0.104277
0 0.191437 0.252987 0.057104 0.057104
0 0.396774 0.334591 0.052757 0.052757
0 0.591249 0.086026 0.054783 0.054783
0 0.728092 0.531162 0.062220 0.062220
0 0.571779 0.606712 0.061131 0.061131
0 0.758801 0.019938 0.057103 0.057103
0 0.094605 0.476973 0.061130 0.061130
0 0.530172 0.535163 0.071945 0.071945
0 0.559351 0.198192 0.071945 0.071945
0 0.318373 0.653712 0.062220 0.062220
0 0.559611 0.269016 0.061130 0.061130
0 0.116152 0.065041 0.061130 0.061130
0 0.533318 0.858023 0.057104 0.057104
0 0.271014 0.994562 0.057104 0.057104
0 0.174154 0.179579 0.052757 0.052757
0 0.853107 0.086759 0.061131 0.061131
0 0.439631 0.094694 0.057104 0.057104
0 0.346040 0.811550 0.104277 0.104277
0 0.214701 0.505333 0.071945 0.071945
0 0.649002 0.612434 0.052757 0.052757
0 0.358548 0.571972 0.061130 0.061130
0 0.016447 0.294477 0.052757 0.052757
0 0.166621 0.330762 0.057104 0.057104
0 0.632111 0.819544 0.062220 0.062220
0 0.576534 0.999303 0.104277 0.104277
0 0.169086 0.761281 0.062220 0.062220
0 0.146431 0.615137 0.071945 0.071945
0 0.683764 0.186684 0.052757 0.052757
0 0.364969 0.007236 0.062220 0.062220
0 0.929796 0.059864 0.062220 0.062220
0 0.371441 0.265901 0.104277 0.104277
0 0.404627 0.962956 0.062220 0.062220
0 0.726628 0.426195 0.052757 0.052757
0 0.278840 0.852303 0.071945 0.071945
0 0.107728 0.141676 0.104277 0.104277
0 0.638675 0.478059 0.052757 0.052757
0 0.458212 0.544446 0.057104 0.057104
0 0.311272 0.063325 0.104277 0.104277
0 0.928685 0.411599 0.061131 0.061131
0 0.834322 0.275862 0.057104 0.057104
0 0.555476 0.925025 0.104277 0.104277
0 0.853357 0.010363 0.071945 0.071945
0 0.667609 0.072775 0.104277 0.104277
0 0.725697 0.704495 0.055027 0.055027
0 0.857889 0.505317 0.061131 0.061131
0 0.516388 0.733408 0.062220 0.062220
0 0.935726 0.808673 0.104277 0.104277
0 0.371755 0.499436 0.050559 0.050559
0 0.665977 0.997571 0.052757 0.052757
0 0.500894 0.442215 0.061130 0.061130
0 0.630165 0.262587 0.071945 0.071945
0 0.732152 0.116973 0.057104 0.057104
0 0.186157 0.973783 0.052757 0.052757
0 0.772198 0.174111 0.104277 0.104277
0 0.472378 0.890371 0.071945 0.071945
0 0.273397 0.234992 0.061131 0.061131
0 0.120504 0.276317 0.104277 0.104277
0 0.628965 0.357140 0.071945 0.071945
0 0.588427 0.746218 0.104277 0.104277
0 0.577690 0.018072 0.052757 0.052757
0 0.505127 0.052299 0.104277 0.104277
0 0.752437 0.890475 0.061130 0.061130
0 0.112932 0.969061 0.052757 0.052757
0 0.195409 0.105044 0.071945 0.071945
0 0.026402 0.216073 0.061130 0.061130
0 0.435610 0.171264 0.071945 0.071945
0 0.146604 0.834447 0.061130 0.061130
0 0.741874 0.265715 0.104277 0.104277
0 0.466317 0.309204 0.104277 0.104277
0 0.230810 0.629118 0.052757 0.052757
0 0.990465 0.757347 0.057104 0.057104