0 0.526795 0.817601 0.062220 0.062220
0 0.834207 0.963205 0.062220 0.062220
0 0.860187 0.606571 0.052757 0.052757
0 0.871879 0.693120 0.104277 0.104277
0 0.712229 0.240578 0.061130 0.061130
0 0.469124 0.872483 0.071945 0.071945
0 0.851612 0.519150 0.104277 0.104277
0 0.933969 0.450948 0.104277 0.104277
0 0.858136 0.420008 0.061130 0.061130
0 0.722197 0.004912 0.057104 0.057104
0 0.217059 0.328542 0.062220 0.062220
0 0.323546 0.905609 0.061130 0.061130
0 0.765207 0.317965 0.104277 0.104277
0 0.600412 0.823663 0.061130 0.061130
0 0.580828 0.735780 0.052757 0.052757
0 0.985077 0.597003 0.104277 0.104277
0 0.741630 0.736607 0.061130 0.061130
0 0.822474 0.862065 0.062220 0.062220
0 0.437664 0.447299 0.061130 0.061130
0 0.240135 0.565911 0.104278 0.104278
0 0.563693 0.090287 0.104277 0.104277
0 0.484124 0.159211 0.052757 0.052757
0 0.864363 0.770275 0.057104 0.057104
0 0.682161 0.971718 0.062220 0.062220
0 0.707079 0.159448 0.104277 0.104277
0 0.780559 0.557930 0.052757 0.052757
0 0.396692 0.153409 0.052757 0.052757
0 0.900909 0.905718 0.057104 0.057104
0 0.643034 0.241505 0.052757 0.052757
0 0.712984 0.817819 0.061130 0.061130
0 0.922730 0.530098 0.061130 0.061130
0 0.597561 0.460649 0.104278 0.104278
0 0.664410 0.439040 0.052757 0.052757
0 0.944277 0.118166 0.061130 0.061130
0 0.835630 0.017008 0.071945 0.071945
0 0.305519 0.618117 0.062220 0.062220
0 0.456851 0.705341 0.062220 0.062220
0 0.210046 0.007778 0.052757 0.052757
0 0.673871 0.694064 0.057104 0.057104
0 0.824534 0.185301 0.061130 0.061130
0 0.795203 0.101636 0.062220 0.062220
0 0.263505 0.249813 0.061130 0.061130
0 0.844572 0.347602 0.052757 0.052757
0 0.994746 0.383887 0.057104 0.057104
0 0.630289 0.561533 0.057104 0.057104
0 0.498331 0.048290 0.104277 0.104277
0 0.339287 0.799223 0.104278 0.104278
0 0.557564 0.527913 0.071945 0.071945
0 0.457925 0.792687 0.052757 0.052757
0 0.997211 0.814406 0.062220 0.062220
0 0.974556 0.668262 0.071945 0.071945
0 0.496149 0.607479 0.052757 0.052757
0 0.688445 0.603371 0.071945 0.071945
0 0.214473 0.635953 0.104277 0.104277
0 0.390828 0.847205 0.057104 0.057104
0 0.424406 0.515883 0.057104 0.057104
0 0.394903 0.593705 0.104277 0.104277
0 0.350550 0.045991 0.052757 0.052757
0 0.935853 0.194801 0.104277 0.104277
0 0.896499 0.048822 0.071945 0.071945
0 0.356030 0.713230 0.104277 0.104277
0 0.346484 0.494265 0.071945 0.071945
0 0.637565 0.112889 0.071945 0.071945
0 0.220653 0.435506 0.057104 0.057104
0 0.567974 0.638264 0.052757 0.052757
0 0.637894 0.011622 0.071945 0.071945
0 0.316754 0.133201 0.104277 0.104277
0 0.327860 0.387268 0.057104 0.057104
0 0.510862 0.375904 0.104277 0.104277
0 0.561005 0.220139 0.104277 0.104277
0 0.948629 0.329442 0.104277 0.104277
0 0.466678 0.294916 0.052757 0.052757
0 0.550249 0.930832 0.057104 0.057104
0 0.271011 0.839219 0.062220 0.062220
0 0.271185 0.766784 0.057104 0.057104
0 0.345907 0.209705 0.104277 0.104277
0 0.435567 0.367552 0.061130 0.061130
0 0.558910 0.310502 0.062220 0.062220
0 0.625420 0.345544 0.071945 0.071945
0 0.854527 0.269198 0.061130 0.061130
0 0.974729 0.887572 0.061130 0.061130
0 0.263413 0.491984 0.052757 0.052757
0 0.646210 0.906916 0.104277 0.104277
0 0.755042 0.456648 0.104277 0.104277
0 0.236014 0.152436 0.071945 0.071945
0 0.528593 0.451920 0.052757 0.052757
0 0.719194 0.077590 0.071945 0.071945
0 0.337602 0.281047 0.104277 0.104277
0 0.794326 0.626908 0.104277 0.104277
0 0.218928 0.914940 0.057104 0.057104