0 0.969552 0.588255 0.104278 0.104278
0 0.146583 0.344363 0.052757 0.052757
0 0.698511 0.083731 0.052757 0.052757
0 0.612229 0.740578 0.061130 0.061130
0 0.986990 0.699060 0.052757 0.052757
0 0.833969 0.950948 0.104277 0.104277
0 0.758136 0.920008 0.061130 0.061130
0 0.622197 0.504912 0.057104 0.057104
0 0.973244 0.158733 0.104277 0.104277
0 0.117059 0.828542 0.062220 0.062220
0 0.119502 0.005411 0.071945 0.071945
0 0.665207 0.817965 0.104277 0.104277
0 0.698056 0.291561 0.057104 0.057104
0 0.112418 0.414608 0.062220 0.062220
0 0.337664 0.947299 0.061130 0.061130
0 0.919398 0.499693 0.052757 0.052757
0 0.325088 0.485765 0.071945 0.071945
0 0.463693 0.590287 0.104277 0.104277
0 0.384124 0.659211 0.052757 0.052757
0 0.607079 0.659448 0.104277 0.104277
0 0.296692 0.653409 0.052757 0.052757
0 0.543034 0.741505 0.052757 0.052757
0 0.972265 0.944466 0.104277 0.104277
0 0.919562 0.806112 0.057104 0.057104
0 0.497561 0.960649 0.104278 0.104278
0 0.564410 0.939040 0.052757 0.052757
0 0.844277 0.618166 0.061130 0.061130
0 0.735630 0.517008 0.071945 0.071945
0 0.902279 0.732704 0.052757 0.052757
0 0.110046 0.507778 0.052757 0.052757
0 0.255639 0.215883 0.071945 0.071945
0 0.445463 0.398512 0.061130 0.061130
0 0.248705 0.145427 0.071945 0.071945
0 0.744378 0.240194 0.071945 0.071945
0 0.724534 0.685301 0.061130 0.061130
0 0.695203 0.601636 0.062220 0.062220
0 0.838973 0.452822 0.062220 0.062220
0 0.954634 0.281822 0.061130 0.061130
0 0.163505 0.749813 0.061130 0.061130
0 0.744572 0.847602 0.052757 0.052757
0 0.894746 0.883887 0.057104 0.057104
0 0.444494 0.042437 0.071945 0.071945
0 0.398331 0.548290 0.104277 0.104277
0 0.889946 0.184083 0.061130 0.061130
0 0.861020 0.112348 0.061130 0.061130
0 0.893400 0.390209 0.061130 0.061130
0 0.455663 0.124135 0.071945 0.071945
0 0.993493 0.482745 0.057104 0.057104
0 0.885642 0.306527 0.104277 0.104277
0 0.574950 0.075266 0.052757 0.052757
0 0.406914 0.206360 0.052757 0.052757
0 0.250550 0.545991 0.052757 0.052757
0 0.147919 0.266699 0.104278 0.104278
0 0.781525 0.047952 0.071945 0.071945
0 0.835853 0.694801 0.104277 0.104277
0 0.330691 0.078793 0.061130 0.061130
0 0.796499 0.548822 0.071945 0.071945
0 0.338641 0.399948 0.104277 0.104277
0 0.667402 0.006619 0.104277 0.104277
0 0.246484 0.994265 0.071945 0.071945
0 0.537565 0.612889 0.071945 0.071945
0 0.677437 0.456986 0.050932 0.050932
0 0.120653 0.935506 0.057104 0.057104
0 0.814173 0.278100 0.052757 0.052757
0 0.289548 0.310818 0.057104 0.057104
0 0.580310 0.224991 0.071945 0.071945
0 0.791070 0.185160 0.061130 0.061130
0 0.366672 0.149619 0.062220 0.062220
0 0.537894 0.511622 0.071945 0.071945
0 0.445531 0.274793 0.104277 0.104277
0 0.152286 0.074737 0.061130 0.061130
0 0.216754 0.633201 0.104277 0.104277
0 0.227860 0.887268 0.057104 0.057104
0 0.787974 0.345126 0.061130 0.061130
0 0.650339 0.188285 0.071945 0.071945
0 0.410862 0.875904 0.104277 0.104277
0 0.461005 0.720139 0.104277 0.104277
0 0.244628 0.375535 0.062220 0.062220
0 0.848629 0.829442 0.104277 0.104277
0 0.451511 0.496441 0.052757 0.052757
0 0.976834 0.050778 0.062220 0.062220
0 0.748766 0.441811 0.062220 0.062220
0 0.544521 0.419715 0.062220 0.062220
0 0.366678 0.794916 0.052757 0.052757
0 0.210318 0.026299 0.057104 0.057104
0 0.245907 0.709705 0.104277 0.104277
0 0.335567 0.867552 0.061130 0.061130
0 0.184412 0.471604 0.057104 0.057104
0 0.458910 0.810502 0.062220 0.062220
0 0.525420 0.845544 0.071945 0.071945
0 0.923534 0.658169 0.071945 0.071945
0 0.754527 0.769198 0.061130 0.061130
0 0.394289 0.329720 0.071945 0.071945
0 0.163413 0.991984 0.052757 0.052757
0 0.489374 0.334689 0.047555 0.047555
0 0.623474 0.359485 0.052757 0.052757
0 0.655042 0.956648 0.104277 0.104277
0 0.136014 0.652436 0.071945 0.071945
0 0.428593 0.951920 0.052757 0.052757
0 0.253891 0.458490 0.057103 0.057103
0 0.907919 0.057772 0.071945 0.071945
0 0.619194 0.577590 0.071945 0.071945
0 0.237602 0.781047 0.104277 0.104277
0 0.703424 0.367366 0.071945 0.071945
0 0.150556 0.162953 0.062220 0.062220