0 0.757838 0.925517 0.071945 0.071945
0 0.909651 0.911127 0.071945 0.071945
0 0.960557 0.460161 0.104277 0.104277
0 0.993037 0.801430 0.061131 0.061131
0 0.701721 0.788618 0.104277 0.104277
0 0.157535 0.564552 0.062220 0.062220
0 0.571784 0.961074 0.062220 0.062220
0 0.829793 0.724589 0.052757 0.052757
0 0.082092 0.791768 0.052757 0.052757
0 0.076362 0.028981 0.104277 0.104277
0 0.104420 0.438937 0.057103 0.057103
0 0.773731 0.835114 0.057104 0.057104
0 0.273473 0.686228 0.071945 0.071945
0 0.910259 0.299938 0.071945 0.071945
0 0.320721 0.748667 0.061130 0.061130
0 0.498855 0.872622 0.052757 0.052757
0 0.963147 0.595480 0.062220 0.062220
0 0.881020 0.979228 0.057104 0.057104
0 0.800973 0.662028 0.057104 0.057104
0 0.797820 0.501203 0.052757 0.052757
0 0.908974 0.639466 0.061130 0.061130
0 0.623843 0.488506 0.061131 0.061131
0 0.252240 0.961707 0.057104 0.057104
0 0.566055 0.808531 0.052757 0.052757
0 0.339171 0.957964 0.057104 0.057104
0 0.309225 0.189127 0.057104 0.057104
0 0.558969 0.409813 0.062220 0.062220
0 0.851903 0.596489 0.061131 0.061131
0 0.671118 0.890814 0.071945 0.071945
0 0.036540 0.261075 0.104277 0.104277
0 0.901130 0.529942 0.057104 0.057104
0 0.020582 0.703262 0.071945 0.071945
0 0.968044 0.123747 0.071945 0.071945
0 0.530853 0.093847 0.061131 0.061131
0 0.818493 0.004898 0.061130 0.061130
0 0.218390 0.862169 0.057104 0.057104
0 0.843506 0.123773 0.104277 0.104277
0 0.055937 0.125224 0.057104 0.057104
0 0.246990 0.344258 0.057104 0.057104
0 0.004507 0.074093 0.104277 0.104277
0 0.967422 0.255450 0.104277 0.104277
0 0.365579 0.626360 0.061130 0.061130
0 0.989698 0.961627 0.061130 0.061130
0 0.280154 0.105554 0.104277 0.104277
0 0.167013 0.386693 0.052757 0.052757
0 0.656348 0.239231 0.071945 0.071945
0 0.637716 0.690650 0.104277 0.104277
0 0.092254 0.189723 0.057104 0.057104
0 0.249408 0.438758 0.057104 0.057104
0 0.151513 0.826121 0.104277 0.104277
0 0.015553 0.604299 0.057104 0.057104
0 0.257269 0.606046 0.057104 0.057104
0 0.297798 0.268087 0.052757 0.052757
0 0.368989 0.337168 0.104277 0.104277
0 0.125835 0.720383 0.104277 0.104277
0 0.409878 0.837786 0.052757 0.052757
0 0.853226 0.827140 0.062220 0.062220
0 0.140928 0.912683 0.104277 0.104277
0 0.670156 0.373645 0.061131 0.061131
0 0.125093 0.625652 0.052757 0.052757
0 0.310457 0.539145 0.104277 0.104277
0 0.445766 0.422342 0.061130 0.061130
0 0.135737 0.065190 0.052757 0.052757
0 0.181679 0.276773 0.057104 0.057104
0 0.010958 0.459791 0.071945 0.071945
0 0.528252 0.320130 0.104277 0.104277
0 0.741133 0.204590 0.062220 0.062220
0 0.433177 0.157493 0.062220 0.062220
0 0.759695 0.444024 0.057104 0.057104
0 0.215845 0.788422 0.062220 0.062220
0 0.920298 0.744991 0.071945 0.071945
0 0.530177 0.728119 0.052757 0.052757
0 0.522944 0.498456 0.062220 0.062220
0 0.176777 0.994119 0.104277 0.104277
0 0.883181 0.402648 0.071945 0.071945
0 0.326121 0.412866 0.061130 0.061130
0 0.487709 0.562074 0.104278 0.104278
0 0.490992 0.034273 0.052757 0.052757
0 0.570626 0.229094 0.061131 0.061131
0 0.737852 0.626245 0.062220 0.062220
0 0.012585 0.808914 0.057104 0.057104
0 0.323093 0.817821 0.057104 0.057104
0 0.544727 0.627985 0.062220 0.062220
0 0.423284 0.742561 0.057104 0.057104
0 0.369043 0.059688 0.104277 0.104277
0 0.147561 0.139675 0.061130 0.061130
0 0.012349 0.887023 0.061130 0.061130
0 0.789313 0.377072 0.052757 0.052757
0 0.287201 0.892286 0.048997 0.048997
0 0.576647 0.560356 0.071945 0.071945
0 0.490227 0.796917 0.062220 0.062220
0 0.820278 0.220229 0.057104 0.057104
0 0.387560 0.215122 0.061130 0.061130
0 0.223870 0.523468 0.057104 0.057104
0 0.422286 0.520154 0.104277 0.104277
0 0.098628 0.513817 0.104277 0.104277
0 0.754081 0.293915 0.057104 0.057104
0 0.659930 0.041936 0.104277 0.104277
0 0.616848 0.617282 0.052757 0.052757
0 0.428319 0.288035 0.061130 0.061130
0 0.726272 0.111373 0.052757 0.052757
0 0.489786 0.948467 0.061131 0.061131
0 0.605300 0.330056 0.071945 0.071945
0 0.122755 0.318894 0.062220 0.062220
0 0.473765 0.226845 0.071945 0.071945
0 0.221948 0.013836 0.057104 0.057104
0 0.064560 0.986663 0.104277 0.104277
0 0.022566 0.377749 0.052757 0.052757
0 0.950183 0.040117 0.104277 0.104277
0 0.205002 0.710530 0.057104 0.057104
0 0.613829 0.101073 0.052757 0.052757
0 0.908264 0.218227 0.062220 0.062220
0 0.705657 0.503665 0.061131 0.061131