0 0.432838 0.956767 0.071945 0.071945
0 0.584651 0.942377 0.071945 0.071945
0 0.635557 0.491411 0.104277 0.104277
0 0.668037 0.832680 0.061131 0.061131
0 0.825659 0.455939 0.104277 0.104277
0 0.376721 0.819868 0.104277 0.104277
0 0.869848 0.652187 0.057104 0.057104
0 0.739114 0.102269 0.062220 0.062220
0 0.996301 0.857147 0.062221 0.062221
0 0.872092 0.100216 0.057104 0.057104
0 0.885207 0.820152 0.104277 0.104277
0 0.962233 0.614066 0.104277 0.104277
0 0.904903 0.025524 0.052757 0.052757
0 0.788689 0.365696 0.057104 0.057104
0 0.716849 0.217179 0.104277 0.104277
0 0.699152 0.569075 0.104277 0.104277
0 0.246784 0.992324 0.062220 0.062220
0 0.504793 0.755839 0.052757 0.052757
0 0.702043 0.407655 0.061131 0.061131
0 0.711851 0.031562 0.052757 0.052757
0 0.448731 0.866364 0.057104 0.057104
0 0.585259 0.331188 0.071945 0.071945
0 0.767870 0.810320 0.104277 0.104277
0 0.802268 0.231467 0.062220 0.062220
0 0.173855 0.903872 0.052757 0.052757
0 0.638147 0.626730 0.062220 0.062220
0 0.475973 0.693278 0.057104 0.057104
0 0.472820 0.532453 0.052757 0.052757
0 0.946569 0.963235 0.052757 0.052757
0 0.583974 0.670716 0.061130 0.061130
0 0.860425 0.352718 0.071945 0.071945
0 0.942222 0.123259 0.071945 0.071945
0 0.298843 0.519756 0.061131 0.061131
0 0.886482 0.924046 0.062221 0.062221
0 0.804010 0.051872 0.071945 0.071945
0 0.241055 0.839781 0.052757 0.052757
0 0.014171 0.989214 0.057104 0.057104
0 0.888112 0.729534 0.071945 0.071945
0 0.825027 0.959675 0.052757 0.052757
0 0.793837 0.543525 0.061130 0.061130
0 0.233969 0.441063 0.062220 0.062220
0 0.526903 0.627739 0.061131 0.061131
0 0.346118 0.922064 0.071945 0.071945
0 0.576130 0.561192 0.057104 0.057104
0 0.991157 0.061472 0.071945 0.071945
0 0.643044 0.154997 0.071945 0.071945
0 0.205853 0.125097 0.061131 0.061131
0 0.493493 0.036148 0.061130 0.061130
0 0.518506 0.155023 0.104277 0.104277
0 0.986535 0.483102 0.057104 0.057104
0 0.269265 0.021567 0.071945 0.071945
0 0.642422 0.286700 0.104277 0.104277
0 0.040579 0.657610 0.061130 0.061130
0 0.934510 0.230400 0.104278 0.104278
0 0.664698 0.992877 0.061130 0.061130
0 0.799624 0.618400 0.061130 0.061130
0 0.331348 0.270481 0.071945 0.071945
0 0.312716 0.721900 0.104277 0.104277
0 0.043989 0.368418 0.104277 0.104277
0 0.084878 0.869036 0.052757 0.052757
0 0.528226 0.858390 0.062220 0.062220
0 0.345156 0.404895 0.061131 0.061131
0 0.120766 0.453592 0.061130 0.061130
0 0.203252 0.351380 0.104277 0.104277
0 0.416133 0.235840 0.062220 0.062220
0 0.938867 0.537104 0.052757 0.052757
0 0.108177 0.188743 0.062220 0.062220
0 0.434695 0.475274 0.057104 0.057104
0 0.595298 0.776241 0.071945 0.071945
0 0.205177 0.759369 0.052757 0.052757
0 0.197944 0.529706 0.062220 0.062220
0 0.558181 0.433898 0.071945 0.071945
0 0.001121 0.444116 0.061130 0.061130
0 0.162709 0.593324 0.104278 0.104278
0 0.165992 0.065523 0.052757 0.052757
0 0.245626 0.260344 0.061131 0.061131
0 0.412852 0.657495 0.062220 0.062220
0 0.975953 0.312442 0.057104 0.057104
0 0.856893 0.282562 0.057104 0.057104
0 0.714263 0.306448 0.052757 0.052757
0 0.219727 0.659235 0.062220 0.062220
0 0.098284 0.773811 0.057104 0.057104
0 0.044043 0.090938 0.104277 0.104277
0 0.464313 0.408322 0.052757 0.052757
0 0.251647 0.591606 0.071945 0.071945
0 0.165227 0.828167 0.062220 0.062220
0 0.983671 0.707673 0.104277 0.104277
0 0.495278 0.251479 0.057104 0.057104
0 0.738258 0.739902 0.057104 0.057104
0 0.062560 0.246372 0.061130 0.061130
0 0.097286 0.551404 0.104277 0.104277
0 0.429081 0.325165 0.057104 0.057104
0 0.334930 0.073186 0.104277 0.104277
0 0.291848 0.648532 0.052757 0.052757
0 0.721001 0.879840 0.057104 0.057104
0 0.103319 0.319285 0.061130 0.061130
0 0.401272 0.142623 0.052757 0.052757
0 0.164786 0.979717 0.061131 0.061131
0 0.280300 0.361306 0.071945 0.071945
0 0.408427 0.008167 0.071945 0.071945
0 0.729663 0.666203 0.104277 0.104277
0 0.956655 0.415907 0.061130 0.061130
0 0.046226 0.003787 0.057104 0.057104
0 0.148765 0.258095 0.071945 0.071945
0 0.625183 0.071367 0.104277 0.104277
0 0.798996 0.693798 0.104277 0.104277
0 0.813176 0.890056 0.052757 0.052757
0 0.288829 0.132323 0.052757 0.052757
0 0.583264 0.249477 0.062220 0.062220
0 0.380657 0.534915 0.061131 0.061131