0 0.925419 0.974986 0.061130 0.061130
0 0.858512 0.835315 0.104277 0.104277
0 0.920338 0.744267 0.071945 0.071945
0 0.826190 0.936884 0.052757 0.052757
0 0.864221 0.607368 0.104277 0.104277
0 0.370386 0.889981 0.052757 0.052757
0 0.320035 0.383302 0.062220 0.062220
0 0.734284 0.779824 0.062220 0.062220
0 0.992293 0.543339 0.052757 0.052757
0 0.645119 0.964983 0.104277 0.104277
0 0.244592 0.610518 0.052757 0.052757
0 0.903097 0.901523 0.061131 0.061131
0 0.266920 0.257687 0.057103 0.057103
0 0.936231 0.653864 0.057104 0.057104
0 0.435973 0.504978 0.071945 0.071945
0 0.987313 0.862018 0.052757 0.052757
0 0.483221 0.567417 0.061130 0.061130
0 0.038266 0.303332 0.052757 0.052757
0 0.661355 0.691372 0.052757 0.052757
0 0.963473 0.480778 0.057104 0.057104
0 0.960320 0.319953 0.052757 0.052757
0 0.786343 0.307256 0.061131 0.061131
0 0.414740 0.780457 0.057104 0.057104
0 0.989755 0.950600 0.057104 0.057104
0 0.728555 0.627281 0.052757 0.052757
0 0.501671 0.776714 0.057104 0.057104
0 0.471725 0.007877 0.057104 0.057104
0 0.724523 0.903233 0.071945 0.071945
0 0.721469 0.228563 0.062220 0.062220
0 0.833618 0.709564 0.071945 0.071945
0 0.199040 0.079825 0.104277 0.104277
0 0.183082 0.522012 0.071945 0.071945
0 0.112837 0.514927 0.057104 0.057104
0 0.007801 0.012884 0.104277 0.104277
0 0.380890 0.680919 0.057104 0.057104
0 0.409490 0.163008 0.057104 0.057104
0 0.795742 0.869682 0.057104 0.057104
0 0.528079 0.445110 0.061130 0.061130
0 0.329513 0.205443 0.052757 0.052757
0 0.116369 0.848687 0.071945 0.071945
0 0.082688 0.228785 0.062220 0.062220
0 0.818848 0.057981 0.071945 0.071945
0 0.800216 0.509400 0.104277 0.104277
0 0.561821 0.990333 0.061130 0.061130
0 0.254754 0.008473 0.057104 0.057104
0 0.532895 0.918598 0.061130 0.061130
0 0.411908 0.257508 0.057104 0.057104
0 0.314013 0.644871 0.104277 0.104277
0 0.178053 0.423049 0.057104 0.057104
0 0.419769 0.424796 0.057104 0.057104
0 0.085408 0.600178 0.057104 0.057104
0 0.460298 0.086837 0.052757 0.052757
0 0.531489 0.155918 0.104277 0.104277
0 0.288335 0.539133 0.104277 0.104277
0 0.572378 0.656536 0.052757 0.052757
0 0.303428 0.731433 0.104277 0.104277
0 0.127538 0.930385 0.071945 0.071945
0 0.092892 0.432432 0.052757 0.052757
0 0.832656 0.192395 0.061131 0.061131
0 0.287593 0.444402 0.052757 0.052757
0 0.104504 0.363723 0.061130 0.061130
0 0.246825 0.881516 0.052757 0.052757
0 0.472957 0.357895 0.104277 0.104277
0 0.741041 0.980715 0.052757 0.052757
0 0.608266 0.241092 0.061130 0.061130
0 0.344179 0.095523 0.057104 0.057104
0 0.173458 0.278541 0.071945 0.071945
0 0.690752 0.138880 0.104277 0.104277
0 0.011472 0.691164 0.061130 0.061130
0 0.903633 0.023340 0.062220 0.062220
0 0.922195 0.262774 0.057104 0.057104
0 0.453400 0.854202 0.071945 0.071945
0 0.378345 0.607172 0.062220 0.062220
0 0.002566 0.885043 0.061130 0.061130
0 0.156257 0.019691 0.052757 0.052757
0 0.692677 0.546869 0.052757 0.052757
0 0.685444 0.317206 0.062220 0.062220
0 0.339277 0.812869 0.104277 0.104277
0 0.488621 0.231616 0.061130 0.061130
0 0.650209 0.380824 0.104278 0.104278
0 0.733126 0.047844 0.061131 0.061131
0 0.462945 0.991410 0.061130 0.061130
0 0.038547 0.955869 0.062220 0.062220
0 0.030655 0.391868 0.061130 0.061130
0 0.900352 0.444995 0.062220 0.062220
0 0.175085 0.627664 0.057104 0.057104
0 0.485593 0.636571 0.057104 0.057104
0 0.707227 0.446735 0.062220 0.062220
0 0.585784 0.561311 0.057104 0.057104
0 0.322214 0.994535 0.071945 0.071945
0 0.174849 0.705773 0.061130 0.061130
0 0.104686 0.693052 0.062220 0.062220
0 0.951813 0.195822 0.052757 0.052757
0 0.449701 0.711036 0.048997 0.048997
0 0.739147 0.379106 0.071945 0.071945
0 0.020672 0.151119 0.057104 0.057104
0 0.652727 0.615667 0.062220 0.062220
0 0.982778 0.038979 0.057104 0.057104
0 0.550060 0.033872 0.061130 0.061130
0 0.386370 0.342218 0.057104 0.057104
0 0.584786 0.338904 0.104277 0.104277
0 0.261128 0.332567 0.104277 0.104277
0 0.916581 0.112665 0.057104 0.057104
0 0.648709 0.857028 0.062220 0.062220
0 0.779348 0.436032 0.052757 0.052757
0 0.590819 0.106785 0.061130 0.061130
0 0.652286 0.767217 0.061131 0.061131
0 0.767800 0.148806 0.071945 0.071945
0 0.073247 0.777592 0.071945 0.071945
0 0.285255 0.137644 0.062220 0.062220
0 0.636265 0.045595 0.071945 0.071945
0 0.227060 0.805413 0.104277 0.104277
0 0.066525 0.060800 0.104277 0.104277
0 0.185066 0.196499 0.052757 0.052757
0 0.367502 0.529280 0.057104 0.057104
0 0.132317 0.121956 0.062220 0.062220
0 0.579794 0.864022 0.071945 0.071945
0 0.868157 0.322415 0.061131 0.061131