0 0.543967 0.593227 0.104277 0.104277
0 0.500419 0.381236 0.061130 0.061130
0 0.216427 0.800755 0.104278 0.104278
0 0.903364 0.342945 0.052757 0.052757
0 0.433512 0.241565 0.104277 0.104277
0 0.495338 0.150517 0.071945 0.071945
0 0.694257 0.590903 0.062220 0.062220
0 0.647151 0.136127 0.071945 0.071945
0 0.725904 0.342985 0.104277 0.104277
0 0.401190 0.343134 0.052757 0.052757
0 0.334571 0.962103 0.052757 0.052757
0 0.803768 0.389510 0.071945 0.071945
0 0.730537 0.026430 0.061131 0.061131
0 0.439221 0.013618 0.104277 0.104277
0 0.947707 0.013902 0.104277 0.104277
0 0.947869 0.887979 0.062220 0.062220
0 0.233865 0.911560 0.052757 0.052757
0 0.538091 0.508042 0.057104 0.057104
0 0.309284 0.186074 0.062220 0.062220
0 0.573953 0.694678 0.051819 0.051819
0 0.220119 0.371233 0.104277 0.104277
0 0.478097 0.307773 0.061131 0.061131
0 0.754101 0.638391 0.052757 0.052757
0 0.511231 0.060114 0.057104 0.057104
0 0.466659 0.983479 0.104277 0.104277
0 0.815377 0.586906 0.057103 0.057103
0 0.562313 0.268268 0.052757 0.052757
0 0.830370 0.004070 0.104277 0.104277
0 0.889046 0.972330 0.062220 0.062220
0 0.236355 0.097622 0.052757 0.052757
0 0.618520 0.204228 0.057104 0.057104
0 0.730993 0.426239 0.036679 0.036679
0 0.166273 0.712193 0.052757 0.052757
0 0.850031 0.704246 0.104277 0.104277
0 0.948982 0.117796 0.062221 0.062221
0 0.564755 0.356850 0.057104 0.057104
0 0.649794 0.765022 0.104277 0.104277
0 0.303555 0.033531 0.052757 0.052757
0 0.644931 0.691729 0.071945 0.071945
0 0.076671 0.182964 0.057104 0.057104
0 0.887527 0.153425 0.052757 0.052757
0 0.874633 0.221287 0.104277 0.104277
0 0.299523 0.309483 0.071945 0.071945
0 0.351402 0.704438 0.052757 0.052757
0 0.780271 0.244919 0.104277 0.104277
0 0.408618 0.115814 0.071945 0.071945
0 0.947362 0.719114 0.061131 0.061131
0 0.566249 0.851651 0.054783 0.054783
0 0.871176 0.412394 0.062220 0.062220
0 0.733801 0.785563 0.057103 0.057103
0 0.534351 0.963817 0.071945 0.071945
0 0.317475 0.625069 0.071945 0.071945
0 0.091152 0.830666 0.061130 0.061130
0 0.149154 0.945204 0.052757 0.052757
0 0.828107 0.852384 0.061131 0.061131
0 0.414631 0.860319 0.057104 0.057104
0 0.779285 0.720265 0.061131 0.061131
0 0.370742 0.275932 0.057104 0.057104
0 0.727198 0.186627 0.061130 0.061130
0 0.085848 0.665322 0.062220 0.062220
0 0.201509 0.494322 0.061130 0.061130
0 0.979839 0.573245 0.062220 0.062220
0 0.805958 0.317242 0.061130 0.061130
0 0.428826 0.738445 0.052757 0.052757
0 0.136821 0.396583 0.061130 0.061130
0 0.107895 0.324848 0.061130 0.061130
0 0.677294 0.281110 0.062220 0.062220
0 0.286575 0.451118 0.104277 0.104277
0 0.449980 0.548991 0.071945 0.071945
0 0.981443 0.785910 0.104278 0.104278
0 0.147378 0.062786 0.052757 0.052757
0 0.590726 0.052140 0.062220 0.062220
0 0.658764 0.952309 0.052757 0.052757
0 0.140275 0.602709 0.061130 0.061130
0 0.954423 0.428318 0.104277 0.104277
0 0.240368 0.695245 0.057104 0.057104
0 0.132517 0.519027 0.104277 0.104277
0 0.339969 0.772861 0.062220 0.062220
0 0.904796 0.825489 0.062220 0.062220
0 0.337136 0.499655 0.104277 0.104277
0 0.316041 0.386965 0.052757 0.052757
0 0.622957 0.426653 0.062220 0.062220
0 0.028400 0.260452 0.071945 0.071945
0 0.082728 0.907301 0.104277 0.104277
0 0.043374 0.761322 0.071945 0.071945
0 0.286272 0.828950 0.104277 0.104277
0 0.765168 0.509349 0.104277 0.104277
0 0.441105 0.632907 0.057104 0.057104
0 0.061048 0.490600 0.052757 0.052757
0 0.828357 0.775988 0.071945 0.071945
0 0.678620 0.474571 0.071945 0.071945
0 0.037945 0.397660 0.061130 0.061130
0 0.396974 0.455715 0.052757 0.052757
0 0.251280 0.607162 0.057104 0.057104
0 0.642609 0.838400 0.104277 0.104277
0 0.060593 0.042821 0.057104 0.057104
0 0.034849 0.557626 0.061130 0.061130
0 0.819515 0.464718 0.061131 0.061131
0 0.951790 0.252448 0.071945 0.071945
0 0.707152 0.882598 0.057104 0.057104
0 0.024701 0.117286 0.048997 0.048997
0 0.747198 0.939736 0.104277 0.104277
0 0.227727 0.021917 0.062220 0.062220
0 0.223709 0.263278 0.062220 0.062220
0 0.552690 0.783697 0.052757 0.052757
0 0.480127 0.817924 0.104277 0.104277
0 0.783501 0.073590 0.057104 0.057104
0 0.227286 0.173467 0.061131 0.061131
0 0.170409 0.870669 0.071945 0.071945
0 0.001402 0.981698 0.061130 0.061130
0 0.912183 0.501715 0.071945 0.071945
0 0.410610 0.936889 0.071945 0.071945
0 0.875676 0.083806 0.052757 0.052757
0 0.993083 0.996885 0.061131 0.061131
0 0.154794 0.270272 0.071945 0.071945
0 0.615576 0.554470 0.057104 0.057104
0 0.885327 0.637201 0.061131 0.061131