0 0.612717 0.721352 0.104277 0.104277
0 0.569169 0.509361 0.061130 0.061130
0 0.285177 0.928880 0.104278 0.104278
0 0.972114 0.471070 0.052757 0.052757
0 0.502262 0.369690 0.104277 0.104277
0 0.564088 0.278642 0.071945 0.071945
0 0.763007 0.719028 0.062220 0.062220
0 0.715901 0.264252 0.071945 0.071945
0 0.794654 0.471110 0.104277 0.104277
0 0.469940 0.471259 0.052757 0.052757
0 0.872518 0.517635 0.071945 0.071945
0 0.799287 0.154555 0.061131 0.061131
0 0.507971 0.141743 0.104277 0.104277
0 0.014136 0.424356 0.052757 0.052757
0 0.606841 0.636167 0.057104 0.057104
0 0.378034 0.314199 0.062220 0.062220
0 0.642703 0.822803 0.051819 0.051819
0 0.636043 0.077714 0.052757 0.052757
0 0.288869 0.499358 0.104277 0.104277
0 0.546847 0.435898 0.061131 0.061131
0 0.822851 0.766516 0.052757 0.052757
0 0.013681 0.632186 0.057104 0.057104
0 0.579981 0.188239 0.057104 0.057104
0 0.079723 0.039353 0.071945 0.071945
0 0.884127 0.715031 0.057103 0.057103
0 0.631063 0.396393 0.052757 0.052757
0 0.126971 0.101792 0.061130 0.061130
0 0.899120 0.132195 0.104277 0.104277
0 0.305105 0.225747 0.052757 0.052757
0 0.687270 0.332353 0.057104 0.057104
0 0.607223 0.015153 0.057104 0.057104
0 0.799743 0.554364 0.036679 0.036679
0 0.235023 0.840318 0.052757 0.052757
0 0.918781 0.832371 0.104277 0.104277
0 0.058490 0.314832 0.057104 0.057104
0 0.633505 0.484975 0.057104 0.057104
0 0.718544 0.893147 0.104277 0.104277
0 0.372305 0.161656 0.052757 0.052757
0 0.713681 0.819854 0.071945 0.071945
0 0.145421 0.311089 0.057104 0.057104
0 0.956277 0.281550 0.052757 0.052757
0 0.943383 0.349412 0.104277 0.104277
0 0.368273 0.437608 0.071945 0.071945
0 0.420152 0.832563 0.052757 0.052757
0 0.849021 0.373044 0.104277 0.104277
0 0.477368 0.243939 0.071945 0.071945
0 0.634999 0.979776 0.054783 0.054783
0 0.939926 0.540519 0.062220 0.062220
0 0.024640 0.215294 0.057104 0.057104
0 0.802551 0.913688 0.057103 0.057103
0 0.386225 0.753194 0.071945 0.071945
0 0.159902 0.958791 0.061130 0.061130
0 0.051255 0.857633 0.071945 0.071945
0 0.896857 0.980509 0.061131 0.061131
0 0.483381 0.988444 0.057104 0.057104
0 0.848035 0.848390 0.061131 0.061131
0 0.439492 0.404057 0.057104 0.057104
0 0.060003 0.580819 0.071945 0.071945
0 0.010828 0.942261 0.062220 0.062220
0 0.795948 0.314752 0.061130 0.061130
0 0.154598 0.793447 0.062220 0.062220
0 0.270259 0.622447 0.061130 0.061130
0 0.874708 0.445367 0.061130 0.061130
0 0.497576 0.866570 0.052757 0.052757
0 0.443966 0.043775 0.104277 0.104277
0 0.205571 0.524708 0.061130 0.061130
0 0.176645 0.452973 0.061130 0.061130
0 0.746044 0.409235 0.062220 0.062220
0 0.355325 0.579243 0.104277 0.104277
0 0.518730 0.677116 0.071945 0.071945
0 0.216128 0.190911 0.052757 0.052757
0 0.659476 0.180265 0.062220 0.062220
0 0.209025 0.730834 0.061130 0.061130
0 0.309118 0.823370 0.057104 0.057104
0 0.201267 0.647152 0.104277 0.104277
0 0.408719 0.900986 0.062220 0.062220
0 0.973546 0.953614 0.062220 0.062220
0 0.405886 0.627780 0.104277 0.104277
0 0.384791 0.515090 0.052757 0.052757
0 0.691707 0.554778 0.062220 0.062220
0 0.097150 0.388577 0.071945 0.071945
0 0.022095 0.141547 0.062220 0.062220
0 0.112124 0.889447 0.071945 0.071945
0 0.726548 0.098116 0.071945 0.071945
0 0.355022 0.957075 0.104277 0.104277
0 0.336427 0.081244 0.052757 0.052757
0 0.833918 0.637474 0.104277 0.104277
0 0.509855 0.761032 0.057104 0.057104
0 0.129798 0.618725 0.052757 0.052757
0 0.897107 0.904113 0.071945 0.071945
0 0.747370 0.602696 0.071945 0.071945
0 0.106695 0.525785 0.061130 0.061130
0 0.465724 0.583840 0.052757 0.052757
0 0.320030 0.735287 0.057104 0.057104
0 0.711359 0.966525 0.104277 0.104277
0 0.129343 0.170946 0.057104 0.057104
0 0.229534 0.095686 0.057104 0.057104
0 0.103599 0.685751 0.061130 0.061130
0 0.888265 0.592843 0.061131 0.061131
0 0.093451 0.245411 0.048997 0.048997
0 0.296477 0.150042 0.062220 0.062220
0 0.869508 0.061777 0.057104 0.057104
0 0.292459 0.391403 0.062220 0.062220
0 0.621440 0.911822 0.052757 0.052757
0 0.548877 0.946049 0.104277 0.104277
0 0.064391 0.782436 0.062220 0.062220
0 0.852251 0.201715 0.057104 0.057104
0 0.296036 0.301592 0.061131 0.061131
0 0.239159 0.998794 0.071945 0.071945
0 0.980933 0.629840 0.071945 0.071945
0 0.930246 0.015673 0.104277 0.104277
0 0.944426 0.211931 0.052757 0.052757
0 0.011252 0.063655 0.057104 0.057104
0 0.223544 0.398397 0.071945 0.071945
0 0.684326 0.682595 0.057104 0.057104
0 0.019049 0.707991 0.071945 0.071945
0 0.954077 0.765326 0.061131 0.061131