0 0.618505 0.566117 0.071945 0.071945
0 0.517239 0.680394 0.062220 0.062220
0 0.650217 0.678341 0.057104 0.057104
0 0.683028 0.603649 0.052757 0.052757
0 0.566814 0.943821 0.057104 0.057104
0 0.494974 0.795304 0.104277 0.104277
0 0.480168 0.985780 0.061131 0.061131
0 0.749277 0.099793 0.061130 0.061130
0 0.719706 0.237006 0.061130 0.061130
0 0.329493 0.113462 0.052757 0.052757
0 0.422706 0.060536 0.052757 0.052757
0 0.489976 0.609687 0.052757 0.052757
0 0.363384 0.909313 0.071945 0.071945
0 0.580393 0.809592 0.062220 0.062220
0 0.638550 0.930843 0.071945 0.071945
0 0.720347 0.701384 0.071945 0.071945
0 0.643505 0.025030 0.104277 0.104277
0 0.582135 0.629997 0.071945 0.071945
0 0.234517 0.029770 0.062220 0.062220
0 0.750648 0.464733 0.061131 0.061131
0 0.769282 0.639597 0.071945 0.071945
0 0.151057 0.462374 0.071945 0.071945
0 0.432456 0.369750 0.061130 0.061130
0 0.248716 0.149752 0.062220 0.062220
0 0.421169 0.733122 0.071945 0.071945
0 0.271618 0.614273 0.061130 0.061130
0 0.781848 0.562960 0.071945 0.071945
0 0.296631 0.733148 0.104277 0.104277
0 0.003421 0.464766 0.104277 0.104277
0 0.178616 0.117157 0.052757 0.052757
0 0.047390 0.599692 0.071945 0.071945
0 0.420547 0.864825 0.104277 0.104277
0 0.712635 0.808525 0.104278 0.104278
0 0.305001 0.286594 0.061130 0.061130
0 0.401555 0.265695 0.057104 0.057104
0 0.111606 0.196206 0.071945 0.071945
0 0.661986 0.378029 0.057104 0.057104
0 0.000061 0.081446 0.061131 0.061131
0 0.109473 0.848606 0.071945 0.071945
0 0.309500 0.037074 0.057104 0.057104
0 0.464667 0.213647 0.062220 0.062220
0 0.123281 0.983020 0.061131 0.061131
0 0.517140 0.470967 0.062220 0.062220
0 0.096896 0.098735 0.052757 0.052757
0 0.480715 0.532534 0.062220 0.062220
0 0.032725 0.344229 0.062220 0.062220
0 0.194258 0.813965 0.062220 0.062220
0 0.577911 0.063750 0.071945 0.071945
0 0.302410 0.203882 0.061131 0.061131
0 0.077289 0.528167 0.061131 0.061131
0 0.693190 0.155282 0.104278 0.104278
0 0.249674 0.339689 0.071945 0.071945
0 0.161139 0.036950 0.062220 0.062220
0 0.764354 0.340027 0.061131 0.061131
0 0.023751 0.838469 0.061131 0.061131
0 0.442867 0.459681 0.052757 0.052757
0 0.241305 0.536011 0.057104 0.057104
0 0.542408 0.203074 0.052757 0.052757
0 0.096230 0.377344 0.071945 0.071945
0 0.754078 0.890567 0.057104 0.057104
0 0.635018 0.860687 0.057104 0.057104
0 0.359216 0.353219 0.052757 0.052757
0 0.492388 0.884573 0.052757 0.052757
0 0.177404 0.239347 0.071945 0.071945
0 0.610261 0.144552 0.062220 0.062220
0 0.242438 0.986447 0.052757 0.052757
0 0.379149 0.550587 0.071945 0.071945
0 0.281111 0.465158 0.062220 0.062220
0 0.479827 0.105333 0.071945 0.071945
0 0.612566 0.260589 0.052559 0.052559
0 0.273403 0.829604 0.057104 0.057104
0 0.107810 0.300394 0.071945 0.071945
0 0.655240 0.496946 0.062220 0.062220
0 0.207206 0.903290 0.057104 0.057104
0 0.113055 0.651311 0.104277 0.104277
0 0.179397 0.720748 0.052757 0.052757
0 0.058425 0.939431 0.071945 0.071945
0 0.348067 0.488750 0.104277 0.104277
0 0.186552 0.586292 0.071945 0.071945
0 0.200525 0.396306 0.104277 0.104277
0 0.734780 0.994032 0.061130 0.061130
0 0.559492 0.340395 0.071945 0.071945
0 0.715369 0.531174 0.104278 0.104278
0 0.403308 0.649492 0.104277 0.104277
0 0.084174 0.028299 0.057104 0.057104
0 0.460085 0.304185 0.052757 0.052757
0 0.066954 0.710448 0.052757 0.052757
0 0.361389 0.827602 0.062220 0.062220
0 0.412781 0.153527 0.061131 0.061131
0 0.482498 0.026942 0.062220 0.062220