0 0.857052 0.322630 0.104278 0.104278
0 0.912708 0.759752 0.104277 0.104277
0 0.975196 0.483978 0.052757 0.052757
0 0.034083 0.078738 0.052757 0.052757
0 0.647687 0.840946 0.052757 0.052757
0 0.659379 0.927495 0.104277 0.104277
0 0.499729 0.474953 0.061130 0.061130
0 0.874490 0.433435 0.052757 0.052757
0 0.895561 0.604662 0.052757 0.052757
0 0.639112 0.753525 0.104277 0.104277
0 0.971868 0.679797 0.071945 0.071945
0 0.721469 0.685323 0.104277 0.104277
0 0.645636 0.654383 0.061130 0.061130
0 0.509697 0.239287 0.057104 0.057104
0 0.004559 0.562917 0.062220 0.062220
0 0.552707 0.552340 0.104277 0.104277
0 0.585556 0.025936 0.057104 0.057104
0 0.368328 0.970155 0.052757 0.052757
0 0.772577 0.831378 0.104277 0.104277
0 0.529130 0.970982 0.061130 0.061130
0 0.225164 0.681674 0.061130 0.061130
0 0.806898 0.234068 0.052757 0.052757
0 0.212588 0.220140 0.071945 0.071945
0 0.027635 0.800286 0.104278 0.104278
0 0.351193 0.324662 0.104277 0.104277
0 0.271624 0.393586 0.052757 0.052757
0 0.494579 0.393823 0.104277 0.104277
0 0.568059 0.792305 0.052757 0.052757
0 0.992027 0.226313 0.052757 0.052757
0 0.184192 0.387784 0.052757 0.052757
0 0.430534 0.475880 0.052757 0.052757
0 0.859765 0.678841 0.104277 0.104277
0 0.807062 0.540487 0.057104 0.057104
0 0.710230 0.764473 0.061130 0.061130
0 0.385061 0.695024 0.104278 0.104278
0 0.933998 0.941212 0.062220 0.062220
0 0.958100 0.146944 0.071945 0.071945
0 0.451910 0.673415 0.052757 0.052757
0 0.731777 0.352541 0.061130 0.061130
0 0.623130 0.251383 0.071945 0.071945
0 0.789779 0.467079 0.052757 0.052757
0 0.093019 0.852492 0.062220 0.062220
0 0.244351 0.939716 0.062220 0.062220
0 0.461371 0.928439 0.057104 0.057104
0 0.332963 0.132887 0.061130 0.061130
0 0.830326 0.792833 0.071945 0.071945
0 0.612034 0.419676 0.061130 0.061130
0 0.582703 0.336011 0.062220 0.062220
0 0.726473 0.187197 0.062220 0.062220
0 0.842134 0.016197 0.061130 0.061130
0 0.051005 0.484188 0.061130 0.061130
0 0.974173 0.859472 0.061130 0.061130
0 0.632072 0.581977 0.052757 0.052757
0 0.782246 0.618262 0.057104 0.057104
0 0.417789 0.795908 0.057104 0.057104
0 0.285831 0.282665 0.104277 0.104277
0 0.345064 0.762288 0.071945 0.071945
0 0.762056 0.902637 0.071945 0.071945
0 0.283649 0.841854 0.052757 0.052757
0 0.475945 0.837746 0.071945 0.071945
0 0.780900 0.124584 0.061130 0.061130
0 0.001973 0.870328 0.104277 0.104277
0 0.880993 0.217120 0.057104 0.057104
0 0.773142 0.040902 0.104277 0.104277
0 0.980594 0.294736 0.062220 0.062220
0 0.211906 0.750258 0.057104 0.057104
0 0.977761 0.021530 0.104277 0.104277
0 0.182403 0.828080 0.104277 0.104277
0 0.987066 0.553401 0.104277 0.104277
0 0.138050 0.280366 0.052757 0.052757
0 0.035419 0.001074 0.104278 0.104278
0 0.723353 0.429176 0.104277 0.104277
0 0.683999 0.283197 0.071945 0.071945
0 0.226141 0.134323 0.104277 0.104277
0 0.926897 0.350825 0.104277 0.104277
0 0.143530 0.947605 0.104277 0.104277
0 0.133984 0.728640 0.071945 0.071945
0 0.425065 0.347264 0.071945 0.071945
0 0.564937 0.191361 0.050932 0.050932
0 0.008153 0.669881 0.057104 0.057104
0 0.701673 0.012475 0.052757 0.052757
0 0.177048 0.045193 0.057104 0.057104
0 0.355474 0.872639 0.052757 0.052757
0 0.891905 0.129037 0.057104 0.057104
0 0.425394 0.245997 0.071945 0.071945
0 0.333031 0.009168 0.104277 0.104277
0 0.104254 0.367576 0.104277 0.104277
0 0.115360 0.621643 0.057104 0.057104
0 0.675474 0.079501 0.061130 0.061130
0 0.987380 0.786936 0.050559 0.050559
0 0.298362 0.610279 0.104277 0.104277
0 0.348505 0.454514 0.104277 0.104277
0 0.889022 0.522492 0.061131 0.061131
0 0.132128 0.109910 0.062220 0.062220
0 0.736129 0.563817 0.104277 0.104277
0 0.339011 0.230816 0.052757 0.052757
0 0.636266 0.176186 0.062220 0.062220
0 0.432021 0.154090 0.062220 0.062220
0 0.254178 0.529291 0.052757 0.052757
0 0.133407 0.444080 0.104277 0.104277
0 0.223067 0.601927 0.061130 0.061130
0 0.071912 0.205979 0.057104 0.057104
0 0.346410 0.544877 0.062220 0.062220
0 0.412920 0.579919 0.071945 0.071945
0 0.811034 0.392544 0.071945 0.071945
0 0.642027 0.503573 0.061130 0.061130
0 0.281789 0.064095 0.071945 0.071945
0 0.050913 0.726359 0.052757 0.052757
0 0.376874 0.069064 0.047555 0.047555
0 0.510974 0.093860 0.052757 0.052757
0 0.542542 0.691023 0.104277 0.104277
0 0.023514 0.386811 0.071945 0.071945
0 0.316093 0.686295 0.052757 0.052757
0 0.141391 0.192865 0.057103 0.057103
0 0.846435 0.916618 0.052757 0.052757
0 0.506694 0.311965 0.071945 0.071945
0 0.125102 0.515422 0.104277 0.104277
0 0.590924 0.101741 0.071945 0.071945
0 0.581826 0.861283 0.104277 0.104277