0 0.838302 0.913255 0.104278 0.104278
0 0.015333 0.669363 0.052757 0.052757
0 0.567261 0.408731 0.052757 0.052757
0 0.931159 0.298574 0.062220 0.062220
0 0.490947 0.829912 0.057104 0.057104
0 0.841994 0.483733 0.104277 0.104277
0 0.441467 0.129268 0.052757 0.052757
0 0.566806 0.616561 0.057104 0.057104
0 0.632848 0.023728 0.071945 0.071945
0 0.680096 0.086167 0.061130 0.061130
0 0.858230 0.210122 0.052757 0.052757
0 0.788148 0.824693 0.052757 0.052757
0 0.193838 0.810765 0.071945 0.071945
0 0.332443 0.915287 0.104277 0.104277
0 0.252874 0.984211 0.052757 0.052757
0 0.611615 0.299207 0.057104 0.057104
0 0.925430 0.146031 0.052757 0.052757
0 0.475829 0.984448 0.104277 0.104277
0 0.698546 0.295464 0.057104 0.057104
0 0.008865 0.104147 0.104278 0.104278
0 0.921398 0.421983 0.071945 0.071945
0 0.973277 0.816938 0.052757 0.052757
0 0.165442 0.978409 0.052757 0.052757
0 0.379957 0.040762 0.071945 0.071945
0 0.309712 0.033677 0.057104 0.057104
0 0.577765 0.199669 0.057104 0.057104
0 0.939350 0.737569 0.071945 0.071945
0 0.713027 0.943166 0.061130 0.061130
0 0.604380 0.842008 0.071945 0.071945
0 0.992617 0.388432 0.057104 0.057104
0 0.124389 0.540883 0.071945 0.071945
0 0.314213 0.723512 0.061130 0.061130
0 0.117455 0.470427 0.071945 0.071945
0 0.613128 0.565194 0.071945 0.071945
0 0.563953 0.926636 0.062220 0.062220
0 0.707723 0.777822 0.062220 0.062220
0 0.823384 0.606822 0.061130 0.061130
0 0.313244 0.367437 0.071945 0.071945
0 0.267081 0.873290 0.104277 0.104277
0 0.997091 0.028150 0.104277 0.104277
0 0.758696 0.509083 0.061130 0.061130
0 0.729770 0.437348 0.061130 0.061130
0 0.510888 0.163621 0.104277 0.104277
0 0.282283 0.118928 0.057104 0.057104
0 0.908450 0.563618 0.104277 0.104277
0 0.485210 0.057883 0.104277 0.104277
0 0.769253 0.175286 0.052757 0.052757
0 0.762150 0.715209 0.061130 0.061130
0 0.500303 0.250183 0.104277 0.104277
0 0.324413 0.449135 0.071945 0.071945
0 0.862243 0.807745 0.057104 0.057104
0 0.754392 0.631527 0.104277 0.104277
0 0.961844 0.885361 0.062220 0.062220
0 0.959011 0.612155 0.104277 0.104277
0 0.443700 0.400266 0.052757 0.052757
0 0.937916 0.499465 0.052757 0.052757
0 0.275664 0.531360 0.052757 0.052757
0 0.119300 0.870991 0.052757 0.052757
0 0.208347 0.209914 0.061130 0.061130
0 0.016669 0.591699 0.104278 0.104278
0 0.650275 0.372952 0.071945 0.071945
0 0.575220 0.125922 0.062220 0.062220
0 0.199441 0.403793 0.061130 0.061130
0 0.665249 0.873822 0.071945 0.071945
0 0.207391 0.724948 0.104277 0.104277
0 0.908147 0.941450 0.104277 0.104277
0 0.889552 0.065619 0.052757 0.052757
0 0.536152 0.331619 0.104277 0.104277
0 0.406315 0.937889 0.071945 0.071945
0 0.546187 0.781986 0.050932 0.050932
0 0.085973 0.274065 0.061130 0.061130
0 0.682923 0.603100 0.052757 0.052757
0 0.158298 0.635818 0.057104 0.057104
0 0.449060 0.549991 0.071945 0.071945
0 0.659820 0.510160 0.061130 0.061130
0 0.235422 0.474619 0.062220 0.062220
0 0.873155 0.719662 0.057104 0.057104
0 0.371960 0.146414 0.057104 0.057104
0 0.682468 0.155321 0.057104 0.057104
0 0.101451 0.193477 0.057104 0.057104
0 0.174156 0.088588 0.104277 0.104277
0 0.406644 0.836622 0.071945 0.071945
0 0.314281 0.599793 0.104277 0.104277
0 0.021036 0.399737 0.061130 0.061130
0 0.085504 0.958201 0.104277 0.104277
0 0.782659 0.080061 0.057104 0.057104
0 0.656724 0.670126 0.061130 0.061130
0 0.519089 0.513285 0.071945 0.071945
0 0.371724 0.224523 0.061130 0.061130
0 0.301561 0.211802 0.062220 0.062220
0 0.646576 0.229786 0.048997 0.048997
0 0.849602 0.134417 0.062220 0.062220
0 0.113378 0.700535 0.062220 0.062220
0 0.073080 0.035180 0.104277 0.104277
0 0.320261 0.821441 0.052757 0.052757
0 0.845584 0.375778 0.062220 0.062220
0 0.617516 0.766811 0.062220 0.062220
0 0.413271 0.744715 0.062220 0.062220
0 0.031622 0.192525 0.057104 0.057104
0 0.079068 0.351299 0.057104 0.057104
0 0.849161 0.285967 0.061131 0.061131
0 0.270122 0.296342 0.071945 0.071945
0 0.053162 0.796604 0.057104 0.057104
0 0.423935 0.324163 0.104277 0.104277
0 0.190061 0.289266 0.071945 0.071945
0 0.180312 0.012125 0.061130 0.061130
0 0.792284 0.983169 0.071945 0.071945
0 0.263039 0.654720 0.071945 0.071945
0 0.358124 0.659689 0.047555 0.047555
0 0.492224 0.684485 0.052757 0.052757
0 0.564377 0.048030 0.057104 0.057104
0 0.004764 0.977436 0.071945 0.071945
0 0.122641 0.783490 0.057103 0.057103
0 0.776669 0.382772 0.071945 0.071945
0 0.487944 0.902590 0.071945 0.071945
0 0.572174 0.692366 0.071945 0.071945
0 0.019306 0.487953 0.062220 0.062220