0 0.583045 0.517601 0.062220 0.062220
0 0.928683 0.857229 0.062220 0.062220
0 0.890457 0.663205 0.062220 0.062220
0 0.666359 0.970843 0.057103 0.057103
0 0.916437 0.306571 0.052757 0.052757
0 0.928129 0.393120 0.104277 0.104277
0 0.687031 0.717492 0.052757 0.052757
0 0.525374 0.572483 0.071945 0.071945
0 0.646222 0.802162 0.062220 0.062220
0 0.551255 0.995144 0.071945 0.071945
0 0.907862 0.219150 0.104277 0.104277
0 0.990219 0.150948 0.104277 0.104277
0 0.914386 0.120008 0.061130 0.061130
0 0.576174 0.832798 0.104277 0.104277
0 0.273309 0.028542 0.062220 0.062220
0 0.379796 0.605609 0.061130 0.061130
0 0.821457 0.017965 0.104277 0.104277
0 0.656662 0.523663 0.061130 0.061130
0 0.637078 0.435780 0.052757 0.052757
0 0.428224 0.901961 0.104278 0.104278
0 0.797880 0.436607 0.061130 0.061130
0 0.878724 0.562065 0.062220 0.062220
0 0.493914 0.147299 0.061130 0.061130
0 0.296385 0.265911 0.104278 0.104278
0 0.920613 0.470275 0.057104 0.057104
0 0.685949 0.899406 0.061130 0.061130
0 0.738411 0.671718 0.062220 0.062220
0 0.836809 0.257930 0.052757 0.052757
0 0.936530 0.928031 0.057104 0.057104
0 0.445398 0.705196 0.062220 0.062220
0 0.957159 0.605718 0.057104 0.057104
0 0.769234 0.517819 0.061130 0.061130
0 0.978980 0.230098 0.061130 0.061130
0 0.653811 0.160649 0.104278 0.104278
0 0.720660 0.139040 0.052757 0.052757
0 0.734464 0.778850 0.062220 0.062220
0 0.361769 0.318117 0.062220 0.062220
0 0.859679 0.899045 0.050891 0.050891
0 0.513101 0.405341 0.062220 0.062220
0 0.585505 0.914480 0.104277 0.104277
0 0.730121 0.394064 0.057104 0.057104
0 0.520275 0.737347 0.062220 0.062220
0 0.744699 0.978067 0.052757 0.052757
0 0.792330 0.824191 0.062220 0.062220
0 0.888089 0.790110 0.104277 0.104277
0 0.900822 0.047602 0.052757 0.052757
0 0.686539 0.261533 0.057104 0.057104
0 0.395537 0.499223 0.104278 0.104278
0 0.613814 0.227913 0.071945 0.071945
0 0.514175 0.492687 0.052757 0.052757
0 0.482973 0.962586 0.057104 0.057104
0 0.552399 0.307479 0.052757 0.052757
0 0.744695 0.303371 0.071945 0.071945
0 0.270723 0.335953 0.104277 0.104277
0 0.447078 0.547205 0.057104 0.057104
0 0.480656 0.215883 0.057104 0.057104
0 0.761277 0.897000 0.062220 0.062220
0 0.451153 0.293705 0.104277 0.104277
0 0.412280 0.413230 0.104277 0.104277
0 0.402734 0.194265 0.071945 0.071945
0 0.302433 0.938036 0.104277 0.104277
0 0.839257 0.722130 0.104277 0.104277
0 0.276903 0.135506 0.057104 0.057104
0 0.412554 0.822889 0.061131 0.061131
0 0.293690 0.817947 0.057104 0.057104
0 0.624224 0.338264 0.052757 0.052757
0 0.384110 0.087268 0.057104 0.057104
0 0.272849 0.746030 0.062220 0.062220
0 0.567112 0.075904 0.104277 0.104277
0 0.485891 0.837984 0.057104 0.057104
0 0.606499 0.630832 0.057104 0.057104
0 0.327261 0.539219 0.062220 0.062220
0 0.327435 0.466784 0.057104 0.057104
0 0.491817 0.067552 0.061130 0.061130
0 0.997307 0.722186 0.052757 0.052757
0 0.615160 0.010502 0.062220 0.062220
0 0.681670 0.045544 0.071945 0.071945
0 0.319663 0.191984 0.052757 0.052757
0 0.702460 0.606916 0.104277 0.104277
0 0.362438 0.730758 0.057104 0.057104
0 0.811292 0.156648 0.104277 0.104277
0 0.584843 0.151920 0.052757 0.052757
0 0.351089 0.874765 0.061130 0.061130
0 0.850576 0.326908 0.104277 0.104277
0 0.275178 0.614940 0.057104 0.057104