0 0.228544 0.943736 0.061130 0.061130
0 0.631489 0.905445 0.052757 0.052757
0 0.161637 0.804065 0.104277 0.104277
0 0.223463 0.713017 0.071945 0.071945
0 0.375276 0.698627 0.071945 0.071945
0 0.454029 0.905485 0.104277 0.104277
0 0.129315 0.905634 0.052757 0.052757
0 0.531893 0.952010 0.071945 0.071945
0 0.426182 0.247661 0.104277 0.104277
0 0.458662 0.588930 0.061131 0.061131
0 0.616284 0.212189 0.104277 0.104277
0 0.167346 0.576118 0.104277 0.104277
0 0.660473 0.408437 0.057104 0.057104
0 0.786926 0.613397 0.062221 0.062221
0 0.675832 0.576402 0.104277 0.104277
0 0.752858 0.370316 0.104277 0.104277
0 0.579314 0.121946 0.057104 0.057104
0 0.489777 0.325325 0.104277 0.104277
0 0.037409 0.748574 0.062220 0.062220
0 0.295418 0.512089 0.052757 0.052757
0 0.776879 0.885511 0.071945 0.071945
0 0.492668 0.163905 0.061131 0.061131
0 0.206222 0.870273 0.061131 0.061131
0 0.239356 0.622614 0.057104 0.057104
0 0.375884 0.087438 0.071945 0.071945
0 0.290438 0.830768 0.052757 0.052757
0 0.558495 0.566570 0.104277 0.104277
0 0.428772 0.382980 0.062220 0.062220
0 0.346645 0.766728 0.057104 0.057104
0 0.266598 0.449528 0.057104 0.057104
0 0.263445 0.288703 0.052757 0.052757
0 0.737194 0.719485 0.052757 0.052757
0 0.459118 0.988739 0.036679 0.036679
0 0.374599 0.426966 0.061130 0.061130
0 0.651050 0.108968 0.071945 0.071945
0 0.089468 0.276006 0.061131 0.061131
0 0.677107 0.680296 0.062221 0.062221
0 0.292880 0.919350 0.057104 0.057104
0 0.031680 0.596031 0.052757 0.052757
0 0.678737 0.485784 0.071945 0.071945
0 0.615652 0.715925 0.052757 0.052757
0 0.584462 0.299775 0.061130 0.061130
0 0.602758 0.783787 0.104277 0.104277
0 0.027648 0.871983 0.071945 0.071945
0 0.024594 0.197313 0.062220 0.062220
0 0.317528 0.383989 0.061131 0.061131
0 0.508396 0.807419 0.104277 0.104277
0 0.136743 0.678314 0.071945 0.071945
0 0.366755 0.317442 0.057104 0.057104
0 0.599301 0.974894 0.062220 0.062220
0 0.777160 0.239352 0.057104 0.057104
0 0.098867 0.838432 0.057104 0.057104
0 0.433047 0.042950 0.104277 0.104277
0 0.455323 0.749127 0.061130 0.061130
0 0.590249 0.374650 0.061130 0.061130
0 0.534083 0.879742 0.061130 0.061130
0 0.121973 0.026731 0.071945 0.071945
0 0.103341 0.478150 0.104277 0.104277
0 0.405419 0.843610 0.062220 0.062220
0 0.318851 0.614640 0.062220 0.062220
0 0.682548 0.990818 0.104277 0.104277
0 0.135781 0.161145 0.061131 0.061131
0 0.044166 0.949465 0.052757 0.052757
0 0.351082 0.989153 0.062220 0.062220
0 0.729492 0.293354 0.052757 0.052757
0 0.225320 0.231524 0.057104 0.057104
0 0.385923 0.532491 0.071945 0.071945
0 0.348806 0.190148 0.071945 0.071945
0 0.036251 0.016594 0.061131 0.061131
0 0.203477 0.413745 0.062220 0.062220
0 0.796749 0.764726 0.071945 0.071945
0 0.766578 0.068692 0.057104 0.057104
0 0.647518 0.038812 0.057104 0.057104
0 0.504888 0.062698 0.052757 0.052757
0 0.010352 0.415485 0.062220 0.062220
0 0.679915 0.814948 0.071945 0.071945
0 0.254938 0.164572 0.052757 0.052757
0 0.042272 0.347856 0.071945 0.071945
0 0.774296 0.463923 0.104277 0.104277
0 0.285903 0.007729 0.057104 0.057104
0 0.528883 0.496152 0.057104 0.057104
0 0.219706 0.081415 0.057104 0.057104
0 0.082473 0.404782 0.052757 0.052757
0 0.511626 0.636090 0.057104 0.057104
0 0.070925 0.117556 0.071945 0.071945
0 0.520288 0.422453 0.104277 0.104277
0 0.747280 0.172157 0.061130 0.061130
0 0.589621 0.450048 0.104277 0.104277
0 0.603801 0.646306 0.052757 0.052757
0 0.373889 0.005727 0.062220 0.062220
0 0.171282 0.291165 0.061131 0.061131