0 0.584592 0.093227 0.104277 0.104277
0 0.257052 0.300755 0.104278 0.104278
0 0.511095 0.892532 0.071945 0.071945
0 0.734882 0.090903 0.062220 0.062220
0 0.786216 0.860511 0.071945 0.071945
0 0.312708 0.737877 0.104277 0.104277
0 0.818344 0.975881 0.052757 0.052757
0 0.375196 0.462103 0.052757 0.052757
0 0.555493 0.648849 0.061130 0.061130
0 0.961771 0.773826 0.104277 0.104277
0 0.047687 0.819071 0.052757 0.052757
0 0.059379 0.905620 0.104277 0.104277
0 0.988494 0.387979 0.062220 0.062220
0 0.274490 0.411560 0.052757 0.052757
0 0.728437 0.610725 0.071945 0.071945
0 0.295561 0.582787 0.052757 0.052757
0 0.409244 0.911987 0.062220 0.062220
0 0.039112 0.731650 0.104277 0.104277
0 0.578716 0.008042 0.057104 0.057104
0 0.371868 0.657922 0.071945 0.071945
0 0.121469 0.663448 0.104277 0.104277
0 0.614578 0.194678 0.051819 0.051819
0 0.045636 0.632508 0.061130 0.061130
0 0.928767 0.936945 0.104277 0.104277
0 0.794726 0.138391 0.052757 0.052757
0 0.507284 0.483479 0.104277 0.104277
0 0.807145 0.729583 0.104277 0.104277
0 0.924924 0.540776 0.071945 0.071945
0 0.856002 0.086906 0.057103 0.057103
0 0.929671 0.472330 0.062220 0.062220
0 0.172577 0.809503 0.104277 0.104277
0 0.867627 0.668081 0.057104 0.057104
0 0.910594 0.841756 0.062220 0.062220
0 0.663336 0.968943 0.052757 0.052757
0 0.810344 0.599865 0.062220 0.062220
0 0.206898 0.212193 0.052757 0.052757
0 0.890656 0.204246 0.104277 0.104277
0 0.051863 0.982775 0.057104 0.057104
0 0.690419 0.265022 0.104277 0.104277
0 0.995993 0.572558 0.061130 0.061130
0 0.685556 0.191729 0.071945 0.071945
0 0.449741 0.734211 0.052757 0.052757
0 0.392027 0.204438 0.052757 0.052757
0 0.987987 0.219114 0.061131 0.061131
0 0.259765 0.656966 0.104277 0.104277
0 0.207062 0.518612 0.057104 0.057104
0 0.412399 0.600216 0.052757 0.052757
0 0.606874 0.351651 0.054783 0.054783
0 0.743717 0.796787 0.062220 0.062220
0 0.587404 0.872337 0.061131 0.061131
0 0.774426 0.285563 0.057103 0.057103
0 0.110230 0.742598 0.061130 0.061130
0 0.545797 0.800788 0.071945 0.071945
0 0.574976 0.463817 0.071945 0.071945
0 0.333998 0.919337 0.062220 0.062220
0 0.575236 0.534641 0.061130 0.061130
0 0.358100 0.125069 0.071945 0.071945
0 0.131777 0.330666 0.061130 0.061130
0 0.023130 0.229508 0.071945 0.071945
0 0.189779 0.445204 0.052757 0.052757
0 0.868732 0.352384 0.061131 0.061131
0 0.455256 0.360319 0.057104 0.057104
0 0.819910 0.220265 0.061131 0.061131
0 0.230326 0.770958 0.071945 0.071945
0 0.012034 0.397801 0.061130 0.061130
0 0.664627 0.878059 0.052757 0.052757
0 0.126473 0.165322 0.062220 0.062220
0 0.374173 0.837597 0.061130 0.061130
0 0.469451 0.238445 0.052757 0.052757
0 0.032072 0.560102 0.052757 0.052757
0 0.182246 0.596387 0.057104 0.057104
0 0.162056 0.880762 0.071945 0.071945
0 0.490605 0.048991 0.071945 0.071945
0 0.699389 0.452309 0.052757 0.052757
0 0.180900 0.102709 0.061130 0.061130
0 0.280993 0.195245 0.057104 0.057104
0 0.173142 0.019027 0.104277 0.104277
0 0.380594 0.272861 0.062220 0.062220
0 0.945421 0.325489 0.062220 0.062220
0 0.387066 0.531526 0.104277 0.104277
0 0.742253 0.691820 0.052757 0.052757
0 0.123353 0.407301 0.104277 0.104277
0 0.654300 0.743684 0.052757 0.052757
0 0.083999 0.261322 0.071945 0.071945
0 0.473837 0.810071 0.057104 0.057104
0 0.326897 0.328950 0.104277 0.104277
0 0.805793 0.009349 0.104277 0.104277
0 0.481730 0.132907 0.057104 0.057104
0 0.944310 0.677224 0.061131 0.061131
0 0.849947 0.541487 0.057104 0.057104
0 0.868982 0.275988 0.071945 0.071945
0 0.291905 0.107162 0.057104 0.057104
0 0.683234 0.338400 0.104277 0.104277
0 0.741322 0.970120 0.055027 0.055027
0 0.873514 0.770942 0.061131 0.061131
0 0.532013 0.999033 0.062220 0.062220
0 0.075474 0.057626 0.061130 0.061130
0 0.387380 0.765061 0.050559 0.050559
0 0.516519 0.707840 0.061130 0.061130
0 0.645790 0.528212 0.071945 0.071945
0 0.747777 0.382598 0.057104 0.057104
0 0.787823 0.439736 0.104277 0.104277
0 0.289022 0.500617 0.061131 0.061131
0 0.136129 0.541942 0.104277 0.104277
0 0.644590 0.622765 0.071945 0.071945
0 0.593315 0.283697 0.052757 0.052757
0 0.520752 0.317924 0.104277 0.104277
0 0.036266 0.154311 0.062220 0.062220
0 0.211034 0.370669 0.071945 0.071945
0 0.042027 0.481698 0.061130 0.061130
0 0.952808 0.001715 0.071945 0.071945
0 0.451235 0.436889 0.071945 0.071945
0 0.757499 0.531340 0.104277 0.104277
0 0.481942 0.574829 0.104277 0.104277
0 0.246435 0.894743 0.052757 0.052757
0 0.656201 0.054470 0.057104 0.057104
0 0.925952 0.137201 0.061131 0.061131