0 0.418967 0.858852 0.104277 0.104277
0 0.375419 0.646861 0.061130 0.061130
0 0.778364 0.608570 0.052757 0.052757
0 0.308512 0.507190 0.104277 0.104277
0 0.370338 0.416142 0.071945 0.071945
0 0.569257 0.856528 0.062220 0.062220
0 0.522151 0.401752 0.071945 0.071945
0 0.600904 0.608610 0.104277 0.104277
0 0.276190 0.608759 0.052757 0.052757
0 0.678768 0.655135 0.071945 0.071945
0 0.605537 0.292055 0.061131 0.061131
0 0.314221 0.279243 0.104277 0.104277
0 0.807348 0.111562 0.057104 0.057104
0 0.933801 0.316522 0.062221 0.062221
0 0.822707 0.279527 0.104277 0.104277
0 0.899733 0.073441 0.104277 0.104277
0 0.932515 0.847003 0.047276 0.047276
0 0.636652 0.028450 0.104277 0.104277
0 0.413091 0.773667 0.057104 0.057104
0 0.184284 0.451699 0.062220 0.062220
0 0.448953 0.960303 0.051819 0.051819
0 0.442293 0.215214 0.052757 0.052757
0 0.095119 0.636858 0.104277 0.104277
0 0.923754 0.588636 0.071945 0.071945
0 0.353097 0.573398 0.061131 0.061131
0 0.629101 0.904016 0.052757 0.052757
0 0.386231 0.325739 0.057104 0.057104
0 0.690377 0.852531 0.057103 0.057103
0 0.437313 0.533893 0.052757 0.052757
0 0.705370 0.269695 0.104277 0.104277
0 0.111355 0.363247 0.052757 0.052757
0 0.575647 0.086105 0.062220 0.062220
0 0.493520 0.469853 0.057104 0.057104
0 0.413473 0.152653 0.057104 0.057104
0 0.884069 0.422610 0.052757 0.052757
0 0.605993 0.691864 0.036679 0.036679
0 0.041273 0.977818 0.052757 0.052757
0 0.521474 0.130091 0.061130 0.061130
0 0.725031 0.969871 0.104277 0.104277
0 0.823982 0.383421 0.062221 0.062221
0 0.439755 0.622475 0.057104 0.057104
0 0.178555 0.299156 0.052757 0.052757
0 0.519931 0.957354 0.071945 0.071945
0 0.825612 0.188909 0.071945 0.071945
0 0.762527 0.419050 0.052757 0.052757
0 0.731337 0.002900 0.061130 0.061130
0 0.749633 0.486912 0.104277 0.104277
0 0.916523 0.952928 0.071945 0.071945
0 0.174523 0.575108 0.071945 0.071945
0 0.464403 0.087114 0.061131 0.061131
0 0.226402 0.970063 0.052757 0.052757
0 0.655271 0.510544 0.104277 0.104277
0 0.283618 0.381439 0.071945 0.071945
0 0.822362 0.984739 0.061131 0.061131
0 0.513630 0.020567 0.057104 0.057104
0 0.938401 0.736001 0.057104 0.057104
0 0.746176 0.678019 0.062220 0.062220
0 0.192475 0.890694 0.071945 0.071945
0 0.654285 0.985890 0.061131 0.061131
0 0.245742 0.541557 0.057104 0.057104
0 0.602198 0.452252 0.061130 0.061130
0 0.076509 0.759947 0.061130 0.061130
0 0.737124 0.077775 0.061130 0.061130
0 0.854839 0.838870 0.062220 0.062220
0 0.680958 0.582867 0.061130 0.061130
0 0.250216 0.181275 0.104277 0.104277
0 0.011821 0.662208 0.061130 0.061130
0 0.552294 0.546735 0.062220 0.062220
0 0.161575 0.716743 0.104277 0.104277
0 0.324980 0.814616 0.071945 0.071945
0 0.022378 0.328411 0.052757 0.052757
0 0.465726 0.317765 0.062220 0.062220
0 0.015275 0.868334 0.061130 0.061130
0 0.829423 0.693943 0.104277 0.104277
0 0.115368 0.960870 0.057104 0.057104
0 0.007517 0.784652 0.104277 0.104277
0 0.212136 0.765280 0.104277 0.104277
0 0.191041 0.652590 0.052757 0.052757
0 0.497957 0.692278 0.062220 0.062220
0 0.532798 0.235616 0.071945 0.071945
0 0.142677 0.218744 0.052757 0.052757
0 0.640168 0.774974 0.104277 0.104277
0 0.316105 0.898532 0.057104 0.057104
0 0.100209 0.052699 0.104278 0.104278
0 0.553620 0.740196 0.071945 0.071945
0 0.271974 0.721340 0.052757 0.052757
0 0.126280 0.872787 0.057104 0.057104
0 0.350352 0.116870 0.062220 0.062220
0 0.943624 0.467851 0.071945 0.071945
0 0.157227 0.118610 0.062220 0.062220
0 0.035784 0.233186 0.057104 0.057104
0 0.694515 0.730343 0.061131 0.061131
0 0.826790 0.518073 0.071945 0.071945
0 0.189147 0.050981 0.071945 0.071945
0 0.102727 0.287542 0.062220 0.062220
0 0.921171 0.167048 0.104277 0.104277
0 0.675758 0.199277 0.057104 0.057104
0 0.034786 0.010779 0.104277 0.104277
0 0.098709 0.528903 0.062220 0.062220
0 0.229348 0.107907 0.052757 0.052757
0 0.658501 0.339215 0.057104 0.057104
0 0.102286 0.439092 0.061131 0.061131
0 0.667163 0.125578 0.104277 0.104277
0 0.787183 0.767340 0.071945 0.071945
0 0.736496 0.153173 0.104277 0.104277
0 0.750676 0.349431 0.052757 0.052757
0 0.029794 0.535897 0.071945 0.071945
0 0.490576 0.820095 0.057104 0.057104
0 0.760327 0.902826 0.061131 0.061131