0 0.345545 0.595726 0.062220 0.062220
0 0.691183 0.935354 0.062220 0.062220
0 0.652957 0.741330 0.062220 0.062220
0 0.943958 0.303502 0.104277 0.104277
0 0.678937 0.384696 0.052757 0.052757
0 0.690629 0.471245 0.104277 0.104277
0 0.530979 0.018703 0.061130 0.061130
0 0.449531 0.795617 0.052757 0.052757
0 0.995954 0.846481 0.104277 0.104277
0 0.882470 0.888455 0.071945 0.071945
0 0.287874 0.650608 0.071945 0.071945
0 0.926811 0.148412 0.052757 0.052757
0 0.408722 0.880287 0.062220 0.062220
0 0.670362 0.297275 0.104277 0.104277
0 0.752719 0.229073 0.104277 0.104277
0 0.676886 0.198133 0.061130 0.061130
0 0.338674 0.910923 0.104277 0.104277
0 0.035809 0.106667 0.062220 0.062220
0 0.142296 0.683734 0.061130 0.061130
0 0.583957 0.096090 0.104277 0.104277
0 0.419162 0.601788 0.061130 0.061130
0 0.399578 0.513905 0.052757 0.052757
0 0.190724 0.980086 0.104278 0.104278
0 0.898852 0.615242 0.057104 0.057104
0 0.803827 0.375128 0.104277 0.104277
0 0.560380 0.514732 0.061130 0.061130
0 0.641224 0.640190 0.062220 0.062220
0 0.256414 0.225424 0.061130 0.061130
0 0.836368 0.722000 0.057104 0.057104
0 0.058885 0.344036 0.104278 0.104278
0 0.952344 0.752091 0.104277 0.104277
0 0.683113 0.548400 0.057104 0.057104
0 0.448449 0.977531 0.061130 0.061130
0 0.891781 0.961420 0.071945 0.071945
0 0.500911 0.749843 0.062220 0.062220
0 0.599309 0.336055 0.052757 0.052757
0 0.207898 0.783321 0.062220 0.062220
0 0.719659 0.683843 0.057104 0.057104
0 0.461784 0.019630 0.052757 0.052757
0 0.891015 0.222591 0.104277 0.104277
0 0.838312 0.084237 0.057104 0.057104
0 0.531734 0.595944 0.061130 0.061130
0 0.741480 0.308223 0.061130 0.061130
0 0.416311 0.238774 0.104278 0.104278
0 0.965248 0.484962 0.062220 0.062220
0 0.483160 0.217165 0.052757 0.052757
0 0.496964 0.856975 0.062220 0.062220
0 0.917889 0.825812 0.057104 0.057104
0 0.821029 0.010829 0.052757 0.052757
0 0.124269 0.396242 0.062220 0.062220
0 0.992915 0.642800 0.104277 0.104277
0 0.622179 0.977170 0.050891 0.050891
0 0.275601 0.483466 0.062220 0.062220
0 0.348005 0.992605 0.104277 0.104277
0 0.492621 0.472189 0.057104 0.057104
0 0.786049 0.869476 0.062220 0.062220
0 0.861576 0.336583 0.071945 0.071945
0 0.282775 0.815472 0.062220 0.062220
0 0.554830 0.902316 0.062220 0.062220
0 0.082255 0.027938 0.061130 0.061130
0 0.650589 0.868235 0.104277 0.104277
0 0.663322 0.125727 0.052757 0.052757
0 0.813496 0.162012 0.057104 0.057104
0 0.449039 0.339658 0.057104 0.057104
0 0.158037 0.577348 0.104278 0.104278
0 0.376314 0.306038 0.071945 0.071945
0 0.276675 0.570812 0.052757 0.052757
0 0.812437 0.997413 0.061130 0.061130
0 0.815961 0.592531 0.062220 0.062220
0 0.793306 0.446387 0.071945 0.071945
0 0.950860 0.912565 0.062220 0.062220
0 0.314899 0.385604 0.052757 0.052757
0 0.507195 0.381496 0.071945 0.071945
0 0.033223 0.414078 0.104277 0.104277
0 0.209578 0.625330 0.057104 0.057104
0 0.243156 0.294008 0.057104 0.057104
0 0.523777 0.975125 0.062220 0.062220
0 0.213653 0.371830 0.104277 0.104277
0 0.925715 0.683553 0.071945 0.071945
0 0.174780 0.491355 0.104277 0.104277
0 0.165234 0.272390 0.071945 0.071945
0 0.601757 0.800255 0.104277 0.104277
0 0.039403 0.213631 0.057104 0.057104
0 0.175054 0.901014 0.061131 0.061131
0 0.056190 0.896072 0.057104 0.057104
0 0.386724 0.416389 0.052757 0.052757
0 0.146610 0.165393 0.057104 0.057104
0 0.035349 0.824155 0.062220 0.062220
0 0.329612 0.154029 0.104277 0.104277
0 0.833032 0.805033 0.052757 0.052757
0 0.248391 0.916109 0.057104 0.057104
0 0.920272 0.066242 0.061131 0.061131
0 0.987782 0.992678 0.061131 0.061131
0 0.767379 0.107567 0.104277 0.104277
0 0.285428 0.073041 0.052757 0.052757
0 0.368999 0.708957 0.057104 0.057104
0 0.089761 0.617344 0.062220 0.062220
0 0.089935 0.544909 0.057104 0.057104
0 0.254317 0.145677 0.061130 0.061130
0 0.759807 0.800311 0.052757 0.052757
0 0.377660 0.088627 0.062220 0.062220
0 0.444170 0.123669 0.071945 0.071945
0 0.673277 0.047323 0.061130 0.061130
0 0.793479 0.665697 0.061130 0.061130
0 0.082163 0.270109 0.052757 0.052757
0 0.464960 0.685041 0.104277 0.104277
0 0.124938 0.808883 0.057104 0.057104
0 0.573792 0.234773 0.104277 0.104277
0 0.347343 0.230045 0.052757 0.052757
0 0.113589 0.952890 0.061130 0.061130
0 0.877685 0.460368 0.052757 0.052757
0 0.156352 0.059172 0.104277 0.104277
0 0.613076 0.405033 0.104277 0.104277
0 0.037678 0.693065 0.057104 0.057104