0 0.804410 0.739552 0.062220 0.062220
0 0.728967 0.966768 0.052757 0.052757
0 0.723237 0.203981 0.104277 0.104277
0 0.751295 0.613937 0.057103 0.057103
0 0.920348 0.861228 0.071945 0.071945
0 0.384895 0.587223 0.104277 0.104277
0 0.967596 0.923667 0.061130 0.061130
0 0.522641 0.659582 0.052757 0.052757
0 0.296365 0.941647 0.104278 0.104278
0 0.956100 0.364127 0.057104 0.057104
0 0.683415 0.436075 0.104277 0.104277
0 0.667457 0.878262 0.071945 0.071945
0 0.597212 0.871177 0.057104 0.057104
0 0.492176 0.369134 0.104277 0.104277
0 0.702812 0.300224 0.057104 0.057104
0 0.350011 0.390965 0.062220 0.062220
0 0.361676 0.281187 0.062220 0.062220
0 0.893865 0.519258 0.057104 0.057104
0 0.651382 0.249093 0.104277 0.104277
0 0.423321 0.427486 0.062220 0.062220
0 0.266222 0.422240 0.104278 0.104278
0 0.927029 0.280554 0.104277 0.104277
0 0.813888 0.561693 0.052757 0.052757
0 0.617743 0.118041 0.052757 0.052757
0 0.884804 0.101402 0.062220 0.062220
0 0.567063 0.585035 0.062220 0.062220
0 0.266410 0.532995 0.071945 0.071945
0 0.470554 0.043619 0.062220 0.062220
0 0.739129 0.364723 0.057104 0.057104
0 0.896283 0.613758 0.057104 0.057104
0 0.662428 0.779299 0.057104 0.057104
0 0.904144 0.781046 0.057104 0.057104
0 0.569783 0.956428 0.057104 0.057104
0 0.266474 0.184130 0.052757 0.052757
0 0.944673 0.443087 0.052757 0.052757
0 0.984421 0.081279 0.062220 0.062220
0 0.772710 0.895383 0.104277 0.104277
0 0.416012 0.159510 0.061130 0.061130
0 0.355328 0.725486 0.062220 0.062220
0 0.577267 0.788682 0.052757 0.052757
0 0.771968 0.800652 0.052757 0.052757
0 0.588879 0.719973 0.061130 0.061130
0 0.791946 0.004406 0.071945 0.071945
0 0.957332 0.714145 0.104277 0.104277
0 0.782612 0.240190 0.052757 0.052757
0 0.828554 0.451773 0.057104 0.057104
0 0.267380 0.077918 0.104277 0.104277
0 0.657833 0.634791 0.071945 0.071945
0 0.483423 0.128101 0.061130 0.061130
0 0.352597 0.107359 0.061130 0.061130
0 0.862720 0.963422 0.062220 0.062220
0 0.640632 0.375941 0.052757 0.052757
0 0.561537 0.067500 0.071945 0.071945
0 0.436994 0.497142 0.057104 0.057104
0 0.972996 0.587866 0.061130 0.061130
0 0.500524 0.240152 0.057104 0.057104
0 0.515030 0.748118 0.061130 0.061130
0 0.298979 0.251294 0.061130 0.061130
0 0.481642 0.585304 0.062220 0.062220
0 0.659460 0.983914 0.057104 0.057104
0 0.969968 0.992821 0.057104 0.057104
0 0.461656 0.926088 0.104277 0.104277
0 0.319627 0.017401 0.104278 0.104278
0 0.272132 0.729000 0.061130 0.061130
0 0.794436 0.314675 0.061130 0.061130
0 0.738287 0.134591 0.104277 0.104277
0 0.700988 0.005491 0.052757 0.052757
0 0.313348 0.657008 0.061130 0.061130
0 0.505047 0.507369 0.057104 0.057104
0 0.921487 0.039254 0.057104 0.057104
0 0.360580 0.872680 0.104277 0.104277
0 0.803872 0.163680 0.071945 0.071945
0 0.363415 0.514718 0.052757 0.052757
0 0.870745 0.698468 0.057104 0.057104
0 0.745503 0.688817 0.104277 0.104277
0 0.437028 0.287830 0.062220 0.062220
0 0.769630 0.493894 0.062220 0.062220
0 0.398962 0.662690 0.071945 0.071945
0 0.868823 0.188836 0.057104 0.057104
0 0.467812 0.849625 0.061130 0.061130
0 0.550900 0.417050 0.104277 0.104277
0 0.529123 0.001716 0.057104 0.057104
0 0.669441 0.552749 0.052757 0.052757
0 0.556302 0.297345 0.057104 0.057104
0 0.851877 0.885530 0.057104 0.057104
0 0.616692 0.478206 0.062220 0.062220
0 0.270882 0.818432 0.071945 0.071945
0 0.303433 0.336093 0.061130 0.061130
0 0.435834 0.785815 0.062220 0.062220