0 0.201720 0.601907 0.071945 0.071945
0 0.476841 0.569886 0.071945 0.071945
0 0.757219 0.310207 0.071945 0.071945
0 0.003333 0.447252 0.104277 0.104277
0 0.508969 0.685256 0.052757 0.052757
0 0.065821 0.171478 0.052757 0.052757
0 0.210404 0.972239 0.061130 0.061130
0 0.747252 0.792410 0.061131 0.061131
0 0.653129 0.908744 0.062220 0.062220
0 0.246118 0.358224 0.061130 0.061130
0 0.652396 0.483201 0.104277 0.104277
0 0.096468 0.868620 0.104277 0.104277
0 0.055329 0.990231 0.104277 0.104277
0 0.679119 0.097354 0.062220 0.062220
0 0.419062 0.320100 0.071945 0.071945
0 0.099869 0.621362 0.062220 0.062220
0 0.062493 0.367297 0.071945 0.071945
0 0.529284 0.931540 0.104277 0.104277
0 0.125222 0.793620 0.057104 0.057104
0 0.619392 0.646320 0.104277 0.104277
0 0.574531 0.837439 0.071945 0.071945
0 0.784589 0.730063 0.052757 0.052757
0 0.197909 0.192854 0.104277 0.104277
0 0.497770 0.438958 0.104277 0.104277
0 0.615549 0.250151 0.071945 0.071945
0 0.193569 0.776056 0.104277 0.104277
0 0.610783 0.990198 0.052757 0.052757
0 0.620296 0.181705 0.062220 0.062220
0 0.078922 0.717118 0.061130 0.061130
0 0.558252 0.377456 0.057104 0.057104
0 0.601219 0.551131 0.062220 0.062220
0 0.353961 0.678318 0.052757 0.052757
0 0.500969 0.309240 0.062220 0.062220
0 0.011719 0.895841 0.104277 0.104277
0 0.321178 0.865186 0.071945 0.071945
0 0.686618 0.281933 0.061130 0.061130
0 0.531182 0.780195 0.102474 0.102474
0 0.140366 0.443586 0.052757 0.052757
0 0.425518 0.772370 0.104277 0.104277
0 0.103024 0.309591 0.052757 0.052757
0 0.297499 0.061026 0.054783 0.054783
0 0.434342 0.506162 0.062220 0.062220
0 0.278029 0.581712 0.061131 0.061131
0 0.236422 0.510163 0.071945 0.071945
0 0.265601 0.173192 0.071945 0.071945
0 0.024623 0.628712 0.062220 0.062220
0 0.265861 0.244016 0.061130 0.061130
0 0.239568 0.833023 0.057104 0.057104
0 0.559357 0.061759 0.061131 0.061131
0 0.145881 0.069694 0.057104 0.057104
0 0.052290 0.786550 0.104277 0.104277
0 0.720864 0.539107 0.045227 0.045227
0 0.355252 0.587434 0.052757 0.052757
0 0.776106 0.022182 0.071945 0.071945
0 0.781488 0.160707 0.104278 0.104278
0 0.064798 0.546972 0.061130 0.061130
0 0.776529 0.442902 0.061130 0.061130
0 0.338361 0.794544 0.062220 0.062220
0 0.282784 0.974303 0.104277 0.104277
0 0.390014 0.161684 0.052757 0.052757
0 0.636046 0.034864 0.062220 0.062220
0 0.077691 0.240901 0.104277 0.104277
0 0.110877 0.937956 0.062220 0.062220
0 0.432878 0.401195 0.052757 0.052757
0 0.344925 0.453059 0.052757 0.052757
0 0.164462 0.519446 0.057104 0.057104
0 0.017522 0.038325 0.104277 0.104277
0 0.634935 0.386599 0.061131 0.061131
0 0.540572 0.250862 0.057104 0.057104
0 0.261726 0.900025 0.104277 0.104277
0 0.733690 0.885769 0.061131 0.061131
0 0.373859 0.047775 0.104277 0.104277
0 0.431947 0.679495 0.055027 0.055027
0 0.564139 0.480317 0.061131 0.061131
0 0.222638 0.708408 0.062220 0.062220
0 0.641976 0.783673 0.104277 0.104277
0 0.078005 0.474436 0.050559 0.050559
0 0.372227 0.972571 0.052757 0.052757
0 0.207144 0.417215 0.061130 0.061130
0 0.336415 0.237587 0.071945 0.071945
0 0.438402 0.091973 0.057104 0.057104
0 0.478448 0.149111 0.104277 0.104277
0 0.178628 0.865371 0.071945 0.071945
0 0.335215 0.332140 0.071945 0.071945
0 0.294677 0.721218 0.104277 0.104277
0 0.211377 0.027299 0.104277 0.104277
0 0.458687 0.865475 0.061130 0.061130
0 0.722058 0.400093 0.052757 0.052757
0 0.141860 0.146264 0.071945 0.071945
0 0.448124 0.240715 0.104277 0.104277
0 0.172567 0.284204 0.104277 0.104277
0 0.724333 0.206260 0.061131 0.061131
0 0.696715 0.732347 0.057104 0.057104
0 0.710665 0.656264 0.088662 0.088662