0 0.531467 0.324477 0.104277 0.104277
0 0.487919 0.112486 0.061130 0.061130
0 0.203927 0.532005 0.104278 0.104278
0 0.890864 0.074195 0.052757 0.052757
0 0.681757 0.322153 0.062220 0.062220
0 0.713404 0.074235 0.104277 0.104277
0 0.388690 0.074384 0.052757 0.052757
0 0.259583 0.969127 0.104277 0.104277
0 0.322071 0.693353 0.052757 0.052757
0 0.791268 0.120760 0.071945 0.071945
0 0.502368 0.880099 0.061130 0.061130
0 0.935369 0.619229 0.062220 0.062220
0 0.221365 0.642810 0.052757 0.052757
0 0.675312 0.841975 0.071945 0.071945
0 0.242436 0.814037 0.052757 0.052757
0 0.525591 0.239292 0.057104 0.057104
0 0.318743 0.889172 0.071945 0.071945
0 0.068344 0.894698 0.104277 0.104277
0 0.561453 0.425928 0.051819 0.051819
0 0.207619 0.102483 0.104277 0.104277
0 0.465597 0.039023 0.061131 0.061131
0 0.741601 0.369641 0.052757 0.052757
0 0.454159 0.714729 0.104277 0.104277
0 0.754020 0.960833 0.104277 0.104277
0 0.871799 0.772026 0.071945 0.071945
0 0.802877 0.318156 0.057103 0.057103
0 0.876546 0.703580 0.062220 0.062220
0 0.814502 0.899331 0.057104 0.057104
0 0.757219 0.831115 0.062220 0.062220
0 0.718493 0.157489 0.036679 0.036679
0 0.153773 0.443443 0.052757 0.052757
0 0.837531 0.435496 0.104277 0.104277
0 0.552255 0.088100 0.057104 0.057104
0 0.637294 0.496272 0.104277 0.104277
0 0.942868 0.803808 0.061130 0.061130
0 0.632431 0.422979 0.071945 0.071945
0 0.287023 0.040733 0.071945 0.071945
0 0.396616 0.965461 0.052757 0.052757
0 0.338902 0.435688 0.052757 0.052757
0 0.934862 0.450364 0.061131 0.061131
0 0.206640 0.888216 0.104277 0.104277
0 0.153937 0.749862 0.057104 0.057104
0 0.359274 0.831466 0.052757 0.052757
0 0.553749 0.582901 0.054783 0.054783
0 0.858676 0.143644 0.062220 0.062220
0 0.721301 0.516813 0.057103 0.057103
0 0.057105 0.973848 0.061130 0.061130
0 0.521851 0.695067 0.071945 0.071945
0 0.522111 0.765891 0.061130 0.061130
0 0.304975 0.356319 0.071945 0.071945
0 0.078652 0.561916 0.061130 0.061130
0 0.136654 0.676454 0.052757 0.052757
0 0.815607 0.583634 0.061131 0.061131
0 0.402131 0.591569 0.057104 0.057104
0 0.766785 0.451515 0.061131 0.061131
0 0.358242 0.007182 0.057104 0.057104
0 0.073348 0.396572 0.062220 0.062220
0 0.189009 0.225572 0.061130 0.061130
0 0.967339 0.304495 0.062220 0.062220
0 0.793458 0.048492 0.061130 0.061130
0 0.416326 0.469695 0.052757 0.052757
0 0.129121 0.827637 0.057104 0.057104
0 0.124321 0.127833 0.061130 0.061130
0 0.095395 0.056098 0.061130 0.061130
0 0.664794 0.012360 0.062220 0.062220
0 0.274075 0.182368 0.104277 0.104277
0 0.437480 0.280241 0.071945 0.071945
0 0.968943 0.517160 0.104278 0.104278
0 0.646264 0.683559 0.052757 0.052757
0 0.127775 0.333959 0.061130 0.061130
0 0.941923 0.159568 0.104277 0.104277
0 0.227868 0.426495 0.057104 0.057104
0 0.120017 0.250277 0.104277 0.104277
0 0.327469 0.504111 0.062220 0.062220
0 0.892296 0.556739 0.062220 0.062220
0 0.324636 0.230905 0.104277 0.104277
0 0.303541 0.118215 0.052757 0.052757
0 0.333941 0.762776 0.104277 0.104277
0 0.689128 0.923070 0.052757 0.052757
0 0.610457 0.157903 0.062220 0.062220
0 0.070228 0.638551 0.104277 0.104277
0 0.601175 0.974934 0.052757 0.052757
0 0.030874 0.492572 0.071945 0.071945
0 0.273772 0.560200 0.104277 0.104277
0 0.752668 0.240599 0.104277 0.104277
0 0.428605 0.364157 0.057104 0.057104
0 0.891185 0.908474 0.061131 0.061131
0 0.796822 0.772737 0.057104 0.057104
0 0.048548 0.221850 0.052757 0.052757
0 0.815857 0.507238 0.071945 0.071945
0 0.666120 0.205821 0.071945 0.071945
0 0.025445 0.128910 0.061130 0.061130
0 0.384474 0.186965 0.052757 0.052757
0 0.238780 0.338412 0.057104 0.057104
0 0.630109 0.569650 0.104277 0.104277
0 0.022349 0.288876 0.061130 0.061130
0 0.334255 0.996311 0.050559 0.050559
0 0.807015 0.195968 0.061131 0.061131
0 0.463394 0.939090 0.061130 0.061130
0 0.592665 0.759462 0.071945 0.071945
0 0.694652 0.613848 0.057104 0.057104
0 0.734698 0.670986 0.104277 0.104277
0 0.235897 0.731867 0.061131 0.061131
0 0.083004 0.773192 0.104277 0.104277
0 0.591465 0.854015 0.071945 0.071945
0 0.540190 0.514947 0.052757 0.052757
0 0.467627 0.549174 0.104277 0.104277
0 0.978308 0.921968 0.052757 0.052757
0 0.157909 0.601919 0.071945 0.071945
0 0.899683 0.232965 0.071945 0.071945
0 0.398110 0.668139 0.071945 0.071945
0 0.704374 0.762590 0.104277 0.104277
0 0.428817 0.806079 0.104277 0.104277
0 0.980583 0.728135 0.061131 0.061131
0 0.142294 0.001522 0.071945 0.071945
0 0.603076 0.285720 0.057104 0.057104
0 0.872827 0.368451 0.061131 0.061131