0 0.525217 0.568227 0.104277 0.104277
0 0.481669 0.356236 0.061130 0.061130
0 0.197677 0.775755 0.104278 0.104278
0 0.884614 0.317945 0.052757 0.052757
0 0.414762 0.216565 0.104277 0.104277
0 0.476588 0.125517 0.071945 0.071945
0 0.675507 0.565903 0.062220 0.062220
0 0.628401 0.111127 0.071945 0.071945
0 0.707154 0.317985 0.104277 0.104277
0 0.382440 0.318134 0.052757 0.052757
0 0.315821 0.937103 0.052757 0.052757
0 0.785018 0.364510 0.071945 0.071945
0 0.711787 0.001430 0.061131 0.061131
0 0.929119 0.862979 0.062220 0.062220
0 0.215115 0.886560 0.052757 0.052757
0 0.519341 0.483042 0.057104 0.057104
0 0.290534 0.161074 0.062220 0.062220
0 0.555203 0.669678 0.051819 0.051819
0 0.201369 0.346233 0.104277 0.104277
0 0.459347 0.282773 0.061131 0.061131
0 0.735351 0.613391 0.052757 0.052757
0 0.492481 0.035114 0.057104 0.057104
0 0.447909 0.958479 0.104277 0.104277
0 0.796627 0.561906 0.057103 0.057103
0 0.543563 0.243268 0.052757 0.052757
0 0.870296 0.947330 0.062220 0.062220
0 0.217605 0.072622 0.052757 0.052757
0 0.599770 0.179228 0.057104 0.057104
0 0.990319 0.131985 0.052757 0.052757
0 0.712243 0.401239 0.036679 0.036679
0 0.147523 0.687193 0.052757 0.052757
0 0.831281 0.679246 0.104277 0.104277
0 0.930232 0.092796 0.062221 0.062221
0 0.546005 0.331850 0.057104 0.057104
0 0.631044 0.740022 0.104277 0.104277
0 0.284805 0.008531 0.052757 0.052757
0 0.626181 0.666729 0.071945 0.071945
0 0.057921 0.157964 0.057104 0.057104
0 0.868777 0.128425 0.052757 0.052757
0 0.855883 0.196287 0.104277 0.104277
0 0.280773 0.284483 0.071945 0.071945
0 0.332652 0.679438 0.052757 0.052757
0 0.761521 0.219919 0.104277 0.104277
0 0.389868 0.090814 0.071945 0.071945
0 0.928612 0.694114 0.061131 0.061131
0 0.147687 0.993612 0.057104 0.057104
0 0.547499 0.826651 0.054783 0.054783
0 0.852426 0.387394 0.062220 0.062220
0 0.715051 0.760563 0.057103 0.057103
0 0.515601 0.938817 0.071945 0.071945
0 0.298725 0.600069 0.071945 0.071945
0 0.072402 0.805666 0.061130 0.061130
0 0.130404 0.920204 0.052757 0.052757
0 0.809357 0.827384 0.061131 0.061131
0 0.395881 0.835319 0.057104 0.057104
0 0.760535 0.695265 0.061131 0.061131
0 0.351992 0.250932 0.057104 0.057104
0 0.708448 0.161627 0.061130 0.061130
0 0.067098 0.640322 0.062220 0.062220
0 0.182759 0.469322 0.061130 0.061130
0 0.961089 0.548245 0.062220 0.062220
0 0.787208 0.292242 0.061130 0.061130
0 0.410076 0.713445 0.052757 0.052757
0 0.118071 0.371583 0.061130 0.061130
0 0.089145 0.299848 0.061130 0.061130
0 0.658544 0.256110 0.062220 0.062220
0 0.267825 0.426118 0.104277 0.104277
0 0.431230 0.523991 0.071945 0.071945
0 0.962693 0.760910 0.104278 0.104278
0 0.128628 0.037786 0.052757 0.052757
0 0.571976 0.027140 0.062220 0.062220
0 0.640014 0.927309 0.052757 0.052757
0 0.121525 0.577709 0.061130 0.061130
0 0.935673 0.403318 0.104277 0.104277
0 0.221618 0.670245 0.057104 0.057104
0 0.113767 0.494027 0.104277 0.104277
0 0.321219 0.747861 0.062220 0.062220
0 0.886046 0.800489 0.062220 0.062220
0 0.318386 0.474655 0.104277 0.104277
0 0.297291 0.361965 0.052757 0.052757
0 0.604207 0.401653 0.062220 0.062220
0 0.009650 0.235452 0.071945 0.071945
0 0.063978 0.882301 0.104277 0.104277
0 0.024624 0.736322 0.071945 0.071945
0 0.267522 0.803950 0.104277 0.104277
0 0.746418 0.484349 0.104277 0.104277
0 0.422355 0.607907 0.057104 0.057104
0 0.042298 0.465600 0.052757 0.052757
0 0.809607 0.750988 0.071945 0.071945
0 0.659870 0.449571 0.071945 0.071945
0 0.019195 0.372660 0.061130 0.061130
0 0.378224 0.430715 0.052757 0.052757
0 0.232530 0.582162 0.057104 0.057104
0 0.623859 0.813400 0.104277 0.104277
0 0.041843 0.017821 0.057104 0.057104
0 0.016099 0.532626 0.061130 0.061130
0 0.800765 0.439718 0.061131 0.061131
0 0.933040 0.227448 0.071945 0.071945
0 0.688402 0.857598 0.057104 0.057104
0 0.005951 0.092286 0.048997 0.048997
0 0.728448 0.914736 0.104277 0.104277
0 0.229647 0.975617 0.061131 0.061131
0 0.204959 0.238278 0.062220 0.062220
0 0.533940 0.758697 0.052757 0.052757
0 0.461377 0.792924 0.104277 0.104277
0 0.764751 0.048590 0.057104 0.057104
0 0.208536 0.148467 0.061131 0.061131
0 0.151659 0.845669 0.071945 0.071945
0 0.893433 0.476715 0.071945 0.071945
0 0.391860 0.911889 0.071945 0.071945
0 0.856926 0.058806 0.052757 0.052757
0 0.974333 0.971885 0.061131 0.061131
0 0.136044 0.245272 0.071945 0.071945
0 0.596826 0.529470 0.057104 0.057104
0 0.866577 0.612201 0.061131 0.061131