0 0.884592 0.274477 0.104277 0.104277
0 0.841044 0.062486 0.061130 0.061130
0 0.557052 0.482005 0.104278 0.104278
0 0.741815 0.024384 0.052757 0.052757
0 0.612708 0.919127 0.104277 0.104277
0 0.675196 0.643353 0.052757 0.052757
0 0.855493 0.830099 0.061130 0.061130
0 0.199729 0.634328 0.061130 0.061130
0 0.574490 0.592810 0.052757 0.052757
0 0.595561 0.764037 0.052757 0.052757
0 0.339112 0.912900 0.104277 0.104277
0 0.878716 0.189292 0.057104 0.057104
0 0.671868 0.839172 0.071945 0.071945
0 0.421469 0.844698 0.104277 0.104277
0 0.914578 0.375928 0.051819 0.051819
0 0.345636 0.813758 0.061130 0.061130
0 0.209697 0.398662 0.057104 0.057104
0 0.560744 0.052483 0.104277 0.104277
0 0.252707 0.711715 0.104277 0.104277
0 0.285556 0.185311 0.057104 0.057104
0 0.807284 0.664729 0.104277 0.104277
0 0.472577 0.990753 0.104277 0.104277
0 0.506898 0.393443 0.052757 0.052757
0 0.051193 0.484037 0.104277 0.104277
0 0.905380 0.038100 0.057104 0.057104
0 0.990419 0.446272 0.104277 0.104277
0 0.985556 0.372979 0.071945 0.071945
0 0.194579 0.553198 0.104277 0.104277
0 0.268059 0.951680 0.052757 0.052757
0 0.749741 0.915461 0.052757 0.052757
0 0.692027 0.385688 0.052757 0.052757
0 0.130534 0.635255 0.052757 0.052757
0 0.559765 0.838216 0.104277 0.104277
0 0.507062 0.699862 0.057104 0.057104
0 0.712399 0.781466 0.052757 0.052757
0 0.906874 0.532901 0.054783 0.054783
0 0.410230 0.923848 0.061130 0.061130
0 0.845797 0.982038 0.071945 0.071945
0 0.874976 0.645067 0.071945 0.071945
0 0.085061 0.854399 0.104278 0.104278
0 0.875236 0.715891 0.061130 0.061130
0 0.658100 0.306319 0.071945 0.071945
0 0.151910 0.832790 0.052757 0.052757
0 0.431777 0.511916 0.061130 0.061130
0 0.323130 0.410758 0.071945 0.071945
0 0.489779 0.626454 0.052757 0.052757
0 0.755256 0.541569 0.057104 0.057104
0 0.032963 0.292262 0.061130 0.061130
0 0.530326 0.952208 0.071945 0.071945
0 0.331878 0.133944 0.071945 0.071945
0 0.312034 0.579051 0.061130 0.061130
0 0.282703 0.495386 0.062220 0.062220
0 0.426473 0.346572 0.062220 0.062220
0 0.542134 0.175572 0.061130 0.061130
0 0.769451 0.419695 0.052757 0.052757
0 0.332072 0.741352 0.052757 0.052757
0 0.482246 0.777637 0.057104 0.057104
0 0.117789 0.955283 0.057104 0.057104
0 0.477446 0.077833 0.061130 0.061130
0 0.045064 0.921663 0.071945 0.071945
0 0.448520 0.006098 0.061130 0.061130
0 0.627200 0.132368 0.104277 0.104277
0 0.790605 0.230241 0.071945 0.071945
0 0.175945 0.997121 0.071945 0.071945
0 0.999389 0.633559 0.052757 0.052757
0 0.480900 0.283959 0.061130 0.061130
0 0.043163 0.017885 0.071945 0.071945
0 0.580993 0.376495 0.057104 0.057104
0 0.473142 0.200277 0.104277 0.104277
0 0.680594 0.454111 0.062220 0.062220
0 0.677761 0.180905 0.104277 0.104277
0 0.656666 0.068215 0.052757 0.052757
0 0.687066 0.712776 0.104277 0.104277
0 0.963582 0.107903 0.062220 0.062220
0 0.423353 0.588551 0.104277 0.104277
0 0.954300 0.924934 0.052757 0.052757
0 0.383999 0.442572 0.071945 0.071945
0 0.773837 0.991321 0.057104 0.057104
0 0.626897 0.510200 0.104277 0.104277
0 0.781730 0.314157 0.057104 0.057104
0 0.125065 0.506639 0.071945 0.071945
0 0.264937 0.350736 0.050932 0.050932
0 0.401673 0.171850 0.052757 0.052757
0 0.167810 0.118741 0.071945 0.071945
0 0.378570 0.078910 0.061130 0.061130
0 0.737599 0.136965 0.052757 0.052757
0 0.591905 0.288412 0.057104 0.057104
0 0.983234 0.519650 0.104277 0.104277
0 0.125394 0.405372 0.071945 0.071945
0 0.033031 0.168543 0.104277 0.104277
0 0.375474 0.238876 0.061130 0.061130
0 0.237839 0.082035 0.071945 0.071945
0 0.687380 0.946311 0.050559 0.050559
0 0.816519 0.889090 0.061130 0.061130
0 0.945790 0.709462 0.071945 0.071945
0 0.048505 0.613889 0.104277 0.104277
0 0.589022 0.681867 0.061131 0.061131
0 0.436129 0.723192 0.104277 0.104277
0 0.944590 0.804015 0.071945 0.071945
0 0.039011 0.390191 0.052757 0.052757
0 0.893315 0.464947 0.052757 0.052757
0 0.820752 0.499174 0.104277 0.104277
0 0.336266 0.335561 0.062220 0.062220
0 0.132021 0.313465 0.062220 0.062220
0 0.046410 0.704252 0.062220 0.062220
0 0.112920 0.739294 0.071945 0.071945
0 0.511034 0.551919 0.071945 0.071945
0 0.342027 0.662948 0.061130 0.061130
0 0.751235 0.618139 0.071945 0.071945
0 0.076874 0.228439 0.047555 0.047555
0 0.210974 0.253235 0.052757 0.052757
0 0.242542 0.850398 0.104277 0.104277
0 0.781942 0.756079 0.104277 0.104277
0 0.016093 0.845670 0.052757 0.052757
0 0.206694 0.471340 0.071945 0.071945
0 0.956201 0.235720 0.057104 0.057104
0 0.290924 0.261116 0.071945 0.071945