0 0.025558 0.866604 0.062220 0.062220
0 0.476720 0.389407 0.071945 0.071945
0 0.751841 0.357386 0.071945 0.071945
0 0.278333 0.234752 0.104277 0.104277
0 0.783969 0.472756 0.052757 0.052757
0 0.485404 0.759739 0.061130 0.061130
0 0.928129 0.696244 0.062220 0.062220
0 0.521118 0.145724 0.061130 0.061130
0 0.927396 0.270701 0.104277 0.104277
0 0.013312 0.315946 0.052757 0.052757
0 0.911485 0.866437 0.052757 0.052757
0 0.547531 0.867831 0.104277 0.104277
0 0.025004 0.402495 0.104277 0.104277
0 0.371468 0.656120 0.104277 0.104277
0 0.330329 0.777731 0.104277 0.104277
0 0.216845 0.819705 0.071945 0.071945
0 0.694062 0.107600 0.071945 0.071945
0 0.261186 0.079662 0.052757 0.052757
0 0.374869 0.408862 0.062220 0.062220
0 0.004737 0.228525 0.104277 0.104277
0 0.337493 0.154797 0.071945 0.071945
0 0.087094 0.160323 0.104277 0.104277
0 0.804284 0.719040 0.104277 0.104277
0 0.011261 0.129383 0.061130 0.061130
0 0.400222 0.581120 0.057104 0.057104
0 0.894392 0.433820 0.104277 0.104277
0 0.943742 0.976161 0.061130 0.061130
0 0.849531 0.624939 0.071945 0.071945
0 0.772770 0.226458 0.104277 0.104277
0 0.410346 0.935730 0.062220 0.062220
0 0.890549 0.037651 0.071945 0.071945
0 0.468569 0.563556 0.104277 0.104277
0 0.885783 0.777698 0.052757 0.052757
0 0.626231 0.860748 0.062220 0.062220
0 0.353922 0.504618 0.061130 0.061130
0 0.233227 0.546492 0.057104 0.057104
0 0.138202 0.306378 0.104277 0.104277
0 0.833252 0.164956 0.057104 0.057104
0 0.876219 0.338631 0.062220 0.062220
0 0.628961 0.465818 0.052757 0.052757
0 0.775969 0.096740 0.062220 0.062220
0 0.170743 0.653250 0.057104 0.057104
0 0.286719 0.683341 0.104277 0.104277
0 0.017488 0.479650 0.057104 0.057104
0 0.747704 0.853568 0.062220 0.062220
0 0.596178 0.652686 0.071945 0.071945
0 0.226156 0.892670 0.071945 0.071945
0 0.961618 0.069433 0.061130 0.061130
0 0.806182 0.567695 0.102474 0.102474
0 0.033405 0.937406 0.057104 0.057104
0 0.847071 0.924815 0.071945 0.071945
0 0.415366 0.231086 0.052757 0.052757
0 0.700518 0.559870 0.104277 0.104277
0 0.054034 0.615093 0.057104 0.057104
0 0.225390 0.153841 0.104277 0.104277
0 0.172687 0.015487 0.057104 0.057104
0 0.378024 0.097091 0.052757 0.052757
0 0.709342 0.293662 0.062220 0.062220
0 0.553029 0.369212 0.061131 0.061131
0 0.075855 0.239473 0.061130 0.061130
0 0.511422 0.297663 0.071945 0.071945
0 0.299623 0.416212 0.062220 0.062220
0 0.540861 0.031516 0.061130 0.061130
0 0.514568 0.620523 0.057104 0.057104
0 0.252264 0.757062 0.057104 0.057104
0 0.327290 0.574050 0.104277 0.104277
0 0.120424 0.800726 0.062220 0.062220
0 0.195951 0.267833 0.071945 0.071945
0 0.995864 0.326607 0.045227 0.045227
0 0.655172 0.926501 0.062220 0.062220
0 0.630252 0.374934 0.052757 0.052757
0 0.339798 0.334472 0.061130 0.061130
0 0.147871 0.093262 0.057104 0.057104
0 0.613361 0.582044 0.062220 0.062220
0 0.146812 0.928663 0.061130 0.061130
0 0.557784 0.761803 0.104277 0.104277
0 0.150336 0.523781 0.062220 0.062220
0 0.127681 0.377637 0.071945 0.071945
0 0.285235 0.843815 0.062220 0.062220
0 0.469779 0.989533 0.052757 0.052757
0 0.741766 0.951469 0.052757 0.052757
0 0.352691 0.028401 0.104277 0.104277
0 0.385877 0.725456 0.062220 0.062220
0 0.707878 0.188695 0.052757 0.052757
0 0.260090 0.614803 0.071945 0.071945
0 0.619925 0.240559 0.052757 0.052757
0 0.561401 0.937363 0.061131 0.061131
0 0.439462 0.306946 0.057104 0.057104
0 0.909935 0.174099 0.061131 0.061131
0 0.815572 0.038362 0.057104 0.057104
0 0.536726 0.687525 0.104277 0.104277
0 0.974944 0.824354 0.062221 0.062221
0 0.810842 0.824636 0.052757 0.052757
0 0.706947 0.466995 0.055027 0.055027
0 0.839139 0.267817 0.061131 0.061131
0 0.497638 0.495908 0.062220 0.062220
0 0.916976 0.571173 0.104277 0.104277
0 0.353005 0.261936 0.050559 0.050559
0 0.647227 0.760071 0.052757 0.052757
0 0.482144 0.204715 0.061130 0.061130
0 0.611415 0.025087 0.071945 0.071945
0 0.167407 0.736283 0.052757 0.052757
0 0.453628 0.652871 0.071945 0.071945
0 0.322157 0.923928 0.061131 0.061131
0 0.101754 0.038817 0.104277 0.104277
0 0.610215 0.119640 0.071945 0.071945
0 0.569677 0.508718 0.104277 0.104277
0 0.733687 0.652975 0.061130 0.061130
0 0.412178 0.852981 0.104277 0.104277
0 0.094182 0.731561 0.052757 0.052757
0 0.997058 0.187593 0.052757 0.052757
0 0.127854 0.596947 0.061130 0.061130
0 0.723124 0.028215 0.104277 0.104277
0 0.447567 0.071704 0.104277 0.104277
0 0.212060 0.391618 0.052757 0.052757
0 0.971715 0.519847 0.057104 0.057104
0 0.985665 0.443764 0.088662 0.088662