0 0.141183 0.600979 0.062220 0.062220
0 0.102957 0.406955 0.062220 0.062220
0 0.592345 0.123782 0.071945 0.071945
0 0.793889 0.734433 0.052757 0.052757
0 0.867466 0.091761 0.071945 0.071945
0 0.899594 0.207131 0.052757 0.052757
0 0.601029 0.494114 0.061130 0.061130
0 0.128937 0.050321 0.052757 0.052757
0 0.663156 0.602206 0.104277 0.104277
0 0.140629 0.136870 0.104277 0.104277
0 0.487093 0.390495 0.104277 0.104277
0 0.445954 0.512106 0.104277 0.104277
0 0.332470 0.554080 0.071945 0.071945
0 0.490494 0.143237 0.062220 0.062220
0 0.919909 0.453415 0.104277 0.104277
0 0.515847 0.315495 0.057104 0.057104
0 0.965156 0.359314 0.071945 0.071945
0 0.525971 0.670105 0.062220 0.062220
0 0.584194 0.297931 0.104277 0.104277
0 0.741856 0.595123 0.062220 0.062220
0 0.469547 0.238993 0.061130 0.061130
0 0.348852 0.280867 0.057104 0.057104
0 0.253827 0.040753 0.104277 0.104277
0 0.038603 0.760476 0.062220 0.062220
0 0.010380 0.180357 0.061130 0.061130
0 0.091224 0.305815 0.062220 0.062220
0 0.991844 0.073006 0.062220 0.062220
0 0.744586 0.200193 0.052757 0.052757
0 0.286368 0.387625 0.057104 0.057104
0 0.402344 0.417716 0.104277 0.104277
0 0.196433 0.743771 0.071945 0.071945
0 0.133113 0.214025 0.057104 0.057104
0 0.863329 0.587943 0.062220 0.062220
0 0.711803 0.387061 0.071945 0.071945
0 0.341781 0.627045 0.071945 0.071945
0 0.049309 0.001680 0.052757 0.052757
0 0.921807 0.302070 0.102474 0.102474
0 0.149030 0.671781 0.057104 0.057104
0 0.962696 0.659190 0.071945 0.071945
0 0.816143 0.294245 0.104277 0.104277
0 0.169659 0.349468 0.057104 0.057104
0 0.864546 0.758984 0.104277 0.104277
0 0.824967 0.028037 0.062220 0.062220
0 0.668654 0.103587 0.061131 0.061131
0 0.112874 0.751434 0.052757 0.052757
0 0.627047 0.032038 0.071945 0.071945
0 0.415248 0.150587 0.062220 0.062220
0 0.949193 0.755871 0.104277 0.104277
0 0.630193 0.354898 0.057104 0.057104
0 0.367889 0.491437 0.057104 0.057104
0 0.442915 0.308425 0.104277 0.104277
0 0.072179 0.642795 0.050891 0.050891
0 0.236049 0.535101 0.062220 0.062220
0 0.311576 0.002208 0.071945 0.071945
0 0.356868 0.744167 0.057104 0.057104
0 0.770797 0.660876 0.062220 0.062220
0 0.745877 0.109309 0.052757 0.052757
0 0.004830 0.567941 0.062220 0.062220
0 0.100589 0.533860 0.104277 0.104277
0 0.455423 0.068847 0.061130 0.061130
0 0.725548 0.759447 0.052757 0.052757
0 0.728986 0.316419 0.062220 0.062220
0 0.262437 0.663038 0.061130 0.061130
0 0.673409 0.496178 0.104277 0.104277
0 0.265961 0.258156 0.062220 0.062220
0 0.243306 0.112012 0.071945 0.071945
0 0.400860 0.578190 0.062220 0.062220
0 0.585404 0.723908 0.052757 0.052757
0 0.857391 0.685844 0.052757 0.052757
0 0.272015 0.766388 0.062220 0.062220
0 0.501502 0.459831 0.062220 0.062220
0 0.375715 0.349178 0.071945 0.071945
0 0.677026 0.671738 0.061131 0.061131
0 0.555087 0.041321 0.057104 0.057104
0 0.051757 0.465880 0.104277 0.104277
0 0.652351 0.421900 0.104277 0.104277
0 0.926467 0.559011 0.052757 0.052757
0 0.822572 0.201370 0.055027 0.055027
0 0.954764 0.002192 0.061131 0.061131
0 0.613263 0.230283 0.062220 0.062220
0 0.495789 0.754818 0.061130 0.061130
0 0.641007 0.772953 0.062220 0.062220
0 0.762852 0.494446 0.052757 0.052757
0 0.283032 0.470658 0.052757 0.052757
0 0.569253 0.387246 0.071945 0.071945
0 0.437782 0.658303 0.061131 0.061131
0 0.685302 0.243093 0.104277 0.104277
0 0.849312 0.387350 0.061130 0.061130
0 0.527803 0.587356 0.104277 0.104277
0 0.209807 0.465936 0.052757 0.052757
0 0.243479 0.331322 0.061130 0.061130
0 0.327685 0.125993 0.052757 0.052757
0 0.063076 0.070658 0.104277 0.104277