0 0.983512 0.785315 0.104277 0.104277
0 0.951190 0.886884 0.052757 0.052757
0 0.989221 0.557368 0.104277 0.104277
0 0.495386 0.839981 0.052757 0.052757
0 0.445035 0.333302 0.062220 0.062220
0 0.859284 0.729824 0.062220 0.062220
0 0.770119 0.914983 0.104277 0.104277
0 0.369592 0.560518 0.052757 0.052757
0 0.391920 0.207687 0.057103 0.057103
0 0.560973 0.454978 0.071945 0.071945
0 0.025520 0.180973 0.104277 0.104277
0 0.608221 0.517417 0.061130 0.061130
0 0.163266 0.253332 0.052757 0.052757
0 0.786355 0.641372 0.052757 0.052757
0 0.911343 0.257256 0.061131 0.061131
0 0.539740 0.730457 0.057104 0.057104
0 0.853555 0.577281 0.052757 0.052757
0 0.626671 0.726714 0.057104 0.057104
0 0.849523 0.853233 0.071945 0.071945
0 0.846469 0.178563 0.062220 0.062220
0 0.958618 0.659564 0.071945 0.071945
0 0.324040 0.029825 0.104277 0.104277
0 0.308082 0.472012 0.071945 0.071945
0 0.237837 0.464927 0.057104 0.057104
0 0.505890 0.630919 0.057104 0.057104
0 0.534490 0.113008 0.057104 0.057104
0 0.920742 0.819682 0.057104 0.057104
0 0.052514 0.972133 0.071945 0.071945
0 0.063946 0.021236 0.062220 0.062220
0 0.045580 0.901677 0.071945 0.071945
0 0.653079 0.395110 0.061130 0.061130
0 0.541253 0.996444 0.071945 0.071945
0 0.454513 0.155443 0.052757 0.052757
0 0.241369 0.798687 0.071945 0.071945
0 0.207688 0.178785 0.062220 0.062220
0 0.943848 0.007981 0.071945 0.071945
0 0.925216 0.459400 0.104277 0.104277
0 0.686821 0.940333 0.061130 0.061130
0 0.657895 0.868598 0.061130 0.061130
0 0.536908 0.207508 0.057104 0.057104
0 0.439013 0.594871 0.104277 0.104277
0 0.303053 0.373049 0.057104 0.057104
0 0.544769 0.374796 0.057104 0.057104
0 0.210408 0.550178 0.057104 0.057104
0 0.585298 0.036837 0.052757 0.052757
0 0.656489 0.105918 0.104277 0.104277
0 0.836575 0.994868 0.104277 0.104277
0 0.413335 0.489133 0.104277 0.104277
0 0.697378 0.606536 0.052757 0.052757
0 0.428428 0.681433 0.104277 0.104277
0 0.252538 0.880385 0.071945 0.071945
0 0.217892 0.382432 0.052757 0.052757
0 0.957656 0.142395 0.061131 0.061131
0 0.412593 0.394402 0.052757 0.052757
0 0.229504 0.313723 0.061130 0.061130
0 0.371825 0.831516 0.052757 0.052757
0 0.597957 0.307895 0.104277 0.104277
0 0.866041 0.930715 0.052757 0.052757
0 0.203789 0.962610 0.052757 0.052757
0 0.733266 0.191092 0.061130 0.061130
0 0.469179 0.045523 0.057104 0.057104
0 0.298458 0.228541 0.071945 0.071945
0 0.815752 0.088880 0.104277 0.104277
0 0.136472 0.641164 0.061130 0.061130
0 0.578400 0.804202 0.071945 0.071945
0 0.503345 0.557172 0.062220 0.062220
0 0.127566 0.835043 0.061130 0.061130
0 0.817677 0.496869 0.052757 0.052757
0 0.810444 0.267206 0.062220 0.062220
0 0.464277 0.762869 0.104277 0.104277
0 0.014098 0.705315 0.061130 0.061130
0 0.077619 0.090892 0.057104 0.057104
0 0.613621 0.181616 0.061130 0.061130
0 0.775209 0.330824 0.104278 0.104278
0 0.377185 0.981241 0.071945 0.071945
0 0.587945 0.941410 0.061130 0.061130
0 0.163547 0.905869 0.062220 0.062220
0 0.946974 0.999465 0.052757 0.052757
0 0.155655 0.341868 0.061130 0.061130
0 0.122267 0.179054 0.062220 0.062220
0 0.300085 0.577664 0.057104 0.057104
0 0.610593 0.586571 0.057104 0.057104
0 0.029576 0.624727 0.057104 0.057104
0 0.102281 0.519838 0.104277 0.104277
0 0.832227 0.396735 0.062220 0.062220
0 0.710784 0.511311 0.057104 0.057104
0 0.447214 0.944535 0.071945 0.071945
0 0.299849 0.655773 0.061130 0.061130
0 0.229686 0.643052 0.062220 0.062220
0 0.574701 0.661036 0.048997 0.048997
0 0.864147 0.329106 0.071945 0.071945
0 0.145672 0.101119 0.057104 0.057104
0 0.777727 0.565667 0.062220 0.062220
0 0.001205 0.466430 0.104277 0.104277
0 0.004040 0.108468 0.052757 0.052757
0 0.511370 0.292218 0.057104 0.057104
0 0.709786 0.288904 0.104277 0.104277
0 0.386128 0.282567 0.104277 0.104277
0 0.773709 0.807028 0.062220 0.062220
0 0.904348 0.386032 0.052757 0.052757
0 0.715819 0.056785 0.061130 0.061130
0 0.007193 0.782549 0.057104 0.057104
0 0.777286 0.717217 0.061131 0.061131
0 0.892800 0.098806 0.071945 0.071945
0 0.198247 0.727592 0.071945 0.071945
0 0.410255 0.087644 0.062220 0.062220
0 0.039587 0.256440 0.071945 0.071945
0 0.352060 0.755413 0.104277 0.104277
0 0.118186 0.720516 0.071945 0.071945
0 0.108437 0.443375 0.061130 0.061130
0 0.191525 0.010800 0.104277 0.104277
0 0.310066 0.146499 0.052757 0.052757
0 0.492502 0.479280 0.057104 0.057104
0 0.257317 0.071956 0.062220 0.062220
0 0.704794 0.814022 0.071945 0.071945
0 0.076459 0.379565 0.062220 0.062220
0 0.993157 0.272415 0.061131 0.061131