0 0.109933 0.538479 0.062220 0.062220
0 0.071707 0.344455 0.062220 0.062220
0 0.561095 0.061282 0.071945 0.071945
0 0.762639 0.671933 0.052757 0.052757
0 0.836216 0.029261 0.071945 0.071945
0 0.868344 0.144631 0.052757 0.052757
0 0.569779 0.431614 0.061130 0.061130
0 0.995860 0.538312 0.052757 0.052757
0 0.631906 0.539706 0.104277 0.104277
0 0.109379 0.074370 0.104277 0.104277
0 0.455843 0.327995 0.104277 0.104277
0 0.414704 0.449606 0.104277 0.104277
0 0.301220 0.491580 0.071945 0.071945
0 0.459244 0.080737 0.062220 0.062220
0 0.888659 0.390915 0.104277 0.104277
0 0.484597 0.252995 0.057104 0.057104
0 0.978767 0.105695 0.104277 0.104277
0 0.999674 0.719016 0.104277 0.104277
0 0.933906 0.296814 0.071945 0.071945
0 0.494721 0.607605 0.062220 0.062220
0 0.552944 0.235431 0.104277 0.104277
0 0.970158 0.449573 0.052757 0.052757
0 0.710606 0.532623 0.062220 0.062220
0 0.438297 0.176493 0.061130 0.061130
0 0.317602 0.218367 0.057104 0.057104
0 0.007353 0.697976 0.062220 0.062220
0 0.059974 0.243315 0.062220 0.062220
0 0.960594 0.010506 0.062220 0.062220
0 0.713336 0.137693 0.052757 0.052757
0 0.255118 0.325125 0.057104 0.057104
0 0.371094 0.355216 0.104277 0.104277
0 0.165183 0.681271 0.071945 0.071945
0 0.101863 0.151525 0.057104 0.057104
0 0.832079 0.525443 0.062220 0.062220
0 0.680553 0.324561 0.071945 0.071945
0 0.310531 0.564545 0.071945 0.071945
0 0.890557 0.239570 0.102474 0.102474
0 0.117780 0.609281 0.057104 0.057104
0 0.931446 0.596690 0.071945 0.071945
0 0.784893 0.231745 0.104277 0.104277
0 0.138409 0.286968 0.057104 0.057104
0 0.833296 0.696484 0.104277 0.104277
0 0.637404 0.041087 0.061131 0.061131
0 0.081624 0.688934 0.052757 0.052757
0 0.383998 0.088087 0.062220 0.062220
0 0.917943 0.693371 0.104277 0.104277
0 0.598943 0.292398 0.057104 0.057104
0 0.336639 0.428937 0.057104 0.057104
0 0.411665 0.245925 0.104277 0.104277
0 0.040929 0.580295 0.050891 0.050891
0 0.204799 0.472601 0.062220 0.062220
0 0.325618 0.681667 0.057104 0.057104
0 0.739547 0.598376 0.062220 0.062220
0 0.714627 0.046809 0.052757 0.052757
0 0.069339 0.471360 0.104277 0.104277
0 0.424173 0.006347 0.061130 0.061130
0 0.694298 0.696947 0.052757 0.052757
0 0.697736 0.253919 0.062220 0.062220
0 0.231187 0.600538 0.061130 0.061130
0 0.642159 0.433678 0.104277 0.104277
0 0.234711 0.195656 0.062220 0.062220
0 0.212056 0.049512 0.071945 0.071945
0 0.369610 0.515690 0.062220 0.062220
0 0.554154 0.661408 0.052757 0.052757
0 0.826141 0.623344 0.052757 0.052757
0 0.240765 0.703888 0.062220 0.062220
0 0.470252 0.397331 0.062220 0.062220
0 0.344465 0.286678 0.071945 0.071945
0 0.645776 0.609238 0.061131 0.061131
0 0.020507 0.403380 0.104277 0.104277
0 0.621101 0.359400 0.104277 0.104277
0 0.895217 0.496511 0.052757 0.052757
0 0.791322 0.138870 0.055027 0.055027
0 0.582013 0.167783 0.062220 0.062220
0 0.464539 0.692318 0.061130 0.061130
0 0.609757 0.710453 0.062220 0.062220
0 0.731602 0.431946 0.052757 0.052757
0 0.251782 0.408158 0.052757 0.052757
0 0.538003 0.324746 0.071945 0.071945
0 0.406532 0.595803 0.061131 0.061131
0 0.654052 0.180593 0.104277 0.104277
0 0.818062 0.324850 0.061130 0.061130
0 0.496553 0.524856 0.104277 0.104277
0 0.178557 0.403436 0.052757 0.052757
0 0.212229 0.268822 0.061130 0.061130
0 0.296435 0.063493 0.052757 0.052757
0 0.031826 0.008158 0.104277 0.104277