0 0.207970 0.242532 0.071945 0.071945
0 0.770509 0.749234 0.104277 0.104277
0 0.409514 0.853183 0.052757 0.052757
0 0.483091 0.210511 0.071945 0.071945
0 0.009583 0.087877 0.104277 0.104277
0 0.515219 0.325881 0.052757 0.052757
0 0.216654 0.612864 0.061130 0.061130
0 0.753502 0.433035 0.061131 0.061131
0 0.659379 0.549369 0.062220 0.062220
0 0.658646 0.123826 0.104277 0.104277
0 0.642735 0.719562 0.052757 0.052757
0 0.278781 0.720956 0.104277 0.104277
0 0.800557 0.841687 0.052757 0.052757
0 0.102718 0.509245 0.104277 0.104277
0 0.061579 0.630856 0.104277 0.104277
0 0.106119 0.261987 0.062220 0.062220
0 0.068743 0.007922 0.071945 0.071945
0 0.535534 0.572165 0.104277 0.104277
0 0.131472 0.434245 0.057104 0.057104
0 0.625642 0.286945 0.104277 0.104277
0 0.674992 0.829286 0.061130 0.061130
0 0.646549 0.900266 0.104277 0.104277
0 0.580781 0.478064 0.071945 0.071945
0 0.790839 0.370688 0.052757 0.052757
0 0.504020 0.079583 0.104277 0.104277
0 0.141596 0.788855 0.062220 0.062220
0 0.199819 0.416681 0.104277 0.104277
0 0.617033 0.630823 0.052757 0.052757
0 0.357481 0.713873 0.062220 0.062220
0 0.085172 0.357743 0.061130 0.061130
0 0.564502 0.018081 0.057104 0.057104
0 0.607469 0.191756 0.062220 0.062220
0 0.360211 0.318943 0.052757 0.052757
0 0.017969 0.536466 0.104277 0.104277
0 0.478954 0.706693 0.062220 0.062220
0 0.327428 0.505811 0.071945 0.071945
0 0.537432 0.420820 0.102474 0.102474
0 0.578321 0.777940 0.071945 0.071945
0 0.146616 0.084211 0.052757 0.052757
0 0.431768 0.412995 0.104277 0.104277
0 0.480171 0.877734 0.104277 0.104277
0 0.440592 0.146787 0.062220 0.062220
0 0.284279 0.222337 0.061131 0.061131
0 0.242672 0.150788 0.071945 0.071945
0 0.030873 0.269337 0.062220 0.062220
0 0.564818 0.874621 0.104277 0.104277
0 0.245818 0.473648 0.057104 0.057104
0 0.058540 0.427175 0.104277 0.104277
0 0.727114 0.179732 0.045227 0.045227
0 0.386422 0.779626 0.062220 0.062220
0 0.361502 0.228059 0.052757 0.052757
0 0.071048 0.187597 0.061130 0.061130
0 0.782779 0.083527 0.061130 0.061130
0 0.341173 0.878197 0.052757 0.052757
0 0.344611 0.435169 0.062220 0.062220
0 0.289034 0.614928 0.104277 0.104277
0 0.016485 0.696940 0.062220 0.062220
0 0.201029 0.842658 0.052757 0.052757
0 0.473016 0.804594 0.052757 0.052757
0 0.117127 0.578581 0.062220 0.062220
0 0.439128 0.041820 0.052757 0.052757
0 0.351175 0.093684 0.052757 0.052757
0 0.774368 0.650382 0.061131 0.061131
0 0.292651 0.790488 0.061131 0.061131
0 0.170712 0.160071 0.057104 0.057104
0 0.641185 0.027224 0.061131 0.061131
0 0.267976 0.540650 0.104277 0.104277
0 0.739940 0.526394 0.061131 0.061131
0 0.706194 0.677479 0.062221 0.062221
0 0.542092 0.677761 0.052757 0.052757
0 0.438197 0.320120 0.055027 0.055027
0 0.570389 0.120942 0.061131 0.061131
0 0.228888 0.349033 0.062220 0.062220
0 0.111414 0.873568 0.061130 0.061130
0 0.648226 0.424298 0.104277 0.104277
0 0.256632 0.891703 0.062220 0.062220
0 0.084255 0.115061 0.050559 0.050559
0 0.378477 0.613196 0.052757 0.052757
0 0.213394 0.057840 0.061130 0.061130
0 0.184878 0.505996 0.071945 0.071945
0 0.053407 0.777053 0.061131 0.061131
0 0.300927 0.361843 0.104277 0.104277
0 0.464937 0.506100 0.061130 0.061130
0 0.143428 0.706106 0.104277 0.104277
0 0.728308 0.040718 0.052757 0.052757
0 0.702965 0.372972 0.057104 0.057104
0 0.716915 0.296889 0.088662 0.088662