0 0.716427 0.597630 0.104278 0.104278
0 0.933512 0.038440 0.104277 0.104277
0 0.901190 0.140009 0.052757 0.052757
0 0.834571 0.758978 0.052757 0.052757
0 0.445386 0.093106 0.052757 0.052757
0 0.359104 0.749953 0.061130 0.061130
0 0.733865 0.708435 0.052757 0.052757
0 0.754936 0.879662 0.052757 0.052757
0 0.831243 0.954797 0.071945 0.071945
0 0.580844 0.960323 0.104277 0.104277
0 0.505011 0.929383 0.061130 0.061130
0 0.369072 0.514287 0.057104 0.057104
0 0.720119 0.168108 0.104277 0.104277
0 0.978097 0.104648 0.061131 0.061131
0 0.412082 0.827340 0.104277 0.104277
0 0.444931 0.300936 0.057104 0.057104
0 0.966659 0.780354 0.104277 0.104277
0 0.084539 0.956674 0.061130 0.061130
0 0.666273 0.509068 0.052757 0.052757
0 0.071963 0.495140 0.071945 0.071945
0 0.210568 0.599662 0.104277 0.104277
0 0.130999 0.668586 0.052757 0.052757
0 0.353954 0.668823 0.104277 0.104277
0 0.799523 0.106358 0.071945 0.071945
0 0.851402 0.501313 0.052757 0.052757
0 0.043567 0.662784 0.052757 0.052757
0 0.289909 0.750880 0.052757 0.052757
0 0.719140 0.953841 0.104277 0.104277
0 0.666437 0.815487 0.057104 0.057104
0 0.871774 0.897091 0.052757 0.052757
0 0.244436 0.970024 0.104278 0.104278
0 0.817475 0.421944 0.071945 0.071945
0 0.311285 0.948415 0.052757 0.052757
0 0.591152 0.627541 0.061130 0.061130
0 0.482505 0.526383 0.071945 0.071945
0 0.649154 0.742079 0.052757 0.052757
0 0.914631 0.657194 0.057104 0.057104
0 0.870742 0.072807 0.057104 0.057104
0 0.002514 0.225258 0.071945 0.071945
0 0.192338 0.407887 0.061130 0.061130
0 0.491253 0.249569 0.071945 0.071945
0 0.471409 0.694676 0.061130 0.061130
0 0.442078 0.611011 0.062220 0.062220
0 0.585848 0.462197 0.062220 0.062220
0 0.701509 0.291197 0.061130 0.061130
0 0.928826 0.535320 0.052757 0.052757
0 0.491447 0.856977 0.052757 0.052757
0 0.641621 0.893262 0.057104 0.057104
0 0.191369 0.051812 0.071945 0.071945
0 0.145206 0.557665 0.104277 0.104277
0 0.636821 0.193458 0.061130 0.061130
0 0.607895 0.121723 0.061130 0.061130
0 0.786575 0.247993 0.104277 0.104277
0 0.949980 0.345866 0.071945 0.071945
0 0.640275 0.399584 0.061130 0.061130
0 0.202538 0.133510 0.071945 0.071945
0 0.740368 0.492120 0.057104 0.057104
0 0.632517 0.315902 0.104277 0.104277
0 0.839969 0.569736 0.062220 0.062220
0 0.837136 0.296530 0.104277 0.104277
0 0.321825 0.084641 0.052757 0.052757
0 0.816041 0.183840 0.052757 0.052757
0 0.153789 0.215735 0.052757 0.052757
0 0.846441 0.828401 0.104277 0.104277
0 0.528400 0.057327 0.071945 0.071945
0 0.582728 0.704176 0.104277 0.104277
0 0.077566 0.088168 0.061130 0.061130
0 0.543374 0.558197 0.071945 0.071945
0 0.085516 0.409323 0.104277 0.104277
0 0.786272 0.625825 0.104277 0.104277
0 0.414277 0.015994 0.104277 0.104277
0 0.941105 0.429782 0.057104 0.057104
0 0.284440 0.622264 0.071945 0.071945
0 0.424312 0.466361 0.050932 0.050932
0 0.561048 0.287475 0.052757 0.052757
0 0.036423 0.320193 0.057104 0.057104
0 0.327185 0.234366 0.071945 0.071945
0 0.537945 0.194535 0.061130 0.061130
0 0.113547 0.158994 0.062220 0.062220
0 0.896974 0.252590 0.052757 0.052757
0 0.751280 0.404037 0.057104 0.057104
0 0.284769 0.520997 0.071945 0.071945
0 0.192406 0.284168 0.104277 0.104277
0 0.534849 0.354501 0.061130 0.061130
0 0.397214 0.197660 0.071945 0.071945
0 0.157737 0.885279 0.104277 0.104277
0 0.207880 0.729514 0.104277 0.104277
0 0.748397 0.797492 0.061131 0.061131
0 0.595504 0.838817 0.104277 0.104277
0 0.198386 0.505816 0.052757 0.052757
0 0.723709 0.060153 0.062220 0.062220
0 0.980127 0.614799 0.104277 0.104277
0 0.495641 0.451186 0.062220 0.062220
0 0.291396 0.429090 0.062220 0.062220
0 0.113553 0.804291 0.052757 0.052757
0 0.082442 0.876927 0.061130 0.061130
0 0.302060 0.008538 0.104277 0.104277
0 0.205785 0.819877 0.062220 0.062220
0 0.272295 0.854919 0.071945 0.071945
0 0.670409 0.667544 0.071945 0.071945
0 0.501402 0.778573 0.061130 0.061130
0 0.141164 0.339095 0.071945 0.071945
0 0.910610 0.733764 0.071945 0.071945
0 0.236249 0.344064 0.047555 0.047555
0 0.370349 0.368860 0.052757 0.052757
0 0.401917 0.966023 0.104277 0.104277
0 0.941317 0.871704 0.104277 0.104277
0 0.175468 0.961295 0.052757 0.052757
0 0.000766 0.467865 0.057103 0.057103
0 0.654794 0.067147 0.071945 0.071945
0 0.366069 0.586965 0.071945 0.071945
0 0.450299 0.376741 0.071945 0.071945