0 0.989221 0.904243 0.104277 0.104277
0 0.445035 0.680177 0.062220 0.062220
0 0.369592 0.907393 0.052757 0.052757
0 0.363862 0.144606 0.104277 0.104277
0 0.391920 0.554562 0.057103 0.057103
0 0.560973 0.801853 0.071945 0.071945
0 0.025520 0.527848 0.104277 0.104277
0 0.608221 0.864292 0.061130 0.061130
0 0.163266 0.600207 0.052757 0.052757
0 0.786355 0.988247 0.052757 0.052757
0 0.911343 0.604131 0.061131 0.061131
0 0.853555 0.924156 0.052757 0.052757
0 0.596725 0.304752 0.057104 0.057104
0 0.846469 0.525438 0.062220 0.062220
0 0.324040 0.376700 0.104277 0.104277
0 0.308082 0.818887 0.071945 0.071945
0 0.237837 0.811802 0.057104 0.057104
0 0.818353 0.209472 0.061131 0.061131
0 0.132801 0.309759 0.104277 0.104277
0 0.505890 0.977794 0.057104 0.057104
0 0.343437 0.240849 0.057104 0.057104
0 0.002301 0.221812 0.062220 0.062220
0 0.534490 0.459883 0.057104 0.057104
0 0.292007 0.189718 0.104277 0.104277
0 0.881765 0.105942 0.071945 0.071945
0 0.063946 0.368111 0.062220 0.062220
0 0.653079 0.741985 0.061130 0.061130
0 0.567654 0.221179 0.104277 0.104277
0 0.454513 0.502318 0.052757 0.052757
0 0.258368 0.058666 0.052757 0.052757
0 0.732816 0.040243 0.104277 0.104277
0 0.525429 0.042027 0.062220 0.062220
0 0.207688 0.525660 0.062220 0.062220
0 0.943848 0.354856 0.071945 0.071945
0 0.925216 0.806275 0.104277 0.104277
0 0.379754 0.305348 0.057104 0.057104
0 0.536908 0.554383 0.057104 0.057104
0 0.439013 0.941746 0.104277 0.104277
0 0.303053 0.719924 0.057104 0.057104
0 0.544769 0.721671 0.057104 0.057104
0 0.210408 0.897053 0.057104 0.057104
0 0.585298 0.383712 0.052757 0.052757
0 0.656489 0.452793 0.104277 0.104277
0 0.625046 0.021904 0.062220 0.062220
0 0.413335 0.836008 0.104277 0.104277
0 0.697378 0.953411 0.052757 0.052757
0 0.056637 0.100135 0.061130 0.061130
0 0.217892 0.729307 0.052757 0.052757
0 0.957656 0.489270 0.061131 0.061131
0 0.412593 0.741277 0.052757 0.052757
0 0.229504 0.660598 0.061130 0.061130
0 0.597957 0.654770 0.104277 0.104277
0 0.733266 0.537967 0.061130 0.061130
0 0.423237 0.180815 0.052757 0.052757
0 0.469179 0.392398 0.057104 0.057104
0 0.298458 0.575416 0.071945 0.071945
0 0.815752 0.435755 0.104277 0.104277
0 0.136472 0.988039 0.061130 0.061130
0 0.720677 0.273118 0.062220 0.062220
0 0.124048 0.068726 0.061130 0.061130
0 0.503345 0.904047 0.062220 0.062220
0 0.281257 0.316566 0.052757 0.052757
0 0.911664 0.034417 0.061131 0.061131
0 0.817677 0.843744 0.052757 0.052757
0 0.810444 0.614081 0.062220 0.062220
0 0.202162 0.008125 0.071945 0.071945
0 0.815508 0.071735 0.061131 0.061131
0 0.077619 0.437767 0.057104 0.057104
0 0.613621 0.528491 0.061130 0.061130
0 0.141149 0.180777 0.057104 0.057104
0 0.775209 0.677699 0.104278 0.104278
0 0.778492 0.149898 0.052757 0.052757
0 0.858126 0.344719 0.061131 0.061131
0 0.155655 0.688743 0.061130 0.061130
0 0.122267 0.525929 0.062220 0.062220
0 0.300085 0.924539 0.057104 0.057104
0 0.610593 0.933446 0.057104 0.057104
0 0.029576 0.971602 0.057104 0.057104
0 0.102281 0.866713 0.104277 0.104277
0 0.832227 0.743610 0.062220 0.062220
0 0.710784 0.858186 0.057104 0.057104
0 0.656543 0.175313 0.104277 0.104277
0 0.435061 0.255300 0.061130 0.061130
0 0.378912 0.075216 0.104277 0.104277
0 0.229686 0.989927 0.062220 0.062220
0 0.864147 0.675981 0.071945 0.071945
0 0.145672 0.447994 0.057104 0.057104
0 0.777727 0.912542 0.062220 0.062220
0 0.001205 0.813305 0.104277 0.104277
0 0.444497 0.104305 0.071945 0.071945
0 0.004040 0.455343 0.052757 0.052757
0 0.675060 0.330747 0.061130 0.061130
0 0.511370 0.639093 0.057104 0.057104
0 0.709786 0.635779 0.104277 0.104277
0 0.386128 0.629442 0.104277 0.104277
0 0.947430 0.157561 0.104277 0.104277
0 0.904348 0.732907 0.052757 0.052757
0 0.715819 0.403660 0.061130 0.061130
0 0.077653 0.228455 0.062220 0.062220
0 0.892800 0.445681 0.071945 0.071945
0 0.658726 0.088162 0.057104 0.057104
0 0.410255 0.434519 0.062220 0.062220
0 0.761265 0.342470 0.071945 0.071945
0 0.039587 0.603315 0.071945 0.071945
0 0.509448 0.129461 0.057104 0.057104
0 0.108437 0.790250 0.061130 0.061130
0 0.191525 0.357675 0.104277 0.104277
0 0.310066 0.493374 0.052757 0.052757
0 0.196927 0.237970 0.057104 0.057104
0 0.492502 0.826155 0.057104 0.057104
0 0.257317 0.418831 0.062220 0.062220
0 0.901329 0.216698 0.052757 0.052757
0 0.076459 0.726440 0.062220 0.062220
0 0.993157 0.619290 0.061131 0.061131