0 0.753927 0.950755 0.104278 0.104278
0 0.971012 0.391565 0.104277 0.104277
0 0.938690 0.493134 0.052757 0.052757
0 0.976721 0.163618 0.104277 0.104277
0 0.482886 0.446231 0.052757 0.052757
0 0.846784 0.336074 0.062220 0.062220
0 0.406572 0.867412 0.057104 0.057104
0 0.757619 0.521233 0.104277 0.104277
0 0.357092 0.166768 0.052757 0.052757
0 0.482431 0.654061 0.057104 0.057104
0 0.548473 0.061228 0.071945 0.071945
0 0.595721 0.123667 0.061130 0.061130
0 0.773855 0.247622 0.052757 0.052757
0 0.703773 0.862193 0.052757 0.052757
0 0.109463 0.848265 0.071945 0.071945
0 0.248068 0.952787 0.104277 0.104277
0 0.527240 0.336707 0.057104 0.057104
0 0.841055 0.183531 0.052757 0.052757
0 0.614171 0.332964 0.057104 0.057104
0 0.837023 0.459483 0.071945 0.071945
0 0.888902 0.854438 0.052757 0.052757
0 0.946118 0.265814 0.071945 0.071945
0 0.295582 0.078262 0.071945 0.071945
0 0.225337 0.071177 0.057104 0.057104
0 0.493390 0.237169 0.057104 0.057104
0 0.854975 0.775069 0.071945 0.071945
0 0.628652 0.980666 0.061130 0.061130
0 0.520005 0.879508 0.071945 0.071945
0 0.908242 0.425932 0.057104 0.057104
0 0.040014 0.578383 0.071945 0.071945
0 0.229838 0.761012 0.061130 0.061130
0 0.033080 0.507927 0.071945 0.071945
0 0.640579 0.001360 0.061130 0.061130
0 0.528753 0.602694 0.071945 0.071945
0 0.479578 0.964136 0.062220 0.062220
0 0.623348 0.815322 0.062220 0.062220
0 0.739009 0.644322 0.061130 0.061130
0 0.966326 0.888445 0.052757 0.052757
0 0.228869 0.404937 0.071945 0.071945
0 0.182706 0.910790 0.104277 0.104277
0 0.912716 0.065650 0.104277 0.104277
0 0.674321 0.546583 0.061130 0.061130
0 0.645395 0.474848 0.061130 0.061130
0 0.426513 0.201121 0.104277 0.104277
0 0.197908 0.156428 0.057104 0.057104
0 0.824075 0.601118 0.104277 0.104277
0 0.987480 0.698991 0.071945 0.071945
0 0.400835 0.095383 0.104277 0.104277
0 0.684878 0.212786 0.052757 0.052757
0 0.677775 0.752709 0.061130 0.061130
0 0.415928 0.287683 0.104277 0.104277
0 0.240038 0.486635 0.071945 0.071945
0 0.777868 0.845245 0.057104 0.057104
0 0.670017 0.669027 0.104277 0.104277
0 0.877469 0.922861 0.062220 0.062220
0 0.400093 0.000652 0.052757 0.052757
0 0.874636 0.649655 0.104277 0.104277
0 0.359325 0.437766 0.052757 0.052757
0 0.853541 0.536965 0.052757 0.052757
0 0.191289 0.568860 0.052757 0.052757
0 0.034925 0.908491 0.052757 0.052757
0 0.123972 0.247414 0.061130 0.061130
0 0.565900 0.410452 0.071945 0.071945
0 0.490845 0.163422 0.062220 0.062220
0 0.115066 0.441293 0.061130 0.061130
0 0.580874 0.911322 0.071945 0.071945
0 0.123016 0.762448 0.104277 0.104277
0 0.823772 0.978950 0.104277 0.104277
0 0.805177 0.103119 0.052757 0.052757
0 0.451777 0.369119 0.104277 0.104277
0 0.978605 0.782907 0.057104 0.057104
0 0.321940 0.975389 0.071945 0.071945
0 0.461812 0.819486 0.050932 0.050932
0 0.001598 0.311565 0.061130 0.061130
0 0.598548 0.640600 0.052757 0.052757
0 0.073923 0.673318 0.057104 0.057104
0 0.364685 0.587491 0.071945 0.071945
0 0.575445 0.547660 0.061130 0.061130
0 0.151047 0.512119 0.062220 0.062220
0 0.934474 0.605715 0.052757 0.052757
0 0.788780 0.757162 0.057104 0.057104
0 0.287585 0.183914 0.057104 0.057104
0 0.598093 0.192821 0.057104 0.057104
0 0.017076 0.230977 0.057104 0.057104
0 0.089781 0.126088 0.104277 0.104277
0 0.322269 0.874122 0.071945 0.071945
0 0.229906 0.637293 0.104277 0.104277
0 0.001129 0.995701 0.104277 0.104277
0 0.819727 0.002985 0.062220 0.062220
0 0.698284 0.117561 0.057104 0.057104
0 0.572349 0.707626 0.061130 0.061130
0 0.434714 0.550785 0.071945 0.071945
0 0.287349 0.262023 0.061130 0.061130
0 0.217186 0.249302 0.062220 0.062220
0 0.562201 0.267286 0.048997 0.048997
0 0.765227 0.171917 0.062220 0.062220
0 0.029003 0.738035 0.062220 0.062220
0 0.235886 0.858941 0.052757 0.052757
0 0.761209 0.413278 0.062220 0.062220
0 0.533141 0.804311 0.062220 0.062220
0 0.328896 0.782215 0.062220 0.062220
0 0.764786 0.323467 0.061131 0.061131
0 0.185747 0.333842 0.071945 0.071945
0 0.339560 0.361663 0.104277 0.104277
0 0.105686 0.326766 0.071945 0.071945
0 0.095937 0.049625 0.061130 0.061130
0 0.178664 0.692220 0.071945 0.071945
0 0.273749 0.697189 0.047555 0.047555
0 0.407849 0.721985 0.052757 0.052757
0 0.480002 0.085530 0.057104 0.057104
0 0.038266 0.820990 0.057103 0.057103
0 0.692294 0.420272 0.071945 0.071945
0 0.403569 0.940090 0.071945 0.071945
0 0.487799 0.729866 0.071945 0.071945