0 0.847677 0.625755 0.104278 0.104278
0 0.965821 0.787103 0.052757 0.052757
0 0.024708 0.381863 0.052757 0.052757
0 0.576636 0.121231 0.052757 0.052757
0 0.490354 0.778078 0.061130 0.061130
0 0.865115 0.736560 0.052757 0.052757
0 0.886186 0.907787 0.052757 0.052757
0 0.962493 0.982922 0.071945 0.071945
0 0.712094 0.988448 0.104277 0.104277
0 0.940534 0.011074 0.062220 0.062220
0 0.636261 0.957508 0.061130 0.061130
0 0.500322 0.542412 0.057104 0.057104
0 0.851369 0.196233 0.104277 0.104277
0 0.543332 0.855465 0.104277 0.104277
0 0.576181 0.329061 0.057104 0.057104
0 0.215789 0.984799 0.061130 0.061130
0 0.797523 0.537193 0.052757 0.052757
0 0.203213 0.523265 0.071945 0.071945
0 0.341818 0.627787 0.104277 0.104277
0 0.262249 0.696711 0.052757 0.052757
0 0.620990 0.011707 0.057104 0.057104
0 0.485204 0.696948 0.104277 0.104277
0 0.707921 0.007964 0.057104 0.057104
0 0.930773 0.134483 0.071945 0.071945
0 0.982652 0.529438 0.052757 0.052757
0 0.174817 0.690909 0.052757 0.052757
0 0.421159 0.779005 0.052757 0.052757
0 0.850390 0.981966 0.104277 0.104277
0 0.797687 0.843612 0.057104 0.057104
0 0.375686 0.998149 0.104278 0.104278
0 0.948725 0.450069 0.071945 0.071945
0 0.442535 0.976540 0.052757 0.052757
0 0.722402 0.655666 0.061130 0.061130
0 0.613755 0.554508 0.071945 0.071945
0 0.780404 0.770204 0.052757 0.052757
0 0.133764 0.253383 0.071945 0.071945
0 0.323588 0.436012 0.061130 0.061130
0 0.126830 0.182927 0.071945 0.071945
0 0.622503 0.277694 0.071945 0.071945
0 0.602659 0.722801 0.061130 0.061130
0 0.573328 0.639136 0.062220 0.062220
0 0.717098 0.490322 0.062220 0.062220
0 0.832759 0.319322 0.061130 0.061130
0 0.041630 0.787313 0.061130 0.061130
0 0.622697 0.885102 0.052757 0.052757
0 0.772871 0.921387 0.057104 0.057104
0 0.322619 0.079937 0.071945 0.071945
0 0.276456 0.585790 0.104277 0.104277
0 0.768071 0.221583 0.061130 0.061130
0 0.739145 0.149848 0.061130 0.061130
0 0.917825 0.276118 0.104277 0.104277
0 0.771525 0.427709 0.061130 0.061130
0 0.333788 0.161635 0.071945 0.071945
0 0.871618 0.520245 0.057104 0.057104
0 0.763767 0.344027 0.104277 0.104277
0 0.971219 0.597861 0.062220 0.062220
0 0.968386 0.324655 0.104277 0.104277
0 0.453075 0.112766 0.052757 0.052757
0 0.947291 0.211965 0.052757 0.052757
0 0.285039 0.243860 0.052757 0.052757
0 0.977691 0.856526 0.104277 0.104277
0 0.128675 0.583491 0.052757 0.052757
0 0.026044 0.304199 0.104278 0.104278
0 0.659650 0.085452 0.071945 0.071945
0 0.713978 0.732301 0.104277 0.104277
0 0.208816 0.116293 0.061130 0.061130
0 0.674624 0.586322 0.071945 0.071945
0 0.216766 0.437448 0.104277 0.104277
0 0.917522 0.653950 0.104277 0.104277
0 0.545527 0.044119 0.104277 0.104277
0 0.415690 0.650389 0.071945 0.071945
0 0.555562 0.494486 0.050932 0.050932
0 0.692298 0.315600 0.052757 0.052757
0 0.167673 0.348318 0.057104 0.057104
0 0.458435 0.262491 0.071945 0.071945
0 0.669195 0.222660 0.061130 0.061130
0 0.244797 0.187119 0.062220 0.062220
0 0.882530 0.432162 0.057104 0.057104
0 0.416019 0.549122 0.071945 0.071945
0 0.323656 0.312293 0.104277 0.104277
0 0.030411 0.112237 0.061130 0.061130
0 0.094879 0.670701 0.104277 0.104277
0 0.105985 0.924768 0.057104 0.057104
0 0.666099 0.382626 0.061130 0.061130
0 0.528464 0.225785 0.071945 0.071945
0 0.288987 0.913404 0.104277 0.104277
0 0.339130 0.757639 0.104277 0.104277
0 0.879647 0.825617 0.061131 0.061131
0 0.122753 0.413035 0.062220 0.062220
0 0.726754 0.866942 0.104277 0.104277
0 0.329636 0.533941 0.052757 0.052757
0 0.854959 0.088278 0.062220 0.062220
0 0.626891 0.479311 0.062220 0.062220
0 0.422646 0.457215 0.062220 0.062220
0 0.244803 0.832416 0.052757 0.052757
0 0.088443 0.063799 0.057104 0.057104
0 0.124032 0.747205 0.104277 0.104277
0 0.213692 0.905052 0.061130 0.061130
0 0.279497 0.008842 0.071945 0.071945
0 0.062537 0.509104 0.057104 0.057104
0 0.433310 0.036663 0.104277 0.104277
0 0.337035 0.848002 0.062220 0.062220
0 0.199436 0.001766 0.071945 0.071945
0 0.403545 0.883044 0.071945 0.071945
0 0.801659 0.695669 0.071945 0.071945
0 0.632652 0.806698 0.061130 0.061130
0 0.272414 0.367220 0.071945 0.071945
0 0.367499 0.372189 0.047555 0.047555
0 0.501599 0.396985 0.052757 0.052757
0 0.533167 0.994148 0.104277 0.104277
0 0.014139 0.689936 0.071945 0.071945
0 0.306718 0.989420 0.052757 0.052757
0 0.132016 0.495990 0.057103 0.057103
0 0.786044 0.095272 0.071945 0.071945
0 0.497319 0.615090 0.071945 0.071945
0 0.115727 0.818547 0.104277 0.104277
0 0.581549 0.404866 0.071945 0.071945
0 0.028681 0.200453 0.062220 0.062220