0 0.882432 0.744536 0.104277 0.104277
0 0.985989 0.355394 0.062220 0.062220
0 0.079410 0.848927 0.062220 0.062220
0 0.963724 0.470304 0.104277 0.104277
0 0.946027 0.822200 0.104277 0.104277
0 0.948918 0.660780 0.061131 0.061131
0 0.249245 0.010323 0.062220 0.062220
0 0.026295 0.723312 0.057103 0.057103
0 0.958726 0.284687 0.052757 0.052757
0 0.195348 0.970603 0.071945 0.071945
0 0.832134 0.584313 0.071945 0.071945
0 0.885022 0.879855 0.062220 0.062220
0 0.722848 0.946403 0.057104 0.057104
0 0.719695 0.785578 0.052757 0.052757
0 0.830849 0.923841 0.061130 0.061130
0 0.203319 0.069165 0.062220 0.062220
0 0.545718 0.772881 0.061131 0.061131
0 0.349893 0.046177 0.070161 0.070161
0 0.231100 0.473502 0.057104 0.057104
0 0.480844 0.694188 0.062220 0.062220
0 0.773778 0.880864 0.061131 0.061131
0 0.823005 0.814317 0.057104 0.057104
0 0.619807 0.137374 0.071945 0.071945
0 0.901206 0.044750 0.061130 0.061130
0 0.139294 0.017301 0.071945 0.071945
0 0.435600 0.075930 0.062220 0.062220
0 0.889919 0.408122 0.071945 0.071945
0 0.452728 0.378222 0.061131 0.061131
0 0.740368 0.289273 0.061130 0.061130
0 0.765381 0.408148 0.104277 0.104277
0 0.472171 0.139766 0.104277 0.104277
0 0.168865 0.628633 0.057104 0.057104
0 0.516140 0.274692 0.071945 0.071945
0 0.889297 0.539825 0.104277 0.104277
0 0.287454 0.910735 0.061130 0.061130
0 0.202029 0.389929 0.104277 0.104277
0 0.088888 0.671068 0.052757 0.052757
0 0.367191 0.208993 0.104277 0.104277
0 0.159804 0.210777 0.062220 0.062220
0 0.578223 0.523606 0.071945 0.071945
0 0.559591 0.975025 0.104277 0.104277
0 0.014129 0.474098 0.057104 0.057104
0 0.171283 0.723133 0.057104 0.057104
0 0.179144 0.890421 0.057104 0.057104
0 0.219673 0.552462 0.052757 0.052757
0 0.290864 0.621543 0.104277 0.104277
0 0.259421 0.190654 0.062220 0.062220
0 0.592031 0.658020 0.061131 0.061131
0 0.046968 0.910027 0.052757 0.052757
0 0.066946 0.113781 0.071945 0.071945
0 0.232332 0.823520 0.104277 0.104277
0 0.367641 0.706717 0.061130 0.061130
0 0.057612 0.349565 0.052757 0.052757
0 0.103554 0.561148 0.057104 0.057104
0 0.450127 0.604505 0.104277 0.104277
0 0.985890 0.145967 0.062220 0.062220
0 0.949465 0.207534 0.062220 0.062220
0 0.501475 0.019229 0.062220 0.062220
0 0.663008 0.488965 0.062220 0.062220
0 0.355052 0.441868 0.062220 0.062220
0 0.681570 0.728399 0.057104 0.057104
0 0.546039 0.203167 0.061131 0.061131
0 0.444819 0.782831 0.062220 0.062220
0 0.449883 0.240485 0.061131 0.061131
0 0.718424 0.014689 0.071945 0.071945
0 0.805056 0.687023 0.071945 0.071945
0 0.247996 0.697241 0.061130 0.061130
0 0.409584 0.846449 0.104278 0.104278
0 0.412867 0.318648 0.052757 0.052757
0 0.492501 0.513469 0.061131 0.061131
0 0.911617 0.134681 0.052757 0.052757
0 0.710055 0.211011 0.057104 0.057104
0 0.317834 0.118681 0.052757 0.052757
0 0.659727 0.910620 0.062220 0.062220
0 0.564980 0.052344 0.071945 0.071945
0 0.827966 0.028219 0.052757 0.052757
0 0.961138 0.559573 0.052757 0.052757
0 0.466602 0.912360 0.062220 0.062220
0 0.290918 0.344063 0.104277 0.104277
0 0.069436 0.424050 0.061130 0.061130
0 0.013287 0.243966 0.104277 0.104277
0 0.711188 0.661447 0.052757 0.052757
0 0.498522 0.844731 0.071945 0.071945
0 0.847899 0.225587 0.071945 0.071945
0 0.196487 0.148629 0.057104 0.057104
0 0.749861 0.140158 0.062220 0.062220
0 0.078872 0.273055 0.071945 0.071945
0 0.742153 0.504604 0.057104 0.057104
0 0.985133 0.993027 0.057104 0.057104
0 0.309435 0.499497 0.061130 0.061130
0 0.145745 0.807843 0.057104 0.057104
0 0.344161 0.804529 0.104277 0.104277
0 0.073009 0.035559 0.056505 0.056505
0 0.020503 0.798192 0.104277 0.104277
0 0.675956 0.578290 0.057104 0.057104
0 0.581805 0.326311 0.104277 0.104277
0 0.538723 0.901657 0.052757 0.052757
0 0.350194 0.572410 0.061130 0.061130
0 0.648147 0.395748 0.052757 0.052757
0 0.527175 0.614431 0.071945 0.071945
0 0.816817 0.163750 0.104277 0.104277
0 0.655302 0.261292 0.071945 0.071945
0 0.976538 0.919328 0.104277 0.104277
0 0.669275 0.071306 0.104277 0.104277
0 0.293101 0.256912 0.057104 0.057104
0 0.044630 0.603269 0.062220 0.062220
0 0.395640 0.511220 0.071945 0.071945
0 0.143823 0.298211 0.057104 0.057104
0 0.872058 0.324492 0.104277 0.104277
0 0.126877 0.994905 0.057104 0.057104
0 0.535704 0.385448 0.052757 0.052757
0 0.830139 0.502602 0.062220 0.062220
0 0.627532 0.788040 0.061131 0.061131