0 0.982864 0.883519 0.062220 0.062220
0 0.960599 0.998429 0.104277 0.104277
0 0.246120 0.538448 0.062220 0.062220
0 0.795118 0.316587 0.052757 0.052757
0 0.888331 0.263661 0.052757 0.052757
0 0.955601 0.812812 0.052757 0.052757
0 0.200194 0.597290 0.062220 0.062220
0 0.346768 0.574302 0.070161 0.070161
0 0.700142 0.232895 0.062220 0.062220
0 0.096881 0.237321 0.057104 0.057104
0 0.616682 0.665499 0.071945 0.071945
0 0.898081 0.572875 0.061130 0.061130
0 0.714341 0.352877 0.062220 0.062220
0 0.136169 0.545426 0.071945 0.071945
0 0.432475 0.604055 0.062220 0.062220
0 0.886794 0.936247 0.071945 0.071945
0 0.449603 0.906347 0.061131 0.061131
0 0.737243 0.817398 0.061130 0.061130
0 0.110589 0.314006 0.062220 0.062220
0 0.762256 0.936273 0.104277 0.104277
0 0.469046 0.667891 0.104277 0.104277
0 0.644241 0.320282 0.052757 0.052757
0 0.383505 0.513526 0.061130 0.061130
0 0.096390 0.396767 0.071945 0.071945
0 0.513015 0.802817 0.071945 0.071945
0 0.030694 0.335768 0.104277 0.104277
0 0.770626 0.489719 0.061130 0.061130
0 0.198904 0.918054 0.104277 0.104277
0 0.867180 0.468820 0.057104 0.057104
0 0.577231 0.399331 0.071945 0.071945
0 0.183102 0.267760 0.071945 0.071945
0 0.364066 0.737118 0.104277 0.104277
0 0.464930 0.481715 0.057104 0.057104
0 0.156679 0.738902 0.062220 0.062220
0 0.465686 0.284571 0.061131 0.061131
0 0.775125 0.240199 0.057104 0.057104
0 0.930292 0.416772 0.062220 0.062220
0 0.435402 0.383846 0.071945 0.071945
0 0.324857 0.444028 0.071945 0.071945
0 0.256296 0.718779 0.062220 0.062220
0 0.186499 0.379082 0.052757 0.052757
0 0.063821 0.641906 0.071945 0.071945
0 0.054487 0.877690 0.052757 0.052757
0 0.982765 0.674092 0.062220 0.062220
0 0.562521 0.301860 0.052757 0.052757
0 0.946340 0.735659 0.062220 0.062220
0 0.498350 0.547354 0.062220 0.062220
0 0.351927 0.969993 0.062220 0.062220
0 0.768035 0.407007 0.061131 0.061131
0 0.242096 0.434193 0.052757 0.052757
0 0.542914 0.731292 0.061131 0.061131
0 0.295779 0.263157 0.071945 0.071945
0 0.446758 0.768610 0.061131 0.061131
0 0.715299 0.542814 0.071945 0.071945
0 0.626764 0.240075 0.062220 0.062220
0 0.319713 0.344410 0.057104 0.057104
0 0.006251 0.217684 0.104277 0.104277
0 0.409742 0.846773 0.052757 0.052757
0 0.908492 0.662806 0.052757 0.052757
0 0.706930 0.739136 0.057104 0.057104
0 0.314709 0.646806 0.052757 0.052757
0 0.561855 0.580469 0.071945 0.071945
0 0.824841 0.556344 0.052757 0.052757
0 0.643029 0.442472 0.071945 0.071945
0 0.378483 0.231002 0.104277 0.104277
0 0.287793 0.872188 0.104277 0.104277
0 0.066311 0.952175 0.061130 0.061130
0 0.010162 0.772091 0.104277 0.104277
0 0.844774 0.753712 0.071945 0.071945
0 0.193362 0.676754 0.057104 0.057104
0 0.746736 0.668283 0.062220 0.062220
0 0.075747 0.801180 0.071945 0.071945
0 0.151891 0.441617 0.104277 0.104277
0 0.945452 0.308458 0.071945 0.071945
0 0.573435 0.503519 0.071945 0.071945
0 0.069884 0.563684 0.056505 0.056505
0 0.578680 0.854436 0.104277 0.104277
0 0.645022 0.923873 0.052757 0.052757
0 0.813692 0.691875 0.104277 0.104277
0 0.652177 0.789417 0.071945 0.071945
0 0.666150 0.599431 0.104277 0.104277
0 0.289976 0.785037 0.057104 0.057104
0 0.064181 0.494995 0.061130 0.061130
0 0.397082 0.445080 0.057103 0.057103
0 0.140698 0.826336 0.057104 0.057104
0 0.868933 0.852617 0.104277 0.104277
0 0.549799 0.231424 0.057104 0.057104
0 0.925710 0.507310 0.052757 0.052757
0 0.532579 0.913573 0.052757 0.052757
0 0.878406 0.356652 0.061131 0.061131
0 0.948123 0.230067 0.062220 0.062220