0 0.287208 0.644363 0.052757 0.052757
0 0.839136 0.383731 0.052757 0.052757
0 0.762822 0.804912 0.057104 0.057104
0 0.713342 0.104268 0.052757 0.052757
0 0.260127 0.305411 0.071945 0.071945
0 0.838681 0.591561 0.057104 0.057104
0 0.951971 0.061167 0.061130 0.061130
0 0.253043 0.714608 0.062220 0.062220
0 0.465713 0.785765 0.071945 0.071945
0 0.604318 0.890287 0.104277 0.104277
0 0.524749 0.959211 0.052757 0.052757
0 0.883490 0.274207 0.057104 0.057104
0 0.747704 0.959448 0.104277 0.104277
0 0.970421 0.270464 0.057104 0.057104
0 0.280740 0.079147 0.104278 0.104278
0 0.437317 0.953409 0.052757 0.052757
0 0.651832 0.015762 0.071945 0.071945
0 0.581587 0.008677 0.057104 0.057104
0 0.849640 0.174669 0.057104 0.057104
0 0.984902 0.918166 0.061130 0.061130
0 0.876255 0.817008 0.071945 0.071945
0 0.250671 0.807778 0.052757 0.052757
0 0.396264 0.515883 0.071945 0.071945
0 0.586088 0.698512 0.061130 0.061130
0 0.389330 0.445427 0.071945 0.071945
0 0.885003 0.540194 0.071945 0.071945
0 0.865159 0.985301 0.061130 0.061130
0 0.835828 0.901636 0.062220 0.062220
0 0.979598 0.752822 0.062220 0.062220
0 0.585119 0.342437 0.071945 0.071945
0 0.538956 0.848290 0.104277 0.104277
0 0.782763 0.138621 0.104277 0.104277
0 0.554158 0.093928 0.057104 0.057104
0 0.757085 0.032883 0.104277 0.104277
0 0.772178 0.225183 0.104277 0.104277
0 0.596288 0.424135 0.071945 0.071945
0 0.715575 0.375266 0.052757 0.052757
0 0.547539 0.506360 0.052757 0.052757
0 0.391175 0.845991 0.052757 0.052757
0 0.480222 0.184914 0.061130 0.061130
0 0.288544 0.566699 0.104278 0.104278
0 0.922150 0.347952 0.071945 0.071945
0 0.976478 0.994801 0.104277 0.104277
0 0.847095 0.100922 0.062220 0.062220
0 0.471316 0.378793 0.061130 0.061130
0 0.937124 0.848822 0.071945 0.071945
0 0.479266 0.699948 0.104277 0.104277
0 0.808027 0.306619 0.104277 0.104277
0 0.678190 0.912889 0.071945 0.071945
0 0.818062 0.756986 0.050932 0.050932
0 0.357848 0.249065 0.061130 0.061130
0 0.954798 0.578100 0.052757 0.052757
0 0.430173 0.610818 0.057104 0.057104
0 0.720935 0.524991 0.071945 0.071945
0 0.931695 0.485160 0.061130 0.061130
0 0.507297 0.449619 0.062220 0.062220
0 0.643835 0.121414 0.057104 0.057104
0 0.954343 0.130321 0.057104 0.057104
0 0.373326 0.168477 0.057104 0.057104
0 0.446031 0.063588 0.104277 0.104277
0 0.678519 0.811622 0.071945 0.071945
0 0.586156 0.574793 0.104277 0.104277
0 0.292911 0.374737 0.061130 0.061130
0 0.357379 0.933201 0.104277 0.104277
0 0.928599 0.645126 0.061130 0.061130
0 0.790964 0.488285 0.071945 0.071945
0 0.643599 0.199523 0.061130 0.061130
0 0.573436 0.186802 0.062220 0.062220
0 0.918451 0.204786 0.048997 0.048997
0 0.385253 0.675535 0.062220 0.062220
0 0.344955 0.010180 0.104277 0.104277
0 0.592136 0.796441 0.052757 0.052757
0 0.889391 0.741811 0.062220 0.062220
0 0.685146 0.719715 0.062220 0.062220
0 0.303497 0.167525 0.057104 0.057104
0 0.350943 0.326299 0.057104 0.057104
0 0.541997 0.271342 0.071945 0.071945
0 0.325037 0.771604 0.057104 0.057104
0 0.695810 0.299163 0.104277 0.104277
0 0.461936 0.264266 0.071945 0.071945
0 0.534914 0.629720 0.071945 0.071945
0 0.629999 0.634689 0.047555 0.047555
0 0.764099 0.659485 0.052757 0.052757
0 0.836252 0.023030 0.057104 0.057104
0 0.276639 0.952436 0.071945 0.071945
0 0.394516 0.758490 0.057103 0.057103
0 0.759819 0.877590 0.071945 0.071945
0 0.844049 0.667366 0.071945 0.071945
0 0.291181 0.462953 0.062220 0.062220