0 0.528342 0.811977 0.104277 0.104277
0 0.484794 0.599986 0.061130 0.061130
0 0.887739 0.561695 0.052757 0.052757
0 0.417887 0.460315 0.104277 0.104277
0 0.479713 0.369267 0.071945 0.071945
0 0.678632 0.809653 0.062220 0.062220
0 0.631526 0.354877 0.071945 0.071945
0 0.710279 0.561735 0.104277 0.104277
0 0.385565 0.561884 0.052757 0.052757
0 0.788143 0.608260 0.071945 0.071945
0 0.714912 0.245180 0.061131 0.061131
0 0.423596 0.232368 0.104277 0.104277
0 0.916723 0.064687 0.057104 0.057104
0 0.932082 0.232652 0.104277 0.104277
0 0.522466 0.726792 0.057104 0.057104
0 0.293659 0.404824 0.062220 0.062220
0 0.558328 0.913428 0.051819 0.051819
0 0.551668 0.168339 0.052757 0.052757
0 0.204494 0.589983 0.104277 0.104277
0 0.462472 0.526523 0.061131 0.061131
0 0.738476 0.857141 0.052757 0.052757
0 0.495606 0.278864 0.057104 0.057104
0 0.799752 0.805656 0.057103 0.057103
0 0.546688 0.487018 0.052757 0.052757
0 0.042596 0.192417 0.061130 0.061130
0 0.814745 0.222820 0.104277 0.104277
0 0.220730 0.316372 0.052757 0.052757
0 0.685022 0.039230 0.062220 0.062220
0 0.602895 0.422978 0.057104 0.057104
0 0.522848 0.105778 0.057104 0.057104
0 0.993444 0.375735 0.052757 0.052757
0 0.715368 0.644989 0.036679 0.036679
0 0.150648 0.930943 0.052757 0.052757
0 0.630849 0.083216 0.061130 0.061130
0 0.834406 0.922996 0.104277 0.104277
0 0.933357 0.336546 0.062221 0.062221
0 0.549130 0.575600 0.057104 0.057104
0 0.634169 0.983772 0.104277 0.104277
0 0.287930 0.252281 0.052757 0.052757
0 0.629306 0.910479 0.071945 0.071945
0 0.061046 0.401714 0.057104 0.057104
0 0.934987 0.142034 0.071945 0.071945
0 0.871902 0.372175 0.052757 0.052757
0 0.859008 0.440037 0.104277 0.104277
0 0.283898 0.528233 0.071945 0.071945
0 0.573778 0.040239 0.061131 0.061131
0 0.335777 0.923188 0.052757 0.052757
0 0.764646 0.463669 0.104277 0.104277
0 0.392993 0.334564 0.071945 0.071945
0 0.931737 0.937864 0.061131 0.061131
0 0.855551 0.631144 0.062220 0.062220
0 0.301850 0.843819 0.071945 0.071945
0 0.763660 0.939015 0.061131 0.061131
0 0.355117 0.494682 0.057104 0.057104
0 0.087454 0.070110 0.061130 0.061130
0 0.711573 0.405377 0.061130 0.061130
0 0.070223 0.884072 0.062220 0.062220
0 0.185884 0.713072 0.061130 0.061130
0 0.846499 0.030900 0.061130 0.061130
0 0.964214 0.791995 0.062220 0.062220
0 0.790333 0.535992 0.061130 0.061130
0 0.413201 0.957195 0.052757 0.052757
0 0.359591 0.134400 0.104277 0.104277
0 0.121196 0.615333 0.061130 0.061130
0 0.092270 0.543598 0.061130 0.061130
0 0.661669 0.499860 0.062220 0.062220
0 0.270950 0.669868 0.104277 0.104277
0 0.434355 0.767741 0.071945 0.071945
0 0.131753 0.281536 0.052757 0.052757
0 0.575101 0.270890 0.062220 0.062220
0 0.124650 0.821459 0.061130 0.061130
0 0.938798 0.647068 0.104277 0.104277
0 0.224743 0.913995 0.057104 0.057104
0 0.116892 0.737777 0.104277 0.104277
0 0.324344 0.991611 0.062220 0.062220
0 0.321511 0.718405 0.104277 0.104277
0 0.300416 0.605715 0.052757 0.052757
0 0.607332 0.645403 0.062220 0.062220
0 0.012775 0.479202 0.071945 0.071945
0 0.027749 0.980072 0.071945 0.071945
0 0.642173 0.188741 0.071945 0.071945
0 0.252052 0.171869 0.052757 0.052757
0 0.749543 0.728099 0.104277 0.104277
0 0.425480 0.851657 0.057104 0.057104
0 0.045423 0.709350 0.052757 0.052757
0 0.812732 0.994738 0.071945 0.071945
0 0.209584 0.005824 0.104278 0.104278
0 0.662995 0.693321 0.071945 0.071945
0 0.022320 0.616410 0.061130 0.061130
0 0.381349 0.674465 0.052757 0.052757
0 0.235655 0.825912 0.057104 0.057104
0 0.459727 0.069995 0.062220 0.062220
0 0.044968 0.261571 0.057104 0.057104
0 0.266602 0.071735 0.062220 0.062220
0 0.145159 0.186311 0.057104 0.057104
0 0.019224 0.776376 0.061130 0.061130
0 0.803890 0.683468 0.061131 0.061131
0 0.936165 0.471198 0.071945 0.071945
0 0.009076 0.336036 0.048997 0.048997
0 0.298522 0.004106 0.071945 0.071945
0 0.212102 0.240667 0.062220 0.062220
0 0.785133 0.152402 0.057104 0.057104
0 0.208084 0.482028 0.062220 0.062220
0 0.338723 0.061032 0.052757 0.052757
0 0.767876 0.292340 0.057104 0.057104
0 0.211661 0.392217 0.061131 0.061131
0 0.776538 0.078703 0.104277 0.104277
0 0.896558 0.720465 0.071945 0.071945
0 0.845871 0.106298 0.104277 0.104277
0 0.860051 0.302556 0.052757 0.052757
0 0.139169 0.489022 0.071945 0.071945
0 0.599951 0.773220 0.057104 0.057104
0 0.869702 0.855951 0.061131 0.061131