0 0.395470 0.151907 0.071945 0.071945
0 0.958009 0.658609 0.104277 0.104277
0 0.597014 0.762558 0.052757 0.052757
0 0.670591 0.119886 0.071945 0.071945
0 0.702719 0.235256 0.052757 0.052757
0 0.404154 0.522239 0.061130 0.061130
0 0.941002 0.342410 0.061131 0.061131
0 0.846879 0.458744 0.062220 0.062220
0 0.846146 0.033201 0.104277 0.104277
0 0.830235 0.628937 0.052757 0.052757
0 0.466281 0.630331 0.104277 0.104277
0 0.988057 0.751062 0.052757 0.052757
0 0.290218 0.418620 0.104277 0.104277
0 0.249079 0.540231 0.104277 0.104277
0 0.135595 0.582205 0.071945 0.071945
0 0.293619 0.171362 0.062220 0.062220
0 0.723034 0.481540 0.104277 0.104277
0 0.318972 0.343620 0.057104 0.057104
0 0.813142 0.196320 0.104277 0.104277
0 0.862492 0.738661 0.061130 0.061130
0 0.834049 0.809641 0.104277 0.104277
0 0.768281 0.387439 0.071945 0.071945
0 0.978339 0.280063 0.052757 0.052757
0 0.329096 0.698230 0.062220 0.062220
0 0.387319 0.326056 0.104277 0.104277
0 0.804533 0.540198 0.052757 0.052757
0 0.544981 0.623248 0.062220 0.062220
0 0.272672 0.267118 0.061130 0.061130
0 0.151977 0.308992 0.057104 0.057104
0 0.056952 0.068878 0.104277 0.104277
0 0.794969 0.101131 0.062220 0.062220
0 0.547711 0.228318 0.052757 0.052757
0 0.089493 0.415750 0.057104 0.057104
0 0.205469 0.445841 0.104277 0.104277
0 0.666454 0.616068 0.062220 0.062220
0 0.514928 0.415186 0.071945 0.071945
0 0.144906 0.655170 0.071945 0.071945
0 0.724932 0.330195 0.102474 0.102474
0 0.765821 0.687315 0.071945 0.071945
0 0.619268 0.322370 0.104277 0.104277
0 0.667671 0.787109 0.104277 0.104277
0 0.628092 0.056162 0.062220 0.062220
0 0.471779 0.131712 0.061131 0.061131
0 0.430172 0.060163 0.071945 0.071945
0 0.218373 0.178712 0.062220 0.062220
0 0.752318 0.783996 0.104277 0.104277
0 0.433318 0.383023 0.057104 0.057104
0 0.171014 0.519562 0.057104 0.057104
0 0.246040 0.336550 0.104277 0.104277
0 0.039174 0.563226 0.062220 0.062220
0 0.114701 0.030333 0.071945 0.071945
0 0.159993 0.772292 0.057104 0.057104
0 0.914614 0.089107 0.045227 0.045227
0 0.573922 0.689001 0.062220 0.062220
0 0.549002 0.137434 0.052757 0.052757
0 0.258548 0.096972 0.061130 0.061130
0 0.528673 0.787572 0.052757 0.052757
0 0.532111 0.344544 0.062220 0.062220
0 0.065562 0.691163 0.061130 0.061130
0 0.476534 0.524303 0.104277 0.104277
0 0.069086 0.286281 0.062220 0.062220
0 0.046431 0.140137 0.071945 0.071945
0 0.203985 0.606315 0.062220 0.062220
0 0.388529 0.752033 0.052757 0.052757
0 0.660516 0.713969 0.052757 0.052757
0 0.075140 0.794513 0.062220 0.062220
0 0.304627 0.487956 0.062220 0.062220
0 0.178840 0.377303 0.071945 0.071945
0 0.538675 0.003059 0.052757 0.052757
0 0.961868 0.559757 0.061131 0.061131
0 0.480151 0.699863 0.061131 0.061131
0 0.358212 0.069446 0.057104 0.057104
0 0.455476 0.450025 0.104277 0.104277
0 0.927440 0.435769 0.061131 0.061131
0 0.893694 0.586854 0.062221 0.062221
0 0.729592 0.587136 0.052757 0.052757
0 0.625697 0.229495 0.055027 0.055027
0 0.757889 0.030317 0.061131 0.061131
0 0.416388 0.258408 0.062220 0.062220
0 0.298914 0.782943 0.061130 0.061130
0 0.835726 0.333673 0.104277 0.104277
0 0.444132 0.801078 0.062220 0.062220
0 0.271755 0.024436 0.050559 0.050559
0 0.565977 0.522571 0.052757 0.052757
0 0.086157 0.498783 0.052757 0.052757
0 0.372378 0.415371 0.071945 0.071945
0 0.240907 0.686428 0.061131 0.061131
0 0.488427 0.271218 0.104277 0.104277
0 0.652437 0.415475 0.061130 0.061130
0 0.330928 0.615481 0.104277 0.104277
0 0.012932 0.494061 0.052757 0.052757
0 0.046604 0.359447 0.061130 0.061130
0 0.130810 0.154118 0.052757 0.052757
0 0.890465 0.282347 0.057104 0.057104
0 0.904415 0.206264 0.088662 0.088662