0 0.291183 0.807229 0.062220 0.062220
0 0.252957 0.613205 0.062220 0.062220
0 0.742345 0.330032 0.071945 0.071945
0 0.028859 0.920843 0.057103 0.057103
0 0.943889 0.940683 0.052757 0.052757
0 0.543958 0.175377 0.104277 0.104277
0 0.751029 0.700364 0.061130 0.061130
0 0.786743 0.086349 0.061130 0.061130
0 0.278937 0.256571 0.052757 0.052757
0 0.813156 0.808456 0.104277 0.104277
0 0.290629 0.343120 0.104277 0.104277
0 0.637093 0.596745 0.104277 0.104277
0 0.049531 0.667492 0.052757 0.052757
0 0.595954 0.718356 0.104277 0.104277
0 0.482470 0.760330 0.071945 0.071945
0 0.959687 0.048225 0.071945 0.071945
0 0.526811 0.020287 0.052757 0.052757
0 0.640494 0.349487 0.062220 0.062220
0 0.008722 0.752162 0.062220 0.062220
0 0.270362 0.169150 0.104277 0.104277
0 0.603118 0.095422 0.071945 0.071945
0 0.352719 0.100948 0.104277 0.104277
0 0.276886 0.070008 0.061130 0.061130
0 0.665847 0.521745 0.057104 0.057104
0 0.019162 0.473663 0.061130 0.061130
0 0.675971 0.876355 0.062220 0.062220
0 0.734194 0.504181 0.104277 0.104277
0 0.891856 0.801373 0.062220 0.062220
0 0.619547 0.445243 0.061130 0.061130
0 0.498852 0.487117 0.057104 0.057104
0 0.403827 0.247003 0.104277 0.104277
0 0.188603 0.966726 0.062220 0.062220
0 0.160380 0.386607 0.061130 0.061130
0 0.241224 0.512065 0.062220 0.062220
0 0.894586 0.406443 0.052757 0.052757
0 0.436368 0.593875 0.057104 0.057104
0 0.552344 0.623966 0.104277 0.104277
0 0.346433 0.950021 0.071945 0.071945
0 0.283113 0.420275 0.057104 0.057104
0 0.048449 0.849406 0.061130 0.061130
0 0.861803 0.593311 0.071945 0.071945
0 0.491781 0.833295 0.071945 0.071945
0 0.100911 0.621718 0.062220 0.062220
0 0.199309 0.207930 0.052757 0.052757
0 0.299030 0.878031 0.057104 0.057104
0 0.680991 0.171711 0.052757 0.052757
0 0.966143 0.500495 0.104277 0.104277
0 0.319659 0.555718 0.057104 0.057104
0 0.491015 0.094466 0.104277 0.104277
0 0.643649 0.037716 0.052757 0.052757
0 0.131734 0.467819 0.061130 0.061130
0 0.974967 0.234287 0.062220 0.062220
0 0.818654 0.309837 0.061131 0.061131
0 0.262874 0.957684 0.052757 0.052757
0 0.341480 0.180098 0.061130 0.061130
0 0.777047 0.238288 0.071945 0.071945
0 0.016311 0.110649 0.104278 0.104278
0 0.565248 0.356837 0.062220 0.062220
0 0.083160 0.089040 0.052757 0.052757
0 0.780193 0.561148 0.057104 0.057104
0 0.096964 0.728850 0.062220 0.062220
0 0.517889 0.697687 0.057104 0.057104
0 0.592915 0.514675 0.104277 0.104277
0 0.222179 0.849045 0.050891 0.050891
0 0.092621 0.344064 0.057104 0.057104
0 0.386049 0.741351 0.062220 0.062220
0 0.461576 0.208458 0.071945 0.071945
0 0.506868 0.950417 0.057104 0.057104
0 0.107199 0.928067 0.052757 0.052757
0 0.920797 0.867126 0.062220 0.062220
0 0.895877 0.315559 0.052757 0.052757
0 0.154830 0.774191 0.062220 0.062220
0 0.250589 0.740110 0.104277 0.104277
0 0.605423 0.275097 0.061130 0.061130
0 0.413496 0.033887 0.057104 0.057104
0 0.875548 0.965697 0.052757 0.052757
0 0.049039 0.211533 0.057104 0.057104
0 0.878986 0.522669 0.062220 0.062220
0 0.412437 0.869288 0.061130 0.061130
0 0.823409 0.702428 0.104277 0.104277
0 0.415961 0.464406 0.062220 0.062220
0 0.393306 0.318262 0.071945 0.071945
0 0.550860 0.784440 0.062220 0.062220
0 0.107195 0.253371 0.071945 0.071945
0 0.735404 0.930158 0.052757 0.052757
0 0.123777 0.847000 0.062220 0.062220
0 0.422015 0.972638 0.062220 0.062220
0 0.651502 0.666081 0.062220 0.062220
0 0.973503 0.129320 0.052757 0.052757
0 0.525715 0.555428 0.071945 0.071945
0 0.885550 0.181184 0.052757 0.052757
0 0.827026 0.877988 0.061131 0.061131
0 0.705087 0.247571 0.057104 0.057104
0 0.201757 0.672130 0.104277 0.104277
0 0.802351 0.628150 0.104277 0.104277
0 0.972572 0.407620 0.055027 0.055027
0 0.763263 0.436533 0.062220 0.062220
0 0.645789 0.961068 0.061130 0.061130
0 0.791007 0.979203 0.062220 0.062220
0 0.618630 0.202561 0.050559 0.050559
0 0.912852 0.700696 0.052757 0.052757
0 0.747769 0.145340 0.061130 0.061130
0 0.433032 0.676908 0.052757 0.052757
0 0.719253 0.593496 0.071945 0.071945
0 0.587782 0.864553 0.061131 0.061131
0 0.875840 0.060265 0.071945 0.071945
0 0.835302 0.449343 0.104277 0.104277
0 0.999312 0.593600 0.061130 0.061130
0 0.677803 0.793606 0.104277 0.104277
0 0.359807 0.672186 0.052757 0.052757
0 0.393479 0.537572 0.061130 0.061130
0 0.064960 0.556916 0.104277 0.104277
0 0.173792 0.106648 0.104277 0.104277
0 0.713192 0.012329 0.104277 0.104277
0 0.477685 0.332243 0.052757 0.052757
0 0.213076 0.276908 0.104277 0.104277