0 0.343967 0.424477 0.104277 0.104277
0 0.300419 0.212486 0.061130 0.061130
0 0.016427 0.632005 0.104278 0.104278
0 0.703364 0.174195 0.052757 0.052757
0 0.233512 0.072815 0.104277 0.104277
0 0.494257 0.422153 0.062220 0.062220
0 0.525904 0.174235 0.104277 0.104277
0 0.201190 0.174384 0.052757 0.052757
0 0.825969 0.932082 0.071945 0.071945
0 0.134571 0.793353 0.052757 0.052757
0 0.603768 0.220760 0.071945 0.071945
0 0.314868 0.980099 0.061130 0.061130
0 0.857515 0.412628 0.047276 0.047276
0 0.747869 0.719229 0.062220 0.062220
0 0.033865 0.742810 0.052757 0.052757
0 0.487812 0.941975 0.071945 0.071945
0 0.054936 0.914037 0.052757 0.052757
0 0.338091 0.339292 0.057104 0.057104
0 0.131243 0.989172 0.071945 0.071945
0 0.109284 0.017324 0.062220 0.062220
0 0.373953 0.525928 0.051819 0.051819
0 0.020119 0.202483 0.104277 0.104277
0 0.848754 0.154261 0.071945 0.071945
0 0.278097 0.139023 0.061131 0.061131
0 0.554101 0.469641 0.052757 0.052757
0 0.266659 0.814729 0.104277 0.104277
0 0.684299 0.872026 0.071945 0.071945
0 0.615377 0.418156 0.057103 0.057103
0 0.362313 0.099518 0.052757 0.052757
0 0.689046 0.803580 0.062220 0.062220
0 0.627002 0.999331 0.057104 0.057104
0 0.418520 0.035478 0.057104 0.057104
0 0.569719 0.931115 0.062220 0.062220
0 0.530993 0.257489 0.036679 0.036679
0 0.650031 0.535496 0.104277 0.104277
0 0.364755 0.188100 0.057104 0.057104
0 0.449794 0.596272 0.104277 0.104277
0 0.755368 0.903808 0.061130 0.061130
0 0.444931 0.522979 0.071945 0.071945
0 0.674633 0.052537 0.104277 0.104277
0 0.841523 0.518553 0.071945 0.071945
0 0.099523 0.140733 0.071945 0.071945
0 0.151402 0.535688 0.052757 0.052757
0 0.580271 0.076169 0.104277 0.104277
0 0.747362 0.550364 0.061131 0.061131
0 0.019140 0.988216 0.104277 0.104277
0 0.171774 0.931466 0.052757 0.052757
0 0.863401 0.301626 0.057104 0.057104
0 0.366249 0.682901 0.054783 0.054783
0 0.671176 0.243644 0.062220 0.062220
0 0.533801 0.616813 0.057103 0.057103
0 0.334351 0.795067 0.071945 0.071945
0 0.334611 0.865891 0.061130 0.061130
0 0.117475 0.456319 0.071945 0.071945
0 0.628107 0.683634 0.061131 0.061131
0 0.214631 0.691569 0.057104 0.057104
0 0.579285 0.551515 0.061131 0.061131
0 0.170742 0.107182 0.057104 0.057104
0 0.527198 0.017877 0.061130 0.061130
0 0.001509 0.325572 0.061130 0.061130
0 0.844856 0.644057 0.071945 0.071945
0 0.850238 0.782582 0.104278 0.104278
0 0.779839 0.404495 0.062220 0.062220
0 0.605958 0.148492 0.061130 0.061130
0 0.228826 0.569695 0.052757 0.052757
0 0.477294 0.112360 0.062220 0.062220
0 0.086575 0.282368 0.104277 0.104277
0 0.249980 0.380241 0.071945 0.071945
0 0.781443 0.617160 0.104278 0.104278
0 0.458764 0.783559 0.052757 0.052757
0 0.754423 0.259568 0.104277 0.104277
0 0.040368 0.526495 0.057104 0.057104
0 0.139969 0.604111 0.062220 0.062220
0 0.704796 0.656739 0.062220 0.062220
0 0.137136 0.330905 0.104277 0.104277
0 0.116041 0.218215 0.052757 0.052757
0 0.146441 0.862776 0.104277 0.104277
0 0.422957 0.257903 0.062220 0.062220
0 0.086272 0.660200 0.104277 0.104277
0 0.565168 0.340599 0.104277 0.104277
0 0.241105 0.464157 0.057104 0.057104
0 0.609322 0.872737 0.057104 0.057104
0 0.628357 0.607238 0.071945 0.071945
0 0.478620 0.305821 0.071945 0.071945
0 0.196974 0.286965 0.052757 0.052757
0 0.051280 0.438412 0.057104 0.057104
0 0.442609 0.669650 0.104277 0.104277
0 0.868624 0.033476 0.071945 0.071945
0 0.619515 0.295968 0.061131 0.061131
0 0.751790 0.083698 0.071945 0.071945
0 0.405165 0.859462 0.071945 0.071945
0 0.507152 0.713848 0.057104 0.057104
0 0.547198 0.770986 0.104277 0.104277
0 0.048397 0.831867 0.061131 0.061131
0 0.403965 0.954015 0.071945 0.071945
0 0.023709 0.094528 0.062220 0.062220
0 0.352690 0.614947 0.052757 0.052757
0 0.280127 0.649174 0.104277 0.104277
0 0.027286 0.004717 0.061131 0.061131
0 0.712183 0.332965 0.071945 0.071945
0 0.210610 0.768139 0.071945 0.071945
0 0.516874 0.862590 0.104277 0.104277
0 0.241317 0.906079 0.104277 0.104277
0 0.793083 0.828135 0.061131 0.061131
0 0.415576 0.385720 0.057104 0.057104
0 0.685327 0.468451 0.061131 0.061131