0 0.514295 0.526976 0.062220 0.062220
0 0.859933 0.866604 0.062220 0.062220
0 0.821707 0.672580 0.062220 0.062220
0 0.597609 0.980218 0.057103 0.057103
0 0.847687 0.315946 0.052757 0.052757
0 0.859379 0.402495 0.104277 0.104277
0 0.618281 0.726867 0.052757 0.052757
0 0.456624 0.581858 0.071945 0.071945
0 0.577472 0.811537 0.062220 0.062220
0 0.839112 0.228525 0.104277 0.104277
0 0.921469 0.160323 0.104277 0.104277
0 0.845636 0.129383 0.061130 0.061130
0 0.507424 0.842173 0.104277 0.104277
0 0.204559 0.037917 0.062220 0.062220
0 0.311046 0.614984 0.061130 0.061130
0 0.752707 0.027340 0.104277 0.104277
0 0.587912 0.533038 0.061130 0.061130
0 0.568328 0.445155 0.052757 0.052757
0 0.359474 0.911336 0.104278 0.104278
0 0.972577 0.306378 0.104277 0.104277
0 0.729130 0.445982 0.061130 0.061130
0 0.809974 0.571440 0.062220 0.062220
0 0.425164 0.156674 0.061130 0.061130
0 0.227635 0.275286 0.104278 0.104278
0 0.851863 0.479650 0.057104 0.057104
0 0.617199 0.908781 0.061130 0.061130
0 0.669661 0.681093 0.062220 0.062220
0 0.768059 0.267305 0.052757 0.052757
0 0.867780 0.937406 0.057104 0.057104
0 0.376648 0.714571 0.062220 0.062220
0 0.888409 0.615093 0.057104 0.057104
0 0.700484 0.527194 0.061130 0.061130
0 0.910230 0.239473 0.061130 0.061130
0 0.585061 0.170024 0.104278 0.104278
0 0.651910 0.148415 0.052757 0.052757
0 0.665714 0.788225 0.062220 0.062220
0 0.293019 0.327492 0.062220 0.062220
0 0.790929 0.908420 0.050891 0.050891
0 0.444351 0.414716 0.062220 0.062220
0 0.516755 0.923855 0.104277 0.104277
0 0.661371 0.403439 0.057104 0.057104
0 0.954799 0.800726 0.062220 0.062220
0 0.451525 0.746722 0.062220 0.062220
0 0.675949 0.987442 0.052757 0.052757
0 0.723580 0.833566 0.062220 0.062220
0 0.819339 0.799485 0.104277 0.104277
0 0.832072 0.056977 0.052757 0.052757
0 0.982246 0.093262 0.057104 0.057104
0 0.617789 0.270908 0.057104 0.057104
0 0.326787 0.508598 0.104278 0.104278
0 0.545064 0.237288 0.071945 0.071945
0 0.445425 0.502062 0.052757 0.052757
0 0.981187 0.928663 0.061130 0.061130
0 0.984711 0.523781 0.062220 0.062220
0 0.962056 0.377637 0.071945 0.071945
0 0.414223 0.971961 0.057104 0.057104
0 0.483649 0.316854 0.052757 0.052757
0 0.675945 0.312746 0.071945 0.071945
0 0.201973 0.345328 0.104277 0.104277
0 0.378328 0.556580 0.057104 0.057104
0 0.411906 0.225258 0.057104 0.057104
0 0.692527 0.906375 0.062220 0.062220
0 0.382403 0.303080 0.104277 0.104277
0 0.343530 0.422605 0.104277 0.104277
0 0.333984 0.203640 0.071945 0.071945
0 0.233683 0.947411 0.104277 0.104277
0 0.770507 0.731505 0.104277 0.104277
0 0.208153 0.144881 0.057104 0.057104
0 0.343804 0.832264 0.061131 0.061131
0 0.224940 0.827322 0.057104 0.057104
0 0.555474 0.347639 0.052757 0.052757
0 0.315360 0.096643 0.057104 0.057104
0 0.204099 0.755405 0.062220 0.062220
0 0.498362 0.085279 0.104277 0.104277
0 0.417141 0.847359 0.057104 0.057104
0 0.936129 0.038817 0.104277 0.104277
0 0.454178 0.004291 0.052757 0.052757
0 0.537749 0.640207 0.057104 0.057104
0 0.258511 0.548594 0.062220 0.062220
0 0.258685 0.476159 0.057104 0.057104
0 0.423067 0.076927 0.061130 0.061130
0 0.928557 0.731561 0.052757 0.052757
0 0.546410 0.019877 0.062220 0.062220
0 0.612920 0.054919 0.071945 0.071945
0 0.962229 0.596947 0.061130 0.061130
0 0.250913 0.201359 0.052757 0.052757
0 0.633710 0.616291 0.104277 0.104277
0 0.293688 0.740133 0.057104 0.057104
0 0.742542 0.166023 0.104277 0.104277
0 0.516093 0.161295 0.052757 0.052757
0 0.282339 0.884140 0.061130 0.061130
0 0.781826 0.336283 0.104277 0.104277
0 0.206428 0.624315 0.057104 0.057104