0 0.718505 0.416117 0.071945 0.071945
0 0.513682 0.919536 0.104277 0.104277
0 0.703784 0.884064 0.104277 0.104277
0 0.617239 0.530394 0.062220 0.062220
0 0.750217 0.528341 0.057104 0.057104
0 0.783028 0.453649 0.052757 0.052757
0 0.666814 0.793821 0.057104 0.057104
0 0.594974 0.645304 0.104277 0.104277
0 0.577277 0.997200 0.104277 0.104277
0 0.580168 0.835780 0.061131 0.061131
0 0.819706 0.087006 0.061130 0.061130
0 0.589976 0.459687 0.052757 0.052757
0 0.463384 0.759313 0.071945 0.071945
0 0.680393 0.659592 0.062220 0.062220
0 0.350945 0.960578 0.052757 0.052757
0 0.738550 0.780843 0.071945 0.071945
0 0.820347 0.551384 0.071945 0.071945
0 0.176968 0.947881 0.061131 0.061131
0 0.682135 0.479997 0.071945 0.071945
0 0.671962 0.971650 0.061130 0.061130
0 0.112094 0.869188 0.062220 0.062220
0 0.850648 0.314733 0.061131 0.061131
0 0.454255 0.989317 0.057104 0.057104
0 0.869282 0.489597 0.071945 0.071945
0 0.251057 0.312374 0.071945 0.071945
0 0.532456 0.219750 0.061130 0.061130
0 0.066850 0.250930 0.062220 0.062220
0 0.521169 0.583122 0.071945 0.071945
0 0.083978 0.553222 0.061131 0.061131
0 0.371618 0.464273 0.061130 0.061130
0 0.881848 0.412960 0.071945 0.071945
0 0.396631 0.583148 0.104277 0.104277
0 0.103421 0.314766 0.104277 0.104277
0 0.017880 0.160401 0.061130 0.061130
0 0.864660 0.911227 0.057104 0.057104
0 0.147390 0.449692 0.071945 0.071945
0 0.520547 0.714825 0.104277 0.104277
0 0.812635 0.658525 0.104278 0.104278
0 0.405001 0.136594 0.061130 0.061130
0 0.501555 0.115695 0.057104 0.057104
0 0.211606 0.046206 0.071945 0.071945
0 0.761986 0.228029 0.057104 0.057104
0 0.099305 0.128590 0.057104 0.057104
0 0.209473 0.698606 0.071945 0.071945
0 0.564667 0.063647 0.062220 0.062220
0 0.069777 0.030721 0.071945 0.071945
0 0.223281 0.833020 0.061131 0.061131
0 0.081377 0.779505 0.104277 0.104277
0 0.617140 0.320967 0.062220 0.062220
0 0.580715 0.382534 0.062220 0.062220
0 0.132725 0.194229 0.062220 0.062220
0 0.294258 0.663965 0.062220 0.062220
0 0.816992 0.965229 0.052757 0.052757
0 0.312820 0.903399 0.057104 0.057104
0 0.402410 0.053882 0.061131 0.061131
0 0.177289 0.378167 0.061131 0.061131
0 0.076069 0.957831 0.062220 0.062220
0 0.793190 0.005282 0.104278 0.104278
0 0.081133 0.415485 0.061131 0.061131
0 0.349674 0.189689 0.071945 0.071945
0 0.436306 0.862023 0.071945 0.071945
0 0.864354 0.190027 0.061131 0.061131
0 0.044117 0.493648 0.052757 0.052757
0 0.123751 0.688469 0.061131 0.061131
0 0.542867 0.309681 0.052757 0.052757
0 0.341305 0.386011 0.057104 0.057104
0 0.642408 0.053074 0.052757 0.052757
0 0.196230 0.227344 0.071945 0.071945
0 0.854078 0.740567 0.057104 0.057104
0 0.735018 0.710687 0.057104 0.057104
0 0.459216 0.203219 0.052757 0.052757
0 0.592388 0.734573 0.052757 0.052757
0 0.277404 0.089347 0.071945 0.071945
0 0.342438 0.836447 0.052757 0.052757
0 0.479149 0.400587 0.071945 0.071945
0 0.381111 0.315158 0.062220 0.062220
0 0.712566 0.110589 0.052559 0.052559
0 0.373403 0.679604 0.057104 0.057104
0 0.207810 0.150394 0.071945 0.071945
0 0.755240 0.346946 0.062220 0.062220
0 0.307206 0.753290 0.057104 0.057104
0 0.213055 0.501311 0.104277 0.104277
0 0.279397 0.570748 0.052757 0.052757
0 0.158425 0.789431 0.071945 0.071945
0 0.448067 0.338750 0.104277 0.104277
0 0.286552 0.436292 0.071945 0.071945
0 0.300525 0.246306 0.104277 0.104277
0 0.834780 0.844032 0.061130 0.061130
0 0.026890 0.686220 0.071945 0.071945
0 0.031457 0.091955 0.057103 0.057103
0 0.659492 0.190395 0.071945 0.071945
0 0.815369 0.381174 0.104278 0.104278
0 0.503308 0.499492 0.104277 0.104277
0 0.560085 0.154185 0.052757 0.052757
0 0.166954 0.560448 0.052757 0.052757
0 0.461389 0.677602 0.062220 0.062220
0 0.512781 0.003527 0.061131 0.061131
0 0.258782 0.963040 0.061131 0.061131