0 0.592995 0.360323 0.062220 0.062220
0 0.341987 0.663356 0.104277 0.104277
0 0.547069 0.419165 0.062220 0.062220
0 0.693643 0.396177 0.070161 0.070161
0 0.195729 0.066838 0.062220 0.062220
0 0.324363 0.387789 0.104278 0.104278
0 0.574850 0.823502 0.057104 0.057104
0 0.443756 0.059196 0.057104 0.057104
0 0.302165 0.895450 0.104277 0.104277
0 0.963557 0.487374 0.071945 0.071945
0 0.483044 0.367301 0.071945 0.071945
0 0.779350 0.425930 0.062220 0.062220
0 0.796478 0.728222 0.061131 0.061131
0 0.457464 0.135881 0.062220 0.062220
0 0.110926 0.828509 0.104277 0.104277
0 0.004503 0.442673 0.104277 0.104277
0 0.815921 0.489766 0.104277 0.104277
0 0.991116 0.142157 0.052757 0.052757
0 0.224459 0.425368 0.071945 0.071945
0 0.730380 0.335401 0.061130 0.061130
0 0.321562 0.759599 0.057104 0.057104
0 0.443265 0.218642 0.071945 0.071945
0 0.512615 0.978633 0.057104 0.057104
0 0.270132 0.708468 0.104277 0.104277
0 0.859890 0.624692 0.071945 0.071945
0 0.042071 0.886861 0.062220 0.062220
0 0.377569 0.157643 0.104277 0.104277
0 0.193810 0.233423 0.104277 0.104277
0 0.321031 0.270080 0.057104 0.057104
0 0.313114 0.133379 0.071945 0.071945
0 0.545779 0.739929 0.104277 0.104277
0 0.924106 0.221206 0.071945 0.071945
0 0.529977 0.089635 0.071945 0.071945
0 0.236493 0.577416 0.052757 0.052757
0 0.710941 0.558993 0.104277 0.104277
0 0.811805 0.303590 0.057104 0.057104
0 0.503554 0.560777 0.062220 0.062220
0 0.812561 0.106446 0.061131 0.061131
0 0.921973 0.873606 0.071945 0.071945
0 0.089304 0.502994 0.062220 0.062220
0 0.357879 0.824098 0.057104 0.057104
0 0.111405 0.142128 0.104277 0.104277
0 0.782277 0.205721 0.071945 0.071945
0 0.671732 0.265903 0.071945 0.071945
0 0.563423 0.902462 0.052757 0.052757
0 0.634614 0.971543 0.104277 0.104277
0 0.603171 0.540654 0.062220 0.062220
0 0.034762 0.618885 0.061130 0.061130
0 0.533374 0.200957 0.052757 0.052757
0 0.410696 0.463781 0.071945 0.071945
0 0.401362 0.699565 0.052757 0.052757
0 0.447304 0.911148 0.057104 0.057104
0 0.793877 0.954505 0.104277 0.104277
0 0.909396 0.123735 0.052757 0.052757
0 0.845225 0.369229 0.062220 0.062220
0 0.044521 0.279974 0.104277 0.104277
0 0.115625 0.229563 0.057104 0.057104
0 0.698802 0.791868 0.062220 0.062220
0 0.102173 0.587476 0.061130 0.061130
0 0.259382 0.835316 0.052757 0.052757
0 0.588971 0.256068 0.052757 0.052757
0 0.889789 0.553167 0.061131 0.061131
0 0.642654 0.085032 0.071945 0.071945
0 0.180287 0.526875 0.071945 0.071945
0 0.793633 0.590485 0.061131 0.061131
0 0.142201 0.306235 0.104277 0.104277
0 0.055744 0.956517 0.057104 0.057104
0 0.973639 0.061950 0.062220 0.062220
0 0.666588 0.166285 0.057104 0.057104
0 0.038714 0.377364 0.057104 0.057104
0 0.119274 0.699527 0.057104 0.057104
0 0.283098 0.208979 0.062220 0.062220
0 0.353126 0.039559 0.104277 0.104277
0 0.756617 0.668648 0.052757 0.052757
0 0.836251 0.863469 0.061131 0.061131
0 0.661584 0.468681 0.052757 0.052757
0 0.908730 0.402344 0.071945 0.071945
0 0.989904 0.264347 0.071945 0.071945
0 0.725358 0.052877 0.104277 0.104277
0 0.634668 0.694063 0.104277 0.104277
0 0.413186 0.774050 0.061130 0.061130
0 0.357037 0.593966 0.104277 0.104277
0 0.319738 0.464866 0.052757 0.052757
0 0.123797 0.966744 0.057104 0.057104
0 0.540237 0.498629 0.057104 0.057104
0 0.422622 0.623055 0.071945 0.071945
0 0.498766 0.263492 0.104277 0.104277
0 0.653185 0.849497 0.061130 0.061130
0 0.920310 0.325394 0.071945 0.071945
0 0.416759 0.385559 0.056505 0.056505
0 0.925555 0.676311 0.104277 0.104277
0 0.693944 0.922410 0.061130 0.061130
0 0.055778 0.747205 0.062220 0.062220
0 0.991897 0.745748 0.052757 0.052757
0 0.870925 0.964431 0.071945 0.071945
0 0.999052 0.611292 0.071945 0.071945
0 0.636851 0.606912 0.057104 0.057104
0 0.411056 0.316870 0.061130 0.061130
0 0.388380 0.953269 0.062220 0.062220
0 0.739390 0.861220 0.071945 0.071945
0 0.743957 0.266955 0.057103 0.057103
0 0.487573 0.648211 0.057104 0.057104
0 0.210610 0.340672 0.062220 0.062220
0 0.121161 0.046615 0.062220 0.062220
0 0.169650 0.876425 0.104277 0.104277
0 0.147873 0.461091 0.057104 0.057104
0 0.175052 0.756720 0.057104 0.057104
0 0.227886 0.127922 0.061130 0.061130
0 0.896674 0.053299 0.057104 0.057104
0 0.022541 0.135544 0.057104 0.057104
0 0.235442 0.937581 0.062220 0.062220
0 0.879454 0.735448 0.052757 0.052757