0 0.343967 0.483852 0.104277 0.104277
0 0.300419 0.271861 0.061130 0.061130
0 0.016427 0.691380 0.104278 0.104278
0 0.703364 0.233570 0.052757 0.052757
0 0.233512 0.132190 0.104277 0.104277
0 0.295338 0.041142 0.071945 0.071945
0 0.494257 0.481528 0.062220 0.062220
0 0.447151 0.026752 0.071945 0.071945
0 0.525904 0.233610 0.104277 0.104277
0 0.201190 0.233759 0.052757 0.052757
0 0.825969 0.991457 0.071945 0.071945
0 0.134571 0.852728 0.052757 0.052757
0 0.603768 0.280135 0.071945 0.071945
0 0.857515 0.472003 0.047276 0.047276
0 0.747869 0.778604 0.062220 0.062220
0 0.033865 0.802185 0.052757 0.052757
0 0.054936 0.973412 0.052757 0.052757
0 0.338091 0.398667 0.057104 0.057104
0 0.109284 0.076699 0.062220 0.062220
0 0.373953 0.585303 0.051819 0.051819
0 0.020119 0.261858 0.104277 0.104277
0 0.848754 0.213636 0.071945 0.071945
0 0.278097 0.198398 0.061131 0.061131
0 0.554101 0.529016 0.052757 0.052757
0 0.266659 0.874104 0.104277 0.104277
0 0.684299 0.931401 0.071945 0.071945
0 0.615377 0.477531 0.057103 0.057103
0 0.362313 0.158893 0.052757 0.052757
0 0.689046 0.862955 0.062220 0.062220
0 0.418520 0.094853 0.057104 0.057104
0 0.569719 0.990490 0.062220 0.062220
0 0.809069 0.047610 0.052757 0.052757
0 0.530993 0.316864 0.036679 0.036679
0 0.650031 0.594871 0.104277 0.104277
0 0.748982 0.008421 0.062221 0.062221
0 0.364755 0.247475 0.057104 0.057104
0 0.449794 0.655647 0.104277 0.104277
0 0.755368 0.963183 0.061130 0.061130
0 0.444931 0.582354 0.071945 0.071945
0 0.687527 0.044050 0.052757 0.052757
0 0.674633 0.111912 0.104277 0.104277
0 0.841523 0.577928 0.071945 0.071945
0 0.099523 0.200108 0.071945 0.071945
0 0.151402 0.595063 0.052757 0.052757
0 0.580271 0.135544 0.104277 0.104277
0 0.208618 0.006439 0.071945 0.071945
0 0.747362 0.609739 0.061131 0.061131
0 0.171774 0.990841 0.052757 0.052757
0 0.863401 0.361001 0.057104 0.057104
0 0.366249 0.742276 0.054783 0.054783
0 0.671176 0.303019 0.062220 0.062220
0 0.533801 0.676188 0.057103 0.057103
0 0.334351 0.854442 0.071945 0.071945
0 0.334611 0.925266 0.061130 0.061130
0 0.117475 0.515694 0.071945 0.071945
0 0.628107 0.743009 0.061131 0.061131
0 0.214631 0.750944 0.057104 0.057104
0 0.579285 0.610890 0.061131 0.061131
0 0.170742 0.166557 0.057104 0.057104
0 0.527198 0.077252 0.061130 0.061130
0 0.001509 0.384947 0.061130 0.061130
0 0.844856 0.703432 0.071945 0.071945
0 0.850238 0.841957 0.104278 0.104278
0 0.779839 0.463870 0.062220 0.062220
0 0.605958 0.207867 0.061130 0.061130
0 0.228826 0.629070 0.052757 0.052757
0 0.477294 0.171735 0.062220 0.062220
0 0.086575 0.341743 0.104277 0.104277
0 0.249980 0.439616 0.071945 0.071945
0 0.781443 0.676535 0.104278 0.104278
0 0.458764 0.842934 0.052757 0.052757
0 0.754423 0.318943 0.104277 0.104277
0 0.040368 0.585870 0.057104 0.057104
0 0.139969 0.663486 0.062220 0.062220
0 0.704796 0.716114 0.062220 0.062220
0 0.137136 0.390280 0.104277 0.104277
0 0.116041 0.277590 0.052757 0.052757
0 0.146441 0.922151 0.104277 0.104277
0 0.422957 0.317278 0.062220 0.062220
0 0.086272 0.719575 0.104277 0.104277
0 0.565168 0.399974 0.104277 0.104277
0 0.241105 0.523532 0.057104 0.057104
0 0.609322 0.932112 0.057104 0.057104
0 0.628357 0.666613 0.071945 0.071945
0 0.478620 0.365196 0.071945 0.071945
0 0.196974 0.346340 0.052757 0.052757
0 0.051280 0.497787 0.057104 0.057104
0 0.442609 0.729025 0.104277 0.104277
0 0.868624 0.092851 0.071945 0.071945
0 0.619515 0.355343 0.061131 0.061131
0 0.751790 0.143073 0.071945 0.071945
0 0.405165 0.918837 0.071945 0.071945
0 0.507152 0.773223 0.057104 0.057104
0 0.547198 0.830361 0.104277 0.104277
0 0.048397 0.891242 0.061131 0.061131
0 0.023709 0.153903 0.062220 0.062220
0 0.352690 0.674322 0.052757 0.052757
0 0.280127 0.708549 0.104277 0.104277
0 0.027286 0.064092 0.061131 0.061131
0 0.712183 0.392340 0.071945 0.071945
0 0.210610 0.827514 0.071945 0.071945
0 0.516874 0.921965 0.104277 0.104277
0 0.241317 0.965454 0.104277 0.104277
0 0.793083 0.887510 0.061131 0.061131
0 0.415576 0.445095 0.057104 0.057104
0 0.685327 0.527826 0.061131 0.061131