0 0.623160 0.627052 0.062220 0.062220
0 0.547717 0.854268 0.052757 0.052757
0 0.541987 0.091481 0.104277 0.104277
0 0.570045 0.501437 0.057103 0.057103
0 0.739098 0.748728 0.071945 0.071945
0 0.203645 0.474723 0.104277 0.104277
0 0.786346 0.811167 0.061130 0.061130
0 0.341391 0.547082 0.052757 0.052757
0 0.964480 0.935122 0.052757 0.052757
0 0.115115 0.829147 0.104278 0.104278
0 0.774850 0.251627 0.057104 0.057104
0 0.502165 0.323575 0.104277 0.104277
0 0.486207 0.765762 0.071945 0.071945
0 0.415962 0.758677 0.057104 0.057104
0 0.996478 0.156347 0.061131 0.061131
0 0.310926 0.256634 0.104277 0.104277
0 0.684015 0.924669 0.057104 0.057104
0 0.521562 0.187724 0.057104 0.057104
0 0.168761 0.278465 0.062220 0.062220
0 0.180426 0.168687 0.062220 0.062220
0 0.712615 0.406758 0.057104 0.057104
0 0.470132 0.136593 0.104277 0.104277
0 0.242071 0.314986 0.062220 0.062220
0 0.831204 0.688860 0.061130 0.061130
0 0.084972 0.309740 0.104278 0.104278
0 0.745779 0.168054 0.104277 0.104277
0 0.632638 0.449193 0.052757 0.052757
0 0.436493 0.005541 0.052757 0.052757
0 0.385813 0.472535 0.062220 0.062220
0 0.085160 0.420495 0.071945 0.071945
0 0.557879 0.252223 0.057104 0.057104
0 0.715033 0.501258 0.057104 0.057104
0 0.617138 0.888621 0.104277 0.104277
0 0.481178 0.666799 0.057104 0.057104
0 0.722894 0.668546 0.057104 0.057104
0 0.388533 0.843928 0.057104 0.057104
0 0.085224 0.071630 0.052757 0.052757
0 0.763423 0.330587 0.052757 0.052757
0 0.834614 0.399668 0.104277 0.104277
0 0.591460 0.782883 0.104277 0.104277
0 0.875503 0.900286 0.052757 0.052757
0 0.234762 0.047010 0.061130 0.061130
0 0.174078 0.612986 0.062220 0.062220
0 0.606553 0.975183 0.104277 0.104277
0 0.396017 0.676182 0.052757 0.052757
0 0.590718 0.688152 0.052757 0.052757
0 0.407629 0.607473 0.061130 0.061130
0 0.776082 0.601645 0.104277 0.104277
0 0.911391 0.484842 0.061130 0.061130
0 0.601362 0.127690 0.052757 0.052757
0 0.647304 0.339273 0.057104 0.057104
0 0.476583 0.522291 0.071945 0.071945
0 0.993877 0.382630 0.104277 0.104277
0 0.314597 0.934914 0.061130 0.061130
0 0.898802 0.219993 0.062220 0.062220
0 0.302173 0.015601 0.061130 0.061130
0 0.681470 0.850922 0.062220 0.062220
0 0.459382 0.263441 0.052757 0.052757
0 0.995802 0.790619 0.052757 0.052757
0 0.988569 0.560956 0.062220 0.062220
0 0.192223 0.999065 0.061130 0.061130
0 0.993633 0.018610 0.061131 0.061131
0 0.255744 0.384642 0.057104 0.057104
0 0.791746 0.475366 0.061130 0.061130
0 0.319274 0.127652 0.057104 0.057104
0 0.953334 0.624574 0.104278 0.104278
0 0.956617 0.096773 0.052757 0.052757
0 0.333780 0.635618 0.061130 0.061130
0 0.117729 0.138794 0.061130 0.061130
0 0.300392 0.472804 0.062220 0.062220
0 0.478210 0.871414 0.057104 0.057104
0 0.788718 0.880321 0.057104 0.057104
0 0.207701 0.918477 0.057104 0.057104
0 0.280406 0.813588 0.104277 0.104277
0 0.090882 0.616500 0.061130 0.061130
0 0.888909 0.805061 0.057104 0.057104
0 0.834668 0.122188 0.104277 0.104277
0 0.613186 0.202175 0.061130 0.061130
0 0.557037 0.022091 0.104277 0.104277
0 0.477974 0.949523 0.061130 0.061130
0 0.407811 0.936802 0.062220 0.062220
0 0.752826 0.954786 0.048997 0.048997
0 0.132098 0.544508 0.061130 0.061130
0 0.323797 0.394869 0.057104 0.057104
0 0.955852 0.859417 0.062220 0.062220
0 0.179330 0.760180 0.104277 0.104277
0 0.622622 0.051180 0.071945 0.071945
0 0.182165 0.402218 0.052757 0.052757
0 0.853185 0.277622 0.061130 0.061130
0 0.689495 0.585968 0.057104 0.057104
0 0.887911 0.582654 0.104277 0.104277
0 0.564253 0.576317 0.104277 0.104277
0 0.137872 0.917525 0.057104 0.057104
0 0.893944 0.350535 0.061130 0.061130
0 0.255778 0.175330 0.062220 0.062220
0 0.836851 0.035037 0.057104 0.057104
0 0.588380 0.381394 0.062220 0.062220
0 0.939390 0.289345 0.071945 0.071945
0 0.217712 0.550190 0.071945 0.071945
0 0.687573 0.076336 0.057104 0.057104
0 0.286562 0.737125 0.061130 0.061130
0 0.369650 0.304550 0.104277 0.104277
0 0.488191 0.440249 0.052757 0.052757
0 0.375052 0.184845 0.057104 0.057104
0 0.670627 0.773030 0.057104 0.057104
0 0.435442 0.365706 0.062220 0.062220
0 0.089632 0.705932 0.071945 0.071945
0 0.122183 0.223593 0.061130 0.061130
0 0.254584 0.673315 0.062220 0.062220