0 0.837255 0.037992 0.071945 0.071945
0 0.581526 0.992377 0.071945 0.071945
0 0.632432 0.541411 0.104277 0.104277
0 0.664912 0.882680 0.061131 0.061131
0 0.822534 0.505939 0.104277 0.104277
0 0.373596 0.869868 0.104277 0.104277
0 0.866723 0.702187 0.057104 0.057104
0 0.735989 0.152269 0.062220 0.062220
0 0.993176 0.907147 0.062221 0.062221
0 0.868967 0.150216 0.057104 0.057104
0 0.882082 0.870152 0.104277 0.104277
0 0.959108 0.664066 0.104277 0.104277
0 0.901778 0.075524 0.052757 0.052757
0 0.785564 0.415696 0.057104 0.057104
0 0.713724 0.267179 0.104277 0.104277
0 0.696027 0.619075 0.104277 0.104277
0 0.501668 0.805839 0.052757 0.052757
0 0.698918 0.457655 0.061131 0.061131
0 0.708726 0.081562 0.052757 0.052757
0 0.445606 0.916364 0.057104 0.057104
0 0.582134 0.381188 0.071945 0.071945
0 0.764745 0.860320 0.104277 0.104277
0 0.799143 0.281467 0.062220 0.062220
0 0.170730 0.953872 0.052757 0.052757
0 0.635022 0.676730 0.062220 0.062220
0 0.472848 0.743278 0.057104 0.057104
0 0.469695 0.582453 0.052757 0.052757
0 0.580849 0.720716 0.061130 0.061130
0 0.857300 0.402718 0.071945 0.071945
0 0.939097 0.173259 0.071945 0.071945
0 0.295718 0.569756 0.061131 0.061131
0 0.883357 0.974046 0.062221 0.062221
0 0.800885 0.101872 0.071945 0.071945
0 0.237930 0.889781 0.052757 0.052757
0 0.884987 0.779534 0.071945 0.071945
0 0.790712 0.593525 0.061130 0.061130
0 0.230844 0.491063 0.062220 0.062220
0 0.523778 0.677739 0.061131 0.061131
0 0.342993 0.972064 0.071945 0.071945
0 0.573005 0.611192 0.057104 0.057104
0 0.988032 0.111472 0.071945 0.071945
0 0.639919 0.204997 0.071945 0.071945
0 0.202728 0.175097 0.061131 0.061131
0 0.490368 0.086148 0.061130 0.061130
0 0.515381 0.205023 0.104277 0.104277
0 0.983410 0.533102 0.057104 0.057104
0 0.266140 0.071567 0.071945 0.071945
0 0.639297 0.336700 0.104277 0.104277
0 0.037454 0.707610 0.061130 0.061130
0 0.931385 0.280400 0.104278 0.104278
0 0.796499 0.668400 0.061130 0.061130
0 0.117191 0.005868 0.104277 0.104277
0 0.328223 0.320481 0.071945 0.071945
0 0.309591 0.771900 0.104277 0.104277
0 0.040864 0.418418 0.104277 0.104277
0 0.081753 0.919036 0.052757 0.052757
0 0.525101 0.908390 0.062220 0.062220
0 0.342031 0.454895 0.061131 0.061131
0 0.117641 0.503592 0.061130 0.061130
0 0.200127 0.401380 0.104277 0.104277
0 0.699465 0.004409 0.062220 0.062220
0 0.413008 0.285840 0.062220 0.062220
0 0.935742 0.587104 0.052757 0.052757
0 0.105052 0.238743 0.062220 0.062220
0 0.431570 0.525274 0.057104 0.057104
0 0.296039 0.000042 0.061131 0.061131
0 0.592173 0.826241 0.071945 0.071945
0 0.202052 0.809369 0.052757 0.052757
0 0.194819 0.579706 0.062220 0.062220
0 0.199883 0.037360 0.061131 0.061131
0 0.555056 0.483898 0.071945 0.071945
0 0.159584 0.643324 0.104278 0.104278
0 0.162867 0.115523 0.052757 0.052757
0 0.242501 0.310344 0.061131 0.061131
0 0.460055 0.007886 0.057104 0.057104
0 0.409727 0.707495 0.062220 0.062220
0 0.972828 0.362442 0.057104 0.057104
0 0.853768 0.332562 0.057104 0.057104
0 0.711138 0.356448 0.052757 0.052757
0 0.216602 0.709235 0.062220 0.062220
0 0.095159 0.823811 0.057104 0.057104
0 0.040918 0.140938 0.104277 0.104277
0 0.461188 0.458322 0.052757 0.052757
0 0.248522 0.641606 0.071945 0.071945
0 0.162102 0.878167 0.062220 0.062220
0 0.980546 0.757673 0.104277 0.104277
0 0.597899 0.022462 0.071945 0.071945
0 0.492153 0.301479 0.057104 0.057104
0 0.735133 0.789902 0.057104 0.057104
0 0.059435 0.296372 0.061130 0.061130
0 0.094161 0.601404 0.104277 0.104277
0 0.425956 0.375165 0.057104 0.057104
0 0.331805 0.123186 0.104277 0.104277
0 0.288723 0.698532 0.052757 0.052757
0 0.717876 0.929840 0.057104 0.057104
0 0.100194 0.369285 0.061130 0.061130
0 0.398147 0.192623 0.052757 0.052757
0 0.277175 0.411306 0.071945 0.071945
0 0.405302 0.058167 0.071945 0.071945
0 0.726538 0.716203 0.104277 0.104277
0 0.953530 0.465907 0.061130 0.061130
0 0.043101 0.053787 0.057104 0.057104
0 0.145640 0.308095 0.071945 0.071945
0 0.934119 0.003049 0.104278 0.104278
0 0.622058 0.121367 0.104277 0.104277
0 0.795871 0.743798 0.104277 0.104277
0 0.810051 0.940056 0.052757 0.052757
0 0.285704 0.182323 0.052757 0.052757
0 0.580139 0.299477 0.062220 0.062220
0 0.377532 0.584915 0.061131 0.061131