0 0.731467 0.124477 0.104277 0.104277
0 0.403927 0.332005 0.104278 0.104278
0 0.657970 0.923782 0.071945 0.071945
0 0.881757 0.122153 0.062220 0.062220
0 0.933091 0.891761 0.071945 0.071945
0 0.459583 0.769127 0.104277 0.104277
0 0.522071 0.493353 0.052757 0.052757
0 0.702368 0.680099 0.061130 0.061130
0 0.194562 0.850321 0.052757 0.052757
0 0.206254 0.936870 0.104277 0.104277
0 0.046604 0.484328 0.061130 0.061130
0 0.421365 0.442810 0.052757 0.052757
0 0.875312 0.641975 0.071945 0.071945
0 0.442436 0.614037 0.052757 0.052757
0 0.556119 0.943237 0.062220 0.062220
0 0.185987 0.762900 0.104277 0.104277
0 0.725591 0.039292 0.057104 0.057104
0 0.518743 0.689172 0.071945 0.071945
0 0.268344 0.694698 0.104277 0.104277
0 0.761453 0.225928 0.051819 0.051819
0 0.192511 0.663758 0.061130 0.061130
0 0.056572 0.248662 0.057104 0.057104
0 0.941601 0.169641 0.052757 0.052757
0 0.099582 0.561715 0.104277 0.104277
0 0.132431 0.035311 0.057104 0.057104
0 0.654159 0.514729 0.104277 0.104277
0 0.954020 0.760833 0.104277 0.104277
0 0.319452 0.840753 0.104277 0.104277
0 0.076005 0.980357 0.061130 0.061130
0 0.957219 0.631115 0.062220 0.062220
0 0.353773 0.243443 0.052757 0.052757
0 0.837294 0.296272 0.104277 0.104277
0 0.832431 0.222979 0.071945 0.071945
0 0.041454 0.403198 0.104277 0.104277
0 0.114934 0.801680 0.052757 0.052757
0 0.596616 0.765461 0.052757 0.052757
0 0.538902 0.235688 0.052757 0.052757
0 0.406640 0.688216 0.104277 0.104277
0 0.353937 0.549862 0.057104 0.057104
0 0.559274 0.631466 0.052757 0.052757
0 0.753749 0.382901 0.054783 0.054783
0 0.890592 0.828037 0.062220 0.062220
0 0.734279 0.903587 0.061131 0.061131
0 0.921301 0.316813 0.057103 0.057103
0 0.257105 0.773848 0.061130 0.061130
0 0.692672 0.832038 0.071945 0.071945
0 0.721851 0.495067 0.071945 0.071945
0 0.480873 0.950587 0.062220 0.062220
0 0.722111 0.565891 0.061130 0.061130
0 0.504975 0.156319 0.071945 0.071945
0 0.278652 0.361916 0.061130 0.061130
0 0.170005 0.260758 0.071945 0.071945
0 0.336654 0.476454 0.052757 0.052757
0 0.602131 0.391569 0.057104 0.057104
0 0.966785 0.251515 0.061131 0.061131
0 0.008246 0.937814 0.057104 0.057104
0 0.377201 0.802208 0.071945 0.071945
0 0.158909 0.429051 0.061130 0.061130
0 0.129578 0.345386 0.062220 0.062220
0 0.811502 0.909309 0.052757 0.052757
0 0.273348 0.196572 0.062220 0.062220
0 0.389009 0.025572 0.061130 0.061130
0 0.521048 0.868847 0.061130 0.061130
0 0.616326 0.269695 0.052757 0.052757
0 0.178947 0.591352 0.052757 0.052757
0 0.329121 0.627637 0.057104 0.057104
0 0.308931 0.912012 0.071945 0.071945
0 0.637480 0.080241 0.071945 0.071945
0 0.022820 0.847121 0.071945 0.071945
0 0.846264 0.483559 0.052757 0.052757
0 0.327775 0.133959 0.061130 0.061130
0 0.427868 0.226495 0.057104 0.057104
0 0.320017 0.050277 0.104277 0.104277
0 0.527469 0.304111 0.062220 0.062220
0 0.524636 0.030905 0.104277 0.104277
0 0.533941 0.562776 0.104277 0.104277
0 0.889128 0.723070 0.052757 0.052757
0 0.270228 0.438551 0.104277 0.104277
0 0.801175 0.774934 0.052757 0.052757
0 0.230874 0.292572 0.071945 0.071945
0 0.620712 0.841321 0.057104 0.057104
0 0.473772 0.360200 0.104277 0.104277
0 0.952668 0.040599 0.104277 0.104277
0 0.628605 0.164157 0.057104 0.057104
0 0.111812 0.200736 0.050932 0.050932
0 0.996822 0.572737 0.057104 0.057104
0 0.248548 0.021850 0.052757 0.052757
0 0.866120 0.005821 0.071945 0.071945
0 0.438780 0.138412 0.057104 0.057104
0 0.830109 0.369650 0.104277 0.104277
0 0.222349 0.088876 0.061130 0.061130
0 0.534255 0.796311 0.050559 0.050559
0 0.663394 0.739090 0.061130 0.061130
0 0.792665 0.559462 0.071945 0.071945
0 0.894652 0.413848 0.057104 0.057104
0 0.934698 0.470986 0.104277 0.104277
0 0.435897 0.531867 0.061131 0.061131
0 0.283004 0.573192 0.104277 0.104277
0 0.791465 0.654015 0.071945 0.071945
0 0.740190 0.314947 0.052757 0.052757
0 0.667627 0.349174 0.104277 0.104277
0 0.183141 0.185561 0.062220 0.062220
0 0.357909 0.401919 0.071945 0.071945
0 0.188902 0.512948 0.061130 0.061130
0 0.598110 0.468139 0.071945 0.071945
0 0.057849 0.103235 0.052757 0.052757
0 0.089417 0.700398 0.104277 0.104277
0 0.904374 0.562590 0.104277 0.104277
0 0.628817 0.606079 0.104277 0.104277
0 0.393310 0.925993 0.052757 0.052757
0 0.053569 0.321340 0.071945 0.071945
0 0.803076 0.085720 0.057104 0.057104
0 0.137799 0.111116 0.071945 0.071945
0 0.128701 0.870658 0.104277 0.104277