0 0.403342 0.174477 0.104277 0.104277
0 0.075802 0.382005 0.104278 0.104278
0 0.329845 0.973782 0.071945 0.071945
0 0.553632 0.172153 0.062220 0.062220
0 0.604966 0.941761 0.071945 0.071945
0 0.885344 0.682082 0.071945 0.071945
0 0.131458 0.819127 0.104277 0.104277
0 0.193946 0.543353 0.052757 0.052757
0 0.374243 0.730099 0.061130 0.061130
0 0.780521 0.855076 0.104277 0.104277
0 0.916890 0.162628 0.047276 0.047276
0 0.807244 0.469229 0.062220 0.062220
0 0.093240 0.492810 0.052757 0.052757
0 0.547187 0.691975 0.071945 0.071945
0 0.114311 0.664037 0.052757 0.052757
0 0.227994 0.993237 0.062220 0.062220
0 0.397466 0.089292 0.057104 0.057104
0 0.190618 0.739172 0.071945 0.071945
0 0.433328 0.275928 0.051819 0.051819
0 0.613476 0.219641 0.052757 0.052757
0 0.326034 0.564729 0.104277 0.104277
0 0.625895 0.810833 0.104277 0.104277
0 0.743674 0.622026 0.071945 0.071945
0 0.674752 0.168156 0.057103 0.057103
0 0.748421 0.553580 0.062220 0.062220
0 0.686377 0.749331 0.057104 0.057104
0 0.729344 0.923006 0.062220 0.062220
0 0.629094 0.681115 0.062220 0.062220
0 0.590368 0.007489 0.036679 0.036679
0 0.025648 0.293443 0.052757 0.052757
0 0.709406 0.285496 0.104277 0.104277
0 0.509169 0.346272 0.104277 0.104277
0 0.814743 0.653808 0.061130 0.061130
0 0.504306 0.272979 0.071945 0.071945
0 0.900898 0.268553 0.071945 0.071945
0 0.268491 0.815461 0.052757 0.052757
0 0.210777 0.285688 0.052757 0.052757
0 0.806737 0.300364 0.061131 0.061131
0 0.078515 0.738216 0.104277 0.104277
0 0.025812 0.599862 0.057104 0.057104
0 0.231149 0.681466 0.052757 0.052757
0 0.922776 0.051626 0.057104 0.057104
0 0.425624 0.432901 0.054783 0.054783
0 0.562467 0.878037 0.062220 0.062220
0 0.406154 0.953587 0.061131 0.061131
0 0.593176 0.366813 0.057103 0.057103
0 0.364547 0.882038 0.071945 0.071945
0 0.393726 0.545067 0.071945 0.071945
0 0.393986 0.615891 0.061130 0.061130
0 0.176850 0.206319 0.071945 0.071945
0 0.008529 0.526454 0.052757 0.052757
0 0.687482 0.433634 0.061131 0.061131
0 0.274006 0.441569 0.057104 0.057104
0 0.638660 0.301515 0.061131 0.061131
0 0.049076 0.852208 0.071945 0.071945
0 0.848989 0.910982 0.045227 0.045227
0 0.483377 0.959309 0.052757 0.052757
0 0.060884 0.075572 0.061130 0.061130
0 0.904231 0.394057 0.071945 0.071945
0 0.909613 0.532582 0.104278 0.104278
0 0.839214 0.154495 0.062220 0.062220
0 0.192923 0.918847 0.061130 0.061130
0 0.288201 0.319695 0.052757 0.052757
0 0.904654 0.814777 0.061130 0.061130
0 0.000996 0.677637 0.057104 0.057104
0 0.145950 0.032368 0.104277 0.104277
0 0.309355 0.130241 0.071945 0.071945
0 0.840818 0.367160 0.104278 0.104278
0 0.518139 0.533559 0.052757 0.052757
0 0.813798 0.009568 0.104277 0.104277
0 0.099743 0.276495 0.057104 0.057104
0 0.199344 0.354111 0.062220 0.062220
0 0.764171 0.406739 0.062220 0.062220
0 0.196511 0.080905 0.104277 0.104277
0 0.205816 0.612776 0.104277 0.104277
0 0.561003 0.773070 0.052757 0.052757
0 0.482332 0.007903 0.062220 0.062220
0 0.473050 0.824934 0.052757 0.052757
0 0.292587 0.891321 0.057104 0.057104
0 0.145647 0.410200 0.104277 0.104277
0 0.624543 0.090599 0.104277 0.104277
0 0.300480 0.214157 0.057104 0.057104
0 0.763060 0.758474 0.061131 0.061131
0 0.668697 0.622737 0.057104 0.057104
0 0.687732 0.357238 0.071945 0.071945
0 0.537995 0.055821 0.071945 0.071945
0 0.256349 0.036965 0.052757 0.052757
0 0.110655 0.188412 0.057104 0.057104
0 0.501984 0.419650 0.104277 0.104277
0 0.692264 0.852192 0.061131 0.061131
0 0.206130 0.846311 0.050559 0.050559
0 0.678890 0.045968 0.061131 0.061131
0 0.335269 0.789090 0.061130 0.061130
0 0.464540 0.609462 0.071945 0.071945
0 0.566527 0.463848 0.057104 0.057104
0 0.606573 0.520986 0.104277 0.104277
0 0.107772 0.581867 0.061131 0.061131
0 0.463340 0.704015 0.071945 0.071945
0 0.412065 0.364947 0.052757 0.052757
0 0.339502 0.399174 0.104277 0.104277
0 0.850183 0.771968 0.052757 0.052757
0 0.029784 0.451919 0.071945 0.071945
0 0.771558 0.082965 0.071945 0.071945
0 0.269985 0.518139 0.071945 0.071945
0 0.576249 0.612590 0.104277 0.104277
0 0.300692 0.656079 0.104277 0.104277
0 0.065185 0.975993 0.052757 0.052757
0 0.852458 0.578135 0.061131 0.061131
0 0.474951 0.135720 0.057104 0.057104
0 0.744702 0.218451 0.061131 0.061131