0 0.078683 0.538479 0.062220 0.062220
0 0.040457 0.344455 0.062220 0.062220
0 0.529845 0.061282 0.071945 0.071945
0 0.731389 0.671933 0.052757 0.052757
0 0.804966 0.029261 0.071945 0.071945
0 0.837094 0.144631 0.052757 0.052757
0 0.538529 0.431614 0.061130 0.061130
0 0.981254 0.368119 0.062220 0.062220
0 0.964610 0.538312 0.052757 0.052757
0 0.600656 0.539706 0.104277 0.104277
0 0.078129 0.074370 0.104277 0.104277
0 0.424593 0.327995 0.104277 0.104277
0 0.383454 0.449606 0.104277 0.104277
0 0.269970 0.491580 0.071945 0.071945
0 0.427994 0.080737 0.062220 0.062220
0 0.857409 0.390915 0.104277 0.104277
0 0.453347 0.252995 0.057104 0.057104
0 0.947517 0.105695 0.104277 0.104277
0 0.996867 0.648036 0.061130 0.061130
0 0.968424 0.719016 0.104277 0.104277
0 0.902656 0.296814 0.071945 0.071945
0 0.463471 0.607605 0.062220 0.062220
0 0.521694 0.235431 0.104277 0.104277
0 0.938908 0.449573 0.052757 0.052757
0 0.679356 0.532623 0.062220 0.062220
0 0.407047 0.176493 0.061130 0.061130
0 0.286352 0.218367 0.057104 0.057104
0 0.028724 0.243315 0.062220 0.062220
0 0.929344 0.010506 0.062220 0.062220
0 0.682086 0.137693 0.052757 0.052757
0 0.223868 0.325125 0.057104 0.057104
0 0.339844 0.355216 0.104277 0.104277
0 0.133933 0.681271 0.071945 0.071945
0 0.070613 0.151525 0.057104 0.057104
0 0.800829 0.525443 0.062220 0.062220
0 0.649303 0.324561 0.071945 0.071945
0 0.279281 0.564545 0.071945 0.071945
0 0.859307 0.239570 0.102474 0.102474
0 0.086530 0.609281 0.057104 0.057104
0 0.900196 0.596690 0.071945 0.071945
0 0.753643 0.231745 0.104277 0.104277
0 0.107159 0.286968 0.057104 0.057104
0 0.802046 0.696484 0.104277 0.104277
0 0.606154 0.041087 0.061131 0.061131
0 0.050374 0.688934 0.052757 0.052757
0 0.352748 0.088087 0.062220 0.062220
0 0.886693 0.693371 0.104277 0.104277
0 0.567693 0.292398 0.057104 0.057104
0 0.305389 0.428937 0.057104 0.057104
0 0.380415 0.245925 0.104277 0.104277
0 0.009679 0.580295 0.050891 0.050891
0 0.173549 0.472601 0.062220 0.062220
0 0.294368 0.681667 0.057104 0.057104
0 0.708297 0.598376 0.062220 0.062220
0 0.683377 0.046809 0.052757 0.052757
0 0.038089 0.471360 0.104277 0.104277
0 0.392923 0.006347 0.061130 0.061130
0 0.663048 0.696947 0.052757 0.052757
0 0.666486 0.253919 0.062220 0.062220
0 0.199937 0.600538 0.061130 0.061130
0 0.610909 0.433678 0.104277 0.104277
0 0.203461 0.195656 0.062220 0.062220
0 0.180806 0.049512 0.071945 0.071945
0 0.338360 0.515690 0.062220 0.062220
0 0.522904 0.661408 0.052757 0.052757
0 0.794891 0.623344 0.052757 0.052757
0 0.209515 0.703888 0.062220 0.062220
0 0.439002 0.397331 0.062220 0.062220
0 0.313215 0.286678 0.071945 0.071945
0 0.614526 0.609238 0.061131 0.061131
0 0.589851 0.359400 0.104277 0.104277
0 0.863967 0.496511 0.052757 0.052757
0 0.760072 0.138870 0.055027 0.055027
0 0.550763 0.167783 0.062220 0.062220
0 0.433289 0.692318 0.061130 0.061130
0 0.970101 0.243048 0.104277 0.104277
0 0.578507 0.710453 0.062220 0.062220
0 0.700352 0.431946 0.052757 0.052757
0 0.220532 0.408158 0.052757 0.052757
0 0.506753 0.324746 0.071945 0.071945
0 0.375282 0.595803 0.061131 0.061131
0 0.622802 0.180593 0.104277 0.104277
0 0.786812 0.324850 0.061130 0.061130
0 0.465303 0.524856 0.104277 0.104277
0 0.147307 0.403436 0.052757 0.052757
0 0.180979 0.268822 0.061130 0.061130
0 0.265185 0.063493 0.052757 0.052757
0 0.000576 0.008158 0.104277 0.104277