0 0.267345 0.173782 0.071945 0.071945
0 0.829884 0.680484 0.104277 0.104277
0 0.468889 0.784433 0.052757 0.052757
0 0.542466 0.141761 0.071945 0.071945
0 0.068958 0.019127 0.104277 0.104277
0 0.574594 0.257131 0.052757 0.052757
0 0.276029 0.544114 0.061130 0.061130
0 0.812877 0.364285 0.061131 0.061131
0 0.718754 0.480619 0.062220 0.062220
0 0.718021 0.055076 0.104277 0.104277
0 0.702110 0.650812 0.052757 0.052757
0 0.338156 0.652206 0.104277 0.104277
0 0.859932 0.772937 0.052757 0.052757
0 0.162093 0.440495 0.104277 0.104277
0 0.120954 0.562106 0.104277 0.104277
0 0.007470 0.604080 0.071945 0.071945
0 0.165494 0.193237 0.062220 0.062220
0 0.594909 0.503415 0.104277 0.104277
0 0.190847 0.365495 0.057104 0.057104
0 0.685017 0.218195 0.104277 0.104277
0 0.734367 0.760536 0.061130 0.061130
0 0.705924 0.831516 0.104277 0.104277
0 0.640156 0.409314 0.071945 0.071945
0 0.850214 0.301938 0.052757 0.052757
0 0.563395 0.010833 0.104277 0.104277
0 0.200971 0.720105 0.062220 0.062220
0 0.259194 0.347931 0.104277 0.104277
0 0.676408 0.562073 0.052757 0.052757
0 0.416856 0.645123 0.062220 0.062220
0 0.144547 0.288993 0.061130 0.061130
0 0.023852 0.330867 0.057104 0.057104
0 0.666844 0.123006 0.062220 0.062220
0 0.419586 0.250193 0.052757 0.052757
0 0.077344 0.467716 0.104277 0.104277
0 0.538329 0.637943 0.062220 0.062220
0 0.386803 0.437061 0.071945 0.071945
0 0.016781 0.677045 0.071945 0.071945
0 0.596807 0.352070 0.102474 0.102474
0 0.637696 0.709190 0.071945 0.071945
0 0.205991 0.015461 0.052757 0.052757
0 0.491143 0.344245 0.104277 0.104277
0 0.539546 0.808984 0.104277 0.104277
0 0.499967 0.078037 0.062220 0.062220
0 0.343654 0.153587 0.061131 0.061131
0 0.302047 0.082038 0.071945 0.071945
0 0.090248 0.200587 0.062220 0.062220
0 0.624193 0.805871 0.104277 0.104277
0 0.305193 0.404898 0.057104 0.057104
0 0.042889 0.541437 0.057104 0.057104
0 0.117915 0.358425 0.104277 0.104277
0 0.031868 0.794167 0.057104 0.057104
0 0.786489 0.110982 0.045227 0.045227
0 0.445797 0.710876 0.062220 0.062220
0 0.420877 0.159309 0.052757 0.052757
0 0.130423 0.118847 0.061130 0.061130
0 0.842154 0.014777 0.061130 0.061130
0 0.400548 0.809447 0.052757 0.052757
0 0.403986 0.366419 0.062220 0.062220
0 0.348409 0.546178 0.104277 0.104277
0 0.075860 0.628190 0.062220 0.062220
0 0.260404 0.773908 0.052757 0.052757
0 0.532391 0.735844 0.052757 0.052757
0 0.176502 0.509831 0.062220 0.062220
0 0.050715 0.399178 0.071945 0.071945
0 0.410550 0.024934 0.052757 0.052757
0 0.833743 0.581632 0.061131 0.061131
0 0.352026 0.721738 0.061131 0.061131
0 0.230087 0.091321 0.057104 0.057104
0 0.327351 0.471900 0.104277 0.104277
0 0.799315 0.457644 0.061131 0.061131
0 0.765569 0.608729 0.062221 0.062221
0 0.601467 0.609011 0.052757 0.052757
0 0.497572 0.251370 0.055027 0.055027
0 0.629764 0.052192 0.061131 0.061131
0 0.288263 0.280283 0.062220 0.062220
0 0.170789 0.804818 0.061130 0.061130
0 0.707601 0.355548 0.104277 0.104277
0 0.316007 0.822953 0.062220 0.062220
0 0.143630 0.046311 0.050559 0.050559
0 0.437852 0.544446 0.052757 0.052757
0 0.244253 0.437246 0.071945 0.071945
0 0.112782 0.708303 0.061131 0.061131
0 0.360302 0.293093 0.104277 0.104277
0 0.524312 0.437350 0.061130 0.061130
0 0.202803 0.637356 0.104277 0.104277
0 0.002685 0.175993 0.052757 0.052757
0 0.762340 0.304222 0.057104 0.057104
0 0.776290 0.228139 0.088662 0.088662