0 0.926721 0.885493 0.104277 0.104277
0 0.382535 0.661427 0.062220 0.062220
0 0.307092 0.888643 0.052757 0.052757
0 0.301362 0.125856 0.104277 0.104277
0 0.329420 0.535812 0.057103 0.057103
0 0.998731 0.931989 0.057104 0.057104
0 0.498473 0.783103 0.071945 0.071945
0 0.545721 0.845542 0.061130 0.061130
0 0.100766 0.581457 0.052757 0.052757
0 0.723855 0.969497 0.052757 0.052757
0 0.848843 0.585381 0.061131 0.061131
0 0.791055 0.905406 0.052757 0.052757
0 0.534225 0.286002 0.057104 0.057104
0 0.783969 0.506688 0.062220 0.062220
0 0.896118 0.987689 0.071945 0.071945
0 0.261540 0.357950 0.104277 0.104277
0 0.245582 0.800137 0.071945 0.071945
0 0.175337 0.793052 0.057104 0.057104
0 0.755853 0.190722 0.061131 0.061131
0 0.070301 0.291009 0.104277 0.104277
0 0.443390 0.959044 0.057104 0.057104
0 0.280937 0.222099 0.057104 0.057104
0 0.471990 0.441133 0.057104 0.057104
0 0.229507 0.170968 0.104277 0.104277
0 0.819265 0.087192 0.071945 0.071945
0 0.001446 0.349361 0.062220 0.062220
0 0.590579 0.723235 0.061130 0.061130
0 0.505154 0.202429 0.104277 0.104277
0 0.392013 0.483568 0.052757 0.052757
0 0.195868 0.039916 0.052757 0.052757
0 0.670316 0.021493 0.104277 0.104277
0 0.462929 0.023277 0.062220 0.062220
0 0.145188 0.506910 0.062220 0.062220
0 0.881348 0.336106 0.071945 0.071945
0 0.862716 0.787525 0.104277 0.104277
0 0.317254 0.286598 0.057104 0.057104
0 0.474408 0.535633 0.057104 0.057104
0 0.376513 0.922996 0.104277 0.104277
0 0.240553 0.701174 0.057104 0.057104
0 0.482269 0.702921 0.057104 0.057104
0 0.147908 0.878303 0.057104 0.057104
0 0.522798 0.364962 0.052757 0.052757
0 0.593989 0.434043 0.104277 0.104277
0 0.562546 0.003154 0.062220 0.062220
0 0.350835 0.817258 0.104277 0.104277
0 0.634878 0.934661 0.052757 0.052757
0 0.155392 0.710557 0.052757 0.052757
0 0.895156 0.470520 0.061131 0.061131
0 0.350093 0.722527 0.052757 0.052757
0 0.167004 0.641848 0.061130 0.061130
0 0.535457 0.636020 0.104277 0.104277
0 0.670766 0.519217 0.061130 0.061130
0 0.360737 0.162065 0.052757 0.052757
0 0.406679 0.373648 0.057104 0.057104
0 0.235958 0.556666 0.071945 0.071945
0 0.753252 0.417005 0.104277 0.104277
0 0.073972 0.969289 0.061130 0.061130
0 0.966133 0.301465 0.062220 0.062220
0 0.658177 0.254368 0.062220 0.062220
0 0.984695 0.540899 0.057104 0.057104
0 0.061548 0.049976 0.061130 0.061130
0 0.440845 0.885297 0.062220 0.062220
0 0.218757 0.297816 0.052757 0.052757
0 0.849164 0.015667 0.061131 0.061131
0 0.755177 0.824994 0.052757 0.052757
0 0.747944 0.595331 0.062220 0.062220
0 0.753008 0.052985 0.061131 0.061131
0 0.015119 0.419017 0.057104 0.057104
0 0.551121 0.509741 0.061130 0.061130
0 0.078649 0.162027 0.057104 0.057104
0 0.712709 0.658949 0.104278 0.104278
0 0.715992 0.131148 0.052757 0.052757
0 0.795626 0.325969 0.061131 0.061131
0 0.093155 0.669993 0.061130 0.061130
0 0.059767 0.507179 0.062220 0.062220
0 0.962852 0.723120 0.062220 0.062220
0 0.237585 0.905789 0.057104 0.057104
0 0.548093 0.914696 0.057104 0.057104
0 0.039781 0.847963 0.104277 0.104277
0 0.769727 0.724860 0.062220 0.062220
0 0.648284 0.839436 0.057104 0.057104
0 0.594043 0.156563 0.104277 0.104277
0 0.372561 0.236550 0.061130 0.061130
0 0.316412 0.056466 0.104277 0.104277
0 0.237349 0.983898 0.061130 0.061130
0 0.167186 0.971177 0.062220 0.062220
0 0.512201 0.989161 0.048997 0.048997
0 0.801647 0.657231 0.071945 0.071945
0 0.083172 0.429244 0.057104 0.057104
0 0.715227 0.893792 0.062220 0.062220
0 0.381997 0.085555 0.071945 0.071945
0 0.612560 0.311997 0.061130 0.061130
0 0.448870 0.620343 0.057104 0.057104
0 0.647286 0.617029 0.104277 0.104277
0 0.323628 0.610692 0.104277 0.104277
0 0.979081 0.390790 0.057104 0.057104
0 0.884930 0.138811 0.104277 0.104277
0 0.841848 0.714157 0.052757 0.052757
0 0.653319 0.384910 0.061130 0.061130
0 0.015153 0.209705 0.062220 0.062220
0 0.951272 0.208248 0.052757 0.052757
0 0.830300 0.426931 0.071945 0.071945
0 0.958427 0.073792 0.071945 0.071945
0 0.596226 0.069412 0.057104 0.057104
0 0.347755 0.415769 0.062220 0.062220
0 0.698765 0.323720 0.071945 0.071945
0 0.446948 0.110711 0.057104 0.057104
0 0.045937 0.771500 0.061130 0.061130
0 0.129025 0.338925 0.104277 0.104277
0 0.247566 0.474624 0.052757 0.052757
0 0.134427 0.219220 0.057104 0.057104
0 0.430002 0.807405 0.057104 0.057104
0 0.194817 0.400081 0.062220 0.062220
0 0.838829 0.197948 0.052757 0.052757
0 0.013959 0.707690 0.062220 0.062220
0 0.930657 0.600540 0.061131 0.061131