0 0.393967 0.218227 0.104277 0.104277
0 0.350419 0.006236 0.061130 0.061130
0 0.066427 0.425755 0.104278 0.104278
0 0.544257 0.215903 0.062220 0.062220
0 0.595591 0.985511 0.071945 0.071945
0 0.875969 0.725832 0.071945 0.071945
0 0.122083 0.862877 0.104277 0.104277
0 0.184571 0.587103 0.052757 0.052757
0 0.653768 0.014510 0.071945 0.071945
0 0.364868 0.773849 0.061130 0.061130
0 0.771146 0.898826 0.104277 0.104277
0 0.907515 0.206378 0.047276 0.047276
0 0.797869 0.512979 0.062220 0.062220
0 0.083865 0.536560 0.052757 0.052757
0 0.537812 0.735725 0.071945 0.071945
0 0.104936 0.707787 0.052757 0.052757
0 0.388091 0.133042 0.057104 0.057104
0 0.181243 0.782922 0.071945 0.071945
0 0.423953 0.319678 0.051819 0.051819
0 0.604101 0.263391 0.052757 0.052757
0 0.316659 0.608479 0.104277 0.104277
0 0.616520 0.854583 0.104277 0.104277
0 0.734299 0.665776 0.071945 0.071945
0 0.665377 0.211906 0.057103 0.057103
0 0.739046 0.597330 0.062220 0.062220
0 0.677002 0.793081 0.057104 0.057104
0 0.719969 0.966756 0.062220 0.062220
0 0.619719 0.724865 0.062220 0.062220
0 0.580993 0.051239 0.036679 0.036679
0 0.016273 0.337193 0.052757 0.052757
0 0.700031 0.329246 0.104277 0.104277
0 0.499794 0.390022 0.104277 0.104277
0 0.805368 0.697558 0.061130 0.061130
0 0.494931 0.316729 0.071945 0.071945
0 0.891523 0.312303 0.071945 0.071945
0 0.259116 0.859211 0.052757 0.052757
0 0.201402 0.329438 0.052757 0.052757
0 0.797362 0.344114 0.061131 0.061131
0 0.069140 0.781966 0.104277 0.104277
0 0.016437 0.643612 0.057104 0.057104
0 0.221774 0.725216 0.052757 0.052757
0 0.913401 0.095376 0.057104 0.057104
0 0.416249 0.476651 0.054783 0.054783
0 0.721176 0.037394 0.062220 0.062220
0 0.553092 0.921787 0.062220 0.062220
0 0.396779 0.997337 0.061131 0.061131
0 0.583801 0.410563 0.057103 0.057103
0 0.355172 0.925788 0.071945 0.071945
0 0.384351 0.588817 0.071945 0.071945
0 0.384611 0.659641 0.061130 0.061130
0 0.167475 0.250069 0.071945 0.071945
0 0.678107 0.477384 0.061131 0.061131
0 0.264631 0.485319 0.057104 0.057104
0 0.629285 0.345265 0.061131 0.061131
0 0.039701 0.895958 0.071945 0.071945
0 0.839614 0.954732 0.045227 0.045227
0 0.051509 0.119322 0.061130 0.061130
0 0.894856 0.437807 0.071945 0.071945
0 0.900238 0.576332 0.104278 0.104278
0 0.829839 0.198245 0.062220 0.062220
0 0.183548 0.962597 0.061130 0.061130
0 0.278826 0.363445 0.052757 0.052757
0 0.895279 0.858527 0.061130 0.061130
0 0.136575 0.076118 0.104277 0.104277
0 0.299980 0.173991 0.071945 0.071945
0 0.831443 0.410910 0.104278 0.104278
0 0.508764 0.577309 0.052757 0.052757
0 0.804423 0.053318 0.104277 0.104277
0 0.090368 0.320245 0.057104 0.057104
0 0.189969 0.397861 0.062220 0.062220
0 0.754796 0.450489 0.062220 0.062220
0 0.187136 0.124655 0.104277 0.104277
0 0.166041 0.011965 0.052757 0.052757
0 0.196441 0.656526 0.104277 0.104277
0 0.551628 0.816820 0.052757 0.052757
0 0.472957 0.051653 0.062220 0.062220
0 0.463675 0.868684 0.052757 0.052757
0 0.283212 0.935071 0.057104 0.057104
0 0.136272 0.453950 0.104277 0.104277
0 0.615168 0.134349 0.104277 0.104277
0 0.291105 0.257907 0.057104 0.057104
0 0.753685 0.802224 0.061131 0.061131
0 0.659322 0.666487 0.057104 0.057104
0 0.678357 0.400988 0.071945 0.071945
0 0.528620 0.099571 0.071945 0.071945
0 0.246974 0.080715 0.052757 0.052757
0 0.101280 0.232162 0.057104 0.057104
0 0.492609 0.463400 0.104277 0.104277
0 0.682889 0.895942 0.061131 0.061131
0 0.196755 0.890061 0.050559 0.050559
0 0.669515 0.089718 0.061131 0.061131
0 0.325894 0.832840 0.061130 0.061130
0 0.455165 0.653212 0.071945 0.071945
0 0.557152 0.507598 0.057104 0.057104
0 0.597198 0.564736 0.104277 0.104277
0 0.098397 0.625617 0.061131 0.061131
0 0.453965 0.747765 0.071945 0.071945
0 0.402690 0.408697 0.052757 0.052757
0 0.330127 0.442924 0.104277 0.104277
0 0.840808 0.815718 0.052757 0.052757
0 0.020409 0.495669 0.071945 0.071945
0 0.762183 0.126715 0.071945 0.071945
0 0.260610 0.561889 0.071945 0.071945
0 0.566874 0.656340 0.104277 0.104277
0 0.291317 0.699829 0.104277 0.104277
0 0.843083 0.621885 0.061131 0.061131
0 0.465576 0.179470 0.057104 0.057104
0 0.735327 0.262201 0.061131 0.061131