0 0.887717 0.324477 0.104277 0.104277
0 0.844169 0.112486 0.061130 0.061130
0 0.560177 0.532005 0.104278 0.104278
0 0.744940 0.074384 0.052757 0.052757
0 0.615833 0.969127 0.104277 0.104277
0 0.678321 0.693353 0.052757 0.052757
0 0.858618 0.880099 0.061130 0.061130
0 0.289136 0.027481 0.052757 0.052757
0 0.202854 0.684328 0.061130 0.061130
0 0.577615 0.642810 0.052757 0.052757
0 0.598686 0.814037 0.052757 0.052757
0 0.342237 0.962900 0.104277 0.104277
0 0.881841 0.239292 0.057104 0.057104
0 0.674993 0.889172 0.071945 0.071945
0 0.424594 0.894698 0.104277 0.104277
0 0.917703 0.425928 0.051819 0.051819
0 0.348761 0.863758 0.061130 0.061130
0 0.212822 0.448662 0.057104 0.057104
0 0.563869 0.102483 0.104277 0.104277
0 0.821847 0.039023 0.061131 0.061131
0 0.255832 0.761715 0.104277 0.104277
0 0.288681 0.235311 0.057104 0.057104
0 0.810409 0.714729 0.104277 0.104277
0 0.510023 0.443443 0.052757 0.052757
0 0.054318 0.534037 0.104277 0.104277
0 0.908505 0.088100 0.057104 0.057104
0 0.993544 0.496272 0.104277 0.104277
0 0.988681 0.422979 0.071945 0.071945
0 0.197704 0.603198 0.104277 0.104277
0 0.643273 0.040733 0.071945 0.071945
0 0.752866 0.965461 0.052757 0.052757
0 0.695152 0.435688 0.052757 0.052757
0 0.133659 0.685255 0.052757 0.052757
0 0.562890 0.888216 0.104277 0.104277
0 0.510187 0.749862 0.057104 0.057104
0 0.715524 0.831466 0.052757 0.052757
0 0.909999 0.582901 0.054783 0.054783
0 0.413355 0.973848 0.061130 0.061130
0 0.878101 0.695067 0.071945 0.071945
0 0.088186 0.904399 0.104278 0.104278
0 0.878361 0.765891 0.061130 0.061130
0 0.661225 0.356319 0.071945 0.071945
0 0.155035 0.882790 0.052757 0.052757
0 0.434902 0.561916 0.061130 0.061130
0 0.326255 0.460758 0.071945 0.071945
0 0.492904 0.676454 0.052757 0.052757
0 0.758381 0.591569 0.057104 0.057104
0 0.714492 0.007182 0.057104 0.057104
0 0.036088 0.342262 0.061130 0.061130
0 0.335003 0.183944 0.071945 0.071945
0 0.315159 0.629051 0.061130 0.061130
0 0.285828 0.545386 0.062220 0.062220
0 0.429598 0.396572 0.062220 0.062220
0 0.545259 0.225572 0.061130 0.061130
0 0.772576 0.469695 0.052757 0.052757
0 0.335197 0.791352 0.052757 0.052757
0 0.485371 0.827637 0.057104 0.057104
0 0.480571 0.127833 0.061130 0.061130
0 0.048189 0.971663 0.071945 0.071945
0 0.451645 0.056098 0.061130 0.061130
0 0.630325 0.182368 0.104277 0.104277
0 0.793730 0.280241 0.071945 0.071945
0 0.484025 0.333959 0.061130 0.061130
0 0.046288 0.067885 0.071945 0.071945
0 0.584118 0.426495 0.057104 0.057104
0 0.476267 0.250277 0.104277 0.104277
0 0.683719 0.504111 0.062220 0.062220
0 0.680886 0.230905 0.104277 0.104277
0 0.165575 0.019016 0.052757 0.052757
0 0.659791 0.118215 0.052757 0.052757
0 0.690191 0.762776 0.104277 0.104277
0 0.966707 0.157903 0.062220 0.062220
0 0.426478 0.638551 0.104277 0.104277
0 0.957425 0.974934 0.052757 0.052757
0 0.387124 0.492572 0.071945 0.071945
0 0.630022 0.560200 0.104277 0.104277
0 0.784855 0.364157 0.057104 0.057104
0 0.128190 0.556639 0.071945 0.071945
0 0.268062 0.400736 0.050932 0.050932
0 0.404798 0.221850 0.052757 0.052757
0 0.170935 0.168741 0.071945 0.071945
0 0.381695 0.128910 0.061130 0.061130
0 0.740724 0.186965 0.052757 0.052757
0 0.595030 0.338412 0.057104 0.057104
0 0.986359 0.569650 0.104277 0.104277
0 0.128519 0.455372 0.071945 0.071945
0 0.036156 0.218543 0.104277 0.104277
0 0.378599 0.288876 0.061130 0.061130
0 0.240964 0.132035 0.071945 0.071945
0 0.690505 0.996311 0.050559 0.050559
0 0.001487 0.819654 0.104277 0.104277
0 0.819644 0.939090 0.061130 0.061130
0 0.948915 0.759462 0.071945 0.071945
0 0.051630 0.663889 0.104277 0.104277
0 0.592147 0.731867 0.061131 0.061131
0 0.439254 0.773192 0.104277 0.104277
0 0.947715 0.854015 0.071945 0.071945
0 0.042136 0.440191 0.052757 0.052757
0 0.896440 0.514947 0.052757 0.052757
0 0.823877 0.549174 0.104277 0.104277
0 0.339391 0.385561 0.062220 0.062220
0 0.135146 0.363465 0.062220 0.062220
0 0.049535 0.754252 0.062220 0.062220
0 0.116045 0.789294 0.071945 0.071945
0 0.514159 0.601919 0.071945 0.071945
0 0.345152 0.712948 0.061130 0.061130
0 0.754360 0.668139 0.071945 0.071945
0 0.079999 0.278439 0.047555 0.047555
0 0.214099 0.303235 0.052757 0.052757
0 0.245667 0.900398 0.104277 0.104277
0 0.785067 0.806079 0.104277 0.104277
0 0.019218 0.895670 0.052757 0.052757
0 0.498544 0.001522 0.071945 0.071945
0 0.209819 0.521340 0.071945 0.071945
0 0.959326 0.285720 0.057104 0.057104
0 0.294049 0.311116 0.071945 0.071945