0 0.610963 0.916142 0.071945 0.071945
0 0.762776 0.901752 0.071945 0.071945
0 0.813682 0.450786 0.104277 0.104277
0 0.846162 0.792055 0.061131 0.061131
0 0.554846 0.779243 0.104277 0.104277
0 0.917239 0.061644 0.062220 0.062220
0 0.010660 0.555177 0.062220 0.062220
0 0.966814 0.325071 0.057104 0.057104
0 0.894974 0.176554 0.104277 0.104277
0 0.877277 0.528450 0.104277 0.104277
0 0.424909 0.951699 0.062220 0.062220
0 0.682918 0.715214 0.052757 0.052757
0 0.880168 0.367030 0.061131 0.061131
0 0.626856 0.825739 0.057104 0.057104
0 0.126598 0.676853 0.071945 0.071945
0 0.763384 0.290563 0.071945 0.071945
0 0.173846 0.739292 0.061130 0.061130
0 0.945995 0.769695 0.104277 0.104277
0 0.980393 0.190842 0.062220 0.062220
0 0.351980 0.863247 0.052757 0.052757
0 0.816272 0.586105 0.062220 0.062220
0 0.734145 0.969853 0.057104 0.057104
0 0.654098 0.652653 0.057104 0.057104
0 0.650945 0.491828 0.052757 0.052757
0 0.762099 0.630091 0.061130 0.061130
0 0.476968 0.479131 0.061131 0.061131
0 0.105365 0.952332 0.057104 0.057104
0 0.982135 0.011247 0.071945 0.071945
0 0.419180 0.799156 0.052757 0.052757
0 0.192296 0.948589 0.057104 0.057104
0 0.162350 0.179752 0.057104 0.057104
0 0.971962 0.502900 0.061130 0.061130
0 0.990258 0.986912 0.104277 0.104277
0 0.412094 0.400438 0.062220 0.062220
0 0.705028 0.587114 0.061131 0.061131
0 0.524243 0.881439 0.071945 0.071945
0 0.754255 0.520567 0.057104 0.057104
0 0.821169 0.114372 0.071945 0.071945
0 0.383978 0.084472 0.061131 0.061131
0 0.071515 0.852794 0.057104 0.057104
0 0.696631 0.114398 0.104277 0.104277
0 0.100115 0.334883 0.057104 0.057104
0 0.820547 0.246075 0.104277 0.104277
0 0.218704 0.616985 0.061130 0.061130
0 0.842823 0.952252 0.061130 0.061130
0 0.977749 0.577775 0.061130 0.061130
0 0.133279 0.096179 0.104277 0.104277
0 0.020138 0.377318 0.052757 0.052757
0 0.509473 0.229856 0.071945 0.071945
0 0.490841 0.681275 0.104277 0.104277
0 0.102533 0.429383 0.057104 0.057104
0 0.004638 0.816746 0.104277 0.104277
0 0.110394 0.596671 0.057104 0.057104
0 0.150923 0.258712 0.052757 0.052757
0 0.222114 0.327793 0.104277 0.104277
0 0.263003 0.828411 0.052757 0.052757
0 0.706351 0.817765 0.062220 0.062220
0 0.523281 0.364270 0.061131 0.061131
0 0.163582 0.529770 0.104277 0.104277
0 0.298891 0.412967 0.061130 0.061130
0 0.034804 0.267398 0.057104 0.057104
0 0.381377 0.310755 0.104277 0.104277
0 0.594258 0.195215 0.062220 0.062220
0 0.286302 0.148118 0.062220 0.062220
0 0.612820 0.434649 0.057104 0.057104
0 0.068970 0.779047 0.062220 0.062220
0 0.773423 0.735616 0.071945 0.071945
0 0.383302 0.718744 0.052757 0.052757
0 0.376069 0.489081 0.062220 0.062220
0 0.029902 0.984744 0.104277 0.104277
0 0.736306 0.393273 0.071945 0.071945
0 0.179246 0.403491 0.061130 0.061130
0 0.340834 0.552699 0.104278 0.104278
0 0.344117 0.024898 0.052757 0.052757
0 0.423751 0.219719 0.061131 0.061131
0 0.590977 0.616870 0.062220 0.062220
0 0.176218 0.808446 0.057104 0.057104
0 0.892388 0.265823 0.052757 0.052757
0 0.397852 0.618610 0.062220 0.062220
0 0.276409 0.733186 0.057104 0.057104
0 0.222168 0.050313 0.104277 0.104277
0 0.000686 0.130300 0.061130 0.061130
0 0.642438 0.367697 0.052757 0.052757
0 0.140326 0.882911 0.048997 0.048997
0 0.429772 0.550981 0.071945 0.071945
0 0.343352 0.787542 0.062220 0.062220
0 0.673403 0.210854 0.057104 0.057104
0 0.916383 0.699277 0.057104 0.057104
0 0.240685 0.205747 0.061130 0.061130
0 0.076995 0.514093 0.057104 0.057104
0 0.275411 0.510779 0.104277 0.104277
0 0.607206 0.284540 0.057104 0.057104
0 0.513055 0.032561 0.104277 0.104277
0 0.469973 0.607907 0.052757 0.052757
0 0.899126 0.839215 0.057104 0.057104
0 0.281444 0.278660 0.061130 0.061130
0 0.579397 0.101998 0.052757 0.052757
0 0.342911 0.939092 0.061131 0.061131
0 0.458425 0.320681 0.071945 0.071945
0 0.907788 0.625578 0.104277 0.104277
0 0.326890 0.217470 0.071945 0.071945
0 0.075073 0.004461 0.057104 0.057104
0 0.803308 0.030742 0.104277 0.104277
0 0.977121 0.653173 0.104277 0.104277
0 0.991301 0.849431 0.052757 0.052757
0 0.058127 0.701155 0.057104 0.057104
0 0.466954 0.091698 0.052757 0.052757
0 0.761389 0.208852 0.062220 0.062220
0 0.558782 0.494290 0.061131 0.061131