0 0.888682 0.985161 0.104277 0.104277
0 0.992239 0.596019 0.062220 0.062220
0 0.969974 0.710929 0.104277 0.104277
0 0.955168 0.901405 0.061131 0.061131
0 0.255495 0.250948 0.062220 0.062220
0 0.004487 0.553981 0.104277 0.104277
0 0.032545 0.963937 0.057103 0.057103
0 0.804493 0.029087 0.052757 0.052757
0 0.964976 0.525312 0.052757 0.052757
0 0.838384 0.824938 0.071945 0.071945
0 0.209569 0.309790 0.062220 0.062220
0 0.356143 0.286802 0.070161 0.070161
0 0.237350 0.714127 0.057104 0.057104
0 0.487094 0.934813 0.062220 0.062220
0 0.626057 0.377999 0.071945 0.071945
0 0.907456 0.285375 0.061130 0.061130
0 0.723716 0.065377 0.062220 0.062220
0 0.145544 0.257926 0.071945 0.071945
0 0.441850 0.316555 0.062220 0.062220
0 0.896169 0.648747 0.071945 0.071945
0 0.458978 0.618847 0.061131 0.061131
0 0.746618 0.529898 0.061130 0.061130
0 0.119964 0.026506 0.062220 0.062220
0 0.771631 0.648773 0.104277 0.104277
0 0.478421 0.380391 0.104277 0.104277
0 0.653616 0.032782 0.052757 0.052757
0 0.392880 0.226026 0.061130 0.061130
0 0.105765 0.109267 0.071945 0.071945
0 0.175115 0.869258 0.057104 0.057104
0 0.522390 0.515317 0.071945 0.071945
0 0.895547 0.780450 0.104277 0.104277
0 0.040069 0.048268 0.104277 0.104277
0 0.780001 0.202219 0.061130 0.061130
0 0.208279 0.630554 0.104277 0.104277
0 0.876555 0.181320 0.057104 0.057104
0 0.586606 0.111831 0.071945 0.071945
0 0.095138 0.911693 0.052757 0.052757
0 0.373441 0.449618 0.104277 0.104277
0 0.474305 0.194215 0.057104 0.057104
0 0.166054 0.451402 0.062220 0.062220
0 0.584473 0.764231 0.071945 0.071945
0 0.020379 0.714723 0.057104 0.057104
0 0.177533 0.963758 0.057104 0.057104
0 0.939667 0.129272 0.062220 0.062220
0 0.444777 0.096346 0.071945 0.071945
0 0.334232 0.156528 0.071945 0.071945
0 0.225923 0.793087 0.052757 0.052757
0 0.297114 0.862168 0.104277 0.104277
0 0.265671 0.431279 0.062220 0.062220
0 0.195874 0.091582 0.052757 0.052757
0 0.598281 0.898645 0.061131 0.061131
0 0.073196 0.354406 0.071945 0.071945
0 0.373891 0.947342 0.061130 0.061130
0 0.063862 0.590190 0.052757 0.052757
0 0.109804 0.801773 0.057104 0.057104
0 0.456377 0.845130 0.104277 0.104277
0 0.992140 0.386592 0.062220 0.062220
0 0.571896 0.014360 0.052757 0.052757
0 0.955715 0.448159 0.062220 0.062220
0 0.507725 0.259854 0.062220 0.062220
0 0.669258 0.729590 0.062220 0.062220
0 0.361302 0.682493 0.062220 0.062220
0 0.687820 0.969024 0.057104 0.057104
0 0.777410 0.119507 0.061131 0.061131
0 0.251471 0.146693 0.052757 0.052757
0 0.552289 0.443792 0.061131 0.061131
0 0.456133 0.481110 0.061131 0.061131
0 0.724674 0.255314 0.071945 0.071945
0 0.329088 0.056910 0.057104 0.057104
0 0.811306 0.927648 0.071945 0.071945
0 0.254246 0.937866 0.061130 0.061130
0 0.419117 0.559273 0.052757 0.052757
0 0.498751 0.754094 0.061131 0.061131
0 0.917867 0.375306 0.052757 0.052757
0 0.716305 0.451636 0.057104 0.057104
0 0.324084 0.359306 0.052757 0.052757
0 0.571230 0.292969 0.071945 0.071945
0 0.834216 0.268844 0.052757 0.052757
0 0.967388 0.800198 0.052757 0.052757
0 0.652404 0.154972 0.071945 0.071945
0 0.297168 0.584688 0.104277 0.104277
0 0.075686 0.664675 0.061130 0.061130
0 0.019537 0.484591 0.104277 0.104277
0 0.717438 0.902072 0.052757 0.052757
0 0.854149 0.466212 0.071945 0.071945
0 0.202737 0.389254 0.057104 0.057104
0 0.756111 0.380783 0.062220 0.062220
0 0.085122 0.513680 0.071945 0.071945
0 0.161266 0.154117 0.104277 0.104277
0 0.954827 0.020958 0.071945 0.071945
0 0.748403 0.745229 0.057104 0.057104
0 0.315685 0.740122 0.061130 0.061130
0 0.582810 0.216019 0.071945 0.071945
0 0.079259 0.276184 0.056505 0.056505
0 0.682206 0.818915 0.057104 0.057104
0 0.588055 0.566936 0.104277 0.104277
0 0.356444 0.813035 0.061130 0.061130
0 0.654397 0.636373 0.052757 0.052757
0 0.533425 0.855056 0.071945 0.071945
0 0.823067 0.404375 0.104277 0.104277
0 0.661552 0.501917 0.071945 0.071945
0 0.675525 0.311931 0.104277 0.104277
0 0.299351 0.497537 0.057104 0.057104
0 0.073556 0.207495 0.061130 0.061130
0 0.050880 0.843894 0.062220 0.062220
0 0.401890 0.751845 0.071945 0.071945
0 0.406457 0.157580 0.057103 0.057103
0 0.150073 0.538836 0.057104 0.057104
0 0.878308 0.565117 0.104277 0.104277
0 0.935085 0.219810 0.052757 0.052757
0 0.541954 0.626073 0.052757 0.052757
0 0.836389 0.743227 0.062220 0.062220
0 0.887781 0.069152 0.061131 0.061131