0 0.486095 0.530032 0.071945 0.071945
0 0.761216 0.498011 0.071945 0.071945
0 0.287708 0.375377 0.104277 0.104277
0 0.793344 0.613381 0.052757 0.052757
0 0.350196 0.099603 0.052757 0.052757
0 0.494779 0.900364 0.061130 0.061130
0 0.937504 0.836869 0.062220 0.062220
0 0.530493 0.286349 0.061130 0.061130
0 0.936771 0.411326 0.104277 0.104277
0 0.022687 0.456571 0.052757 0.052757
0 0.034379 0.543120 0.104277 0.104277
0 0.380843 0.796745 0.104277 0.104277
0 0.339704 0.918356 0.104277 0.104277
0 0.963494 0.025479 0.062220 0.062220
0 0.226220 0.960330 0.071945 0.071945
0 0.249490 0.049060 0.052757 0.052757
0 0.703437 0.248225 0.071945 0.071945
0 0.270561 0.220287 0.052757 0.052757
0 0.384244 0.549487 0.062220 0.062220
0 0.014112 0.369150 0.104277 0.104277
0 0.346868 0.295422 0.071945 0.071945
0 0.096469 0.300948 0.104277 0.104277
0 0.813659 0.859665 0.104277 0.104277
0 0.020636 0.270008 0.061130 0.061130
0 0.409597 0.721745 0.057104 0.057104
0 0.903767 0.574445 0.104277 0.104277
0 0.858906 0.765564 0.071945 0.071945
0 0.482284 0.120979 0.104277 0.104277
0 0.782145 0.367083 0.104277 0.104277
0 0.899924 0.178276 0.071945 0.071945
0 0.477944 0.704181 0.104277 0.104277
0 0.895158 0.918323 0.052757 0.052757
0 0.904671 0.109830 0.062220 0.062220
0 0.363297 0.645243 0.061130 0.061130
0 0.242602 0.687117 0.057104 0.057104
0 0.147577 0.447003 0.104277 0.104277
0 0.842627 0.305581 0.057104 0.057104
0 0.885594 0.479256 0.062220 0.062220
0 0.638336 0.606443 0.052757 0.052757
0 0.785344 0.237365 0.062220 0.062220
0 0.180118 0.793875 0.057104 0.057104
0 0.296094 0.823966 0.104277 0.104277
0 0.026863 0.620275 0.057104 0.057104
0 0.757079 0.994193 0.062220 0.062220
0 0.605553 0.793311 0.071945 0.071945
0 0.970993 0.210058 0.061130 0.061130
0 0.815557 0.708320 0.102474 0.102474
0 0.424741 0.371711 0.052757 0.052757
0 0.709893 0.700495 0.104277 0.104277
0 0.063409 0.755718 0.057104 0.057104
0 0.234765 0.294466 0.104277 0.104277
0 0.182062 0.156112 0.057104 0.057104
0 0.387399 0.237716 0.052757 0.052757
0 0.718717 0.434287 0.062220 0.062220
0 0.562404 0.509837 0.061131 0.061131
0 0.085230 0.380098 0.061130 0.061130
0 0.520797 0.438288 0.071945 0.071945
0 0.549976 0.101317 0.071945 0.071945
0 0.308998 0.556837 0.062220 0.062220
0 0.550236 0.172141 0.061130 0.061130
0 0.523943 0.761148 0.057104 0.057104
0 0.261639 0.897687 0.057104 0.057104
0 0.164779 0.082704 0.052757 0.052757
0 0.336665 0.714675 0.104277 0.104277
0 0.129799 0.941351 0.062220 0.062220
0 0.205326 0.408458 0.071945 0.071945
0 0.639627 0.515559 0.052757 0.052757
0 0.349173 0.475097 0.061130 0.061130
0 0.007072 0.197602 0.052757 0.052757
0 0.157246 0.233887 0.057104 0.057104
0 0.622736 0.722669 0.062220 0.062220
0 0.567159 0.902428 0.104277 0.104277
0 0.159711 0.664406 0.062220 0.062220
0 0.137056 0.518262 0.071945 0.071945
0 0.294610 0.984440 0.062220 0.062220
0 0.674389 0.089809 0.052757 0.052757
0 0.362066 0.169026 0.104277 0.104277
0 0.395252 0.866081 0.062220 0.062220
0 0.717253 0.329320 0.052757 0.052757
0 0.269465 0.755428 0.071945 0.071945
0 0.098353 0.044801 0.104277 0.104277
0 0.629300 0.381184 0.052757 0.052757
0 0.448837 0.447571 0.057104 0.057104
0 0.919310 0.314724 0.061131 0.061131
0 0.824947 0.178987 0.057104 0.057104
0 0.546101 0.828150 0.104277 0.104277
0 0.984319 0.964979 0.062221 0.062221
0 0.820217 0.965261 0.052757 0.052757
0 0.716322 0.607620 0.055027 0.055027
0 0.848514 0.408442 0.061131 0.061131
0 0.507013 0.636533 0.062220 0.062220
0 0.926351 0.711798 0.104277 0.104277
0 0.362380 0.402561 0.050559 0.050559
0 0.656602 0.900696 0.052757 0.052757
0 0.491519 0.345340 0.061130 0.061130
0 0.620790 0.165712 0.071945 0.071945
0 0.722777 0.020098 0.057104 0.057104
0 0.176782 0.876908 0.052757 0.052757
0 0.762823 0.077236 0.104277 0.104277
0 0.463003 0.793496 0.071945 0.071945
0 0.264022 0.138117 0.061131 0.061131
0 0.111129 0.179442 0.104277 0.104277
0 0.619590 0.260265 0.071945 0.071945
0 0.579052 0.649343 0.104277 0.104277
0 0.743062 0.793600 0.061130 0.061130
0 0.421553 0.993606 0.104277 0.104277
0 0.103557 0.872186 0.052757 0.052757
0 0.186034 0.008169 0.071945 0.071945
0 0.017027 0.119198 0.061130 0.061130
0 0.426235 0.074389 0.071945 0.071945
0 0.137229 0.737572 0.061130 0.061130
0 0.732499 0.168840 0.104277 0.104277
0 0.456942 0.212329 0.104277 0.104277
0 0.221435 0.532243 0.052757 0.052757
0 0.981090 0.660472 0.057104 0.057104
0 0.995040 0.584389 0.088662 0.088662