0 0.735660 0.514552 0.062220 0.062220
0 0.660217 0.741768 0.052757 0.052757
0 0.207002 0.942911 0.071945 0.071945
0 0.682545 0.388937 0.057103 0.057103
0 0.851598 0.636228 0.071945 0.071945
0 0.316145 0.362223 0.104277 0.104277
0 0.898846 0.698667 0.061130 0.061130
0 0.453891 0.434582 0.052757 0.052757
0 0.830365 0.911707 0.057104 0.057104
0 0.917296 0.907964 0.057104 0.057104
0 0.227615 0.716647 0.104278 0.104278
0 0.887350 0.139127 0.057104 0.057104
0 0.614665 0.211075 0.104277 0.104277
0 0.598707 0.653262 0.071945 0.071945
0 0.528462 0.646177 0.057104 0.057104
0 0.423426 0.144134 0.104277 0.104277
0 0.796515 0.812169 0.057104 0.057104
0 0.634062 0.075224 0.057104 0.057104
0 0.281261 0.165965 0.062220 0.062220
0 0.292926 0.056187 0.062220 0.062220
0 0.825115 0.294258 0.057104 0.057104
0 0.582632 0.024093 0.104277 0.104277
0 0.354571 0.202486 0.062220 0.062220
0 0.943704 0.576360 0.061130 0.061130
0 0.197472 0.197240 0.104278 0.104278
0 0.858279 0.055554 0.104277 0.104277
0 0.745138 0.336693 0.052757 0.052757
0 0.531994 0.979937 0.071945 0.071945
0 0.498313 0.360035 0.062220 0.062220
0 0.197660 0.307995 0.071945 0.071945
0 0.670379 0.139723 0.057104 0.057104
0 0.827533 0.388758 0.057104 0.057104
0 0.729638 0.776121 0.104277 0.104277
0 0.593678 0.554299 0.057104 0.057104
0 0.835394 0.556046 0.057104 0.057104
0 0.501033 0.731428 0.057104 0.057104
0 0.875923 0.218087 0.052757 0.052757
0 0.947114 0.287168 0.104277 0.104277
0 0.703960 0.670383 0.104277 0.104277
0 0.988003 0.787786 0.052757 0.052757
0 0.286578 0.500486 0.062220 0.062220
0 0.719053 0.862683 0.104277 0.104277
0 0.508517 0.563682 0.052757 0.052757
0 0.703218 0.575652 0.052757 0.052757
0 0.520129 0.494973 0.061130 0.061130
0 0.888582 0.489145 0.104277 0.104277
0 0.713862 0.015190 0.052757 0.052757
0 0.759804 0.226773 0.057104 0.057104
0 0.589083 0.409791 0.071945 0.071945
0 0.427097 0.822414 0.061130 0.061130
0 0.869025 0.985452 0.071945 0.071945
0 0.793970 0.738422 0.062220 0.062220
0 0.571882 0.150941 0.052757 0.052757
0 0.754902 0.944119 0.104277 0.104277
0 0.304723 0.886565 0.061130 0.061130
0 0.368244 0.272142 0.057104 0.057104
0 0.904246 0.362866 0.061130 0.061130
0 0.431774 0.015152 0.057104 0.057104
0 0.446280 0.523118 0.061130 0.061130
0 0.230229 0.026294 0.061130 0.061130
0 0.412892 0.360304 0.062220 0.062220
0 0.590710 0.758914 0.057104 0.057104
0 0.901218 0.767821 0.057104 0.057104
0 0.320201 0.805977 0.057104 0.057104
0 0.392906 0.701088 0.104277 0.104277
0 0.203382 0.504000 0.061130 0.061130
0 0.947168 0.009688 0.104277 0.104277
0 0.725686 0.089675 0.061130 0.061130
0 0.590474 0.837023 0.061130 0.061130
0 0.520311 0.824302 0.062220 0.062220
0 0.865326 0.842286 0.048997 0.048997
0 0.244598 0.432008 0.061130 0.061130
0 0.436297 0.282369 0.057104 0.057104
0 0.291830 0.647680 0.104277 0.104277
0 0.294665 0.289718 0.052757 0.052757
0 0.965685 0.165122 0.061130 0.061130
0 0.801995 0.473468 0.057104 0.057104
0 0.676753 0.463817 0.104277 0.104277
0 0.250372 0.805025 0.057104 0.057104
0 0.368278 0.062830 0.062220 0.062220
0 0.297818 0.963799 0.057104 0.057104
0 0.488872 0.908842 0.071945 0.071945
0 0.700880 0.268894 0.062220 0.062220
0 0.330212 0.437690 0.071945 0.071945
0 0.642685 0.936663 0.104277 0.104277
0 0.408811 0.901766 0.071945 0.071945
0 0.399062 0.624625 0.061130 0.061130
0 0.482150 0.192050 0.104277 0.104277
0 0.600691 0.327749 0.052757 0.052757
0 0.487552 0.072345 0.057104 0.057104
0 0.783127 0.660530 0.057104 0.057104
0 0.547942 0.253206 0.062220 0.062220
0 0.202132 0.593432 0.071945 0.071945
0 0.995419 0.995272 0.071945 0.071945
0 0.234683 0.111093 0.061130 0.061130
0 0.367084 0.560815 0.062220 0.062220