0 0.790380 0.666117 0.071945 0.071945
0 0.689114 0.780394 0.062220 0.062220
0 0.822092 0.778341 0.057104 0.057104
0 0.854903 0.703649 0.052757 0.052757
0 0.666849 0.895304 0.104277 0.104277
0 0.921152 0.199793 0.061130 0.061130
0 0.891581 0.337006 0.061130 0.061130
0 0.501368 0.213462 0.052757 0.052757
0 0.594581 0.160536 0.052757 0.052757
0 0.661851 0.709687 0.052757 0.052757
0 0.752268 0.909592 0.062220 0.062220
0 0.892222 0.801384 0.071945 0.071945
0 0.053018 0.471177 0.070161 0.070161
0 0.815380 0.125030 0.104277 0.104277
0 0.754010 0.729997 0.071945 0.071945
0 0.406392 0.129770 0.062220 0.062220
0 0.922523 0.564733 0.061131 0.061131
0 0.941157 0.739597 0.071945 0.071945
0 0.322932 0.562374 0.071945 0.071945
0 0.604331 0.469750 0.061130 0.061130
0 0.420591 0.249752 0.062220 0.062220
0 0.138725 0.500930 0.062220 0.062220
0 0.593044 0.833122 0.071945 0.071945
0 0.155853 0.803222 0.061131 0.061131
0 0.443493 0.714273 0.061130 0.061130
0 0.953723 0.662960 0.071945 0.071945
0 0.468506 0.833148 0.104277 0.104277
0 0.175296 0.564766 0.104277 0.104277
0 0.350491 0.217157 0.052757 0.052757
0 0.089755 0.410401 0.061130 0.061130
0 0.219265 0.699692 0.071945 0.071945
0 0.592422 0.964825 0.104277 0.104277
0 0.884510 0.908525 0.104278 0.104278
0 0.476876 0.386594 0.061130 0.061130
0 0.573430 0.365695 0.057104 0.057104
0 0.283481 0.296206 0.071945 0.071945
0 0.070316 0.633993 0.104277 0.104277
0 0.833861 0.478029 0.057104 0.057104
0 0.171180 0.378590 0.057104 0.057104
0 0.171936 0.181446 0.061131 0.061131
0 0.281348 0.948606 0.071945 0.071945
0 0.481375 0.137074 0.057104 0.057104
0 0.636542 0.313647 0.062220 0.062220
0 0.141652 0.280721 0.071945 0.071945
0 0.031107 0.340903 0.071945 0.071945
0 0.689015 0.570967 0.062220 0.062220
0 0.268771 0.198735 0.052757 0.052757
0 0.652590 0.632534 0.062220 0.062220
0 0.204600 0.444229 0.062220 0.062220
0 0.366133 0.913965 0.062220 0.062220
0 0.749786 0.163750 0.071945 0.071945
0 0.058177 0.866868 0.062220 0.062220
0 0.474285 0.303882 0.061131 0.061131
0 0.249164 0.628167 0.061131 0.061131
0 0.002029 0.160032 0.071945 0.071945
0 0.865065 0.255282 0.104278 0.104278
0 0.153008 0.665485 0.061131 0.061131
0 0.421549 0.439689 0.071945 0.071945
0 0.333014 0.136950 0.062220 0.062220
0 0.025963 0.241285 0.057104 0.057104
0 0.936229 0.440027 0.061131 0.061131
0 0.115992 0.743648 0.052757 0.052757
0 0.195626 0.938469 0.061131 0.061131
0 0.614742 0.559681 0.052757 0.052757
0 0.413180 0.636011 0.057104 0.057104
0 0.020959 0.543681 0.052757 0.052757
0 0.714283 0.303074 0.052757 0.052757
0 0.268105 0.477344 0.071945 0.071945
0 0.925953 0.990567 0.057104 0.057104
0 0.806893 0.960687 0.057104 0.057104
0 0.531091 0.453219 0.052757 0.052757
0 0.664263 0.984573 0.052757 0.052757
0 0.349279 0.339347 0.071945 0.071945
0 0.782136 0.244552 0.062220 0.062220
0 0.084733 0.127877 0.104277 0.104277
0 0.551024 0.650587 0.071945 0.071945
0 0.452986 0.565158 0.062220 0.062220
0 0.651702 0.205333 0.071945 0.071945
0 0.784441 0.360589 0.052559 0.052559
0 0.445278 0.929604 0.057104 0.057104
0 0.012560 0.924497 0.061130 0.061130
0 0.279685 0.400394 0.071945 0.071945
0 0.827115 0.596946 0.062220 0.062220
0 0.284930 0.751311 0.104277 0.104277
0 0.053319 0.997410 0.061130 0.061130
0 0.351272 0.820748 0.052757 0.052757
0 0.519942 0.588750 0.104277 0.104277
0 0.358427 0.686292 0.071945 0.071945
0 0.372400 0.496306 0.104277 0.104277
0 0.098765 0.936220 0.071945 0.071945
0 0.103332 0.341955 0.057103 0.057103
0 0.731367 0.440395 0.071945 0.071945
0 0.887244 0.631174 0.104278 0.104278
0 0.575183 0.749492 0.104277 0.104277
0 0.256049 0.128299 0.057104 0.057104
0 0.631960 0.404185 0.052757 0.052757
0 0.238829 0.810448 0.052757 0.052757
0 0.533264 0.927602 0.062220 0.062220
0 0.584656 0.253527 0.061131 0.061131
0 0.654373 0.126942 0.062220 0.062220