0 0.167420 0.451976 0.062220 0.062220
0 0.513058 0.791604 0.062220 0.062220
0 0.474832 0.597580 0.062220 0.062220
0 0.964220 0.314407 0.071945 0.071945
0 0.250734 0.905218 0.057103 0.057103
0 0.765833 0.159752 0.104277 0.104277
0 0.972904 0.684739 0.061130 0.061130
0 0.500812 0.240946 0.052757 0.052757
0 0.512504 0.327495 0.104277 0.104277
0 0.858968 0.581120 0.104277 0.104277
0 0.271406 0.651867 0.052757 0.052757
0 0.817829 0.702731 0.104277 0.104277
0 0.704345 0.744705 0.071945 0.071945
0 0.109749 0.506858 0.071945 0.071945
0 0.748686 0.004662 0.052757 0.052757
0 0.862369 0.333862 0.062220 0.062220
0 0.230597 0.736537 0.062220 0.062220
0 0.135630 0.929519 0.071945 0.071945
0 0.492237 0.153525 0.104277 0.104277
0 0.824993 0.079797 0.071945 0.071945
0 0.574594 0.085323 0.104277 0.104277
0 0.498761 0.054383 0.061130 0.061130
0 0.160549 0.767173 0.104277 0.104277
0 0.887722 0.506120 0.057104 0.057104
0 0.241037 0.458038 0.061130 0.061130
0 0.221453 0.370155 0.052757 0.052757
0 0.012599 0.836336 0.104278 0.104278
0 0.897846 0.860730 0.062220 0.062220
0 0.956069 0.488556 0.104277 0.104277
0 0.841422 0.429618 0.061130 0.061130
0 0.720727 0.471492 0.057104 0.057104
0 0.625702 0.231378 0.104277 0.104277
0 0.410478 0.951101 0.062220 0.062220
0 0.382255 0.370982 0.061130 0.061130
0 0.463099 0.496440 0.062220 0.062220
0 0.078289 0.081674 0.061130 0.061130
0 0.658243 0.578250 0.057104 0.057104
0 0.774219 0.608341 0.104277 0.104277
0 0.568308 0.934396 0.071945 0.071945
0 0.504988 0.404650 0.057104 0.057104
0 0.270324 0.833781 0.061130 0.061130
0 0.713656 0.817670 0.071945 0.071945
0 0.322786 0.606093 0.062220 0.062220
0 0.421184 0.192305 0.052757 0.052757
0 0.520905 0.862406 0.057104 0.057104
0 0.902866 0.156086 0.052757 0.052757
0 0.029773 0.639571 0.062220 0.062220
0 0.541534 0.540093 0.057104 0.057104
0 0.712890 0.078841 0.104277 0.104277
0 0.865524 0.022091 0.052757 0.052757
0 0.353609 0.452194 0.061130 0.061130
0 0.484749 0.942059 0.052757 0.052757
0 0.563355 0.164473 0.061130 0.061130
0 0.998922 0.222663 0.071945 0.071945
0 0.238186 0.095024 0.104278 0.104278
0 0.787123 0.341212 0.062220 0.062220
0 0.305035 0.073415 0.052757 0.052757
0 0.318839 0.713225 0.062220 0.062220
0 0.739764 0.682062 0.057104 0.057104
0 0.814790 0.499050 0.104277 0.104277
0 0.444054 0.833420 0.050891 0.050891
0 0.097476 0.339716 0.062220 0.062220
0 0.169880 0.848855 0.104277 0.104277
0 0.314496 0.328439 0.057104 0.057104
0 0.607924 0.725726 0.062220 0.062220
0 0.683451 0.192833 0.071945 0.071945
0 0.728743 0.934792 0.057104 0.057104
0 0.104650 0.671722 0.062220 0.062220
0 0.329074 0.912442 0.052757 0.052757
0 0.376705 0.758566 0.062220 0.062220
0 0.472464 0.724485 0.104277 0.104277
0 0.827298 0.259472 0.061130 0.061130
0 0.635371 0.018262 0.057104 0.057104
0 0.270914 0.195908 0.057104 0.057104
0 0.198189 0.162288 0.071945 0.071945
0 0.098550 0.427062 0.052757 0.052757
0 0.007733 0.943189 0.071945 0.071945
0 0.634312 0.853663 0.061130 0.061130
0 0.637836 0.448781 0.062220 0.062220
0 0.615181 0.302637 0.071945 0.071945
0 0.772735 0.768815 0.062220 0.062220
0 0.067348 0.896961 0.057104 0.057104
0 0.136774 0.241854 0.052757 0.052757
0 0.329070 0.237746 0.071945 0.071945
0 0.031453 0.481580 0.057104 0.057104
0 0.065031 0.150258 0.057104 0.057104
0 0.957279 0.914533 0.052757 0.052757
0 0.345652 0.831375 0.062220 0.062220
0 0.035528 0.228080 0.104277 0.104277
0 0.643890 0.957013 0.062220 0.062220
0 0.873377 0.650456 0.062220 0.062220
0 0.747590 0.539803 0.071945 0.071945
0 0.926962 0.231946 0.057104 0.057104
0 0.423632 0.656505 0.104277 0.104277
0 0.208599 0.272639 0.052757 0.052757
0 0.985138 0.420908 0.062220 0.062220
0 0.867664 0.945443 0.061130 0.061130
0 0.840505 0.186936 0.050559 0.050559
0 0.151487 0.010279 0.104277 0.104277
0 0.969644 0.129715 0.061130 0.061130
0 0.654907 0.661283 0.052757 0.052757
0 0.941128 0.577871 0.071945 0.071945
0 0.070266 0.772359 0.057104 0.057104
0 0.809657 0.848928 0.061131 0.061131
0 0.190874 0.565207 0.057104 0.057104
0 0.076192 0.001927 0.061130 0.061130
0 0.899678 0.777981 0.104277 0.104277
0 0.581682 0.656561 0.052757 0.052757
0 0.615354 0.521947 0.061130 0.061130
0 0.286835 0.541291 0.104277 0.104277
0 0.395667 0.091023 0.104277 0.104277
0 0.169218 0.086295 0.052757 0.052757
0 0.699560 0.316618 0.052757 0.052757
0 0.434951 0.261283 0.104277 0.104277