0 0.753544 0.828111 0.061130 0.061130
0 0.686637 0.688440 0.104277 0.104277
0 0.748463 0.597392 0.071945 0.071945
0 0.900276 0.583002 0.071945 0.071945
0 0.979029 0.789860 0.104277 0.104277
0 0.654315 0.790009 0.052757 0.052757
0 0.951182 0.132036 0.104277 0.104277
0 0.983662 0.473305 0.061131 0.061131
0 0.692346 0.460493 0.104277 0.104277
0 0.198511 0.743106 0.052757 0.052757
0 0.148160 0.236427 0.062220 0.062220
0 0.791216 0.954917 0.057104 0.057104
0 0.562409 0.632949 0.062220 0.062220
0 0.820418 0.396464 0.052757 0.052757
0 0.473244 0.818108 0.104277 0.104277
0 0.072717 0.463643 0.052757 0.052757
0 0.731222 0.754648 0.061131 0.061131
0 0.095045 0.110812 0.057103 0.057103
0 0.198056 0.950936 0.057104 0.057104
0 0.764356 0.506989 0.057104 0.057104
0 0.264098 0.358103 0.071945 0.071945
0 0.815438 0.715143 0.052757 0.052757
0 0.311346 0.420542 0.061130 0.061130
0 0.489480 0.544497 0.052757 0.052757
0 0.953772 0.267355 0.062220 0.062220
0 0.871645 0.651103 0.057104 0.057104
0 0.791598 0.333903 0.057104 0.057104
0 0.788445 0.173078 0.052757 0.052757
0 0.984118 0.873114 0.036679 0.036679
0 0.899599 0.311341 0.061130 0.061130
0 0.614468 0.160381 0.061131 0.061131
0 0.242865 0.633582 0.057104 0.057104
0 0.817880 0.803725 0.057104 0.057104
0 0.556680 0.480406 0.052757 0.052757
0 0.329796 0.629839 0.057104 0.057104
0 0.552648 0.756358 0.071945 0.071945
0 0.549594 0.081688 0.062220 0.062220
0 0.842528 0.268364 0.061131 0.061131
0 0.661743 0.562689 0.071945 0.071945
0 0.891755 0.201817 0.057104 0.057104
0 0.011207 0.375137 0.071945 0.071945
0 0.209015 0.534044 0.057104 0.057104
0 0.237615 0.016133 0.057104 0.057104
0 0.623867 0.722807 0.057104 0.057104
0 0.356204 0.298235 0.061130 0.061130
0 0.244378 0.899569 0.071945 0.071945
0 0.980323 0.633502 0.061130 0.061130
0 0.454634 0.941197 0.061130 0.061130
0 0.157638 0.058568 0.052757 0.052757
0 0.628341 0.362525 0.104277 0.104277
0 0.389946 0.843458 0.061130 0.061130
0 0.361020 0.771723 0.061130 0.061130
0 0.240033 0.110633 0.057104 0.057104
0 0.930419 0.727985 0.062220 0.062220
0 0.142138 0.497996 0.104277 0.104277
0 0.006178 0.276174 0.057104 0.057104
0 0.247894 0.277921 0.057104 0.057104
0 0.359614 0.009043 0.104277 0.104277
0 0.539700 0.897993 0.104277 0.104277
0 0.703105 0.995866 0.071945 0.071945
0 0.116460 0.392258 0.104277 0.104277
0 0.400503 0.509661 0.052757 0.052757
0 0.843851 0.499015 0.062220 0.062220
0 0.131553 0.584558 0.104277 0.104277
0 0.385642 0.965902 0.104277 0.104277
0 0.660781 0.045520 0.061131 0.061131
0 0.115718 0.297527 0.052757 0.052757
0 0.590261 0.946530 0.104277 0.104277
0 0.074950 0.734641 0.052757 0.052757
0 0.301082 0.211020 0.104277 0.104277
0 0.569166 0.833840 0.052757 0.052757
0 0.436391 0.094217 0.061130 0.061130
0 0.001583 0.131666 0.071945 0.071945
0 0.876082 0.873528 0.062220 0.062220
0 0.750320 0.115899 0.057104 0.057104
0 0.281525 0.707327 0.071945 0.071945
0 0.206470 0.460297 0.062220 0.062220
0 0.910923 0.416866 0.071945 0.071945
0 0.520802 0.399994 0.052757 0.052757
0 0.513569 0.170331 0.062220 0.062220
0 0.167402 0.665994 0.104277 0.104277
0 0.873806 0.074523 0.071945 0.071945
0 0.314173 0.937475 0.052757 0.052757
0 0.316746 0.084741 0.061130 0.061130
0 0.478334 0.233949 0.104278 0.104278
0 0.080310 0.884366 0.071945 0.071945
0 0.931745 0.921446 0.071945 0.071945
0 0.291070 0.844535 0.061130 0.061130
0 0.650099 0.902590 0.052757 0.052757
0 0.728477 0.298120 0.062220 0.062220
0 0.003210 0.480789 0.057104 0.057104
0 0.313718 0.489696 0.057104 0.057104
0 0.535352 0.299860 0.062220 0.062220
0 0.413909 0.414436 0.057104 0.057104
0 0.150339 0.847660 0.071945 0.071945
0 0.002974 0.558898 0.061130 0.061130
0 0.779938 0.048947 0.052757 0.052757
0 0.277826 0.564161 0.048997 0.048997
0 0.567272 0.232231 0.071945 0.071945
0 0.480852 0.468792 0.062220 0.062220
0 0.214495 0.195343 0.057104 0.057104
0 0.412911 0.192029 0.104277 0.104277
0 0.089253 0.185692 0.104277 0.104277
0 0.476834 0.710153 0.062220 0.062220
0 0.607473 0.289157 0.052757 0.052757
0 0.480411 0.620342 0.061131 0.061131
0 0.595925 0.001931 0.071945 0.071945
0 0.055185 0.658538 0.104277 0.104277
0 0.013191 0.049624 0.052757 0.052757
0 0.195627 0.382405 0.057104 0.057104
0 0.407919 0.717147 0.071945 0.071945
0 0.696282 0.175540 0.061131 0.061131