0 0.498670 0.830101 0.062220 0.062220
0 0.806082 0.975705 0.062220 0.062220
0 0.832062 0.619071 0.052757 0.052757
0 0.843754 0.705620 0.104277 0.104277
0 0.684104 0.253078 0.061130 0.061130
0 0.440999 0.884983 0.071945 0.071945
0 0.823487 0.531650 0.104277 0.104277
0 0.905844 0.463448 0.104277 0.104277
0 0.830011 0.432508 0.061130 0.061130
0 0.694072 0.017412 0.057104 0.057104
0 0.188934 0.341042 0.062220 0.062220
0 0.295421 0.918109 0.061130 0.061130
0 0.737082 0.330465 0.104277 0.104277
0 0.572287 0.836163 0.061130 0.061130
0 0.552703 0.748280 0.052757 0.052757
0 0.956952 0.609503 0.104277 0.104277
0 0.713505 0.749107 0.061130 0.061130
0 0.794349 0.874565 0.062220 0.062220
0 0.409539 0.459799 0.061130 0.061130
0 0.991273 0.012193 0.052757 0.052757
0 0.989493 0.956375 0.057104 0.057104
0 0.212010 0.578411 0.104278 0.104278
0 0.535568 0.102787 0.104277 0.104277
0 0.455999 0.171711 0.052757 0.052757
0 0.836238 0.782775 0.057104 0.057104
0 0.654036 0.984218 0.062220 0.062220
0 0.678954 0.171948 0.104277 0.104277
0 0.752434 0.570430 0.052757 0.052757
0 0.368567 0.165909 0.052757 0.052757
0 0.872784 0.918218 0.057104 0.057104
0 0.614909 0.254005 0.052757 0.052757
0 0.991437 0.318612 0.057104 0.057104
0 0.684859 0.830319 0.061130 0.061130
0 0.894605 0.542598 0.061130 0.061130
0 0.569436 0.473149 0.104278 0.104278
0 0.636285 0.451540 0.052757 0.052757
0 0.916152 0.130666 0.061130 0.061130
0 0.807505 0.029508 0.071945 0.071945
0 0.974154 0.245204 0.052757 0.052757
0 0.277394 0.630617 0.062220 0.062220
0 0.428726 0.717841 0.062220 0.062220
0 0.181921 0.020278 0.052757 0.052757
0 0.645746 0.706564 0.057104 0.057104
0 0.796409 0.197801 0.061130 0.061130
0 0.767078 0.114136 0.062220 0.062220
0 0.235380 0.262313 0.061130 0.061130
0 0.816447 0.360102 0.052757 0.052757
0 0.966621 0.396387 0.057104 0.057104
0 0.602164 0.574033 0.057104 0.057104
0 0.470206 0.060790 0.104277 0.104277
0 0.311162 0.811723 0.104278 0.104278
0 0.529439 0.540413 0.071945 0.071945
0 0.429800 0.805187 0.052757 0.052757
0 0.969086 0.826906 0.062220 0.062220
0 0.946431 0.680762 0.071945 0.071945
0 0.468024 0.619979 0.052757 0.052757
0 0.660320 0.615871 0.071945 0.071945
0 0.186348 0.648453 0.104277 0.104277
0 0.362703 0.859705 0.057104 0.057104
0 0.396281 0.528383 0.057104 0.057104
0 0.366778 0.606205 0.104277 0.104277
0 0.322425 0.058491 0.052757 0.052757
0 0.907728 0.207301 0.104277 0.104277
0 0.868374 0.061322 0.071945 0.071945
0 0.327905 0.725730 0.104277 0.104277
0 0.318359 0.506765 0.071945 0.071945
0 0.609440 0.125389 0.071945 0.071945
0 0.192528 0.448006 0.057104 0.057104
0 0.539849 0.650764 0.052757 0.052757
0 0.609769 0.024122 0.071945 0.071945
0 0.288629 0.145701 0.104277 0.104277
0 0.299735 0.399768 0.057104 0.057104
0 0.482737 0.388404 0.104277 0.104277
0 0.532880 0.232639 0.104277 0.104277
0 0.920504 0.341942 0.104277 0.104277
0 0.523386 0.008941 0.052757 0.052757
0 0.438553 0.307416 0.052757 0.052757
0 0.522124 0.943332 0.057104 0.057104
0 0.242886 0.851719 0.062220 0.062220
0 0.243060 0.779284 0.057104 0.057104
0 0.317782 0.222205 0.104277 0.104277
0 0.407442 0.380052 0.061130 0.061130
0 0.530785 0.323002 0.062220 0.062220
0 0.597295 0.358044 0.071945 0.071945
0 0.995409 0.170669 0.071945 0.071945
0 0.826402 0.281698 0.061130 0.061130
0 0.946604 0.900072 0.061130 0.061130
0 0.235288 0.504484 0.052757 0.052757
0 0.618085 0.919416 0.104277 0.104277
0 0.726917 0.469148 0.104277 0.104277
0 0.207889 0.164936 0.071945 0.071945
0 0.500468 0.464420 0.052757 0.052757
0 0.691069 0.090090 0.071945 0.071945
0 0.309477 0.293547 0.104277 0.104277
0 0.766201 0.639408 0.104277 0.104277
0 0.190803 0.927440 0.057104 0.057104