0 0.186170 0.517601 0.062220 0.062220
0 0.531808 0.857229 0.062220 0.062220
0 0.493582 0.663205 0.062220 0.062220
0 0.982970 0.380032 0.071945 0.071945
0 0.269484 0.970843 0.057103 0.057103
0 0.784583 0.225377 0.104277 0.104277
0 0.991654 0.750364 0.061130 0.061130
0 0.519562 0.306571 0.052757 0.052757
0 0.531254 0.393120 0.104277 0.104277
0 0.877718 0.646745 0.104277 0.104277
0 0.290156 0.717492 0.052757 0.052757
0 0.836579 0.768356 0.104277 0.104277
0 0.723095 0.810330 0.071945 0.071945
0 0.128499 0.572483 0.071945 0.071945
0 0.767436 0.070287 0.052757 0.052757
0 0.881119 0.399487 0.062220 0.062220
0 0.249347 0.802162 0.062220 0.062220
0 0.154380 0.995144 0.071945 0.071945
0 0.510987 0.219150 0.104277 0.104277
0 0.843743 0.145422 0.071945 0.071945
0 0.593344 0.150948 0.104277 0.104277
0 0.517511 0.120008 0.061130 0.061130
0 0.179299 0.832798 0.104277 0.104277
0 0.906472 0.571745 0.057104 0.057104
0 0.424582 0.017965 0.104277 0.104277
0 0.259787 0.523663 0.061130 0.061130
0 0.240203 0.435780 0.052757 0.052757
0 0.031349 0.901961 0.104278 0.104278
0 0.916596 0.926355 0.062220 0.062220
0 0.974819 0.554181 0.104277 0.104277
0 0.860172 0.495243 0.061130 0.061130
0 0.739477 0.537117 0.057104 0.057104
0 0.644452 0.297003 0.104277 0.104277
0 0.401005 0.436607 0.061130 0.061130
0 0.481849 0.562065 0.062220 0.062220
0 0.097039 0.147299 0.061130 0.061130
0 0.676993 0.643875 0.057104 0.057104
0 0.792969 0.673966 0.104277 0.104277
0 0.523738 0.470275 0.057104 0.057104
0 0.289074 0.899406 0.061130 0.061130
0 0.732406 0.883295 0.071945 0.071945
0 0.341536 0.671718 0.062220 0.062220
0 0.439934 0.257930 0.052757 0.052757
0 0.539655 0.928031 0.057104 0.057104
0 0.921616 0.221711 0.052757 0.052757
0 0.048523 0.705196 0.062220 0.062220
0 0.560284 0.605718 0.057104 0.057104
0 0.731640 0.144466 0.104277 0.104277
0 0.678937 0.006112 0.057104 0.057104
0 0.884274 0.087716 0.052757 0.052757
0 0.372359 0.517819 0.061130 0.061130
0 0.582105 0.230098 0.061130 0.061130
0 0.256936 0.160649 0.104278 0.104278
0 0.805873 0.406837 0.062220 0.062220
0 0.323785 0.139040 0.052757 0.052757
0 0.337589 0.778850 0.062220 0.062220
0 0.758514 0.747687 0.057104 0.057104
0 0.833540 0.564675 0.104277 0.104277
0 0.462804 0.899045 0.050891 0.050891
0 0.116226 0.405341 0.062220 0.062220
0 0.188630 0.914480 0.104277 0.104277
0 0.333246 0.394064 0.057104 0.057104
0 0.626674 0.791351 0.062220 0.062220
0 0.702201 0.258458 0.071945 0.071945
0 0.123400 0.737347 0.062220 0.062220
0 0.347824 0.978067 0.052757 0.052757
0 0.395455 0.824191 0.062220 0.062220
0 0.491214 0.790110 0.104277 0.104277
0 0.846048 0.325097 0.061130 0.061130
0 0.503947 0.047602 0.052757 0.052757
0 0.654121 0.083887 0.057104 0.057104
0 0.289664 0.261533 0.057104 0.057104
0 0.216939 0.227913 0.071945 0.071945
0 0.117300 0.492687 0.052757 0.052757
0 0.653062 0.919288 0.061130 0.061130
0 0.656586 0.514406 0.062220 0.062220
0 0.633931 0.368262 0.071945 0.071945
0 0.791485 0.834440 0.062220 0.062220
0 0.086098 0.962586 0.057104 0.057104
0 0.155524 0.307479 0.052757 0.052757
0 0.347820 0.303371 0.071945 0.071945
0 0.050203 0.547205 0.057104 0.057104
0 0.083781 0.215883 0.057104 0.057104
0 0.976029 0.980158 0.052757 0.052757
0 0.364402 0.897000 0.062220 0.062220
0 0.054278 0.293705 0.104277 0.104277
0 0.858941 0.019026 0.104277 0.104277
0 0.892127 0.716081 0.062220 0.062220
0 0.766340 0.605428 0.071945 0.071945
0 0.945712 0.297571 0.057104 0.057104
0 0.015405 0.413230 0.104277 0.104277
0 0.005859 0.194265 0.071945 0.071945
0 0.442382 0.722130 0.104277 0.104277
0 0.015679 0.822889 0.061131 0.061131
0 0.227349 0.338264 0.052757 0.052757
0 0.859255 0.252561 0.050559 0.050559
0 0.170237 0.075904 0.104277 0.104277
0 0.988394 0.195340 0.061130 0.061130
0 0.673657 0.726908 0.052757 0.052757
0 0.959878 0.643496 0.071945 0.071945
0 0.089016 0.837984 0.057104 0.057104
0 0.828407 0.914553 0.061131 0.061131
0 0.608004 0.029442 0.104277 0.104277
0 0.209624 0.630832 0.057104 0.057104
0 0.094942 0.067552 0.061130 0.061130
0 0.918428 0.843606 0.104277 0.104277
0 0.600432 0.722186 0.052757 0.052757
0 0.218285 0.010502 0.062220 0.062220
0 0.284795 0.045544 0.071945 0.071945
0 0.634104 0.587572 0.061130 0.061130
0 0.305585 0.606916 0.104277 0.104277
0 0.414417 0.156648 0.104277 0.104277
0 0.953817 0.062329 0.104277 0.104277
0 0.187968 0.151920 0.052757 0.052757
0 0.718310 0.382243 0.052757 0.052757
0 0.453701 0.326908 0.104277 0.104277