0 0.813682 0.644536 0.104277 0.104277
0 0.846162 0.985805 0.061131 0.061131
0 0.554846 0.972993 0.104277 0.104277
0 0.917239 0.255394 0.062220 0.062220
0 0.010660 0.748927 0.062220 0.062220
0 0.966814 0.518821 0.057104 0.057104
0 0.894974 0.370304 0.104277 0.104277
0 0.877277 0.722200 0.104277 0.104277
0 0.682918 0.908964 0.052757 0.052757
0 0.880168 0.560780 0.061131 0.061131
0 0.889976 0.184687 0.052757 0.052757
0 0.126598 0.870603 0.071945 0.071945
0 0.763384 0.484313 0.071945 0.071945
0 0.173846 0.933042 0.061130 0.061130
0 0.945995 0.963445 0.104277 0.104277
0 0.980393 0.384592 0.062220 0.062220
0 0.816272 0.779855 0.062220 0.062220
0 0.654098 0.846403 0.057104 0.057104
0 0.650945 0.685578 0.052757 0.052757
0 0.762099 0.823841 0.061130 0.061130
0 0.476968 0.672881 0.061131 0.061131
0 0.982135 0.204997 0.071945 0.071945
0 0.419180 0.992906 0.052757 0.052757
0 0.162350 0.373502 0.057104 0.057104
0 0.971962 0.696650 0.061130 0.061130
0 0.412094 0.594188 0.062220 0.062220
0 0.705028 0.780864 0.061131 0.061131
0 0.754255 0.714317 0.057104 0.057104
0 0.551057 0.037374 0.071945 0.071945
0 0.821169 0.308122 0.071945 0.071945
0 0.383978 0.278222 0.061131 0.061131
0 0.671618 0.189273 0.061130 0.061130
0 0.696631 0.308148 0.104277 0.104277
0 0.403421 0.039766 0.104277 0.104277
0 0.100115 0.528633 0.057104 0.057104
0 0.447390 0.174692 0.071945 0.071945
0 0.820547 0.439825 0.104277 0.104277
0 0.218704 0.810735 0.061130 0.061130
0 0.977749 0.771525 0.061130 0.061130
0 0.133279 0.289929 0.104277 0.104277
0 0.020138 0.571068 0.052757 0.052757
0 0.298441 0.108993 0.104277 0.104277
0 0.091054 0.110777 0.062220 0.062220
0 0.509473 0.423606 0.071945 0.071945
0 0.490841 0.875025 0.104277 0.104277
0 0.102533 0.623133 0.057104 0.057104
0 0.110394 0.790421 0.057104 0.057104
0 0.150923 0.452462 0.052757 0.052757
0 0.222114 0.521543 0.104277 0.104277
0 0.190671 0.090654 0.062220 0.062220
0 0.523281 0.558020 0.061131 0.061131
0 0.163582 0.723520 0.104277 0.104277
0 0.298891 0.606717 0.061130 0.061130
0 0.034804 0.461148 0.057104 0.057104
0 0.381377 0.504505 0.104277 0.104277
0 0.917140 0.045967 0.062220 0.062220
0 0.880715 0.107534 0.062220 0.062220
0 0.594258 0.388965 0.062220 0.062220
0 0.286302 0.341868 0.062220 0.062220
0 0.612820 0.628399 0.057104 0.057104
0 0.068970 0.972797 0.062220 0.062220
0 0.477289 0.103167 0.061131 0.061131
0 0.773423 0.929366 0.071945 0.071945
0 0.383302 0.912494 0.052757 0.052757
0 0.376069 0.682831 0.062220 0.062220
0 0.381133 0.140485 0.061131 0.061131
0 0.736306 0.587023 0.071945 0.071945
0 0.179246 0.597241 0.061130 0.061130
0 0.340834 0.746449 0.104278 0.104278
0 0.344117 0.218648 0.052757 0.052757
0 0.423751 0.413469 0.061131 0.061131
0 0.842867 0.034681 0.052757 0.052757
0 0.641305 0.111011 0.057104 0.057104
0 0.249084 0.018681 0.052757 0.052757
0 0.590977 0.810620 0.062220 0.062220
0 0.892388 0.459573 0.052757 0.052757
0 0.397852 0.812360 0.062220 0.062220
0 0.276409 0.926936 0.057104 0.057104
0 0.222168 0.244063 0.104277 0.104277
0 0.000686 0.324050 0.061130 0.061130
0 0.642438 0.561447 0.052757 0.052757
0 0.429772 0.744731 0.071945 0.071945
0 0.343352 0.981292 0.062220 0.062220
0 0.779149 0.125587 0.071945 0.071945
0 0.127737 0.048629 0.057104 0.057104
0 0.681111 0.040158 0.062220 0.062220
0 0.010122 0.173055 0.071945 0.071945
0 0.673403 0.404604 0.057104 0.057104
0 0.916383 0.893027 0.057104 0.057104
0 0.240685 0.399497 0.061130 0.061130
0 0.076995 0.707843 0.057104 0.057104
0 0.275411 0.704529 0.104277 0.104277
0 0.607206 0.478290 0.057104 0.057104
0 0.513055 0.226311 0.104277 0.104277
0 0.469973 0.801657 0.052757 0.052757
0 0.281444 0.472410 0.061130 0.061130
0 0.579397 0.295748 0.052757 0.052757
0 0.458425 0.514431 0.071945 0.071945
0 0.748067 0.063750 0.104277 0.104277
0 0.586552 0.161292 0.071945 0.071945
0 0.907788 0.819328 0.104277 0.104277
0 0.224351 0.156912 0.057104 0.057104
0 0.326890 0.411220 0.071945 0.071945
0 0.075073 0.198211 0.057104 0.057104
0 0.803308 0.224492 0.104277 0.104277
0 0.977121 0.846923 0.104277 0.104277
0 0.058127 0.894905 0.057104 0.057104
0 0.466954 0.285448 0.052757 0.052757
0 0.761389 0.402602 0.062220 0.062220
0 0.558782 0.688040 0.061131 0.061131