0 0.573670 0.761351 0.062220 0.062220
0 0.881082 0.906955 0.062220 0.062220
0 0.907062 0.550321 0.052757 0.052757
0 0.918754 0.636870 0.104277 0.104277
0 0.759104 0.184328 0.061130 0.061130
0 0.677656 0.961242 0.052757 0.052757
0 0.515999 0.816233 0.071945 0.071945
0 0.898487 0.462900 0.104277 0.104277
0 0.980844 0.394698 0.104277 0.104277
0 0.905011 0.363758 0.061130 0.061130
0 0.263934 0.272292 0.062220 0.062220
0 0.370421 0.849359 0.061130 0.061130
0 0.812082 0.261715 0.104277 0.104277
0 0.647287 0.767413 0.061130 0.061130
0 0.627703 0.679530 0.052757 0.052757
0 0.788505 0.680357 0.061130 0.061130
0 0.869349 0.805815 0.062220 0.062220
0 0.484539 0.391049 0.061130 0.061130
0 0.287010 0.509661 0.104278 0.104278
0 0.610568 0.034037 0.104277 0.104277
0 0.530999 0.102961 0.052757 0.052757
0 0.911238 0.714025 0.057104 0.057104
0 0.729036 0.915468 0.062220 0.062220
0 0.753954 0.103198 0.104277 0.104277
0 0.827434 0.501680 0.052757 0.052757
0 0.443567 0.097159 0.052757 0.052757
0 0.436023 0.948946 0.062220 0.062220
0 0.947784 0.849468 0.057104 0.057104
0 0.689909 0.185255 0.052757 0.052757
0 0.759859 0.761569 0.061130 0.061130
0 0.969605 0.473848 0.061130 0.061130
0 0.644436 0.404399 0.104278 0.104278
0 0.711285 0.382790 0.052757 0.052757
0 0.991152 0.061916 0.061130 0.061130
0 0.352394 0.561867 0.062220 0.062220
0 0.503726 0.649091 0.062220 0.062220
0 0.720746 0.637814 0.057104 0.057104
0 0.871409 0.129051 0.061130 0.061130
0 0.842078 0.045386 0.062220 0.062220
0 0.510900 0.981097 0.062220 0.062220
0 0.310380 0.193563 0.061130 0.061130
0 0.891447 0.291352 0.052757 0.052757
0 0.677164 0.505283 0.057104 0.057104
0 0.386162 0.742973 0.104278 0.104278
0 0.604439 0.471663 0.071945 0.071945
0 0.504800 0.736437 0.052757 0.052757
0 0.543024 0.551229 0.052757 0.052757
0 0.735320 0.547121 0.071945 0.071945
0 0.261348 0.579703 0.104277 0.104277
0 0.437703 0.790955 0.057104 0.057104
0 0.471281 0.459633 0.057104 0.057104
0 0.441778 0.537455 0.104277 0.104277
0 0.982728 0.138551 0.104277 0.104277
0 0.402905 0.656980 0.104277 0.104277
0 0.393359 0.438015 0.071945 0.071945
0 0.684440 0.056639 0.071945 0.071945
0 0.829882 0.965880 0.104277 0.104277
0 0.267528 0.379256 0.057104 0.057104
0 0.614849 0.582014 0.052757 0.052757
0 0.363629 0.076951 0.104277 0.104277
0 0.374735 0.331018 0.057104 0.057104
0 0.263474 0.989780 0.062220 0.062220
0 0.557737 0.319654 0.104277 0.104277
0 0.607880 0.163889 0.104277 0.104277
0 0.995504 0.273192 0.104277 0.104277
0 0.513553 0.238666 0.052757 0.052757
0 0.597124 0.874582 0.057104 0.057104
0 0.317886 0.782969 0.062220 0.062220
0 0.318060 0.710534 0.057104 0.057104
0 0.392782 0.153455 0.104277 0.104277
0 0.482442 0.311302 0.061130 0.061130
0 0.987932 0.965936 0.052757 0.052757
0 0.605785 0.254252 0.062220 0.062220
0 0.672295 0.289294 0.071945 0.071945
0 0.901402 0.212948 0.061130 0.061130
0 0.310288 0.435734 0.052757 0.052757
0 0.693085 0.850666 0.104277 0.104277
0 0.353063 0.974508 0.057104 0.057104
0 0.801917 0.400398 0.104277 0.104277
0 0.282889 0.096186 0.071945 0.071945
0 0.575468 0.395670 0.052757 0.052757
0 0.766069 0.021340 0.071945 0.071945
0 0.384477 0.224797 0.104277 0.104277
0 0.841201 0.570658 0.104277 0.104277
0 0.265803 0.858690 0.057104 0.057104