0 0.542420 0.689476 0.062220 0.062220
0 0.849832 0.835080 0.062220 0.062220
0 0.875812 0.478446 0.052757 0.052757
0 0.887504 0.564995 0.104277 0.104277
0 0.727854 0.112453 0.061130 0.061130
0 0.646406 0.889367 0.052757 0.052757
0 0.484749 0.744358 0.071945 0.071945
0 0.605597 0.974037 0.062220 0.062220
0 0.867237 0.391025 0.104277 0.104277
0 0.949594 0.322823 0.104277 0.104277
0 0.873761 0.291883 0.061130 0.061130
0 0.232684 0.200417 0.062220 0.062220
0 0.339171 0.777484 0.061130 0.061130
0 0.780832 0.189840 0.104277 0.104277
0 0.616037 0.695538 0.061130 0.061130
0 0.596453 0.607655 0.052757 0.052757
0 0.757255 0.608482 0.061130 0.061130
0 0.838099 0.733940 0.062220 0.062220
0 0.453289 0.319174 0.061130 0.061130
0 0.255760 0.437786 0.104278 0.104278
0 0.499749 0.031086 0.052757 0.052757
0 0.879988 0.642150 0.057104 0.057104
0 0.697786 0.843593 0.062220 0.062220
0 0.722704 0.031323 0.104277 0.104277
0 0.796184 0.429805 0.052757 0.052757
0 0.412317 0.025284 0.052757 0.052757
0 0.404773 0.877071 0.062220 0.062220
0 0.916534 0.777593 0.057104 0.057104
0 0.658659 0.113380 0.052757 0.052757
0 0.728609 0.689694 0.061130 0.061130
0 0.938355 0.401973 0.061130 0.061130
0 0.613186 0.332524 0.104278 0.104278
0 0.680035 0.310915 0.052757 0.052757
0 0.693839 0.950725 0.062220 0.062220
0 0.321144 0.489992 0.062220 0.062220
0 0.472476 0.577216 0.062220 0.062220
0 0.689496 0.565939 0.057104 0.057104
0 0.982924 0.963226 0.062220 0.062220
0 0.840159 0.057176 0.061130 0.061130
0 0.479650 0.909222 0.062220 0.062220
0 0.751705 0.996066 0.062220 0.062220
0 0.279130 0.121688 0.061130 0.061130
0 0.847464 0.961985 0.104277 0.104277
0 0.860197 0.219477 0.052757 0.052757
0 0.645914 0.433408 0.057104 0.057104
0 0.354912 0.671098 0.104278 0.104278
0 0.573189 0.399788 0.071945 0.071945
0 0.473550 0.664562 0.052757 0.052757
0 0.990181 0.540137 0.071945 0.071945
0 0.511774 0.479354 0.052757 0.052757
0 0.704070 0.475246 0.071945 0.071945
0 0.230098 0.507828 0.104277 0.104277
0 0.406453 0.719080 0.057104 0.057104
0 0.440031 0.387758 0.057104 0.057104
0 0.410528 0.465580 0.104277 0.104277
0 0.951478 0.066676 0.104277 0.104277
0 0.371655 0.585105 0.104277 0.104277
0 0.362109 0.366140 0.071945 0.071945
0 0.798632 0.894005 0.104277 0.104277
0 0.236278 0.307381 0.057104 0.057104
0 0.371929 0.994764 0.061131 0.061131
0 0.253065 0.989822 0.057104 0.057104
0 0.583599 0.510139 0.052757 0.052757
0 0.332379 0.005076 0.104277 0.104277
0 0.343485 0.259143 0.057104 0.057104
0 0.232224 0.917905 0.062220 0.062220
0 0.526487 0.247779 0.104277 0.104277
0 0.576630 0.092014 0.104277 0.104277
0 0.964254 0.201317 0.104277 0.104277
0 0.482303 0.166791 0.052757 0.052757
0 0.565874 0.802707 0.057104 0.057104
0 0.286636 0.711094 0.062220 0.062220
0 0.286810 0.638659 0.057104 0.057104
0 0.361532 0.081580 0.104277 0.104277
0 0.451192 0.239427 0.061130 0.061130
0 0.956682 0.894061 0.052757 0.052757
0 0.574535 0.182377 0.062220 0.062220
0 0.641045 0.217419 0.071945 0.071945
0 0.870152 0.141073 0.061130 0.061130
0 0.990354 0.759447 0.061130 0.061130
0 0.279038 0.363859 0.052757 0.052757
0 0.661835 0.778791 0.104277 0.104277
0 0.321813 0.902633 0.057104 0.057104
0 0.770667 0.328523 0.104277 0.104277
0 0.251639 0.024311 0.071945 0.071945
0 0.544218 0.323795 0.052757 0.052757
0 0.353227 0.152922 0.104277 0.104277
0 0.809951 0.498783 0.104277 0.104277
0 0.234553 0.786815 0.057104 0.057104