0 0.459794 0.887486 0.061130 0.061130
0 0.862739 0.849195 0.052757 0.052757
0 0.392887 0.747815 0.104277 0.104277
0 0.454713 0.656767 0.071945 0.071945
0 0.606526 0.642377 0.071945 0.071945
0 0.685279 0.849235 0.104277 0.104277
0 0.360565 0.849384 0.052757 0.052757
0 0.763143 0.895760 0.071945 0.071945
0 0.657432 0.191411 0.104277 0.104277
0 0.689912 0.532680 0.061131 0.061131
0 0.847534 0.155939 0.104277 0.104277
0 0.398596 0.519868 0.104277 0.104277
0 0.891723 0.352187 0.057104 0.057104
0 0.907082 0.520152 0.104277 0.104277
0 0.984108 0.314066 0.104277 0.104277
0 0.810564 0.065696 0.057104 0.057104
0 0.721027 0.269075 0.104277 0.104277
0 0.268659 0.692324 0.062220 0.062220
0 0.526668 0.455839 0.052757 0.052757
0 0.179494 0.877483 0.104277 0.104277
0 0.723918 0.107655 0.061131 0.061131
0 0.437472 0.814023 0.061131 0.061131
0 0.470606 0.566364 0.057104 0.057104
0 0.607134 0.031188 0.071945 0.071945
0 0.521688 0.774518 0.052757 0.052757
0 0.017596 0.479917 0.061130 0.061130
0 0.789745 0.510320 0.104277 0.104277
0 0.195730 0.603872 0.052757 0.052757
0 0.660022 0.326730 0.062220 0.062220
0 0.577895 0.710478 0.057104 0.057104
0 0.497848 0.393278 0.057104 0.057104
0 0.494695 0.232453 0.052757 0.052757
0 0.968444 0.663235 0.052757 0.052757
0 0.690368 0.932489 0.036679 0.036679
0 0.605849 0.370716 0.061130 0.061130
0 0.882300 0.052718 0.071945 0.071945
0 0.320718 0.219756 0.061131 0.061131
0 0.908357 0.624046 0.062221 0.062221
0 0.524130 0.863100 0.057104 0.057104
0 0.262930 0.539781 0.052757 0.052757
0 0.036046 0.689214 0.057104 0.057104
0 0.909987 0.429534 0.071945 0.071945
0 0.846902 0.659675 0.052757 0.052757
0 0.815712 0.243525 0.061130 0.061130
0 0.834008 0.727537 0.104277 0.104277
0 0.258898 0.815733 0.071945 0.071945
0 0.255844 0.141063 0.062220 0.062220
0 0.548778 0.327739 0.061131 0.061131
0 0.739646 0.751169 0.104277 0.104277
0 0.367993 0.622064 0.071945 0.071945
0 0.598005 0.261192 0.057104 0.057104
0 0.830551 0.918644 0.062220 0.062220
0 0.330117 0.782182 0.057104 0.057104
0 0.062454 0.357610 0.061130 0.061130
0 0.686573 0.692877 0.061130 0.061130
0 0.821499 0.318400 0.061130 0.061130
0 0.765333 0.823492 0.061130 0.061130
0 0.334591 0.421900 0.104277 0.104277
0 0.096196 0.902833 0.061130 0.061130
0 0.067270 0.831098 0.061130 0.061130
0 0.636669 0.787360 0.062220 0.062220
0 0.065864 0.068418 0.104277 0.104277
0 0.245950 0.957368 0.104277 0.104277
0 0.106753 0.569036 0.052757 0.052757
0 0.550101 0.558390 0.062220 0.062220
0 0.913798 0.934568 0.104277 0.104277
0 0.367031 0.104895 0.061131 0.061131
0 0.007332 0.270395 0.104277 0.104277
0 0.275416 0.893215 0.052757 0.052757
0 0.142641 0.153592 0.061130 0.061130
0 0.225127 0.051380 0.104277 0.104277
0 0.582332 0.932903 0.062220 0.062220
0 0.960742 0.237104 0.052757 0.052757
0 0.456570 0.175274 0.057104 0.057104
0 0.617173 0.476241 0.071945 0.071945
0 0.227052 0.459369 0.052757 0.052757
0 0.219819 0.229706 0.062220 0.062220
0 0.580056 0.133898 0.071945 0.071945
0 0.020423 0.996850 0.052757 0.052757
0 0.022996 0.144116 0.061130 0.061130
0 0.184584 0.293324 0.104278 0.104278
0 0.637995 0.980821 0.071945 0.071945
0 0.356349 0.961965 0.052757 0.052757
0 0.434727 0.357495 0.062220 0.062220
0 0.019968 0.549071 0.057104 0.057104
0 0.997828 0.012442 0.057104 0.057104
0 0.736138 0.006448 0.052757 0.052757
0 0.241602 0.359235 0.062220 0.062220
0 0.120159 0.473811 0.057104 0.057104
0 0.778890 0.970968 0.061131 0.061131
0 0.911165 0.758698 0.071945 0.071945
0 0.486188 0.108322 0.052757 0.052757
0 0.273522 0.291606 0.071945 0.071945
0 0.187102 0.528167 0.062220 0.062220
0 0.760133 0.439902 0.057104 0.057104
0 0.119161 0.251404 0.104277 0.104277
0 0.450956 0.025165 0.057104 0.057104
0 0.183084 0.769528 0.062220 0.062220
0 0.313723 0.348532 0.052757 0.052757
0 0.742876 0.579840 0.057104 0.057104
0 0.125194 0.019285 0.061130 0.061130
0 0.186661 0.679717 0.061131 0.061131
0 0.302175 0.061306 0.071945 0.071945
0 0.751538 0.366203 0.104277 0.104277
0 0.978530 0.115907 0.061130 0.061130
0 0.820871 0.393798 0.104277 0.104277
0 0.835051 0.590056 0.052757 0.052757
0 0.114169 0.776522 0.071945 0.071945
0 0.402532 0.234915 0.061131 0.061131