0 0.576285 0.505177 0.062220 0.062220
0 0.990534 0.901699 0.062220 0.062220
0 0.500842 0.732393 0.052757 0.052757
0 0.047627 0.933536 0.071945 0.071945
0 0.523170 0.379562 0.057103 0.057103
0 0.692223 0.626853 0.071945 0.071945
0 0.156770 0.352848 0.104277 0.104277
0 0.739471 0.689292 0.061130 0.061130
0 0.294516 0.425207 0.052757 0.052757
0 0.917605 0.813247 0.052757 0.052757
0 0.670990 0.902332 0.057104 0.057104
0 0.984805 0.749156 0.052757 0.052757
0 0.757921 0.898589 0.057104 0.057104
0 0.068240 0.707272 0.104278 0.104278
0 0.727975 0.129752 0.057104 0.057104
0 0.977719 0.350438 0.062220 0.062220
0 0.455290 0.201700 0.104277 0.104277
0 0.439332 0.643887 0.071945 0.071945
0 0.369087 0.636802 0.057104 0.057104
0 0.949603 0.034472 0.061131 0.061131
0 0.264051 0.134759 0.104277 0.104277
0 0.637140 0.802794 0.057104 0.057104
0 0.474687 0.065849 0.057104 0.057104
0 0.121886 0.156590 0.062220 0.062220
0 0.133551 0.046812 0.062220 0.062220
0 0.665740 0.284883 0.057104 0.057104
0 0.423257 0.014718 0.104277 0.104277
0 0.195196 0.193111 0.062220 0.062220
0 0.784329 0.566985 0.061130 0.061130
0 0.038097 0.187865 0.104278 0.104278
0 0.698904 0.046179 0.104277 0.104277
0 0.585763 0.327318 0.052757 0.052757
0 0.372619 0.970562 0.071945 0.071945
0 0.338938 0.350660 0.062220 0.062220
0 0.038285 0.298620 0.071945 0.071945
0 0.511004 0.130348 0.057104 0.057104
0 0.668158 0.379383 0.057104 0.057104
0 0.570263 0.766746 0.104277 0.104277
0 0.434303 0.544924 0.057104 0.057104
0 0.676019 0.546671 0.057104 0.057104
0 0.341658 0.722053 0.057104 0.057104
0 0.716548 0.208712 0.052757 0.052757
0 0.787739 0.277793 0.104277 0.104277
0 0.544585 0.661008 0.104277 0.104277
0 0.828628 0.778411 0.052757 0.052757
0 0.127203 0.491111 0.062220 0.062220
0 0.559678 0.853308 0.104277 0.104277
0 0.349142 0.554307 0.052757 0.052757
0 0.543843 0.566277 0.052757 0.052757
0 0.360754 0.485598 0.061130 0.061130
0 0.729207 0.479770 0.104277 0.104277
0 0.864516 0.362967 0.061130 0.061130
0 0.554487 0.005815 0.052757 0.052757
0 0.600429 0.217398 0.057104 0.057104
0 0.429708 0.400416 0.071945 0.071945
0 0.947002 0.260755 0.104277 0.104277
0 0.267722 0.813039 0.061130 0.061130
0 0.851927 0.098118 0.062220 0.062220
0 0.709650 0.976077 0.071945 0.071945
0 0.634595 0.729047 0.062220 0.062220
0 0.412507 0.141566 0.052757 0.052757
0 0.948927 0.668744 0.052757 0.052757
0 0.941694 0.439081 0.062220 0.062220
0 0.595527 0.934744 0.104277 0.104277
0 0.145348 0.877190 0.061130 0.061130
0 0.208869 0.262767 0.057104 0.057104
0 0.744871 0.353491 0.061130 0.061130
0 0.272399 0.005777 0.057104 0.057104
0 0.906459 0.502699 0.104278 0.104278
0 0.989376 0.169719 0.061131 0.061131
0 0.286905 0.513743 0.061130 0.061130
0 0.070854 0.016919 0.061130 0.061130
0 0.253517 0.350929 0.062220 0.062220
0 0.431335 0.749539 0.057104 0.057104
0 0.741843 0.758446 0.057104 0.057104
0 0.160826 0.796602 0.057104 0.057104
0 0.233531 0.691713 0.104277 0.104277
0 0.963477 0.568610 0.062220 0.062220
0 0.044007 0.494625 0.061130 0.061130
0 0.842034 0.683186 0.057104 0.057104
0 0.787793 0.000313 0.104277 0.104277
0 0.566311 0.080300 0.061130 0.061130
0 0.431099 0.827648 0.061130 0.061130
0 0.360936 0.814927 0.062220 0.062220
0 0.705951 0.832911 0.048997 0.048997
0 0.085223 0.422633 0.061130 0.061130
0 0.995397 0.500981 0.071945 0.071945
0 0.276922 0.272994 0.057104 0.057104
0 0.908977 0.737542 0.062220 0.062220
0 0.132455 0.638305 0.104277 0.104277
0 0.135290 0.280343 0.052757 0.052757
0 0.806310 0.155747 0.061130 0.061130
0 0.642620 0.464093 0.057104 0.057104
0 0.841036 0.460779 0.104277 0.104277
0 0.517378 0.454442 0.104277 0.104277
0 0.904959 0.978903 0.062220 0.062220
0 0.090997 0.795650 0.057104 0.057104
0 0.847069 0.228660 0.061130 0.061130
0 0.208903 0.053455 0.062220 0.062220
0 0.138443 0.954424 0.057104 0.057104
0 0.908536 0.889092 0.061131 0.061131
0 0.329497 0.899467 0.071945 0.071945
0 0.541505 0.259519 0.062220 0.062220
0 0.892515 0.167470 0.071945 0.071945
0 0.170837 0.428315 0.071945 0.071945
0 0.483310 0.927288 0.104277 0.104277
0 0.249436 0.892391 0.071945 0.071945
0 0.239687 0.615250 0.061130 0.061130
0 0.322775 0.182675 0.104277 0.104277
0 0.441316 0.318374 0.052757 0.052757
0 0.328177 0.062970 0.057104 0.057104
0 0.623752 0.651155 0.057104 0.057104
0 0.388567 0.243831 0.062220 0.062220
0 0.042757 0.584057 0.071945 0.071945
0 0.836044 0.985897 0.071945 0.071945
0 0.075308 0.101718 0.061130 0.061130
0 0.207709 0.551440 0.062220 0.062220