0 0.092420 0.258226 0.062220 0.062220
0 0.438058 0.597854 0.062220 0.062220
0 0.399832 0.403830 0.062220 0.062220
0 0.889220 0.120657 0.071945 0.071945
0 0.175734 0.711468 0.057103 0.057103
0 0.897904 0.490989 0.061130 0.061130
0 0.425812 0.047196 0.052757 0.052757
0 0.960031 0.599081 0.104277 0.104277
0 0.437504 0.133745 0.104277 0.104277
0 0.783968 0.387370 0.104277 0.104277
0 0.196406 0.458117 0.052757 0.052757
0 0.742829 0.508981 0.104277 0.104277
0 0.629345 0.550955 0.071945 0.071945
0 0.034749 0.313108 0.071945 0.071945
0 0.787369 0.140112 0.062220 0.062220
0 0.155597 0.542787 0.062220 0.062220
0 0.060630 0.735769 0.071945 0.071945
0 0.085549 0.573423 0.104277 0.104277
0 0.812722 0.312370 0.057104 0.057104
0 0.166037 0.264288 0.061130 0.061130
0 0.146453 0.176405 0.052757 0.052757
0 0.822846 0.666980 0.062220 0.062220
0 0.881069 0.294806 0.104277 0.104277
0 0.766422 0.235868 0.061130 0.061130
0 0.645727 0.277742 0.057104 0.057104
0 0.550702 0.037628 0.104277 0.104277
0 0.335478 0.757351 0.062220 0.062220
0 0.307255 0.177232 0.061130 0.061130
0 0.388099 0.302690 0.062220 0.062220
0 0.583243 0.384500 0.057104 0.057104
0 0.699219 0.414591 0.104277 0.104277
0 0.493308 0.740646 0.071945 0.071945
0 0.429988 0.210900 0.057104 0.057104
0 0.195324 0.640031 0.061130 0.061130
0 0.638656 0.623920 0.071945 0.071945
0 0.247786 0.412343 0.062220 0.062220
0 0.445905 0.668656 0.057104 0.057104
0 0.466534 0.346343 0.057104 0.057104
0 0.278609 0.258444 0.061130 0.061130
0 0.965529 0.100462 0.061131 0.061131
0 0.409749 0.748309 0.052757 0.052757
0 0.923922 0.028913 0.071945 0.071945
0 0.712123 0.147462 0.062220 0.062220
0 0.927068 0.351773 0.057104 0.057104
0 0.243839 0.519475 0.062220 0.062220
0 0.664764 0.488312 0.057104 0.057104
0 0.739790 0.305300 0.104277 0.104277
0 0.369054 0.639670 0.050891 0.050891
0 0.022476 0.145966 0.062220 0.062220
0 0.094880 0.655105 0.104277 0.104277
0 0.239496 0.134689 0.057104 0.057104
0 0.532924 0.531976 0.062220 0.062220
0 0.653743 0.741042 0.057104 0.057104
0 0.029650 0.477972 0.062220 0.062220
0 0.254074 0.718692 0.052757 0.052757
0 0.301705 0.564816 0.062220 0.062220
0 0.397464 0.530735 0.104277 0.104277
0 0.752298 0.065722 0.061130 0.061130
0 0.195914 0.002158 0.057104 0.057104
0 0.023550 0.233312 0.052757 0.052757
0 0.559312 0.659913 0.061130 0.061130
0 0.970284 0.493053 0.104277 0.104277
0 0.562836 0.255031 0.062220 0.062220
0 0.540181 0.108887 0.071945 0.071945
0 0.697735 0.575065 0.062220 0.062220
0 0.061774 0.048104 0.052757 0.052757
0 0.254070 0.043996 0.071945 0.071945
0 0.882279 0.720783 0.052757 0.052757
0 0.270652 0.637625 0.062220 0.062220
0 0.568890 0.763263 0.062220 0.062220
0 0.798377 0.456706 0.062220 0.062220
0 0.672590 0.346053 0.071945 0.071945
0 0.973901 0.668613 0.061131 0.061131
0 0.851962 0.038196 0.057104 0.057104
0 0.348632 0.462755 0.104277 0.104277
0 0.949226 0.418775 0.104277 0.104277
0 0.133599 0.078889 0.052757 0.052757
0 0.910138 0.227158 0.062220 0.062220
0 0.792664 0.751693 0.061130 0.061130
0 0.937882 0.769828 0.062220 0.062220
0 0.579907 0.467533 0.052757 0.052757
0 0.866128 0.384121 0.071945 0.071945
0 0.734657 0.655178 0.061131 0.061131
0 0.982177 0.239968 0.104277 0.104277
0 0.115874 0.371457 0.057104 0.057104
0 0.824678 0.584231 0.104277 0.104277
0 0.506682 0.462811 0.052757 0.052757
0 0.540354 0.328197 0.061130 0.061130
0 0.211835 0.347541 0.104277 0.104277
0 0.624560 0.122868 0.052757 0.052757
0 0.359951 0.067533 0.104277 0.104277