0 0.689136 0.746231 0.052757 0.052757
0 0.638785 0.239552 0.062220 0.062220
0 0.963869 0.821233 0.104277 0.104277
0 0.563342 0.466768 0.052757 0.052757
0 0.110127 0.667911 0.071945 0.071945
0 0.585670 0.113937 0.057103 0.057103
0 0.688681 0.954061 0.057104 0.057104
0 0.754723 0.361228 0.071945 0.071945
0 0.219270 0.087223 0.104277 0.104277
0 0.801971 0.423667 0.061130 0.061130
0 0.357016 0.159582 0.052757 0.052757
0 0.980105 0.547622 0.052757 0.052757
0 0.733490 0.636707 0.057104 0.057104
0 0.820421 0.632964 0.057104 0.057104
0 0.130740 0.441647 0.104278 0.104278
0 0.501832 0.378262 0.071945 0.071945
0 0.431587 0.371177 0.057104 0.057104
0 0.699640 0.537169 0.057104 0.057104
0 0.728240 0.019258 0.057104 0.057104
0 0.246264 0.878383 0.071945 0.071945
0 0.239330 0.807927 0.071945 0.071945
0 0.846829 0.301360 0.061130 0.061130
0 0.735003 0.902694 0.071945 0.071945
0 0.945259 0.944322 0.061130 0.061130
0 0.648263 0.061693 0.052757 0.052757
0 0.435119 0.704937 0.071945 0.071945
0 0.401438 0.085035 0.062220 0.062220
0 0.100785 0.032995 0.071945 0.071945
0 0.880571 0.846583 0.061130 0.061130
0 0.851645 0.774848 0.061130 0.061130
0 0.730658 0.113758 0.057104 0.057104
0 0.632763 0.501121 0.104277 0.104277
0 0.496803 0.279299 0.057104 0.057104
0 0.738519 0.281046 0.057104 0.057104
0 0.404158 0.456428 0.057104 0.057104
0 0.850239 0.012168 0.104277 0.104277
0 0.607085 0.395383 0.104277 0.104277
0 0.891128 0.512786 0.052757 0.052757
0 0.189703 0.225486 0.062220 0.062220
0 0.622178 0.587683 0.104277 0.104277
0 0.446288 0.786635 0.071945 0.071945
0 0.876267 0.969027 0.104277 0.104277
0 0.411642 0.288682 0.052757 0.052757
0 0.606343 0.300652 0.052757 0.052757
0 0.423254 0.219973 0.061130 0.061130
0 0.565575 0.737766 0.052757 0.052757
0 0.791707 0.214145 0.104277 0.104277
0 0.397539 0.868860 0.052757 0.052757
0 0.927016 0.097342 0.061130 0.061130
0 0.492208 0.134791 0.071945 0.071945
0 0.330222 0.547414 0.061130 0.061130
0 0.138544 0.929199 0.104278 0.104278
0 0.772150 0.710452 0.071945 0.071945
0 0.697095 0.463422 0.062220 0.062220
0 0.321316 0.741293 0.061130 0.061130
0 0.658027 0.669119 0.104277 0.104277
0 0.207848 0.611565 0.061130 0.061130
0 0.804798 0.940600 0.052757 0.052757
0 0.280173 0.973318 0.057104 0.057104
0 0.807371 0.087866 0.061130 0.061130
0 0.968959 0.237074 0.104278 0.104278
0 0.570935 0.887491 0.071945 0.071945
0 0.781695 0.847660 0.061130 0.061130
0 0.357297 0.812119 0.062220 0.062220
0 0.349405 0.248118 0.061130 0.061130
0 0.316017 0.085304 0.062220 0.062220
0 0.493835 0.483914 0.057104 0.057104
0 0.804343 0.492821 0.057104 0.057104
0 0.223326 0.530977 0.057104 0.057104
0 0.296031 0.426088 0.104277 0.104277
0 0.436156 0.937293 0.104277 0.104277
0 0.142911 0.737237 0.061130 0.061130
0 0.106507 0.229000 0.061130 0.061130
0 0.904534 0.417561 0.057104 0.057104
0 0.640964 0.850785 0.071945 0.071945
0 0.493599 0.562023 0.061130 0.061130
0 0.423436 0.549302 0.062220 0.062220
0 0.768451 0.567286 0.048997 0.048997
0 0.147723 0.157008 0.061130 0.061130
0 0.339422 0.007369 0.057104 0.057104
0 0.971477 0.471917 0.062220 0.062220
0 0.194955 0.372680 0.104277 0.104277
0 0.197790 0.014718 0.052757 0.052757
0 0.705120 0.198468 0.057104 0.057104
0 0.903536 0.195154 0.104277 0.104277
0 0.579878 0.188817 0.104277 0.104277
0 0.967459 0.713278 0.062220 0.062220
0 0.153497 0.530025 0.057104 0.057104
0 0.200943 0.688799 0.057104 0.057104
0 0.971036 0.623467 0.061131 0.061131
0 0.391997 0.633842 0.071945 0.071945
0 0.233337 0.162690 0.071945 0.071945
0 0.545810 0.661663 0.104277 0.104277
0 0.311936 0.626766 0.071945 0.071945
0 0.302187 0.349625 0.061130 0.061130
0 0.384914 0.992220 0.071945 0.071945
0 0.503816 0.052749 0.052757 0.052757
0 0.479999 0.997189 0.047555 0.047555
0 0.686252 0.385530 0.057104 0.057104
0 0.105257 0.318432 0.071945 0.071945
0 0.898544 0.720272 0.071945 0.071945
0 0.141181 0.825453 0.062220 0.062220
0 0.270209 0.285815 0.062220 0.062220