0 0.590380 0.425492 0.071945 0.071945
0 0.385557 0.928911 0.104277 0.104277
0 0.575659 0.893439 0.104277 0.104277
0 0.489114 0.539769 0.062220 0.062220
0 0.622092 0.537716 0.057104 0.057104
0 0.654903 0.463024 0.052757 0.052757
0 0.538689 0.803196 0.057104 0.057104
0 0.466849 0.654679 0.104277 0.104277
0 0.452043 0.845155 0.061131 0.061131
0 0.691581 0.096381 0.061130 0.061130
0 0.461851 0.469062 0.052757 0.052757
0 0.335259 0.768688 0.071945 0.071945
0 0.552268 0.668967 0.062220 0.062220
0 0.222820 0.969953 0.052757 0.052757
0 0.610425 0.790218 0.071945 0.071945
0 0.692222 0.560759 0.071945 0.071945
0 0.048843 0.957256 0.061131 0.061131
0 0.554010 0.489372 0.071945 0.071945
0 0.543837 0.981025 0.061130 0.061130
0 0.722523 0.324108 0.061131 0.061131
0 0.326130 0.998692 0.057104 0.057104
0 0.741157 0.498972 0.071945 0.071945
0 0.122932 0.321749 0.071945 0.071945
0 0.404331 0.229125 0.061130 0.061130
0 0.220591 0.009127 0.062220 0.062220
0 0.393044 0.592497 0.071945 0.071945
0 0.243493 0.473648 0.061130 0.061130
0 0.753723 0.422335 0.071945 0.071945
0 0.268506 0.592523 0.104277 0.104277
0 0.736535 0.920602 0.057104 0.057104
0 0.019265 0.459067 0.071945 0.071945
0 0.392422 0.724200 0.104277 0.104277
0 0.684510 0.667900 0.104278 0.104278
0 0.276876 0.145969 0.061130 0.061130
0 0.373430 0.125070 0.057104 0.057104
0 0.083481 0.055581 0.071945 0.071945
0 0.633861 0.237404 0.057104 0.057104
0 0.081348 0.707981 0.071945 0.071945
0 0.436542 0.073022 0.062220 0.062220
0 0.095156 0.842395 0.061131 0.061131
0 0.489015 0.330342 0.062220 0.062220
0 0.452590 0.391909 0.062220 0.062220
0 0.004600 0.203604 0.062220 0.062220
0 0.166133 0.673340 0.062220 0.062220
0 0.688867 0.974604 0.052757 0.052757
0 0.184695 0.912774 0.057104 0.057104
0 0.274285 0.063257 0.061131 0.061131
0 0.049164 0.387542 0.061131 0.061131
0 0.665065 0.014657 0.104278 0.104278
0 0.221549 0.199064 0.071945 0.071945
0 0.308181 0.871398 0.071945 0.071945
0 0.736229 0.199402 0.061131 0.061131
0 0.414742 0.319056 0.052757 0.052757
0 0.213180 0.395386 0.057104 0.057104
0 0.514283 0.062449 0.052757 0.052757
0 0.068105 0.236719 0.071945 0.071945
0 0.725953 0.749942 0.057104 0.057104
0 0.606893 0.720062 0.057104 0.057104
0 0.331091 0.212594 0.052757 0.052757
0 0.464263 0.743948 0.052757 0.052757
0 0.149279 0.098722 0.071945 0.071945
0 0.582136 0.003927 0.062220 0.062220
0 0.214313 0.845822 0.052757 0.052757
0 0.351024 0.409962 0.071945 0.071945
0 0.252986 0.324533 0.062220 0.062220
0 0.584441 0.119964 0.052559 0.052559
0 0.245278 0.688979 0.057104 0.057104
0 0.079685 0.159769 0.071945 0.071945
0 0.627115 0.356321 0.062220 0.062220
0 0.179081 0.762665 0.057104 0.057104
0 0.084930 0.510686 0.104277 0.104277
0 0.151272 0.580123 0.052757 0.052757
0 0.030300 0.798806 0.071945 0.071945
0 0.319942 0.348125 0.104277 0.104277
0 0.158427 0.445667 0.071945 0.071945
0 0.172400 0.255681 0.104277 0.104277
0 0.706655 0.853407 0.061130 0.061130
0 0.531367 0.199770 0.071945 0.071945
0 0.687244 0.390549 0.104278 0.104278
0 0.375183 0.508867 0.104277 0.104277
0 0.431960 0.163560 0.052757 0.052757
0 0.038829 0.569823 0.052757 0.052757
0 0.333264 0.686977 0.062220 0.062220
0 0.384656 0.012902 0.061131 0.061131
0 0.130657 0.972415 0.061131 0.061131