0 0.189295 0.205101 0.062220 0.062220
0 0.534933 0.544729 0.062220 0.062220
0 0.496707 0.350705 0.062220 0.062220
0 0.986095 0.067532 0.071945 0.071945
0 0.272609 0.658343 0.057103 0.057103
0 0.994779 0.437864 0.061130 0.061130
0 0.534379 0.080620 0.104277 0.104277
0 0.880843 0.334245 0.104277 0.104277
0 0.293281 0.404992 0.052757 0.052757
0 0.839704 0.455856 0.104277 0.104277
0 0.726220 0.497830 0.071945 0.071945
0 0.131624 0.259983 0.071945 0.071945
0 0.884244 0.086987 0.062220 0.062220
0 0.252472 0.489662 0.062220 0.062220
0 0.157505 0.682644 0.071945 0.071945
0 0.182424 0.520298 0.104277 0.104277
0 0.909597 0.259245 0.057104 0.057104
0 0.262912 0.211163 0.061130 0.061130
0 0.243328 0.123280 0.052757 0.052757
0 0.034474 0.589461 0.104278 0.104278
0 0.919721 0.613855 0.062220 0.062220
0 0.977944 0.241681 0.104277 0.104277
0 0.863297 0.182743 0.061130 0.061130
0 0.742602 0.224617 0.057104 0.057104
0 0.432353 0.704226 0.062220 0.062220
0 0.404130 0.124107 0.061130 0.061130
0 0.484974 0.249565 0.062220 0.062220
0 0.680118 0.331375 0.057104 0.057104
0 0.796094 0.361466 0.104277 0.104277
0 0.590183 0.687521 0.071945 0.071945
0 0.526863 0.157775 0.057104 0.057104
0 0.292199 0.586906 0.061130 0.061130
0 0.735531 0.570795 0.071945 0.071945
0 0.344661 0.359218 0.062220 0.062220
0 0.542780 0.615531 0.057104 0.057104
0 0.051648 0.392696 0.062220 0.062220
0 0.563409 0.293218 0.057104 0.057104
0 0.375484 0.205319 0.061130 0.061130
0 0.506624 0.695184 0.052757 0.052757
0 0.808998 0.094337 0.062220 0.062220
0 0.340714 0.466350 0.062220 0.062220
0 0.761639 0.435187 0.057104 0.057104
0 0.836665 0.252175 0.104277 0.104277
0 0.465929 0.586545 0.050891 0.050891
0 0.119351 0.092841 0.062220 0.062220
0 0.191755 0.601980 0.104277 0.104277
0 0.336371 0.081564 0.057104 0.057104
0 0.629799 0.478851 0.062220 0.062220
0 0.750618 0.687917 0.057104 0.057104
0 0.126525 0.424847 0.062220 0.062220
0 0.350949 0.665567 0.052757 0.052757
0 0.398580 0.511691 0.062220 0.062220
0 0.494339 0.477610 0.104277 0.104277
0 0.849173 0.012597 0.061130 0.061130
0 0.001787 0.186723 0.104278 0.104278
0 0.120425 0.180187 0.052757 0.052757
0 0.029608 0.696314 0.071945 0.071945
0 0.656187 0.606788 0.061130 0.061130
0 0.659711 0.201906 0.062220 0.062220
0 0.637056 0.055762 0.071945 0.071945
0 0.794610 0.521940 0.062220 0.062220
0 0.089223 0.650086 0.057104 0.057104
0 0.053328 0.234705 0.057104 0.057104
0 0.979154 0.667658 0.052757 0.052757
0 0.367527 0.584500 0.062220 0.062220
0 0.665765 0.710138 0.062220 0.062220
0 0.895252 0.403581 0.062220 0.062220
0 0.769465 0.292928 0.071945 0.071945
0 0.018530 0.100730 0.104277 0.104277
0 0.445507 0.409630 0.104277 0.104277
0 0.018804 0.510389 0.061131 0.061131
0 0.230474 0.025764 0.052757 0.052757
0 0.889539 0.698568 0.061130 0.061130
0 0.676782 0.414408 0.052757 0.052757
0 0.963003 0.330996 0.071945 0.071945
0 0.092141 0.525484 0.057104 0.057104
0 0.831532 0.602053 0.061131 0.061131
0 0.212749 0.318332 0.057104 0.057104
0 0.921553 0.531106 0.104277 0.104277
0 0.603557 0.409686 0.052757 0.052757
0 0.637229 0.275072 0.061130 0.061130
0 0.308710 0.294416 0.104277 0.104277
0 0.721435 0.069743 0.052757 0.052757
0 0.456826 0.014408 0.104277 0.104277