0 0.856467 0.465102 0.104277 0.104277
0 0.812919 0.253111 0.061130 0.061130
0 0.528927 0.672630 0.104278 0.104278
0 0.746012 0.113440 0.104277 0.104277
0 0.807838 0.022392 0.071945 0.071945
0 0.959651 0.008002 0.071945 0.071945
0 0.713690 0.215009 0.052757 0.052757
0 0.647071 0.833978 0.052757 0.052757
0 0.257886 0.168106 0.052757 0.052757
0 0.171604 0.824953 0.061130 0.061130
0 0.546365 0.783435 0.052757 0.052757
0 0.567436 0.954662 0.052757 0.052757
0 0.850591 0.379917 0.057104 0.057104
0 0.621784 0.057949 0.062220 0.062220
0 0.886453 0.566553 0.051819 0.051819
0 0.181572 0.589287 0.057104 0.057104
0 0.532619 0.243108 0.104277 0.104277
0 0.790597 0.179648 0.061131 0.061131
0 0.224582 0.902340 0.104277 0.104277
0 0.257431 0.375936 0.057104 0.057104
0 0.779159 0.855354 0.104277 0.104277
0 0.874813 0.140143 0.052757 0.052757
0 0.931020 0.076103 0.057104 0.057104
0 0.478773 0.584068 0.052757 0.052757
0 0.023068 0.674662 0.104277 0.104277
0 0.302240 0.058582 0.057104 0.057104
0 0.877255 0.228725 0.057104 0.057104
0 0.962294 0.636897 0.104277 0.104277
0 0.957431 0.563604 0.071945 0.071945
0 0.166454 0.743823 0.104277 0.104277
0 0.389171 0.054839 0.057104 0.057104
0 0.612023 0.181358 0.071945 0.071945
0 0.663902 0.576313 0.052757 0.052757
0 0.102409 0.825880 0.052757 0.052757
0 0.478937 0.890487 0.057104 0.057104
0 0.684274 0.972091 0.052757 0.052757
0 0.878749 0.723526 0.054783 0.054783
0 0.846851 0.835692 0.071945 0.071945
0 0.847111 0.906516 0.061130 0.061130
0 0.629975 0.496944 0.071945 0.071945
0 0.403652 0.702541 0.061130 0.061130
0 0.295005 0.601383 0.071945 0.071945
0 0.461654 0.817079 0.052757 0.052757
0 0.727131 0.732194 0.057104 0.057104
0 0.683242 0.147807 0.057104 0.057104
0 0.004838 0.482887 0.061130 0.061130
0 0.303753 0.324569 0.071945 0.071945
0 0.283909 0.769676 0.061130 0.061130
0 0.254578 0.686011 0.062220 0.062220
0 0.398348 0.537197 0.062220 0.062220
0 0.514009 0.366197 0.061130 0.061130
0 0.741326 0.610320 0.052757 0.052757
0 0.303947 0.931977 0.052757 0.052757
0 0.454121 0.968262 0.057104 0.057104
0 0.003869 0.126812 0.071945 0.071945
0 0.449321 0.268458 0.061130 0.061130
0 0.420395 0.196723 0.061130 0.061130
0 0.989794 0.152985 0.062220 0.062220
0 0.599075 0.322993 0.104277 0.104277
0 0.762480 0.420866 0.071945 0.071945
0 0.971264 0.824184 0.052757 0.052757
0 0.452775 0.474584 0.061130 0.061130
0 0.190928 0.009558 0.104277 0.104277
0 0.015038 0.208510 0.071945 0.071945
0 0.552868 0.567120 0.057104 0.057104
0 0.445017 0.390902 0.104277 0.104277
0 0.652469 0.644736 0.062220 0.062220
0 0.649636 0.371530 0.104277 0.104277
0 0.134325 0.159641 0.052757 0.052757
0 0.628541 0.258840 0.052757 0.052757
0 0.658941 0.903401 0.104277 0.104277
0 0.935457 0.298528 0.062220 0.062220
0 0.340900 0.132327 0.071945 0.071945
0 0.395228 0.779176 0.104277 0.104277
0 0.355874 0.633197 0.071945 0.071945
0 0.598772 0.700825 0.104277 0.104277
0 0.226777 0.090994 0.104277 0.104277
0 0.753605 0.504782 0.057104 0.057104
0 0.096940 0.697264 0.071945 0.071945
0 0.236812 0.541361 0.050932 0.050932
0 0.373548 0.362475 0.052757 0.052757
0 0.139685 0.309366 0.071945 0.071945
0 0.991120 0.346446 0.071945 0.071945
0 0.350445 0.269535 0.061130 0.061130
0 0.709474 0.327590 0.052757 0.052757
0 0.563780 0.479037 0.057104 0.057104
0 0.955109 0.710275 0.104277 0.104277
0 0.097269 0.595997 0.071945 0.071945
0 0.004906 0.359168 0.104277 0.104277
0 0.347349 0.429501 0.061130 0.061130
0 0.209714 0.272660 0.071945 0.071945
0 0.917665 0.900087 0.071945 0.071945
0 0.020380 0.804514 0.104277 0.104277
0 0.560897 0.872492 0.061131 0.061131
0 0.408004 0.913817 0.104277 0.104277
0 0.916465 0.994640 0.071945 0.071945
0 0.010886 0.580816 0.052757 0.052757
0 0.536209 0.135153 0.062220 0.062220
0 0.865190 0.655572 0.052757 0.052757
0 0.792627 0.689799 0.104277 0.104277
0 0.308141 0.526186 0.062220 0.062220
0 0.103896 0.504090 0.062220 0.062220
0 0.539786 0.045342 0.061131 0.061131
0 0.114560 0.083538 0.104277 0.104277
0 0.018285 0.894877 0.062220 0.062220
0 0.084795 0.929919 0.071945 0.071945
0 0.482909 0.742544 0.071945 0.071945
0 0.313902 0.853573 0.061130 0.061130
0 0.723110 0.808764 0.071945 0.071945
0 0.048749 0.419064 0.047555 0.047555
0 0.182849 0.443860 0.052757 0.052757
0 0.753817 0.946704 0.104277 0.104277
0 0.467294 0.142147 0.071945 0.071945
0 0.178569 0.661965 0.071945 0.071945
0 0.928076 0.426345 0.057104 0.057104
0 0.262799 0.451741 0.071945 0.071945