0 0.987255 0.759867 0.071945 0.071945
0 0.885989 0.874144 0.062220 0.062220
0 0.863724 0.989054 0.104277 0.104277
0 0.149245 0.529073 0.062220 0.062220
0 0.698243 0.307212 0.052757 0.052757
0 0.791456 0.254286 0.052757 0.052757
0 0.858726 0.803437 0.052757 0.052757
0 0.103319 0.587915 0.062220 0.062220
0 0.249893 0.564927 0.070161 0.070161
0 0.950885 0.823747 0.071945 0.071945
0 0.603267 0.223520 0.062220 0.062220
0 0.131100 0.992252 0.057104 0.057104
0 0.000006 0.227946 0.057104 0.057104
0 0.519807 0.656124 0.071945 0.071945
0 0.801206 0.563500 0.061130 0.061130
0 0.617466 0.343502 0.062220 0.062220
0 0.039294 0.536051 0.071945 0.071945
0 0.335600 0.594680 0.062220 0.062220
0 0.789919 0.926872 0.071945 0.071945
0 0.352728 0.896972 0.061131 0.061131
0 0.640368 0.808023 0.061130 0.061130
0 0.013714 0.304631 0.062220 0.062220
0 0.665381 0.926898 0.104277 0.104277
0 0.372171 0.658516 0.104277 0.104277
0 0.547366 0.310907 0.052757 0.052757
0 0.286630 0.504151 0.061130 0.061130
0 0.416140 0.793442 0.071945 0.071945
0 0.673751 0.480344 0.061130 0.061130
0 0.102029 0.908679 0.104277 0.104277
0 0.770305 0.459445 0.057104 0.057104
0 0.480356 0.389956 0.071945 0.071945
0 0.086227 0.258385 0.071945 0.071945
0 0.267191 0.727743 0.104277 0.104277
0 0.368055 0.472340 0.057104 0.057104
0 0.059804 0.729527 0.062220 0.062220
0 0.368811 0.275196 0.061131 0.061131
0 0.678250 0.230824 0.057104 0.057104
0 0.833417 0.407397 0.062220 0.062220
0 0.338527 0.374471 0.071945 0.071945
0 0.227982 0.434653 0.071945 0.071945
0 0.159421 0.709404 0.062220 0.062220
0 0.089624 0.369707 0.052757 0.052757
0 0.885890 0.664717 0.062220 0.062220
0 0.465646 0.292485 0.052757 0.052757
0 0.849465 0.726284 0.062220 0.062220
0 0.401475 0.537979 0.062220 0.062220
0 0.946661 0.257500 0.071945 0.071945
0 0.255052 0.960618 0.062220 0.062220
0 0.671160 0.397632 0.061131 0.061131
0 0.145221 0.424818 0.052757 0.052757
0 0.446039 0.721917 0.061131 0.061131
0 0.198904 0.253782 0.071945 0.071945
0 0.349883 0.759235 0.061131 0.061131
0 0.618424 0.533439 0.071945 0.071945
0 0.529889 0.230700 0.062220 0.062220
0 0.222838 0.335035 0.057104 0.057104
0 0.312867 0.837398 0.052757 0.052757
0 0.811617 0.653431 0.052757 0.052757
0 0.610055 0.729761 0.057104 0.057104
0 0.217834 0.637431 0.052757 0.052757
0 0.911158 0.396824 0.052757 0.052757
0 0.464980 0.571094 0.071945 0.071945
0 0.727966 0.546969 0.052757 0.052757
0 0.546154 0.433097 0.071945 0.071945
0 0.979011 0.338302 0.062220 0.062220
0 0.281608 0.221627 0.104277 0.104277
0 0.190918 0.862813 0.104277 0.104277
0 0.747899 0.744337 0.071945 0.071945
0 0.096487 0.667379 0.057104 0.057104
0 0.649861 0.658908 0.062220 0.062220
0 0.055016 0.432242 0.104277 0.104277
0 0.848577 0.299083 0.071945 0.071945
0 0.981316 0.454339 0.052559 0.052559
0 0.476560 0.494144 0.071945 0.071945
0 0.481805 0.845061 0.104277 0.104277
0 0.548147 0.914498 0.052757 0.052757
0 0.716817 0.682500 0.104277 0.104277
0 0.555302 0.780042 0.071945 0.071945
0 0.569275 0.590056 0.104277 0.104277
0 0.193101 0.775662 0.057104 0.057104
0 0.300207 0.435705 0.057103 0.057103
0 0.928242 0.534145 0.071945 0.071945
0 0.043823 0.816961 0.057104 0.057104
0 0.772058 0.843242 0.104277 0.104277
0 0.452924 0.222049 0.057104 0.057104
0 0.828835 0.497935 0.052757 0.052757
0 0.435704 0.904198 0.052757 0.052757
0 0.781531 0.347277 0.061131 0.061131
0 0.851248 0.220692 0.062220 0.062220