0 0.151795 0.786351 0.062220 0.062220
0 0.694552 0.057005 0.104278 0.104278
0 0.459207 0.931955 0.062220 0.062220
0 0.948595 0.648782 0.071945 0.071945
0 0.750208 0.494127 0.104277 0.104277
0 0.812696 0.218353 0.052757 0.052757
0 0.992993 0.405099 0.061130 0.061130
0 0.485187 0.575321 0.052757 0.052757
0 0.496879 0.661870 0.104277 0.104277
0 0.337229 0.209328 0.061130 0.061130
0 0.843343 0.915495 0.104277 0.104277
0 0.255781 0.986242 0.052757 0.052757
0 0.094124 0.841233 0.071945 0.071945
0 0.711990 0.167810 0.052757 0.052757
0 0.733061 0.339037 0.052757 0.052757
0 0.846744 0.668237 0.062220 0.062220
0 0.476612 0.487900 0.104277 0.104277
0 0.809368 0.414172 0.071945 0.071945
0 0.558969 0.419698 0.104277 0.104277
0 0.483136 0.388758 0.061130 0.061130
0 0.872097 0.840495 0.057104 0.057104
0 0.390207 0.286715 0.104277 0.104277
0 0.225412 0.792413 0.061130 0.061130
0 0.944784 0.239729 0.104277 0.104277
0 0.205828 0.704530 0.052757 0.052757
0 0.940444 0.822931 0.104277 0.104277
0 0.825797 0.763993 0.061130 0.061130
0 0.705102 0.805867 0.057104 0.057104
0 0.610077 0.565753 0.104277 0.104277
0 0.366630 0.705357 0.061130 0.061130
0 0.447474 0.830815 0.062220 0.062220
0 0.062664 0.416049 0.061130 0.061130
0 0.642618 0.912625 0.057104 0.057104
0 0.758594 0.942716 0.104277 0.104277
0 0.188693 0.059037 0.104277 0.104277
0 0.109124 0.127961 0.052757 0.052757
0 0.489363 0.739025 0.057104 0.057104
0 0.307161 0.940468 0.062220 0.062220
0 0.332079 0.128198 0.104277 0.104277
0 0.405559 0.526680 0.052757 0.052757
0 0.887241 0.490461 0.052757 0.052757
0 0.021692 0.122159 0.052757 0.052757
0 0.014148 0.973946 0.062220 0.062220
0 0.525909 0.874468 0.057104 0.057104
0 0.268034 0.210255 0.052757 0.052757
0 0.697265 0.413216 0.104277 0.104277
0 0.644562 0.274862 0.057104 0.057104
0 0.849899 0.356466 0.052757 0.052757
0 0.337984 0.786569 0.061130 0.061130
0 0.547730 0.498848 0.061130 0.061130
0 0.983297 0.557038 0.071945 0.071945
0 0.222561 0.429399 0.104278 0.104278
0 0.771498 0.675587 0.062220 0.062220
0 0.289410 0.407790 0.052757 0.052757
0 0.569277 0.086916 0.061130 0.061130
0 0.986443 0.879898 0.057104 0.057104
0 0.627279 0.201454 0.052757 0.052757
0 0.892756 0.116569 0.057104 0.057104
0 0.799165 0.833425 0.104277 0.104277
0 0.081851 0.674091 0.062220 0.062220
0 0.298871 0.662814 0.057104 0.057104
0 0.667826 0.527208 0.071945 0.071945
0 0.449534 0.154051 0.061130 0.061130
0 0.420203 0.070386 0.062220 0.062220
0 0.811673 0.593847 0.061130 0.061130
0 0.469572 0.316352 0.052757 0.052757
0 0.619746 0.352637 0.057104 0.057104
0 0.255289 0.530283 0.057104 0.057104
0 0.123331 0.017040 0.104277 0.104277
0 0.182564 0.496663 0.071945 0.071945
0 0.082925 0.761437 0.052757 0.052757
0 0.622211 0.783156 0.062220 0.062220
0 0.599556 0.637012 0.071945 0.071945
0 0.121149 0.576229 0.052757 0.052757
0 0.313445 0.572121 0.071945 0.071945
0 0.015828 0.815955 0.057104 0.057104
0 0.818094 0.029111 0.062220 0.062220
0 0.049406 0.484633 0.057104 0.057104
0 0.019903 0.562455 0.104277 0.104277
0 0.824566 0.287776 0.104277 0.104277
0 0.857752 0.984831 0.062220 0.062220
0 0.731965 0.874178 0.071945 0.071945
0 0.560853 0.163551 0.104277 0.104277
0 0.521499 0.017572 0.071945 0.071945
0 0.911337 0.566321 0.057104 0.057104
0 0.764397 0.085200 0.104277 0.104277
0 0.262565 0.081639 0.071945 0.071945
0 0.408007 0.990880 0.104277 0.104277
0 0.192974 0.607014 0.052757 0.052757
0 0.969513 0.755283 0.062220 0.062220
0 0.824880 0.521311 0.050559 0.050559
0 0.135862 0.344654 0.104277 0.104277
0 0.954019 0.464090 0.061130 0.061130
0 0.639282 0.995658 0.052757 0.052757
0 0.186005 0.188889 0.104277 0.104277
0 0.925503 0.912246 0.071945 0.071945
0 0.726522 0.256867 0.061131 0.061131
0 0.573629 0.298192 0.104277 0.104277
0 0.958252 0.074174 0.104277 0.104277
0 0.091678 0.263666 0.052757 0.052757
0 0.175249 0.899582 0.057104 0.057104
0 0.060567 0.336302 0.061130 0.061130
0 0.566057 0.990936 0.052757 0.052757
0 0.183910 0.279252 0.062220 0.062220
0 0.250420 0.314294 0.071945 0.071945
0 0.648534 0.126919 0.071945 0.071945
0 0.479527 0.237948 0.061130 0.061130
0 0.888735 0.193139 0.071945 0.071945
0 0.599729 0.856322 0.061130 0.061130
0 0.271210 0.875666 0.104277 0.104277
0 0.380042 0.425398 0.104277 0.104277
0 0.919442 0.331079 0.104277 0.104277
0 0.153593 0.420670 0.052757 0.052757
0 0.683935 0.650993 0.052757 0.052757
0 0.344194 0.046340 0.071945 0.071945
0 0.419326 0.595658 0.104277 0.104277