0 0.129920 0.883226 0.062220 0.062220
0 0.672677 0.153880 0.104278 0.104278
0 0.926720 0.745657 0.071945 0.071945
0 0.728333 0.591002 0.104277 0.104277
0 0.790821 0.315228 0.052757 0.052757
0 0.971118 0.501974 0.061130 0.061130
0 0.463312 0.672196 0.052757 0.052757
0 0.475004 0.758745 0.104277 0.104277
0 0.315354 0.306203 0.061130 0.061130
0 0.072249 0.938108 0.071945 0.071945
0 0.690115 0.264685 0.052757 0.052757
0 0.711186 0.435912 0.052757 0.052757
0 0.824869 0.765112 0.062220 0.062220
0 0.454737 0.584775 0.104277 0.104277
0 0.787493 0.511047 0.071945 0.071945
0 0.537094 0.516573 0.104277 0.104277
0 0.461261 0.485633 0.061130 0.061130
0 0.325322 0.070537 0.057104 0.057104
0 0.850222 0.937370 0.057104 0.057104
0 0.368332 0.383590 0.104277 0.104277
0 0.203537 0.889288 0.061130 0.061130
0 0.922909 0.336604 0.104277 0.104277
0 0.183953 0.801405 0.052757 0.052757
0 0.918569 0.919806 0.104277 0.104277
0 0.803922 0.860868 0.061130 0.061130
0 0.683227 0.902742 0.057104 0.057104
0 0.588202 0.662628 0.104277 0.104277
0 0.344755 0.802232 0.061130 0.061130
0 0.425599 0.927690 0.062220 0.062220
0 0.040789 0.512924 0.061130 0.061130
0 0.622523 0.065318 0.052757 0.052757
0 0.028213 0.051390 0.071945 0.071945
0 0.166818 0.155912 0.104277 0.104277
0 0.087249 0.224836 0.052757 0.052757
0 0.467488 0.835900 0.057104 0.057104
0 0.310204 0.225073 0.104277 0.104277
0 0.383684 0.623555 0.052757 0.052757
0 0.865366 0.587336 0.052757 0.052757
0 0.807652 0.057563 0.052757 0.052757
0 0.504034 0.971343 0.057104 0.057104
0 0.246159 0.307130 0.052757 0.052757
0 0.675390 0.510091 0.104277 0.104277
0 0.622687 0.371737 0.057104 0.057104
0 0.828024 0.453341 0.052757 0.052757
0 0.316109 0.883444 0.061130 0.061130
0 0.525855 0.595723 0.061130 0.061130
0 0.961422 0.653913 0.071945 0.071945
0 0.990601 0.316942 0.071945 0.071945
0 0.200686 0.526274 0.104278 0.104278
0 0.749623 0.772462 0.062220 0.062220
0 0.990861 0.387766 0.061130 0.061130
0 0.267535 0.504665 0.052757 0.052757
0 0.547402 0.183791 0.061130 0.061130
0 0.964568 0.976773 0.057104 0.057104
0 0.438755 0.082633 0.071945 0.071945
0 0.605404 0.298329 0.052757 0.052757
0 0.870881 0.213444 0.057104 0.057104
0 0.777290 0.930300 0.104277 0.104277
0 0.059976 0.770966 0.062220 0.062220
0 0.276996 0.759689 0.057104 0.057104
0 0.645951 0.624083 0.071945 0.071945
0 0.427659 0.250926 0.061130 0.061130
0 0.398328 0.167261 0.062220 0.062220
0 0.542098 0.018447 0.062220 0.062220
0 0.789798 0.690722 0.061130 0.061130
0 0.885076 0.091570 0.052757 0.052757
0 0.447697 0.413227 0.052757 0.052757
0 0.597871 0.449512 0.057104 0.057104
0 0.233414 0.627158 0.057104 0.057104
0 0.101456 0.113915 0.104277 0.104277
0 0.160689 0.593538 0.071945 0.071945
0 0.061050 0.858312 0.052757 0.052757
0 0.600336 0.880031 0.062220 0.062220
0 0.577681 0.733887 0.071945 0.071945
0 0.099274 0.673104 0.052757 0.052757
0 0.291570 0.668996 0.071945 0.071945
0 0.696618 0.048370 0.057104 0.057104
0 0.796219 0.125986 0.062220 0.062220
0 0.027531 0.581508 0.057104 0.057104
0 0.802691 0.384651 0.104277 0.104277
0 0.710090 0.971053 0.071945 0.071945
0 0.538978 0.260426 0.104277 0.104277
0 0.499624 0.114447 0.071945 0.071945
0 0.889462 0.663196 0.057104 0.057104
0 0.742522 0.182075 0.104277 0.104277
0 0.240690 0.178514 0.071945 0.071945
0 0.380562 0.022611 0.050932 0.050932
0 0.171099 0.703889 0.052757 0.052757
0 0.241019 0.077247 0.071945 0.071945
0 0.947638 0.852158 0.062220 0.062220
0 0.803005 0.618186 0.050559 0.050559
0 0.113987 0.441529 0.104277 0.104277
0 0.932144 0.560965 0.061130 0.061130
0 0.164130 0.285764 0.104277 0.104277
0 0.704647 0.353742 0.061131 0.061131
0 0.551754 0.395067 0.104277 0.104277
0 0.154636 0.062066 0.052757 0.052757
0 0.936377 0.171049 0.104277 0.104277
0 0.451891 0.007436 0.062220 0.062220
0 0.069803 0.360541 0.052757 0.052757
0 0.153374 0.996457 0.057104 0.057104
0 0.038692 0.433177 0.061130 0.061130
0 0.162035 0.376127 0.062220 0.062220
0 0.228545 0.411169 0.071945 0.071945
0 0.626659 0.223794 0.071945 0.071945
0 0.457652 0.334823 0.061130 0.061130
0 0.866860 0.290014 0.071945 0.071945
0 0.577854 0.953197 0.061130 0.061130
0 0.249335 0.972541 0.104277 0.104277
0 0.358167 0.522273 0.104277 0.104277
0 0.897567 0.427954 0.104277 0.104277
0 0.131718 0.517545 0.052757 0.052757
0 0.662060 0.747868 0.052757 0.052757
0 0.322319 0.143215 0.071945 0.071945
0 0.397451 0.692533 0.104277 0.104277