0 0.422092 0.958852 0.104277 0.104277
0 0.378544 0.746861 0.061130 0.061130
0 0.781489 0.708570 0.052757 0.052757
0 0.311637 0.607190 0.104277 0.104277
0 0.373463 0.516142 0.071945 0.071945
0 0.572382 0.956528 0.062220 0.062220
0 0.525276 0.501752 0.071945 0.071945
0 0.604029 0.708610 0.104277 0.104277
0 0.279315 0.708759 0.052757 0.052757
0 0.681893 0.755135 0.071945 0.071945
0 0.576182 0.050786 0.104277 0.104277
0 0.608662 0.392055 0.061131 0.061131
0 0.766284 0.015314 0.104277 0.104277
0 0.317346 0.379243 0.104277 0.104277
0 0.810473 0.211562 0.057104 0.057104
0 0.936926 0.416522 0.062221 0.062221
0 0.825832 0.379527 0.104277 0.104277
0 0.902858 0.173441 0.104277 0.104277
0 0.935640 0.947003 0.047276 0.047276
0 0.639777 0.128450 0.104277 0.104277
0 0.416216 0.873667 0.057104 0.057104
0 0.187409 0.551699 0.062220 0.062220
0 0.445418 0.315214 0.052757 0.052757
0 0.098244 0.736858 0.104277 0.104277
0 0.926879 0.688636 0.071945 0.071945
0 0.356222 0.673398 0.061131 0.061131
0 0.389356 0.425739 0.057104 0.057104
0 0.693502 0.952531 0.057103 0.057103
0 0.440438 0.633893 0.052757 0.052757
0 0.708495 0.369695 0.104277 0.104277
0 0.114480 0.463247 0.052757 0.052757
0 0.578772 0.186105 0.062220 0.062220
0 0.496645 0.569853 0.057104 0.057104
0 0.416598 0.252653 0.057104 0.057104
0 0.413445 0.091828 0.052757 0.052757
0 0.887194 0.522610 0.052757 0.052757
0 0.609118 0.791864 0.036679 0.036679
0 0.524599 0.230091 0.061130 0.061130
0 0.239468 0.079131 0.061131 0.061131
0 0.827107 0.483421 0.062221 0.062221
0 0.442880 0.722475 0.057104 0.057104
0 0.181680 0.399156 0.052757 0.052757
0 0.828737 0.288909 0.071945 0.071945
0 0.765652 0.519050 0.052757 0.052757
0 0.734462 0.102900 0.061130 0.061130
0 0.752758 0.586912 0.104277 0.104277
0 0.177648 0.675108 0.071945 0.071945
0 0.174594 0.000438 0.062220 0.062220
0 0.467528 0.187114 0.061131 0.061131
0 0.658396 0.610544 0.104277 0.104277
0 0.286743 0.481439 0.071945 0.071945
0 0.516755 0.120567 0.057104 0.057104
0 0.941526 0.836001 0.057104 0.057104
0 0.749301 0.778019 0.062220 0.062220
0 0.195600 0.990694 0.071945 0.071945
0 0.927160 0.042477 0.057104 0.057104
0 0.248867 0.641557 0.057104 0.057104
0 0.605323 0.552252 0.061130 0.061130
0 0.079634 0.859947 0.061130 0.061130
0 0.740249 0.177775 0.061130 0.061130
0 0.857964 0.938870 0.062220 0.062220
0 0.684083 0.682867 0.061130 0.061130
0 0.253341 0.281275 0.104277 0.104277
0 0.014946 0.762208 0.061130 0.061130
0 0.555419 0.646735 0.062220 0.062220
0 0.164700 0.816743 0.104277 0.104277
0 0.328105 0.914616 0.071945 0.071945
0 0.025503 0.428411 0.052757 0.052757
0 0.468851 0.417765 0.062220 0.062220
0 0.018400 0.968334 0.061130 0.061130
0 0.832548 0.793943 0.104277 0.104277
0 0.010642 0.884652 0.104277 0.104277
0 0.215261 0.865280 0.104277 0.104277
0 0.194166 0.752590 0.052757 0.052757
0 0.061391 0.012967 0.061130 0.061130
0 0.501082 0.792278 0.062220 0.062220
0 0.879492 0.096479 0.052757 0.052757
0 0.375320 0.034649 0.057104 0.057104
0 0.535923 0.335616 0.071945 0.071945
0 0.145802 0.318744 0.052757 0.052757
0 0.138569 0.089081 0.062220 0.062220
0 0.643293 0.874974 0.104277 0.104277
0 0.319230 0.998532 0.057104 0.057104
0 0.103334 0.152699 0.104278 0.104278
0 0.556745 0.840196 0.071945 0.071945
0 0.275099 0.821340 0.052757 0.052757
0 0.129405 0.972787 0.057104 0.057104
0 0.353477 0.216870 0.062220 0.062220
0 0.946749 0.567851 0.071945 0.071945
0 0.160352 0.218610 0.062220 0.062220
0 0.038909 0.333186 0.057104 0.057104
0 0.697640 0.830343 0.061131 0.061131
0 0.829915 0.618073 0.071945 0.071945
0 0.192272 0.150981 0.071945 0.071945
0 0.105852 0.387542 0.062220 0.062220
0 0.924296 0.267048 0.104277 0.104277
0 0.678883 0.299277 0.057104 0.057104
0 0.037911 0.110779 0.104277 0.104277
0 0.101834 0.628903 0.062220 0.062220
0 0.232473 0.207907 0.052757 0.052757
0 0.661626 0.439215 0.057104 0.057104
0 0.105411 0.539092 0.061131 0.061131
0 0.670288 0.225578 0.104277 0.104277
0 0.790308 0.867340 0.071945 0.071945
0 0.739621 0.253173 0.104277 0.104277
0 0.753801 0.449431 0.052757 0.052757
0 0.032919 0.635897 0.071945 0.071945
0 0.493701 0.920095 0.057104 0.057104
0 0.321282 0.094290 0.061131 0.061131