0 0.807971 0.910493 0.104277 0.104277
0 0.263785 0.686427 0.062220 0.062220
0 0.936043 0.846464 0.052757 0.052757
0 0.188342 0.913643 0.052757 0.052757
0 0.182612 0.150856 0.104277 0.104277
0 0.210670 0.560812 0.057103 0.057103
0 0.879981 0.956989 0.057104 0.057104
0 0.379723 0.808103 0.071945 0.071945
0 0.426971 0.870542 0.061130 0.061130
0 0.605105 0.994497 0.052757 0.052757
0 0.907223 0.783903 0.057104 0.057104
0 0.904070 0.623078 0.052757 0.052757
0 0.730093 0.610381 0.061131 0.061131
0 0.672305 0.930406 0.052757 0.052757
0 0.415475 0.311002 0.057104 0.057104
0 0.665219 0.531688 0.062220 0.062220
0 0.958153 0.718364 0.061131 0.061131
0 0.142790 0.382950 0.104277 0.104277
0 0.126832 0.825137 0.071945 0.071945
0 0.056587 0.818052 0.057104 0.057104
0 0.637103 0.215722 0.061131 0.061131
0 0.924743 0.126773 0.061130 0.061130
0 0.324640 0.984044 0.057104 0.057104
0 0.949756 0.245648 0.104277 0.104277
0 0.162187 0.247099 0.057104 0.057104
0 0.353240 0.466133 0.057104 0.057104
0 0.110757 0.195968 0.104277 0.104277
0 0.700515 0.112192 0.071945 0.071945
0 0.471829 0.748235 0.061130 0.061130
0 0.386404 0.227429 0.104277 0.104277
0 0.273263 0.508568 0.052757 0.052757
0 0.077118 0.064916 0.052757 0.052757
0 0.551566 0.046493 0.104277 0.104277
0 0.344179 0.048277 0.062220 0.062220
0 0.026438 0.531910 0.062220 0.062220
0 0.762598 0.361106 0.071945 0.071945
0 0.743966 0.812525 0.104277 0.104277
0 0.198504 0.311598 0.057104 0.057104
0 0.355658 0.560633 0.057104 0.057104
0 0.257763 0.947996 0.104277 0.104277
0 0.121803 0.726174 0.057104 0.057104
0 0.363519 0.727921 0.057104 0.057104
0 0.029158 0.903303 0.057104 0.057104
0 0.404048 0.389962 0.052757 0.052757
0 0.475239 0.459043 0.104277 0.104277
0 0.443796 0.028154 0.062220 0.062220
0 0.232085 0.842258 0.104277 0.104277
0 0.516128 0.959661 0.052757 0.052757
0 0.959476 0.949015 0.062220 0.062220
0 0.036642 0.735557 0.052757 0.052757
0 0.776406 0.495520 0.061131 0.061131
0 0.231343 0.747527 0.052757 0.052757
0 0.048254 0.666848 0.061130 0.061130
0 0.416707 0.661020 0.104277 0.104277
0 0.552016 0.544217 0.061130 0.061130
0 0.241987 0.187065 0.052757 0.052757
0 0.287929 0.398648 0.057104 0.057104
0 0.117208 0.581666 0.071945 0.071945
0 0.634502 0.442005 0.104277 0.104277
0 0.847383 0.326465 0.062220 0.062220
0 0.539427 0.279368 0.062220 0.062220
0 0.865945 0.565899 0.057104 0.057104
0 0.322095 0.910297 0.062220 0.062220
0 0.100007 0.322816 0.052757 0.052757
0 0.730414 0.040667 0.061131 0.061131
0 0.636427 0.849994 0.052757 0.052757
0 0.629194 0.620331 0.062220 0.062220
0 0.020912 0.014375 0.071945 0.071945
0 0.634258 0.077985 0.061131 0.061131
0 0.989431 0.524523 0.071945 0.071945
0 0.432371 0.534741 0.061130 0.061130
0 0.593959 0.683949 0.104278 0.104278
0 0.597242 0.156148 0.052757 0.052757
0 0.676876 0.350969 0.061131 0.061131
0 0.894430 0.048511 0.057104 0.057104
0 0.844102 0.748120 0.062220 0.062220
0 0.118835 0.930789 0.057104 0.057104
0 0.429343 0.939696 0.057104 0.057104
0 0.650977 0.749860 0.062220 0.062220
0 0.529534 0.864436 0.057104 0.057104
0 0.475293 0.181563 0.104277 0.104277
0 0.253811 0.261550 0.061130 0.061130
0 0.197662 0.081466 0.104277 0.104277
0 0.048436 0.996177 0.062220 0.062220
0 0.895563 0.498947 0.052757 0.052757
0 0.682897 0.682231 0.071945 0.071945
0 0.596477 0.918792 0.062220 0.062220
0 0.263247 0.110555 0.071945 0.071945
0 0.926528 0.342104 0.057104 0.057104
0 0.493810 0.336997 0.061130 0.061130
0 0.330120 0.645343 0.057104 0.057104
0 0.528536 0.642029 0.104277 0.104277
0 0.204878 0.635692 0.104277 0.104277
0 0.860331 0.415790 0.057104 0.057104
0 0.766180 0.163811 0.104277 0.104277
0 0.723098 0.739157 0.052757 0.052757
0 0.534569 0.409910 0.061130 0.061130
0 0.832522 0.233248 0.052757 0.052757
0 0.711550 0.451931 0.071945 0.071945
0 0.839677 0.098792 0.071945 0.071945
0 0.477476 0.094412 0.057104 0.057104
0 0.229005 0.440769 0.062220 0.062220
0 0.580015 0.348720 0.071945 0.071945
0 0.328198 0.135711 0.057104 0.057104
0 0.010275 0.363925 0.104277 0.104277
0 0.128816 0.499624 0.052757 0.052757
0 0.015677 0.244220 0.057104 0.057104
0 0.311252 0.832405 0.057104 0.057104
0 0.076067 0.425081 0.062220 0.062220
0 0.720079 0.222948 0.052757 0.052757
0 0.811907 0.625540 0.061131 0.061131