0 0.565842 0.774477 0.104277 0.104277
0 0.522294 0.562486 0.061130 0.061130
0 0.238302 0.982005 0.104278 0.104278
0 0.925239 0.524195 0.052757 0.052757
0 0.455387 0.422815 0.104277 0.104277
0 0.517213 0.331767 0.071945 0.071945
0 0.716132 0.772153 0.062220 0.062220
0 0.669026 0.317377 0.071945 0.071945
0 0.747779 0.524235 0.104277 0.104277
0 0.423065 0.524384 0.052757 0.052757
0 0.825643 0.570760 0.071945 0.071945
0 0.752412 0.207680 0.061131 0.061131
0 0.461096 0.194868 0.104277 0.104277
0 0.954223 0.027187 0.057104 0.057104
0 0.969582 0.195152 0.104277 0.104277
0 0.559966 0.689292 0.057104 0.057104
0 0.331159 0.367324 0.062220 0.062220
0 0.595828 0.875928 0.051819 0.051819
0 0.589168 0.130839 0.052757 0.052757
0 0.241994 0.552483 0.104277 0.104277
0 0.499972 0.489023 0.061131 0.061131
0 0.775976 0.819641 0.052757 0.052757
0 0.533106 0.241364 0.057104 0.057104
0 0.032848 0.092478 0.071945 0.071945
0 0.837252 0.768156 0.057103 0.057103
0 0.584188 0.449518 0.052757 0.052757
0 0.080096 0.154917 0.061130 0.061130
0 0.852245 0.185320 0.104277 0.104277
0 0.258230 0.278872 0.052757 0.052757
0 0.722522 0.001730 0.062220 0.062220
0 0.640395 0.385478 0.057104 0.057104
0 0.560348 0.068278 0.057104 0.057104
0 0.752868 0.607489 0.036679 0.036679
0 0.188148 0.893443 0.052757 0.052757
0 0.668349 0.045716 0.061130 0.061130
0 0.871906 0.885496 0.104277 0.104277
0 0.011615 0.367957 0.057104 0.057104
0 0.970857 0.299046 0.062221 0.062221
0 0.586630 0.538100 0.057104 0.057104
0 0.671669 0.946272 0.104277 0.104277
0 0.325430 0.214781 0.052757 0.052757
0 0.666806 0.872979 0.071945 0.071945
0 0.098546 0.364214 0.057104 0.057104
0 0.972487 0.104534 0.071945 0.071945
0 0.909402 0.334675 0.052757 0.052757
0 0.896508 0.402537 0.104277 0.104277
0 0.321398 0.490733 0.071945 0.071945
0 0.611278 0.002739 0.061131 0.061131
0 0.373277 0.885688 0.052757 0.052757
0 0.802146 0.426169 0.104277 0.104277
0 0.430493 0.297064 0.071945 0.071945
0 0.969237 0.900364 0.061131 0.061131
0 0.893051 0.593644 0.062220 0.062220
0 0.755676 0.966813 0.057103 0.057103
0 0.339350 0.806319 0.071945 0.071945
0 0.004380 0.910758 0.071945 0.071945
0 0.801160 0.901515 0.061131 0.061131
0 0.392617 0.457182 0.057104 0.057104
0 0.124954 0.032610 0.061130 0.061130
0 0.013128 0.633944 0.071945 0.071945
0 0.749073 0.367877 0.061130 0.061130
0 0.107723 0.846572 0.062220 0.062220
0 0.223384 0.675572 0.061130 0.061130
0 0.827833 0.498492 0.061130 0.061130
0 0.450701 0.919695 0.052757 0.052757
0 0.397091 0.096900 0.104277 0.104277
0 0.158696 0.577833 0.061130 0.061130
0 0.129770 0.506098 0.061130 0.061130
0 0.699169 0.462360 0.062220 0.062220
0 0.016644 0.012296 0.057104 0.057104
0 0.308450 0.632368 0.104277 0.104277
0 0.471855 0.730241 0.071945 0.071945
0 0.169253 0.244036 0.052757 0.052757
0 0.612601 0.233390 0.062220 0.062220
0 0.162150 0.783959 0.061130 0.061130
0 0.976298 0.609568 0.104277 0.104277
0 0.262243 0.876495 0.057104 0.057104
0 0.154392 0.700277 0.104277 0.104277
0 0.361844 0.954111 0.062220 0.062220
0 0.359011 0.680905 0.104277 0.104277
0 0.337916 0.568215 0.052757 0.052757
0 0.644832 0.607903 0.062220 0.062220
0 0.050275 0.441702 0.071945 0.071945
0 0.065249 0.942572 0.071945 0.071945
0 0.679673 0.151241 0.071945 0.071945
0 0.289552 0.134369 0.052757 0.052757
0 0.787043 0.690599 0.104277 0.104277
0 0.462980 0.814157 0.057104 0.057104
0 0.082923 0.671850 0.052757 0.052757
0 0.850232 0.957238 0.071945 0.071945
0 0.700495 0.655821 0.071945 0.071945
0 0.059820 0.578910 0.061130 0.061130
0 0.418849 0.636965 0.052757 0.052757
0 0.273155 0.788412 0.057104 0.057104
0 0.497227 0.032495 0.062220 0.062220
0 0.082468 0.224071 0.057104 0.057104
0 0.304102 0.034235 0.062220 0.062220
0 0.182659 0.148811 0.057104 0.057104
0 0.056724 0.738876 0.061130 0.061130
0 0.841390 0.645968 0.061131 0.061131
0 0.973665 0.433698 0.071945 0.071945
0 0.046576 0.298536 0.048997 0.048997
0 0.249602 0.203167 0.062220 0.062220
0 0.822633 0.114902 0.057104 0.057104
0 0.245584 0.444528 0.062220 0.062220
0 0.574565 0.964947 0.052757 0.052757
0 0.502002 0.999174 0.104277 0.104277
0 0.376223 0.023532 0.052757 0.052757
0 0.017516 0.835561 0.062220 0.062220
0 0.805376 0.254840 0.057104 0.057104
0 0.249161 0.354717 0.061131 0.061131
0 0.814038 0.041203 0.104277 0.104277
0 0.934058 0.682965 0.071945 0.071945
0 0.883371 0.068798 0.104277 0.104277
0 0.897551 0.265056 0.052757 0.052757
0 0.176669 0.451522 0.071945 0.071945
0 0.637451 0.735720 0.057104 0.057104
0 0.907202 0.818451 0.061131 0.061131