0 0.490842 0.827602 0.104277 0.104277
0 0.447294 0.615611 0.061130 0.061130
0 0.850239 0.577320 0.052757 0.052757
0 0.380387 0.475940 0.104277 0.104277
0 0.442213 0.384892 0.071945 0.071945
0 0.641132 0.825278 0.062220 0.062220
0 0.594026 0.370502 0.071945 0.071945
0 0.672779 0.577360 0.104277 0.104277
0 0.348065 0.577509 0.052757 0.052757
0 0.750643 0.623885 0.071945 0.071945
0 0.677412 0.260805 0.061131 0.061131
0 0.386096 0.247993 0.104277 0.104277
0 0.879223 0.080312 0.057104 0.057104
0 0.894582 0.248277 0.104277 0.104277
0 0.971608 0.042191 0.104277 0.104277
0 0.484966 0.742417 0.057104 0.057104
0 0.256159 0.420449 0.062220 0.062220
0 0.520828 0.929053 0.051819 0.051819
0 0.514168 0.183964 0.052757 0.052757
0 0.166994 0.605608 0.104277 0.104277
0 0.995629 0.557386 0.071945 0.071945
0 0.424972 0.542148 0.061131 0.061131
0 0.700976 0.872766 0.052757 0.052757
0 0.458106 0.294489 0.057104 0.057104
0 0.762252 0.821281 0.057103 0.057103
0 0.509188 0.502643 0.052757 0.052757
0 0.005096 0.208042 0.061130 0.061130
0 0.777245 0.238445 0.104277 0.104277
0 0.183230 0.331997 0.052757 0.052757
0 0.647522 0.054855 0.062220 0.062220
0 0.565395 0.438603 0.057104 0.057104
0 0.485348 0.121403 0.057104 0.057104
0 0.955944 0.391360 0.052757 0.052757
0 0.677868 0.660614 0.036679 0.036679
0 0.113148 0.946568 0.052757 0.052757
0 0.593349 0.098841 0.061130 0.061130
0 0.796906 0.938621 0.104277 0.104277
0 0.895857 0.352171 0.062221 0.062221
0 0.511630 0.591225 0.057104 0.057104
0 0.596669 0.999397 0.104277 0.104277
0 0.250430 0.267906 0.052757 0.052757
0 0.591806 0.926104 0.071945 0.071945
0 0.023546 0.417339 0.057104 0.057104
0 0.897487 0.157659 0.071945 0.071945
0 0.834402 0.387800 0.052757 0.052757
0 0.821508 0.455662 0.104277 0.104277
0 0.988398 0.921678 0.071945 0.071945
0 0.246398 0.543858 0.071945 0.071945
0 0.536278 0.055864 0.061131 0.061131
0 0.298277 0.938813 0.052757 0.052757
0 0.727146 0.479294 0.104277 0.104277
0 0.355493 0.350189 0.071945 0.071945
0 0.894237 0.953489 0.061131 0.061131
0 0.818051 0.646769 0.062220 0.062220
0 0.264350 0.859444 0.071945 0.071945
0 0.726160 0.954640 0.061131 0.061131
0 0.317617 0.510307 0.057104 0.057104
0 0.049954 0.085735 0.061130 0.061130
0 0.674073 0.421002 0.061130 0.061130
0 0.032723 0.899697 0.062220 0.062220
0 0.148384 0.728697 0.061130 0.061130
0 0.808999 0.046525 0.061130 0.061130
0 0.926714 0.807620 0.062220 0.062220
0 0.752833 0.551617 0.061130 0.061130
0 0.375701 0.972820 0.052757 0.052757
0 0.322091 0.150025 0.104277 0.104277
0 0.083696 0.630958 0.061130 0.061130
0 0.054770 0.559223 0.061130 0.061130
0 0.624169 0.515485 0.062220 0.062220
0 0.233450 0.685493 0.104277 0.104277
0 0.396855 0.783366 0.071945 0.071945
0 0.094253 0.297161 0.052757 0.052757
0 0.537601 0.286515 0.062220 0.062220
0 0.087150 0.837084 0.061130 0.061130
0 0.901298 0.662693 0.104277 0.104277
0 0.187243 0.929620 0.057104 0.057104
0 0.079392 0.753402 0.104277 0.104277
0 0.284011 0.734030 0.104277 0.104277
0 0.262916 0.621340 0.052757 0.052757
0 0.569832 0.661028 0.062220 0.062220
0 0.604673 0.204366 0.071945 0.071945
0 0.214552 0.187494 0.052757 0.052757
0 0.712043 0.743724 0.104277 0.104277
0 0.387980 0.867282 0.057104 0.057104
0 0.007923 0.724975 0.052757 0.052757
0 0.172084 0.021449 0.104278 0.104278
0 0.625495 0.708946 0.071945 0.071945
0 0.343849 0.690090 0.052757 0.052757
0 0.198155 0.841537 0.057104 0.057104
0 0.422227 0.085620 0.062220 0.062220
0 0.007468 0.277196 0.057104 0.057104
0 0.229102 0.087360 0.062220 0.062220
0 0.107659 0.201936 0.057104 0.057104
0 0.766390 0.699093 0.061131 0.061131
0 0.898665 0.486823 0.071945 0.071945
0 0.261022 0.019731 0.071945 0.071945
0 0.174602 0.256292 0.062220 0.062220
0 0.993046 0.135798 0.104277 0.104277
0 0.747633 0.168027 0.057104 0.057104
0 0.170584 0.497653 0.062220 0.062220
0 0.301223 0.076657 0.052757 0.052757
0 0.730376 0.307965 0.057104 0.057104
0 0.174161 0.407842 0.061131 0.061131
0 0.739038 0.094328 0.104277 0.104277
0 0.859058 0.736090 0.071945 0.071945
0 0.808371 0.121923 0.104277 0.104277
0 0.822551 0.318181 0.052757 0.052757
0 0.101669 0.504647 0.071945 0.071945
0 0.562451 0.788845 0.057104 0.057104
0 0.832202 0.871576 0.061131 0.061131