0 0.100802 0.194505 0.104278 0.104278
0 0.354845 0.786282 0.071945 0.071945
0 0.629966 0.754261 0.071945 0.071945
0 0.910344 0.494582 0.071945 0.071945
0 0.156458 0.631627 0.104277 0.104277
0 0.662094 0.869631 0.052757 0.052757
0 0.218946 0.355853 0.052757 0.052757
0 0.900377 0.976785 0.061131 0.061131
0 0.399243 0.542599 0.061130 0.061130
0 0.805521 0.667576 0.104277 0.104277
0 0.832244 0.281729 0.062220 0.062220
0 0.118240 0.305310 0.052757 0.052757
0 0.572187 0.504475 0.071945 0.071945
0 0.139311 0.476537 0.052757 0.052757
0 0.252994 0.805737 0.062220 0.062220
0 0.215618 0.551672 0.071945 0.071945
0 0.458328 0.088428 0.051819 0.051819
0 0.278347 0.977995 0.057104 0.057104
0 0.772517 0.830695 0.104277 0.104277
0 0.937714 0.914438 0.052757 0.052757
0 0.638476 0.032141 0.052757 0.052757
0 0.351034 0.377229 0.104277 0.104277
0 0.650895 0.623333 0.104277 0.104277
0 0.768674 0.434526 0.071945 0.071945
0 0.346694 0.960431 0.104277 0.104277
0 0.773421 0.366080 0.062220 0.062220
0 0.232047 0.901493 0.061130 0.061130
0 0.111352 0.943367 0.057104 0.057104
0 0.016327 0.703253 0.104277 0.104277
0 0.711377 0.561831 0.057104 0.057104
0 0.754344 0.735506 0.062220 0.062220
0 0.507086 0.862693 0.052757 0.052757
0 0.654094 0.493615 0.062220 0.062220
0 0.050648 0.105943 0.052757 0.052757
0 0.734406 0.097996 0.104277 0.104277
0 0.534169 0.158772 0.104277 0.104277
0 0.839743 0.466308 0.061130 0.061130
0 0.529306 0.085479 0.071945 0.071945
0 0.684307 0.964570 0.102474 0.102474
0 0.925898 0.081053 0.071945 0.071945
0 0.293491 0.627961 0.052757 0.052757
0 0.578643 0.956745 0.104277 0.104277
0 0.235777 0.098188 0.052757 0.052757
0 0.831737 0.112864 0.061131 0.061131
0 0.103515 0.550716 0.104277 0.104277
0 0.050812 0.412362 0.057104 0.057104
0 0.256149 0.493966 0.052757 0.052757
0 0.450624 0.245401 0.054783 0.054783
0 0.587467 0.690537 0.062220 0.062220
0 0.431154 0.766087 0.061131 0.061131
0 0.618176 0.179313 0.057103 0.057103
0 0.389547 0.694538 0.071945 0.071945
0 0.418726 0.357567 0.071945 0.071945
0 0.177748 0.813087 0.062220 0.062220
0 0.418986 0.428391 0.061130 0.061130
0 0.201850 0.018819 0.071945 0.071945
0 0.033529 0.338954 0.052757 0.052757
0 0.712482 0.246134 0.061131 0.061131
0 0.299006 0.254069 0.057104 0.057104
0 0.663660 0.114015 0.061131 0.061131
0 0.205415 0.970925 0.104277 0.104277
0 0.074076 0.664708 0.071945 0.071945
0 0.873989 0.723482 0.045227 0.045227
0 0.508377 0.771809 0.052757 0.052757
0 0.929231 0.206557 0.071945 0.071945
0 0.934613 0.345082 0.104278 0.104278
0 0.217923 0.731347 0.061130 0.061130
0 0.313201 0.132195 0.052757 0.052757
0 0.929654 0.627277 0.061130 0.061130
0 0.025996 0.490137 0.057104 0.057104
0 0.491486 0.978919 0.062220 0.062220
0 0.028461 0.920656 0.062220 0.062220
0 0.005806 0.774512 0.071945 0.071945
0 0.865818 0.179660 0.104278 0.104278
0 0.543139 0.346059 0.052757 0.052757
0 0.124743 0.088995 0.057104 0.057104
0 0.224344 0.166611 0.062220 0.062220
0 0.789171 0.219239 0.062220 0.062220
0 0.230816 0.425276 0.104277 0.104277
0 0.586003 0.585570 0.052757 0.052757
0 0.498050 0.637434 0.052757 0.052757
0 0.317587 0.703821 0.057104 0.057104
0 0.170647 0.222700 0.104277 0.104277
0 0.325480 0.026657 0.057104 0.057104
0 0.788060 0.570974 0.061131 0.061131
0 0.693697 0.435237 0.057104 0.057104
0 0.712732 0.169738 0.071945 0.071945
0 0.135655 0.000912 0.057104 0.057104
0 0.526984 0.232150 0.104277 0.104277
0 0.585072 0.863870 0.055027 0.055027
0 0.717264 0.664692 0.061131 0.061131
0 0.375763 0.892783 0.062220 0.062220
0 0.795101 0.968048 0.104277 0.104277
0 0.231130 0.658811 0.050559 0.050559
0 0.360269 0.601590 0.061130 0.061130
0 0.489540 0.421962 0.071945 0.071945
0 0.591527 0.276348 0.057104 0.057104
0 0.631573 0.333486 0.104277 0.104277
0 0.132772 0.394367 0.061131 0.061131
0 0.488340 0.516515 0.071945 0.071945
0 0.447802 0.905593 0.104277 0.104277
0 0.437065 0.177447 0.052757 0.052757
0 0.364502 0.211674 0.104277 0.104277
0 0.875183 0.584468 0.052757 0.052757
0 0.054784 0.264419 0.071945 0.071945
0 0.294985 0.330639 0.071945 0.071945
0 0.005979 0.993822 0.061130 0.061130
0 0.601249 0.425090 0.104277 0.104277
0 0.325692 0.468579 0.104277 0.104277
0 0.090185 0.788493 0.052757 0.052757
0 0.877458 0.390635 0.061131 0.061131
0 0.849840 0.916722 0.057104 0.057104
0 0.863790 0.840639 0.088662 0.088662
0 0.769702 0.030951 0.061131 0.061131