0 0.967887 0.610315 0.104277 0.104277
0 0.935565 0.711884 0.052757 0.052757
0 0.973596 0.382368 0.104277 0.104277
0 0.479761 0.664981 0.052757 0.052757
0 0.429410 0.158302 0.062220 0.062220
0 0.843659 0.554824 0.062220 0.062220
0 0.754494 0.739983 0.104277 0.104277
0 0.353967 0.385518 0.052757 0.052757
0 0.376295 0.032687 0.057103 0.057103
0 0.479306 0.872811 0.057104 0.057104
0 0.545348 0.279978 0.071945 0.071945
0 0.009895 0.005973 0.104277 0.104277
0 0.592596 0.342417 0.061130 0.061130
0 0.147641 0.078332 0.052757 0.052757
0 0.770730 0.466372 0.052757 0.052757
0 0.895718 0.082256 0.061131 0.061131
0 0.524115 0.555457 0.057104 0.057104
0 0.837930 0.402281 0.052757 0.052757
0 0.611046 0.551714 0.057104 0.057104
0 0.833898 0.678233 0.071945 0.071945
0 0.830844 0.003563 0.062220 0.062220
0 0.942993 0.484564 0.071945 0.071945
0 0.292457 0.297012 0.071945 0.071945
0 0.222212 0.289927 0.057104 0.057104
0 0.490265 0.455919 0.057104 0.057104
0 0.851850 0.993819 0.071945 0.071945
0 0.905117 0.644682 0.057104 0.057104
0 0.036889 0.797133 0.071945 0.071945
0 0.226713 0.979762 0.061130 0.061130
0 0.029955 0.726677 0.071945 0.071945
0 0.637454 0.220110 0.061130 0.061130
0 0.525628 0.821444 0.071945 0.071945
0 0.735884 0.863072 0.061130 0.061130
0 0.225744 0.623687 0.071945 0.071945
0 0.192063 0.003785 0.062220 0.062220
0 0.909591 0.284400 0.104277 0.104277
0 0.671196 0.765333 0.061130 0.061130
0 0.642270 0.693598 0.061130 0.061130
0 0.521283 0.032508 0.057104 0.057104
0 0.423388 0.419871 0.104277 0.104277
0 0.287428 0.198049 0.057104 0.057104
0 0.529144 0.199796 0.057104 0.057104
0 0.194783 0.375178 0.057104 0.057104
0 0.820950 0.819868 0.104277 0.104277
0 0.984355 0.917741 0.071945 0.071945
0 0.397710 0.314133 0.104277 0.104277
0 0.681753 0.431536 0.052757 0.052757
0 0.674650 0.971459 0.061130 0.061130
0 0.412803 0.506433 0.104277 0.104277
0 0.236913 0.705385 0.071945 0.071945
0 0.666892 0.887777 0.104277 0.104277
0 0.202267 0.207432 0.052757 0.052757
0 0.396968 0.219402 0.052757 0.052757
0 0.871511 0.868405 0.104277 0.104277
0 0.213879 0.138723 0.061130 0.061130
0 0.356200 0.656516 0.052757 0.052757
0 0.582332 0.132895 0.104277 0.104277
0 0.850416 0.755715 0.052757 0.052757
0 0.188164 0.787610 0.052757 0.052757
0 0.717641 0.016092 0.061130 0.061130
0 0.282833 0.053541 0.071945 0.071945
0 0.120847 0.466164 0.061130 0.061130
0 0.562775 0.629202 0.071945 0.071945
0 0.487720 0.382172 0.062220 0.062220
0 0.111941 0.660043 0.061130 0.061130
0 0.119891 0.981198 0.104277 0.104277
0 0.802052 0.321869 0.052757 0.052757
0 0.794819 0.092206 0.062220 0.062220
0 0.448652 0.587869 0.104277 0.104277
0 0.595423 0.859350 0.052757 0.052757
0 0.070798 0.892068 0.057104 0.057104
0 0.597996 0.006616 0.061130 0.061130
0 0.759584 0.155824 0.104278 0.104278
0 0.361560 0.806241 0.071945 0.071945
0 0.572320 0.766410 0.061130 0.061130
0 0.147922 0.730869 0.062220 0.062220
0 0.931349 0.824465 0.052757 0.052757
0 0.140030 0.166868 0.061130 0.061130
0 0.785655 0.975912 0.057104 0.057104
0 0.106642 0.004054 0.062220 0.062220
0 0.284460 0.402664 0.057104 0.057104
0 0.594968 0.411571 0.057104 0.057104
0 0.013951 0.449727 0.057104 0.057104
0 0.086656 0.344838 0.104277 0.104277
0 0.226781 0.856043 0.104277 0.104277
0 0.816602 0.221735 0.062220 0.062220
0 0.695159 0.336311 0.057104 0.057104
0 0.569224 0.926376 0.061130 0.061130
0 0.431589 0.769535 0.071945 0.071945
0 0.284224 0.480773 0.061130 0.061130
0 0.214061 0.468052 0.062220 0.062220
0 0.559076 0.486036 0.048997 0.048997
0 0.848522 0.154106 0.071945 0.071945
0 0.762102 0.390667 0.062220 0.062220
0 0.025878 0.956785 0.062220 0.062220
0 0.495745 0.117218 0.057104 0.057104
0 0.694161 0.113904 0.104277 0.104277
0 0.370503 0.107567 0.104277 0.104277
0 0.758084 0.632028 0.062220 0.062220
0 0.888723 0.211032 0.052757 0.052757
0 0.761661 0.542217 0.061131 0.061131
0 0.182622 0.552592 0.071945 0.071945
0 0.023962 0.081440 0.071945 0.071945
0 0.336435 0.580413 0.104277 0.104277
0 0.102561 0.545516 0.071945 0.071945
0 0.092812 0.268375 0.061130 0.061130
0 0.175539 0.910970 0.071945 0.071945
0 0.270624 0.915939 0.047555 0.047555
0 0.404724 0.940735 0.052757 0.052757
0 0.476877 0.304280 0.057104 0.057104
0 0.689169 0.639022 0.071945 0.071945
0 0.484674 0.948616 0.071945 0.071945
0 0.060834 0.204565 0.062220 0.062220
0 0.977532 0.097415 0.061131 0.061131