0 0.409592 0.649477 0.104277 0.104277
0 0.366044 0.437486 0.061130 0.061130
0 0.082052 0.857005 0.104278 0.104278
0 0.768989 0.399195 0.052757 0.052757
0 0.299137 0.297815 0.104277 0.104277
0 0.360963 0.206767 0.071945 0.071945
0 0.559882 0.647153 0.062220 0.062220
0 0.512776 0.192377 0.071945 0.071945
0 0.591529 0.399235 0.104277 0.104277
0 0.266815 0.399384 0.052757 0.052757
0 0.669393 0.445760 0.071945 0.071945
0 0.596162 0.082680 0.061131 0.061131
0 0.304846 0.069868 0.104277 0.104277
0 0.924426 0.107147 0.062221 0.062221
0 0.813332 0.070152 0.104277 0.104277
0 0.923140 0.637628 0.047276 0.047276
0 0.813494 0.944229 0.062220 0.062220
0 0.099490 0.967810 0.052757 0.052757
0 0.403716 0.564292 0.057104 0.057104
0 0.174909 0.242324 0.062220 0.062220
0 0.439578 0.750928 0.051819 0.051819
0 0.432918 0.005839 0.052757 0.052757
0 0.085744 0.427483 0.104277 0.104277
0 0.914379 0.379261 0.071945 0.071945
0 0.343722 0.364023 0.061131 0.061131
0 0.619726 0.694641 0.052757 0.052757
0 0.376856 0.116364 0.057104 0.057104
0 0.681002 0.643156 0.057103 0.057103
0 0.427938 0.324518 0.052757 0.052757
0 0.695995 0.060320 0.104277 0.104277
0 0.101980 0.153872 0.052757 0.052757
0 0.484145 0.260478 0.057104 0.057104
0 0.874694 0.213235 0.052757 0.052757
0 0.596618 0.482489 0.036679 0.036679
0 0.031898 0.768443 0.052757 0.052757
0 0.715656 0.760496 0.104277 0.104277
0 0.814607 0.174046 0.062221 0.062221
0 0.430380 0.413100 0.057104 0.057104
0 0.515419 0.821272 0.104277 0.104277
0 0.169180 0.089781 0.052757 0.052757
0 0.510556 0.747979 0.071945 0.071945
0 0.753152 0.209675 0.052757 0.052757
0 0.740258 0.277537 0.104277 0.104277
0 0.907148 0.743553 0.071945 0.071945
0 0.165148 0.365733 0.071945 0.071945
0 0.217027 0.760688 0.052757 0.052757
0 0.645896 0.301169 0.104277 0.104277
0 0.274243 0.172064 0.071945 0.071945
0 0.812987 0.775364 0.061131 0.061131
0 0.929026 0.526626 0.057104 0.057104
0 0.431874 0.907901 0.054783 0.054783
0 0.736801 0.468644 0.062220 0.062220
0 0.599426 0.841813 0.057103 0.057103
0 0.183100 0.681319 0.071945 0.071945
0 0.693732 0.908634 0.061131 0.061131
0 0.280256 0.916569 0.057104 0.057104
0 0.644910 0.776515 0.061131 0.061131
0 0.236367 0.332182 0.057104 0.057104
0 0.592823 0.242877 0.061130 0.061130
0 0.067134 0.550572 0.061130 0.061130
0 0.910481 0.869057 0.071945 0.071945
0 0.845464 0.629495 0.062220 0.062220
0 0.671583 0.373492 0.061130 0.061130
0 0.294451 0.794695 0.052757 0.052757
0 0.002446 0.452833 0.061130 0.061130
0 0.542919 0.337360 0.062220 0.062220
0 0.152200 0.507368 0.104277 0.104277
0 0.315605 0.605241 0.071945 0.071945
0 0.847068 0.842160 0.104278 0.104278
0 0.013003 0.119036 0.052757 0.052757
0 0.456351 0.108390 0.062220 0.062220
0 0.005900 0.658959 0.061130 0.061130
0 0.820048 0.484568 0.104277 0.104277
0 0.105993 0.751495 0.057104 0.057104
0 0.205594 0.829111 0.062220 0.062220
0 0.770421 0.881739 0.062220 0.062220
0 0.202761 0.555905 0.104277 0.104277
0 0.181666 0.443215 0.052757 0.052757
0 0.488582 0.482903 0.062220 0.062220
0 0.523423 0.026241 0.071945 0.071945
0 0.151897 0.885200 0.104277 0.104277
0 0.133302 0.009369 0.052757 0.052757
0 0.630793 0.565599 0.104277 0.104277
0 0.306730 0.689157 0.057104 0.057104
0 0.693982 0.832238 0.071945 0.071945
0 0.544245 0.530821 0.071945 0.071945
0 0.262599 0.511965 0.052757 0.052757
0 0.116905 0.663412 0.057104 0.057104
0 0.508234 0.894650 0.104277 0.104277
0 0.934249 0.258476 0.071945 0.071945
0 0.026409 0.023811 0.057104 0.057104
0 0.685140 0.520968 0.061131 0.061131
0 0.817415 0.308698 0.071945 0.071945
0 0.572777 0.938848 0.057104 0.057104
0 0.612823 0.995986 0.104277 0.104277
0 0.093352 0.078167 0.062220 0.062220
0 0.089334 0.319528 0.062220 0.062220
0 0.418315 0.839947 0.052757 0.052757
0 0.345752 0.874174 0.104277 0.104277
0 0.649126 0.129840 0.057104 0.057104
0 0.092911 0.229717 0.061131 0.061131
0 0.036034 0.926919 0.071945 0.071945
0 0.777808 0.557965 0.071945 0.071945
0 0.276235 0.993139 0.071945 0.071945
0 0.741301 0.140056 0.052757 0.052757
0 0.020419 0.326522 0.071945 0.071945
0 0.481201 0.610720 0.057104 0.057104
0 0.750952 0.693451 0.061131 0.061131