0 0.778342 0.765102 0.104277 0.104277
0 0.734794 0.553111 0.061130 0.061130
0 0.450802 0.972630 0.104278 0.104278
0 0.667887 0.413440 0.104277 0.104277
0 0.729713 0.322392 0.071945 0.071945
0 0.928632 0.762778 0.062220 0.062220
0 0.881526 0.308002 0.071945 0.071945
0 0.960279 0.514860 0.104277 0.104277
0 0.635565 0.515009 0.052757 0.052757
0 0.964912 0.198305 0.061131 0.061131
0 0.673596 0.185493 0.104277 0.104277
0 0.179761 0.468106 0.052757 0.052757
0 0.772466 0.679917 0.057104 0.057104
0 0.543659 0.357949 0.062220 0.062220
0 0.808328 0.866553 0.051819 0.051819
0 0.103447 0.889287 0.057104 0.057104
0 0.801668 0.121464 0.052757 0.052757
0 0.454494 0.543108 0.104277 0.104277
0 0.053967 0.188643 0.052757 0.052757
0 0.712472 0.479648 0.061131 0.061131
0 0.988476 0.810266 0.052757 0.052757
0 0.179306 0.675936 0.057104 0.057104
0 0.745606 0.231989 0.057104 0.057104
0 0.245348 0.083103 0.071945 0.071945
0 0.796688 0.440143 0.052757 0.052757
0 0.292596 0.145542 0.061130 0.061130
0 0.470730 0.269497 0.052757 0.052757
0 0.852895 0.376103 0.057104 0.057104
0 0.772848 0.058903 0.057104 0.057104
0 0.965368 0.598114 0.036679 0.036679
0 0.400648 0.884068 0.052757 0.052757
0 0.880849 0.036341 0.061130 0.061130
0 0.224115 0.358582 0.057104 0.057104
0 0.799130 0.528725 0.057104 0.057104
0 0.884169 0.936897 0.104277 0.104277
0 0.537930 0.205406 0.052757 0.052757
0 0.879306 0.863604 0.071945 0.071945
0 0.311046 0.354839 0.057104 0.057104
0 0.533898 0.481358 0.071945 0.071945
0 0.585777 0.876313 0.052757 0.052757
0 0.642993 0.287689 0.071945 0.071945
0 0.190265 0.259044 0.057104 0.057104
0 0.968176 0.957438 0.057103 0.057103
0 0.551850 0.796944 0.071945 0.071945
0 0.216880 0.901383 0.071945 0.071945
0 0.605117 0.447807 0.057104 0.057104
0 0.337454 0.023235 0.061130 0.061130
0 0.225628 0.624569 0.071945 0.071945
0 0.176453 0.986011 0.062220 0.062220
0 0.961573 0.358502 0.061130 0.061130
0 0.320223 0.837197 0.062220 0.062220
0 0.435884 0.666197 0.061130 0.061130
0 0.663201 0.910320 0.052757 0.052757
0 0.609591 0.087525 0.104277 0.104277
0 0.371196 0.568458 0.061130 0.061130
0 0.342270 0.496723 0.061130 0.061130
0 0.911669 0.452985 0.062220 0.062220
0 0.123388 0.222996 0.104277 0.104277
0 0.229144 0.002921 0.057104 0.057104
0 0.520950 0.622993 0.104277 0.104277
0 0.684355 0.720866 0.071945 0.071945
0 0.097710 0.117258 0.104277 0.104277
0 0.381753 0.234661 0.052757 0.052757
0 0.825101 0.224015 0.062220 0.062220
0 0.374650 0.774584 0.061130 0.061130
0 0.112803 0.309558 0.104277 0.104277
0 0.474743 0.867120 0.057104 0.057104
0 0.366892 0.690902 0.104277 0.104277
0 0.574344 0.944736 0.062220 0.062220
0 0.096968 0.022527 0.052757 0.052757
0 0.571511 0.671530 0.104277 0.104277
0 0.056200 0.459641 0.052757 0.052757
0 0.550416 0.558840 0.052757 0.052757
0 0.857332 0.598528 0.062220 0.062220
0 0.262775 0.432327 0.071945 0.071945
0 0.187720 0.185297 0.062220 0.062220
0 0.277749 0.933197 0.071945 0.071945
0 0.892173 0.141866 0.071945 0.071945
0 0.502052 0.124994 0.052757 0.052757
0 0.999543 0.681224 0.104277 0.104277
0 0.148652 0.390994 0.104277 0.104277
0 0.675480 0.804782 0.057104 0.057104
0 0.018815 0.997264 0.071945 0.071945
0 0.158687 0.841361 0.050932 0.050932
0 0.295423 0.662475 0.052757 0.052757
0 0.061560 0.609366 0.071945 0.071945
0 0.912995 0.646446 0.071945 0.071945
0 0.272320 0.569535 0.061130 0.061130
0 0.631349 0.627590 0.052757 0.052757
0 0.485655 0.779037 0.057104 0.057104
0 0.709727 0.023120 0.062220 0.062220
0 0.294968 0.214696 0.057104 0.057104
0 0.019144 0.895997 0.071945 0.071945
0 0.516602 0.024860 0.062220 0.062220
0 0.395159 0.139436 0.057104 0.057104
0 0.269224 0.729501 0.061130 0.061130
0 0.131589 0.572660 0.071945 0.071945
0 0.259076 0.289161 0.048997 0.048997
0 0.462102 0.193792 0.062220 0.062220
0 0.458084 0.435153 0.062220 0.062220
0 0.787065 0.955572 0.052757 0.052757
0 0.714502 0.989799 0.104277 0.104277
0 0.588723 0.014157 0.052757 0.052757
0 0.230016 0.826186 0.062220 0.062220
0 0.025771 0.804090 0.062220 0.062220
0 0.461661 0.345342 0.061131 0.061131
0 0.036435 0.383538 0.104277 0.104277
0 0.104724 0.743860 0.052757 0.052757
0 0.176877 0.107405 0.057104 0.057104
0 0.389169 0.442147 0.071945 0.071945
0 0.100444 0.961965 0.071945 0.071945
0 0.849951 0.726345 0.057104 0.057104
0 0.184674 0.751741 0.071945 0.071945