0 0.384592 0.724477 0.104277 0.104277
0 0.341044 0.512486 0.061130 0.061130
0 0.057052 0.932005 0.104278 0.104278
0 0.743989 0.474195 0.052757 0.052757
0 0.274137 0.372815 0.104277 0.104277
0 0.335963 0.281767 0.071945 0.071945
0 0.534882 0.722153 0.062220 0.062220
0 0.487776 0.267377 0.071945 0.071945
0 0.566529 0.474235 0.104277 0.104277
0 0.241815 0.474384 0.052757 0.052757
0 0.644393 0.520760 0.071945 0.071945
0 0.571162 0.157680 0.061131 0.061131
0 0.279846 0.144868 0.104277 0.104277
0 0.899426 0.182147 0.062221 0.062221
0 0.788332 0.145152 0.104277 0.104277
0 0.898140 0.712628 0.047276 0.047276
0 0.378716 0.639292 0.057104 0.057104
0 0.149909 0.317324 0.062220 0.062220
0 0.414578 0.825928 0.051819 0.051819
0 0.407918 0.080839 0.052757 0.052757
0 0.060744 0.502483 0.104277 0.104277
0 0.889379 0.454261 0.071945 0.071945
0 0.318722 0.439023 0.061131 0.061131
0 0.594726 0.769641 0.052757 0.052757
0 0.351856 0.191364 0.057104 0.057104
0 0.656002 0.718156 0.057103 0.057103
0 0.402938 0.399518 0.052757 0.052757
0 0.670995 0.135320 0.104277 0.104277
0 0.076980 0.228872 0.052757 0.052757
0 0.459145 0.335478 0.057104 0.057104
0 0.379098 0.018278 0.057104 0.057104
0 0.849694 0.288235 0.052757 0.052757
0 0.571618 0.557489 0.036679 0.036679
0 0.006898 0.843443 0.052757 0.052757
0 0.690656 0.835496 0.104277 0.104277
0 0.789607 0.249046 0.062221 0.062221
0 0.405380 0.488100 0.057104 0.057104
0 0.490419 0.896272 0.104277 0.104277
0 0.144180 0.164781 0.052757 0.052757
0 0.485556 0.822979 0.071945 0.071945
0 0.791237 0.054534 0.071945 0.071945
0 0.728152 0.284675 0.052757 0.052757
0 0.715258 0.352537 0.104277 0.104277
0 0.882148 0.818553 0.071945 0.071945
0 0.140148 0.440733 0.071945 0.071945
0 0.192027 0.835688 0.052757 0.052757
0 0.620896 0.376169 0.104277 0.104277
0 0.249243 0.247064 0.071945 0.071945
0 0.787987 0.850364 0.061131 0.061131
0 0.904026 0.601626 0.057104 0.057104
0 0.406874 0.982901 0.054783 0.054783
0 0.711801 0.543644 0.062220 0.062220
0 0.574426 0.916813 0.057103 0.057103
0 0.158100 0.756319 0.071945 0.071945
0 0.668732 0.983634 0.061131 0.061131
0 0.255256 0.991569 0.057104 0.057104
0 0.619910 0.851515 0.061131 0.061131
0 0.211367 0.407182 0.057104 0.057104
0 0.567823 0.317877 0.061130 0.061130
0 0.042134 0.625572 0.061130 0.061130
0 0.885481 0.944057 0.071945 0.071945
0 0.820464 0.704495 0.062220 0.062220
0 0.646583 0.448492 0.061130 0.061130
0 0.269451 0.869695 0.052757 0.052757
0 0.215841 0.046900 0.104277 0.104277
0 0.517919 0.412360 0.062220 0.062220
0 0.127200 0.582368 0.104277 0.104277
0 0.290605 0.680241 0.071945 0.071945
0 0.822068 0.917160 0.104278 0.104278
0 0.431351 0.183390 0.062220 0.062220
0 0.795048 0.559568 0.104277 0.104277
0 0.080993 0.826495 0.057104 0.057104
0 0.180594 0.904111 0.062220 0.062220
0 0.745421 0.956739 0.062220 0.062220
0 0.177761 0.630905 0.104277 0.104277
0 0.156666 0.518215 0.052757 0.052757
0 0.463582 0.557903 0.062220 0.062220
0 0.498423 0.101241 0.071945 0.071945
0 0.126897 0.960200 0.104277 0.104277
0 0.108302 0.084369 0.052757 0.052757
0 0.605793 0.640599 0.104277 0.104277
0 0.281730 0.764157 0.057104 0.057104
0 0.668982 0.907238 0.071945 0.071945
0 0.519245 0.605821 0.071945 0.071945
0 0.237599 0.586965 0.052757 0.052757
0 0.091905 0.738412 0.057104 0.057104
0 0.483234 0.969650 0.104277 0.104277
0 0.909249 0.333476 0.071945 0.071945
0 0.001409 0.098811 0.057104 0.057104
0 0.660140 0.595968 0.061131 0.061131
0 0.792415 0.383698 0.071945 0.071945
0 0.068352 0.153167 0.062220 0.062220
0 0.886796 0.032673 0.104277 0.104277
0 0.641383 0.064902 0.057104 0.057104
0 0.064334 0.394528 0.062220 0.062220
0 0.393315 0.914947 0.052757 0.052757
0 0.320752 0.949174 0.104277 0.104277
0 0.624126 0.204840 0.057104 0.057104
0 0.067911 0.304717 0.061131 0.061131
0 0.752808 0.632965 0.071945 0.071945
0 0.702121 0.018798 0.104277 0.104277
0 0.716301 0.215056 0.052757 0.052757
0 0.456201 0.685720 0.057104 0.057104
0 0.725952 0.768451 0.061131 0.061131