0 0.364295 0.858226 0.062220 0.062220
0 0.907052 0.128880 0.104278 0.104278
0 0.962708 0.566002 0.104277 0.104277
0 0.697687 0.647196 0.052757 0.052757
0 0.709379 0.733745 0.104277 0.104277
0 0.549729 0.281203 0.061130 0.061130
0 0.306624 0.913108 0.071945 0.071945
0 0.924490 0.239685 0.052757 0.052757
0 0.945561 0.410912 0.052757 0.052757
0 0.689112 0.559775 0.104277 0.104277
0 0.771469 0.491573 0.104277 0.104277
0 0.695636 0.460633 0.061130 0.061130
0 0.559697 0.045537 0.057104 0.057104
0 0.054559 0.369167 0.062220 0.062220
0 0.161046 0.946234 0.061130 0.061130
0 0.602707 0.358590 0.104277 0.104277
0 0.437912 0.864288 0.061130 0.061130
0 0.418328 0.776405 0.052757 0.052757
0 0.917602 0.877742 0.057104 0.057104
0 0.822577 0.637628 0.104277 0.104277
0 0.579130 0.777232 0.061130 0.061130
0 0.659974 0.902690 0.062220 0.062220
0 0.275164 0.487924 0.061130 0.061130
0 0.856898 0.040318 0.052757 0.052757
0 0.855118 0.984500 0.057104 0.057104
0 0.262588 0.026390 0.071945 0.071945
0 0.077635 0.606536 0.104278 0.104278
0 0.401193 0.130912 0.104277 0.104277
0 0.321624 0.199836 0.052757 0.052757
0 0.701863 0.810900 0.057104 0.057104
0 0.544579 0.200073 0.104277 0.104277
0 0.618059 0.598555 0.052757 0.052757
0 0.234192 0.194034 0.052757 0.052757
0 0.738409 0.946343 0.057104 0.057104
0 0.480534 0.282130 0.052757 0.052757
0 0.909765 0.485091 0.104277 0.104277
0 0.857062 0.346737 0.057104 0.057104
0 0.550484 0.858444 0.061130 0.061130
0 0.760230 0.570723 0.061130 0.061130
0 0.435061 0.501274 0.104278 0.104278
0 0.983998 0.747462 0.062220 0.062220
0 0.501910 0.479665 0.052757 0.052757
0 0.781777 0.158791 0.061130 0.061130
0 0.673130 0.057633 0.071945 0.071945
0 0.839779 0.273329 0.052757 0.052757
0 0.143019 0.658742 0.062220 0.062220
0 0.294351 0.745966 0.062220 0.062220
0 0.047546 0.048403 0.052757 0.052757
0 0.511371 0.734689 0.057104 0.057104
0 0.880326 0.599083 0.071945 0.071945
0 0.662034 0.225926 0.061130 0.061130
0 0.632703 0.142261 0.062220 0.062220
0 0.101005 0.290438 0.061130 0.061130
0 0.682072 0.388227 0.052757 0.052757
0 0.832246 0.424512 0.057104 0.057104
0 0.467789 0.602158 0.057104 0.057104
0 0.335831 0.088915 0.104277 0.104277
0 0.176787 0.839848 0.104278 0.104278
0 0.395064 0.568538 0.071945 0.071945
0 0.295425 0.833312 0.052757 0.052757
0 0.834711 0.855031 0.062220 0.062220
0 0.812056 0.708887 0.071945 0.071945
0 0.333649 0.648104 0.052757 0.052757
0 0.525945 0.643996 0.071945 0.071945
0 0.051973 0.676578 0.104277 0.104277
0 0.228328 0.887830 0.057104 0.057104
0 0.930993 0.023370 0.057104 0.057104
0 0.261906 0.556508 0.057104 0.057104
0 0.232403 0.634330 0.104277 0.104277
0 0.188050 0.086616 0.052757 0.052757
0 0.944465 0.946053 0.071945 0.071945
0 0.773353 0.235426 0.104277 0.104277
0 0.733999 0.089447 0.071945 0.071945
0 0.976897 0.157075 0.104277 0.104277
0 0.193530 0.753855 0.104277 0.104277
0 0.183984 0.534890 0.071945 0.071945
0 0.475065 0.153514 0.071945 0.071945
0 0.058153 0.476131 0.057104 0.057104
0 0.405474 0.678889 0.052757 0.052757
0 0.475394 0.052247 0.071945 0.071945
0 0.154254 0.173826 0.104277 0.104277
0 0.165360 0.427893 0.057104 0.057104
0 0.348362 0.416529 0.104277 0.104277
0 0.398505 0.260764 0.104277 0.104277
0 0.939022 0.328742 0.061131 0.061131
0 0.786129 0.370067 0.104277 0.104277
0 0.389011 0.037066 0.052757 0.052757
0 0.304178 0.335541 0.052757 0.052757
0 0.387749 0.971457 0.057104 0.057104
0 0.108511 0.879844 0.062220 0.062220
0 0.108685 0.807409 0.057104 0.057104
0 0.183407 0.250330 0.104277 0.104277
0 0.273067 0.408177 0.061130 0.061130
0 0.121912 0.012229 0.057104 0.057104
0 0.396410 0.351127 0.062220 0.062220
0 0.462920 0.386169 0.071945 0.071945
0 0.861034 0.198794 0.071945 0.071945
0 0.692027 0.309823 0.061130 0.061130
0 0.812229 0.928197 0.061130 0.061130
0 0.100913 0.532609 0.052757 0.052757
0 0.483710 0.947541 0.104277 0.104277
0 0.592542 0.497273 0.104277 0.104277
0 0.073514 0.193061 0.071945 0.071945
0 0.366093 0.492545 0.052757 0.052757
0 0.896435 0.722868 0.052757 0.052757
0 0.556694 0.118215 0.071945 0.071945
0 0.175102 0.321672 0.104277 0.104277
0 0.631826 0.667533 0.104277 0.104277
0 0.056428 0.955565 0.057104 0.057104