0 0.507838 0.947392 0.071945 0.071945
0 0.659651 0.933002 0.071945 0.071945
0 0.710557 0.482036 0.104277 0.104277
0 0.743037 0.823305 0.061131 0.061131
0 0.900659 0.446564 0.104277 0.104277
0 0.451721 0.810493 0.104277 0.104277
0 0.944848 0.642812 0.057104 0.057104
0 0.814114 0.092894 0.062220 0.062220
0 0.947092 0.090841 0.057104 0.057104
0 0.960207 0.810777 0.104277 0.104277
0 0.979903 0.016149 0.052757 0.052757
0 0.863689 0.356321 0.057104 0.057104
0 0.791849 0.207804 0.104277 0.104277
0 0.774152 0.559700 0.104277 0.104277
0 0.321784 0.982949 0.062220 0.062220
0 0.579793 0.746464 0.052757 0.052757
0 0.777043 0.398280 0.061131 0.061131
0 0.786851 0.022187 0.052757 0.052757
0 0.523731 0.856989 0.057104 0.057104
0 0.023473 0.708103 0.071945 0.071945
0 0.660259 0.321813 0.071945 0.071945
0 0.070721 0.770542 0.061130 0.061130
0 0.842870 0.800945 0.104277 0.104277
0 0.877268 0.222092 0.062220 0.062220
0 0.248855 0.894497 0.052757 0.052757
0 0.713147 0.617355 0.062220 0.062220
0 0.550973 0.683903 0.057104 0.057104
0 0.547820 0.523078 0.052757 0.052757
0 0.658974 0.661341 0.061130 0.061130
0 0.935425 0.343343 0.071945 0.071945
0 0.373843 0.510381 0.061131 0.061131
0 0.002240 0.983582 0.057104 0.057104
0 0.961482 0.914671 0.062221 0.062221
0 0.879010 0.042497 0.071945 0.071945
0 0.316055 0.830406 0.052757 0.052757
0 0.089171 0.979839 0.057104 0.057104
0 0.059225 0.211002 0.057104 0.057104
0 0.963112 0.720159 0.071945 0.071945
0 0.900027 0.950300 0.052757 0.052757
0 0.868837 0.534150 0.061130 0.061130
0 0.308969 0.431688 0.062220 0.062220
0 0.601903 0.618364 0.061131 0.061131
0 0.421118 0.912689 0.071945 0.071945
0 0.651130 0.551817 0.057104 0.057104
0 0.718044 0.145622 0.071945 0.071945
0 0.280853 0.115722 0.061131 0.061131
0 0.568493 0.026773 0.061130 0.061130
0 0.593506 0.145648 0.104277 0.104277
0 0.344265 0.012192 0.071945 0.071945
0 0.717422 0.277325 0.104277 0.104277
0 0.115579 0.648235 0.061130 0.061130
0 0.739698 0.983502 0.061130 0.061130
0 0.874624 0.609025 0.061130 0.061130
0 0.030154 0.127429 0.104277 0.104277
0 0.406348 0.261106 0.071945 0.071945
0 0.387716 0.712525 0.104277 0.104277
0 0.007269 0.627921 0.057104 0.057104
0 0.047798 0.289962 0.052757 0.052757
0 0.118989 0.359043 0.104277 0.104277
0 0.159878 0.859661 0.052757 0.052757
0 0.603226 0.849015 0.062220 0.062220
0 0.420156 0.395520 0.061131 0.061131
0 0.060457 0.561020 0.104277 0.104277
0 0.195766 0.444217 0.061130 0.061130
0 0.278252 0.342005 0.104277 0.104277
0 0.491133 0.226465 0.062220 0.062220
0 0.183177 0.179368 0.062220 0.062220
0 0.509695 0.465899 0.057104 0.057104
0 0.670298 0.766866 0.071945 0.071945
0 0.280177 0.749994 0.052757 0.052757
0 0.272944 0.520331 0.062220 0.062220
0 0.633181 0.424523 0.071945 0.071945
0 0.076121 0.434741 0.061130 0.061130
0 0.237709 0.583949 0.104278 0.104278
0 0.240992 0.056148 0.052757 0.052757
0 0.320626 0.250969 0.061131 0.061131
0 0.487852 0.648120 0.062220 0.062220
0 0.073093 0.839696 0.057104 0.057104
0 0.931893 0.273187 0.057104 0.057104
0 0.789263 0.297073 0.052757 0.052757
0 0.294727 0.649860 0.062220 0.062220
0 0.173284 0.764436 0.057104 0.057104
0 0.119043 0.081563 0.104277 0.104277
0 0.539313 0.398947 0.052757 0.052757
0 0.037201 0.914161 0.048997 0.048997
0 0.326647 0.582231 0.071945 0.071945
0 0.240227 0.818792 0.062220 0.062220
0 0.570278 0.242104 0.057104 0.057104
0 0.813258 0.730527 0.057104 0.057104
0 0.137560 0.236997 0.061130 0.061130
0 0.172286 0.542029 0.104277 0.104277
0 0.504081 0.315790 0.057104 0.057104
0 0.409930 0.063811 0.104277 0.104277
0 0.366848 0.639157 0.052757 0.052757
0 0.796001 0.870465 0.057104 0.057104
0 0.178319 0.309910 0.061130 0.061130
0 0.476272 0.133248 0.052757 0.052757
0 0.239786 0.970342 0.061131 0.061131
0 0.355300 0.351931 0.071945 0.071945
0 0.804663 0.656828 0.104277 0.104277
0 0.223765 0.248720 0.071945 0.071945
0 0.700183 0.061992 0.104277 0.104277
0 0.873996 0.684423 0.104277 0.104277
0 0.888176 0.880681 0.052757 0.052757
0 0.363829 0.122948 0.052757 0.052757
0 0.658264 0.240102 0.062220 0.062220
0 0.455657 0.525540 0.061131 0.061131