0 0.743967 0.927602 0.104277 0.104277
0 0.700419 0.715611 0.061130 0.061130
0 0.633512 0.575940 0.104277 0.104277
0 0.695338 0.484892 0.071945 0.071945
0 0.894257 0.925278 0.062220 0.062220
0 0.847151 0.470502 0.071945 0.071945
0 0.925904 0.677360 0.104277 0.104277
0 0.601190 0.677509 0.052757 0.052757
0 0.898057 0.019536 0.104277 0.104277
0 0.930537 0.360805 0.061131 0.061131
0 0.639221 0.347993 0.104277 0.104277
0 0.145386 0.630606 0.052757 0.052757
0 0.095035 0.123927 0.062220 0.062220
0 0.961652 0.097200 0.104277 0.104277
0 0.738091 0.842417 0.057104 0.057104
0 0.509284 0.520449 0.062220 0.062220
0 0.767293 0.283964 0.052757 0.052757
0 0.420119 0.705608 0.104277 0.104277
0 0.019592 0.351143 0.052757 0.052757
0 0.678097 0.642148 0.061131 0.061131
0 0.954101 0.972766 0.052757 0.052757
0 0.144931 0.838436 0.057104 0.057104
0 0.711231 0.394489 0.057104 0.057104
0 0.210973 0.245603 0.071945 0.071945
0 0.762313 0.602643 0.052757 0.052757
0 0.258221 0.308042 0.061130 0.061130
0 0.436355 0.431997 0.052757 0.052757
0 0.900647 0.154855 0.062220 0.062220
0 0.818520 0.538603 0.057104 0.057104
0 0.738473 0.221403 0.057104 0.057104
0 0.735320 0.060578 0.052757 0.052757
0 0.930993 0.760614 0.036679 0.036679
0 0.846474 0.198841 0.061130 0.061130
0 0.561343 0.047881 0.061131 0.061131
0 0.189740 0.521082 0.057104 0.057104
0 0.764755 0.691225 0.057104 0.057104
0 0.503555 0.367906 0.052757 0.052757
0 0.276671 0.517339 0.057104 0.057104
0 0.499523 0.643858 0.071945 0.071945
0 0.789403 0.155864 0.061131 0.061131
0 0.980271 0.579294 0.104277 0.104277
0 0.608618 0.450189 0.071945 0.071945
0 0.838630 0.089317 0.057104 0.057104
0 0.155890 0.421544 0.057104 0.057104
0 0.517475 0.959444 0.071945 0.071945
0 0.570742 0.610307 0.057104 0.057104
0 0.303079 0.185735 0.061130 0.061130
0 0.191253 0.787069 0.071945 0.071945
0 0.927198 0.521002 0.061130 0.061130
0 0.285848 0.999697 0.062220 0.062220
0 0.401509 0.828697 0.061130 0.061130
0 0.575216 0.250025 0.104277 0.104277
0 0.336821 0.730958 0.061130 0.061130
0 0.307895 0.659223 0.061130 0.061130
0 0.877294 0.615485 0.062220 0.062220
0 0.089013 0.385496 0.104277 0.104277
0 0.194769 0.165421 0.057104 0.057104
0 0.486575 0.785493 0.104277 0.104277
0 0.649980 0.883366 0.071945 0.071945
0 0.063335 0.279758 0.104277 0.104277
0 0.347378 0.397161 0.052757 0.052757
0 0.790726 0.386515 0.062220 0.062220
0 0.340275 0.937084 0.061130 0.061130
0 0.078428 0.472058 0.104277 0.104277
0 0.332517 0.853402 0.104277 0.104277
0 0.062593 0.185027 0.052757 0.052757
0 0.537136 0.834030 0.104277 0.104277
0 0.021825 0.622141 0.052757 0.052757
0 0.247957 0.098520 0.104277 0.104277
0 0.516041 0.721340 0.052757 0.052757
0 0.822957 0.761028 0.062220 0.062220
0 0.697195 0.003399 0.057104 0.057104
0 0.228400 0.594827 0.071945 0.071945
0 0.153345 0.347797 0.062220 0.062220
0 0.857798 0.304366 0.071945 0.071945
0 0.467677 0.287494 0.052757 0.052757
0 0.460444 0.057831 0.062220 0.062220
0 0.965168 0.843724 0.104277 0.104277
0 0.114277 0.553494 0.104277 0.104277
0 0.641105 0.967282 0.057104 0.057104
0 0.261048 0.824975 0.052757 0.052757
0 0.425209 0.121449 0.104278 0.104278
0 0.027185 0.771866 0.071945 0.071945
0 0.878620 0.808946 0.071945 0.071945
0 0.237945 0.732035 0.061130 0.061130
0 0.596974 0.790090 0.052757 0.052757
0 0.451280 0.941537 0.057104 0.057104
0 0.675352 0.185620 0.062220 0.062220
0 0.260593 0.377196 0.057104 0.057104
0 0.482227 0.187360 0.062220 0.062220
0 0.360784 0.301936 0.057104 0.057104
0 0.234849 0.892001 0.061130 0.061130
0 0.097214 0.735160 0.071945 0.071945
0 0.224701 0.451661 0.048997 0.048997
0 0.514147 0.119731 0.071945 0.071945
0 0.427727 0.356292 0.062220 0.062220
0 0.161370 0.082843 0.057104 0.057104
0 0.359786 0.079529 0.104277 0.104277
0 0.036128 0.073192 0.104277 0.104277
0 0.423709 0.597653 0.062220 0.062220
0 0.554348 0.176657 0.052757 0.052757
0 0.195641 0.988686 0.062220 0.062220
0 0.983501 0.407965 0.057104 0.057104
0 0.427286 0.507842 0.061131 0.061131
0 0.992163 0.194328 0.104277 0.104277
0 0.002060 0.546038 0.104277 0.104277
0 0.070349 0.906360 0.052757 0.052757
0 0.142502 0.269905 0.057104 0.057104
0 0.354794 0.604647 0.071945 0.071945
0 0.815576 0.888845 0.057104 0.057104
0 0.150299 0.914241 0.071945 0.071945
0 0.643157 0.063040 0.061131 0.061131