0 0.311095 0.055032 0.071945 0.071945
0 0.873634 0.561734 0.104277 0.104277
0 0.512639 0.665683 0.052757 0.052757
0 0.586216 0.023011 0.071945 0.071945
0 0.618344 0.138381 0.052757 0.052757
0 0.319779 0.425364 0.061130 0.061130
0 0.856627 0.245535 0.061131 0.061131
0 0.762504 0.361869 0.062220 0.062220
0 0.745860 0.532062 0.052757 0.052757
0 0.381906 0.533456 0.104277 0.104277
0 0.903682 0.654187 0.052757 0.052757
0 0.205843 0.321745 0.104277 0.104277
0 0.164704 0.443356 0.104277 0.104277
0 0.051220 0.485330 0.071945 0.071945
0 0.209244 0.074487 0.062220 0.062220
0 0.638659 0.384665 0.104277 0.104277
0 0.234597 0.246745 0.057104 0.057104
0 0.728767 0.099445 0.104277 0.104277
0 0.778117 0.641786 0.061130 0.061130
0 0.749674 0.712766 0.104277 0.104277
0 0.683906 0.290564 0.071945 0.071945
0 0.893964 0.183188 0.052757 0.052757
0 0.244721 0.601355 0.062220 0.062220
0 0.302944 0.229181 0.104277 0.104277
0 0.720158 0.443323 0.052757 0.052757
0 0.460606 0.526373 0.062220 0.062220
0 0.188297 0.170243 0.061130 0.061130
0 0.067602 0.212117 0.057104 0.057104
0 0.710594 0.004256 0.062220 0.062220
0 0.463336 0.131443 0.052757 0.052757
0 0.005118 0.318875 0.057104 0.057104
0 0.121094 0.348966 0.104277 0.104277
0 0.582079 0.519193 0.062220 0.062220
0 0.430553 0.318311 0.071945 0.071945
0 0.060531 0.558295 0.071945 0.071945
0 0.640557 0.233320 0.102474 0.102474
0 0.681446 0.590440 0.071945 0.071945
0 0.534893 0.225495 0.104277 0.104277
0 0.583296 0.690234 0.104277 0.104277
0 0.387404 0.034837 0.061131 0.061131
0 0.133998 0.081837 0.062220 0.062220
0 0.667943 0.687121 0.104277 0.104277
0 0.348943 0.286148 0.057104 0.057104
0 0.086639 0.422687 0.057104 0.057104
0 0.161665 0.239675 0.104277 0.104277
0 0.075618 0.675417 0.057104 0.057104
0 0.489547 0.592126 0.062220 0.062220
0 0.464627 0.040559 0.052757 0.052757
0 0.174173 0.000097 0.061130 0.061130
0 0.444298 0.690697 0.052757 0.052757
0 0.447736 0.247669 0.062220 0.062220
0 0.392159 0.427428 0.104277 0.104277
0 0.119610 0.509440 0.062220 0.062220
0 0.304154 0.655158 0.052757 0.052757
0 0.576141 0.617094 0.052757 0.052757
0 0.220252 0.391081 0.062220 0.062220
0 0.094465 0.280428 0.071945 0.071945
0 0.877493 0.462882 0.061131 0.061131
0 0.395776 0.602988 0.061131 0.061131
0 0.371101 0.353150 0.104277 0.104277
0 0.843065 0.338894 0.061131 0.061131
0 0.809319 0.489979 0.062221 0.062221
0 0.645217 0.490261 0.052757 0.052757
0 0.541322 0.132620 0.055027 0.055027
0 0.332013 0.161533 0.062220 0.062220
0 0.214539 0.686068 0.061130 0.061130
0 0.751351 0.236798 0.104277 0.104277
0 0.359757 0.704203 0.062220 0.062220
0 0.481602 0.425696 0.052757 0.052757
0 0.001782 0.401908 0.052757 0.052757
0 0.288003 0.318496 0.071945 0.071945
0 0.156532 0.589553 0.061131 0.061131
0 0.404052 0.174343 0.104277 0.104277
0 0.568062 0.318600 0.061130 0.061130
0 0.246553 0.518606 0.104277 0.104277
0 0.046435 0.057243 0.052757 0.052757
0 0.806090 0.185472 0.057104 0.057104
0 0.820040 0.109389 0.088662 0.088662