0 0.984130 0.037992 0.071945 0.071945
0 0.728401 0.992377 0.071945 0.071945
0 0.779307 0.541411 0.104277 0.104277
0 0.811787 0.882680 0.061131 0.061131
0 0.969409 0.505939 0.104277 0.104277
0 0.520471 0.869868 0.104277 0.104277
0 0.882864 0.152269 0.062220 0.062220
0 0.932439 0.415696 0.057104 0.057104
0 0.860599 0.267179 0.104277 0.104277
0 0.842902 0.619075 0.104277 0.104277
0 0.648543 0.805839 0.052757 0.052757
0 0.845793 0.457655 0.061131 0.061131
0 0.855601 0.081562 0.052757 0.052757
0 0.592481 0.916364 0.057104 0.057104
0 0.092223 0.767478 0.071945 0.071945
0 0.729009 0.381188 0.071945 0.071945
0 0.139471 0.829917 0.061130 0.061130
0 0.911620 0.860320 0.104277 0.104277
0 0.946018 0.281467 0.062220 0.062220
0 0.317605 0.953872 0.052757 0.052757
0 0.781897 0.676730 0.062220 0.062220
0 0.619723 0.743278 0.057104 0.057104
0 0.616570 0.582453 0.052757 0.052757
0 0.727724 0.720716 0.061130 0.061130
0 0.442593 0.569756 0.061131 0.061131
0 0.947760 0.101872 0.071945 0.071945
0 0.384805 0.889781 0.052757 0.052757
0 0.127975 0.270377 0.057104 0.057104
0 0.937587 0.593525 0.061130 0.061130
0 0.377719 0.491063 0.062220 0.062220
0 0.670653 0.677739 0.061131 0.061131
0 0.489868 0.972064 0.071945 0.071945
0 0.719880 0.611192 0.057104 0.057104
0 0.786794 0.204997 0.071945 0.071945
0 0.349603 0.175097 0.061131 0.061131
0 0.637243 0.086148 0.061130 0.061130
0 0.037140 0.943419 0.057104 0.057104
0 0.662256 0.205023 0.104277 0.104277
0 0.065740 0.425508 0.057104 0.057104
0 0.413015 0.071567 0.071945 0.071945
0 0.786172 0.336700 0.104277 0.104277
0 0.184329 0.707610 0.061130 0.061130
0 0.943374 0.668400 0.061130 0.061130
0 0.098904 0.186804 0.104277 0.104277
0 0.264066 0.005868 0.104277 0.104277
0 0.056679 0.007652 0.062220 0.062220
0 0.475098 0.320481 0.071945 0.071945
0 0.456466 0.771900 0.104277 0.104277
0 0.068158 0.520008 0.057104 0.057104
0 0.076019 0.687296 0.057104 0.057104
0 0.116548 0.349337 0.052757 0.052757
0 0.187739 0.418418 0.104277 0.104277
0 0.228628 0.919036 0.052757 0.052757
0 0.671976 0.908390 0.062220 0.062220
0 0.488906 0.454895 0.061131 0.061131
0 0.129207 0.620395 0.104277 0.104277
0 0.264516 0.503592 0.061130 0.061130
0 0.000429 0.358023 0.057104 0.057104
0 0.347002 0.401380 0.104277 0.104277
0 0.846340 0.004409 0.062220 0.062220
0 0.559883 0.285840 0.062220 0.062220
0 0.251927 0.238743 0.062220 0.062220
0 0.578445 0.525274 0.057104 0.057104
0 0.034595 0.869672 0.062220 0.062220
0 0.442914 0.000042 0.061131 0.061131
0 0.739048 0.826241 0.071945 0.071945
0 0.348927 0.809369 0.052757 0.052757
0 0.341694 0.579706 0.062220 0.062220
0 0.346758 0.037360 0.061131 0.061131
0 0.701931 0.483898 0.071945 0.071945
0 0.144871 0.494116 0.061130 0.061130
0 0.306459 0.643324 0.104278 0.104278
0 0.309742 0.115523 0.052757 0.052757
0 0.389376 0.310344 0.061131 0.061131
0 0.606930 0.007886 0.057104 0.057104
0 0.556602 0.707495 0.062220 0.062220
0 0.141843 0.899071 0.057104 0.057104
0 0.858013 0.356448 0.052757 0.052757
0 0.363477 0.709235 0.062220 0.062220
0 0.242034 0.823811 0.057104 0.057104
0 0.187793 0.140938 0.104277 0.104277
0 0.608063 0.458322 0.052757 0.052757
0 0.105951 0.973536 0.048997 0.048997
0 0.395397 0.641606 0.071945 0.071945
0 0.308977 0.878167 0.062220 0.062220
0 0.744774 0.022462 0.071945 0.071945
0 0.639028 0.301479 0.057104 0.057104
0 0.882008 0.789902 0.057104 0.057104
0 0.206310 0.296372 0.061130 0.061130
0 0.042620 0.604718 0.057104 0.057104
0 0.241036 0.601404 0.104277 0.104277
0 0.572831 0.375165 0.057104 0.057104
0 0.478680 0.123186 0.104277 0.104277
0 0.435598 0.698532 0.052757 0.052757
0 0.864751 0.929840 0.057104 0.057104
0 0.247069 0.369285 0.061130 0.061130
0 0.545022 0.192623 0.052757 0.052757
0 0.424050 0.411306 0.071945 0.071945
0 0.552177 0.058167 0.071945 0.071945
0 0.873413 0.716203 0.104277 0.104277
0 0.189976 0.053787 0.057104 0.057104
0 0.292515 0.308095 0.071945 0.071945
0 0.040698 0.095086 0.057104 0.057104
0 0.768933 0.121367 0.104277 0.104277
0 0.942746 0.743798 0.104277 0.104277
0 0.956926 0.940056 0.052757 0.052757
0 0.023752 0.791780 0.057104 0.057104
0 0.432579 0.182323 0.052757 0.052757
0 0.727014 0.299477 0.062220 0.062220
0 0.524407 0.584915 0.061131 0.061131