0 0.176720 0.751907 0.071945 0.071945
0 0.451841 0.719886 0.071945 0.071945
0 0.732219 0.460207 0.071945 0.071945
0 0.483969 0.835256 0.052757 0.052757
0 0.040821 0.321478 0.052757 0.052757
0 0.722252 0.942410 0.061131 0.061131
0 0.221118 0.508224 0.061130 0.061130
0 0.627396 0.633201 0.104277 0.104277
0 0.654119 0.247354 0.062220 0.062220
0 0.394062 0.470100 0.071945 0.071945
0 0.074869 0.771362 0.062220 0.062220
0 0.037493 0.517297 0.071945 0.071945
0 0.280203 0.054053 0.051819 0.051819
0 0.100222 0.943620 0.057104 0.057104
0 0.594392 0.796320 0.104277 0.104277
0 0.549531 0.987439 0.071945 0.071945
0 0.759589 0.880063 0.052757 0.052757
0 0.172909 0.342854 0.104277 0.104277
0 0.472770 0.588958 0.104277 0.104277
0 0.590549 0.400151 0.071945 0.071945
0 0.168569 0.926056 0.104277 0.104277
0 0.595296 0.331705 0.062220 0.062220
0 0.053922 0.867118 0.061130 0.061130
0 0.533252 0.527456 0.057104 0.057104
0 0.576219 0.701131 0.062220 0.062220
0 0.328961 0.828318 0.052757 0.052757
0 0.475969 0.459240 0.062220 0.062220
0 0.556281 0.063621 0.104277 0.104277
0 0.356044 0.124397 0.104277 0.104277
0 0.661618 0.431933 0.061130 0.061130
0 0.351181 0.051104 0.071945 0.071945
0 0.506182 0.930195 0.102474 0.102474
0 0.747773 0.046678 0.071945 0.071945
0 0.115366 0.593586 0.052757 0.052757
0 0.400518 0.922370 0.104277 0.104277
0 0.057652 0.063813 0.052757 0.052757
0 0.653612 0.078489 0.061131 0.061131
0 0.078024 0.459591 0.052757 0.052757
0 0.272499 0.211026 0.054783 0.054783
0 0.409342 0.656162 0.062220 0.062220
0 0.253029 0.731712 0.061131 0.061131
0 0.440051 0.144938 0.057103 0.057103
0 0.211422 0.660163 0.071945 0.071945
0 0.240601 0.323192 0.071945 0.071945
0 0.240861 0.394016 0.061130 0.061130
0 0.214568 0.983023 0.057104 0.057104
0 0.534357 0.211759 0.061131 0.061131
0 0.120881 0.219694 0.057104 0.057104
0 0.485535 0.079640 0.061131 0.061131
0 0.027290 0.936550 0.104277 0.104277
0 0.695864 0.689107 0.045227 0.045227
0 0.330252 0.737434 0.052757 0.052757
0 0.751106 0.172182 0.071945 0.071945
0 0.756488 0.310707 0.104278 0.104278
0 0.039798 0.696972 0.061130 0.061130
0 0.135076 0.097820 0.052757 0.052757
0 0.751529 0.592902 0.061130 0.061130
0 0.313361 0.944544 0.062220 0.062220
0 0.687693 0.145285 0.104278 0.104278
0 0.365014 0.311684 0.052757 0.052757
0 0.046219 0.132236 0.062220 0.062220
0 0.611046 0.184864 0.062220 0.062220
0 0.052691 0.390901 0.104277 0.104277
0 0.407878 0.551195 0.052757 0.052757
0 0.319925 0.603059 0.052757 0.052757
0 0.139462 0.669446 0.057104 0.057104
0 0.609935 0.536599 0.061131 0.061131
0 0.515572 0.400862 0.057104 0.057104
0 0.534607 0.135363 0.071945 0.071945
0 0.348859 0.197775 0.104277 0.104277
0 0.406947 0.829495 0.055027 0.055027
0 0.539139 0.630317 0.061131 0.061131
0 0.197638 0.858408 0.062220 0.062220
0 0.616976 0.933673 0.104277 0.104277
0 0.053005 0.624436 0.050559 0.050559
0 0.182144 0.567215 0.061130 0.061130
0 0.311415 0.387587 0.071945 0.071945
0 0.413402 0.241973 0.057104 0.057104
0 0.453448 0.299111 0.104277 0.104277
0 0.310215 0.482140 0.071945 0.071945
0 0.269677 0.871218 0.104277 0.104277
0 0.258940 0.143072 0.052757 0.052757
0 0.186377 0.177299 0.104277 0.104277
0 0.697058 0.550093 0.052757 0.052757
0 0.116860 0.296264 0.071945 0.071945
0 0.423124 0.390715 0.104277 0.104277
0 0.147567 0.434204 0.104277 0.104277
0 0.699333 0.356260 0.061131 0.061131
0 0.671715 0.882347 0.057104 0.057104
0 0.685665 0.806264 0.088662 0.088662