0 0.977262 0.794690 0.104277 0.104277
0 0.944940 0.896259 0.052757 0.052757
0 0.982971 0.566743 0.104277 0.104277
0 0.489136 0.849356 0.052757 0.052757
0 0.438785 0.342677 0.062220 0.062220
0 0.853034 0.739199 0.062220 0.062220
0 0.763869 0.924358 0.104277 0.104277
0 0.363342 0.569893 0.052757 0.052757
0 0.385670 0.217062 0.057103 0.057103
0 0.554723 0.464353 0.071945 0.071945
0 0.019270 0.190348 0.104277 0.104277
0 0.601971 0.526792 0.061130 0.061130
0 0.157016 0.262707 0.052757 0.052757
0 0.780105 0.650747 0.052757 0.052757
0 0.905093 0.266631 0.061131 0.061131
0 0.533490 0.739832 0.057104 0.057104
0 0.847305 0.586656 0.052757 0.052757
0 0.620421 0.736089 0.057104 0.057104
0 0.843273 0.862608 0.071945 0.071945
0 0.840219 0.187938 0.062220 0.062220
0 0.952368 0.668939 0.071945 0.071945
0 0.317790 0.039200 0.104277 0.104277
0 0.301832 0.481387 0.071945 0.071945
0 0.231587 0.474302 0.057104 0.057104
0 0.499640 0.640294 0.057104 0.057104
0 0.528240 0.122383 0.057104 0.057104
0 0.914492 0.829057 0.057104 0.057104
0 0.046264 0.981508 0.071945 0.071945
0 0.057696 0.030611 0.062220 0.062220
0 0.039330 0.911052 0.071945 0.071945
0 0.646829 0.404485 0.061130 0.061130
0 0.448263 0.164818 0.052757 0.052757
0 0.235119 0.808062 0.071945 0.071945
0 0.201438 0.188160 0.062220 0.062220
0 0.937598 0.017356 0.071945 0.071945
0 0.918966 0.468775 0.104277 0.104277
0 0.680571 0.949708 0.061130 0.061130
0 0.651645 0.877973 0.061130 0.061130
0 0.530658 0.216883 0.057104 0.057104
0 0.432763 0.604246 0.104277 0.104277
0 0.296803 0.382424 0.057104 0.057104
0 0.538519 0.384171 0.057104 0.057104
0 0.204158 0.559553 0.057104 0.057104
0 0.579048 0.046212 0.052757 0.052757
0 0.650239 0.115293 0.104277 0.104277
0 0.407085 0.498508 0.104277 0.104277
0 0.691128 0.615911 0.052757 0.052757
0 0.422178 0.690808 0.104277 0.104277
0 0.246288 0.889760 0.071945 0.071945
0 0.211642 0.391807 0.052757 0.052757
0 0.951406 0.151770 0.061131 0.061131
0 0.406343 0.403777 0.052757 0.052757
0 0.223254 0.323098 0.061130 0.061130
0 0.365575 0.840891 0.052757 0.052757
0 0.591707 0.317270 0.104277 0.104277
0 0.859791 0.940090 0.052757 0.052757
0 0.197539 0.971985 0.052757 0.052757
0 0.727016 0.200467 0.061130 0.061130
0 0.462929 0.054898 0.057104 0.057104
0 0.292208 0.237916 0.071945 0.071945
0 0.809502 0.098255 0.104277 0.104277
0 0.130222 0.650539 0.061130 0.061130
0 0.572150 0.813577 0.071945 0.071945
0 0.497095 0.566547 0.062220 0.062220
0 0.121316 0.844418 0.061130 0.061130
0 0.811427 0.506244 0.052757 0.052757
0 0.804194 0.276581 0.062220 0.062220
0 0.458027 0.772244 0.104277 0.104277
0 0.007848 0.714690 0.061130 0.061130
0 0.071369 0.100267 0.057104 0.057104
0 0.607371 0.190991 0.061130 0.061130
0 0.768959 0.340199 0.104278 0.104278
0 0.370935 0.990616 0.071945 0.071945
0 0.851876 0.007219 0.061131 0.061131
0 0.581695 0.950785 0.061130 0.061130
0 0.157297 0.915244 0.062220 0.062220
0 0.149405 0.351243 0.061130 0.061130
0 0.116017 0.188429 0.062220 0.062220
0 0.293835 0.587039 0.057104 0.057104
0 0.604343 0.595946 0.057104 0.057104
0 0.023326 0.634102 0.057104 0.057104
0 0.096031 0.529213 0.104277 0.104277
0 0.825977 0.406110 0.062220 0.062220
0 0.704534 0.520686 0.057104 0.057104
0 0.440964 0.953910 0.071945 0.071945
0 0.293599 0.665148 0.061130 0.061130
0 0.223436 0.652427 0.062220 0.062220
0 0.568451 0.670411 0.048997 0.048997
0 0.857897 0.338481 0.071945 0.071945
0 0.139422 0.110494 0.057104 0.057104
0 0.771477 0.575042 0.062220 0.062220
0 0.505120 0.301593 0.057104 0.057104
0 0.703536 0.298279 0.104277 0.104277
0 0.379878 0.291942 0.104277 0.104277
0 0.767459 0.816403 0.062220 0.062220
0 0.898098 0.395407 0.052757 0.052757
0 0.709569 0.066160 0.061130 0.061130
0 0.000943 0.791924 0.057104 0.057104
0 0.771036 0.726592 0.061131 0.061131
0 0.886550 0.108181 0.071945 0.071945
0 0.191997 0.736967 0.071945 0.071945
0 0.404005 0.097019 0.062220 0.062220
0 0.755015 0.004970 0.071945 0.071945
0 0.033337 0.265815 0.071945 0.071945
0 0.345810 0.764788 0.104277 0.104277
0 0.111936 0.729891 0.071945 0.071945
0 0.102187 0.452750 0.061130 0.061130
0 0.185275 0.020175 0.104277 0.104277
0 0.303816 0.155874 0.052757 0.052757
0 0.486252 0.488655 0.057104 0.057104
0 0.251067 0.081331 0.062220 0.062220
0 0.698544 0.823397 0.071945 0.071945
0 0.070209 0.388940 0.062220 0.062220
0 0.986907 0.281790 0.061131 0.061131