0 0.378342 0.474477 0.104277 0.104277
0 0.334794 0.262486 0.061130 0.061130
0 0.050802 0.682005 0.104278 0.104278
0 0.737739 0.224195 0.052757 0.052757
0 0.267887 0.122815 0.104277 0.104277
0 0.329713 0.031767 0.071945 0.071945
0 0.528632 0.472153 0.062220 0.062220
0 0.481526 0.017377 0.071945 0.071945
0 0.560279 0.224235 0.104277 0.104277
0 0.235565 0.224384 0.052757 0.052757
0 0.860344 0.982082 0.071945 0.071945
0 0.168946 0.843353 0.052757 0.052757
0 0.638143 0.270760 0.071945 0.071945
0 0.891890 0.462628 0.047276 0.047276
0 0.782244 0.769229 0.062220 0.062220
0 0.068240 0.792810 0.052757 0.052757
0 0.522187 0.991975 0.071945 0.071945
0 0.089311 0.964037 0.052757 0.052757
0 0.372466 0.389292 0.057104 0.057104
0 0.143659 0.067324 0.062220 0.062220
0 0.408328 0.575928 0.051819 0.051819
0 0.054494 0.252483 0.104277 0.104277
0 0.883129 0.204261 0.071945 0.071945
0 0.312472 0.189023 0.061131 0.061131
0 0.588476 0.519641 0.052757 0.052757
0 0.301034 0.864729 0.104277 0.104277
0 0.718674 0.922026 0.071945 0.071945
0 0.649752 0.468156 0.057103 0.057103
0 0.396688 0.149518 0.052757 0.052757
0 0.723421 0.853580 0.062220 0.062220
0 0.452895 0.085478 0.057104 0.057104
0 0.604094 0.981115 0.062220 0.062220
0 0.843444 0.038235 0.052757 0.052757
0 0.565368 0.307489 0.036679 0.036679
0 0.000648 0.593443 0.052757 0.052757
0 0.684406 0.585496 0.104277 0.104277
0 0.399130 0.238100 0.057104 0.057104
0 0.484169 0.646272 0.104277 0.104277
0 0.789743 0.953808 0.061130 0.061130
0 0.479306 0.572979 0.071945 0.071945
0 0.721902 0.034675 0.052757 0.052757
0 0.709008 0.102537 0.104277 0.104277
0 0.875898 0.568553 0.071945 0.071945
0 0.133898 0.190733 0.071945 0.071945
0 0.185777 0.585688 0.052757 0.052757
0 0.614646 0.126169 0.104277 0.104277
0 0.781737 0.600364 0.061131 0.061131
0 0.000812 0.899862 0.057104 0.057104
0 0.206149 0.981466 0.052757 0.052757
0 0.897776 0.351626 0.057104 0.057104
0 0.400624 0.732901 0.054783 0.054783
0 0.705551 0.293644 0.062220 0.062220
0 0.568176 0.666813 0.057103 0.057103
0 0.368726 0.845067 0.071945 0.071945
0 0.368986 0.915891 0.061130 0.061130
0 0.151850 0.506319 0.071945 0.071945
0 0.662482 0.733634 0.061131 0.061131
0 0.249006 0.741569 0.057104 0.057104
0 0.613660 0.601515 0.061131 0.061131
0 0.205117 0.157182 0.057104 0.057104
0 0.561573 0.067877 0.061130 0.061130
0 0.035884 0.375572 0.061130 0.061130
0 0.879231 0.694057 0.071945 0.071945
0 0.884613 0.832582 0.104278 0.104278
0 0.814214 0.454495 0.062220 0.062220
0 0.640333 0.198492 0.061130 0.061130
0 0.263201 0.619695 0.052757 0.052757
0 0.511669 0.162360 0.062220 0.062220
0 0.120950 0.332368 0.104277 0.104277
0 0.284355 0.430241 0.071945 0.071945
0 0.815818 0.667160 0.104278 0.104278
0 0.493139 0.833559 0.052757 0.052757
0 0.788798 0.309568 0.104277 0.104277
0 0.074743 0.576495 0.057104 0.057104
0 0.174344 0.654111 0.062220 0.062220
0 0.739171 0.706739 0.062220 0.062220
0 0.171511 0.380905 0.104277 0.104277
0 0.150416 0.268215 0.052757 0.052757
0 0.180816 0.912776 0.104277 0.104277
0 0.457332 0.307903 0.062220 0.062220
0 0.120647 0.710200 0.104277 0.104277
0 0.599543 0.390599 0.104277 0.104277
0 0.275480 0.514157 0.057104 0.057104
0 0.643697 0.922737 0.057104 0.057104
0 0.662732 0.657238 0.071945 0.071945
0 0.512995 0.355821 0.071945 0.071945
0 0.231349 0.336965 0.052757 0.052757
0 0.085655 0.488412 0.057104 0.057104
0 0.476984 0.719650 0.104277 0.104277
0 0.902999 0.083476 0.071945 0.071945
0 0.653890 0.345968 0.061131 0.061131
0 0.786165 0.133698 0.071945 0.071945
0 0.439540 0.909462 0.071945 0.071945
0 0.541527 0.763848 0.057104 0.057104
0 0.581573 0.820986 0.104277 0.104277
0 0.082772 0.881867 0.061131 0.061131
0 0.058084 0.144528 0.062220 0.062220
0 0.387065 0.664947 0.052757 0.052757
0 0.314502 0.699174 0.104277 0.104277
0 0.061661 0.054717 0.061131 0.061131
0 0.004784 0.751919 0.071945 0.071945
0 0.746558 0.382965 0.071945 0.071945
0 0.244985 0.818139 0.071945 0.071945
0 0.551249 0.912590 0.104277 0.104277
0 0.275692 0.956079 0.104277 0.104277
0 0.827458 0.878135 0.061131 0.061131
0 0.449951 0.435720 0.057104 0.057104
0 0.719702 0.518451 0.061131 0.061131