0 0.674755 0.278617 0.071945 0.071945
0 0.469932 0.782036 0.104277 0.104277
0 0.660034 0.746564 0.104277 0.104277
0 0.704223 0.942812 0.057104 0.057104
0 0.573489 0.392894 0.062220 0.062220
0 0.706467 0.390841 0.057104 0.057104
0 0.796608 0.904691 0.104277 0.104277
0 0.739278 0.316149 0.052757 0.052757
0 0.623064 0.656321 0.057104 0.057104
0 0.551224 0.507804 0.104277 0.104277
0 0.533527 0.859700 0.104277 0.104277
0 0.536418 0.698280 0.061131 0.061131
0 0.546226 0.322187 0.052757 0.052757
0 0.419634 0.621813 0.071945 0.071945
0 0.636643 0.522092 0.062220 0.062220
0 0.472522 0.917355 0.062220 0.062220
0 0.310348 0.983903 0.057104 0.057104
0 0.307195 0.823078 0.052757 0.052757
0 0.418349 0.961341 0.061130 0.061130
0 0.694800 0.643343 0.071945 0.071945
0 0.776597 0.413884 0.071945 0.071945
0 0.133218 0.810381 0.061131 0.061131
0 0.638385 0.342497 0.071945 0.071945
0 0.628212 0.834150 0.061130 0.061130
0 0.068344 0.731688 0.062220 0.062220
0 0.806898 0.177233 0.061131 0.061131
0 0.361278 0.918364 0.061131 0.061131
0 0.410505 0.851817 0.057104 0.057104
0 0.825532 0.352097 0.071945 0.071945
0 0.207307 0.174874 0.071945 0.071945
0 0.488706 0.082250 0.061130 0.061130
0 0.023100 0.113430 0.062220 0.062220
0 0.477419 0.445622 0.071945 0.071945
0 0.040228 0.415722 0.061131 0.061131
0 0.327868 0.326773 0.061130 0.061130
0 0.838098 0.275460 0.071945 0.071945
0 0.352881 0.445648 0.104277 0.104277
0 0.059671 0.177266 0.104277 0.104277
0 0.820910 0.773727 0.057104 0.057104
0 0.103640 0.312192 0.071945 0.071945
0 0.476797 0.577325 0.104277 0.104277
0 0.768885 0.521025 0.104278 0.104278
0 0.633999 0.909025 0.061130 0.061130
0 0.718236 0.090529 0.057104 0.057104
0 0.165723 0.561106 0.071945 0.071945
0 0.179531 0.695520 0.061131 0.061131
0 0.037627 0.642005 0.104277 0.104277
0 0.573390 0.183467 0.062220 0.062220
0 0.536965 0.245034 0.062220 0.062220
0 0.088975 0.056729 0.062220 0.062220
0 0.250508 0.526465 0.062220 0.062220
0 0.773242 0.827729 0.052757 0.052757
0 0.269070 0.765899 0.057104 0.057104
0 0.133539 0.240667 0.061131 0.061131
0 0.032319 0.820331 0.062220 0.062220
0 0.037383 0.277985 0.061131 0.061131
0 0.305924 0.052189 0.071945 0.071945
0 0.392556 0.724523 0.071945 0.071945
0 0.820604 0.052527 0.061131 0.061131
0 0.000367 0.356148 0.052757 0.052757
0 0.080001 0.550969 0.061131 0.061131
0 0.499117 0.172181 0.052757 0.052757
0 0.297555 0.248511 0.057104 0.057104
0 0.247227 0.948120 0.062220 0.062220
0 0.152480 0.089844 0.071945 0.071945
0 0.810328 0.603067 0.057104 0.057104
0 0.691268 0.573187 0.057104 0.057104
0 0.415466 0.065719 0.052757 0.052757
0 0.548638 0.597073 0.052757 0.052757
0 0.054102 0.949860 0.062220 0.062220
0 0.298688 0.698947 0.052757 0.052757
0 0.086022 0.882231 0.071945 0.071945
0 0.818046 0.998298 0.104277 0.104277
0 0.435399 0.263087 0.071945 0.071945
0 0.337361 0.177658 0.062220 0.062220
0 0.329653 0.542104 0.057104 0.057104
0 0.164060 0.012894 0.071945 0.071945
0 0.711490 0.209446 0.062220 0.062220
0 0.263456 0.615790 0.057104 0.057104
0 0.169305 0.363811 0.104277 0.104277
0 0.126223 0.939157 0.052757 0.052757
0 0.235647 0.433248 0.052757 0.052757
0 0.114675 0.651931 0.071945 0.071945
0 0.404317 0.201250 0.104277 0.104277
0 0.242802 0.298792 0.071945 0.071945
0 0.564038 0.956828 0.104277 0.104277
0 0.256775 0.108806 0.104277 0.104277
0 0.791030 0.706532 0.061130 0.061130
0 0.615742 0.052895 0.071945 0.071945
0 0.771619 0.243674 0.104278 0.104278
0 0.459558 0.361992 0.104277 0.104277
0 0.633371 0.984423 0.104277 0.104277
0 0.516335 0.016685 0.052757 0.052757
0 0.123204 0.422948 0.052757 0.052757
0 0.417639 0.540102 0.062220 0.062220
0 0.215032 0.825540 0.061131 0.061131