0 0.788302 0.441380 0.104278 0.104278
0 0.843958 0.878502 0.104277 0.104277
0 0.906446 0.602728 0.052757 0.052757
0 0.578937 0.959696 0.052757 0.052757
0 0.430979 0.593703 0.061130 0.061130
0 0.805740 0.552185 0.052757 0.052757
0 0.826811 0.723412 0.052757 0.052757
0 0.570362 0.872275 0.104277 0.104277
0 0.903118 0.798547 0.071945 0.071945
0 0.652719 0.804073 0.104277 0.104277
0 0.576886 0.773133 0.061130 0.061130
0 0.440947 0.358037 0.057104 0.057104
0 0.791994 0.011858 0.104277 0.104277
0 0.483957 0.671090 0.104277 0.104277
0 0.516806 0.144686 0.057104 0.057104
0 0.703827 0.950128 0.104277 0.104277
0 0.156414 0.800424 0.061130 0.061130
0 0.738148 0.352818 0.052757 0.052757
0 0.143838 0.338890 0.071945 0.071945
0 0.282443 0.443412 0.104277 0.104277
0 0.202874 0.512336 0.052757 0.052757
0 0.425829 0.512573 0.104277 0.104277
0 0.499309 0.911055 0.052757 0.052757
0 0.980991 0.874836 0.052757 0.052757
0 0.923277 0.345063 0.052757 0.052757
0 0.115442 0.506534 0.052757 0.052757
0 0.361784 0.594630 0.052757 0.052757
0 0.791015 0.797591 0.104277 0.104277
0 0.738312 0.659237 0.057104 0.057104
0 0.943649 0.740841 0.052757 0.052757
0 0.641480 0.883223 0.061130 0.061130
0 0.316311 0.813774 0.104278 0.104278
0 0.889350 0.265694 0.071945 0.071945
0 0.383160 0.792165 0.052757 0.052757
0 0.663027 0.471291 0.061130 0.061130
0 0.554380 0.370133 0.071945 0.071945
0 0.721029 0.585829 0.052757 0.052757
0 0.986506 0.500944 0.057104 0.057104
0 0.024269 0.971242 0.062220 0.062220
0 0.074389 0.069008 0.071945 0.071945
0 0.264213 0.251637 0.061130 0.061130
0 0.761576 0.911583 0.071945 0.071945
0 0.563128 0.093319 0.071945 0.071945
0 0.543284 0.538426 0.061130 0.061130
0 0.513953 0.454761 0.062220 0.062220
0 0.657723 0.305947 0.062220 0.062220
0 0.773384 0.134947 0.061130 0.061130
0 0.905423 0.978222 0.061130 0.061130
0 0.563322 0.700727 0.052757 0.052757
0 0.713496 0.737012 0.057104 0.057104
0 0.349039 0.914658 0.057104 0.057104
0 0.217081 0.401415 0.104277 0.104277
0 0.708696 0.037208 0.061130 0.061130
0 0.276314 0.881038 0.071945 0.071945
0 0.858450 0.091743 0.104277 0.104277
0 0.214899 0.960604 0.052757 0.052757
0 0.407195 0.956496 0.071945 0.071945
0 0.712150 0.243334 0.061130 0.061130
0 0.812243 0.335870 0.057104 0.057104
0 0.704392 0.159652 0.104277 0.104277
0 0.911844 0.413486 0.062220 0.062220
0 0.143156 0.869008 0.057104 0.057104
0 0.909011 0.140280 0.104277 0.104277
0 0.113653 0.946830 0.104277 0.104277
0 0.887916 0.027590 0.052757 0.052757
0 0.225664 0.059485 0.052757 0.052757
0 0.918316 0.672151 0.104277 0.104277
0 0.069300 0.399116 0.052757 0.052757
0 0.654603 0.547926 0.104277 0.104277
0 0.615249 0.401947 0.071945 0.071945
0 0.157391 0.253073 0.104277 0.104277
0 0.858147 0.469575 0.104277 0.104277
0 0.065234 0.847390 0.071945 0.071945
0 0.356315 0.466014 0.071945 0.071945
0 0.496187 0.310111 0.050932 0.050932
0 0.632923 0.131225 0.052757 0.052757
0 0.108298 0.163943 0.057104 0.057104
0 0.399060 0.078116 0.071945 0.071945
0 0.609820 0.038285 0.061130 0.061130
0 0.185422 0.002744 0.062220 0.062220
0 0.286724 0.991389 0.052757 0.052757
0 0.968849 0.096340 0.052757 0.052757
0 0.823155 0.247787 0.057104 0.057104
0 0.356644 0.364747 0.071945 0.071945
0 0.264281 0.127918 0.104277 0.104277
0 0.035504 0.486326 0.104277 0.104277
0 0.046610 0.740393 0.057104 0.057104
0 0.606724 0.198251 0.061130 0.061130
0 0.469089 0.041410 0.071945 0.071945
0 0.918630 0.905686 0.050559 0.050559
0 0.229612 0.729029 0.104277 0.104277
0 0.279755 0.573264 0.104277 0.104277
0 0.820272 0.641242 0.061131 0.061131
0 0.063378 0.228660 0.062220 0.062220
0 0.667379 0.682567 0.104277 0.104277
0 0.270261 0.349566 0.052757 0.052757
0 0.567516 0.294936 0.062220 0.062220
0 0.363271 0.272840 0.062220 0.062220
0 0.185428 0.648041 0.052757 0.052757
0 0.064657 0.562830 0.104277 0.104277
0 0.154317 0.720677 0.061130 0.061130
0 0.003162 0.324729 0.057104 0.057104
0 0.277660 0.663627 0.062220 0.062220
0 0.344170 0.698669 0.071945 0.071945
0 0.742284 0.511294 0.071945 0.071945
0 0.573277 0.622323 0.061130 0.061130
0 0.213039 0.182845 0.071945 0.071945
0 0.982485 0.577514 0.071945 0.071945
0 0.308124 0.187814 0.047555 0.047555
0 0.442224 0.212610 0.052757 0.052757
0 0.473792 0.809773 0.104277 0.104277
0 0.247343 0.805045 0.052757 0.052757
0 0.072641 0.311615 0.057103 0.057103
0 0.437944 0.430715 0.071945 0.071945
0 0.056352 0.634172 0.104277 0.104277
0 0.522174 0.220491 0.071945 0.071945
0 0.513076 0.980033 0.104277 0.104277