0 0.367995 0.569698 0.062220 0.062220
0 0.116987 0.872731 0.104277 0.104277
0 0.916993 0.347837 0.052757 0.052757
0 0.322069 0.628540 0.062220 0.062220
0 0.468643 0.605552 0.070161 0.070161
0 0.099363 0.597164 0.104278 0.104278
0 0.822017 0.264145 0.062220 0.062220
0 0.218756 0.268571 0.057104 0.057104
0 0.738557 0.696749 0.071945 0.071945
0 0.836216 0.384127 0.062220 0.062220
0 0.258044 0.576676 0.071945 0.071945
0 0.554350 0.635305 0.062220 0.062220
0 0.571478 0.937597 0.061131 0.061131
0 0.859118 0.848648 0.061130 0.061130
0 0.232464 0.345256 0.062220 0.062220
0 0.884131 0.967523 0.104277 0.104277
0 0.590921 0.699141 0.104277 0.104277
0 0.766116 0.351532 0.052757 0.052757
0 0.505380 0.544776 0.061130 0.061130
0 0.096562 0.968974 0.057104 0.057104
0 0.218265 0.428017 0.071945 0.071945
0 0.045132 0.917843 0.104277 0.104277
0 0.634890 0.834067 0.071945 0.071945
0 0.152569 0.367018 0.104277 0.104277
0 0.096031 0.479455 0.057104 0.057104
0 0.088114 0.342754 0.071945 0.071945
0 0.892501 0.520969 0.061130 0.061130
0 0.320779 0.949304 0.104277 0.104277
0 0.989055 0.500070 0.057104 0.057104
0 0.699106 0.430581 0.071945 0.071945
0 0.304977 0.299010 0.071945 0.071945
0 0.011493 0.786791 0.052757 0.052757
0 0.485941 0.768368 0.104277 0.104277
0 0.586805 0.512965 0.057104 0.057104
0 0.278554 0.770152 0.062220 0.062220
0 0.587561 0.315821 0.061131 0.061131
0 0.897000 0.271449 0.057104 0.057104
0 0.557277 0.415096 0.071945 0.071945
0 0.446732 0.475278 0.071945 0.071945
0 0.378171 0.750029 0.062220 0.062220
0 0.308374 0.410332 0.052757 0.052757
0 0.185696 0.673156 0.071945 0.071945
0 0.176362 0.908940 0.052757 0.052757
0 0.684396 0.333110 0.052757 0.052757
0 0.620225 0.578604 0.062220 0.062220
0 0.889910 0.438257 0.061131 0.061131
0 0.363971 0.465443 0.052757 0.052757
0 0.664789 0.762542 0.061131 0.061131
0 0.417654 0.294407 0.071945 0.071945
0 0.568633 0.799860 0.061131 0.061131
0 0.837174 0.574064 0.071945 0.071945
0 0.748639 0.271325 0.062220 0.062220
0 0.441588 0.375660 0.057104 0.057104
0 0.058098 0.418354 0.062220 0.062220
0 0.128126 0.248934 0.104277 0.104277
0 0.531617 0.878023 0.052757 0.052757
0 0.828805 0.770386 0.057104 0.057104
0 0.436584 0.678056 0.052757 0.052757
0 0.683730 0.611719 0.071945 0.071945
0 0.946716 0.587594 0.052757 0.052757
0 0.764904 0.473722 0.071945 0.071945
0 0.500358 0.262252 0.104277 0.104277
0 0.409668 0.903438 0.104277 0.104277
0 0.188186 0.983425 0.061130 0.061130
0 0.132037 0.803341 0.104277 0.104277
0 0.094738 0.674241 0.052757 0.052757
0 0.966649 0.784962 0.071945 0.071945
0 0.315237 0.708004 0.057104 0.057104
0 0.868611 0.699533 0.062220 0.062220
0 0.197622 0.832430 0.071945 0.071945
0 0.273766 0.472867 0.104277 0.104277
0 0.695310 0.534769 0.071945 0.071945
0 0.191759 0.594934 0.056505 0.056505
0 0.700555 0.885686 0.104277 0.104277
0 0.766897 0.955123 0.052757 0.052757
0 0.935567 0.723125 0.104277 0.104277
0 0.774052 0.820667 0.071945 0.071945
0 0.788025 0.630681 0.104277 0.104277
0 0.411851 0.816287 0.057104 0.057104
0 0.186056 0.526245 0.061130 0.061130
0 0.518957 0.476330 0.057103 0.057103
0 0.262573 0.857586 0.057104 0.057104
0 0.002886 0.337297 0.061130 0.061130
0 0.990808 0.883867 0.104277 0.104277
0 0.671674 0.262674 0.057104 0.057104
0 0.654454 0.944823 0.052757 0.052757