0 0.698160 0.639552 0.062220 0.062220
0 0.622717 0.866768 0.052757 0.052757
0 0.616987 0.103981 0.104277 0.104277
0 0.645045 0.513937 0.057103 0.057103
0 0.814098 0.761228 0.071945 0.071945
0 0.278645 0.487223 0.104277 0.104277
0 0.861346 0.823667 0.061130 0.061130
0 0.416391 0.559582 0.052757 0.052757
0 0.190115 0.841647 0.104278 0.104278
0 0.849850 0.264127 0.057104 0.057104
0 0.577165 0.336075 0.104277 0.104277
0 0.561207 0.778262 0.071945 0.071945
0 0.490962 0.771177 0.057104 0.057104
0 0.385926 0.269134 0.104277 0.104277
0 0.759015 0.937169 0.057104 0.057104
0 0.596562 0.200224 0.057104 0.057104
0 0.243761 0.290965 0.062220 0.062220
0 0.255426 0.181187 0.062220 0.062220
0 0.787615 0.419258 0.057104 0.057104
0 0.545132 0.149093 0.104277 0.104277
0 0.317071 0.327486 0.062220 0.062220
0 0.906204 0.701360 0.061130 0.061130
0 0.159972 0.322240 0.104278 0.104278
0 0.820779 0.180554 0.104277 0.104277
0 0.707638 0.461693 0.052757 0.052757
0 0.511493 0.018041 0.052757 0.052757
0 0.778554 0.001402 0.062220 0.062220
0 0.460813 0.485035 0.062220 0.062220
0 0.160160 0.432995 0.071945 0.071945
0 0.632879 0.264723 0.057104 0.057104
0 0.790033 0.513758 0.057104 0.057104
0 0.692138 0.901121 0.104277 0.104277
0 0.556178 0.679299 0.057104 0.057104
0 0.797894 0.681046 0.057104 0.057104
0 0.463533 0.856428 0.057104 0.057104
0 0.160224 0.084130 0.052757 0.052757
0 0.838423 0.343087 0.052757 0.052757
0 0.909614 0.412168 0.104277 0.104277
0 0.666460 0.795383 0.104277 0.104277
0 0.950503 0.912786 0.052757 0.052757
0 0.309762 0.059510 0.061130 0.061130
0 0.249078 0.625486 0.062220 0.062220
0 0.681553 0.987683 0.104277 0.104277
0 0.471017 0.688682 0.052757 0.052757
0 0.665718 0.700652 0.052757 0.052757
0 0.482629 0.619973 0.061130 0.061130
0 0.851082 0.614145 0.104277 0.104277
0 0.986391 0.497342 0.061130 0.061130
0 0.676362 0.140190 0.052757 0.052757
0 0.722304 0.351773 0.057104 0.057104
0 0.551583 0.534791 0.071945 0.071945
0 0.389597 0.947414 0.061130 0.061130
0 0.973802 0.232493 0.062220 0.062220
0 0.377173 0.028101 0.061130 0.061130
0 0.246347 0.007359 0.061130 0.061130
0 0.756470 0.863422 0.062220 0.062220
0 0.534382 0.275941 0.052757 0.052757
0 0.330744 0.397142 0.057104 0.057104
0 0.866746 0.487866 0.061130 0.061130
0 0.394274 0.140152 0.057104 0.057104
0 0.408780 0.648118 0.061130 0.061130
0 0.192729 0.151294 0.061130 0.061130
0 0.375392 0.485304 0.062220 0.062220
0 0.553210 0.883914 0.057104 0.057104
0 0.863718 0.892821 0.057104 0.057104
0 0.282701 0.930977 0.057104 0.057104
0 0.355406 0.826088 0.104277 0.104277
0 0.165882 0.629000 0.061130 0.061130
0 0.963909 0.817561 0.057104 0.057104
0 0.909668 0.134688 0.104277 0.104277
0 0.688186 0.214675 0.061130 0.061130
0 0.632037 0.034591 0.104277 0.104277
0 0.552974 0.962023 0.061130 0.061130
0 0.482811 0.949302 0.062220 0.062220
0 0.827826 0.967286 0.048997 0.048997
0 0.207098 0.557008 0.061130 0.061130
0 0.398797 0.407369 0.057104 0.057104
0 0.254330 0.772680 0.104277 0.104277
0 0.697622 0.063680 0.071945 0.071945
0 0.257165 0.414718 0.052757 0.052757
0 0.928185 0.290122 0.061130 0.061130
0 0.764495 0.598468 0.057104 0.057104
0 0.962911 0.595154 0.104277 0.104277
0 0.639253 0.588817 0.104277 0.104277
0 0.212872 0.930025 0.057104 0.057104
0 0.968944 0.363035 0.061130 0.061130
0 0.330778 0.187830 0.062220 0.062220
0 0.911851 0.047537 0.057104 0.057104
0 0.663380 0.393894 0.062220 0.062220
0 0.292712 0.562690 0.071945 0.071945
0 0.762573 0.088836 0.057104 0.057104
0 0.361562 0.749625 0.061130 0.061130
0 0.444650 0.317050 0.104277 0.104277
0 0.563191 0.452749 0.052757 0.052757
0 0.450052 0.197345 0.057104 0.057104
0 0.745627 0.785530 0.057104 0.057104
0 0.510442 0.378206 0.062220 0.062220
0 0.164632 0.718432 0.071945 0.071945
0 0.197183 0.236093 0.061130 0.061130
0 0.329584 0.685815 0.062220 0.062220