0 0.982440 0.727509 0.052757 0.052757
0 0.526636 0.680606 0.052757 0.052757
0 0.476285 0.173927 0.062220 0.062220
0 0.890534 0.570449 0.062220 0.062220
0 0.801369 0.755608 0.104277 0.104277
0 0.400842 0.401143 0.052757 0.052757
0 0.423170 0.048312 0.057103 0.057103
0 0.526181 0.888436 0.057104 0.057104
0 0.592223 0.295603 0.071945 0.071945
0 0.056770 0.021598 0.104277 0.104277
0 0.639471 0.358042 0.061130 0.061130
0 0.194516 0.093957 0.052757 0.052757
0 0.817605 0.481997 0.052757 0.052757
0 0.942593 0.097881 0.061131 0.061131
0 0.570990 0.571082 0.057104 0.057104
0 0.884805 0.417906 0.052757 0.052757
0 0.657921 0.567339 0.057104 0.057104
0 0.880773 0.693858 0.071945 0.071945
0 0.877719 0.019188 0.062220 0.062220
0 0.989868 0.500189 0.071945 0.071945
0 0.339332 0.312637 0.071945 0.071945
0 0.269087 0.305552 0.057104 0.057104
0 0.537140 0.471544 0.057104 0.057104
0 0.951992 0.660307 0.057104 0.057104
0 0.083764 0.812758 0.071945 0.071945
0 0.273588 0.995387 0.061130 0.061130
0 0.076830 0.742302 0.071945 0.071945
0 0.684329 0.235735 0.061130 0.061130
0 0.572503 0.837069 0.071945 0.071945
0 0.782759 0.878697 0.061130 0.061130
0 0.272619 0.639312 0.071945 0.071945
0 0.238938 0.019410 0.062220 0.062220
0 0.956466 0.300025 0.104277 0.104277
0 0.718071 0.780958 0.061130 0.061130
0 0.689145 0.709223 0.061130 0.061130
0 0.568158 0.048133 0.057104 0.057104
0 0.470263 0.435496 0.104277 0.104277
0 0.334303 0.213674 0.057104 0.057104
0 0.576019 0.215421 0.057104 0.057104
0 0.241658 0.390803 0.057104 0.057104
0 0.867825 0.835493 0.104277 0.104277
0 0.444585 0.329758 0.104277 0.104277
0 0.728628 0.447161 0.052757 0.052757
0 0.027203 0.159861 0.062220 0.062220
0 0.721525 0.987084 0.061130 0.061130
0 0.459678 0.522058 0.104277 0.104277
0 0.283788 0.721010 0.071945 0.071945
0 0.713767 0.903402 0.104277 0.104277
0 0.249142 0.223057 0.052757 0.052757
0 0.443843 0.235027 0.052757 0.052757
0 0.918386 0.884030 0.104277 0.104277
0 0.260754 0.154348 0.061130 0.061130
0 0.403075 0.672141 0.052757 0.052757
0 0.629207 0.148520 0.104277 0.104277
0 0.897291 0.771340 0.052757 0.052757
0 0.235039 0.803235 0.052757 0.052757
0 0.764516 0.031717 0.061130 0.061130
0 0.329708 0.069166 0.071945 0.071945
0 0.167722 0.481789 0.061130 0.061130
0 0.609650 0.644827 0.071945 0.071945
0 0.534595 0.397797 0.062220 0.062220
0 0.158816 0.675668 0.061130 0.061130
0 0.166766 0.996823 0.104277 0.104277
0 0.848927 0.337494 0.052757 0.052757
0 0.841694 0.107831 0.062220 0.062220
0 0.495527 0.603494 0.104277 0.104277
0 0.045348 0.545940 0.061130 0.061130
0 0.642298 0.874975 0.052757 0.052757
0 0.117673 0.907693 0.057104 0.057104
0 0.644871 0.022241 0.061130 0.061130
0 0.806459 0.171449 0.104278 0.104278
0 0.408435 0.821866 0.071945 0.071945
0 0.619195 0.782035 0.061130 0.061130
0 0.194797 0.746494 0.062220 0.062220
0 0.978224 0.840090 0.052757 0.052757
0 0.186905 0.182493 0.061130 0.061130
0 0.832530 0.991537 0.057104 0.057104
0 0.153517 0.019679 0.062220 0.062220
0 0.331335 0.418289 0.057104 0.057104
0 0.641843 0.427196 0.057104 0.057104
0 0.060826 0.465352 0.057104 0.057104
0 0.133531 0.360463 0.104277 0.104277
0 0.273656 0.871668 0.104277 0.104277
0 0.863477 0.237360 0.062220 0.062220
0 0.742034 0.351936 0.057104 0.057104
0 0.616099 0.942001 0.061130 0.061130
0 0.478464 0.785160 0.071945 0.071945
0 0.331099 0.496398 0.061130 0.061130
0 0.260936 0.483677 0.062220 0.062220
0 0.605951 0.501661 0.048997 0.048997
0 0.895397 0.169731 0.071945 0.071945
0 0.808977 0.406292 0.062220 0.062220
0 0.072753 0.972410 0.062220 0.062220
0 0.032455 0.307055 0.104277 0.104277
0 0.542620 0.132843 0.057104 0.057104
0 0.741036 0.129529 0.104277 0.104277
0 0.417378 0.123192 0.104277 0.104277
0 0.804959 0.647653 0.062220 0.062220
0 0.935598 0.226657 0.052757 0.052757
0 0.038443 0.623174 0.057104 0.057104
0 0.808536 0.557842 0.061131 0.061131
0 0.229497 0.568217 0.071945 0.071945
0 0.070837 0.097065 0.071945 0.071945
0 0.383310 0.596038 0.104277 0.104277
0 0.149436 0.561141 0.071945 0.071945
0 0.139687 0.284000 0.061130 0.061130
0 0.222414 0.926595 0.071945 0.071945
0 0.317499 0.931564 0.047555 0.047555
0 0.451599 0.956360 0.052757 0.052757
0 0.523752 0.319905 0.057104 0.057104
0 0.736044 0.654647 0.071945 0.071945
0 0.531549 0.964241 0.071945 0.071945
0 0.107709 0.220190 0.062220 0.062220