0 0.732535 0.730177 0.062220 0.062220
0 0.657092 0.957393 0.052757 0.052757
0 0.651362 0.194606 0.104277 0.104277
0 0.679420 0.604562 0.057103 0.057103
0 0.848473 0.851853 0.071945 0.071945
0 0.313020 0.577848 0.104277 0.104277
0 0.895721 0.914292 0.061130 0.061130
0 0.450766 0.650207 0.052757 0.052757
0 0.224490 0.932272 0.104278 0.104278
0 0.884225 0.354752 0.057104 0.057104
0 0.611540 0.426700 0.104277 0.104277
0 0.595582 0.868887 0.071945 0.071945
0 0.525337 0.861802 0.057104 0.057104
0 0.420301 0.359759 0.104277 0.104277
0 0.630937 0.290849 0.057104 0.057104
0 0.278136 0.381590 0.062220 0.062220
0 0.289801 0.271812 0.062220 0.062220
0 0.821990 0.509883 0.057104 0.057104
0 0.579507 0.239718 0.104277 0.104277
0 0.351446 0.418111 0.062220 0.062220
0 0.940579 0.791985 0.061130 0.061130
0 0.194347 0.412865 0.104278 0.104278
0 0.855154 0.271179 0.104277 0.104277
0 0.742013 0.552318 0.052757 0.052757
0 0.545868 0.108666 0.052757 0.052757
0 0.812929 0.092027 0.062220 0.062220
0 0.495188 0.575660 0.062220 0.062220
0 0.194535 0.523620 0.071945 0.071945
0 0.398679 0.034244 0.062220 0.062220
0 0.667254 0.355348 0.057104 0.057104
0 0.824408 0.604383 0.057104 0.057104
0 0.726513 0.991746 0.104277 0.104277
0 0.590553 0.769924 0.057104 0.057104
0 0.832269 0.771671 0.057104 0.057104
0 0.497908 0.947053 0.057104 0.057104
0 0.194599 0.174755 0.052757 0.052757
0 0.872798 0.433712 0.052757 0.052757
0 0.943989 0.502793 0.104277 0.104277
0 0.912546 0.071904 0.062220 0.062220
0 0.700835 0.886008 0.104277 0.104277
0 0.344137 0.150135 0.061130 0.061130
0 0.283453 0.716111 0.062220 0.062220
0 0.505392 0.779307 0.052757 0.052757
0 0.700093 0.791277 0.052757 0.052757
0 0.517004 0.710598 0.061130 0.061130
0 0.885457 0.704770 0.104277 0.104277
0 0.710737 0.230815 0.052757 0.052757
0 0.756679 0.442398 0.057104 0.057104
0 0.195505 0.068543 0.104277 0.104277
0 0.585958 0.625416 0.071945 0.071945
0 0.411548 0.118726 0.061130 0.061130
0 0.280722 0.097984 0.061130 0.061130
0 0.790845 0.954047 0.062220 0.062220
0 0.568757 0.366566 0.052757 0.052757
0 0.489662 0.058125 0.071945 0.071945
0 0.365119 0.487767 0.057104 0.057104
0 0.901121 0.578491 0.061130 0.061130
0 0.428649 0.230777 0.057104 0.057104
0 0.443155 0.738743 0.061130 0.061130
0 0.227104 0.241919 0.061130 0.061130
0 0.409767 0.575929 0.062220 0.062220
0 0.587585 0.974539 0.057104 0.057104
0 0.898093 0.983446 0.057104 0.057104
0 0.389781 0.916713 0.104277 0.104277
0 0.247752 0.008026 0.104278 0.104278
0 0.200257 0.719625 0.061130 0.061130
0 0.998284 0.908186 0.057104 0.057104
0 0.944043 0.225313 0.104277 0.104277
0 0.722561 0.305300 0.061130 0.061130
0 0.666412 0.125216 0.104277 0.104277
0 0.241473 0.647633 0.061130 0.061130
0 0.433172 0.497994 0.057104 0.057104
0 0.849612 0.029879 0.057104 0.057104
0 0.288705 0.863305 0.104277 0.104277
0 0.731997 0.154305 0.071945 0.071945
0 0.291540 0.505343 0.052757 0.052757
0 0.962560 0.380747 0.061130 0.061130
0 0.798870 0.689093 0.057104 0.057104
0 0.997286 0.685779 0.104277 0.104277
0 0.673628 0.679442 0.104277 0.104277
0 0.365153 0.278455 0.062220 0.062220
0 0.946226 0.138162 0.057104 0.057104
0 0.697755 0.484519 0.062220 0.062220
0 0.327087 0.653315 0.071945 0.071945
0 0.796948 0.179461 0.057104 0.057104
0 0.395937 0.840250 0.061130 0.061130
0 0.479025 0.407675 0.104277 0.104277
0 0.597566 0.543374 0.052757 0.052757
0 0.484427 0.287970 0.057104 0.057104
0 0.780002 0.876155 0.057104 0.057104
0 0.544817 0.468831 0.062220 0.062220
0 0.199007 0.809057 0.071945 0.071945
0 0.231558 0.326718 0.061130 0.061130
0 0.363959 0.776440 0.062220 0.062220