0 0.239220 0.589407 0.071945 0.071945
0 0.514341 0.557386 0.071945 0.071945
0 0.794719 0.297707 0.071945 0.071945
0 0.040833 0.434752 0.104277 0.104277
0 0.546469 0.672756 0.052757 0.052757
0 0.103321 0.158978 0.052757 0.052757
0 0.247904 0.959739 0.061130 0.061130
0 0.784752 0.779910 0.061131 0.061131
0 0.690629 0.896244 0.062220 0.062220
0 0.283618 0.345724 0.061130 0.061130
0 0.689896 0.470701 0.104277 0.104277
0 0.133968 0.856120 0.104277 0.104277
0 0.092829 0.977731 0.104277 0.104277
0 0.716619 0.084854 0.062220 0.062220
0 0.002615 0.108435 0.052757 0.052757
0 0.456562 0.307600 0.071945 0.071945
0 0.023686 0.279662 0.052757 0.052757
0 0.137369 0.608862 0.062220 0.062220
0 0.099993 0.354797 0.071945 0.071945
0 0.566784 0.919040 0.104277 0.104277
0 0.162722 0.781120 0.057104 0.057104
0 0.656892 0.633820 0.104277 0.104277
0 0.612031 0.824939 0.071945 0.071945
0 0.822089 0.717563 0.052757 0.052757
0 0.235409 0.180354 0.104277 0.104277
0 0.535270 0.426458 0.104277 0.104277
0 0.653049 0.237651 0.071945 0.071945
0 0.231069 0.763556 0.104277 0.104277
0 0.648283 0.977698 0.052757 0.052757
0 0.657796 0.169205 0.062220 0.062220
0 0.116422 0.704618 0.061130 0.061130
0 0.595752 0.364956 0.057104 0.057104
0 0.638719 0.538631 0.062220 0.062220
0 0.391461 0.665818 0.052757 0.052757
0 0.538469 0.296740 0.062220 0.062220
0 0.049219 0.883341 0.104277 0.104277
0 0.358678 0.852686 0.071945 0.071945
0 0.724118 0.269433 0.061130 0.061130
0 0.568682 0.767695 0.102474 0.102474
0 0.177866 0.431086 0.052757 0.052757
0 0.463018 0.759870 0.104277 0.104277
0 0.140524 0.297091 0.052757 0.052757
0 0.334999 0.048526 0.054783 0.054783
0 0.471842 0.493662 0.062220 0.062220
0 0.315529 0.569212 0.061131 0.061131
0 0.273922 0.497663 0.071945 0.071945
0 0.303101 0.160692 0.071945 0.071945
0 0.062123 0.616212 0.062220 0.062220
0 0.303361 0.231516 0.061130 0.061130
0 0.277068 0.820523 0.057104 0.057104
0 0.014764 0.957062 0.057104 0.057104
0 0.596857 0.049259 0.061131 0.061131
0 0.183381 0.057194 0.057104 0.057104
0 0.089790 0.774050 0.104277 0.104277
0 0.758364 0.526607 0.045227 0.045227
0 0.392752 0.574934 0.052757 0.052757
0 0.813606 0.009682 0.071945 0.071945
0 0.818988 0.148207 0.104278 0.104278
0 0.102298 0.534472 0.061130 0.061130
0 0.814029 0.430402 0.061130 0.061130
0 0.375861 0.782044 0.062220 0.062220
0 0.320284 0.961803 0.104277 0.104277
0 0.427514 0.149184 0.052757 0.052757
0 0.673546 0.022364 0.062220 0.062220
0 0.115191 0.228401 0.104277 0.104277
0 0.148377 0.925456 0.062220 0.062220
0 0.470378 0.388695 0.052757 0.052757
0 0.022590 0.814803 0.071945 0.071945
0 0.382425 0.440559 0.052757 0.052757
0 0.805618 0.997257 0.061131 0.061131
0 0.201962 0.506946 0.057104 0.057104
0 0.055022 0.025825 0.104277 0.104277
0 0.672435 0.374099 0.061131 0.061131
0 0.578072 0.238362 0.057104 0.057104
0 0.299226 0.887525 0.104277 0.104277
0 0.771190 0.873269 0.061131 0.061131
0 0.411359 0.035275 0.104277 0.104277
0 0.469447 0.666995 0.055027 0.055027
0 0.601639 0.467817 0.061131 0.061131
0 0.260138 0.695908 0.062220 0.062220
0 0.679476 0.771173 0.104277 0.104277
0 0.115505 0.461936 0.050559 0.050559
0 0.409727 0.960071 0.052757 0.052757
0 0.244644 0.404715 0.061130 0.061130
0 0.373915 0.225087 0.071945 0.071945
0 0.475902 0.079473 0.057104 0.057104
0 0.515948 0.136611 0.104277 0.104277
0 0.216128 0.852871 0.071945 0.071945
0 0.017147 0.197492 0.061131 0.061131
0 0.372715 0.319640 0.071945 0.071945
0 0.332177 0.708718 0.104277 0.104277
0 0.248877 0.014799 0.104277 0.104277
0 0.496187 0.852975 0.061130 0.061130
0 0.759558 0.387593 0.052757 0.052757
0 0.179360 0.133764 0.071945 0.071945
0 0.485624 0.228215 0.104277 0.104277
0 0.210067 0.271704 0.104277 0.104277
0 0.761833 0.193760 0.061131 0.061131
0 0.734215 0.719847 0.057104 0.057104
0 0.748165 0.643764 0.088662 0.088662