0 0.738302 0.922630 0.104278 0.104278
0 0.955387 0.363440 0.104277 0.104277
0 0.923065 0.465009 0.052757 0.052757
0 0.961096 0.135493 0.104277 0.104277
0 0.467261 0.418106 0.052757 0.052757
0 0.831159 0.307949 0.062220 0.062220
0 0.390947 0.839287 0.057104 0.057104
0 0.741994 0.493108 0.104277 0.104277
0 0.341467 0.138643 0.052757 0.052757
0 0.999972 0.429648 0.061131 0.061131
0 0.466806 0.625936 0.057104 0.057104
0 0.532848 0.033103 0.071945 0.071945
0 0.580096 0.095542 0.061130 0.061130
0 0.758230 0.219497 0.052757 0.052757
0 0.688148 0.834068 0.052757 0.052757
0 0.093838 0.820140 0.071945 0.071945
0 0.232443 0.924662 0.104277 0.104277
0 0.152874 0.993586 0.052757 0.052757
0 0.511615 0.308582 0.057104 0.057104
0 0.825430 0.155406 0.052757 0.052757
0 0.375829 0.993823 0.104277 0.104277
0 0.598546 0.304839 0.057104 0.057104
0 0.821398 0.431358 0.071945 0.071945
0 0.873277 0.826313 0.052757 0.052757
0 0.930493 0.237689 0.071945 0.071945
0 0.065442 0.987784 0.052757 0.052757
0 0.279957 0.050137 0.071945 0.071945
0 0.209712 0.043052 0.057104 0.057104
0 0.477765 0.209044 0.057104 0.057104
0 0.839350 0.746944 0.071945 0.071945
0 0.613027 0.952541 0.061130 0.061130
0 0.504380 0.851383 0.071945 0.071945
0 0.936506 0.982194 0.057104 0.057104
0 0.892617 0.397807 0.057104 0.057104
0 0.024389 0.550258 0.071945 0.071945
0 0.214213 0.732887 0.061130 0.061130
0 0.017455 0.479802 0.071945 0.071945
0 0.513128 0.574569 0.071945 0.071945
0 0.463953 0.936011 0.062220 0.062220
0 0.607723 0.787197 0.062220 0.062220
0 0.723384 0.616197 0.061130 0.061130
0 0.950701 0.860320 0.052757 0.052757
0 0.213244 0.376812 0.071945 0.071945
0 0.167081 0.882665 0.104277 0.104277
0 0.897091 0.037525 0.104277 0.104277
0 0.658696 0.518458 0.061130 0.061130
0 0.629770 0.446723 0.061130 0.061130
0 0.410888 0.172996 0.104277 0.104277
0 0.182283 0.128303 0.057104 0.057104
0 0.808450 0.572993 0.104277 0.104277
0 0.971855 0.670866 0.071945 0.071945
0 0.385210 0.067258 0.104277 0.104277
0 0.669253 0.184661 0.052757 0.052757
0 0.662150 0.724584 0.061130 0.061130
0 0.400303 0.259558 0.104277 0.104277
0 0.224413 0.458510 0.071945 0.071945
0 0.762243 0.817120 0.057104 0.057104
0 0.654392 0.640902 0.104277 0.104277
0 0.861844 0.894736 0.062220 0.062220
0 0.859011 0.621530 0.104277 0.104277
0 0.343700 0.409641 0.052757 0.052757
0 0.837916 0.508840 0.052757 0.052757
0 0.175664 0.540735 0.052757 0.052757
0 0.019300 0.880366 0.052757 0.052757
0 0.108347 0.219289 0.061130 0.061130
0 0.550275 0.382327 0.071945 0.071945
0 0.475220 0.135297 0.062220 0.062220
0 0.099441 0.413168 0.061130 0.061130
0 0.565249 0.883197 0.071945 0.071945
0 0.107391 0.734323 0.104277 0.104277
0 0.808147 0.950825 0.104277 0.104277
0 0.789552 0.074994 0.052757 0.052757
0 0.436152 0.340994 0.104277 0.104277
0 0.962980 0.754782 0.057104 0.057104
0 0.306315 0.947264 0.071945 0.071945
0 0.446187 0.791361 0.050932 0.050932
0 0.582923 0.612475 0.052757 0.052757
0 0.058298 0.645193 0.057104 0.057104
0 0.349060 0.559366 0.071945 0.071945
0 0.559820 0.519535 0.061130 0.061130
0 0.135422 0.483994 0.062220 0.062220
0 0.918849 0.577590 0.052757 0.052757
0 0.773155 0.729037 0.057104 0.057104
0 0.271960 0.155789 0.057104 0.057104
0 0.582468 0.164696 0.057104 0.057104
0 0.001451 0.202852 0.057104 0.057104
0 0.074156 0.097963 0.104277 0.104277
0 0.306644 0.845997 0.071945 0.071945
0 0.214281 0.609168 0.104277 0.104277
0 0.682659 0.089436 0.057104 0.057104
0 0.556724 0.679501 0.061130 0.061130
0 0.419089 0.522660 0.071945 0.071945
0 0.271724 0.233898 0.061130 0.061130
0 0.201561 0.221177 0.062220 0.062220
0 0.546576 0.239161 0.048997 0.048997
0 0.749602 0.143792 0.062220 0.062220
0 0.013378 0.709910 0.062220 0.062220
0 0.220261 0.830816 0.052757 0.052757
0 0.745584 0.385153 0.062220 0.062220
0 0.517516 0.776186 0.062220 0.062220
0 0.313271 0.754090 0.062220 0.062220
0 0.749161 0.295342 0.061131 0.061131
0 0.170122 0.305717 0.071945 0.071945
0 0.323935 0.333538 0.104277 0.104277
0 0.090061 0.298641 0.071945 0.071945
0 0.080312 0.021500 0.061130 0.061130
0 0.692284 0.992544 0.071945 0.071945
0 0.163039 0.664095 0.071945 0.071945
0 0.258124 0.669064 0.047555 0.047555
0 0.392224 0.693860 0.052757 0.052757
0 0.464377 0.057405 0.057104 0.057104
0 0.022641 0.792865 0.057103 0.057103
0 0.676669 0.392147 0.071945 0.071945
0 0.387944 0.911965 0.071945 0.071945
0 0.472174 0.701741 0.071945 0.071945