0 0.751721 0.985493 0.104277 0.104277
0 0.207535 0.761427 0.062220 0.062220
0 0.879793 0.921464 0.052757 0.052757
0 0.132092 0.988643 0.052757 0.052757
0 0.126362 0.225856 0.104277 0.104277
0 0.154420 0.635812 0.057103 0.057103
0 0.323473 0.883103 0.071945 0.071945
0 0.960259 0.496813 0.071945 0.071945
0 0.370721 0.945542 0.061130 0.061130
0 0.850973 0.858903 0.057104 0.057104
0 0.847820 0.698078 0.052757 0.052757
0 0.958974 0.836341 0.061130 0.061130
0 0.673843 0.685381 0.061131 0.061131
0 0.359225 0.386002 0.057104 0.057104
0 0.608969 0.606688 0.062220 0.062220
0 0.901903 0.793364 0.061131 0.061131
0 0.086540 0.457950 0.104277 0.104277
0 0.951130 0.726817 0.057104 0.057104
0 0.747932 0.049874 0.071945 0.071945
0 0.070582 0.900137 0.071945 0.071945
0 0.000337 0.893052 0.057104 0.057104
0 0.580853 0.290722 0.061131 0.061131
0 0.868493 0.201773 0.061130 0.061130
0 0.893506 0.320648 0.104277 0.104277
0 0.600296 0.052266 0.104277 0.104277
0 0.105937 0.322099 0.057104 0.057104
0 0.296990 0.541133 0.057104 0.057104
0 0.054507 0.270968 0.104277 0.104277
0 0.644265 0.187192 0.071945 0.071945
0 0.415579 0.823235 0.061130 0.061130
0 0.330154 0.302429 0.104277 0.104277
0 0.217013 0.583568 0.052757 0.052757
0 0.020868 0.139916 0.052757 0.052757
0 0.495316 0.121493 0.104277 0.104277
0 0.287929 0.123277 0.062220 0.062220
0 0.706348 0.436106 0.071945 0.071945
0 0.687716 0.887525 0.104277 0.104277
0 0.142254 0.386598 0.057104 0.057104
0 0.299408 0.635633 0.057104 0.057104
0 0.065553 0.801174 0.057104 0.057104
0 0.307269 0.802921 0.057104 0.057104
0 0.347798 0.464962 0.052757 0.052757
0 0.418989 0.534043 0.104277 0.104277
0 0.387546 0.103154 0.062220 0.062220
0 0.175835 0.917258 0.104277 0.104277
0 0.720156 0.570520 0.061131 0.061131
0 0.175093 0.822527 0.052757 0.052757
0 0.195071 0.026281 0.071945 0.071945
0 0.360457 0.736020 0.104277 0.104277
0 0.495766 0.619217 0.061130 0.061130
0 0.185737 0.262065 0.052757 0.052757
0 0.231679 0.473648 0.057104 0.057104
0 0.060958 0.656666 0.071945 0.071945
0 0.578252 0.517005 0.104277 0.104277
0 0.791133 0.401465 0.062220 0.062220
0 0.483177 0.354368 0.062220 0.062220
0 0.809695 0.640899 0.057104 0.057104
0 0.265845 0.985297 0.062220 0.062220
0 0.043757 0.397816 0.052757 0.052757
0 0.674164 0.115667 0.061131 0.061131
0 0.970298 0.941866 0.071945 0.071945
0 0.580177 0.924994 0.052757 0.052757
0 0.572944 0.695331 0.062220 0.062220
0 0.578008 0.152985 0.061131 0.061131
0 0.933181 0.599523 0.071945 0.071945
0 0.376121 0.609741 0.061130 0.061130
0 0.537709 0.758949 0.104278 0.104278
0 0.540992 0.231148 0.052757 0.052757
0 0.620626 0.425969 0.061131 0.061131
0 0.838180 0.123511 0.057104 0.057104
0 0.445959 0.031181 0.052757 0.052757
0 0.787852 0.823120 0.062220 0.062220
0 0.594727 0.824860 0.062220 0.062220
0 0.473284 0.939436 0.057104 0.057104
0 0.419043 0.256563 0.104277 0.104277
0 0.197561 0.336550 0.061130 0.061130
0 0.141412 0.156466 0.104277 0.104277
0 0.104113 0.027366 0.052757 0.052757
0 0.839313 0.573947 0.052757 0.052757
0 0.626647 0.757231 0.071945 0.071945
0 0.540227 0.993792 0.062220 0.062220
0 0.976024 0.138087 0.071945 0.071945
0 0.324612 0.061129 0.057104 0.057104
0 0.877986 0.052658 0.062220 0.062220
0 0.206997 0.185555 0.071945 0.071945
0 0.870278 0.417104 0.057104 0.057104
0 0.437560 0.411997 0.061130 0.061130
0 0.273870 0.720343 0.057104 0.057104
0 0.472286 0.717029 0.104277 0.104277
0 0.148628 0.710692 0.104277 0.104277
0 0.804081 0.490790 0.057104 0.057104
0 0.709930 0.238811 0.104277 0.104277
0 0.666848 0.814157 0.052757 0.052757
0 0.478319 0.484910 0.061130 0.061130
0 0.776272 0.308248 0.052757 0.052757
0 0.655300 0.526931 0.071945 0.071945
0 0.944942 0.076250 0.104277 0.104277
0 0.783427 0.173792 0.071945 0.071945
0 0.421226 0.169412 0.057104 0.057104
0 0.172755 0.515769 0.062220 0.062220
0 0.523765 0.423720 0.071945 0.071945
0 0.271948 0.210711 0.057104 0.057104
0 0.072566 0.574624 0.052757 0.052757
0 0.255002 0.907405 0.057104 0.057104
0 0.019817 0.500081 0.062220 0.062220
0 0.663829 0.297948 0.052757 0.052757
0 0.958264 0.415102 0.062220 0.062220
0 0.755657 0.700540 0.061131 0.061131