0 0.451588 0.959892 0.071945 0.071945
0 0.603401 0.945502 0.071945 0.071945
0 0.654307 0.494536 0.104277 0.104277
0 0.686787 0.835805 0.061131 0.061131
0 0.844409 0.459064 0.104277 0.104277
0 0.395471 0.822993 0.104277 0.104277
0 0.888598 0.655312 0.057104 0.057104
0 0.757864 0.105394 0.062220 0.062220
0 0.890842 0.103341 0.057104 0.057104
0 0.903957 0.823277 0.104277 0.104277
0 0.980983 0.617191 0.104277 0.104277
0 0.923653 0.028649 0.052757 0.052757
0 0.807439 0.368821 0.057104 0.057104
0 0.735599 0.220304 0.104277 0.104277
0 0.717902 0.572200 0.104277 0.104277
0 0.265534 0.995449 0.062220 0.062220
0 0.523543 0.758964 0.052757 0.052757
0 0.720793 0.410780 0.061131 0.061131
0 0.730601 0.034687 0.052757 0.052757
0 0.467481 0.869489 0.057104 0.057104
0 0.604009 0.334313 0.071945 0.071945
0 0.014471 0.783042 0.061130 0.061130
0 0.786620 0.813445 0.104277 0.104277
0 0.821018 0.234592 0.062220 0.062220
0 0.192605 0.906997 0.052757 0.052757
0 0.656897 0.629855 0.062220 0.062220
0 0.494723 0.696403 0.057104 0.057104
0 0.491570 0.535578 0.052757 0.052757
0 0.965319 0.966360 0.052757 0.052757
0 0.602724 0.673841 0.061130 0.061130
0 0.879175 0.355843 0.071945 0.071945
0 0.960972 0.126384 0.071945 0.071945
0 0.317593 0.522881 0.061131 0.061131
0 0.905232 0.927171 0.062221 0.062221
0 0.822760 0.054997 0.071945 0.071945
0 0.259805 0.842906 0.052757 0.052757
0 0.032921 0.992339 0.057104 0.057104
0 0.002975 0.223502 0.057104 0.057104
0 0.906862 0.732659 0.071945 0.071945
0 0.843777 0.962800 0.052757 0.052757
0 0.812587 0.546650 0.061130 0.061130
0 0.252719 0.444188 0.062220 0.062220
0 0.545653 0.630864 0.061131 0.061131
0 0.364868 0.925189 0.071945 0.071945
0 0.594880 0.564317 0.057104 0.057104
0 0.661794 0.158122 0.071945 0.071945
0 0.224603 0.128222 0.061131 0.061131
0 0.512243 0.039273 0.061130 0.061130
0 0.537256 0.158148 0.104277 0.104277
0 0.288015 0.024692 0.071945 0.071945
0 0.661172 0.289825 0.104277 0.104277
0 0.059329 0.660735 0.061130 0.061130
0 0.953260 0.233525 0.104278 0.104278
0 0.683448 0.996002 0.061130 0.061130
0 0.818374 0.621525 0.061130 0.061130
0 0.350098 0.273606 0.071945 0.071945
0 0.331466 0.725025 0.104277 0.104277
0 0.062739 0.371543 0.104277 0.104277
0 0.103628 0.872161 0.052757 0.052757
0 0.546976 0.861515 0.062220 0.062220
0 0.363906 0.408020 0.061131 0.061131
0 0.004207 0.573520 0.104277 0.104277
0 0.139516 0.456717 0.061130 0.061130
0 0.222002 0.354505 0.104277 0.104277
0 0.434883 0.238965 0.062220 0.062220
0 0.957617 0.540229 0.052757 0.052757
0 0.126927 0.191868 0.062220 0.062220
0 0.453445 0.478399 0.057104 0.057104
0 0.614048 0.779366 0.071945 0.071945
0 0.223927 0.762494 0.052757 0.052757
0 0.216694 0.532831 0.062220 0.062220
0 0.576931 0.437023 0.071945 0.071945
0 0.019871 0.447241 0.061130 0.061130
0 0.181459 0.596449 0.104278 0.104278
0 0.184742 0.068648 0.052757 0.052757
0 0.264376 0.263469 0.061131 0.061131
0 0.431602 0.660620 0.062220 0.062220
0 0.016843 0.852196 0.057104 0.057104
0 0.994703 0.315567 0.057104 0.057104
0 0.875643 0.285687 0.057104 0.057104
0 0.733013 0.309573 0.052757 0.052757
0 0.238477 0.662360 0.062220 0.062220
0 0.117034 0.776936 0.057104 0.057104
0 0.062793 0.094063 0.104277 0.104277
0 0.483063 0.411447 0.052757 0.052757
0 0.270397 0.594731 0.071945 0.071945
0 0.183977 0.831292 0.062220 0.062220
0 0.514028 0.254604 0.057104 0.057104
0 0.757008 0.743027 0.057104 0.057104
0 0.081310 0.249497 0.061130 0.061130
0 0.116036 0.554529 0.104277 0.104277
0 0.447831 0.328290 0.057104 0.057104
0 0.353680 0.076311 0.104277 0.104277
0 0.310598 0.651657 0.052757 0.052757
0 0.739751 0.882965 0.057104 0.057104
0 0.122069 0.322410 0.061130 0.061130
0 0.420022 0.145748 0.052757 0.052757
0 0.183536 0.982842 0.061131 0.061131
0 0.299050 0.364431 0.071945 0.071945
0 0.427177 0.011292 0.071945 0.071945
0 0.748413 0.669328 0.104277 0.104277
0 0.975405 0.419032 0.061130 0.061130
0 0.064976 0.006912 0.057104 0.057104
0 0.167515 0.261220 0.071945 0.071945
0 0.643933 0.074492 0.104277 0.104277
0 0.817746 0.696923 0.104277 0.104277
0 0.831926 0.893181 0.052757 0.052757
0 0.307579 0.135448 0.052757 0.052757
0 0.602014 0.252602 0.062220 0.062220
0 0.399407 0.538040 0.061131 0.061131