0 0.577370 0.332198 0.062220 0.062220
0 0.326362 0.635231 0.104277 0.104277
0 0.531444 0.391040 0.062220 0.062220
0 0.678018 0.368052 0.070161 0.070161
0 0.180104 0.038713 0.062220 0.062220
0 0.308738 0.359664 0.104278 0.104278
0 0.559225 0.795377 0.057104 0.057104
0 0.428131 0.031071 0.057104 0.057104
0 0.286540 0.867325 0.104277 0.104277
0 0.947932 0.459249 0.071945 0.071945
0 0.467419 0.339176 0.071945 0.071945
0 0.763725 0.397805 0.062220 0.062220
0 0.780853 0.700097 0.061131 0.061131
0 0.441839 0.107756 0.062220 0.062220
0 0.095301 0.800384 0.104277 0.104277
0 0.800296 0.461641 0.104277 0.104277
0 0.975491 0.114032 0.052757 0.052757
0 0.208834 0.397243 0.071945 0.071945
0 0.714755 0.307276 0.061130 0.061130
0 0.305937 0.731474 0.057104 0.057104
0 0.427640 0.190517 0.071945 0.071945
0 0.496990 0.950508 0.057104 0.057104
0 0.254507 0.680343 0.104277 0.104277
0 0.844265 0.596567 0.071945 0.071945
0 0.026446 0.858736 0.062220 0.062220
0 0.361944 0.129518 0.104277 0.104277
0 0.178185 0.205298 0.104277 0.104277
0 0.305406 0.241955 0.057104 0.057104
0 0.297489 0.105254 0.071945 0.071945
0 0.530154 0.711804 0.104277 0.104277
0 0.908481 0.193081 0.071945 0.071945
0 0.514352 0.061510 0.071945 0.071945
0 0.417013 0.992943 0.052757 0.052757
0 0.220868 0.549291 0.052757 0.052757
0 0.695316 0.530868 0.104277 0.104277
0 0.796180 0.275465 0.057104 0.057104
0 0.487929 0.532652 0.062220 0.062220
0 0.796936 0.078321 0.061131 0.061131
0 0.906348 0.845481 0.071945 0.071945
0 0.073679 0.474869 0.062220 0.062220
0 0.342254 0.795973 0.057104 0.057104
0 0.095780 0.114003 0.104277 0.104277
0 0.766652 0.177596 0.071945 0.071945
0 0.656107 0.237778 0.071945 0.071945
0 0.547798 0.874337 0.052757 0.052757
0 0.618989 0.943418 0.104277 0.104277
0 0.587546 0.512529 0.062220 0.062220
0 0.019137 0.590760 0.061130 0.061130
0 0.517749 0.172832 0.052757 0.052757
0 0.920156 0.979895 0.061131 0.061131
0 0.395071 0.435656 0.071945 0.071945
0 0.385737 0.671440 0.052757 0.052757
0 0.431679 0.883023 0.057104 0.057104
0 0.778252 0.926380 0.104277 0.104277
0 0.893771 0.095610 0.052757 0.052757
0 0.829600 0.341104 0.062220 0.062220
0 0.991133 0.810840 0.062220 0.062220
0 0.028896 0.251849 0.104277 0.104277
0 0.100000 0.201438 0.057104 0.057104
0 0.683177 0.763743 0.062220 0.062220
0 0.086548 0.559351 0.061130 0.061130
0 0.243757 0.807191 0.052757 0.052757
0 0.573346 0.227943 0.052757 0.052757
0 0.874164 0.525042 0.061131 0.061131
0 0.627029 0.056907 0.071945 0.071945
0 0.164662 0.498750 0.071945 0.071945
0 0.778008 0.562360 0.061131 0.061131
0 0.126576 0.278110 0.104277 0.104277
0 0.040119 0.928392 0.057104 0.057104
0 0.958014 0.033825 0.062220 0.062220
0 0.650963 0.138160 0.057104 0.057104
0 0.023089 0.349239 0.057104 0.057104
0 0.103649 0.671402 0.057104 0.057104
0 0.267473 0.180854 0.062220 0.062220
0 0.337501 0.011434 0.104277 0.104277
0 0.740992 0.640523 0.052757 0.052757
0 0.820626 0.835344 0.061131 0.061131
0 0.645959 0.440556 0.052757 0.052757
0 0.893105 0.374219 0.071945 0.071945
0 0.974279 0.236222 0.071945 0.071945
0 0.709733 0.024752 0.104277 0.104277
0 0.619043 0.665938 0.104277 0.104277
0 0.397561 0.745925 0.061130 0.061130
0 0.341412 0.565841 0.104277 0.104277
0 0.304113 0.436741 0.052757 0.052757
0 0.108172 0.938619 0.057104 0.057104
0 0.524612 0.470504 0.057104 0.057104
0 0.406997 0.594930 0.071945 0.071945
0 0.483141 0.235367 0.104277 0.104277
0 0.637560 0.821372 0.061130 0.061130
0 0.904685 0.297269 0.071945 0.071945
0 0.401134 0.357434 0.056505 0.056505
0 0.909930 0.648186 0.104277 0.104277
0 0.678319 0.894285 0.061130 0.061130
0 0.040153 0.719080 0.062220 0.062220
0 0.976272 0.717623 0.052757 0.052757
0 0.855300 0.936306 0.071945 0.071945
0 0.983427 0.583167 0.071945 0.071945
0 0.997400 0.393181 0.104277 0.104277
0 0.621226 0.578787 0.057104 0.057104
0 0.395431 0.288745 0.061130 0.061130
0 0.372755 0.925144 0.062220 0.062220
0 0.723765 0.833095 0.071945 0.071945
0 0.728332 0.238830 0.057103 0.057103
0 0.471948 0.620086 0.057104 0.057104
0 0.194985 0.312547 0.062220 0.062220
0 0.105536 0.018490 0.062220 0.062220
0 0.154025 0.848300 0.104277 0.104277
0 0.132248 0.432966 0.057104 0.057104
0 0.272566 0.983999 0.052757 0.052757
0 0.159427 0.728595 0.057104 0.057104
0 0.212261 0.099797 0.061130 0.061130
0 0.881049 0.025174 0.057104 0.057104
0 0.006916 0.107419 0.057104 0.057104
0 0.219817 0.909456 0.062220 0.062220
0 0.863829 0.707323 0.052757 0.052757