0 0.887255 0.812992 0.071945 0.071945
0 0.785989 0.927269 0.062220 0.062220
0 0.918967 0.925216 0.057104 0.057104
0 0.951778 0.850524 0.052757 0.052757
0 0.049245 0.582198 0.062220 0.062220
0 0.988456 0.483881 0.061130 0.061130
0 0.598243 0.360337 0.052757 0.052757
0 0.691456 0.307411 0.052757 0.052757
0 0.758726 0.856562 0.052757 0.052757
0 0.003319 0.641040 0.062220 0.062220
0 0.989097 0.948259 0.071945 0.071945
0 0.149893 0.618052 0.070161 0.070161
0 0.912255 0.271905 0.104277 0.104277
0 0.850885 0.876872 0.071945 0.071945
0 0.503267 0.276645 0.062220 0.062220
0 0.419807 0.709249 0.071945 0.071945
0 0.701206 0.616625 0.061130 0.061130
0 0.517466 0.396627 0.062220 0.062220
0 0.235600 0.647805 0.062220 0.062220
0 0.689919 0.979997 0.071945 0.071945
0 0.252728 0.950097 0.061131 0.061131
0 0.540368 0.861148 0.061130 0.061130
0 0.565381 0.980023 0.104277 0.104277
0 0.272171 0.711641 0.104277 0.104277
0 0.447366 0.364032 0.052757 0.052757
0 0.186630 0.557276 0.061130 0.061130
0 0.316140 0.846567 0.071945 0.071945
0 0.573751 0.533469 0.061130 0.061130
0 0.002029 0.961804 0.104277 0.104277
0 0.670305 0.512570 0.057104 0.057104
0 0.380356 0.443081 0.071945 0.071945
0 0.167191 0.780868 0.104277 0.104277
0 0.930736 0.624904 0.057104 0.057104
0 0.268055 0.525465 0.057104 0.057104
0 0.268811 0.328321 0.061131 0.061131
0 0.578250 0.283949 0.057104 0.057104
0 0.733417 0.460522 0.062220 0.062220
0 0.238527 0.427596 0.071945 0.071945
0 0.127982 0.487778 0.071945 0.071945
0 0.059421 0.762529 0.062220 0.062220
0 0.785890 0.717842 0.062220 0.062220
0 0.365646 0.345610 0.052757 0.052757
0 0.749465 0.779409 0.062220 0.062220
0 0.301475 0.591104 0.062220 0.062220
0 0.846661 0.310625 0.071945 0.071945
0 0.571160 0.450757 0.061131 0.061131
0 0.045221 0.477943 0.052757 0.052757
0 0.346039 0.775042 0.061131 0.061131
0 0.098904 0.306907 0.071945 0.071945
0 0.961940 0.402157 0.104278 0.104278
0 0.249883 0.812360 0.061131 0.061131
0 0.518424 0.586564 0.071945 0.071945
0 0.429889 0.283825 0.062220 0.062220
0 0.122838 0.388160 0.057104 0.057104
0 0.212867 0.890523 0.052757 0.052757
0 0.711617 0.706556 0.052757 0.052757
0 0.510055 0.782886 0.057104 0.057104
0 0.117834 0.690556 0.052757 0.052757
0 0.811158 0.449949 0.052757 0.052757
0 0.364980 0.624219 0.071945 0.071945
0 0.627966 0.600094 0.052757 0.052757
0 0.446154 0.486222 0.071945 0.071945
0 0.879011 0.391427 0.062220 0.062220
0 0.181608 0.274752 0.104277 0.104277
0 0.090918 0.915938 0.104277 0.104277
0 0.647899 0.797462 0.071945 0.071945
0 0.549861 0.712033 0.062220 0.062220
0 0.748577 0.352208 0.071945 0.071945
0 0.881316 0.507464 0.052559 0.052559
0 0.376560 0.547269 0.071945 0.071945
0 0.923990 0.743821 0.062220 0.062220
0 0.381805 0.898186 0.104277 0.104277
0 0.448147 0.967623 0.052757 0.052757
0 0.616817 0.735625 0.104277 0.104277
0 0.455302 0.833167 0.071945 0.071945
0 0.469275 0.643181 0.104277 0.104277
0 0.093101 0.828787 0.057104 0.057104
0 0.200207 0.488830 0.057103 0.057103
0 0.828242 0.587270 0.071945 0.071945
0 0.984119 0.778049 0.104278 0.104278
0 0.672058 0.896367 0.104277 0.104277
0 0.352924 0.275174 0.057104 0.057104
0 0.728835 0.551060 0.052757 0.052757
0 0.335704 0.957323 0.052757 0.052757
0 0.681531 0.400402 0.061131 0.061131
0 0.751248 0.273817 0.062220 0.062220