0 0.738302 0.694505 0.104278 0.104278
0 0.955387 0.135315 0.104277 0.104277
0 0.923065 0.236884 0.052757 0.052757
0 0.856446 0.855853 0.052757 0.052757
0 0.467261 0.189981 0.052757 0.052757
0 0.380979 0.846828 0.061130 0.061130
0 0.755740 0.805310 0.052757 0.052757
0 0.776811 0.976537 0.052757 0.052757
0 0.831159 0.079824 0.062220 0.062220
0 0.390947 0.611162 0.057104 0.057104
0 0.741994 0.264983 0.104277 0.104277
0 0.999972 0.201523 0.061131 0.061131
0 0.433957 0.924215 0.104277 0.104277
0 0.466806 0.397811 0.057104 0.057104
0 0.988534 0.877229 0.104277 0.104277
0 0.688148 0.605943 0.052757 0.052757
0 0.093838 0.592015 0.071945 0.071945
0 0.232443 0.696537 0.104277 0.104277
0 0.152874 0.765461 0.052757 0.052757
0 0.511615 0.080457 0.057104 0.057104
0 0.375829 0.765698 0.104277 0.104277
0 0.598546 0.076714 0.057104 0.057104
0 0.821398 0.203233 0.071945 0.071945
0 0.873277 0.598188 0.052757 0.052757
0 0.930493 0.009564 0.071945 0.071945
0 0.065442 0.759659 0.052757 0.052757
0 0.311784 0.847755 0.052757 0.052757
0 0.688312 0.912362 0.057104 0.057104
0 0.893649 0.993966 0.052757 0.052757
0 0.839350 0.518819 0.071945 0.071945
0 0.613027 0.724416 0.061130 0.061130
0 0.504380 0.623258 0.071945 0.071945
0 0.671029 0.838954 0.052757 0.052757
0 0.936506 0.754069 0.057104 0.057104
0 0.892617 0.169682 0.057104 0.057104
0 0.024389 0.322133 0.071945 0.071945
0 0.214213 0.504762 0.061130 0.061130
0 0.017455 0.251677 0.071945 0.071945
0 0.513128 0.346444 0.071945 0.071945
0 0.493284 0.791551 0.061130 0.061130
0 0.463953 0.707886 0.062220 0.062220
0 0.607723 0.559072 0.062220 0.062220
0 0.723384 0.388072 0.061130 0.061130
0 0.950701 0.632195 0.052757 0.052757
0 0.513322 0.953852 0.052757 0.052757
0 0.663496 0.990137 0.057104 0.057104
0 0.213244 0.148687 0.071945 0.071945
0 0.167081 0.654540 0.104277 0.104277
0 0.658696 0.290333 0.061130 0.061130
0 0.629770 0.218598 0.061130 0.061130
0 0.808450 0.344868 0.104277 0.104277
0 0.971855 0.442741 0.071945 0.071945
0 0.662150 0.496459 0.061130 0.061130
0 0.400303 0.031433 0.104277 0.104277
0 0.224413 0.230385 0.071945 0.071945
0 0.762243 0.588995 0.057104 0.057104
0 0.654392 0.412777 0.104277 0.104277
0 0.861844 0.666611 0.062220 0.062220
0 0.859011 0.393405 0.104277 0.104277
0 0.343700 0.181516 0.052757 0.052757
0 0.837916 0.280715 0.052757 0.052757
0 0.175664 0.312610 0.052757 0.052757
0 0.868316 0.925276 0.104277 0.104277
0 0.019300 0.652241 0.052757 0.052757
0 0.550275 0.154202 0.071945 0.071945
0 0.604603 0.801051 0.104277 0.104277
0 0.099441 0.185043 0.061130 0.061130
0 0.565249 0.655072 0.071945 0.071945
0 0.107391 0.506198 0.104277 0.104277
0 0.808147 0.722700 0.104277 0.104277
0 0.436152 0.112869 0.104277 0.104277
0 0.962980 0.526657 0.057104 0.057104
0 0.306315 0.719139 0.071945 0.071945
0 0.446187 0.563236 0.050932 0.050932
0 0.582923 0.384350 0.052757 0.052757
0 0.058298 0.417068 0.057104 0.057104
0 0.349060 0.331241 0.071945 0.071945
0 0.559820 0.291410 0.061130 0.061130
0 0.135422 0.255869 0.062220 0.062220
0 0.918849 0.349465 0.052757 0.052757
0 0.773155 0.500912 0.057104 0.057104
0 0.306644 0.617872 0.071945 0.071945
0 0.214281 0.381043 0.104277 0.104277
0 0.556724 0.451376 0.061130 0.061130
0 0.419089 0.294535 0.071945 0.071945
0 0.179612 0.982154 0.104277 0.104277
0 0.271724 0.005773 0.061130 0.061130
0 0.229755 0.826389 0.104277 0.104277
0 0.546576 0.011036 0.048997 0.048997
0 0.770272 0.894367 0.061131 0.061131
0 0.013378 0.481785 0.062220 0.062220
0 0.617379 0.935692 0.104277 0.104277
0 0.220261 0.602691 0.052757 0.052757
0 0.745584 0.157028 0.062220 0.062220
0 0.517516 0.548061 0.062220 0.062220
0 0.313271 0.525965 0.062220 0.062220
0 0.135428 0.901166 0.052757 0.052757
0 0.749161 0.067217 0.061131 0.061131
0 0.014657 0.815955 0.104277 0.104277
0 0.104317 0.973802 0.061130 0.061130
0 0.170122 0.077592 0.071945 0.071945
0 0.323935 0.105413 0.104277 0.104277
0 0.227660 0.916752 0.062220 0.062220
0 0.090061 0.070516 0.071945 0.071945
0 0.294170 0.951794 0.071945 0.071945
0 0.692284 0.764419 0.071945 0.071945
0 0.523277 0.875448 0.061130 0.061130
0 0.163039 0.435970 0.071945 0.071945
0 0.932485 0.830639 0.071945 0.071945
0 0.258124 0.440939 0.047555 0.047555
0 0.392224 0.465735 0.052757 0.052757
0 0.963192 0.968579 0.104277 0.104277
0 0.022641 0.564740 0.057103 0.057103
0 0.676669 0.164022 0.071945 0.071945
0 0.387944 0.683840 0.071945 0.071945
0 0.006352 0.887297 0.104277 0.104277
0 0.472174 0.473616 0.071945 0.071945