0 0.161095 0.276907 0.071945 0.071945
0 0.723634 0.783609 0.104277 0.104277
0 0.362639 0.887558 0.052757 0.052757
0 0.436216 0.244886 0.071945 0.071945
0 0.468344 0.360256 0.052757 0.052757
0 0.169779 0.647239 0.061130 0.061130
0 0.706627 0.467410 0.061131 0.061131
0 0.612504 0.583744 0.062220 0.062220
0 0.205493 0.033224 0.061130 0.061130
0 0.611771 0.158201 0.104277 0.104277
0 0.595860 0.753937 0.052757 0.052757
0 0.231906 0.755331 0.104277 0.104277
0 0.753682 0.876062 0.052757 0.052757
0 0.055843 0.543620 0.104277 0.104277
0 0.014704 0.665231 0.104277 0.104277
0 0.059244 0.296362 0.062220 0.062220
0 0.021868 0.042297 0.071945 0.071945
0 0.488659 0.606540 0.104277 0.104277
0 0.084597 0.468620 0.057104 0.057104
0 0.578767 0.321320 0.104277 0.104277
0 0.628117 0.863661 0.061130 0.061130
0 0.599674 0.934641 0.104277 0.104277
0 0.533906 0.512439 0.071945 0.071945
0 0.743964 0.405063 0.052757 0.052757
0 0.457145 0.113958 0.104277 0.104277
0 0.094721 0.823230 0.062220 0.062220
0 0.152944 0.451056 0.104277 0.104277
0 0.570158 0.665198 0.052757 0.052757
0 0.310606 0.748248 0.062220 0.062220
0 0.038297 0.392118 0.061130 0.061130
0 0.517627 0.052456 0.057104 0.057104
0 0.560594 0.226131 0.062220 0.062220
0 0.313336 0.353318 0.052757 0.052757
0 0.432079 0.741068 0.062220 0.062220
0 0.280553 0.540186 0.071945 0.071945
0 0.490557 0.455195 0.102474 0.102474
0 0.531446 0.812315 0.071945 0.071945
0 0.099741 0.118586 0.052757 0.052757
0 0.384893 0.447370 0.104277 0.104277
0 0.433296 0.912109 0.104277 0.104277
0 0.393717 0.181162 0.062220 0.062220
0 0.237404 0.256712 0.061131 0.061131
0 0.195797 0.185163 0.071945 0.071945
0 0.517943 0.908996 0.104277 0.104277
0 0.198943 0.508023 0.057104 0.057104
0 0.011665 0.461550 0.104277 0.104277
0 0.680239 0.214107 0.045227 0.045227
0 0.339547 0.814001 0.062220 0.062220
0 0.314627 0.262434 0.052757 0.052757
0 0.024173 0.221972 0.061130 0.061130
0 0.735904 0.117902 0.061130 0.061130
0 0.294298 0.912572 0.052757 0.052757
0 0.297736 0.469544 0.062220 0.062220
0 0.242159 0.649303 0.104277 0.104277
0 0.154154 0.877033 0.052757 0.052757
0 0.426141 0.838969 0.052757 0.052757
0 0.070252 0.612956 0.062220 0.062220
0 0.392253 0.076195 0.052757 0.052757
0 0.304300 0.128059 0.052757 0.052757
0 0.727493 0.684757 0.061131 0.061131
0 0.245776 0.824863 0.061131 0.061131
0 0.123837 0.194446 0.057104 0.057104
0 0.594310 0.061599 0.061131 0.061131
0 0.221101 0.575025 0.104277 0.104277
0 0.693065 0.560769 0.061131 0.061131
0 0.659319 0.711854 0.062221 0.062221
0 0.495217 0.712136 0.052757 0.052757
0 0.391322 0.354495 0.055027 0.055027
0 0.523514 0.155317 0.061131 0.061131
0 0.182013 0.383408 0.062220 0.062220
0 0.064539 0.907943 0.061130 0.061130
0 0.601351 0.458673 0.104277 0.104277
0 0.209757 0.926078 0.062220 0.062220
0 0.037380 0.149436 0.050559 0.050559
0 0.331602 0.647571 0.052757 0.052757
0 0.166519 0.092215 0.061130 0.061130
0 0.138003 0.540371 0.071945 0.071945
0 0.006532 0.811428 0.061131 0.061131
0 0.294590 0.007140 0.071945 0.071945
0 0.254052 0.396218 0.104277 0.104277
0 0.418062 0.540475 0.061130 0.061130
0 0.096553 0.740481 0.104277 0.104277
0 0.681433 0.075093 0.052757 0.052757
0 0.656090 0.407347 0.057104 0.057104
0 0.670040 0.331264 0.088662 0.088662