0 0.272092 0.349477 0.104277 0.104277
0 0.228544 0.137486 0.061130 0.061130
0 0.631489 0.099195 0.052757 0.052757
0 0.422382 0.347153 0.062220 0.062220
0 0.454029 0.099235 0.104277 0.104277
0 0.129315 0.099384 0.052757 0.052757
0 0.754094 0.857082 0.071945 0.071945
0 0.000208 0.994127 0.104277 0.104277
0 0.062696 0.718353 0.052757 0.052757
0 0.531893 0.145760 0.071945 0.071945
0 0.242993 0.905099 0.061130 0.061130
0 0.785640 0.337628 0.047276 0.047276
0 0.675994 0.644229 0.062220 0.062220
0 0.415937 0.866975 0.071945 0.071945
0 0.266216 0.264292 0.057104 0.057104
0 0.059368 0.914172 0.071945 0.071945
0 0.302078 0.450928 0.051819 0.051819
0 0.776879 0.079261 0.071945 0.071945
0 0.206222 0.064023 0.061131 0.061131
0 0.482226 0.394641 0.052757 0.052757
0 0.194784 0.739729 0.104277 0.104277
0 0.494645 0.985833 0.104277 0.104277
0 0.612424 0.797026 0.071945 0.071945
0 0.543502 0.343156 0.057103 0.057103
0 0.290438 0.024518 0.052757 0.052757
0 0.617171 0.728580 0.062220 0.062220
0 0.555127 0.924331 0.057104 0.057104
0 0.497844 0.856115 0.062220 0.062220
0 0.459118 0.182489 0.036679 0.036679
0 0.578156 0.460496 0.104277 0.104277
0 0.292880 0.113100 0.057104 0.057104
0 0.377919 0.521272 0.104277 0.104277
0 0.683493 0.828808 0.061130 0.061130
0 0.373056 0.447979 0.071945 0.071945
0 0.769648 0.443553 0.071945 0.071945
0 0.027648 0.065733 0.071945 0.071945
0 0.137241 0.990461 0.052757 0.052757
0 0.079527 0.460688 0.052757 0.052757
0 0.508396 0.001169 0.104277 0.104277
0 0.675487 0.475364 0.061131 0.061131
0 0.099899 0.856466 0.052757 0.052757
0 0.791526 0.226626 0.057104 0.057104
0 0.294374 0.607901 0.054783 0.054783
0 0.599301 0.168644 0.062220 0.062220
0 0.461926 0.541813 0.057103 0.057103
0 0.262476 0.720067 0.071945 0.071945
0 0.262736 0.790891 0.061130 0.061130
0 0.045600 0.381319 0.071945 0.071945
0 0.556232 0.608634 0.061131 0.061131
0 0.142756 0.616569 0.057104 0.057104
0 0.507410 0.476515 0.061131 0.061131
0 0.098867 0.032182 0.057104 0.057104
0 0.772981 0.569057 0.071945 0.071945
0 0.778363 0.707582 0.104278 0.104278
0 0.707964 0.329495 0.062220 0.062220
0 0.534083 0.073492 0.061130 0.061130
0 0.156951 0.494695 0.052757 0.052757
0 0.773404 0.989777 0.061130 0.061130
0 0.405419 0.037360 0.062220 0.062220
0 0.014700 0.207368 0.104277 0.104277
0 0.178105 0.305241 0.071945 0.071945
0 0.709568 0.542160 0.104278 0.104278
0 0.386889 0.708559 0.052757 0.052757
0 0.682548 0.184568 0.104277 0.104277
0 0.068094 0.529111 0.062220 0.062220
0 0.632921 0.581739 0.062220 0.062220
0 0.065261 0.255905 0.104277 0.104277
0 0.044166 0.143215 0.052757 0.052757
0 0.074566 0.787776 0.104277 0.104277
0 0.429753 0.948070 0.052757 0.052757
0 0.351082 0.182903 0.062220 0.062220
0 0.341800 0.999934 0.052757 0.052757
0 0.014397 0.585200 0.104277 0.104277
0 0.493293 0.265599 0.104277 0.104277
0 0.169230 0.389157 0.057104 0.057104
0 0.631810 0.933474 0.061131 0.061131
0 0.537447 0.797737 0.057104 0.057104
0 0.556482 0.532238 0.071945 0.071945
0 0.406745 0.230821 0.071945 0.071945
0 0.125099 0.211965 0.052757 0.052757
0 0.370734 0.594650 0.104277 0.104277
0 0.547640 0.220968 0.061131 0.061131
0 0.679915 0.008698 0.071945 0.071945
0 0.204019 0.964090 0.061130 0.061130
0 0.333290 0.784462 0.071945 0.071945
0 0.435277 0.638848 0.057104 0.057104
0 0.475323 0.695986 0.104277 0.104277
0 0.332090 0.879015 0.071945 0.071945
0 0.280815 0.539947 0.052757 0.052757
0 0.208252 0.574174 0.104277 0.104277
0 0.718933 0.946968 0.052757 0.052757
0 0.640308 0.257965 0.071945 0.071945
0 0.138735 0.693139 0.071945 0.071945
0 0.444999 0.787590 0.104277 0.104277
0 0.169442 0.831079 0.104277 0.104277
0 0.721208 0.753135 0.061131 0.061131
0 0.343701 0.310720 0.057104 0.057104
0 0.613452 0.393451 0.061131 0.061131