0 0.968505 0.478617 0.071945 0.071945
0 0.763682 0.982036 0.104277 0.104277
0 0.953784 0.946564 0.104277 0.104277
0 0.867239 0.592894 0.062220 0.062220
0 0.916814 0.856321 0.057104 0.057104
0 0.844974 0.707804 0.104277 0.104277
0 0.830168 0.898280 0.061131 0.061131
0 0.130495 0.247823 0.062220 0.062220
0 0.679493 0.025962 0.052757 0.052757
0 0.839976 0.522187 0.052757 0.052757
0 0.713384 0.821813 0.071945 0.071945
0 0.930393 0.722092 0.062220 0.062220
0 0.988550 0.843343 0.071945 0.071945
0 0.084569 0.306665 0.062220 0.062220
0 0.231143 0.283677 0.070161 0.070161
0 0.932135 0.542497 0.071945 0.071945
0 0.112350 0.711002 0.057104 0.057104
0 0.362094 0.931688 0.062220 0.062220
0 0.501057 0.374874 0.071945 0.071945
0 0.782456 0.282250 0.061130 0.061130
0 0.598716 0.062252 0.062220 0.062220
0 0.020544 0.254801 0.071945 0.071945
0 0.316850 0.313430 0.062220 0.062220
0 0.771169 0.645622 0.071945 0.071945
0 0.333978 0.615722 0.061131 0.061131
0 0.621618 0.526773 0.061130 0.061130
0 0.646631 0.645648 0.104277 0.104277
0 0.353421 0.377266 0.104277 0.104277
0 0.528616 0.029657 0.052757 0.052757
0 0.267880 0.222901 0.061130 0.061130
0 0.050115 0.866133 0.057104 0.057104
0 0.397390 0.512192 0.071945 0.071945
0 0.770547 0.777325 0.104277 0.104277
0 0.655001 0.199094 0.061130 0.061130
0 0.083279 0.627429 0.104277 0.104277
0 0.751555 0.178195 0.057104 0.057104
0 0.461606 0.108706 0.071945 0.071945
0 0.248441 0.446493 0.104277 0.104277
0 0.349305 0.191090 0.057104 0.057104
0 0.041054 0.448277 0.062220 0.062220
0 0.459473 0.761106 0.071945 0.071945
0 0.052533 0.960633 0.057104 0.057104
0 0.814667 0.126147 0.062220 0.062220
0 0.319777 0.093221 0.071945 0.071945
0 0.209232 0.153403 0.071945 0.071945
0 0.100923 0.789962 0.052757 0.052757
0 0.172114 0.859043 0.104277 0.104277
0 0.140671 0.428154 0.062220 0.062220
0 0.070874 0.088457 0.052757 0.052757
0 0.473281 0.895520 0.061131 0.061131
0 0.248891 0.944217 0.061130 0.061130
0 0.331377 0.842005 0.104277 0.104277
0 0.867140 0.383467 0.062220 0.062220
0 0.446896 0.011235 0.052757 0.052757
0 0.830715 0.445034 0.062220 0.062220
0 0.382725 0.256729 0.062220 0.062220
0 0.544258 0.726465 0.062220 0.062220
0 0.236302 0.679368 0.062220 0.062220
0 0.562820 0.965899 0.057104 0.057104
0 0.652410 0.116382 0.061131 0.061131
0 0.126471 0.143568 0.052757 0.052757
0 0.427289 0.440667 0.061131 0.061131
0 0.331133 0.477985 0.061131 0.061131
0 0.599674 0.252189 0.071945 0.071945
0 0.204088 0.053785 0.057104 0.057104
0 0.686306 0.924523 0.071945 0.071945
0 0.129246 0.934741 0.061130 0.061130
0 0.294117 0.556148 0.052757 0.052757
0 0.373751 0.750969 0.061131 0.061131
0 0.792867 0.372181 0.052757 0.052757
0 0.591305 0.448511 0.057104 0.057104
0 0.199084 0.356181 0.052757 0.052757
0 0.892408 0.115574 0.052757 0.052757
0 0.446230 0.289844 0.071945 0.071945
0 0.985018 0.773187 0.057104 0.057104
0 0.709216 0.265719 0.052757 0.052757
0 0.842388 0.797073 0.052757 0.052757
0 0.527404 0.151847 0.071945 0.071945
0 0.960261 0.057052 0.062220 0.062220
0 0.172168 0.581563 0.104277 0.104277
0 0.592438 0.898947 0.052757 0.052757
0 0.729149 0.463087 0.071945 0.071945
0 0.077737 0.386129 0.057104 0.057104
0 0.631111 0.377658 0.062220 0.062220
0 0.036266 0.150992 0.104277 0.104277
0 0.829827 0.017833 0.071945 0.071945
0 0.962566 0.173089 0.052559 0.052559
0 0.623403 0.742104 0.057104 0.057104
0 0.190685 0.736997 0.061130 0.061130
0 0.457810 0.212894 0.071945 0.071945
0 0.557206 0.815790 0.057104 0.057104
0 0.463055 0.563811 0.104277 0.104277
0 0.231444 0.809910 0.061130 0.061130
0 0.529397 0.633248 0.052757 0.052757
0 0.408425 0.851931 0.071945 0.071945
0 0.698067 0.401250 0.104277 0.104277
0 0.536552 0.498792 0.071945 0.071945
0 0.550525 0.308806 0.104277 0.104277
0 0.174351 0.494412 0.057104 0.057104
0 0.276890 0.748720 0.071945 0.071945
0 0.281457 0.154455 0.057103 0.057103
0 0.909492 0.252895 0.071945 0.071945
0 0.025073 0.535711 0.057104 0.057104
0 0.753308 0.561992 0.104277 0.104277
0 0.810085 0.216685 0.052757 0.052757
0 0.416954 0.622948 0.052757 0.052757
0 0.711389 0.740102 0.062220 0.062220
0 0.762781 0.066027 0.061131 0.061131