0 0.985989 0.764769 0.062220 0.062220
0 0.963724 0.879679 0.104277 0.104277
0 0.249245 0.419698 0.062220 0.062220
0 0.798243 0.197837 0.052757 0.052757
0 0.891456 0.144911 0.052757 0.052757
0 0.958726 0.694062 0.052757 0.052757
0 0.832134 0.993688 0.071945 0.071945
0 0.203319 0.478540 0.062220 0.062220
0 0.349893 0.455552 0.070161 0.070161
0 0.703267 0.114145 0.062220 0.062220
0 0.231100 0.882877 0.057104 0.057104
0 0.100006 0.118571 0.057104 0.057104
0 0.619807 0.546749 0.071945 0.071945
0 0.901206 0.454125 0.061130 0.061130
0 0.717466 0.234127 0.062220 0.062220
0 0.139294 0.426676 0.071945 0.071945
0 0.435600 0.485305 0.062220 0.062220
0 0.889919 0.817497 0.071945 0.071945
0 0.452728 0.787597 0.061131 0.061131
0 0.740368 0.698648 0.061130 0.061130
0 0.113714 0.195256 0.062220 0.062220
0 0.765381 0.817523 0.104277 0.104277
0 0.472171 0.549141 0.104277 0.104277
0 0.647366 0.201532 0.052757 0.052757
0 0.386630 0.394776 0.061130 0.061130
0 0.099515 0.278017 0.071945 0.071945
0 0.516140 0.684067 0.071945 0.071945
0 0.889297 0.949200 0.104277 0.104277
0 0.033819 0.217018 0.104277 0.104277
0 0.773751 0.370969 0.061130 0.061130
0 0.202029 0.799304 0.104277 0.104277
0 0.870305 0.350070 0.057104 0.057104
0 0.580356 0.280581 0.071945 0.071945
0 0.186227 0.149010 0.071945 0.071945
0 0.367191 0.618368 0.104277 0.104277
0 0.468055 0.362965 0.057104 0.057104
0 0.159804 0.620152 0.062220 0.062220
0 0.468811 0.165821 0.061131 0.061131
0 0.578223 0.932981 0.071945 0.071945
0 0.014129 0.883473 0.057104 0.057104
0 0.778250 0.121449 0.057104 0.057104
0 0.933417 0.298022 0.062220 0.062220
0 0.438527 0.265096 0.071945 0.071945
0 0.327982 0.325278 0.071945 0.071945
0 0.219673 0.961837 0.052757 0.052757
0 0.259421 0.600029 0.062220 0.062220
0 0.189624 0.260332 0.052757 0.052757
0 0.066946 0.523156 0.071945 0.071945
0 0.057612 0.758940 0.052757 0.052757
0 0.103554 0.970523 0.057104 0.057104
0 0.985890 0.555342 0.062220 0.062220
0 0.565646 0.183110 0.052757 0.052757
0 0.949465 0.616909 0.062220 0.062220
0 0.501475 0.428604 0.062220 0.062220
0 0.663008 0.898340 0.062220 0.062220
0 0.355052 0.851243 0.062220 0.062220
0 0.771160 0.288257 0.061131 0.061131
0 0.245221 0.315443 0.052757 0.052757
0 0.546039 0.612542 0.061131 0.061131
0 0.298904 0.144407 0.071945 0.071945
0 0.449883 0.649860 0.061131 0.061131
0 0.718424 0.424064 0.071945 0.071945
0 0.629889 0.121325 0.062220 0.062220
0 0.322838 0.225660 0.057104 0.057104
0 0.009376 0.098934 0.104277 0.104277
0 0.412867 0.728023 0.052757 0.052757
0 0.492501 0.922844 0.061131 0.061131
0 0.911617 0.544056 0.052757 0.052757
0 0.710055 0.620386 0.057104 0.057104
0 0.317834 0.528056 0.052757 0.052757
0 0.564980 0.461719 0.071945 0.071945
0 0.827966 0.437594 0.052757 0.052757
0 0.961138 0.968948 0.052757 0.052757
0 0.646154 0.323722 0.071945 0.071945
0 0.381608 0.112252 0.104277 0.104277
0 0.290918 0.753438 0.104277 0.104277
0 0.069436 0.833425 0.061130 0.061130
0 0.013287 0.653341 0.104277 0.104277
0 0.847899 0.634962 0.071945 0.071945
0 0.196487 0.558004 0.057104 0.057104
0 0.749861 0.549533 0.062220 0.062220
0 0.078872 0.682430 0.071945 0.071945
0 0.155016 0.322867 0.104277 0.104277
0 0.948577 0.189708 0.071945 0.071945
0 0.742153 0.913979 0.057104 0.057104
0 0.309435 0.908872 0.061130 0.061130
0 0.576560 0.384769 0.071945 0.071945
0 0.073009 0.444934 0.056505 0.056505
0 0.675956 0.987665 0.057104 0.057104
0 0.581805 0.735686 0.104277 0.104277
0 0.350194 0.981785 0.061130 0.061130
0 0.648147 0.805123 0.052757 0.052757
0 0.816817 0.573125 0.104277 0.104277
0 0.655302 0.670667 0.071945 0.071945
0 0.669275 0.480681 0.104277 0.104277
0 0.293101 0.666287 0.057104 0.057104
0 0.067306 0.376245 0.061130 0.061130
0 0.395640 0.920595 0.071945 0.071945
0 0.400207 0.326330 0.057103 0.057103
0 0.143823 0.707586 0.057104 0.057104
0 0.872058 0.733867 0.104277 0.104277
0 0.552924 0.112674 0.057104 0.057104
0 0.928835 0.388560 0.052757 0.052757
0 0.535704 0.794823 0.052757 0.052757
0 0.830139 0.911977 0.062220 0.062220
0 0.881531 0.237902 0.061131 0.061131
0 0.951248 0.111317 0.062220 0.062220