0 0.632535 0.642677 0.062220 0.062220
0 0.557092 0.869893 0.052757 0.052757
0 0.551362 0.107106 0.104277 0.104277
0 0.579420 0.517062 0.057103 0.057103
0 0.748473 0.764353 0.071945 0.071945
0 0.213020 0.490348 0.104277 0.104277
0 0.795721 0.826792 0.061130 0.061130
0 0.350766 0.562707 0.052757 0.052757
0 0.973855 0.950747 0.052757 0.052757
0 0.124490 0.844772 0.104278 0.104278
0 0.784225 0.267252 0.057104 0.057104
0 0.511540 0.339200 0.104277 0.104277
0 0.495582 0.781387 0.071945 0.071945
0 0.425337 0.774302 0.057104 0.057104
0 0.320301 0.272259 0.104277 0.104277
0 0.693390 0.940294 0.057104 0.057104
0 0.530937 0.203349 0.057104 0.057104
0 0.178136 0.294090 0.062220 0.062220
0 0.189801 0.184312 0.062220 0.062220
0 0.721990 0.422383 0.057104 0.057104
0 0.479507 0.152218 0.104277 0.104277
0 0.251446 0.330611 0.062220 0.062220
0 0.840579 0.704485 0.061130 0.061130
0 0.094347 0.325365 0.104278 0.104278
0 0.755154 0.183679 0.104277 0.104277
0 0.642013 0.464818 0.052757 0.052757
0 0.445868 0.021166 0.052757 0.052757
0 0.920316 0.002743 0.104277 0.104277
0 0.712929 0.004527 0.062220 0.062220
0 0.395188 0.488160 0.062220 0.062220
0 0.094535 0.436120 0.071945 0.071945
0 0.567254 0.267848 0.057104 0.057104
0 0.724408 0.516883 0.057104 0.057104
0 0.626513 0.904246 0.104277 0.104277
0 0.490553 0.682424 0.057104 0.057104
0 0.732269 0.684171 0.057104 0.057104
0 0.397908 0.859553 0.057104 0.057104
0 0.094599 0.087255 0.052757 0.052757
0 0.772798 0.346212 0.052757 0.052757
0 0.843989 0.415293 0.104277 0.104277
0 0.600835 0.798508 0.104277 0.104277
0 0.884878 0.915911 0.052757 0.052757
0 0.244137 0.062635 0.061130 0.061130
0 0.183453 0.628611 0.062220 0.062220
0 0.615928 0.990808 0.104277 0.104277
0 0.405392 0.691807 0.052757 0.052757
0 0.600093 0.703777 0.052757 0.052757
0 0.417004 0.623098 0.061130 0.061130
0 0.785457 0.617270 0.104277 0.104277
0 0.920766 0.500467 0.061130 0.061130
0 0.610737 0.143315 0.052757 0.052757
0 0.656679 0.354898 0.057104 0.057104
0 0.485958 0.537916 0.071945 0.071945
0 0.323972 0.950539 0.061130 0.061130
0 0.908177 0.235618 0.062220 0.062220
0 0.311548 0.031226 0.061130 0.061130
0 0.180722 0.010484 0.061130 0.061130
0 0.690845 0.866547 0.062220 0.062220
0 0.468757 0.279066 0.052757 0.052757
0 0.997944 0.576581 0.062220 0.062220
0 0.265119 0.400267 0.057104 0.057104
0 0.801121 0.490991 0.061130 0.061130
0 0.328649 0.143277 0.057104 0.057104
0 0.962709 0.640199 0.104278 0.104278
0 0.965992 0.112398 0.052757 0.052757
0 0.343155 0.651243 0.061130 0.061130
0 0.127104 0.154419 0.061130 0.061130
0 0.309767 0.488429 0.062220 0.062220
0 0.487585 0.887039 0.057104 0.057104
0 0.798093 0.895946 0.057104 0.057104
0 0.217076 0.934102 0.057104 0.057104
0 0.289781 0.829213 0.104277 0.104277
0 0.100257 0.632125 0.061130 0.061130
0 0.898284 0.820686 0.057104 0.057104
0 0.844043 0.137813 0.104277 0.104277
0 0.622561 0.217800 0.061130 0.061130
0 0.566412 0.037716 0.104277 0.104277
0 0.487349 0.965148 0.061130 0.061130
0 0.417186 0.952427 0.062220 0.062220
0 0.762201 0.970411 0.048997 0.048997
0 0.141473 0.560133 0.061130 0.061130
0 0.333172 0.410494 0.057104 0.057104
0 0.965227 0.875042 0.062220 0.062220
0 0.188705 0.775805 0.104277 0.104277
0 0.631997 0.066805 0.071945 0.071945
0 0.191540 0.417843 0.052757 0.052757
0 0.862560 0.293247 0.061130 0.061130
0 0.698870 0.601593 0.057104 0.057104
0 0.897286 0.598279 0.104277 0.104277
0 0.573628 0.591942 0.104277 0.104277
0 0.147247 0.933150 0.057104 0.057104
0 0.903319 0.366160 0.061130 0.061130
0 0.265153 0.190955 0.062220 0.062220
0 0.846226 0.050662 0.057104 0.057104
0 0.597755 0.397019 0.062220 0.062220
0 0.948765 0.304970 0.071945 0.071945
0 0.227087 0.565815 0.071945 0.071945
0 0.696948 0.091961 0.057104 0.057104
0 0.295937 0.752750 0.061130 0.061130
0 0.379025 0.320175 0.104277 0.104277
0 0.497566 0.455874 0.052757 0.052757
0 0.384427 0.200470 0.057104 0.057104
0 0.680002 0.788655 0.057104 0.057104
0 0.444817 0.381331 0.062220 0.062220
0 0.099007 0.721557 0.071945 0.071945
0 0.131558 0.239218 0.061130 0.061130
0 0.263959 0.688940 0.062220 0.062220