0 0.470545 0.305101 0.062220 0.062220
0 0.816183 0.644729 0.062220 0.062220
0 0.777957 0.450705 0.062220 0.062220
0 0.553859 0.758343 0.057103 0.057103
0 0.803937 0.094071 0.052757 0.052757
0 0.815629 0.180620 0.104277 0.104277
0 0.574531 0.504992 0.052757 0.052757
0 0.412874 0.359983 0.071945 0.071945
0 0.533722 0.589662 0.062220 0.062220
0 0.438755 0.782644 0.071945 0.071945
0 0.795362 0.006650 0.104277 0.104277
0 0.463674 0.620298 0.104277 0.104277
0 0.267296 0.393109 0.061130 0.061130
0 0.544162 0.311163 0.061130 0.061130
0 0.524578 0.223280 0.052757 0.052757
0 0.315724 0.689461 0.104278 0.104278
0 0.928827 0.084503 0.104277 0.104277
0 0.713603 0.804226 0.062220 0.062220
0 0.685380 0.224107 0.061130 0.061130
0 0.766224 0.349565 0.062220 0.062220
0 0.961368 0.431375 0.057104 0.057104
0 0.183885 0.053411 0.104278 0.104278
0 0.871433 0.787521 0.071945 0.071945
0 0.808113 0.257775 0.057104 0.057104
0 0.573449 0.686906 0.061130 0.061130
0 0.625911 0.459218 0.062220 0.062220
0 0.724309 0.045430 0.052757 0.052757
0 0.824030 0.715531 0.057104 0.057104
0 0.332898 0.492696 0.062220 0.062220
0 0.844659 0.393218 0.057104 0.057104
0 0.656734 0.305319 0.061130 0.061130
0 0.787874 0.795184 0.052757 0.052757
0 0.866480 0.017598 0.061130 0.061130
0 0.621964 0.566350 0.062220 0.062220
0 0.249269 0.105617 0.062220 0.062220
0 0.747179 0.686545 0.050891 0.050891
0 0.400601 0.192841 0.062220 0.062220
0 0.473005 0.701980 0.104277 0.104277
0 0.617621 0.181564 0.057104 0.057104
0 0.911049 0.578851 0.062220 0.062220
0 0.986576 0.045958 0.071945 0.071945
0 0.407775 0.524847 0.062220 0.062220
0 0.632199 0.765567 0.052757 0.052757
0 0.679830 0.611691 0.062220 0.062220
0 0.775589 0.577610 0.104277 0.104277
0 0.574039 0.049033 0.057104 0.057104
0 0.283037 0.286723 0.104278 0.104278
0 0.501314 0.015413 0.071945 0.071945
0 0.401675 0.280187 0.052757 0.052757
0 0.310858 0.796314 0.071945 0.071945
0 0.220246 0.801989 0.052757 0.052757
0 0.937437 0.706788 0.061130 0.061130
0 0.940961 0.301906 0.062220 0.062220
0 0.918306 0.155762 0.071945 0.071945
0 0.370473 0.750086 0.057104 0.057104
0 0.439899 0.094979 0.052757 0.052757
0 0.632195 0.090871 0.071945 0.071945
0 0.158223 0.123453 0.104277 0.104277
0 0.334578 0.334705 0.057104 0.057104
0 0.368156 0.003383 0.057104 0.057104
0 0.648777 0.684500 0.062220 0.062220
0 0.338653 0.081205 0.104277 0.104277
0 0.947015 0.810138 0.062220 0.062220
0 0.299780 0.200730 0.104277 0.104277
0 0.189933 0.725536 0.104277 0.104277
0 0.726757 0.509630 0.104277 0.104277
0 0.300054 0.610389 0.061131 0.061131
0 0.181190 0.605447 0.057104 0.057104
0 0.511724 0.125764 0.052757 0.052757
0 0.160349 0.533530 0.062220 0.062220
0 0.958032 0.514408 0.052757 0.052757
0 0.373391 0.625484 0.057104 0.057104
0 0.493999 0.418332 0.057104 0.057104
0 0.214761 0.326719 0.062220 0.062220
0 0.214935 0.254284 0.057104 0.057104
0 0.884807 0.509686 0.052757 0.052757
0 0.918479 0.375072 0.061130 0.061130
0 0.589960 0.394416 0.104277 0.104277
0 0.249938 0.518258 0.057104 0.057104
0 0.238589 0.662265 0.061130 0.061130
0 0.738076 0.114408 0.104277 0.104277
0 0.162678 0.402440 0.057104 0.057104