0 0.008045 0.255101 0.062220 0.062220
0 0.353683 0.594729 0.062220 0.062220
0 0.315457 0.400705 0.062220 0.062220
0 0.804845 0.117532 0.071945 0.071945
0 0.091359 0.708343 0.057103 0.057103
0 0.813529 0.487864 0.061130 0.061130
0 0.341437 0.044071 0.052757 0.052757
0 0.875656 0.595956 0.104277 0.104277
0 0.353129 0.130620 0.104277 0.104277
0 0.699593 0.384245 0.104277 0.104277
0 0.112031 0.454992 0.052757 0.052757
0 0.658454 0.505856 0.104277 0.104277
0 0.544970 0.547830 0.071945 0.071945
0 0.702994 0.136987 0.062220 0.062220
0 0.071222 0.539662 0.062220 0.062220
0 0.001174 0.570298 0.104277 0.104277
0 0.728347 0.309245 0.057104 0.057104
0 0.081662 0.261163 0.061130 0.061130
0 0.062078 0.173280 0.052757 0.052757
0 0.738471 0.663855 0.062220 0.062220
0 0.796694 0.291681 0.104277 0.104277
0 0.954356 0.588873 0.062220 0.062220
0 0.682047 0.232743 0.061130 0.061130
0 0.561352 0.274617 0.057104 0.057104
0 0.466327 0.034503 0.104277 0.104277
0 0.251103 0.754226 0.062220 0.062220
0 0.222880 0.174107 0.061130 0.061130
0 0.303724 0.299565 0.062220 0.062220
0 0.957086 0.193943 0.052757 0.052757
0 0.498868 0.381375 0.057104 0.057104
0 0.614844 0.411466 0.104277 0.104277
0 0.408933 0.737521 0.071945 0.071945
0 0.345613 0.207775 0.057104 0.057104
0 0.110949 0.636906 0.061130 0.061130
0 0.924303 0.380811 0.071945 0.071945
0 0.554281 0.620795 0.071945 0.071945
0 0.163411 0.409218 0.062220 0.062220
0 0.361530 0.665531 0.057104 0.057104
0 0.382159 0.343218 0.057104 0.057104
0 0.194234 0.255319 0.061130 0.061130
0 0.881154 0.097337 0.061131 0.061131
0 0.325374 0.745184 0.052757 0.052757
0 0.839547 0.025788 0.071945 0.071945
0 0.627748 0.144337 0.062220 0.062220
0 0.842693 0.348648 0.057104 0.057104
0 0.159464 0.516350 0.062220 0.062220
0 0.580389 0.485187 0.057104 0.057104
0 0.655415 0.302175 0.104277 0.104277
0 0.284679 0.636545 0.050891 0.050891
0 0.010505 0.651980 0.104277 0.104277
0 0.155121 0.131564 0.057104 0.057104
0 0.448549 0.528851 0.062220 0.062220
0 0.569368 0.737917 0.057104 0.057104
0 0.169699 0.715567 0.052757 0.052757
0 0.983297 0.654626 0.062220 0.062220
0 0.958377 0.103059 0.052757 0.052757
0 0.217330 0.561691 0.062220 0.062220
0 0.313089 0.527610 0.104277 0.104277
0 0.667923 0.062597 0.061130 0.061130
0 0.938048 0.753197 0.052757 0.052757
0 0.941486 0.310169 0.062220 0.062220
0 0.474937 0.656788 0.061130 0.061130
0 0.885909 0.489928 0.104277 0.104277
0 0.478461 0.251906 0.062220 0.062220
0 0.455806 0.105762 0.071945 0.071945
0 0.613360 0.571940 0.062220 0.062220
0 0.169695 0.040871 0.071945 0.071945
0 0.797904 0.717658 0.052757 0.052757
0 0.186277 0.634500 0.062220 0.062220
0 0.484515 0.760138 0.062220 0.062220
0 0.714002 0.453581 0.062220 0.062220
0 0.588215 0.342928 0.071945 0.071945
0 0.889526 0.665488 0.061131 0.061131
0 0.767587 0.035071 0.057104 0.057104
0 0.264257 0.459630 0.104277 0.104277
0 0.864851 0.415650 0.104277 0.104277
0 0.049224 0.075764 0.052757 0.052757
0 0.825763 0.224033 0.062220 0.062220
0 0.708289 0.748568 0.061130 0.061130
0 0.853507 0.766703 0.062220 0.062220
0 0.975352 0.488196 0.052757 0.052757
0 0.495532 0.464408 0.052757 0.052757
0 0.781753 0.380996 0.071945 0.071945
0 0.650282 0.652053 0.061131 0.061131
0 0.897802 0.236843 0.104277 0.104277
0 0.031499 0.368332 0.057104 0.057104
0 0.740303 0.581106 0.104277 0.104277
0 0.422307 0.459686 0.052757 0.052757
0 0.455979 0.325072 0.061130 0.061130
0 0.127460 0.344416 0.104277 0.104277
0 0.540185 0.119743 0.052757 0.052757
0 0.275576 0.064408 0.104277 0.104277