0 0.652370 0.404073 0.062220 0.062220
0 0.401362 0.707106 0.104277 0.104277
0 0.606444 0.462915 0.062220 0.062220
0 0.753018 0.439927 0.070161 0.070161
0 0.255104 0.110588 0.062220 0.062220
0 0.383738 0.431539 0.104278 0.104278
0 0.634225 0.867252 0.057104 0.057104
0 0.503131 0.102946 0.057104 0.057104
0 0.050459 0.246146 0.062220 0.062220
0 0.361540 0.939200 0.104277 0.104277
0 0.542419 0.411051 0.071945 0.071945
0 0.838725 0.469680 0.062220 0.062220
0 0.855853 0.771972 0.061131 0.061131
0 0.516839 0.179631 0.062220 0.062220
0 0.170301 0.872259 0.104277 0.104277
0 0.063878 0.486423 0.104277 0.104277
0 0.024884 0.381417 0.071945 0.071945
0 0.875296 0.533516 0.104277 0.104277
0 0.283834 0.469118 0.071945 0.071945
0 0.789755 0.379151 0.061130 0.061130
0 0.380937 0.803349 0.057104 0.057104
0 0.028136 0.894090 0.062220 0.062220
0 0.502640 0.262392 0.071945 0.071945
0 0.039801 0.784312 0.062220 0.062220
0 0.329507 0.752218 0.104277 0.104277
0 0.919265 0.668442 0.071945 0.071945
0 0.101446 0.930611 0.062220 0.062220
0 0.436944 0.201393 0.104277 0.104277
0 0.253185 0.277173 0.104277 0.104277
0 0.380406 0.313830 0.057104 0.057104
0 0.372489 0.177129 0.071945 0.071945
0 0.605154 0.783679 0.104277 0.104277
0 0.983481 0.264956 0.071945 0.071945
0 0.589352 0.133385 0.071945 0.071945
0 0.295868 0.621166 0.052757 0.052757
0 0.770316 0.602743 0.104277 0.104277
0 0.871180 0.347340 0.057104 0.057104
0 0.562929 0.604527 0.062220 0.062220
0 0.871936 0.150196 0.061131 0.061131
0 0.981348 0.917356 0.071945 0.071945
0 0.148679 0.546744 0.062220 0.062220
0 0.417254 0.867848 0.057104 0.057104
0 0.170780 0.185878 0.104277 0.104277
0 0.841652 0.249471 0.071945 0.071945
0 0.731107 0.309653 0.071945 0.071945
0 0.622798 0.946212 0.052757 0.052757
0 0.662546 0.584404 0.062220 0.062220
0 0.094137 0.662635 0.061130 0.061130
0 0.592749 0.244707 0.052757 0.052757
0 0.470071 0.507531 0.071945 0.071945
0 0.460737 0.743315 0.052757 0.052757
0 0.506679 0.954898 0.057104 0.057104
0 0.853252 0.998255 0.104277 0.104277
0 0.968771 0.167485 0.052757 0.052757
0 0.904600 0.412979 0.062220 0.062220
0 0.103896 0.323724 0.104277 0.104277
0 0.175000 0.273313 0.057104 0.057104
0 0.758177 0.835618 0.062220 0.062220
0 0.161548 0.631226 0.061130 0.061130
0 0.030722 0.610484 0.061130 0.061130
0 0.318757 0.879066 0.052757 0.052757
0 0.648346 0.299818 0.052757 0.052757
0 0.949164 0.596917 0.061131 0.061131
0 0.702029 0.128782 0.071945 0.071945
0 0.239662 0.570625 0.071945 0.071945
0 0.853008 0.634235 0.061131 0.061131
0 0.201576 0.349985 0.104277 0.104277
0 0.725963 0.210035 0.057104 0.057104
0 0.098089 0.421114 0.057104 0.057104
0 0.178649 0.743277 0.057104 0.057104
0 0.342473 0.252729 0.062220 0.062220
0 0.412501 0.083309 0.104277 0.104277
0 0.815992 0.712398 0.052757 0.052757
0 0.895626 0.907219 0.061131 0.061131
0 0.720959 0.512431 0.052757 0.052757
0 0.968105 0.446094 0.071945 0.071945
0 0.784733 0.096627 0.104277 0.104277
0 0.694043 0.737813 0.104277 0.104277
0 0.472561 0.817800 0.061130 0.061130
0 0.416412 0.637716 0.104277 0.104277
0 0.379113 0.508616 0.052757 0.052757
0 0.599612 0.542379 0.057104 0.057104
0 0.481997 0.666805 0.071945 0.071945
0 0.558141 0.307242 0.104277 0.104277
0 0.712560 0.893247 0.061130 0.061130
0 0.017255 0.308269 0.071945 0.071945
0 0.979685 0.369144 0.071945 0.071945
0 0.476134 0.429309 0.056505 0.056505
0 0.984930 0.720061 0.104277 0.104277
0 0.753319 0.966160 0.061130 0.061130
0 0.115153 0.790955 0.062220 0.062220
0 0.696226 0.650662 0.057104 0.057104
0 0.470431 0.360620 0.061130 0.061130
0 0.447755 0.997019 0.062220 0.062220
0 0.798765 0.904970 0.071945 0.071945
0 0.803332 0.310705 0.057103 0.057103
0 0.546948 0.691961 0.057104 0.057104
0 0.269985 0.384422 0.062220 0.062220
0 0.180536 0.090365 0.062220 0.062220
0 0.229025 0.920175 0.104277 0.104277
0 0.207248 0.504841 0.057104 0.057104
0 0.234427 0.800470 0.057104 0.057104
0 0.287261 0.171672 0.061130 0.061130
0 0.956049 0.097049 0.057104 0.057104
0 0.081916 0.179294 0.057104 0.057104
0 0.294817 0.981331 0.062220 0.062220
0 0.055478 0.090437 0.071945 0.071945
0 0.938829 0.779198 0.052757 0.052757