0 0.472092 0.243227 0.104277 0.104277
0 0.428544 0.031236 0.061130 0.061130
0 0.144552 0.450755 0.104278 0.104278
0 0.622382 0.240903 0.062220 0.062220
0 0.954094 0.750832 0.071945 0.071945
0 0.200208 0.887877 0.104277 0.104277
0 0.262696 0.612103 0.052757 0.052757
0 0.731893 0.039510 0.071945 0.071945
0 0.442993 0.798849 0.061130 0.061130
0 0.849271 0.923826 0.104277 0.104277
0 0.985640 0.231378 0.047276 0.047276
0 0.875994 0.537979 0.062220 0.062220
0 0.161990 0.561560 0.052757 0.052757
0 0.615937 0.760725 0.071945 0.071945
0 0.183061 0.732787 0.052757 0.052757
0 0.466216 0.158042 0.057104 0.057104
0 0.259368 0.807922 0.071945 0.071945
0 0.008969 0.813448 0.104277 0.104277
0 0.502078 0.344678 0.051819 0.051819
0 0.148244 0.021233 0.104277 0.104277
0 0.682226 0.288391 0.052757 0.052757
0 0.394784 0.633479 0.104277 0.104277
0 0.694645 0.879583 0.104277 0.104277
0 0.812424 0.690776 0.071945 0.071945
0 0.743502 0.236906 0.057103 0.057103
0 0.817171 0.622330 0.062220 0.062220
0 0.060077 0.959503 0.104277 0.104277
0 0.755127 0.818081 0.057104 0.057104
0 0.798094 0.991756 0.062220 0.062220
0 0.697844 0.749865 0.062220 0.062220
0 0.659118 0.076239 0.036679 0.036679
0 0.094398 0.362193 0.052757 0.052757
0 0.778156 0.354246 0.104277 0.104277
0 0.492880 0.006850 0.057104 0.057104
0 0.577919 0.415022 0.104277 0.104277
0 0.883493 0.722558 0.061130 0.061130
0 0.573056 0.341729 0.071945 0.071945
0 0.969648 0.337303 0.071945 0.071945
0 0.337241 0.884211 0.052757 0.052757
0 0.279527 0.354438 0.052757 0.052757
0 0.875487 0.369114 0.061131 0.061131
0 0.147265 0.806966 0.104277 0.104277
0 0.094562 0.668612 0.057104 0.057104
0 0.299899 0.750216 0.052757 0.052757
0 0.991526 0.120376 0.057104 0.057104
0 0.494374 0.501651 0.054783 0.054783
0 0.799301 0.062394 0.062220 0.062220
0 0.631217 0.946787 0.062220 0.062220
0 0.661926 0.435563 0.057103 0.057103
0 0.433297 0.950788 0.071945 0.071945
0 0.462476 0.613817 0.071945 0.071945
0 0.462736 0.684641 0.061130 0.061130
0 0.245600 0.275069 0.071945 0.071945
0 0.019277 0.480666 0.061130 0.061130
0 0.077279 0.595204 0.052757 0.052757
0 0.756232 0.502384 0.061131 0.061131
0 0.342756 0.510319 0.057104 0.057104
0 0.707410 0.370265 0.061131 0.061131
0 0.117826 0.920958 0.071945 0.071945
0 0.917739 0.979732 0.045227 0.045227
0 0.013973 0.315322 0.062220 0.062220
0 0.129634 0.144322 0.061130 0.061130
0 0.972981 0.462807 0.071945 0.071945
0 0.978363 0.601332 0.104278 0.104278
0 0.907964 0.223245 0.062220 0.062220
0 0.261673 0.987597 0.061130 0.061130
0 0.356951 0.388445 0.052757 0.052757
0 0.973404 0.883527 0.061130 0.061130
0 0.069746 0.746387 0.057104 0.057104
0 0.064946 0.046583 0.061130 0.061130
0 0.214700 0.101118 0.104277 0.104277
0 0.378105 0.198991 0.071945 0.071945
0 0.909568 0.435910 0.104278 0.104278
0 0.586889 0.602309 0.052757 0.052757
0 0.068400 0.252709 0.061130 0.061130
0 0.882548 0.078318 0.104277 0.104277
0 0.168493 0.345245 0.057104 0.057104
0 0.060642 0.169027 0.104277 0.104277
0 0.268094 0.422861 0.062220 0.062220
0 0.832921 0.475489 0.062220 0.062220
0 0.265261 0.149655 0.104277 0.104277
0 0.244166 0.036965 0.052757 0.052757
0 0.274566 0.681526 0.104277 0.104277
0 0.629753 0.841820 0.052757 0.052757
0 0.551082 0.076653 0.062220 0.062220
0 0.010853 0.557301 0.104277 0.104277
0 0.541800 0.893684 0.052757 0.052757
0 0.361337 0.960071 0.057104 0.057104
0 0.214397 0.478950 0.104277 0.104277
0 0.693293 0.159349 0.104277 0.104277
0 0.369230 0.282907 0.057104 0.057104
0 0.831810 0.827224 0.061131 0.061131
0 0.737447 0.691487 0.057104 0.057104
0 0.756482 0.425988 0.071945 0.071945
0 0.606745 0.124571 0.071945 0.071945
0 0.325099 0.105715 0.052757 0.052757
0 0.179405 0.257162 0.057104 0.057104
0 0.570734 0.488400 0.104277 0.104277
0 0.761014 0.920942 0.061131 0.061131
0 0.274880 0.915061 0.050559 0.050559
0 0.747640 0.114718 0.061131 0.061131
0 0.404019 0.857840 0.061130 0.061130
0 0.533290 0.678212 0.071945 0.071945
0 0.635277 0.532598 0.057104 0.057104
0 0.675323 0.589736 0.104277 0.104277
0 0.176522 0.650617 0.061131 0.061131
0 0.023629 0.691942 0.104277 0.104277
0 0.532090 0.772765 0.071945 0.071945
0 0.480815 0.433697 0.052757 0.052757
0 0.408252 0.467924 0.104277 0.104277
0 0.918933 0.840718 0.052757 0.052757
0 0.098534 0.520669 0.071945 0.071945
0 0.840308 0.151715 0.071945 0.071945
0 0.338735 0.586889 0.071945 0.071945
0 0.644999 0.681340 0.104277 0.104277
0 0.369442 0.724829 0.104277 0.104277
0 0.921208 0.646885 0.061131 0.061131
0 0.543701 0.204470 0.057104 0.057104
0 0.813452 0.287201 0.061131 0.061131