0 0.255958 0.450613 0.052757 0.052757
0 0.807886 0.189981 0.052757 0.052757
0 0.721604 0.846828 0.061130 0.061130
0 0.731572 0.611162 0.057104 0.057104
0 0.226434 0.934792 0.062220 0.062220
0 0.228877 0.111661 0.071945 0.071945
0 0.774582 0.924215 0.104277 0.104277
0 0.807431 0.397811 0.057104 0.057104
0 0.221793 0.520858 0.062220 0.062220
0 0.434463 0.592015 0.071945 0.071945
0 0.573068 0.696537 0.104277 0.104277
0 0.493499 0.765461 0.052757 0.052757
0 0.852240 0.080457 0.057104 0.057104
0 0.716454 0.765698 0.104277 0.104277
0 0.939171 0.076714 0.057104 0.057104
0 0.406067 0.759659 0.052757 0.052757
0 0.652409 0.847755 0.052757 0.052757
0 0.953652 0.724416 0.061130 0.061130
0 0.845005 0.623258 0.071945 0.071945
0 0.219421 0.614028 0.052757 0.052757
0 0.365014 0.322133 0.071945 0.071945
0 0.554838 0.504762 0.061130 0.061130
0 0.358080 0.251677 0.071945 0.071945
0 0.853753 0.346444 0.071945 0.071945
0 0.833909 0.791551 0.061130 0.061130
0 0.804578 0.707886 0.062220 0.062220
0 0.948348 0.559072 0.062220 0.062220
0 0.272880 0.856063 0.061130 0.061130
0 0.853947 0.953852 0.052757 0.052757
0 0.553869 0.148687 0.071945 0.071945
0 0.507706 0.654540 0.104277 0.104277
0 0.999321 0.290333 0.061130 0.061130
0 0.970395 0.218598 0.061130 0.061130
0 0.740928 0.031433 0.104277 0.104277
0 0.565038 0.230385 0.071945 0.071945
0 0.995017 0.412777 0.104277 0.104277
0 0.684325 0.181516 0.052757 0.052757
0 0.516289 0.312610 0.052757 0.052757
0 0.359925 0.652241 0.052757 0.052757
0 0.257294 0.372949 0.104278 0.104278
0 0.890900 0.154202 0.071945 0.071945
0 0.945228 0.801051 0.104277 0.104277
0 0.440066 0.185043 0.061130 0.061130
0 0.905874 0.655072 0.071945 0.071945
0 0.448016 0.506198 0.104277 0.104277
0 0.776777 0.112869 0.104277 0.104277
0 0.646940 0.719139 0.071945 0.071945
0 0.786812 0.563236 0.050932 0.050932
0 0.326598 0.055315 0.061130 0.061130
0 0.923548 0.384350 0.052757 0.052757
0 0.398923 0.417068 0.057104 0.057104
0 0.689685 0.331241 0.071945 0.071945
0 0.900445 0.291410 0.061130 0.061130
0 0.476047 0.255869 0.062220 0.062220
0 0.647269 0.617872 0.071945 0.071945
0 0.554906 0.381043 0.104277 0.104277
0 0.261661 0.180987 0.061130 0.061130
0 0.326129 0.739451 0.104277 0.104277
0 0.337235 0.993518 0.057104 0.057104
0 0.897349 0.451376 0.061130 0.061130
0 0.759714 0.294535 0.071945 0.071945
0 0.520237 0.982154 0.104277 0.104277
0 0.612349 0.005773 0.061130 0.061130
0 0.570380 0.826389 0.104277 0.104277
0 0.887201 0.011036 0.048997 0.048997
0 0.354003 0.481785 0.062220 0.062220
0 0.958004 0.935692 0.104277 0.104277
0 0.560886 0.602691 0.052757 0.052757
0 0.858141 0.548061 0.062220 0.062220
0 0.653896 0.525965 0.062220 0.062220
0 0.476053 0.901166 0.052757 0.052757
0 0.319693 0.132549 0.057104 0.057104
0 0.355282 0.815955 0.104277 0.104277
0 0.444942 0.973802 0.061130 0.061130
0 0.510747 0.077592 0.071945 0.071945
0 0.293787 0.577854 0.057104 0.057104
0 0.664560 0.105413 0.104277 0.104277
0 0.568285 0.916752 0.062220 0.062220
0 0.430686 0.070516 0.071945 0.071945
0 0.634795 0.951794 0.071945 0.071945
0 0.863902 0.875448 0.061130 0.061130
0 0.503664 0.435970 0.071945 0.071945
0 0.598749 0.440939 0.047555 0.047555
0 0.732849 0.465735 0.052757 0.052757
0 0.245389 0.758686 0.071945 0.071945
0 0.363266 0.564740 0.057103 0.057103
0 0.728569 0.683840 0.071945 0.071945
0 0.346977 0.887297 0.104277 0.104277
0 0.812799 0.473616 0.071945 0.071945
0 0.259931 0.269203 0.062220 0.062220