0 0.555495 0.425948 0.062220 0.062220
0 0.304487 0.728981 0.104277 0.104277
0 0.509569 0.484790 0.062220 0.062220
0 0.656143 0.461802 0.070161 0.070161
0 0.158229 0.132463 0.062220 0.062220
0 0.286863 0.453414 0.104278 0.104278
0 0.537350 0.889127 0.057104 0.057104
0 0.406256 0.124821 0.057104 0.057104
0 0.264665 0.961075 0.104277 0.104277
0 0.926057 0.552999 0.071945 0.071945
0 0.445544 0.432926 0.071945 0.071945
0 0.741850 0.491555 0.062220 0.062220
0 0.758978 0.793847 0.061131 0.061131
0 0.419964 0.201506 0.062220 0.062220
0 0.073426 0.894134 0.104277 0.104277
0 0.778421 0.555391 0.104277 0.104277
0 0.953616 0.207782 0.052757 0.052757
0 0.186959 0.490993 0.071945 0.071945
0 0.692880 0.401026 0.061130 0.061130
0 0.284062 0.825224 0.057104 0.057104
0 0.405765 0.284267 0.071945 0.071945
0 0.232632 0.774093 0.104277 0.104277
0 0.822390 0.690317 0.071945 0.071945
0 0.004571 0.952486 0.062220 0.062220
0 0.340069 0.223268 0.104277 0.104277
0 0.156310 0.299048 0.104277 0.104277
0 0.283531 0.335705 0.057104 0.057104
0 0.275614 0.199004 0.071945 0.071945
0 0.508279 0.805554 0.104277 0.104277
0 0.886606 0.286831 0.071945 0.071945
0 0.492477 0.155260 0.071945 0.071945
0 0.198993 0.643041 0.052757 0.052757
0 0.673441 0.624618 0.104277 0.104277
0 0.774305 0.369215 0.057104 0.057104
0 0.466054 0.626402 0.062220 0.062220
0 0.775061 0.172071 0.061131 0.061131
0 0.884473 0.939231 0.071945 0.071945
0 0.051804 0.568619 0.062220 0.062220
0 0.320379 0.889723 0.057104 0.057104
0 0.073905 0.207753 0.104277 0.104277
0 0.744777 0.271346 0.071945 0.071945
0 0.634232 0.331528 0.071945 0.071945
0 0.525923 0.968087 0.052757 0.052757
0 0.565671 0.606279 0.062220 0.062220
0 0.495874 0.266582 0.052757 0.052757
0 0.373196 0.529406 0.071945 0.071945
0 0.363862 0.765190 0.052757 0.052757
0 0.409804 0.976773 0.057104 0.057104
0 0.871896 0.189360 0.052757 0.052757
0 0.807725 0.434854 0.062220 0.062220
0 0.969258 0.904590 0.062220 0.062220
0 0.007021 0.345599 0.104277 0.104277
0 0.078125 0.295188 0.057104 0.057104
0 0.661302 0.857493 0.062220 0.062220
0 0.064673 0.653101 0.061130 0.061130
0 0.221882 0.900941 0.052757 0.052757
0 0.551471 0.321693 0.052757 0.052757
0 0.852289 0.618792 0.061131 0.061131
0 0.605154 0.150657 0.071945 0.071945
0 0.142787 0.592500 0.071945 0.071945
0 0.756133 0.656110 0.061131 0.061131
0 0.104701 0.371860 0.104277 0.104277
0 0.936139 0.127575 0.062220 0.062220
0 0.629088 0.231910 0.057104 0.057104
0 0.001214 0.442989 0.057104 0.057104
0 0.081774 0.765152 0.057104 0.057104
0 0.245598 0.274604 0.062220 0.062220
0 0.315626 0.105184 0.104277 0.104277
0 0.719117 0.734273 0.052757 0.052757
0 0.798751 0.929094 0.061131 0.061131
0 0.624084 0.534306 0.052757 0.052757
0 0.871230 0.467969 0.071945 0.071945
0 0.952404 0.329972 0.071945 0.071945
0 0.687858 0.118502 0.104277 0.104277
0 0.597168 0.759688 0.104277 0.104277
0 0.375686 0.839675 0.061130 0.061130
0 0.319537 0.659591 0.104277 0.104277
0 0.282238 0.530491 0.052757 0.052757
0 0.502737 0.564254 0.057104 0.057104
0 0.385122 0.688680 0.071945 0.071945
0 0.461266 0.329117 0.104277 0.104277
0 0.615685 0.915122 0.061130 0.061130
0 0.882810 0.391019 0.071945 0.071945
0 0.379259 0.451184 0.056505 0.056505
0 0.982206 0.993915 0.057104 0.057104
0 0.888055 0.741936 0.104277 0.104277
0 0.656444 0.988035 0.061130 0.061130
0 0.018278 0.812830 0.062220 0.062220
0 0.954397 0.811373 0.052757 0.052757
0 0.961552 0.676917 0.071945 0.071945
0 0.975525 0.486931 0.104277 0.104277
0 0.599351 0.672537 0.057104 0.057104
0 0.373556 0.382495 0.061130 0.061130
0 0.701890 0.926845 0.071945 0.071945
0 0.706457 0.332580 0.057103 0.057103
0 0.450073 0.713836 0.057104 0.057104
0 0.173110 0.406297 0.062220 0.062220
0 0.083661 0.112240 0.062220 0.062220
0 0.132150 0.942050 0.104277 0.104277
0 0.110373 0.526716 0.057104 0.057104
0 0.137552 0.822345 0.057104 0.057104
0 0.190386 0.193547 0.061130 0.061130
0 0.859174 0.118924 0.057104 0.057104
0 0.841954 0.801073 0.052757 0.052757