0 0.866427 0.972630 0.104278 0.104278
0 0.043458 0.728738 0.052757 0.052757
0 0.595386 0.468106 0.052757 0.052757
0 0.959284 0.357949 0.062220 0.062220
0 0.519072 0.889287 0.057104 0.057104
0 0.870119 0.543108 0.104277 0.104277
0 0.469592 0.188643 0.052757 0.052757
0 0.016377 0.389786 0.071945 0.071945
0 0.594931 0.675936 0.057104 0.057104
0 0.660973 0.083103 0.071945 0.071945
0 0.708221 0.145542 0.061130 0.061130
0 0.009293 0.798983 0.062220 0.062220
0 0.886355 0.269497 0.052757 0.052757
0 0.816273 0.884068 0.052757 0.052757
0 0.221963 0.870140 0.071945 0.071945
0 0.360568 0.974662 0.104277 0.104277
0 0.639740 0.358582 0.057104 0.057104
0 0.953555 0.205406 0.052757 0.052757
0 0.726671 0.354839 0.057104 0.057104
0 0.036990 0.163522 0.104278 0.104278
0 0.949523 0.481358 0.071945 0.071945
0 0.408082 0.100137 0.071945 0.071945
0 0.337837 0.093052 0.057104 0.057104
0 0.605890 0.259044 0.057104 0.057104
0 0.967475 0.796944 0.071945 0.071945
0 0.632505 0.901383 0.071945 0.071945
0 0.006921 0.892153 0.052757 0.052757
0 0.152514 0.600258 0.071945 0.071945
0 0.342338 0.782887 0.061130 0.061130
0 0.145580 0.529802 0.071945 0.071945
0 0.753079 0.023235 0.061130 0.061130
0 0.641253 0.624569 0.071945 0.071945
0 0.592078 0.986011 0.062220 0.062220
0 0.735848 0.837197 0.062220 0.062220
0 0.851509 0.666197 0.061130 0.061130
0 0.341369 0.426812 0.071945 0.071945
0 0.295206 0.932665 0.104277 0.104277
0 0.786821 0.568458 0.061130 0.061130
0 0.757895 0.496723 0.061130 0.061130
0 0.539013 0.222996 0.104277 0.104277
0 0.403053 0.001174 0.057104 0.057104
0 0.644769 0.002921 0.057104 0.057104
0 0.310408 0.178303 0.057104 0.057104
0 0.936575 0.622993 0.104277 0.104277
0 0.513335 0.117258 0.104277 0.104277
0 0.797378 0.234661 0.052757 0.052757
0 0.790275 0.774584 0.061130 0.061130
0 0.528428 0.309558 0.104277 0.104277
0 0.352538 0.508510 0.071945 0.071945
0 0.890368 0.867120 0.057104 0.057104
0 0.782517 0.690902 0.104277 0.104277
0 0.989969 0.944736 0.062220 0.062220
0 0.317892 0.010557 0.052757 0.052757
0 0.512593 0.022527 0.052757 0.052757
0 0.987136 0.671530 0.104277 0.104277
0 0.471825 0.459641 0.052757 0.052757
0 0.966041 0.558840 0.052757 0.052757
0 0.303789 0.590735 0.052757 0.052757
0 0.147425 0.930366 0.052757 0.052757
0 0.236472 0.269289 0.061130 0.061130
0 0.044794 0.651074 0.104278 0.104278
0 0.678400 0.432327 0.071945 0.071945
0 0.603345 0.185297 0.062220 0.062220
0 0.227566 0.463168 0.061130 0.061130
0 0.693374 0.933197 0.071945 0.071945
0 0.235516 0.784323 0.104277 0.104277
0 0.917677 0.124994 0.052757 0.052757
0 0.564277 0.390994 0.104277 0.104277
0 0.434440 0.997264 0.071945 0.071945
0 0.574312 0.841361 0.050932 0.050932
0 0.114098 0.333440 0.061130 0.061130
0 0.711048 0.662475 0.052757 0.052757
0 0.186423 0.695193 0.057104 0.057104
0 0.477185 0.609366 0.071945 0.071945
0 0.687945 0.569535 0.061130 0.061130
0 0.263547 0.533994 0.062220 0.062220
0 0.901280 0.779037 0.057104 0.057104
0 0.400085 0.205789 0.057104 0.057104
0 0.710593 0.214696 0.057104 0.057104
0 0.129576 0.252852 0.057104 0.057104
0 0.202281 0.147963 0.104277 0.104277
0 0.434769 0.895997 0.071945 0.071945
0 0.342406 0.659168 0.104277 0.104277
0 0.049161 0.459112 0.061130 0.061130
0 0.932227 0.024860 0.062220 0.062220
0 0.810784 0.139436 0.057104 0.057104
0 0.684849 0.729501 0.061130 0.061130
0 0.547214 0.572660 0.071945 0.071945
0 0.399849 0.283898 0.061130 0.061130
0 0.329686 0.271177 0.062220 0.062220
0 0.674701 0.289161 0.048997 0.048997
0 0.877727 0.193792 0.062220 0.062220
0 0.141503 0.759910 0.062220 0.062220
0 0.101205 0.094555 0.104277 0.104277
0 0.348386 0.880816 0.052757 0.052757
0 0.873709 0.435153 0.062220 0.062220
0 0.645641 0.826186 0.062220 0.062220
0 0.441396 0.804090 0.062220 0.062220
0 0.059747 0.251900 0.057104 0.057104
0 0.107193 0.410674 0.057104 0.057104
0 0.877286 0.345342 0.061131 0.061131
0 0.298247 0.355717 0.071945 0.071945
0 0.081287 0.855979 0.057104 0.057104
0 0.452060 0.383538 0.104277 0.104277
0 0.218186 0.348641 0.071945 0.071945
0 0.208437 0.071500 0.061130 0.061130
0 0.291164 0.714095 0.071945 0.071945
0 0.386249 0.719064 0.047555 0.047555
0 0.520349 0.743860 0.052757 0.052757
0 0.592502 0.107405 0.057104 0.057104
0 0.011507 0.040307 0.071945 0.071945
0 0.150766 0.842865 0.057103 0.057103
0 0.804794 0.442147 0.071945 0.071945
0 0.516069 0.961965 0.071945 0.071945
0 0.600299 0.751741 0.071945 0.071945
0 0.047431 0.547328 0.062220 0.062220
0 0.176459 0.007690 0.062220 0.062220