0 0.279845 0.473782 0.071945 0.071945
0 0.842384 0.980484 0.104277 0.104277
0 0.554966 0.441761 0.071945 0.071945
0 0.835344 0.182082 0.071945 0.071945
0 0.081458 0.319127 0.104277 0.104277
0 0.587094 0.557131 0.052757 0.052757
0 0.143946 0.043353 0.052757 0.052757
0 0.288529 0.844114 0.061130 0.061130
0 0.825377 0.664285 0.061131 0.061131
0 0.731254 0.780619 0.062220 0.062220
0 0.324243 0.230099 0.061130 0.061130
0 0.730521 0.355076 0.104277 0.104277
0 0.714610 0.950812 0.052757 0.052757
0 0.350656 0.952206 0.104277 0.104277
0 0.174593 0.740495 0.104277 0.104277
0 0.133454 0.862106 0.104277 0.104277
0 0.019970 0.904080 0.071945 0.071945
0 0.497187 0.191975 0.071945 0.071945
0 0.064311 0.164037 0.052757 0.052757
0 0.177994 0.493237 0.062220 0.062220
0 0.140618 0.239172 0.071945 0.071945
0 0.607409 0.803415 0.104277 0.104277
0 0.203347 0.665495 0.057104 0.057104
0 0.697517 0.518195 0.104277 0.104277
0 0.652656 0.709314 0.071945 0.071945
0 0.862714 0.601938 0.052757 0.052757
0 0.276034 0.064729 0.104277 0.104277
0 0.575895 0.310833 0.104277 0.104277
0 0.693674 0.122026 0.071945 0.071945
0 0.271694 0.647931 0.104277 0.104277
0 0.688908 0.862073 0.052757 0.052757
0 0.698421 0.053580 0.062220 0.062220
0 0.429356 0.945123 0.062220 0.062220
0 0.157047 0.588993 0.061130 0.061130
0 0.036352 0.630867 0.057104 0.057104
0 0.636377 0.249331 0.057104 0.057104
0 0.679344 0.423006 0.062220 0.062220
0 0.432086 0.550193 0.052757 0.052757
0 0.579094 0.181115 0.062220 0.062220
0 0.089844 0.767716 0.104277 0.104277
0 0.550829 0.937943 0.062220 0.062220
0 0.399303 0.737061 0.071945 0.071945
0 0.029281 0.977045 0.071945 0.071945
0 0.764743 0.153808 0.061130 0.061130
0 0.609307 0.652070 0.102474 0.102474
0 0.218491 0.315461 0.052757 0.052757
0 0.503643 0.644245 0.104277 0.104277
0 0.028515 0.238216 0.104277 0.104277
0 0.181149 0.181466 0.052757 0.052757
0 0.512467 0.378037 0.062220 0.062220
0 0.356154 0.453587 0.061131 0.061131
0 0.314547 0.382038 0.071945 0.071945
0 0.343726 0.045067 0.071945 0.071945
0 0.102748 0.500587 0.062220 0.062220
0 0.343986 0.115891 0.061130 0.061130
0 0.317693 0.704898 0.057104 0.057104
0 0.055389 0.841437 0.057104 0.057104
0 0.130415 0.658425 0.104277 0.104277
0 0.798989 0.410982 0.045227 0.045227
0 0.433377 0.459309 0.052757 0.052757
0 0.859613 0.032582 0.104278 0.104278
0 0.142923 0.418847 0.061130 0.061130
0 0.854654 0.314777 0.061130 0.061130
0 0.416486 0.666419 0.062220 0.062220
0 0.360909 0.846178 0.104277 0.104277
0 0.088360 0.928190 0.062220 0.062220
0 0.468139 0.033559 0.052757 0.052757
0 0.155816 0.112776 0.104277 0.104277
0 0.189002 0.809831 0.062220 0.062220
0 0.511003 0.273070 0.052757 0.052757
0 0.063215 0.699178 0.071945 0.071945
0 0.423050 0.324934 0.052757 0.052757
0 0.846243 0.881632 0.061131 0.061131
0 0.242587 0.391321 0.057104 0.057104
0 0.713060 0.258474 0.061131 0.061131
0 0.618697 0.122737 0.057104 0.057104
0 0.339851 0.771900 0.104277 0.104277
0 0.811815 0.757644 0.061131 0.061131
0 0.778069 0.908729 0.062221 0.062221
0 0.613967 0.909011 0.052757 0.052757
0 0.510072 0.551370 0.055027 0.055027
0 0.642264 0.352192 0.061131 0.061131
0 0.300763 0.580283 0.062220 0.062220
0 0.720101 0.655548 0.104277 0.104277
0 0.156130 0.346311 0.050559 0.050559
0 0.450352 0.844446 0.052757 0.052757
0 0.285269 0.289090 0.061130 0.061130
0 0.414540 0.109462 0.071945 0.071945
0 0.556573 0.020986 0.104277 0.104277
0 0.256753 0.737246 0.071945 0.071945
0 0.057772 0.081867 0.061131 0.061131
0 0.413340 0.204015 0.071945 0.071945
0 0.372802 0.593093 0.104277 0.104277
0 0.536812 0.737350 0.061130 0.061130
0 0.215303 0.937356 0.104277 0.104277
0 0.800183 0.271968 0.052757 0.052757
0 0.219985 0.018139 0.071945 0.071945
0 0.526249 0.112590 0.104277 0.104277
0 0.250692 0.156079 0.104277 0.104277
0 0.015185 0.475993 0.052757 0.052757
0 0.802458 0.078135 0.061131 0.061131
0 0.774840 0.604222 0.057104 0.057104
0 0.788790 0.528139 0.088662 0.088662