0 0.359794 0.799986 0.061130 0.061130
0 0.762739 0.761695 0.052757 0.052757
0 0.292887 0.660315 0.104277 0.104277
0 0.354713 0.569267 0.071945 0.071945
0 0.506526 0.554877 0.071945 0.071945
0 0.585279 0.761735 0.104277 0.104277
0 0.260565 0.761884 0.052757 0.052757
0 0.663143 0.808260 0.071945 0.071945
0 0.557432 0.103911 0.104277 0.104277
0 0.589912 0.445180 0.061131 0.061131
0 0.747534 0.068439 0.104277 0.104277
0 0.298596 0.432368 0.104277 0.104277
0 0.791723 0.264687 0.057104 0.057104
0 0.918176 0.469647 0.062221 0.062221
0 0.807082 0.432652 0.104277 0.104277
0 0.884108 0.226566 0.104277 0.104277
0 0.621027 0.181575 0.104277 0.104277
0 0.397466 0.926792 0.057104 0.057104
0 0.168659 0.604824 0.062220 0.062220
0 0.426668 0.368339 0.052757 0.052757
0 0.079494 0.789983 0.104277 0.104277
0 0.908129 0.741761 0.071945 0.071945
0 0.623918 0.020155 0.061131 0.061131
0 0.337472 0.726523 0.061131 0.061131
0 0.370606 0.478864 0.057104 0.057104
0 0.421688 0.687018 0.052757 0.052757
0 0.689745 0.422820 0.104277 0.104277
0 0.095730 0.516372 0.052757 0.052757
0 0.560022 0.239230 0.062220 0.062220
0 0.477895 0.622978 0.057104 0.057104
0 0.397848 0.305778 0.057104 0.057104
0 0.394695 0.144953 0.052757 0.052757
0 0.868444 0.575735 0.052757 0.052757
0 0.590368 0.844989 0.036679 0.036679
0 0.505849 0.283216 0.061130 0.061130
0 0.220718 0.132256 0.061131 0.061131
0 0.808357 0.536546 0.062221 0.062221
0 0.424130 0.775600 0.057104 0.057104
0 0.162930 0.452281 0.052757 0.052757
0 0.809987 0.342034 0.071945 0.071945
0 0.746902 0.572175 0.052757 0.052757
0 0.715712 0.156025 0.061130 0.061130
0 0.734008 0.640037 0.104277 0.104277
0 0.158898 0.728233 0.071945 0.071945
0 0.155844 0.053563 0.062220 0.062220
0 0.448778 0.240239 0.061131 0.061131
0 0.639646 0.663669 0.104277 0.104277
0 0.267993 0.534564 0.071945 0.071945
0 0.498005 0.173692 0.057104 0.057104
0 0.922776 0.889126 0.057104 0.057104
0 0.730551 0.831144 0.062220 0.062220
0 0.908410 0.095602 0.057104 0.057104
0 0.230117 0.694682 0.057104 0.057104
0 0.586573 0.605377 0.061130 0.061130
0 0.060884 0.913072 0.061130 0.061130
0 0.721499 0.230900 0.061130 0.061130
0 0.839214 0.991995 0.062220 0.062220
0 0.665333 0.735992 0.061130 0.061130
0 0.234591 0.334400 0.104277 0.104277
0 0.536669 0.699860 0.062220 0.062220
0 0.145950 0.869868 0.104277 0.104277
0 0.309355 0.967741 0.071945 0.071945
0 0.006753 0.481536 0.052757 0.052757
0 0.450101 0.470890 0.062220 0.062220
0 0.813798 0.847068 0.104277 0.104277
0 0.267031 0.017395 0.061131 0.061131
0 0.196511 0.918405 0.104277 0.104277
0 0.175416 0.805715 0.052757 0.052757
0 0.042641 0.066092 0.061130 0.061130
0 0.482332 0.845403 0.062220 0.062220
0 0.860742 0.149604 0.052757 0.052757
0 0.356570 0.087774 0.057104 0.057104
0 0.517173 0.388741 0.071945 0.071945
0 0.127052 0.371869 0.052757 0.052757
0 0.119819 0.142206 0.062220 0.062220
0 0.624543 0.928099 0.104277 0.104277
0 0.480056 0.046398 0.071945 0.071945
0 0.084584 0.205824 0.104278 0.104278
0 0.537995 0.893321 0.071945 0.071945
0 0.256349 0.874465 0.052757 0.052757
0 0.334727 0.269995 0.062220 0.062220
0 0.927999 0.620976 0.071945 0.071945
0 0.141602 0.271735 0.062220 0.062220
0 0.020159 0.386311 0.057104 0.057104
0 0.678890 0.883468 0.061131 0.061131
0 0.811165 0.671198 0.071945 0.071945
0 0.386188 0.020822 0.052757 0.052757
0 0.173522 0.204106 0.071945 0.071945
0 0.087102 0.440667 0.062220 0.062220
0 0.905546 0.320173 0.104277 0.104277
0 0.660133 0.352402 0.057104 0.057104
0 0.019161 0.163904 0.104277 0.104277
0 0.083084 0.682028 0.062220 0.062220
0 0.213723 0.261032 0.052757 0.052757
0 0.642876 0.492340 0.057104 0.057104
0 0.086661 0.592217 0.061131 0.061131
0 0.651538 0.278703 0.104277 0.104277
0 0.878530 0.028407 0.061130 0.061130
0 0.771558 0.920465 0.071945 0.071945
0 0.720871 0.306298 0.104277 0.104277
0 0.735051 0.502556 0.052757 0.052757
0 0.014169 0.689022 0.071945 0.071945
0 0.474951 0.973220 0.057104 0.057104
0 0.302532 0.147415 0.061131 0.061131