0 0.437717 0.640102 0.104277 0.104277
0 0.394169 0.428111 0.061130 0.061130
0 0.110177 0.847630 0.104278 0.104278
0 0.797114 0.389820 0.052757 0.052757
0 0.327262 0.288440 0.104277 0.104277
0 0.389088 0.197392 0.071945 0.071945
0 0.588007 0.637778 0.062220 0.062220
0 0.540901 0.183002 0.071945 0.071945
0 0.619654 0.389860 0.104277 0.104277
0 0.294940 0.390009 0.052757 0.052757
0 0.697518 0.436385 0.071945 0.071945
0 0.624287 0.073305 0.061131 0.061131
0 0.332971 0.060493 0.104277 0.104277
0 0.952551 0.097772 0.062221 0.062221
0 0.841457 0.060777 0.104277 0.104277
0 0.951265 0.628253 0.047276 0.047276
0 0.841619 0.934854 0.062220 0.062220
0 0.127615 0.958435 0.052757 0.052757
0 0.431841 0.554917 0.057104 0.057104
0 0.203034 0.232949 0.062220 0.062220
0 0.467703 0.741553 0.051819 0.051819
0 0.113869 0.418108 0.104277 0.104277
0 0.942504 0.369886 0.071945 0.071945
0 0.371847 0.354648 0.061131 0.061131
0 0.647851 0.685266 0.052757 0.052757
0 0.404981 0.106989 0.057104 0.057104
0 0.709127 0.633781 0.057103 0.057103
0 0.456063 0.315143 0.052757 0.052757
0 0.724120 0.050945 0.104277 0.104277
0 0.130105 0.144497 0.052757 0.052757
0 0.512270 0.251103 0.057104 0.057104
0 0.902819 0.203860 0.052757 0.052757
0 0.624743 0.473114 0.036679 0.036679
0 0.060023 0.759068 0.052757 0.052757
0 0.743781 0.751121 0.104277 0.104277
0 0.842732 0.164671 0.062221 0.062221
0 0.458505 0.403725 0.057104 0.057104
0 0.543544 0.811897 0.104277 0.104277
0 0.197305 0.080406 0.052757 0.052757
0 0.538681 0.738604 0.071945 0.071945
0 0.781277 0.200300 0.052757 0.052757
0 0.768383 0.268162 0.104277 0.104277
0 0.935273 0.734178 0.071945 0.071945
0 0.193273 0.356358 0.071945 0.071945
0 0.245152 0.751313 0.052757 0.052757
0 0.674021 0.291794 0.104277 0.104277
0 0.302368 0.162689 0.071945 0.071945
0 0.841112 0.765989 0.061131 0.061131
0 0.957151 0.517251 0.057104 0.057104
0 0.459999 0.898526 0.054783 0.054783
0 0.764926 0.459269 0.062220 0.062220
0 0.627551 0.832438 0.057103 0.057103
0 0.211225 0.671944 0.071945 0.071945
0 0.042904 0.992079 0.052757 0.052757
0 0.721857 0.899259 0.061131 0.061131
0 0.308381 0.907194 0.057104 0.057104
0 0.673035 0.767140 0.061131 0.061131
0 0.264492 0.322807 0.057104 0.057104
0 0.620948 0.233502 0.061130 0.061130
0 0.095259 0.541197 0.061130 0.061130
0 0.938606 0.859682 0.071945 0.071945
0 0.943988 0.998207 0.104278 0.104278
0 0.873589 0.620120 0.062220 0.062220
0 0.699708 0.364117 0.061130 0.061130
0 0.322576 0.785320 0.052757 0.052757
0 0.030571 0.443458 0.061130 0.061130
0 0.001645 0.371723 0.061130 0.061130
0 0.571044 0.327985 0.062220 0.062220
0 0.180325 0.497993 0.104277 0.104277
0 0.343730 0.595866 0.071945 0.071945
0 0.875193 0.832785 0.104278 0.104278
0 0.041128 0.109661 0.052757 0.052757
0 0.484476 0.099015 0.062220 0.062220
0 0.552514 0.999184 0.052757 0.052757
0 0.034025 0.649584 0.061130 0.061130
0 0.848173 0.475193 0.104277 0.104277
0 0.134118 0.742120 0.057104 0.057104
0 0.026267 0.565902 0.104277 0.104277
0 0.233719 0.819736 0.062220 0.062220
0 0.798546 0.872364 0.062220 0.062220
0 0.230886 0.546530 0.104277 0.104277
0 0.209791 0.433840 0.052757 0.052757
0 0.516707 0.473528 0.062220 0.062220
0 0.551548 0.016866 0.071945 0.071945
0 0.180022 0.875825 0.104277 0.104277
0 0.658918 0.556224 0.104277 0.104277
0 0.334855 0.679782 0.057104 0.057104
0 0.722107 0.822863 0.071945 0.071945
0 0.572370 0.521446 0.071945 0.071945
0 0.290724 0.502590 0.052757 0.052757
0 0.145030 0.654037 0.057104 0.057104
0 0.536359 0.885275 0.104277 0.104277
0 0.962374 0.249101 0.071945 0.071945
0 0.054534 0.014436 0.057104 0.057104
0 0.713265 0.511593 0.061131 0.061131
0 0.845540 0.299323 0.071945 0.071945
0 0.600902 0.929473 0.057104 0.057104
0 0.640948 0.986611 0.104277 0.104277
0 0.121477 0.068792 0.062220 0.062220
0 0.117459 0.310153 0.062220 0.062220
0 0.446440 0.830572 0.052757 0.052757
0 0.373877 0.864799 0.104277 0.104277
0 0.677251 0.120465 0.057104 0.057104
0 0.121036 0.220342 0.061131 0.061131
0 0.064159 0.917544 0.071945 0.071945
0 0.805933 0.548590 0.071945 0.071945
0 0.304360 0.983764 0.071945 0.071945
0 0.769426 0.130681 0.052757 0.052757
0 0.048544 0.317147 0.071945 0.071945
0 0.509326 0.601345 0.057104 0.057104
0 0.779077 0.684076 0.061131 0.061131