0 0.907432 0.763286 0.104277 0.104277
0 0.104410 0.867677 0.062220 0.062220
0 0.988724 0.489054 0.104277 0.104277
0 0.971027 0.840950 0.104277 0.104277
0 0.973918 0.679530 0.061131 0.061131
0 0.274245 0.029073 0.062220 0.062220
0 0.023237 0.332106 0.104277 0.104277
0 0.051295 0.742062 0.057103 0.057103
0 0.983726 0.303437 0.052757 0.052757
0 0.220348 0.989353 0.071945 0.071945
0 0.857134 0.603063 0.071945 0.071945
0 0.910022 0.898605 0.062220 0.062220
0 0.747848 0.965153 0.057104 0.057104
0 0.744695 0.804328 0.052757 0.052757
0 0.855849 0.942591 0.061130 0.061130
0 0.228319 0.087915 0.062220 0.062220
0 0.570718 0.791631 0.061131 0.061131
0 0.374893 0.064927 0.070161 0.070161
0 0.005613 0.056539 0.104278 0.104278
0 0.256100 0.492252 0.057104 0.057104
0 0.505844 0.712938 0.062220 0.062220
0 0.798778 0.899614 0.061131 0.061131
0 0.848005 0.833067 0.057104 0.057104
0 0.644807 0.156124 0.071945 0.071945
0 0.926206 0.063500 0.061130 0.061130
0 0.164294 0.036051 0.071945 0.071945
0 0.460600 0.094680 0.062220 0.062220
0 0.914919 0.426872 0.071945 0.071945
0 0.477728 0.396972 0.061131 0.061131
0 0.765368 0.308023 0.061130 0.061130
0 0.790381 0.426898 0.104277 0.104277
0 0.497171 0.158516 0.104277 0.104277
0 0.411630 0.004151 0.061130 0.061130
0 0.002812 0.428349 0.057104 0.057104
0 0.193865 0.647383 0.057104 0.057104
0 0.541140 0.293442 0.071945 0.071945
0 0.914297 0.558575 0.104277 0.104277
0 0.312454 0.929485 0.061130 0.061130
0 0.227029 0.408679 0.104277 0.104277
0 0.113888 0.689818 0.052757 0.052757
0 0.392191 0.227743 0.104277 0.104277
0 0.184804 0.229527 0.062220 0.062220
0 0.603223 0.542356 0.071945 0.071945
0 0.584591 0.993775 0.104277 0.104277
0 0.039129 0.492848 0.057104 0.057104
0 0.196283 0.741883 0.057104 0.057104
0 0.204144 0.909171 0.057104 0.057104
0 0.244673 0.571212 0.052757 0.052757
0 0.315864 0.640293 0.104277 0.104277
0 0.284421 0.209404 0.062220 0.062220
0 0.617031 0.676770 0.061131 0.061131
0 0.071968 0.928777 0.052757 0.052757
0 0.091946 0.132531 0.071945 0.071945
0 0.257332 0.842270 0.104277 0.104277
0 0.392641 0.725467 0.061130 0.061130
0 0.082612 0.368315 0.052757 0.052757
0 0.128554 0.579898 0.057104 0.057104
0 0.475127 0.623255 0.104277 0.104277
0 0.974465 0.226284 0.062220 0.062220
0 0.526475 0.037979 0.062220 0.062220
0 0.688008 0.507715 0.062220 0.062220
0 0.380052 0.460618 0.062220 0.062220
0 0.706570 0.747149 0.057104 0.057104
0 0.571039 0.221917 0.061131 0.061131
0 0.469819 0.801581 0.062220 0.062220
0 0.474883 0.259235 0.061131 0.061131
0 0.743424 0.033439 0.071945 0.071945
0 0.830056 0.705773 0.071945 0.071945
0 0.272996 0.715991 0.061130 0.061130
0 0.434584 0.865199 0.104278 0.104278
0 0.437867 0.337398 0.052757 0.052757
0 0.517501 0.532219 0.061131 0.061131
0 0.936617 0.153431 0.052757 0.052757
0 0.735055 0.229761 0.057104 0.057104
0 0.342834 0.137431 0.052757 0.052757
0 0.684727 0.929370 0.062220 0.062220
0 0.589980 0.071094 0.071945 0.071945
0 0.852966 0.046969 0.052757 0.052757
0 0.986138 0.578323 0.052757 0.052757
0 0.491602 0.931110 0.062220 0.062220
0 0.315918 0.362813 0.104277 0.104277
0 0.094436 0.442800 0.061130 0.061130
0 0.038287 0.262716 0.104277 0.104277
0 0.000988 0.133616 0.052757 0.052757
0 0.736188 0.680197 0.052757 0.052757
0 0.523522 0.863481 0.071945 0.071945
0 0.872899 0.244337 0.071945 0.071945
0 0.221487 0.167379 0.057104 0.057104
0 0.774861 0.158908 0.062220 0.062220
0 0.103872 0.291805 0.071945 0.071945
0 0.767153 0.523354 0.057104 0.057104
0 0.334435 0.518247 0.061130 0.061130
0 0.170745 0.826593 0.057104 0.057104
0 0.369161 0.823279 0.104277 0.104277
0 0.098009 0.054309 0.056505 0.056505
0 0.045503 0.816942 0.104277 0.104277
0 0.700956 0.597040 0.057104 0.057104
0 0.606805 0.345061 0.104277 0.104277
0 0.563723 0.920407 0.052757 0.052757
0 0.375194 0.591160 0.061130 0.061130
0 0.673147 0.414498 0.052757 0.052757
0 0.552175 0.633181 0.071945 0.071945
0 0.841817 0.182500 0.104277 0.104277
0 0.680302 0.280042 0.071945 0.071945
0 0.694275 0.090056 0.104277 0.104277
0 0.318101 0.275662 0.057104 0.057104
0 0.069630 0.622019 0.062220 0.062220
0 0.420640 0.529970 0.071945 0.071945
0 0.168823 0.316961 0.057104 0.057104
0 0.897058 0.343242 0.104277 0.104277
0 0.560704 0.404198 0.052757 0.052757
0 0.855139 0.521352 0.062220 0.062220
0 0.652532 0.806790 0.061131 0.061131