0 0.406467 0.833852 0.104277 0.104277
0 0.362919 0.621861 0.061130 0.061130
0 0.765864 0.583570 0.052757 0.052757
0 0.296012 0.482190 0.104277 0.104277
0 0.357838 0.391142 0.071945 0.071945
0 0.556757 0.831528 0.062220 0.062220
0 0.509651 0.376752 0.071945 0.071945
0 0.588404 0.583610 0.104277 0.104277
0 0.263690 0.583759 0.052757 0.052757
0 0.666268 0.630135 0.071945 0.071945
0 0.593037 0.267055 0.061131 0.061131
0 0.301721 0.254243 0.104277 0.104277
0 0.794848 0.086562 0.057104 0.057104
0 0.921301 0.291522 0.062221 0.062221
0 0.810207 0.254527 0.104277 0.104277
0 0.887233 0.048441 0.104277 0.104277
0 0.920015 0.822003 0.047276 0.047276
0 0.624152 0.003450 0.104277 0.104277
0 0.400591 0.748667 0.057104 0.057104
0 0.171784 0.426699 0.062220 0.062220
0 0.436453 0.935303 0.051819 0.051819
0 0.429793 0.190214 0.052757 0.052757
0 0.082619 0.611858 0.104277 0.104277
0 0.911254 0.563636 0.071945 0.071945
0 0.340597 0.548398 0.061131 0.061131
0 0.616601 0.879016 0.052757 0.052757
0 0.373731 0.300739 0.057104 0.057104
0 0.677877 0.827531 0.057103 0.057103
0 0.424813 0.508893 0.052757 0.052757
0 0.692870 0.244695 0.104277 0.104277
0 0.098855 0.338247 0.052757 0.052757
0 0.563147 0.061105 0.062220 0.062220
0 0.481020 0.444853 0.057104 0.057104
0 0.400973 0.127653 0.057104 0.057104
0 0.871569 0.397610 0.052757 0.052757
0 0.593493 0.666864 0.036679 0.036679
0 0.028773 0.952818 0.052757 0.052757
0 0.508974 0.105091 0.061130 0.061130
0 0.712531 0.944871 0.104277 0.104277
0 0.811482 0.358421 0.062221 0.062221
0 0.427255 0.597475 0.057104 0.057104
0 0.166055 0.274156 0.052757 0.052757
0 0.507431 0.932354 0.071945 0.071945
0 0.813112 0.163909 0.071945 0.071945
0 0.750027 0.394050 0.052757 0.052757
0 0.737133 0.461912 0.104277 0.104277
0 0.904023 0.927928 0.071945 0.071945
0 0.162023 0.550108 0.071945 0.071945
0 0.451903 0.062114 0.061131 0.061131
0 0.213902 0.945063 0.052757 0.052757
0 0.642771 0.485544 0.104277 0.104277
0 0.271118 0.356439 0.071945 0.071945
0 0.809862 0.959739 0.061131 0.061131
0 0.925901 0.711001 0.057104 0.057104
0 0.733676 0.653019 0.062220 0.062220
0 0.179975 0.865694 0.071945 0.071945
0 0.641785 0.960890 0.061131 0.061131
0 0.233242 0.516557 0.057104 0.057104
0 0.589698 0.427252 0.061130 0.061130
0 0.064009 0.734947 0.061130 0.061130
0 0.724624 0.052775 0.061130 0.061130
0 0.842339 0.813870 0.062220 0.062220
0 0.668458 0.557867 0.061130 0.061130
0 0.291326 0.979070 0.052757 0.052757
0 0.237716 0.156275 0.104277 0.104277
0 0.539794 0.521735 0.062220 0.062220
0 0.149075 0.691743 0.104277 0.104277
0 0.312480 0.789616 0.071945 0.071945
0 0.009878 0.303411 0.052757 0.052757
0 0.453226 0.292765 0.062220 0.062220
0 0.002775 0.843334 0.061130 0.061130
0 0.816923 0.668943 0.104277 0.104277
0 0.102868 0.935870 0.057104 0.057104
0 0.199636 0.740280 0.104277 0.104277
0 0.178541 0.627590 0.052757 0.052757
0 0.485457 0.667278 0.062220 0.062220
0 0.520298 0.210616 0.071945 0.071945
0 0.130177 0.193744 0.052757 0.052757
0 0.627668 0.749974 0.104277 0.104277
0 0.303605 0.873532 0.057104 0.057104
0 0.087709 0.027699 0.104278 0.104278
0 0.541120 0.715196 0.071945 0.071945
0 0.259474 0.696340 0.052757 0.052757
0 0.113780 0.847787 0.057104 0.057104
0 0.337852 0.091870 0.062220 0.062220
0 0.931124 0.442851 0.071945 0.071945
0 0.144727 0.093610 0.062220 0.062220
0 0.023284 0.208186 0.057104 0.057104
0 0.682015 0.705343 0.061131 0.061131
0 0.814290 0.493073 0.071945 0.071945
0 0.176647 0.025981 0.071945 0.071945
0 0.090227 0.262542 0.062220 0.062220
0 0.908671 0.142048 0.104277 0.104277
0 0.663258 0.174277 0.057104 0.057104
0 0.086209 0.503903 0.062220 0.062220
0 0.216848 0.082907 0.052757 0.052757
0 0.646001 0.314215 0.057104 0.057104
0 0.089786 0.414092 0.061131 0.061131
0 0.654663 0.100578 0.104277 0.104277
0 0.774683 0.742340 0.071945 0.071945
0 0.723996 0.128173 0.104277 0.104277
0 0.738176 0.324431 0.052757 0.052757
0 0.017294 0.510897 0.071945 0.071945
0 0.478076 0.795095 0.057104 0.057104
0 0.747827 0.877826 0.061131 0.061131