0 0.147433 0.810354 0.062220 0.062220
0 0.109207 0.616330 0.062220 0.062220
0 0.598595 0.333157 0.071945 0.071945
0 0.800139 0.943808 0.052757 0.052757
0 0.873716 0.301136 0.071945 0.071945
0 0.400208 0.178502 0.104277 0.104277
0 0.905844 0.416506 0.052757 0.052757
0 0.607279 0.703489 0.061130 0.061130
0 0.642993 0.089474 0.061130 0.061130
0 0.135187 0.259696 0.052757 0.052757
0 0.669406 0.811581 0.104277 0.104277
0 0.146879 0.346245 0.104277 0.104277
0 0.493343 0.599870 0.104277 0.104277
0 0.452204 0.721481 0.104277 0.104277
0 0.338720 0.763455 0.071945 0.071945
0 0.815937 0.051350 0.071945 0.071945
0 0.383061 0.023412 0.052757 0.052757
0 0.496744 0.352612 0.062220 0.062220
0 0.126612 0.172275 0.104277 0.104277
0 0.459368 0.098547 0.071945 0.071945
0 0.208969 0.104073 0.104277 0.104277
0 0.926159 0.662790 0.104277 0.104277
0 0.133136 0.073133 0.061130 0.061130
0 0.522097 0.524870 0.057104 0.057104
0 0.971406 0.568689 0.071945 0.071945
0 0.894645 0.170208 0.104277 0.104277
0 0.532221 0.879480 0.062220 0.062220
0 0.590444 0.507306 0.104277 0.104277
0 0.748106 0.804498 0.062220 0.062220
0 0.475797 0.448368 0.061130 0.061130
0 0.355102 0.490242 0.057104 0.057104
0 0.260077 0.250128 0.104277 0.104277
0 0.044853 0.969851 0.062220 0.062220
0 0.016630 0.389732 0.061130 0.061130
0 0.097474 0.515190 0.062220 0.062220
0 0.955127 0.108706 0.057104 0.057104
0 0.998094 0.282381 0.062220 0.062220
0 0.750836 0.409568 0.052757 0.052757
0 0.897844 0.040490 0.062220 0.062220
0 0.292618 0.597000 0.057104 0.057104
0 0.408594 0.627091 0.104277 0.104277
0 0.202683 0.953146 0.071945 0.071945
0 0.139363 0.423400 0.057104 0.057104
0 0.869579 0.797318 0.062220 0.062220
0 0.718053 0.596436 0.071945 0.071945
0 0.348031 0.836420 0.071945 0.071945
0 0.055559 0.211055 0.052757 0.052757
0 0.928057 0.511445 0.102474 0.102474
0 0.155280 0.881156 0.057104 0.057104
0 0.968946 0.868565 0.071945 0.071945
0 0.537241 0.174836 0.052757 0.052757
0 0.822393 0.503620 0.104277 0.104277
0 0.175909 0.558843 0.057104 0.057104
0 0.347265 0.097591 0.104277 0.104277
0 0.499899 0.040841 0.052757 0.052757
0 0.870796 0.968359 0.104277 0.104277
0 0.831217 0.237412 0.062220 0.062220
0 0.674904 0.312962 0.061131 0.061131
0 0.119124 0.960809 0.052757 0.052757
0 0.197730 0.183223 0.061130 0.061130
0 0.633297 0.241413 0.071945 0.071945
0 0.421498 0.359962 0.062220 0.062220
0 0.955443 0.965246 0.104277 0.104277
0 0.636443 0.564273 0.057104 0.057104
0 0.374139 0.700812 0.057104 0.057104
0 0.449165 0.517800 0.104277 0.104277
0 0.078429 0.852170 0.050891 0.050891
0 0.242299 0.744476 0.062220 0.062220
0 0.317826 0.211583 0.071945 0.071945
0 0.363118 0.953542 0.057104 0.057104
0 0.777047 0.870251 0.062220 0.062220
0 0.752127 0.318684 0.052757 0.052757
0 0.011080 0.777316 0.062220 0.062220
0 0.106839 0.743235 0.104277 0.104277
0 0.461673 0.278222 0.061130 0.061130
0 0.119572 0.000727 0.052757 0.052757
0 0.269746 0.037012 0.057104 0.057104
0 0.731798 0.968822 0.052757 0.052757
0 0.735236 0.525794 0.062220 0.062220
0 0.268687 0.872413 0.061130 0.061130
0 0.679659 0.705553 0.104277 0.104277
0 0.272211 0.467531 0.062220 0.062220
0 0.249556 0.321387 0.071945 0.071945
0 0.407110 0.787565 0.062220 0.062220
0 0.591654 0.933283 0.052757 0.052757
0 0.863641 0.895219 0.052757 0.052757
0 0.278265 0.975763 0.062220 0.062220
0 0.507752 0.669206 0.062220 0.062220
0 0.829753 0.132445 0.052757 0.052757
0 0.381965 0.558553 0.071945 0.071945
0 0.741800 0.184309 0.052757 0.052757
0 0.683276 0.881113 0.061131 0.061131
0 0.561337 0.250696 0.057104 0.057104
0 0.058007 0.675255 0.104277 0.104277
0 0.658601 0.631275 0.104277 0.104277
0 0.932717 0.768386 0.052757 0.052757
0 0.828822 0.410745 0.055027 0.055027
0 0.961014 0.211567 0.061131 0.061131
0 0.619513 0.439658 0.062220 0.062220
0 0.502039 0.964193 0.061130 0.061130
0 0.647257 0.982328 0.062220 0.062220
0 0.474880 0.205686 0.050559 0.050559
0 0.769102 0.703821 0.052757 0.052757
0 0.604019 0.148465 0.061130 0.061130
0 0.289282 0.680033 0.052757 0.052757
0 0.575503 0.596621 0.071945 0.071945
0 0.444032 0.867678 0.061131 0.061131
0 0.732090 0.063390 0.071945 0.071945
0 0.691552 0.452468 0.104277 0.104277
0 0.855562 0.596725 0.061130 0.061130
0 0.534053 0.796731 0.104277 0.104277
0 0.216057 0.675311 0.052757 0.052757
0 0.249729 0.540697 0.061130 0.061130
0 0.030042 0.109773 0.104277 0.104277
0 0.569442 0.015454 0.104277 0.104277
0 0.333935 0.335368 0.052757 0.052757
0 0.069326 0.280033 0.104277 0.104277