0 0.790842 0.096352 0.104277 0.104277
0 0.463302 0.303880 0.104278 0.104278
0 0.717345 0.895657 0.071945 0.071945
0 0.941132 0.094028 0.062220 0.062220
0 0.992466 0.863636 0.071945 0.071945
0 0.518958 0.741002 0.104277 0.104277
0 0.581446 0.465228 0.052757 0.052757
0 0.761743 0.651974 0.061130 0.061130
0 0.253937 0.822196 0.052757 0.052757
0 0.265629 0.908745 0.104277 0.104277
0 0.105979 0.456203 0.061130 0.061130
0 0.480740 0.414685 0.052757 0.052757
0 0.934687 0.613850 0.071945 0.071945
0 0.501811 0.585912 0.052757 0.052757
0 0.615494 0.915112 0.062220 0.062220
0 0.245362 0.734775 0.104277 0.104277
0 0.784966 0.011167 0.057104 0.057104
0 0.578118 0.661047 0.071945 0.071945
0 0.327719 0.666573 0.104277 0.104277
0 0.820828 0.197803 0.051819 0.051819
0 0.251886 0.635633 0.061130 0.061130
0 0.115947 0.220537 0.057104 0.057104
0 0.158957 0.533590 0.104277 0.104277
0 0.191806 0.007186 0.057104 0.057104
0 0.713534 0.486604 0.104277 0.104277
0 0.378827 0.812628 0.104277 0.104277
0 0.135380 0.952232 0.061130 0.061130
0 0.869586 0.972068 0.052757 0.052757
0 0.413148 0.215318 0.052757 0.052757
0 0.258113 0.985900 0.057104 0.057104
0 0.896669 0.268147 0.104277 0.104277
0 0.891806 0.194854 0.071945 0.071945
0 0.100829 0.375073 0.104277 0.104277
0 0.174309 0.773555 0.052757 0.052757
0 0.655991 0.737336 0.052757 0.052757
0 0.598277 0.207563 0.052757 0.052757
0 0.036784 0.457130 0.052757 0.052757
0 0.466015 0.660091 0.104277 0.104277
0 0.413312 0.521737 0.057104 0.057104
0 0.618649 0.603341 0.052757 0.052757
0 0.813124 0.354776 0.054783 0.054783
0 0.949967 0.799912 0.062220 0.062220
0 0.793654 0.875462 0.061131 0.061131
0 0.980676 0.288688 0.057103 0.057103
0 0.316480 0.745723 0.061130 0.061130
0 0.752047 0.803913 0.071945 0.071945
0 0.781226 0.466942 0.071945 0.071945
0 0.540248 0.922462 0.062220 0.062220
0 0.781486 0.537766 0.061130 0.061130
0 0.564350 0.128194 0.071945 0.071945
0 0.058160 0.654665 0.052757 0.052757
0 0.338027 0.333791 0.061130 0.061130
0 0.229380 0.232633 0.071945 0.071945
0 0.396029 0.448329 0.052757 0.052757
0 0.661506 0.363444 0.057104 0.057104
0 0.067621 0.909689 0.057104 0.057104
0 0.436576 0.774083 0.071945 0.071945
0 0.218284 0.400926 0.061130 0.061130
0 0.188953 0.317261 0.062220 0.062220
0 0.870877 0.881184 0.052757 0.052757
0 0.332723 0.168447 0.062220 0.062220
0 0.580423 0.840722 0.061130 0.061130
0 0.675701 0.241570 0.052757 0.052757
0 0.238322 0.563227 0.052757 0.052757
0 0.388496 0.599512 0.057104 0.057104
0 0.024039 0.777158 0.057104 0.057104
0 0.368306 0.883887 0.071945 0.071945
0 0.696855 0.052116 0.071945 0.071945
0 0.082195 0.818996 0.071945 0.071945
0 0.905639 0.455434 0.052757 0.052757
0 0.387150 0.105834 0.061130 0.061130
0 0.487243 0.198370 0.057104 0.057104
0 0.379392 0.022152 0.104277 0.104277
0 0.586844 0.275986 0.062220 0.062220
0 0.584011 0.002780 0.104277 0.104277
0 0.593316 0.534651 0.104277 0.104277
0 0.948503 0.694945 0.052757 0.052757
0 0.329603 0.410426 0.104277 0.104277
0 0.860550 0.746809 0.052757 0.052757
0 0.290249 0.264447 0.071945 0.071945
0 0.680087 0.813196 0.057104 0.057104
0 0.533147 0.332075 0.104277 0.104277
0 0.687980 0.136032 0.057104 0.057104
0 0.031315 0.328514 0.071945 0.071945
0 0.171187 0.172611 0.050932 0.050932
0 0.498155 0.110287 0.057104 0.057104
0 0.889484 0.341525 0.104277 0.104277
0 0.947572 0.973245 0.055027 0.055027
0 0.031644 0.227247 0.071945 0.071945
0 0.281724 0.060751 0.061130 0.061130
0 0.593630 0.768186 0.050559 0.050559
0 0.722769 0.710965 0.061130 0.061130
0 0.852040 0.531337 0.071945 0.071945
0 0.954027 0.385723 0.057104 0.057104
0 0.994073 0.442861 0.104277 0.104277
0 0.495272 0.503742 0.061131 0.061131
0 0.342379 0.545067 0.104277 0.104277
0 0.850840 0.625890 0.071945 0.071945
0 0.799565 0.286822 0.052757 0.052757
0 0.727002 0.321049 0.104277 0.104277
0 0.242516 0.157436 0.062220 0.062220
0 0.038271 0.135340 0.062220 0.062220
0 0.019170 0.561169 0.071945 0.071945
0 0.417284 0.373794 0.071945 0.071945
0 0.248277 0.484823 0.061130 0.061130
0 0.657485 0.440014 0.071945 0.071945
0 0.117224 0.075110 0.052757 0.052757
0 0.148792 0.672273 0.104277 0.104277
0 0.963749 0.534465 0.104277 0.104277
0 0.688192 0.577954 0.104277 0.104277
0 0.452685 0.897868 0.052757 0.052757
0 0.112944 0.293215 0.071945 0.071945
0 0.862451 0.057595 0.057104 0.057104
0 0.197174 0.082991 0.071945 0.071945
0 0.188076 0.842533 0.104277 0.104277