0 0.741910 0.573927 0.062220 0.062220
0 0.666467 0.801143 0.052757 0.052757
0 0.660737 0.038356 0.104277 0.104277
0 0.688795 0.448312 0.057103 0.057103
0 0.857848 0.695603 0.071945 0.071945
0 0.322395 0.421598 0.104277 0.104277
0 0.905096 0.758042 0.061130 0.061130
0 0.460141 0.493957 0.052757 0.052757
0 0.836615 0.971082 0.057104 0.057104
0 0.923546 0.967339 0.057104 0.057104
0 0.233865 0.776022 0.104278 0.104278
0 0.893600 0.198502 0.057104 0.057104
0 0.620915 0.270450 0.104277 0.104277
0 0.604957 0.712637 0.071945 0.071945
0 0.534712 0.705552 0.057104 0.057104
0 0.429676 0.203509 0.104277 0.104277
0 0.802765 0.871544 0.057104 0.057104
0 0.640312 0.134599 0.057104 0.057104
0 0.287511 0.225340 0.062220 0.062220
0 0.299176 0.115562 0.062220 0.062220
0 0.831365 0.353633 0.057104 0.057104
0 0.588882 0.083468 0.104277 0.104277
0 0.360821 0.261861 0.062220 0.062220
0 0.949954 0.635735 0.061130 0.061130
0 0.203722 0.256615 0.104278 0.104278
0 0.864529 0.114929 0.104277 0.104277
0 0.751388 0.396068 0.052757 0.052757
0 0.504563 0.419410 0.062220 0.062220
0 0.203910 0.367370 0.071945 0.071945
0 0.676629 0.199098 0.057104 0.057104
0 0.833783 0.448133 0.057104 0.057104
0 0.735888 0.835496 0.104277 0.104277
0 0.599928 0.613674 0.057104 0.057104
0 0.841644 0.615421 0.057104 0.057104
0 0.507283 0.790803 0.057104 0.057104
0 0.203974 0.018505 0.052757 0.052757
0 0.882173 0.277462 0.052757 0.052757
0 0.953364 0.346543 0.104277 0.104277
0 0.710210 0.729758 0.104277 0.104277
0 0.994253 0.847161 0.052757 0.052757
0 0.292828 0.559861 0.062220 0.062220
0 0.725303 0.922058 0.104277 0.104277
0 0.514767 0.623057 0.052757 0.052757
0 0.709468 0.635027 0.052757 0.052757
0 0.526379 0.554348 0.061130 0.061130
0 0.894832 0.548520 0.104277 0.104277
0 0.720112 0.074565 0.052757 0.052757
0 0.766054 0.286148 0.057104 0.057104
0 0.595333 0.469166 0.071945 0.071945
0 0.433347 0.881789 0.061130 0.061130
0 0.800220 0.797797 0.062220 0.062220
0 0.578132 0.210316 0.052757 0.052757
0 0.310973 0.945940 0.061130 0.061130
0 0.374494 0.331517 0.057104 0.057104
0 0.910496 0.422241 0.061130 0.061130
0 0.438024 0.074527 0.057104 0.057104
0 0.452530 0.582493 0.061130 0.061130
0 0.236479 0.085669 0.061130 0.061130
0 0.419142 0.419679 0.062220 0.062220
0 0.596960 0.818289 0.057104 0.057104
0 0.907468 0.827196 0.057104 0.057104
0 0.326451 0.865352 0.057104 0.057104
0 0.399156 0.760463 0.104277 0.104277
0 0.209632 0.563375 0.061130 0.061130
0 0.953418 0.069063 0.104277 0.104277
0 0.731936 0.149050 0.061130 0.061130
0 0.596724 0.896398 0.061130 0.061130
0 0.526561 0.883677 0.062220 0.062220
0 0.871576 0.901661 0.048997 0.048997
0 0.250848 0.491383 0.061130 0.061130
0 0.442547 0.341744 0.057104 0.057104
0 0.298080 0.707055 0.104277 0.104277
0 0.300915 0.349093 0.052757 0.052757
0 0.971935 0.224497 0.061130 0.061130
0 0.808245 0.532843 0.057104 0.057104
0 0.683003 0.523192 0.104277 0.104277
0 0.256622 0.864400 0.057104 0.057104
0 0.374528 0.122205 0.062220 0.062220
0 0.495122 0.968217 0.071945 0.071945
0 0.707130 0.328269 0.062220 0.062220
0 0.336462 0.497065 0.071945 0.071945
0 0.806323 0.023211 0.057104 0.057104
0 0.648935 0.996038 0.104277 0.104277
0 0.415061 0.961141 0.071945 0.071945
0 0.405312 0.684000 0.061130 0.061130
0 0.488400 0.251425 0.104277 0.104277
0 0.606941 0.387124 0.052757 0.052757
0 0.493802 0.131720 0.057104 0.057104
0 0.789377 0.719905 0.057104 0.057104
0 0.554192 0.312581 0.062220 0.062220
0 0.208382 0.652807 0.071945 0.071945
0 0.240933 0.170468 0.061130 0.061130
0 0.373334 0.620190 0.062220 0.062220