0 0.022070 0.060634 0.104277 0.104277
0 0.724245 0.372823 0.062220 0.062220
0 0.473237 0.675856 0.104277 0.104277
0 0.678319 0.431665 0.062220 0.062220
0 0.824893 0.408677 0.070161 0.070161
0 0.326979 0.079338 0.062220 0.062220
0 0.455613 0.400289 0.104278 0.104278
0 0.706100 0.836002 0.057104 0.057104
0 0.575006 0.071696 0.057104 0.057104
0 0.122334 0.214896 0.062220 0.062220
0 0.433415 0.907950 0.104277 0.104277
0 0.614294 0.379801 0.071945 0.071945
0 0.910600 0.438430 0.062220 0.062220
0 0.927728 0.740722 0.061131 0.061131
0 0.588714 0.148381 0.062220 0.062220
0 0.242176 0.841009 0.104277 0.104277
0 0.135753 0.455173 0.104277 0.104277
0 0.096759 0.350167 0.071945 0.071945
0 0.947171 0.502266 0.104277 0.104277
0 0.355709 0.437868 0.071945 0.071945
0 0.021020 0.287627 0.057104 0.057104
0 0.861630 0.347901 0.061130 0.061130
0 0.452812 0.772099 0.057104 0.057104
0 0.100011 0.862840 0.062220 0.062220
0 0.574515 0.231142 0.071945 0.071945
0 0.111676 0.753062 0.062220 0.062220
0 0.643865 0.991133 0.057104 0.057104
0 0.401382 0.720968 0.104277 0.104277
0 0.991140 0.637192 0.071945 0.071945
0 0.173321 0.899361 0.062220 0.062220
0 0.508819 0.170143 0.104277 0.104277
0 0.325060 0.245923 0.104277 0.104277
0 0.452281 0.282580 0.057104 0.057104
0 0.444364 0.145879 0.071945 0.071945
0 0.016222 0.894115 0.104278 0.104278
0 0.677029 0.752429 0.104277 0.104277
0 0.661227 0.102135 0.071945 0.071945
0 0.367743 0.589916 0.052757 0.052757
0 0.842191 0.571493 0.104277 0.104277
0 0.943055 0.316090 0.057104 0.057104
0 0.634804 0.573277 0.062220 0.062220
0 0.943811 0.118946 0.061131 0.061131
0 0.220554 0.515494 0.062220 0.062220
0 0.489129 0.836598 0.057104 0.057104
0 0.242655 0.154628 0.104277 0.104277
0 0.913527 0.218221 0.071945 0.071945
0 0.016474 0.656005 0.052757 0.052757
0 0.802982 0.278403 0.071945 0.071945
0 0.694673 0.914962 0.052757 0.052757
0 0.765864 0.984043 0.104277 0.104277
0 0.734421 0.553154 0.062220 0.062220
0 0.166012 0.631385 0.061130 0.061130
0 0.053792 0.187098 0.071945 0.071945
0 0.664624 0.213457 0.052757 0.052757
0 0.541946 0.476281 0.071945 0.071945
0 0.532612 0.712065 0.052757 0.052757
0 0.578554 0.923648 0.057104 0.057104
0 0.017380 0.549793 0.104277 0.104277
0 0.925127 0.967005 0.104277 0.104277
0 0.040045 0.394059 0.052757 0.052757
0 0.976475 0.381729 0.062220 0.062220
0 0.175771 0.292474 0.104277 0.104277
0 0.246875 0.242063 0.057104 0.057104
0 0.830052 0.804368 0.062220 0.062220
0 0.233423 0.599976 0.061130 0.061130
0 0.102597 0.579234 0.061130 0.061130
0 0.390632 0.847816 0.052757 0.052757
0 0.720221 0.268568 0.052757 0.052757
0 0.773904 0.097532 0.071945 0.071945
0 0.311537 0.539375 0.071945 0.071945
0 0.924883 0.602985 0.061131 0.061131
0 0.273451 0.318735 0.104277 0.104277
0 0.186994 0.969017 0.057104 0.057104
0 0.797838 0.178785 0.057104 0.057104
0 0.169964 0.389864 0.057104 0.057104
0 0.250524 0.712027 0.057104 0.057104
0 0.414348 0.221479 0.062220 0.062220
0 0.484376 0.052059 0.104277 0.104277
0 0.887867 0.681148 0.052757 0.052757
0 0.967501 0.875969 0.061131 0.061131
0 0.792834 0.481181 0.052757 0.052757
0 0.048979 0.723169 0.061130 0.061130
0 0.069627 0.489276 0.104278 0.104278
0 0.856608 0.065377 0.104277 0.104277
0 0.765918 0.706563 0.104277 0.104277
0 0.544436 0.786550 0.061130 0.061130
0 0.488287 0.606466 0.104277 0.104277
0 0.450988 0.477366 0.052757 0.052757
0 0.255047 0.979244 0.057104 0.057104
0 0.671487 0.511129 0.057104 0.057104
0 0.553872 0.635555 0.071945 0.071945
0 0.630016 0.275992 0.104277 0.104277
0 0.113415 0.986593 0.052757 0.052757
0 0.784435 0.861997 0.061130 0.061130
0 0.089130 0.277019 0.071945 0.071945
0 0.548009 0.398059 0.056505 0.056505
0 0.825194 0.934910 0.061130 0.061130
0 0.187028 0.759705 0.062220 0.062220
0 0.768101 0.619412 0.057104 0.057104
0 0.542306 0.329370 0.061130 0.061130
0 0.519630 0.965769 0.062220 0.062220
0 0.870640 0.873720 0.071945 0.071945
0 0.875207 0.279455 0.057103 0.057103
0 0.618823 0.660711 0.057104 0.057104
0 0.341860 0.353172 0.062220 0.062220
0 0.252411 0.059115 0.062220 0.062220
0 0.300900 0.888925 0.104277 0.104277
0 0.279123 0.473591 0.057104 0.057104
0 0.306302 0.769220 0.057104 0.057104
0 0.359136 0.140422 0.061130 0.061130
0 0.153791 0.148044 0.057104 0.057104
0 0.366692 0.950081 0.062220 0.062220
0 0.127353 0.059187 0.071945 0.071945
0 0.053433 0.807968 0.061130 0.061130