0 0.294308 0.613479 0.062220 0.062220
0 0.256082 0.419455 0.062220 0.062220
0 0.745470 0.136282 0.071945 0.071945
0 0.031984 0.727093 0.057103 0.057103
0 0.947014 0.746933 0.052757 0.052757
0 0.754154 0.506614 0.061130 0.061130
0 0.282062 0.062821 0.052757 0.052757
0 0.816281 0.614706 0.104277 0.104277
0 0.293754 0.149370 0.104277 0.104277
0 0.640218 0.402995 0.104277 0.104277
0 0.052656 0.473742 0.052757 0.052757
0 0.599079 0.524606 0.104277 0.104277
0 0.485595 0.566580 0.071945 0.071945
0 0.643619 0.155737 0.062220 0.062220
0 0.011847 0.558412 0.062220 0.062220
0 0.668972 0.327995 0.057104 0.057104
0 0.022287 0.279913 0.061130 0.061130
0 0.002703 0.192030 0.052757 0.052757
0 0.679096 0.682605 0.062220 0.062220
0 0.737319 0.310431 0.104277 0.104277
0 0.894981 0.607623 0.062220 0.062220
0 0.622672 0.251493 0.061130 0.061130
0 0.501977 0.293367 0.057104 0.057104
0 0.406952 0.053253 0.104277 0.104277
0 0.191728 0.772976 0.062220 0.062220
0 0.163505 0.192857 0.061130 0.061130
0 0.244349 0.318315 0.062220 0.062220
0 0.897711 0.212693 0.052757 0.052757
0 0.439493 0.400125 0.057104 0.057104
0 0.555469 0.430216 0.104277 0.104277
0 0.349558 0.756271 0.071945 0.071945
0 0.286238 0.226525 0.057104 0.057104
0 0.051574 0.655656 0.061130 0.061130
0 0.864928 0.399561 0.071945 0.071945
0 0.494906 0.639545 0.071945 0.071945
0 0.104036 0.427968 0.062220 0.062220
0 0.202434 0.014180 0.052757 0.052757
0 0.302155 0.684281 0.057104 0.057104
0 0.969268 0.306745 0.104277 0.104277
0 0.322784 0.361968 0.057104 0.057104
0 0.134859 0.274069 0.061130 0.061130
0 0.978092 0.040537 0.062220 0.062220
0 0.821779 0.116087 0.061131 0.061131
0 0.265999 0.763934 0.052757 0.052757
0 0.780172 0.044538 0.071945 0.071945
0 0.568373 0.163087 0.062220 0.062220
0 0.783318 0.367398 0.057104 0.057104
0 0.100089 0.535100 0.062220 0.062220
0 0.521014 0.503937 0.057104 0.057104
0 0.596040 0.320925 0.104277 0.104277
0 0.225304 0.655295 0.050891 0.050891
0 0.095746 0.150314 0.057104 0.057104
0 0.389174 0.547601 0.062220 0.062220
0 0.464701 0.014708 0.071945 0.071945
0 0.509993 0.756667 0.057104 0.057104
0 0.110324 0.734317 0.052757 0.052757
0 0.923922 0.673376 0.062220 0.062220
0 0.899002 0.121809 0.052757 0.052757
0 0.157955 0.580441 0.062220 0.062220
0 0.253714 0.546360 0.104277 0.104277
0 0.608548 0.081347 0.061130 0.061130
0 0.878673 0.771947 0.052757 0.052757
0 0.052164 0.017783 0.057104 0.057104
0 0.882111 0.328919 0.062220 0.062220
0 0.415562 0.675538 0.061130 0.061130
0 0.826534 0.508678 0.104277 0.104277
0 0.419086 0.270656 0.062220 0.062220
0 0.396431 0.124512 0.071945 0.071945
0 0.553985 0.590690 0.062220 0.062220
0 0.110320 0.059621 0.071945 0.071945
0 0.738529 0.736408 0.052757 0.052757
0 0.126902 0.653250 0.062220 0.062220
0 0.425140 0.778888 0.062220 0.062220
0 0.654627 0.472331 0.062220 0.062220
0 0.528840 0.361678 0.071945 0.071945
0 0.830151 0.684238 0.061131 0.061131
0 0.708212 0.053821 0.057104 0.057104
0 0.204882 0.478380 0.104277 0.104277
0 0.805476 0.434400 0.104277 0.104277
0 0.975697 0.213870 0.055027 0.055027
0 0.766388 0.242783 0.062220 0.062220
0 0.648914 0.767318 0.061130 0.061130
0 0.794132 0.785453 0.062220 0.062220
0 0.621755 0.008811 0.050559 0.050559
0 0.915977 0.506946 0.052757 0.052757
0 0.436157 0.483158 0.052757 0.052757
0 0.722378 0.399746 0.071945 0.071945
0 0.590907 0.670803 0.061131 0.061131
0 0.838427 0.255593 0.104277 0.104277
0 0.680928 0.599856 0.104277 0.104277
0 0.362932 0.478436 0.052757 0.052757
0 0.396604 0.343822 0.061130 0.061130
0 0.068085 0.363166 0.104277 0.104277
0 0.480810 0.138493 0.052757 0.052757
0 0.216201 0.083158 0.104277 0.104277