0 0.345545 0.351976 0.062220 0.062220
0 0.691183 0.691604 0.062220 0.062220
0 0.652957 0.497580 0.062220 0.062220
0 0.428859 0.805218 0.057103 0.057103
0 0.943958 0.059752 0.104277 0.104277
0 0.678937 0.140946 0.052757 0.052757
0 0.690629 0.227495 0.104277 0.104277
0 0.449531 0.551867 0.052757 0.052757
0 0.995954 0.602731 0.104277 0.104277
0 0.882470 0.644705 0.071945 0.071945
0 0.287874 0.406858 0.071945 0.071945
0 0.408722 0.636537 0.062220 0.062220
0 0.313755 0.829519 0.071945 0.071945
0 0.670362 0.053525 0.104277 0.104277
0 0.338674 0.667173 0.104277 0.104277
0 0.142296 0.439984 0.061130 0.061130
0 0.419162 0.358038 0.061130 0.061130
0 0.399578 0.270155 0.052757 0.052757
0 0.190724 0.736336 0.104278 0.104278
0 0.898852 0.371492 0.057104 0.057104
0 0.803827 0.131378 0.104277 0.104277
0 0.588603 0.851101 0.062220 0.062220
0 0.560380 0.270982 0.061130 0.061130
0 0.641224 0.396440 0.062220 0.062220
0 0.836368 0.478250 0.057104 0.057104
0 0.058885 0.100286 0.104278 0.104278
0 0.952344 0.508341 0.104277 0.104277
0 0.746433 0.834396 0.071945 0.071945
0 0.683113 0.304650 0.057104 0.057104
0 0.448449 0.733781 0.061130 0.061130
0 0.891781 0.717670 0.071945 0.071945
0 0.500911 0.506093 0.062220 0.062220
0 0.599309 0.092305 0.052757 0.052757
0 0.699030 0.762406 0.057104 0.057104
0 0.207898 0.539571 0.062220 0.062220
0 0.719659 0.440093 0.057104 0.057104
0 0.531734 0.352194 0.061130 0.061130
0 0.662874 0.842059 0.052757 0.052757
0 0.741480 0.064473 0.061130 0.061130
0 0.965248 0.241212 0.062220 0.062220
0 0.496964 0.613225 0.062220 0.062220
0 0.917889 0.582062 0.057104 0.057104
0 0.124269 0.152492 0.062220 0.062220
0 0.992915 0.399050 0.104277 0.104277
0 0.622179 0.733420 0.050891 0.050891
0 0.275601 0.239716 0.062220 0.062220
0 0.348005 0.748855 0.104277 0.104277
0 0.492621 0.228439 0.057104 0.057104
0 0.786049 0.625726 0.062220 0.062220
0 0.861576 0.092833 0.071945 0.071945
0 0.906868 0.834792 0.057104 0.057104
0 0.282775 0.571722 0.062220 0.062220
0 0.507199 0.812442 0.052757 0.052757
0 0.554830 0.658566 0.062220 0.062220
0 0.650589 0.624485 0.104277 0.104277
0 0.449039 0.095908 0.057104 0.057104
0 0.158037 0.333598 0.104278 0.104278
0 0.376314 0.062288 0.071945 0.071945
0 0.276675 0.327062 0.052757 0.052757
0 0.185858 0.843189 0.071945 0.071945
0 0.095246 0.848864 0.052757 0.052757
0 0.812437 0.753663 0.061130 0.061130
0 0.815961 0.348781 0.062220 0.062220
0 0.793306 0.202637 0.071945 0.071945
0 0.950860 0.668815 0.062220 0.062220
0 0.245473 0.796961 0.057104 0.057104
0 0.314899 0.141854 0.052757 0.052757
0 0.507195 0.137746 0.071945 0.071945
0 0.033223 0.170328 0.104277 0.104277
0 0.209578 0.381580 0.057104 0.057104
0 0.243156 0.050258 0.057104 0.057104
0 0.523777 0.731375 0.062220 0.062220
0 0.213653 0.128080 0.104277 0.104277
0 0.822015 0.857013 0.062220 0.062220
0 0.925715 0.439803 0.071945 0.071945
0 0.174780 0.247605 0.104277 0.104277
0 0.165234 0.028640 0.071945 0.071945
0 0.064933 0.772411 0.104277 0.104277
0 0.601757 0.556505 0.104277 0.104277
0 0.175054 0.657264 0.061131 0.061131
0 0.056190 0.652322 0.057104 0.057104
0 0.386724 0.172639 0.052757 0.052757
0 0.035349 0.580405 0.062220 0.062220
0 0.833032 0.561283 0.052757 0.052757
0 0.248391 0.672359 0.057104 0.057104
0 0.987782 0.748928 0.061131 0.061131
0 0.368999 0.465207 0.057104 0.057104
0 0.089761 0.373594 0.062220 0.062220
0 0.089935 0.301159 0.057104 0.057104
0 0.759807 0.556561 0.052757 0.052757
0 0.793479 0.421947 0.061130 0.061130
0 0.082163 0.026359 0.052757 0.052757
0 0.464960 0.441291 0.104277 0.104277
0 0.124938 0.565133 0.057104 0.057104
0 0.113589 0.709140 0.061130 0.061130
0 0.877685 0.216618 0.052757 0.052757
0 0.613076 0.161283 0.104277 0.104277
0 0.037678 0.449315 0.057104 0.057104