0 0.422092 0.955727 0.104277 0.104277
0 0.378544 0.743736 0.061130 0.061130
0 0.781489 0.705445 0.052757 0.052757
0 0.311637 0.604065 0.104277 0.104277
0 0.373463 0.513017 0.071945 0.071945
0 0.572382 0.953403 0.062220 0.062220
0 0.525276 0.498627 0.071945 0.071945
0 0.604029 0.705485 0.104277 0.104277
0 0.279315 0.705634 0.052757 0.052757
0 0.681893 0.752010 0.071945 0.071945
0 0.576182 0.047661 0.104277 0.104277
0 0.608662 0.388930 0.061131 0.061131
0 0.766284 0.012189 0.104277 0.104277
0 0.317346 0.376118 0.104277 0.104277
0 0.810473 0.208437 0.057104 0.057104
0 0.936926 0.413397 0.062221 0.062221
0 0.825832 0.376402 0.104277 0.104277
0 0.902858 0.170316 0.104277 0.104277
0 0.935640 0.943878 0.047276 0.047276
0 0.639777 0.125325 0.104277 0.104277
0 0.416216 0.870542 0.057104 0.057104
0 0.187409 0.548574 0.062220 0.062220
0 0.445418 0.312089 0.052757 0.052757
0 0.098244 0.733733 0.104277 0.104277
0 0.926879 0.685511 0.071945 0.071945
0 0.356222 0.670273 0.061131 0.061131
0 0.389356 0.422614 0.057104 0.057104
0 0.693502 0.949406 0.057103 0.057103
0 0.440438 0.630768 0.052757 0.052757
0 0.708495 0.366570 0.104277 0.104277
0 0.114480 0.460122 0.052757 0.052757
0 0.578772 0.182980 0.062220 0.062220
0 0.496645 0.566728 0.057104 0.057104
0 0.416598 0.249528 0.057104 0.057104
0 0.413445 0.088703 0.052757 0.052757
0 0.887194 0.519485 0.052757 0.052757
0 0.609118 0.788739 0.036679 0.036679
0 0.524599 0.226966 0.061130 0.061130
0 0.239468 0.076006 0.061131 0.061131
0 0.827107 0.480296 0.062221 0.062221
0 0.442880 0.719350 0.057104 0.057104
0 0.181680 0.396031 0.052757 0.052757
0 0.828737 0.285784 0.071945 0.071945
0 0.765652 0.515925 0.052757 0.052757
0 0.734462 0.099775 0.061130 0.061130
0 0.752758 0.583787 0.104277 0.104277
0 0.177648 0.671983 0.071945 0.071945
0 0.467528 0.183989 0.061131 0.061131
0 0.658396 0.607419 0.104277 0.104277
0 0.286743 0.478314 0.071945 0.071945
0 0.516755 0.117442 0.057104 0.057104
0 0.941526 0.832876 0.057104 0.057104
0 0.749301 0.774894 0.062220 0.062220
0 0.195600 0.987569 0.071945 0.071945
0 0.927160 0.039352 0.057104 0.057104
0 0.248867 0.638432 0.057104 0.057104
0 0.605323 0.549127 0.061130 0.061130
0 0.079634 0.856822 0.061130 0.061130
0 0.740249 0.174650 0.061130 0.061130
0 0.857964 0.935745 0.062220 0.062220
0 0.684083 0.679742 0.061130 0.061130
0 0.253341 0.278150 0.104277 0.104277
0 0.014946 0.759083 0.061130 0.061130
0 0.555419 0.643610 0.062220 0.062220
0 0.164700 0.813618 0.104277 0.104277
0 0.328105 0.911491 0.071945 0.071945
0 0.025503 0.425286 0.052757 0.052757
0 0.468851 0.414640 0.062220 0.062220
0 0.018400 0.965209 0.061130 0.061130
0 0.832548 0.790818 0.104277 0.104277
0 0.010642 0.881527 0.104277 0.104277
0 0.215261 0.862155 0.104277 0.104277
0 0.194166 0.749465 0.052757 0.052757
0 0.061391 0.009842 0.061130 0.061130
0 0.501082 0.789153 0.062220 0.062220
0 0.879492 0.093354 0.052757 0.052757
0 0.375320 0.031524 0.057104 0.057104
0 0.535923 0.332491 0.071945 0.071945
0 0.145802 0.315619 0.052757 0.052757
0 0.138569 0.085956 0.062220 0.062220
0 0.643293 0.871849 0.104277 0.104277
0 0.319230 0.995407 0.057104 0.057104
0 0.103334 0.149574 0.104278 0.104278
0 0.556745 0.837071 0.071945 0.071945
0 0.275099 0.818215 0.052757 0.052757
0 0.129405 0.969662 0.057104 0.057104
0 0.353477 0.213745 0.062220 0.062220
0 0.946749 0.564726 0.071945 0.071945
0 0.160352 0.215485 0.062220 0.062220
0 0.038909 0.330061 0.057104 0.057104
0 0.697640 0.827218 0.061131 0.061131
0 0.829915 0.614948 0.071945 0.071945
0 0.192272 0.147856 0.071945 0.071945
0 0.105852 0.384417 0.062220 0.062220
0 0.924296 0.263923 0.104277 0.104277
0 0.678883 0.296152 0.057104 0.057104
0 0.037911 0.107654 0.104277 0.104277
0 0.101834 0.625778 0.062220 0.062220
0 0.232473 0.204782 0.052757 0.052757
0 0.661626 0.436090 0.057104 0.057104
0 0.105411 0.535967 0.061131 0.061131
0 0.670288 0.222453 0.104277 0.104277
0 0.790308 0.864215 0.071945 0.071945
0 0.739621 0.250048 0.104277 0.104277
0 0.753801 0.446306 0.052757 0.052757
0 0.032919 0.632772 0.071945 0.071945
0 0.493701 0.916970 0.057104 0.057104
0 0.321282 0.091165 0.061131 0.061131
0 0.763452 0.999701 0.061131 0.061131