0 0.606005 0.178617 0.071945 0.071945
0 0.401182 0.682036 0.104277 0.104277
0 0.591284 0.646564 0.104277 0.104277
0 0.635473 0.842812 0.057104 0.057104
0 0.504739 0.292894 0.062220 0.062220
0 0.637717 0.290841 0.057104 0.057104
0 0.727858 0.804691 0.104277 0.104277
0 0.670528 0.216149 0.052757 0.052757
0 0.554314 0.556321 0.057104 0.057104
0 0.482474 0.407804 0.104277 0.104277
0 0.464777 0.759700 0.104277 0.104277
0 0.270418 0.946464 0.052757 0.052757
0 0.467668 0.598280 0.061131 0.061131
0 0.477476 0.222187 0.052757 0.052757
0 0.350884 0.521813 0.071945 0.071945
0 0.567893 0.422092 0.062220 0.062220
0 0.403772 0.817355 0.062220 0.062220
0 0.241598 0.883903 0.057104 0.057104
0 0.238445 0.723078 0.052757 0.052757
0 0.349599 0.861341 0.061130 0.061130
0 0.626050 0.543343 0.071945 0.071945
0 0.707847 0.313884 0.071945 0.071945
0 0.064468 0.710381 0.061131 0.061131
0 0.569635 0.242497 0.071945 0.071945
0 0.653737 0.920159 0.071945 0.071945
0 0.559462 0.734150 0.061130 0.061130
0 0.738148 0.077233 0.061131 0.061131
0 0.292528 0.818364 0.061131 0.061131
0 0.341755 0.751817 0.057104 0.057104
0 0.756782 0.252097 0.071945 0.071945
0 0.138557 0.074874 0.071945 0.071945
0 0.408669 0.345622 0.071945 0.071945
0 0.259118 0.226773 0.061130 0.061130
0 0.769348 0.175460 0.071945 0.071945
0 0.284131 0.345648 0.104277 0.104277
0 0.752160 0.673727 0.057104 0.057104
0 0.034890 0.212192 0.071945 0.071945
0 0.408047 0.477325 0.104277 0.104277
0 0.700135 0.421025 0.104278 0.104278
0 0.565249 0.809025 0.061130 0.061130
0 0.096973 0.461106 0.071945 0.071945
0 0.078341 0.912525 0.104277 0.104277
0 0.110781 0.595520 0.061131 0.061131
0 0.504640 0.083467 0.062220 0.062220
0 0.468215 0.145034 0.062220 0.062220
0 0.181758 0.426465 0.062220 0.062220
0 0.704492 0.727729 0.052757 0.052757
0 0.200320 0.665899 0.057104 0.057104
0 0.064789 0.140667 0.061131 0.061131
0 0.360923 0.966866 0.071945 0.071945
0 0.323806 0.624523 0.071945 0.071945
0 0.011251 0.450969 0.061131 0.061131
0 0.430367 0.072181 0.052757 0.052757
0 0.228805 0.148511 0.057104 0.057104
0 0.178477 0.848120 0.062220 0.062220
0 0.741578 0.503067 0.057104 0.057104
0 0.622518 0.473187 0.057104 0.057104
0 0.479888 0.497073 0.052757 0.052757
0 0.229938 0.598947 0.052757 0.052757
0 0.017272 0.782231 0.071945 0.071945
0 0.749296 0.898298 0.104277 0.104277
0 0.366649 0.163087 0.071945 0.071945
0 0.268611 0.077658 0.062220 0.062220
0 0.260903 0.442104 0.057104 0.057104
0 0.503883 0.930527 0.057104 0.057104
0 0.642740 0.109446 0.062220 0.062220
0 0.194706 0.515790 0.057104 0.057104
0 0.100555 0.263811 0.104277 0.104277
0 0.057473 0.839157 0.052757 0.052757
0 0.166897 0.333248 0.052757 0.052757
0 0.045925 0.551931 0.071945 0.071945
0 0.335567 0.101250 0.104277 0.104277
0 0.174052 0.198792 0.071945 0.071945
0 0.495288 0.856828 0.104277 0.104277
0 0.188025 0.008806 0.104277 0.104277
0 0.722280 0.606532 0.061130 0.061130
0 0.702869 0.143674 0.104278 0.104278
0 0.390808 0.261992 0.104277 0.104277
0 0.564621 0.884423 0.104277 0.104277
0 0.054454 0.322948 0.052757 0.052757
0 0.348889 0.440102 0.062220 0.062220
0 0.146282 0.725540 0.061131 0.061131