0 0.859592 0.971352 0.104277 0.104277
0 0.816044 0.759361 0.061130 0.061130
0 0.749137 0.619690 0.104277 0.104277
0 0.810963 0.528642 0.071945 0.071945
0 0.962776 0.514252 0.071945 0.071945
0 0.716815 0.721259 0.052757 0.052757
0 0.754846 0.391743 0.104277 0.104277
0 0.261011 0.674356 0.052757 0.052757
0 0.210660 0.167677 0.062220 0.062220
0 0.853716 0.886167 0.057104 0.057104
0 0.624909 0.564199 0.062220 0.062220
0 0.882918 0.327714 0.052757 0.052757
0 0.535744 0.749358 0.104277 0.104277
0 0.135217 0.394893 0.052757 0.052757
0 0.793722 0.685898 0.061131 0.061131
0 0.157545 0.042062 0.057103 0.057103
0 0.260556 0.882186 0.057104 0.057104
0 0.826856 0.438239 0.057104 0.057104
0 0.326598 0.289353 0.071945 0.071945
0 0.877938 0.646393 0.052757 0.052757
0 0.373846 0.351792 0.061130 0.061130
0 0.551980 0.475747 0.052757 0.052757
0 0.934145 0.582353 0.057104 0.057104
0 0.854098 0.265153 0.057104 0.057104
0 0.850945 0.104328 0.052757 0.052757
0 0.962099 0.242591 0.061130 0.061130
0 0.676968 0.091631 0.061131 0.061131
0 0.305365 0.564832 0.057104 0.057104
0 0.880380 0.734975 0.057104 0.057104
0 0.619180 0.411656 0.052757 0.052757
0 0.392296 0.561089 0.057104 0.057104
0 0.615148 0.687608 0.071945 0.071945
0 0.612094 0.012938 0.062220 0.062220
0 0.905028 0.199614 0.061131 0.061131
0 0.724243 0.493939 0.071945 0.071945
0 0.954255 0.133067 0.057104 0.057104
0 0.073707 0.306387 0.071945 0.071945
0 0.003462 0.299302 0.057104 0.057104
0 0.271515 0.465294 0.057104 0.057104
0 0.686367 0.654057 0.057104 0.057104
0 0.007963 0.989137 0.061130 0.061130
0 0.418704 0.229485 0.061130 0.061130
0 0.306878 0.830819 0.071945 0.071945
0 0.517134 0.872447 0.061130 0.061130
0 0.006994 0.633062 0.071945 0.071945
0 0.690841 0.293775 0.104277 0.104277
0 0.452446 0.774708 0.061130 0.061130
0 0.423520 0.702973 0.061130 0.061130
0 0.302533 0.041883 0.057104 0.057104
0 0.992919 0.659235 0.062220 0.062220
0 0.204638 0.429246 0.104277 0.104277
0 0.068678 0.207424 0.057104 0.057104
0 0.310394 0.209171 0.057104 0.057104
0 0.602200 0.829243 0.104277 0.104277
0 0.765605 0.927116 0.071945 0.071945
0 0.178960 0.323508 0.104277 0.104277
0 0.463003 0.440911 0.052757 0.052757
0 0.906351 0.430265 0.062220 0.062220
0 0.455900 0.980834 0.061130 0.061130
0 0.194053 0.515808 0.104277 0.104277
0 0.018163 0.714760 0.071945 0.071945
0 0.448142 0.897152 0.104277 0.104277
0 0.178218 0.228777 0.052757 0.052757
0 0.652761 0.877780 0.104277 0.104277
0 0.137450 0.665891 0.052757 0.052757
0 0.363582 0.142270 0.104277 0.104277
0 0.631666 0.765090 0.052757 0.052757
0 0.498891 0.025467 0.061130 0.061130
0 0.064083 0.062916 0.071945 0.071945
0 0.938582 0.804778 0.062220 0.062220
0 0.812820 0.047149 0.057104 0.057104
0 0.344025 0.638577 0.071945 0.071945
0 0.268970 0.391547 0.062220 0.062220
0 0.973423 0.348116 0.071945 0.071945
0 0.583302 0.331244 0.052757 0.052757
0 0.576069 0.101581 0.062220 0.062220
0 0.229902 0.597244 0.104277 0.104277
0 0.936306 0.005773 0.071945 0.071945
0 0.376673 0.868725 0.052757 0.052757
0 0.379246 0.015991 0.061130 0.061130
0 0.540834 0.165199 0.104278 0.104278
0 0.142810 0.815616 0.071945 0.071945
0 0.994245 0.852696 0.071945 0.071945
0 0.353570 0.775785 0.061130 0.061130
0 0.712599 0.833840 0.052757 0.052757
0 0.566905 0.985287 0.057104 0.057104
0 0.790977 0.229370 0.062220 0.062220
0 0.065710 0.412039 0.057104 0.057104
0 0.376218 0.420946 0.057104 0.057104
0 0.008031 0.865418 0.104277 0.104277
0 0.597852 0.231110 0.062220 0.062220
0 0.476409 0.345686 0.057104 0.057104
0 0.350474 0.935751 0.061130 0.061130
0 0.212839 0.778910 0.071945 0.071945
0 0.065474 0.490148 0.061130 0.061130
0 0.340326 0.495411 0.048997 0.048997
0 0.629772 0.163481 0.071945 0.071945
0 0.543352 0.400042 0.062220 0.062220
0 0.276995 0.126593 0.057104 0.057104
0 0.475411 0.123279 0.104277 0.104277
0 0.151753 0.116942 0.104277 0.104277
0 0.539334 0.641403 0.062220 0.062220
0 0.669973 0.220407 0.052757 0.052757
0 0.542911 0.551592 0.061131 0.061131
0 0.117685 0.589788 0.104277 0.104277
0 0.051874 0.925314 0.047555 0.047555
0 0.185974 0.950110 0.052757 0.052757
0 0.258127 0.313655 0.057104 0.057104
0 0.470419 0.648397 0.071945 0.071945
0 0.931201 0.932595 0.057104 0.057104
0 0.265924 0.957991 0.071945 0.071945
0 0.758782 0.106790 0.061131 0.061131