0 0.930387 0.888440 0.104277 0.104277
0 0.992213 0.797392 0.071945 0.071945
0 0.898065 0.990009 0.052757 0.052757
0 0.936096 0.660493 0.104277 0.104277
0 0.442261 0.943106 0.052757 0.052757
0 0.391910 0.436427 0.062220 0.062220
0 0.806159 0.832949 0.062220 0.062220
0 0.316467 0.663643 0.052757 0.052757
0 0.974972 0.954648 0.061131 0.061131
0 0.338795 0.310812 0.057103 0.057103
0 0.507848 0.558103 0.071945 0.071945
0 0.555096 0.620542 0.061130 0.061130
0 0.110141 0.356457 0.052757 0.052757
0 0.733230 0.744497 0.052757 0.052757
0 0.858218 0.360381 0.061131 0.061131
0 0.486615 0.833582 0.057104 0.057104
0 0.800430 0.680406 0.052757 0.052757
0 0.573546 0.829839 0.057104 0.057104
0 0.543600 0.061002 0.057104 0.057104
0 0.796398 0.956358 0.071945 0.071945
0 0.793344 0.281688 0.062220 0.062220
0 0.905493 0.762689 0.071945 0.071945
0 0.270915 0.132950 0.104277 0.104277
0 0.254957 0.575137 0.071945 0.071945
0 0.184712 0.568052 0.057104 0.057104
0 0.079676 0.066009 0.104277 0.104277
0 0.452765 0.734044 0.057104 0.057104
0 0.481365 0.216133 0.057104 0.057104
0 0.867617 0.922807 0.057104 0.057104
0 0.010821 0.124361 0.062220 0.062220
0 0.599954 0.498235 0.061130 0.061130
0 0.401388 0.258568 0.052757 0.052757
0 0.188244 0.901812 0.071945 0.071945
0 0.154563 0.281910 0.062220 0.062220
0 0.890723 0.111106 0.071945 0.071945
0 0.872091 0.562525 0.104277 0.104277
0 0.326629 0.061598 0.057104 0.057104
0 0.604770 0.971723 0.061130 0.061130
0 0.483783 0.310633 0.057104 0.057104
0 0.385888 0.697996 0.104277 0.104277
0 0.249928 0.476174 0.057104 0.057104
0 0.491644 0.477921 0.057104 0.057104
0 0.157283 0.653303 0.057104 0.057104
0 0.532173 0.139962 0.052757 0.052757
0 0.603364 0.209043 0.104277 0.104277
0 0.360210 0.592258 0.104277 0.104277
0 0.644253 0.709661 0.052757 0.052757
0 0.375303 0.784558 0.104277 0.104277
0 0.199413 0.983510 0.071945 0.071945
0 0.164767 0.485557 0.052757 0.052757
0 0.904531 0.245520 0.061131 0.061131
0 0.359468 0.497527 0.052757 0.052757
0 0.176379 0.416848 0.061130 0.061130
0 0.318700 0.934641 0.052757 0.052757
0 0.544832 0.411020 0.104277 0.104277
0 0.680141 0.294217 0.061130 0.061130
0 0.416054 0.148648 0.057104 0.057104
0 0.245333 0.331666 0.071945 0.071945
0 0.762627 0.192005 0.104277 0.104277
0 0.083347 0.744289 0.061130 0.061130
0 0.975508 0.076465 0.062220 0.062220
0 0.667552 0.029368 0.062220 0.062220
0 0.994070 0.315899 0.057104 0.057104
0 0.525275 0.907327 0.071945 0.071945
0 0.450220 0.660297 0.062220 0.062220
0 0.074441 0.938168 0.061130 0.061130
0 0.228132 0.072816 0.052757 0.052757
0 0.764552 0.599994 0.052757 0.052757
0 0.757319 0.370331 0.062220 0.062220
0 0.411152 0.865994 0.104277 0.104277
0 0.024494 0.194017 0.057104 0.057104
0 0.560496 0.284741 0.061130 0.061130
0 0.722084 0.433949 0.104278 0.104278
0 0.805001 0.100969 0.061131 0.061131
0 0.102530 0.444993 0.061130 0.061130
0 0.069142 0.282179 0.062220 0.062220
0 0.972227 0.498120 0.062220 0.062220
0 0.246960 0.680789 0.057104 0.057104
0 0.557468 0.689696 0.057104 0.057104
0 0.049156 0.622963 0.104277 0.104277
0 0.779102 0.499860 0.062220 0.062220
0 0.657659 0.614436 0.057104 0.057104
0 0.381936 0.011550 0.061130 0.061130
0 0.246724 0.758898 0.061130 0.061130
0 0.176561 0.746177 0.062220 0.062220
0 0.521576 0.764161 0.048997 0.048997
0 0.811022 0.432231 0.071945 0.071945
0 0.092547 0.204244 0.057104 0.057104
0 0.724602 0.668792 0.062220 0.062220
0 0.621935 0.086997 0.061130 0.061130
0 0.458245 0.395343 0.057104 0.057104
0 0.656661 0.392029 0.104277 0.104277
0 0.333003 0.385692 0.104277 0.104277
0 0.988456 0.165790 0.057104 0.057104
0 0.720584 0.910153 0.062220 0.062220
0 0.851223 0.489157 0.052757 0.052757
0 0.662694 0.159910 0.061130 0.061130
0 0.724161 0.820342 0.061131 0.061131
0 0.839675 0.201931 0.071945 0.071945
0 0.145122 0.830717 0.071945 0.071945
0 0.357130 0.190769 0.062220 0.062220
0 0.708140 0.098720 0.071945 0.071945
0 0.298935 0.858538 0.104277 0.104277
0 0.065061 0.823641 0.071945 0.071945
0 0.055312 0.546500 0.061130 0.061130
0 0.138400 0.113925 0.104277 0.104277
0 0.256941 0.249624 0.052757 0.052757
0 0.439377 0.582405 0.057104 0.057104
0 0.204192 0.175081 0.062220 0.062220
0 0.651669 0.917147 0.071945 0.071945
0 0.023334 0.482690 0.062220 0.062220
0 0.940032 0.375540 0.061131 0.061131