0 0.411745 0.582198 0.062220 0.062220
0 0.160737 0.885231 0.104277 0.104277
0 0.960743 0.360337 0.052757 0.052757
0 0.365819 0.641040 0.062220 0.062220
0 0.512393 0.618052 0.070161 0.070161
0 0.014479 0.288713 0.062220 0.062220
0 0.143113 0.609664 0.104278 0.104278
0 0.865767 0.276645 0.062220 0.062220
0 0.262506 0.281071 0.057104 0.057104
0 0.782307 0.709249 0.071945 0.071945
0 0.879966 0.396627 0.062220 0.062220
0 0.301794 0.589176 0.071945 0.071945
0 0.598100 0.647805 0.062220 0.062220
0 0.615228 0.950097 0.061131 0.061131
0 0.902868 0.861148 0.061130 0.061130
0 0.276214 0.357756 0.062220 0.062220
0 0.927881 0.980023 0.104277 0.104277
0 0.634671 0.711641 0.104277 0.104277
0 0.809866 0.364032 0.052757 0.052757
0 0.043209 0.647243 0.071945 0.071945
0 0.549130 0.557276 0.061130 0.061130
0 0.140312 0.981474 0.057104 0.057104
0 0.262015 0.440517 0.071945 0.071945
0 0.088882 0.930343 0.104277 0.104277
0 0.678640 0.846567 0.071945 0.071945
0 0.196319 0.379518 0.104277 0.104277
0 0.012560 0.455298 0.104277 0.104277
0 0.139781 0.491955 0.057104 0.057104
0 0.131864 0.355254 0.071945 0.071945
0 0.936251 0.533469 0.061130 0.061130
0 0.364529 0.961804 0.104277 0.104277
0 0.742856 0.443081 0.071945 0.071945
0 0.348727 0.311510 0.071945 0.071945
0 0.055243 0.799291 0.052757 0.052757
0 0.529691 0.780868 0.104277 0.104277
0 0.630555 0.525465 0.057104 0.057104
0 0.322304 0.782652 0.062220 0.062220
0 0.631311 0.328321 0.061131 0.061131
0 0.940750 0.283949 0.057104 0.057104
0 0.601027 0.427596 0.071945 0.071945
0 0.490482 0.487778 0.071945 0.071945
0 0.421921 0.762529 0.062220 0.062220
0 0.352124 0.422832 0.052757 0.052757
0 0.229446 0.685656 0.071945 0.071945
0 0.220112 0.921440 0.052757 0.052757
0 0.728146 0.345610 0.052757 0.052757
0 0.663975 0.591104 0.062220 0.062220
0 0.933660 0.450757 0.061131 0.061131
0 0.407721 0.477943 0.052757 0.052757
0 0.708539 0.775042 0.061131 0.061131
0 0.461404 0.306907 0.071945 0.071945
0 0.612383 0.812360 0.061131 0.061131
0 0.880924 0.586564 0.071945 0.071945
0 0.792389 0.283825 0.062220 0.062220
0 0.485338 0.388160 0.057104 0.057104
0 0.101848 0.430854 0.062220 0.062220
0 0.171876 0.261434 0.104277 0.104277
0 0.575367 0.890523 0.052757 0.052757
0 0.872555 0.782886 0.057104 0.057104
0 0.480334 0.690556 0.052757 0.052757
0 0.727480 0.624219 0.071945 0.071945
0 0.990466 0.600094 0.052757 0.052757
0 0.808654 0.486222 0.071945 0.071945
0 0.544108 0.274752 0.104277 0.104277
0 0.453418 0.915938 0.104277 0.104277
0 0.231936 0.995925 0.061130 0.061130
0 0.175787 0.815841 0.104277 0.104277
0 0.138488 0.686741 0.052757 0.052757
0 0.358987 0.720504 0.057104 0.057104
0 0.912361 0.712033 0.062220 0.062220
0 0.241372 0.844930 0.071945 0.071945
0 0.317516 0.485367 0.104277 0.104277
0 0.739060 0.547269 0.071945 0.071945
0 0.235509 0.607434 0.056505 0.056505
0 0.744305 0.898186 0.104277 0.104277
0 0.810647 0.967623 0.052757 0.052757
0 0.979317 0.735625 0.104277 0.104277
0 0.817802 0.833167 0.071945 0.071945
0 0.831775 0.643181 0.104277 0.104277
0 0.455601 0.828787 0.057104 0.057104
0 0.229806 0.538745 0.061130 0.061130
0 0.562707 0.488830 0.057103 0.057103
0 0.306323 0.870086 0.057104 0.057104
0 0.029360 0.562547 0.062220 0.062220
0 0.046636 0.349797 0.061130 0.061130
0 0.715424 0.275174 0.057104 0.057104
0 0.698204 0.957323 0.052757 0.052757