0 0.545545 0.192601 0.062220 0.062220
0 0.891183 0.532229 0.062220 0.062220
0 0.852957 0.338205 0.062220 0.062220
0 0.628859 0.645843 0.057103 0.057103
0 0.890629 0.068120 0.104277 0.104277
0 0.649531 0.392492 0.052757 0.052757
0 0.487874 0.247483 0.071945 0.071945
0 0.608722 0.477162 0.062220 0.062220
0 0.513755 0.670144 0.071945 0.071945
0 0.538674 0.507798 0.104277 0.104277
0 0.342296 0.280609 0.061130 0.061130
0 0.619162 0.198663 0.061130 0.061130
0 0.599578 0.110780 0.052757 0.052757
0 0.390724 0.576961 0.104278 0.104278
0 0.788603 0.691726 0.062220 0.062220
0 0.760380 0.111607 0.061130 0.061130
0 0.841224 0.237065 0.062220 0.062220
0 0.946433 0.675021 0.071945 0.071945
0 0.883113 0.145275 0.057104 0.057104
0 0.648449 0.574406 0.061130 0.061130
0 0.700911 0.346718 0.062220 0.062220
0 0.899030 0.603031 0.057104 0.057104
0 0.407898 0.380196 0.062220 0.062220
0 0.919659 0.280718 0.057104 0.057104
0 0.731734 0.192819 0.061130 0.061130
0 0.862874 0.682684 0.052757 0.052757
0 0.696964 0.453850 0.062220 0.062220
0 0.822179 0.574045 0.050891 0.050891
0 0.475601 0.080341 0.062220 0.062220
0 0.548005 0.589480 0.104277 0.104277
0 0.692621 0.069064 0.057104 0.057104
0 0.986049 0.466351 0.062220 0.062220
0 0.482775 0.412347 0.062220 0.062220
0 0.707199 0.653067 0.052757 0.052757
0 0.754830 0.499191 0.062220 0.062220
0 0.850589 0.465110 0.104277 0.104277
0 0.358037 0.174223 0.104278 0.104278
0 0.476675 0.167687 0.052757 0.052757
0 0.385858 0.683814 0.071945 0.071945
0 0.295246 0.689489 0.052757 0.052757
0 0.993306 0.043262 0.071945 0.071945
0 0.445473 0.637586 0.057104 0.057104
0 0.233223 0.010953 0.104277 0.104277
0 0.409578 0.222205 0.057104 0.057104
0 0.723777 0.572000 0.062220 0.062220
0 0.374780 0.088230 0.104277 0.104277
0 0.264933 0.613036 0.104277 0.104277
0 0.801757 0.397130 0.104277 0.104277
0 0.375054 0.497889 0.061131 0.061131
0 0.256190 0.492947 0.057104 0.057104
0 0.586724 0.013264 0.052757 0.052757
0 0.235349 0.421030 0.062220 0.062220
0 0.448391 0.512984 0.057104 0.057104
0 0.568999 0.305832 0.057104 0.057104
0 0.289761 0.214219 0.062220 0.062220
0 0.289935 0.141784 0.057104 0.057104
0 0.959807 0.397186 0.052757 0.052757
0 0.993479 0.262572 0.061130 0.061130
0 0.664960 0.281916 0.104277 0.104277
0 0.324938 0.405758 0.057104 0.057104
0 0.313589 0.549765 0.061130 0.061130
0 0.813076 0.001908 0.104277 0.104277
0 0.237678 0.289940 0.057104 0.057104