0 0.314088 0.938017 0.071945 0.071945
0 0.465901 0.923627 0.071945 0.071945
0 0.516807 0.472661 0.104277 0.104277
0 0.549287 0.813930 0.061131 0.061131
0 0.706909 0.437189 0.104277 0.104277
0 0.257971 0.801118 0.104277 0.104277
0 0.751098 0.633437 0.057104 0.057104
0 0.620364 0.083519 0.062220 0.062220
0 0.877551 0.838397 0.062221 0.062221
0 0.753342 0.081466 0.057104 0.057104
0 0.766457 0.801402 0.104277 0.104277
0 0.843483 0.595316 0.104277 0.104277
0 0.786153 0.006774 0.052757 0.052757
0 0.669939 0.346946 0.057104 0.057104
0 0.598099 0.198429 0.104277 0.104277
0 0.580402 0.550325 0.104277 0.104277
0 0.128034 0.973574 0.062220 0.062220
0 0.386043 0.737089 0.052757 0.052757
0 0.583293 0.388905 0.061131 0.061131
0 0.593101 0.012812 0.052757 0.052757
0 0.329981 0.847614 0.057104 0.057104
0 0.466509 0.312438 0.071945 0.071945
0 0.649120 0.791570 0.104277 0.104277
0 0.683518 0.212717 0.062220 0.062220
0 0.055105 0.885122 0.052757 0.052757
0 0.519397 0.607980 0.062220 0.062220
0 0.437270 0.991728 0.057104 0.057104
0 0.357223 0.674528 0.057104 0.057104
0 0.354070 0.513703 0.052757 0.052757
0 0.827819 0.944485 0.052757 0.052757
0 0.465224 0.651966 0.061130 0.061130
0 0.741675 0.333968 0.071945 0.071945
0 0.823472 0.104509 0.071945 0.071945
0 0.180093 0.501006 0.061131 0.061131
0 0.767732 0.905296 0.062221 0.062221
0 0.685260 0.033122 0.071945 0.071945
0 0.122305 0.821031 0.052757 0.052757
0 0.769362 0.710784 0.071945 0.071945
0 0.706277 0.940925 0.052757 0.052757
0 0.675087 0.524775 0.061130 0.061130
0 0.115219 0.422313 0.062220 0.062220
0 0.408153 0.608989 0.061131 0.061131
0 0.227368 0.903314 0.071945 0.071945
0 0.457380 0.542442 0.057104 0.057104
0 0.872407 0.042722 0.071945 0.071945
0 0.524294 0.136247 0.071945 0.071945
0 0.087103 0.106347 0.061131 0.061131
0 0.374743 0.017398 0.061130 0.061130
0 0.399756 0.136273 0.104277 0.104277
0 0.867785 0.464352 0.057104 0.057104
0 0.150515 0.002817 0.071945 0.071945
0 0.523672 0.267950 0.104277 0.104277
0 0.815760 0.211650 0.104278 0.104278
0 0.545948 0.974127 0.061130 0.061130
0 0.680874 0.599650 0.061130 0.061130
0 0.212598 0.251731 0.071945 0.071945
0 0.193966 0.703150 0.104277 0.104277
0 0.409476 0.839640 0.062220 0.062220
0 0.226406 0.386145 0.061131 0.061131
0 0.002016 0.434842 0.061130 0.061130
0 0.084502 0.332630 0.104277 0.104277
0 0.297383 0.217090 0.062220 0.062220
0 0.820117 0.518354 0.052757 0.052757
0 0.315945 0.456524 0.057104 0.057104
0 0.476548 0.757491 0.071945 0.071945
0 0.086427 0.740619 0.052757 0.052757
0 0.079194 0.510956 0.062220 0.062220
0 0.439431 0.415148 0.071945 0.071945
0 0.043959 0.574574 0.104278 0.104278
0 0.047242 0.046773 0.052757 0.052757
0 0.126876 0.241594 0.061131 0.061131
0 0.294102 0.638745 0.062220 0.062220
0 0.887374 0.989726 0.071945 0.071945
0 0.857203 0.293692 0.057104 0.057104
0 0.738143 0.263812 0.057104 0.057104
0 0.595513 0.287698 0.052757 0.052757
0 0.100977 0.640485 0.062220 0.062220
0 0.345563 0.389572 0.052757 0.052757
0 0.132897 0.572856 0.071945 0.071945
0 0.046477 0.809417 0.062220 0.062220
0 0.864921 0.688923 0.104277 0.104277
0 0.376528 0.232729 0.057104 0.057104
0 0.619508 0.721152 0.057104 0.057104
0 0.310331 0.306415 0.057104 0.057104
0 0.216180 0.054436 0.104277 0.104277
0 0.173098 0.629782 0.052757 0.052757
0 0.602251 0.861090 0.057104 0.057104
0 0.282522 0.123873 0.052757 0.052757
0 0.046036 0.960967 0.061131 0.061131
0 0.161550 0.342556 0.071945 0.071945
0 0.610913 0.647453 0.104277 0.104277
0 0.837905 0.397157 0.061130 0.061130
0 0.030015 0.239345 0.071945 0.071945
0 0.506433 0.052617 0.104277 0.104277
0 0.680246 0.675048 0.104277 0.104277
0 0.694426 0.871306 0.052757 0.052757
0 0.170079 0.113573 0.052757 0.052757
0 0.464514 0.230727 0.062220 0.062220
0 0.261907 0.516165 0.061131 0.061131