0 0.261095 0.551907 0.071945 0.071945
0 0.536216 0.519886 0.071945 0.071945
0 0.816594 0.260207 0.071945 0.071945
0 0.062708 0.397252 0.104277 0.104277
0 0.568344 0.635256 0.052757 0.052757
0 0.125196 0.121478 0.052757 0.052757
0 0.269779 0.922239 0.061130 0.061130
0 0.806627 0.742410 0.061131 0.061131
0 0.712504 0.858744 0.062220 0.062220
0 0.305493 0.308224 0.061130 0.061130
0 0.711771 0.433201 0.104277 0.104277
0 0.155843 0.818620 0.104277 0.104277
0 0.114704 0.940231 0.104277 0.104277
0 0.738494 0.047354 0.062220 0.062220
0 0.001220 0.982205 0.071945 0.071945
0 0.024490 0.070935 0.052757 0.052757
0 0.478437 0.270100 0.071945 0.071945
0 0.045561 0.242162 0.052757 0.052757
0 0.159244 0.571362 0.062220 0.062220
0 0.121868 0.317297 0.071945 0.071945
0 0.588659 0.881540 0.104277 0.104277
0 0.184597 0.743620 0.057104 0.057104
0 0.678767 0.596320 0.104277 0.104277
0 0.633906 0.787439 0.071945 0.071945
0 0.843964 0.680063 0.052757 0.052757
0 0.257284 0.142854 0.104277 0.104277
0 0.557145 0.388958 0.104277 0.104277
0 0.674924 0.200151 0.071945 0.071945
0 0.252944 0.726056 0.104277 0.104277
0 0.670158 0.940198 0.052757 0.052757
0 0.679671 0.131705 0.062220 0.062220
0 0.138297 0.667118 0.061130 0.061130
0 0.017602 0.708992 0.057104 0.057104
0 0.617627 0.327456 0.057104 0.057104
0 0.660594 0.501131 0.062220 0.062220
0 0.413336 0.628318 0.052757 0.052757
0 0.560344 0.259240 0.062220 0.062220
0 0.071094 0.845841 0.104277 0.104277
0 0.380553 0.815186 0.071945 0.071945
0 0.745993 0.231933 0.061130 0.061130
0 0.590557 0.730195 0.102474 0.102474
0 0.199741 0.393586 0.052757 0.052757
0 0.484893 0.722370 0.104277 0.104277
0 0.009765 0.316341 0.104277 0.104277
0 0.162399 0.259591 0.052757 0.052757
0 0.356874 0.011026 0.054783 0.054783
0 0.493717 0.456162 0.062220 0.062220
0 0.337404 0.531712 0.061131 0.061131
0 0.295797 0.460163 0.071945 0.071945
0 0.324976 0.123192 0.071945 0.071945
0 0.083998 0.578712 0.062220 0.062220
0 0.325236 0.194016 0.061130 0.061130
0 0.298943 0.783023 0.057104 0.057104
0 0.036639 0.919562 0.057104 0.057104
0 0.618732 0.011759 0.061131 0.061131
0 0.205256 0.019694 0.057104 0.057104
0 0.111665 0.736550 0.104277 0.104277
0 0.780239 0.489107 0.045227 0.045227
0 0.414627 0.537434 0.052757 0.052757
0 0.840863 0.110707 0.104278 0.104278
0 0.124173 0.496972 0.061130 0.061130
0 0.835904 0.392902 0.061130 0.061130
0 0.397736 0.744544 0.062220 0.062220
0 0.342159 0.924303 0.104277 0.104277
0 0.449389 0.111684 0.052757 0.052757
0 0.137066 0.190901 0.104277 0.104277
0 0.170252 0.887956 0.062220 0.062220
0 0.492253 0.351195 0.052757 0.052757
0 0.044465 0.777303 0.071945 0.071945
0 0.404300 0.403059 0.052757 0.052757
0 0.827493 0.959757 0.061131 0.061131
0 0.223837 0.469446 0.057104 0.057104
0 0.694310 0.336599 0.061131 0.061131
0 0.599947 0.200862 0.057104 0.057104
0 0.321101 0.850025 0.104277 0.104277
0 0.793065 0.835769 0.061131 0.061131
0 0.759319 0.986854 0.062221 0.062221
0 0.595217 0.987136 0.052757 0.052757
0 0.491322 0.629495 0.055027 0.055027
0 0.623514 0.430317 0.061131 0.061131
0 0.282013 0.658408 0.062220 0.062220
0 0.701351 0.733673 0.104277 0.104277
0 0.137380 0.424436 0.050559 0.050559
0 0.431602 0.922571 0.052757 0.052757
0 0.266519 0.367215 0.061130 0.061130
0 0.395790 0.187587 0.071945 0.071945
0 0.497777 0.041973 0.057104 0.057104
0 0.537823 0.099111 0.104277 0.104277
0 0.238003 0.815371 0.071945 0.071945
0 0.039022 0.159992 0.061131 0.061131
0 0.394590 0.282140 0.071945 0.071945
0 0.354052 0.671218 0.104277 0.104277
0 0.518062 0.815475 0.061130 0.061130
0 0.781433 0.350093 0.052757 0.052757
0 0.201235 0.096264 0.071945 0.071945
0 0.507499 0.190715 0.104277 0.104277
0 0.231942 0.234204 0.104277 0.104277
0 0.783708 0.156260 0.061131 0.061131
0 0.756090 0.682347 0.057104 0.057104
0 0.770040 0.606264 0.088662 0.088662