0 0.372092 0.627602 0.104277 0.104277
0 0.328544 0.415611 0.061130 0.061130
0 0.044552 0.835130 0.104278 0.104278
0 0.731489 0.377320 0.052757 0.052757
0 0.261637 0.275940 0.104277 0.104277
0 0.323463 0.184892 0.071945 0.071945
0 0.522382 0.625278 0.062220 0.062220
0 0.475276 0.170502 0.071945 0.071945
0 0.554029 0.377360 0.104277 0.104277
0 0.229315 0.377509 0.052757 0.052757
0 0.162696 0.996478 0.052757 0.052757
0 0.631893 0.423885 0.071945 0.071945
0 0.558662 0.060805 0.061131 0.061131
0 0.267346 0.047993 0.104277 0.104277
0 0.886926 0.085272 0.062221 0.062221
0 0.775832 0.048277 0.104277 0.104277
0 0.885640 0.615753 0.047276 0.047276
0 0.775994 0.922354 0.062220 0.062220
0 0.061990 0.945935 0.052757 0.052757
0 0.366216 0.542417 0.057104 0.057104
0 0.137409 0.220449 0.062220 0.062220
0 0.402078 0.729053 0.051819 0.051819
0 0.048244 0.405608 0.104277 0.104277
0 0.876879 0.357386 0.071945 0.071945
0 0.306222 0.342148 0.061131 0.061131
0 0.582226 0.672766 0.052757 0.052757
0 0.339356 0.094489 0.057104 0.057104
0 0.643502 0.621281 0.057103 0.057103
0 0.390438 0.302643 0.052757 0.052757
0 0.658495 0.038445 0.104277 0.104277
0 0.064480 0.131997 0.052757 0.052757
0 0.446645 0.238603 0.057104 0.057104
0 0.837194 0.191360 0.052757 0.052757
0 0.559118 0.460614 0.036679 0.036679
0 0.678156 0.738621 0.104277 0.104277
0 0.777107 0.152171 0.062221 0.062221
0 0.392880 0.391225 0.057104 0.057104
0 0.477919 0.799397 0.104277 0.104277
0 0.131680 0.067906 0.052757 0.052757
0 0.473056 0.726104 0.071945 0.071945
0 0.715652 0.187800 0.052757 0.052757
0 0.702758 0.255662 0.104277 0.104277
0 0.869648 0.721678 0.071945 0.071945
0 0.127648 0.343858 0.071945 0.071945
0 0.179527 0.738813 0.052757 0.052757
0 0.608396 0.279294 0.104277 0.104277
0 0.236743 0.150189 0.071945 0.071945
0 0.775487 0.753489 0.061131 0.061131
0 0.891526 0.504751 0.057104 0.057104
0 0.394374 0.886026 0.054783 0.054783
0 0.699301 0.446769 0.062220 0.062220
0 0.561926 0.819938 0.057103 0.057103
0 0.362476 0.998192 0.071945 0.071945
0 0.145600 0.659444 0.071945 0.071945
0 0.656232 0.886759 0.061131 0.061131
0 0.242756 0.894694 0.057104 0.057104
0 0.607410 0.754640 0.061131 0.061131
0 0.198867 0.310307 0.057104 0.057104
0 0.555323 0.221002 0.061130 0.061130
0 0.029634 0.528697 0.061130 0.061130
0 0.872981 0.847182 0.071945 0.071945
0 0.878363 0.985707 0.104278 0.104278
0 0.807964 0.607620 0.062220 0.062220
0 0.634083 0.351617 0.061130 0.061130
0 0.256951 0.772820 0.052757 0.052757
0 0.505419 0.315485 0.062220 0.062220
0 0.114700 0.485493 0.104277 0.104277
0 0.278105 0.583366 0.071945 0.071945
0 0.809568 0.820285 0.104278 0.104278
0 0.418851 0.086515 0.062220 0.062220
0 0.486889 0.986684 0.052757 0.052757
0 0.782548 0.462693 0.104277 0.104277
0 0.068493 0.729620 0.057104 0.057104
0 0.168094 0.807236 0.062220 0.062220
0 0.732921 0.859864 0.062220 0.062220
0 0.165261 0.534030 0.104277 0.104277
0 0.144166 0.421340 0.052757 0.052757
0 0.451082 0.461028 0.062220 0.062220
0 0.485923 0.004366 0.071945 0.071945
0 0.114397 0.863325 0.104277 0.104277
0 0.593293 0.543724 0.104277 0.104277
0 0.269230 0.667282 0.057104 0.057104
0 0.656482 0.810363 0.071945 0.071945
0 0.506745 0.508946 0.071945 0.071945
0 0.225099 0.490090 0.052757 0.052757
0 0.079405 0.641537 0.057104 0.057104
0 0.470734 0.872775 0.104277 0.104277
0 0.896749 0.236601 0.071945 0.071945
0 0.647640 0.499093 0.061131 0.061131
0 0.779915 0.286823 0.071945 0.071945
0 0.535277 0.916973 0.057104 0.057104
0 0.575323 0.974111 0.104277 0.104277
0 0.055852 0.056292 0.062220 0.062220
0 0.051834 0.297653 0.062220 0.062220
0 0.380815 0.818072 0.052757 0.052757
0 0.308252 0.852299 0.104277 0.104277
0 0.611626 0.107965 0.057104 0.057104
0 0.055411 0.207842 0.061131 0.061131
0 0.740308 0.536090 0.071945 0.071945
0 0.238735 0.971264 0.071945 0.071945
0 0.703801 0.118181 0.052757 0.052757
0 0.443701 0.588845 0.057104 0.057104
0 0.713452 0.671576 0.061131 0.061131