0 0.183045 0.380101 0.062220 0.062220
0 0.528683 0.719729 0.062220 0.062220
0 0.490457 0.525705 0.062220 0.062220
0 0.979845 0.242532 0.071945 0.071945
0 0.266359 0.833343 0.057103 0.057103
0 0.781458 0.087877 0.104277 0.104277
0 0.988529 0.612864 0.061130 0.061130
0 0.516437 0.169071 0.052757 0.052757
0 0.528129 0.255620 0.104277 0.104277
0 0.874593 0.509245 0.104277 0.104277
0 0.287031 0.579992 0.052757 0.052757
0 0.833454 0.630856 0.104277 0.104277
0 0.719970 0.672830 0.071945 0.071945
0 0.125374 0.434983 0.071945 0.071945
0 0.877994 0.261987 0.062220 0.062220
0 0.246222 0.664662 0.062220 0.062220
0 0.151255 0.857644 0.071945 0.071945
0 0.507862 0.081650 0.104277 0.104277
0 0.840618 0.007922 0.071945 0.071945
0 0.590219 0.013448 0.104277 0.104277
0 0.176174 0.695298 0.104277 0.104277
0 0.903347 0.434245 0.057104 0.057104
0 0.256662 0.386163 0.061130 0.061130
0 0.237078 0.298280 0.052757 0.052757
0 0.028224 0.764461 0.104278 0.104278
0 0.913471 0.788855 0.062220 0.062220
0 0.971694 0.416681 0.104277 0.104277
0 0.857047 0.357743 0.061130 0.061130
0 0.736352 0.399617 0.057104 0.057104
0 0.641327 0.159503 0.104277 0.104277
0 0.426103 0.879226 0.062220 0.062220
0 0.397880 0.299107 0.061130 0.061130
0 0.478724 0.424565 0.062220 0.062220
0 0.093914 0.009799 0.061130 0.061130
0 0.673868 0.506375 0.057104 0.057104
0 0.789844 0.536466 0.104277 0.104277
0 0.583933 0.862521 0.071945 0.071945
0 0.520613 0.332775 0.057104 0.057104
0 0.285949 0.761906 0.061130 0.061130
0 0.729281 0.745795 0.071945 0.071945
0 0.338411 0.534218 0.062220 0.062220
0 0.436809 0.120430 0.052757 0.052757
0 0.536530 0.790531 0.057104 0.057104
0 0.918491 0.084211 0.052757 0.052757
0 0.045398 0.567696 0.062220 0.062220
0 0.557159 0.468218 0.057104 0.057104
0 0.728515 0.006966 0.104277 0.104277
0 0.369234 0.380319 0.061130 0.061130
0 0.500374 0.870184 0.052757 0.052757
0 0.578980 0.092598 0.061130 0.061130
0 0.253811 0.023149 0.104278 0.104278
0 0.802748 0.269337 0.062220 0.062220
0 0.320660 0.001540 0.052757 0.052757
0 0.334464 0.641350 0.062220 0.062220
0 0.755389 0.610187 0.057104 0.057104
0 0.830415 0.427175 0.104277 0.104277
0 0.459679 0.761545 0.050891 0.050891
0 0.113101 0.267841 0.062220 0.062220
0 0.185505 0.776980 0.104277 0.104277
0 0.330121 0.256564 0.057104 0.057104
0 0.623549 0.653851 0.062220 0.062220
0 0.699076 0.120958 0.071945 0.071945
0 0.744368 0.862917 0.057104 0.057104
0 0.120275 0.599847 0.062220 0.062220
0 0.344699 0.840567 0.052757 0.052757
0 0.392330 0.686691 0.062220 0.062220
0 0.488089 0.652610 0.104277 0.104277
0 0.842923 0.187597 0.061130 0.061130
0 0.286539 0.124033 0.057104 0.057104
0 0.213814 0.090413 0.071945 0.071945
0 0.114175 0.355187 0.052757 0.052757
0 0.023358 0.871314 0.071945 0.071945
0 0.649937 0.781788 0.061130 0.061130
0 0.653461 0.376906 0.062220 0.062220
0 0.630806 0.230762 0.071945 0.071945
0 0.788360 0.696940 0.062220 0.062220
0 0.082973 0.825086 0.057104 0.057104
0 0.152399 0.169979 0.052757 0.052757
0 0.344695 0.165871 0.071945 0.071945
0 0.047078 0.409705 0.057104 0.057104
0 0.080656 0.078383 0.057104 0.057104
0 0.972904 0.842658 0.052757 0.052757
0 0.361277 0.759500 0.062220 0.062220
0 0.051153 0.156205 0.104277 0.104277
0 0.659515 0.885138 0.062220 0.062220
0 0.889002 0.578581 0.062220 0.062220
0 0.763215 0.467928 0.071945 0.071945
0 0.942587 0.160071 0.057104 0.057104
0 0.012280 0.275730 0.104277 0.104277
0 0.002734 0.056765 0.071945 0.071945
0 0.439257 0.584630 0.104277 0.104277
0 0.012554 0.685389 0.061131 0.061131
0 0.224224 0.200764 0.052757 0.052757
0 0.883289 0.873568 0.061130 0.061130
0 0.856130 0.115061 0.050559 0.050559
0 0.985269 0.057840 0.061130 0.061130
0 0.670532 0.589408 0.052757 0.052757
0 0.956753 0.505996 0.071945 0.071945
0 0.085891 0.700484 0.057104 0.057104
0 0.825282 0.777053 0.061131 0.061131
0 0.206499 0.493332 0.057104 0.057104
0 0.915303 0.706106 0.104277 0.104277
0 0.597307 0.584686 0.052757 0.052757
0 0.630979 0.450072 0.061130 0.061130
0 0.302460 0.469416 0.104277 0.104277
0 0.411292 0.019148 0.104277 0.104277
0 0.184843 0.014420 0.052757 0.052757
0 0.715185 0.244743 0.052757 0.052757
0 0.450576 0.189408 0.104277 0.104277