0 0.690842 0.861977 0.104277 0.104277
0 0.647294 0.649986 0.061130 0.061130
0 0.580387 0.510315 0.104277 0.104277
0 0.642213 0.419267 0.071945 0.071945
0 0.841132 0.859653 0.062220 0.062220
0 0.794026 0.404877 0.071945 0.071945
0 0.872779 0.611735 0.104277 0.104277
0 0.548065 0.611884 0.052757 0.052757
0 0.950643 0.658260 0.071945 0.071945
0 0.877412 0.295180 0.061131 0.061131
0 0.586096 0.282368 0.104277 0.104277
0 0.092261 0.564981 0.052757 0.052757
0 0.041910 0.058302 0.062220 0.062220
0 0.908527 0.031575 0.104277 0.104277
0 0.684966 0.776792 0.057104 0.057104
0 0.456159 0.454824 0.062220 0.062220
0 0.720828 0.963428 0.051819 0.051819
0 0.015947 0.986162 0.057104 0.057104
0 0.714168 0.218339 0.052757 0.052757
0 0.366994 0.639983 0.104277 0.104277
0 0.624972 0.576523 0.061131 0.061131
0 0.900976 0.907141 0.052757 0.052757
0 0.091806 0.772811 0.057104 0.057104
0 0.658106 0.328864 0.057104 0.057104
0 0.157848 0.179978 0.071945 0.071945
0 0.962252 0.855656 0.057103 0.057103
0 0.709188 0.537018 0.052757 0.052757
0 0.205096 0.242417 0.061130 0.061130
0 0.977245 0.272820 0.104277 0.104277
0 0.383230 0.366372 0.052757 0.052757
0 0.847522 0.089230 0.062220 0.062220
0 0.765395 0.472978 0.057104 0.057104
0 0.685348 0.155778 0.057104 0.057104
0 0.877868 0.694989 0.036679 0.036679
0 0.313148 0.980943 0.052757 0.052757
0 0.793349 0.133216 0.061130 0.061130
0 0.996906 0.972996 0.104277 0.104277
0 0.136615 0.455457 0.057104 0.057104
0 0.711630 0.625600 0.057104 0.057104
0 0.450430 0.302281 0.052757 0.052757
0 0.791806 0.960479 0.071945 0.071945
0 0.223546 0.451714 0.057104 0.057104
0 0.446398 0.578233 0.071945 0.071945
0 0.736278 0.090239 0.061131 0.061131
0 0.498277 0.973188 0.052757 0.052757
0 0.927146 0.513669 0.104277 0.104277
0 0.555493 0.384564 0.071945 0.071945
0 0.785505 0.023692 0.057104 0.057104
0 0.102765 0.355919 0.057104 0.057104
0 0.464350 0.893819 0.071945 0.071945
0 0.129380 0.998258 0.071945 0.071945
0 0.926160 0.989015 0.061131 0.061131
0 0.517617 0.544682 0.057104 0.057104
0 0.249954 0.120110 0.061130 0.061130
0 0.138128 0.721444 0.071945 0.071945
0 0.874073 0.455377 0.061130 0.061130
0 0.232723 0.934072 0.062220 0.062220
0 0.348384 0.763072 0.061130 0.061130
0 0.952833 0.585992 0.061130 0.061130
0 0.522091 0.184400 0.104277 0.104277
0 0.283696 0.665333 0.061130 0.061130
0 0.254770 0.593598 0.061130 0.061130
0 0.824169 0.549860 0.062220 0.062220
0 0.035888 0.319871 0.104277 0.104277
0 0.141644 0.099796 0.057104 0.057104
0 0.433450 0.719868 0.104277 0.104277
0 0.596855 0.817741 0.071945 0.071945
0 0.010210 0.214133 0.104277 0.104277
0 0.294253 0.331536 0.052757 0.052757
0 0.737601 0.320890 0.062220 0.062220
0 0.287150 0.871459 0.061130 0.061130
0 0.025303 0.406433 0.104277 0.104277
0 0.387243 0.963995 0.057104 0.057104
0 0.279392 0.787777 0.104277 0.104277
0 0.009468 0.119402 0.052757 0.052757
0 0.484011 0.768405 0.104277 0.104277
0 0.194832 0.032895 0.104277 0.104277
0 0.462916 0.655715 0.052757 0.052757
0 0.769832 0.695403 0.062220 0.062220
0 0.175275 0.529202 0.071945 0.071945
0 0.100220 0.282172 0.062220 0.062220
0 0.804673 0.238741 0.071945 0.071945
0 0.414552 0.221869 0.052757 0.052757
0 0.912043 0.778099 0.104277 0.104277
0 0.061152 0.487869 0.104277 0.104277
0 0.587980 0.901657 0.057104 0.057104
0 0.071187 0.938236 0.050932 0.050932
0 0.207923 0.759350 0.052757 0.052757
0 0.372084 0.055824 0.104278 0.104278
0 0.825495 0.743321 0.071945 0.071945
0 0.184820 0.666410 0.061130 0.061130
0 0.543849 0.724465 0.052757 0.052757
0 0.398155 0.875912 0.057104 0.057104
0 0.622227 0.119995 0.062220 0.062220
0 0.207468 0.311571 0.057104 0.057104
0 0.429102 0.121735 0.062220 0.062220
0 0.307659 0.236311 0.057104 0.057104
0 0.181724 0.826376 0.061130 0.061130
0 0.044089 0.669535 0.071945 0.071945
0 0.966390 0.733468 0.061131 0.061131
0 0.171576 0.386036 0.048997 0.048997
0 0.461022 0.054106 0.071945 0.071945
0 0.374602 0.290667 0.062220 0.062220
0 0.947633 0.202402 0.057104 0.057104
0 0.108245 0.017218 0.057104 0.057104
0 0.306661 0.013904 0.104277 0.104277
0 0.370584 0.532028 0.062220 0.062220
0 0.501223 0.111032 0.052757 0.052757
0 0.142516 0.923061 0.062220 0.062220
0 0.930376 0.342340 0.057104 0.057104
0 0.374161 0.442217 0.061131 0.061131
0 0.939038 0.128703 0.104277 0.104277
0 0.017224 0.840735 0.052757 0.052757
0 0.089377 0.204280 0.057104 0.057104
0 0.301669 0.539022 0.071945 0.071945
0 0.762451 0.823220 0.057104 0.057104
0 0.097174 0.848616 0.071945 0.071945