0 0.633620 0.504073 0.062220 0.062220
0 0.382612 0.807106 0.104277 0.104277
0 0.587694 0.562915 0.062220 0.062220
0 0.734268 0.539927 0.070161 0.070161
0 0.236354 0.210588 0.062220 0.062220
0 0.364988 0.531539 0.104278 0.104278
0 0.615475 0.967252 0.057104 0.057104
0 0.484381 0.202946 0.057104 0.057104
0 0.031709 0.346146 0.062220 0.062220
0 0.523669 0.511051 0.071945 0.071945
0 0.819975 0.569680 0.062220 0.062220
0 0.837103 0.871972 0.061131 0.061131
0 0.498089 0.279631 0.062220 0.062220
0 0.151551 0.972259 0.104277 0.104277
0 0.045128 0.586423 0.104277 0.104277
0 0.006134 0.481417 0.071945 0.071945
0 0.856546 0.633516 0.104277 0.104277
0 0.265084 0.569118 0.071945 0.071945
0 0.771005 0.479151 0.061130 0.061130
0 0.362187 0.903349 0.057104 0.057104
0 0.009386 0.994090 0.062220 0.062220
0 0.483890 0.362392 0.071945 0.071945
0 0.021051 0.884312 0.062220 0.062220
0 0.310757 0.852218 0.104277 0.104277
0 0.900515 0.768442 0.071945 0.071945
0 0.418194 0.301393 0.104277 0.104277
0 0.234435 0.377173 0.104277 0.104277
0 0.361656 0.413830 0.057104 0.057104
0 0.353739 0.277129 0.071945 0.071945
0 0.586404 0.883679 0.104277 0.104277
0 0.964731 0.364956 0.071945 0.071945
0 0.570602 0.233385 0.071945 0.071945
0 0.277118 0.721166 0.052757 0.052757
0 0.751566 0.702743 0.104277 0.104277
0 0.852430 0.447340 0.057104 0.057104
0 0.544179 0.704527 0.062220 0.062220
0 0.853186 0.250196 0.061131 0.061131
0 0.129929 0.646744 0.062220 0.062220
0 0.398504 0.967848 0.057104 0.057104
0 0.152030 0.285878 0.104277 0.104277
0 0.822902 0.349471 0.071945 0.071945
0 0.712357 0.409653 0.071945 0.071945
0 0.643796 0.684404 0.062220 0.062220
0 0.075387 0.762635 0.061130 0.061130
0 0.573999 0.344707 0.052757 0.052757
0 0.451321 0.607531 0.071945 0.071945
0 0.441987 0.843315 0.052757 0.052757
0 0.950021 0.267485 0.052757 0.052757
0 0.885850 0.512979 0.062220 0.062220
0 0.085146 0.423724 0.104277 0.104277
0 0.156250 0.373313 0.057104 0.057104
0 0.739427 0.935618 0.062220 0.062220
0 0.142798 0.731226 0.061130 0.061130
0 0.011972 0.710484 0.061130 0.061130
0 0.300007 0.979066 0.052757 0.052757
0 0.629596 0.399818 0.052757 0.052757
0 0.930414 0.696917 0.061131 0.061131
0 0.683279 0.228782 0.071945 0.071945
0 0.220912 0.670625 0.071945 0.071945
0 0.834258 0.734235 0.061131 0.061131
0 0.182826 0.449985 0.104277 0.104277
0 0.707213 0.310035 0.057104 0.057104
0 0.079339 0.521114 0.057104 0.057104
0 0.159899 0.843277 0.057104 0.057104
0 0.323723 0.352729 0.062220 0.062220
0 0.393751 0.183309 0.104277 0.104277
0 0.797242 0.812398 0.052757 0.052757
0 0.702209 0.612431 0.052757 0.052757
0 0.949355 0.546094 0.071945 0.071945
0 0.765983 0.196627 0.104277 0.104277
0 0.675293 0.837813 0.104277 0.104277
0 0.453811 0.917800 0.061130 0.061130
0 0.397662 0.737716 0.104277 0.104277
0 0.360363 0.608616 0.052757 0.052757
0 0.580862 0.642379 0.057104 0.057104
0 0.463247 0.766805 0.071945 0.071945
0 0.539391 0.407242 0.104277 0.104277
0 0.693810 0.993247 0.061130 0.061130
0 0.960935 0.469144 0.071945 0.071945
0 0.457384 0.529309 0.056505 0.056505
0 0.966180 0.820061 0.104277 0.104277
0 0.096403 0.890955 0.062220 0.062220
0 0.677476 0.750662 0.057104 0.057104
0 0.451681 0.460620 0.061130 0.061130
0 0.784582 0.410705 0.057103 0.057103
0 0.528198 0.791961 0.057104 0.057104
0 0.251235 0.484422 0.062220 0.062220
0 0.161786 0.190365 0.062220 0.062220
0 0.188498 0.604841 0.057104 0.057104
0 0.215677 0.900470 0.057104 0.057104
0 0.268511 0.271672 0.061130 0.061130
0 0.937299 0.197049 0.057104 0.057104
0 0.063166 0.279294 0.057104 0.057104
0 0.036728 0.190437 0.071945 0.071945
0 0.920079 0.879198 0.052757 0.052757