0 0.642261 0.808731 0.052757 0.052757
0 0.591910 0.302052 0.062220 0.062220
0 0.916994 0.883733 0.104277 0.104277
0 0.516467 0.529268 0.052757 0.052757
0 0.063252 0.730411 0.071945 0.071945
0 0.538795 0.176437 0.057103 0.057103
0 0.707848 0.423728 0.071945 0.071945
0 0.172395 0.149723 0.104277 0.104277
0 0.755096 0.486167 0.061130 0.061130
0 0.310141 0.222082 0.052757 0.052757
0 0.933230 0.610122 0.052757 0.052757
0 0.686615 0.699207 0.057104 0.057104
0 0.773546 0.695464 0.057104 0.057104
0 0.083865 0.504147 0.104278 0.104278
0 0.996398 0.821983 0.071945 0.071945
0 0.993344 0.147313 0.062220 0.062220
0 0.454957 0.440762 0.071945 0.071945
0 0.384712 0.433677 0.057104 0.057104
0 0.652765 0.599669 0.057104 0.057104
0 0.681365 0.081758 0.057104 0.057104
0 0.199389 0.940883 0.071945 0.071945
0 0.192455 0.870427 0.071945 0.071945
0 0.799954 0.363860 0.061130 0.061130
0 0.688128 0.965194 0.071945 0.071945
0 0.601388 0.124193 0.052757 0.052757
0 0.388244 0.767437 0.071945 0.071945
0 0.354563 0.147535 0.062220 0.062220
0 0.053910 0.095495 0.071945 0.071945
0 0.833696 0.909083 0.061130 0.061130
0 0.804770 0.837348 0.061130 0.061130
0 0.683783 0.176258 0.057104 0.057104
0 0.585888 0.563621 0.104277 0.104277
0 0.449928 0.341799 0.057104 0.057104
0 0.691644 0.343546 0.057104 0.057104
0 0.357283 0.518928 0.057104 0.057104
0 0.732173 0.005587 0.052757 0.052757
0 0.803364 0.074668 0.104277 0.104277
0 0.983450 0.963618 0.104277 0.104277
0 0.560210 0.457883 0.104277 0.104277
0 0.844253 0.575286 0.052757 0.052757
0 0.142828 0.287986 0.062220 0.062220
0 0.575303 0.650183 0.104277 0.104277
0 0.399413 0.849135 0.071945 0.071945
0 0.364767 0.351182 0.052757 0.052757
0 0.559468 0.363152 0.052757 0.052757
0 0.376379 0.282473 0.061130 0.061130
0 0.518700 0.800266 0.052757 0.052757
0 0.744832 0.276645 0.104277 0.104277
0 0.350664 0.931360 0.052757 0.052757
0 0.880141 0.159842 0.061130 0.061130
0 0.616054 0.014273 0.057104 0.057104
0 0.445333 0.197291 0.071945 0.071945
0 0.962627 0.057630 0.104277 0.104277
0 0.283347 0.609914 0.061130 0.061130
0 0.091669 0.991699 0.104278 0.104278
0 0.725275 0.772952 0.071945 0.071945
0 0.650220 0.525922 0.062220 0.062220
0 0.274441 0.803793 0.061130 0.061130
0 0.964552 0.465619 0.052757 0.052757
0 0.957319 0.235956 0.062220 0.062220
0 0.611152 0.731619 0.104277 0.104277
0 0.160973 0.674065 0.061130 0.061130
0 0.224494 0.059642 0.057104 0.057104
0 0.760496 0.150366 0.061130 0.061130
0 0.922084 0.299574 0.104278 0.104278
0 0.524060 0.949991 0.071945 0.071945
0 0.734820 0.910160 0.061130 0.061130
0 0.310422 0.874619 0.062220 0.062220
0 0.302530 0.310618 0.061130 0.061130
0 0.269142 0.147804 0.062220 0.062220
0 0.446960 0.546414 0.057104 0.057104
0 0.757468 0.555321 0.057104 0.057104
0 0.176451 0.593477 0.057104 0.057104
0 0.249156 0.488588 0.104277 0.104277
0 0.389281 0.999793 0.104277 0.104277
0 0.096036 0.799737 0.061130 0.061130
0 0.979102 0.365485 0.062220 0.062220
0 0.059632 0.291500 0.061130 0.061130
0 0.857659 0.480061 0.057104 0.057104
0 0.594089 0.913285 0.071945 0.071945
0 0.446724 0.624523 0.061130 0.061130
0 0.376561 0.611802 0.062220 0.062220
0 0.721576 0.629786 0.048997 0.048997
0 0.100848 0.219508 0.061130 0.061130
0 0.292547 0.069869 0.057104 0.057104
0 0.924602 0.534417 0.062220 0.062220
0 0.148080 0.435180 0.104277 0.104277
0 0.150915 0.077218 0.052757 0.052757
0 0.658245 0.260968 0.057104 0.057104
0 0.856661 0.257654 0.104277 0.104277
0 0.533003 0.251317 0.104277 0.104277
0 0.920584 0.775778 0.062220 0.062220
0 0.106622 0.592525 0.057104 0.057104
0 0.862694 0.025535 0.061130 0.061130
0 0.154068 0.751299 0.057104 0.057104
0 0.924161 0.685967 0.061131 0.061131
0 0.345122 0.696342 0.071945 0.071945
0 0.557130 0.056394 0.062220 0.062220
0 0.186462 0.225190 0.071945 0.071945
0 0.498935 0.724163 0.104277 0.104277
0 0.265061 0.689266 0.071945 0.071945
0 0.255312 0.412125 0.061130 0.061130
0 0.456941 0.115249 0.052757 0.052757
0 0.639377 0.448030 0.057104 0.057104
0 0.404192 0.040706 0.062220 0.062220
0 0.058382 0.380932 0.071945 0.071945
0 0.851669 0.782772 0.071945 0.071945
0 0.094306 0.887953 0.062220 0.062220
0 0.223334 0.348315 0.062220 0.062220