0 0.832052 0.516380 0.104278 0.104278
0 0.887708 0.953502 0.104277 0.104277
0 0.950196 0.677728 0.052757 0.052757
0 0.009083 0.272488 0.052757 0.052757
0 0.561011 0.011856 0.052757 0.052757
0 0.474729 0.668703 0.061130 0.061130
0 0.849490 0.627185 0.052757 0.052757
0 0.870561 0.798412 0.052757 0.052757
0 0.614112 0.947275 0.104277 0.104277
0 0.946868 0.873547 0.071945 0.071945
0 0.696469 0.879073 0.104277 0.104277
0 0.620636 0.848133 0.061130 0.061130
0 0.484697 0.433037 0.057104 0.057104
0 0.835744 0.086858 0.104277 0.104277
0 0.527707 0.746090 0.104277 0.104277
0 0.560556 0.219686 0.057104 0.057104
0 0.200164 0.875424 0.061130 0.061130
0 0.781898 0.427818 0.052757 0.052757
0 0.187588 0.413890 0.071945 0.071945
0 0.002635 0.994036 0.104278 0.104278
0 0.326193 0.518412 0.104277 0.104277
0 0.246624 0.587336 0.052757 0.052757
0 0.469579 0.587573 0.104277 0.104277
0 0.543059 0.986055 0.052757 0.052757
0 0.915148 0.025108 0.071945 0.071945
0 0.967027 0.420063 0.052757 0.052757
0 0.159192 0.581534 0.052757 0.052757
0 0.405534 0.669630 0.052757 0.052757
0 0.834765 0.872591 0.104277 0.104277
0 0.782062 0.734237 0.057104 0.057104
0 0.987399 0.815841 0.052757 0.052757
0 0.685230 0.958223 0.061130 0.061130
0 0.360061 0.888774 0.104278 0.104278
0 0.933100 0.340694 0.071945 0.071945
0 0.426910 0.867165 0.052757 0.052757
0 0.706777 0.546291 0.061130 0.061130
0 0.598130 0.445133 0.071945 0.071945
0 0.764779 0.660829 0.052757 0.052757
0 0.118139 0.144008 0.071945 0.071945
0 0.307963 0.326637 0.061130 0.061130
0 0.111205 0.073552 0.071945 0.071945
0 0.805326 0.986583 0.071945 0.071945
0 0.606878 0.168319 0.071945 0.071945
0 0.587034 0.613426 0.061130 0.061130
0 0.557703 0.529761 0.062220 0.062220
0 0.701473 0.380947 0.062220 0.062220
0 0.817134 0.209947 0.061130 0.061130
0 0.026005 0.677938 0.061130 0.061130
0 0.607072 0.775727 0.052757 0.052757
0 0.757246 0.812012 0.057104 0.057104
0 0.392789 0.989658 0.057104 0.057104
0 0.260831 0.476415 0.104277 0.104277
0 0.752446 0.112208 0.061130 0.061130
0 0.320064 0.956038 0.071945 0.071945
0 0.723520 0.040473 0.061130 0.061130
0 0.902200 0.166743 0.104277 0.104277
0 0.755900 0.318334 0.061130 0.061130
0 0.318163 0.052260 0.071945 0.071945
0 0.855993 0.410870 0.057104 0.057104
0 0.748142 0.234652 0.104277 0.104277
0 0.955594 0.488486 0.062220 0.062220
0 0.186906 0.944008 0.057104 0.057104
0 0.952761 0.215280 0.104277 0.104277
0 0.437450 0.003391 0.052757 0.052757
0 0.931666 0.102590 0.052757 0.052757
0 0.269414 0.134485 0.052757 0.052757
0 0.962066 0.747151 0.104277 0.104277
0 0.113050 0.474116 0.052757 0.052757
0 0.010419 0.194824 0.104278 0.104278
0 0.698353 0.622926 0.104277 0.104277
0 0.193191 0.006918 0.061130 0.061130
0 0.658999 0.476947 0.071945 0.071945
0 0.201141 0.328073 0.104277 0.104277
0 0.901897 0.544575 0.104277 0.104277
0 0.108984 0.922390 0.071945 0.071945
0 0.400065 0.541014 0.071945 0.071945
0 0.539937 0.385111 0.050932 0.050932
0 0.676673 0.206225 0.052757 0.052757
0 0.152048 0.238943 0.057104 0.057104
0 0.442810 0.153116 0.071945 0.071945
0 0.653570 0.113285 0.061130 0.061130
0 0.229172 0.077744 0.062220 0.062220
0 0.866905 0.322787 0.057104 0.057104
0 0.400394 0.439747 0.071945 0.071945
0 0.308031 0.202918 0.104277 0.104277
0 0.014786 0.002862 0.061130 0.061130
0 0.079254 0.561326 0.104277 0.104277
0 0.090360 0.815393 0.057104 0.057104
0 0.650474 0.273251 0.061130 0.061130
0 0.512839 0.116410 0.071945 0.071945
0 0.962380 0.980686 0.050559 0.050559
0 0.273362 0.804029 0.104277 0.104277
0 0.323505 0.648264 0.104277 0.104277
0 0.864022 0.716242 0.061131 0.061131
0 0.107128 0.303660 0.062220 0.062220
0 0.711129 0.757567 0.104277 0.104277
0 0.314011 0.424566 0.052757 0.052757
0 0.611266 0.369936 0.062220 0.062220
0 0.407021 0.347840 0.062220 0.062220
0 0.229178 0.723041 0.052757 0.052757
0 0.108407 0.637830 0.104277 0.104277
0 0.198067 0.795677 0.061130 0.061130
0 0.046912 0.399729 0.057104 0.057104
0 0.321410 0.738627 0.062220 0.062220
0 0.387920 0.773669 0.071945 0.071945
0 0.786034 0.586294 0.071945 0.071945
0 0.617027 0.697323 0.061130 0.061130
0 0.256789 0.257845 0.071945 0.071945
0 0.025913 0.920109 0.052757 0.052757
0 0.351874 0.262814 0.047555 0.047555
0 0.485974 0.287610 0.052757 0.052757
0 0.517542 0.884773 0.104277 0.104277
0 0.291093 0.880045 0.052757 0.052757
0 0.116391 0.386615 0.057103 0.057103
0 0.481694 0.505715 0.071945 0.071945
0 0.100102 0.709172 0.104277 0.104277
0 0.565924 0.295491 0.071945 0.071945
0 0.013056 0.091078 0.062220 0.062220