0 0.725802 0.394505 0.104278 0.104278
0 0.979845 0.986282 0.071945 0.071945
0 0.781458 0.831627 0.104277 0.104277
0 0.843946 0.555853 0.052757 0.052757
0 0.516437 0.912821 0.052757 0.052757
0 0.528129 0.999370 0.104277 0.104277
0 0.368479 0.546828 0.061130 0.061130
0 0.743240 0.505310 0.052757 0.052757
0 0.764311 0.676537 0.052757 0.052757
0 0.507862 0.825400 0.104277 0.104277
0 0.840618 0.751672 0.071945 0.071945
0 0.590219 0.757198 0.104277 0.104277
0 0.514386 0.726258 0.061130 0.061130
0 0.378447 0.311162 0.057104 0.057104
0 0.421457 0.624215 0.104277 0.104277
0 0.454306 0.097811 0.057104 0.057104
0 0.976034 0.577229 0.104277 0.104277
0 0.641327 0.903253 0.104277 0.104277
0 0.093914 0.753549 0.061130 0.061130
0 0.675648 0.305943 0.052757 0.052757
0 0.081338 0.292015 0.071945 0.071945
0 0.219943 0.396537 0.104277 0.104277
0 0.140374 0.465461 0.052757 0.052757
0 0.363329 0.465698 0.104277 0.104277
0 0.436809 0.864180 0.052757 0.052757
0 0.918491 0.827961 0.052757 0.052757
0 0.860777 0.298188 0.052757 0.052757
0 0.052942 0.459659 0.052757 0.052757
0 0.299284 0.547755 0.052757 0.052757
0 0.728515 0.750716 0.104277 0.104277
0 0.675812 0.612362 0.057104 0.057104
0 0.881149 0.693966 0.052757 0.052757
0 0.578980 0.836348 0.061130 0.061130
0 0.253811 0.766899 0.104278 0.104278
0 0.826850 0.218819 0.071945 0.071945
0 0.320660 0.745290 0.052757 0.052757
0 0.600527 0.424416 0.061130 0.061130
0 0.491880 0.323258 0.071945 0.071945
0 0.658529 0.538954 0.052757 0.052757
0 0.924006 0.454069 0.057104 0.057104
0 0.011889 0.022133 0.071945 0.071945
0 0.201713 0.204762 0.061130 0.061130
0 0.699076 0.864708 0.071945 0.071945
0 0.500628 0.046444 0.071945 0.071945
0 0.480784 0.491551 0.061130 0.061130
0 0.451453 0.407886 0.062220 0.062220
0 0.595223 0.259072 0.062220 0.062220
0 0.710884 0.088072 0.061130 0.061130
0 0.842923 0.931347 0.061130 0.061130
0 0.938201 0.332195 0.052757 0.052757
0 0.500822 0.653852 0.052757 0.052757
0 0.650996 0.690137 0.057104 0.057104
0 0.286539 0.867783 0.057104 0.057104
0 0.154581 0.354540 0.104277 0.104277
0 0.213814 0.834163 0.071945 0.071945
0 0.630806 0.974512 0.071945 0.071945
0 0.795950 0.044868 0.104277 0.104277
0 0.959355 0.142741 0.071945 0.071945
0 0.152399 0.913729 0.052757 0.052757
0 0.344695 0.909621 0.071945 0.071945
0 0.649650 0.196459 0.061130 0.061130
0 0.749743 0.288995 0.057104 0.057104
0 0.641892 0.112777 0.104277 0.104277
0 0.849344 0.366611 0.062220 0.062220
0 0.080656 0.822133 0.057104 0.057104
0 0.846511 0.093405 0.104277 0.104277
0 0.051153 0.899955 0.104277 0.104277
0 0.163164 0.012610 0.052757 0.052757
0 0.855816 0.625276 0.104277 0.104277
0 0.006800 0.352241 0.052757 0.052757
0 0.592103 0.501051 0.104277 0.104277
0 0.552749 0.355072 0.071945 0.071945
0 0.094891 0.206198 0.104277 0.104277
0 0.942587 0.903821 0.057104 0.057104
0 0.795647 0.422700 0.104277 0.104277
0 0.950480 0.226657 0.057104 0.057104
0 0.002734 0.800515 0.071945 0.071945
0 0.293815 0.419139 0.071945 0.071945
0 0.433687 0.263236 0.050932 0.050932
0 0.570423 0.084350 0.052757 0.052757
0 0.045798 0.117068 0.057104 0.057104
0 0.336560 0.031241 0.071945 0.071945
0 0.224224 0.944514 0.052757 0.052757
0 0.906349 0.049465 0.052757 0.052757
0 0.760655 0.200912 0.057104 0.057104
0 0.294144 0.317872 0.071945 0.071945
0 0.201781 0.081043 0.104277 0.104277
0 0.544224 0.151376 0.061130 0.061130
0 0.856130 0.858811 0.050559 0.050559
0 0.167112 0.682154 0.104277 0.104277
0 0.985269 0.801590 0.061130 0.061130
0 0.217255 0.526389 0.104277 0.104277
0 0.757772 0.594367 0.061131 0.061131
0 0.000878 0.181785 0.062220 0.062220
0 0.604879 0.635692 0.104277 0.104277
0 0.207761 0.302691 0.052757 0.052757
0 0.989502 0.411674 0.104277 0.104277
0 0.505016 0.248061 0.062220 0.062220
0 0.300771 0.225965 0.062220 0.062220
0 0.122928 0.601166 0.052757 0.052757
0 0.002157 0.515955 0.104277 0.104277
0 0.091817 0.673802 0.061130 0.061130
0 0.215160 0.616752 0.062220 0.062220
0 0.281670 0.651794 0.071945 0.071945
0 0.679784 0.464419 0.071945 0.071945
0 0.510777 0.575448 0.061130 0.061130
0 0.150539 0.135970 0.071945 0.071945
0 0.919985 0.530639 0.071945 0.071945
0 0.245624 0.140939 0.047555 0.047555
0 0.379724 0.165735 0.052757 0.052757
0 0.411292 0.762898 0.104277 0.104277
0 0.950692 0.668579 0.104277 0.104277
0 0.184843 0.758170 0.052757 0.052757
0 0.010141 0.264740 0.057103 0.057103
0 0.715185 0.988493 0.052757 0.052757
0 0.375444 0.383840 0.071945 0.071945
0 0.459674 0.173616 0.071945 0.071945
0 0.450576 0.933158 0.104277 0.104277