0 0.227833 0.578738 0.052757 0.052757
0 0.779761 0.318106 0.052757 0.052757
0 0.693479 0.974953 0.061130 0.061130
0 0.703447 0.739287 0.057104 0.057104
0 0.653967 0.038643 0.052757 0.052757
0 0.200752 0.239786 0.071945 0.071945
0 0.779306 0.525936 0.057104 0.057104
0 0.193668 0.648983 0.062220 0.062220
0 0.406338 0.720140 0.071945 0.071945
0 0.544943 0.824662 0.104277 0.104277
0 0.465374 0.893586 0.052757 0.052757
0 0.824115 0.208582 0.057104 0.057104
0 0.688329 0.893823 0.104277 0.104277
0 0.911046 0.204839 0.057104 0.057104
0 0.221365 0.013522 0.104278 0.104278
0 0.377942 0.887784 0.052757 0.052757
0 0.624284 0.975880 0.052757 0.052757
0 0.790265 0.109044 0.057104 0.057104
0 0.925527 0.852541 0.061130 0.061130
0 0.816880 0.751383 0.071945 0.071945
0 0.983529 0.967079 0.052757 0.052757
0 0.191296 0.742153 0.052757 0.052757
0 0.336889 0.450258 0.071945 0.071945
0 0.526713 0.632887 0.061130 0.061130
0 0.329955 0.379802 0.071945 0.071945
0 0.825628 0.474569 0.071945 0.071945
0 0.805784 0.919676 0.061130 0.061130
0 0.776453 0.836011 0.062220 0.062220
0 0.920223 0.687197 0.062220 0.062220
0 0.244755 0.984188 0.061130 0.061130
0 0.525744 0.276812 0.071945 0.071945
0 0.479581 0.782665 0.104277 0.104277
0 0.971196 0.418458 0.061130 0.061130
0 0.942270 0.346723 0.061130 0.061130
0 0.723388 0.072996 0.104277 0.104277
0 0.494783 0.028303 0.057104 0.057104
0 0.981753 0.084661 0.052757 0.052757
0 0.974650 0.624584 0.061130 0.061130
0 0.712803 0.159558 0.104277 0.104277
0 0.536913 0.358510 0.071945 0.071945
0 0.966892 0.540902 0.104277 0.104277
0 0.656200 0.309641 0.052757 0.052757
0 0.488164 0.440735 0.052757 0.052757
0 0.331800 0.780366 0.052757 0.052757
0 0.420847 0.119289 0.061130 0.061130
0 0.229169 0.501074 0.104278 0.104278
0 0.862775 0.282327 0.071945 0.071945
0 0.917103 0.929176 0.104277 0.104277
0 0.787720 0.035297 0.062220 0.062220
0 0.411941 0.313168 0.061130 0.061130
0 0.877749 0.783197 0.071945 0.071945
0 0.419891 0.634323 0.104277 0.104277
0 0.748652 0.240994 0.104277 0.104277
0 0.618815 0.847264 0.071945 0.071945
0 0.758687 0.691361 0.050932 0.050932
0 0.298473 0.183440 0.061130 0.061130
0 0.895423 0.512475 0.052757 0.052757
0 0.370798 0.545193 0.057104 0.057104
0 0.661560 0.459366 0.071945 0.071945
0 0.872320 0.419535 0.061130 0.061130
0 0.447922 0.383994 0.062220 0.062220
0 0.584460 0.055789 0.057104 0.057104
0 0.894968 0.064696 0.057104 0.057104
0 0.313951 0.102852 0.057104 0.057104
0 0.619144 0.745997 0.071945 0.071945
0 0.526781 0.509168 0.104277 0.104277
0 0.233536 0.309112 0.061130 0.061130
0 0.298004 0.867576 0.104277 0.104277
0 0.869224 0.579501 0.061130 0.061130
0 0.731589 0.422660 0.071945 0.071945
0 0.584224 0.133898 0.061130 0.061130
0 0.514061 0.121177 0.062220 0.062220
0 0.542255 0.954514 0.104277 0.104277
0 0.859076 0.139161 0.048997 0.048997
0 0.325878 0.609910 0.062220 0.062220
0 0.532761 0.730816 0.052757 0.052757
0 0.830016 0.676186 0.062220 0.062220
0 0.625771 0.654090 0.062220 0.062220
0 0.244122 0.101900 0.057104 0.057104
0 0.291568 0.260674 0.057104 0.057104
0 0.327157 0.944080 0.104277 0.104277
0 0.482622 0.205717 0.071945 0.071945
0 0.265662 0.705979 0.057104 0.057104
0 0.636435 0.233538 0.104277 0.104277
0 0.402561 0.198641 0.071945 0.071945
0 0.475539 0.564095 0.071945 0.071945
0 0.570624 0.569064 0.047555 0.047555
0 0.704724 0.593860 0.052757 0.052757
0 0.217264 0.886811 0.071945 0.071945
0 0.335141 0.692865 0.057103 0.057103
0 0.989169 0.292147 0.071945 0.071945
0 0.700444 0.811965 0.071945 0.071945
0 0.784674 0.601741 0.071945 0.071945
0 0.231806 0.397328 0.062220 0.062220