0 0.704410 0.789552 0.062220 0.062220
0 0.623237 0.253981 0.104277 0.104277
0 0.651295 0.663937 0.057103 0.057103
0 0.820348 0.911228 0.071945 0.071945
0 0.284895 0.637223 0.104277 0.104277
0 0.867596 0.973667 0.061130 0.061130
0 0.422641 0.709582 0.052757 0.052757
0 0.828319 0.009790 0.062220 0.062220
0 0.196365 0.991647 0.104278 0.104278
0 0.856100 0.414127 0.057104 0.057104
0 0.583415 0.486075 0.104277 0.104277
0 0.567457 0.928262 0.071945 0.071945
0 0.497212 0.921177 0.057104 0.057104
0 0.392176 0.419134 0.104277 0.104277
0 0.285753 0.033298 0.104277 0.104277
0 0.505709 0.015993 0.071945 0.071945
0 0.602812 0.350224 0.057104 0.057104
0 0.250011 0.440965 0.062220 0.062220
0 0.261676 0.331187 0.062220 0.062220
0 0.793865 0.569258 0.057104 0.057104
0 0.551382 0.299093 0.104277 0.104277
0 0.323321 0.477486 0.062220 0.062220
0 0.912454 0.851360 0.061130 0.061130
0 0.166222 0.472240 0.104278 0.104278
0 0.827029 0.330554 0.104277 0.104277
0 0.713888 0.611693 0.052757 0.052757
0 0.517743 0.168041 0.052757 0.052757
0 0.992191 0.149618 0.104277 0.104277
0 0.784804 0.151402 0.062220 0.062220
0 0.467063 0.635035 0.062220 0.062220
0 0.166410 0.582995 0.071945 0.071945
0 0.370554 0.093619 0.062220 0.062220
0 0.639129 0.414723 0.057104 0.057104
0 0.796283 0.663758 0.057104 0.057104
0 0.562428 0.829299 0.057104 0.057104
0 0.804144 0.831046 0.057104 0.057104
0 0.166474 0.234130 0.052757 0.052757
0 0.844673 0.493087 0.052757 0.052757
0 0.915864 0.562168 0.104277 0.104277
0 0.884421 0.131279 0.062220 0.062220
0 0.672710 0.945383 0.104277 0.104277
0 0.316012 0.209510 0.061130 0.061130
0 0.255328 0.775486 0.062220 0.062220
0 0.477267 0.838682 0.052757 0.052757
0 0.671968 0.850652 0.052757 0.052757
0 0.488879 0.769973 0.061130 0.061130
0 0.691946 0.054406 0.071945 0.071945
0 0.857332 0.764145 0.104277 0.104277
0 0.992641 0.647342 0.061130 0.061130
0 0.682612 0.290190 0.052757 0.052757
0 0.728554 0.501773 0.057104 0.057104
0 0.167380 0.127918 0.104277 0.104277
0 0.557833 0.684791 0.071945 0.071945
0 0.980052 0.382493 0.062220 0.062220
0 0.383423 0.178101 0.061130 0.061130
0 0.252597 0.157359 0.061130 0.061130
0 0.540632 0.425941 0.052757 0.052757
0 0.461537 0.117500 0.071945 0.071945
0 0.336994 0.547142 0.057104 0.057104
0 0.872996 0.637866 0.061130 0.061130
0 0.400524 0.290152 0.057104 0.057104
0 0.415030 0.798118 0.061130 0.061130
0 0.942834 0.059306 0.052757 0.052757
0 0.198979 0.301294 0.061130 0.061130
0 0.381642 0.635304 0.062220 0.062220
0 0.361656 0.976088 0.104277 0.104277
0 0.219627 0.067401 0.104278 0.104278
0 0.172132 0.779000 0.061130 0.061130
0 0.970159 0.967561 0.057104 0.057104
0 0.915918 0.284688 0.104277 0.104277
0 0.694436 0.364675 0.061130 0.061130
0 0.638287 0.184591 0.104277 0.104277
0 0.600988 0.055491 0.052757 0.052757
0 0.213348 0.707008 0.061130 0.061130
0 0.405047 0.557369 0.057104 0.057104
0 0.821487 0.089254 0.057104 0.057104
0 0.260580 0.922680 0.104277 0.104277
0 0.703872 0.213680 0.071945 0.071945
0 0.263415 0.564718 0.052757 0.052757
0 0.934435 0.440122 0.061130 0.061130
0 0.770745 0.748468 0.057104 0.057104
0 0.969161 0.745154 0.104277 0.104277
0 0.645503 0.738817 0.104277 0.104277
0 0.975194 0.513035 0.061130 0.061130
0 0.337028 0.337830 0.062220 0.062220
0 0.918101 0.197537 0.057104 0.057104
0 0.669630 0.543894 0.062220 0.062220
0 0.298962 0.712690 0.071945 0.071945
0 0.768823 0.238836 0.057104 0.057104
0 0.367812 0.899625 0.061130 0.061130
0 0.450900 0.467050 0.104277 0.104277
0 0.429123 0.051716 0.057104 0.057104
0 0.569441 0.602749 0.052757 0.052757
0 0.456302 0.347345 0.057104 0.057104
0 0.751877 0.935530 0.057104 0.057104
0 0.516692 0.528206 0.062220 0.062220
0 0.170882 0.868432 0.071945 0.071945
0 0.203433 0.386093 0.061130 0.061130
0 0.335834 0.835815 0.062220 0.062220