0 0.192420 0.380101 0.062220 0.062220
0 0.538058 0.719729 0.062220 0.062220
0 0.499832 0.525705 0.062220 0.062220
0 0.989220 0.242532 0.071945 0.071945
0 0.275734 0.833343 0.057103 0.057103
0 0.790833 0.087877 0.104277 0.104277
0 0.997904 0.612864 0.061130 0.061130
0 0.525812 0.169071 0.052757 0.052757
0 0.537504 0.255620 0.104277 0.104277
0 0.883968 0.509245 0.104277 0.104277
0 0.296406 0.579992 0.052757 0.052757
0 0.842829 0.630856 0.104277 0.104277
0 0.729345 0.672830 0.071945 0.071945
0 0.134749 0.434983 0.071945 0.071945
0 0.887369 0.261987 0.062220 0.062220
0 0.255597 0.664662 0.062220 0.062220
0 0.160630 0.857644 0.071945 0.071945
0 0.517237 0.081650 0.104277 0.104277
0 0.849993 0.007922 0.071945 0.071945
0 0.599594 0.013448 0.104277 0.104277
0 0.185549 0.695298 0.104277 0.104277
0 0.912722 0.434245 0.057104 0.057104
0 0.266037 0.386163 0.061130 0.061130
0 0.246453 0.298280 0.052757 0.052757
0 0.037599 0.764461 0.104278 0.104278
0 0.922846 0.788855 0.062220 0.062220
0 0.981069 0.416681 0.104277 0.104277
0 0.866422 0.357743 0.061130 0.061130
0 0.745727 0.399617 0.057104 0.057104
0 0.650702 0.159503 0.104277 0.104277
0 0.435478 0.879226 0.062220 0.062220
0 0.407255 0.299107 0.061130 0.061130
0 0.488099 0.424565 0.062220 0.062220
0 0.103289 0.009799 0.061130 0.061130
0 0.683243 0.506375 0.057104 0.057104
0 0.799219 0.536466 0.104277 0.104277
0 0.593308 0.862521 0.071945 0.071945
0 0.529988 0.332775 0.057104 0.057104
0 0.295324 0.761906 0.061130 0.061130
0 0.738656 0.745795 0.071945 0.071945
0 0.347786 0.534218 0.062220 0.062220
0 0.446184 0.120430 0.052757 0.052757
0 0.545905 0.790531 0.057104 0.057104
0 0.927866 0.084211 0.052757 0.052757
0 0.054773 0.567696 0.062220 0.062220
0 0.566534 0.468218 0.057104 0.057104
0 0.737890 0.006966 0.104277 0.104277
0 0.378609 0.380319 0.061130 0.061130
0 0.509749 0.870184 0.052757 0.052757
0 0.588355 0.092598 0.061130 0.061130
0 0.263186 0.023149 0.104278 0.104278
0 0.812123 0.269337 0.062220 0.062220
0 0.330035 0.001540 0.052757 0.052757
0 0.343839 0.641350 0.062220 0.062220
0 0.764764 0.610187 0.057104 0.057104
0 0.839790 0.427175 0.104277 0.104277
0 0.469054 0.761545 0.050891 0.050891
0 0.122476 0.267841 0.062220 0.062220
0 0.194880 0.776980 0.104277 0.104277
0 0.339496 0.256564 0.057104 0.057104
0 0.632924 0.653851 0.062220 0.062220
0 0.708451 0.120958 0.071945 0.071945
0 0.753743 0.862917 0.057104 0.057104
0 0.129650 0.599847 0.062220 0.062220
0 0.354074 0.840567 0.052757 0.052757
0 0.401705 0.686691 0.062220 0.062220
0 0.497464 0.652610 0.104277 0.104277
0 0.852298 0.187597 0.061130 0.061130
0 0.295914 0.124033 0.057104 0.057104
0 0.004912 0.361723 0.104278 0.104278
0 0.223189 0.090413 0.071945 0.071945
0 0.123550 0.355187 0.052757 0.052757
0 0.032733 0.871314 0.071945 0.071945
0 0.659312 0.781788 0.061130 0.061130
0 0.662836 0.376906 0.062220 0.062220
0 0.640181 0.230762 0.071945 0.071945
0 0.797735 0.696940 0.062220 0.062220
0 0.092348 0.825086 0.057104 0.057104
0 0.161774 0.169979 0.052757 0.052757
0 0.354070 0.165871 0.071945 0.071945
0 0.056453 0.409705 0.057104 0.057104
0 0.090031 0.078383 0.057104 0.057104
0 0.982279 0.842658 0.052757 0.052757
0 0.370652 0.759500 0.062220 0.062220
0 0.060528 0.156205 0.104277 0.104277
0 0.668890 0.885138 0.062220 0.062220
0 0.898377 0.578581 0.062220 0.062220
0 0.772590 0.467928 0.071945 0.071945
0 0.951962 0.160071 0.057104 0.057104
0 0.021655 0.275730 0.104277 0.104277
0 0.012109 0.056765 0.071945 0.071945
0 0.448632 0.584630 0.104277 0.104277
0 0.021929 0.685389 0.061131 0.061131
0 0.233599 0.200764 0.052757 0.052757
0 0.892664 0.873568 0.061130 0.061130
0 0.865505 0.115061 0.050559 0.050559
0 0.994644 0.057840 0.061130 0.061130
0 0.679907 0.589408 0.052757 0.052757
0 0.966128 0.505996 0.071945 0.071945
0 0.095266 0.700484 0.057104 0.057104
0 0.834657 0.777053 0.061131 0.061131
0 0.215874 0.493332 0.057104 0.057104
0 0.924678 0.706106 0.104277 0.104277
0 0.606682 0.584686 0.052757 0.052757
0 0.640354 0.450072 0.061130 0.061130
0 0.311835 0.469416 0.104277 0.104277
0 0.420667 0.019148 0.104277 0.104277
0 0.194218 0.014420 0.052757 0.052757
0 0.724560 0.244743 0.052757 0.052757
0 0.459951 0.189408 0.104277 0.104277