0 0.455495 0.313448 0.062220 0.062220
0 0.204487 0.616481 0.104277 0.104277
0 0.409569 0.372290 0.062220 0.062220
0 0.556143 0.349302 0.070161 0.070161
0 0.058229 0.019963 0.062220 0.062220
0 0.186863 0.340914 0.104278 0.104278
0 0.909517 0.007895 0.062220 0.062220
0 0.437350 0.776627 0.057104 0.057104
0 0.306256 0.012321 0.057104 0.057104
0 0.687094 0.997313 0.062220 0.062220
0 0.164665 0.848575 0.104277 0.104277
0 0.826057 0.440499 0.071945 0.071945
0 0.923716 0.127877 0.062220 0.062220
0 0.345544 0.320426 0.071945 0.071945
0 0.641850 0.379055 0.062220 0.062220
0 0.658978 0.681347 0.061131 0.061131
0 0.946618 0.592398 0.061130 0.061130
0 0.319964 0.089006 0.062220 0.062220
0 0.971631 0.711273 0.104277 0.104277
0 0.678421 0.442891 0.104277 0.104277
0 0.853616 0.095282 0.052757 0.052757
0 0.086959 0.378493 0.071945 0.071945
0 0.592880 0.288526 0.061130 0.061130
0 0.184062 0.712724 0.057104 0.057104
0 0.305765 0.171767 0.071945 0.071945
0 0.375115 0.931758 0.057104 0.057104
0 0.132632 0.661593 0.104277 0.104277
0 0.722390 0.577817 0.071945 0.071945
0 0.240069 0.110768 0.104277 0.104277
0 0.056310 0.186548 0.104277 0.104277
0 0.183531 0.223205 0.057104 0.057104
0 0.175614 0.086504 0.071945 0.071945
0 0.980001 0.264719 0.061130 0.061130
0 0.408279 0.693054 0.104277 0.104277
0 0.786606 0.174331 0.071945 0.071945
0 0.392477 0.042760 0.071945 0.071945
0 0.295138 0.974193 0.052757 0.052757
0 0.098993 0.530541 0.052757 0.052757
0 0.573441 0.512118 0.104277 0.104277
0 0.674305 0.256715 0.057104 0.057104
0 0.366054 0.513902 0.062220 0.062220
0 0.675061 0.059571 0.061131 0.061131
0 0.048313 0.997535 0.062220 0.062220
0 0.784473 0.826731 0.071945 0.071945
0 0.220379 0.777223 0.057104 0.057104
0 0.984500 0.015199 0.057104 0.057104
0 0.644777 0.158846 0.071945 0.071945
0 0.534232 0.219028 0.071945 0.071945
0 0.425923 0.855587 0.052757 0.052757
0 0.497114 0.924668 0.104277 0.104277
0 0.465671 0.493779 0.062220 0.062220
0 0.395874 0.154082 0.052757 0.052757
0 0.798281 0.961145 0.061131 0.061131
0 0.273196 0.416906 0.071945 0.071945
0 0.263862 0.652690 0.052757 0.052757
0 0.309804 0.864273 0.057104 0.057104
0 0.656377 0.907630 0.104277 0.104277
0 0.771896 0.076860 0.052757 0.052757
0 0.707725 0.322354 0.062220 0.062220
0 0.869258 0.792090 0.062220 0.062220
0 0.561302 0.744993 0.062220 0.062220
0 0.977410 0.182007 0.061131 0.061131
0 0.121882 0.788441 0.052757 0.052757
0 0.451471 0.209193 0.052757 0.052757
0 0.752289 0.506292 0.061131 0.061131
0 0.505154 0.038157 0.071945 0.071945
0 0.042787 0.480000 0.071945 0.071945
0 0.656133 0.543610 0.061131 0.061131
0 0.004701 0.259360 0.104277 0.104277
0 0.924674 0.317814 0.071945 0.071945
0 0.836139 0.015075 0.062220 0.062220
0 0.529088 0.119410 0.057104 0.057104
0 0.145598 0.162104 0.062220 0.062220
0 0.619117 0.621773 0.052757 0.052757
0 0.698751 0.816594 0.061131 0.061131
0 0.916305 0.514136 0.057104 0.057104
0 0.524084 0.421806 0.052757 0.052757
0 0.771230 0.355469 0.071945 0.071945
0 0.852404 0.217472 0.071945 0.071945
0 0.587858 0.006002 0.104277 0.104277
0 0.497168 0.647188 0.104277 0.104277
0 0.275686 0.727175 0.061130 0.061130
0 0.219537 0.547091 0.104277 0.104277
0 0.182238 0.417991 0.052757 0.052757
0 0.917438 0.964572 0.052757 0.052757
0 0.402737 0.451754 0.057104 0.057104
0 0.956111 0.443283 0.062220 0.062220
0 0.285122 0.576180 0.071945 0.071945
0 0.361266 0.216617 0.104277 0.104277
0 0.948403 0.807729 0.057104 0.057104
0 0.515685 0.802622 0.061130 0.061130
0 0.782810 0.278519 0.071945 0.071945
0 0.279259 0.338684 0.056505 0.056505
0 0.882206 0.881415 0.057104 0.057104
0 0.788055 0.629436 0.104277 0.104277
0 0.556444 0.875535 0.061130 0.061130
0 0.854397 0.698873 0.052757 0.052757
0 0.733425 0.917556 0.071945 0.071945
0 0.861552 0.564417 0.071945 0.071945
0 0.875525 0.374431 0.104277 0.104277
0 0.499351 0.560037 0.057104 0.057104
0 0.273556 0.269995 0.061130 0.061130
0 0.250880 0.906394 0.062220 0.062220
0 0.601890 0.814345 0.071945 0.071945
0 0.606457 0.220080 0.057103 0.057103
0 0.350073 0.601336 0.057104 0.057104
0 0.073110 0.293797 0.062220 0.062220
0 0.032150 0.829550 0.104277 0.104277
0 0.010373 0.414216 0.057104 0.057104
0 0.150691 0.965249 0.052757 0.052757
0 0.037552 0.709845 0.057104 0.057104
0 0.090386 0.081047 0.061130 0.061130
0 0.759174 0.006424 0.057104 0.057104
0 0.097942 0.890706 0.062220 0.062220
0 0.741954 0.688573 0.052757 0.052757