0 0.038058 0.904104 0.062220 0.062220
0 0.489220 0.426907 0.071945 0.071945
0 0.764341 0.394886 0.071945 0.071945
0 0.290833 0.272252 0.104277 0.104277
0 0.796469 0.510256 0.052757 0.052757
0 0.497904 0.797239 0.061130 0.061130
0 0.940629 0.733744 0.062220 0.062220
0 0.533618 0.183224 0.061130 0.061130
0 0.939896 0.308201 0.104277 0.104277
0 0.025812 0.353446 0.052757 0.052757
0 0.923985 0.903937 0.052757 0.052757
0 0.560031 0.905331 0.104277 0.104277
0 0.037504 0.439995 0.104277 0.104277
0 0.383968 0.693620 0.104277 0.104277
0 0.342829 0.815231 0.104277 0.104277
0 0.229345 0.857205 0.071945 0.071945
0 0.706562 0.145100 0.071945 0.071945
0 0.273686 0.117162 0.052757 0.052757
0 0.387369 0.446362 0.062220 0.062220
0 0.017237 0.266025 0.104277 0.104277
0 0.349993 0.192297 0.071945 0.071945
0 0.099594 0.197823 0.104277 0.104277
0 0.816784 0.756540 0.104277 0.104277
0 0.023761 0.166883 0.061130 0.061130
0 0.412722 0.618620 0.057104 0.057104
0 0.906892 0.471320 0.104277 0.104277
0 0.862031 0.662439 0.071945 0.071945
0 0.485409 0.017854 0.104277 0.104277
0 0.785270 0.263958 0.104277 0.104277
0 0.422846 0.973230 0.062220 0.062220
0 0.903049 0.075151 0.071945 0.071945
0 0.481069 0.601056 0.104277 0.104277
0 0.898283 0.815198 0.052757 0.052757
0 0.907796 0.006705 0.062220 0.062220
0 0.638731 0.898248 0.062220 0.062220
0 0.366422 0.542118 0.061130 0.061130
0 0.245727 0.583992 0.057104 0.057104
0 0.150702 0.343878 0.104277 0.104277
0 0.845752 0.202456 0.057104 0.057104
0 0.888719 0.376131 0.062220 0.062220
0 0.641461 0.503318 0.052757 0.052757
0 0.788469 0.134240 0.062220 0.062220
0 0.183243 0.690750 0.057104 0.057104
0 0.299219 0.720841 0.104277 0.104277
0 0.029988 0.517150 0.057104 0.057104
0 0.760204 0.891068 0.062220 0.062220
0 0.608678 0.690186 0.071945 0.071945
0 0.238656 0.930170 0.071945 0.071945
0 0.974118 0.106933 0.061130 0.061130
0 0.818682 0.605195 0.102474 0.102474
0 0.045905 0.974906 0.057104 0.057104
0 0.859571 0.962315 0.071945 0.071945
0 0.427866 0.268586 0.052757 0.052757
0 0.713018 0.597370 0.104277 0.104277
0 0.066534 0.652593 0.057104 0.057104
0 0.237890 0.191341 0.104277 0.104277
0 0.185187 0.052987 0.057104 0.057104
0 0.390524 0.134591 0.052757 0.052757
0 0.721842 0.331162 0.062220 0.062220
0 0.565529 0.406712 0.061131 0.061131
0 0.088355 0.276973 0.061130 0.061130
0 0.523922 0.335163 0.071945 0.071945
0 0.312123 0.453712 0.062220 0.062220
0 0.553361 0.069016 0.061130 0.061130
0 0.527068 0.658023 0.057104 0.057104
0 0.264764 0.794562 0.057104 0.057104
0 0.339790 0.611550 0.104277 0.104277
0 0.132924 0.838226 0.062220 0.062220
0 0.208451 0.305333 0.071945 0.071945
0 0.667672 0.964001 0.062220 0.062220
0 0.642752 0.412434 0.052757 0.052757
0 0.352298 0.371972 0.061130 0.061130
0 0.010197 0.094477 0.052757 0.052757
0 0.160371 0.130762 0.057104 0.057104
0 0.625861 0.619544 0.062220 0.062220
0 0.159312 0.966163 0.061130 0.061130
0 0.570284 0.799303 0.104277 0.104277
0 0.162836 0.561281 0.062220 0.062220
0 0.140181 0.415137 0.071945 0.071945
0 0.297735 0.881315 0.062220 0.062220
0 0.754266 0.988969 0.052757 0.052757
0 0.365191 0.065901 0.104277 0.104277
0 0.398377 0.762956 0.062220 0.062220
0 0.720378 0.226195 0.052757 0.052757
0 0.272590 0.652303 0.071945 0.071945
0 0.632425 0.278059 0.052757 0.052757
0 0.573901 0.974863 0.061131 0.061131
0 0.451962 0.344446 0.057104 0.057104
0 0.922435 0.211599 0.061131 0.061131
0 0.828072 0.075862 0.057104 0.057104
0 0.549226 0.725025 0.104277 0.104277
0 0.987444 0.861854 0.062221 0.062221
0 0.823342 0.862136 0.052757 0.052757
0 0.719447 0.504495 0.055027 0.055027
0 0.851639 0.305317 0.061131 0.061131
0 0.510138 0.533408 0.062220 0.062220
0 0.929476 0.608673 0.104277 0.104277
0 0.365505 0.299436 0.050559 0.050559
0 0.659727 0.797571 0.052757 0.052757
0 0.494644 0.242215 0.061130 0.061130
0 0.623915 0.062587 0.071945 0.071945
0 0.179907 0.773783 0.052757 0.052757
0 0.466128 0.690371 0.071945 0.071945
0 0.267147 0.034992 0.061131 0.061131
0 0.334657 0.961428 0.061131 0.061131
0 0.114254 0.076317 0.104277 0.104277
0 0.622715 0.157140 0.071945 0.071945
0 0.582177 0.546218 0.104277 0.104277
0 0.746187 0.690475 0.061130 0.061130
0 0.424678 0.890481 0.104277 0.104277
0 0.106682 0.769061 0.052757 0.052757
0 0.020152 0.016073 0.061130 0.061130
0 0.140354 0.634447 0.061130 0.061130
0 0.735624 0.065715 0.104277 0.104277
0 0.460067 0.109204 0.104277 0.104277
0 0.224560 0.429118 0.052757 0.052757
0 0.984215 0.557347 0.057104 0.057104
0 0.998165 0.481264 0.088662 0.088662