0 0.123670 0.451976 0.062220 0.062220
0 0.469308 0.791604 0.062220 0.062220
0 0.431082 0.597580 0.062220 0.062220
0 0.920470 0.314407 0.071945 0.071945
0 0.206984 0.905218 0.057103 0.057103
0 0.722083 0.159752 0.104277 0.104277
0 0.929154 0.684739 0.061130 0.061130
0 0.964868 0.070724 0.061130 0.061130
0 0.457062 0.240946 0.052757 0.052757
0 0.991281 0.792831 0.104277 0.104277
0 0.468754 0.327495 0.104277 0.104277
0 0.815218 0.581120 0.104277 0.104277
0 0.227656 0.651867 0.052757 0.052757
0 0.774079 0.702731 0.104277 0.104277
0 0.660595 0.744705 0.071945 0.071945
0 0.065999 0.506858 0.071945 0.071945
0 0.704936 0.004662 0.052757 0.052757
0 0.818619 0.333862 0.062220 0.062220
0 0.186847 0.736537 0.062220 0.062220
0 0.091880 0.929519 0.071945 0.071945
0 0.448487 0.153525 0.104277 0.104277
0 0.781243 0.079797 0.071945 0.071945
0 0.530844 0.085323 0.104277 0.104277
0 0.455011 0.054383 0.061130 0.061130
0 0.116799 0.767173 0.104277 0.104277
0 0.843972 0.506120 0.057104 0.057104
0 0.197287 0.458038 0.061130 0.061130
0 0.177703 0.370155 0.052757 0.052757
0 0.854096 0.860730 0.062220 0.062220
0 0.912319 0.488556 0.104277 0.104277
0 0.797672 0.429618 0.061130 0.061130
0 0.676977 0.471492 0.057104 0.057104
0 0.581952 0.231378 0.104277 0.104277
0 0.366728 0.951101 0.062220 0.062220
0 0.338505 0.370982 0.061130 0.061130
0 0.419349 0.496440 0.062220 0.062220
0 0.034539 0.081674 0.061130 0.061130
0 0.614493 0.578250 0.057104 0.057104
0 0.730469 0.608341 0.104277 0.104277
0 0.524558 0.934396 0.071945 0.071945
0 0.461238 0.404650 0.057104 0.057104
0 0.226574 0.833781 0.061130 0.061130
0 0.669906 0.817670 0.071945 0.071945
0 0.279036 0.606093 0.062220 0.062220
0 0.377434 0.192305 0.052757 0.052757
0 0.477155 0.862406 0.057104 0.057104
0 0.859116 0.156086 0.052757 0.052757
0 0.497784 0.540093 0.057104 0.057104
0 0.669140 0.078841 0.104277 0.104277
0 0.821774 0.022091 0.052757 0.052757
0 0.309859 0.452194 0.061130 0.061130
0 0.996779 0.294212 0.061131 0.061131
0 0.440999 0.942059 0.052757 0.052757
0 0.519605 0.164473 0.061130 0.061130
0 0.955172 0.222663 0.071945 0.071945
0 0.194436 0.095024 0.104278 0.104278
0 0.743373 0.341212 0.062220 0.062220
0 0.261285 0.073415 0.052757 0.052757
0 0.958318 0.545523 0.057104 0.057104
0 0.275089 0.713225 0.062220 0.062220
0 0.696014 0.682062 0.057104 0.057104
0 0.771040 0.499050 0.104277 0.104277
0 0.400304 0.833420 0.050891 0.050891
0 0.053726 0.339716 0.062220 0.062220
0 0.126130 0.848855 0.104277 0.104277
0 0.270746 0.328439 0.057104 0.057104
0 0.564174 0.725726 0.062220 0.062220
0 0.639701 0.192833 0.071945 0.071945
0 0.684993 0.934792 0.057104 0.057104
0 0.060900 0.671722 0.062220 0.062220
0 0.285324 0.912442 0.052757 0.052757
0 0.332955 0.758566 0.062220 0.062220
0 0.428714 0.724485 0.104277 0.104277
0 0.783548 0.259472 0.061130 0.061130
0 0.591621 0.018262 0.057104 0.057104
0 0.227164 0.195908 0.057104 0.057104
0 0.154439 0.162288 0.071945 0.071945
0 0.054800 0.427062 0.052757 0.052757
0 0.590562 0.853663 0.061130 0.061130
0 0.594086 0.448781 0.062220 0.062220
0 0.571431 0.302637 0.071945 0.071945
0 0.728985 0.768815 0.062220 0.062220
0 0.023598 0.896961 0.057104 0.057104
0 0.093024 0.241854 0.052757 0.052757
0 0.285320 0.237746 0.071945 0.071945
0 0.021281 0.150258 0.057104 0.057104
0 0.913529 0.914533 0.052757 0.052757
0 0.301902 0.831375 0.062220 0.062220
0 0.600140 0.957013 0.062220 0.062220
0 0.829627 0.650456 0.062220 0.062220
0 0.703840 0.539803 0.071945 0.071945
0 0.883212 0.231946 0.057104 0.057104
0 0.379882 0.656505 0.104277 0.104277
0 0.980476 0.612525 0.104277 0.104277
0 0.164849 0.272639 0.052757 0.052757
0 0.941388 0.420908 0.062220 0.062220
0 0.823914 0.945443 0.061130 0.061130
0 0.969132 0.963578 0.062220 0.062220
0 0.796755 0.186936 0.050559 0.050559
0 0.107737 0.010279 0.104277 0.104277
0 0.925894 0.129715 0.061130 0.061130
0 0.611157 0.661283 0.052757 0.052757
0 0.897378 0.577871 0.071945 0.071945
0 0.026516 0.772359 0.057104 0.057104
0 0.765907 0.848928 0.061131 0.061131
0 0.147124 0.565207 0.057104 0.057104
0 0.032442 0.001927 0.061130 0.061130
0 0.855928 0.777981 0.104277 0.104277
0 0.537932 0.656561 0.052757 0.052757
0 0.571604 0.521947 0.061130 0.061130
0 0.243085 0.541291 0.104277 0.104277
0 0.351917 0.091023 0.104277 0.104277
0 0.125468 0.086295 0.052757 0.052757
0 0.655810 0.316618 0.052757 0.052757
0 0.391201 0.261283 0.104277 0.104277