0 0.187208 0.928738 0.052757 0.052757
0 0.739136 0.668106 0.052757 0.052757
0 0.688785 0.161427 0.062220 0.062220
0 0.613342 0.388643 0.052757 0.052757
0 0.160127 0.589786 0.071945 0.071945
0 0.635670 0.035812 0.057103 0.057103
0 0.738681 0.875936 0.057104 0.057104
0 0.804723 0.283103 0.071945 0.071945
0 0.269270 0.009098 0.104277 0.104277
0 0.851971 0.345542 0.061130 0.061130
0 0.407016 0.081457 0.052757 0.052757
0 0.153043 0.998983 0.062220 0.062220
0 0.783490 0.558582 0.057104 0.057104
0 0.870421 0.554839 0.057104 0.057104
0 0.180740 0.363522 0.104278 0.104278
0 0.551832 0.300137 0.071945 0.071945
0 0.481587 0.293052 0.057104 0.057104
0 0.749640 0.459044 0.057104 0.057104
0 0.296264 0.800258 0.071945 0.071945
0 0.486088 0.982887 0.061130 0.061130
0 0.289330 0.729802 0.071945 0.071945
0 0.896829 0.223235 0.061130 0.061130
0 0.785003 0.824569 0.071945 0.071945
0 0.995259 0.866197 0.061130 0.061130
0 0.485119 0.626812 0.071945 0.071945
0 0.451438 0.006910 0.062220 0.062220
0 0.930571 0.768458 0.061130 0.061130
0 0.901645 0.696723 0.061130 0.061130
0 0.780658 0.035633 0.057104 0.057104
0 0.682763 0.422996 0.104277 0.104277
0 0.546803 0.201174 0.057104 0.057104
0 0.788519 0.202921 0.057104 0.057104
0 0.454158 0.378303 0.057104 0.057104
0 0.657085 0.317258 0.104277 0.104277
0 0.941128 0.434661 0.052757 0.052757
0 0.239703 0.147361 0.062220 0.062220
0 0.934025 0.974584 0.061130 0.061130
0 0.672178 0.509558 0.104277 0.104277
0 0.496288 0.708510 0.071945 0.071945
0 0.926267 0.890902 0.104277 0.104277
0 0.461642 0.210557 0.052757 0.052757
0 0.656343 0.222527 0.052757 0.052757
0 0.473254 0.141848 0.061130 0.061130
0 0.615575 0.659641 0.052757 0.052757
0 0.841707 0.136020 0.104277 0.104277
0 0.447539 0.790735 0.052757 0.052757
0 0.977016 0.019217 0.061130 0.061130
0 0.542208 0.056666 0.071945 0.071945
0 0.380222 0.469289 0.061130 0.061130
0 0.188544 0.851074 0.104278 0.104278
0 0.822150 0.632327 0.071945 0.071945
0 0.747095 0.385297 0.062220 0.062220
0 0.371316 0.663168 0.061130 0.061130
0 0.379266 0.984323 0.104277 0.104277
0 0.708027 0.590994 0.104277 0.104277
0 0.257848 0.533440 0.061130 0.061130
0 0.854798 0.862475 0.052757 0.052757
0 0.330173 0.895193 0.057104 0.057104
0 0.857371 0.009741 0.061130 0.061130
0 0.620935 0.809366 0.071945 0.071945
0 0.831695 0.769535 0.061130 0.061130
0 0.407297 0.733994 0.062220 0.062220
0 0.399405 0.169993 0.061130 0.061130
0 0.366017 0.007179 0.062220 0.062220
0 0.543835 0.405789 0.057104 0.057104
0 0.854343 0.414696 0.057104 0.057104
0 0.273326 0.452852 0.057104 0.057104
0 0.346031 0.347963 0.104277 0.104277
0 0.486156 0.859168 0.104277 0.104277
0 0.192911 0.659112 0.061130 0.061130
0 0.156507 0.150875 0.061130 0.061130
0 0.954534 0.339436 0.057104 0.057104
0 0.828599 0.929501 0.061130 0.061130
0 0.690964 0.772660 0.071945 0.071945
0 0.543599 0.483898 0.061130 0.061130
0 0.473436 0.471177 0.062220 0.062220
0 0.818451 0.489161 0.048997 0.048997
0 0.197723 0.078883 0.061130 0.061130
0 0.285253 0.959910 0.062220 0.062220
0 0.244955 0.294555 0.104277 0.104277
0 0.755120 0.120343 0.057104 0.057104
0 0.953536 0.117029 0.104277 0.104277
0 0.629878 0.110692 0.104277 0.104277
0 0.203497 0.451900 0.057104 0.057104
0 0.250943 0.610674 0.057104 0.057104
0 0.441997 0.555717 0.071945 0.071945
0 0.283337 0.084565 0.071945 0.071945
0 0.595810 0.583538 0.104277 0.104277
0 0.361936 0.548641 0.071945 0.071945
0 0.352187 0.271500 0.061130 0.061130
0 0.434914 0.914095 0.071945 0.071945
0 0.529999 0.919064 0.047555 0.047555
0 0.664099 0.943860 0.052757 0.052757
0 0.736252 0.307405 0.057104 0.057104
0 0.155257 0.240307 0.071945 0.071945
0 0.948544 0.642147 0.071945 0.071945
0 0.744049 0.951741 0.071945 0.071945
0 0.191181 0.747328 0.062220 0.062220
0 0.320209 0.207690 0.062220 0.062220