0 0.899755 0.803617 0.071945 0.071945
0 0.798489 0.917894 0.062220 0.062220
0 0.931467 0.915841 0.057104 0.057104
0 0.964278 0.841149 0.052757 0.052757
0 0.061745 0.572823 0.062220 0.062220
0 0.610743 0.350962 0.052757 0.052757
0 0.703956 0.298036 0.052757 0.052757
0 0.771226 0.847187 0.052757 0.052757
0 0.015819 0.631665 0.062220 0.062220
0 0.162393 0.608677 0.070161 0.070161
0 0.924755 0.262530 0.104277 0.104277
0 0.863385 0.867497 0.071945 0.071945
0 0.515767 0.267270 0.062220 0.062220
0 0.432307 0.699874 0.071945 0.071945
0 0.713706 0.607250 0.061130 0.061130
0 0.529966 0.387252 0.062220 0.062220
0 0.248100 0.638430 0.062220 0.062220
0 0.702419 0.970622 0.071945 0.071945
0 0.265228 0.940722 0.061131 0.061131
0 0.552868 0.851773 0.061130 0.061130
0 0.577881 0.970648 0.104277 0.104277
0 0.284671 0.702266 0.104277 0.104277
0 0.459866 0.354657 0.052757 0.052757
0 0.199130 0.547901 0.061130 0.061130
0 0.328640 0.837192 0.071945 0.071945
0 0.586251 0.524094 0.061130 0.061130
0 0.014529 0.952429 0.104277 0.104277
0 0.682805 0.503195 0.057104 0.057104
0 0.392856 0.433706 0.071945 0.071945
0 0.179691 0.771493 0.104277 0.104277
0 0.943236 0.615529 0.057104 0.057104
0 0.280555 0.516090 0.057104 0.057104
0 0.281311 0.318946 0.061131 0.061131
0 0.590750 0.274574 0.057104 0.057104
0 0.745917 0.451147 0.062220 0.062220
0 0.251027 0.418221 0.071945 0.071945
0 0.140482 0.478403 0.071945 0.071945
0 0.071921 0.753154 0.062220 0.062220
0 0.002124 0.413457 0.052757 0.052757
0 0.798390 0.708467 0.062220 0.062220
0 0.378146 0.336235 0.052757 0.052757
0 0.761965 0.770034 0.062220 0.062220
0 0.313975 0.581729 0.062220 0.062220
0 0.859161 0.301250 0.071945 0.071945
0 0.583660 0.441382 0.061131 0.061131
0 0.057721 0.468568 0.052757 0.052757
0 0.358539 0.765667 0.061131 0.061131
0 0.111404 0.297532 0.071945 0.071945
0 0.974440 0.392782 0.104278 0.104278
0 0.262383 0.802985 0.061131 0.061131
0 0.530924 0.577189 0.071945 0.071945
0 0.442389 0.274450 0.062220 0.062220
0 0.135338 0.378785 0.057104 0.057104
0 0.225367 0.881148 0.052757 0.052757
0 0.724117 0.697181 0.052757 0.052757
0 0.522555 0.773511 0.057104 0.057104
0 0.130334 0.681181 0.052757 0.052757
0 0.823658 0.440574 0.052757 0.052757
0 0.377480 0.614844 0.071945 0.071945
0 0.640466 0.590719 0.052757 0.052757
0 0.458654 0.476847 0.071945 0.071945
0 0.891511 0.382052 0.062220 0.062220
0 0.194108 0.265377 0.104277 0.104277
0 0.103418 0.906563 0.104277 0.104277
0 0.660399 0.788087 0.071945 0.071945
0 0.008987 0.711129 0.057104 0.057104
0 0.562361 0.702658 0.062220 0.062220
0 0.761077 0.342833 0.071945 0.071945
0 0.893816 0.498089 0.052559 0.052559
0 0.389060 0.537894 0.071945 0.071945
0 0.936490 0.734446 0.062220 0.062220
0 0.394305 0.888811 0.104277 0.104277
0 0.460647 0.958248 0.052757 0.052757
0 0.629317 0.726250 0.104277 0.104277
0 0.467802 0.823792 0.071945 0.071945
0 0.481775 0.633806 0.104277 0.104277
0 0.105601 0.819412 0.057104 0.057104
0 0.212707 0.479455 0.057103 0.057103
0 0.840742 0.577895 0.071945 0.071945
0 0.996619 0.768674 0.104278 0.104278
0 0.684558 0.886992 0.104277 0.104277
0 0.365424 0.265799 0.057104 0.057104
0 0.741335 0.541685 0.052757 0.052757
0 0.348204 0.947948 0.052757 0.052757
0 0.694031 0.391027 0.061131 0.061131
0 0.763748 0.264442 0.062220 0.062220