0 0.830387 0.929065 0.104277 0.104277
0 0.892213 0.838017 0.071945 0.071945
0 0.836096 0.701118 0.104277 0.104277
0 0.342261 0.983731 0.052757 0.052757
0 0.291910 0.477052 0.062220 0.062220
0 0.706159 0.873574 0.062220 0.062220
0 0.964168 0.637089 0.052757 0.052757
0 0.216467 0.704268 0.052757 0.052757
0 0.874972 0.995273 0.061131 0.061131
0 0.238795 0.351437 0.057103 0.057103
0 0.908106 0.747614 0.057104 0.057104
0 0.407848 0.598728 0.071945 0.071945
0 0.959188 0.955768 0.052757 0.052757
0 0.455096 0.661167 0.061130 0.061130
0 0.010141 0.397082 0.052757 0.052757
0 0.633230 0.785122 0.052757 0.052757
0 0.935348 0.574528 0.057104 0.057104
0 0.932195 0.413703 0.052757 0.052757
0 0.758218 0.401006 0.061131 0.061131
0 0.386615 0.874207 0.057104 0.057104
0 0.700430 0.721031 0.052757 0.052757
0 0.473546 0.870464 0.057104 0.057104
0 0.443600 0.101627 0.057104 0.057104
0 0.696398 0.996983 0.071945 0.071945
0 0.693344 0.322313 0.062220 0.062220
0 0.986278 0.508989 0.061131 0.061131
0 0.805493 0.803314 0.071945 0.071945
0 0.170915 0.173575 0.104277 0.104277
0 0.154957 0.615762 0.071945 0.071945
0 0.084712 0.608677 0.057104 0.057104
0 0.665228 0.006347 0.061131 0.061131
0 0.352765 0.774669 0.057104 0.057104
0 0.977881 0.036273 0.104277 0.104277
0 0.190312 0.037724 0.057104 0.057104
0 0.381365 0.256758 0.057104 0.057104
0 0.767617 0.963432 0.057104 0.057104
0 0.499954 0.538860 0.061130 0.061130
0 0.414529 0.018054 0.104277 0.104277
0 0.301388 0.299193 0.052757 0.052757
0 0.088244 0.942437 0.071945 0.071945
0 0.054563 0.322535 0.062220 0.062220
0 0.790723 0.151731 0.071945 0.071945
0 0.772091 0.603150 0.104277 0.104277
0 0.226629 0.102223 0.057104 0.057104
0 0.383783 0.351258 0.057104 0.057104
0 0.285888 0.738621 0.104277 0.104277
0 0.149928 0.516799 0.057104 0.057104
0 0.391644 0.518546 0.057104 0.057104
0 0.057283 0.693928 0.057104 0.057104
0 0.432173 0.180587 0.052757 0.052757
0 0.503364 0.249668 0.104277 0.104277
0 0.260210 0.632883 0.104277 0.104277
0 0.544253 0.750286 0.052757 0.052757
0 0.987601 0.739640 0.062220 0.062220
0 0.275303 0.825183 0.104277 0.104277
0 0.064767 0.526182 0.052757 0.052757
0 0.804531 0.286145 0.061131 0.061131
0 0.259468 0.538152 0.052757 0.052757
0 0.076379 0.457473 0.061130 0.061130
0 0.218700 0.975266 0.052757 0.052757
0 0.444832 0.451645 0.104277 0.104277
0 0.580141 0.334842 0.061130 0.061130
0 0.316054 0.189273 0.057104 0.057104
0 0.145333 0.372291 0.071945 0.071945
0 0.662627 0.232630 0.104277 0.104277
0 0.875508 0.117090 0.062220 0.062220
0 0.567552 0.069993 0.062220 0.062220
0 0.894070 0.356524 0.057104 0.057104
0 0.425275 0.947952 0.071945 0.071945
0 0.350220 0.700922 0.062220 0.062220
0 0.128132 0.113441 0.052757 0.052757
0 0.664552 0.640619 0.052757 0.052757
0 0.657319 0.410956 0.062220 0.062220
0 0.311152 0.906619 0.104277 0.104277
0 0.460496 0.325366 0.061130 0.061130
0 0.622084 0.474574 0.104278 0.104278
0 0.705001 0.141594 0.061131 0.061131
0 0.002530 0.485618 0.061130 0.061130
0 0.872227 0.538745 0.062220 0.062220
0 0.146960 0.721414 0.057104 0.057104
0 0.457468 0.730321 0.057104 0.057104
0 0.679102 0.540485 0.062220 0.062220
0 0.557659 0.655061 0.057104 0.057104
0 0.281936 0.052175 0.061130 0.061130
0 0.146724 0.799523 0.061130 0.061130
0 0.076561 0.786802 0.062220 0.062220
0 0.923688 0.289572 0.052757 0.052757
0 0.421576 0.804786 0.048997 0.048997
0 0.711022 0.472856 0.071945 0.071945
0 0.624602 0.709417 0.062220 0.062220
0 0.954653 0.132729 0.057104 0.057104
0 0.521935 0.127622 0.061130 0.061130
0 0.358245 0.435968 0.057104 0.057104
0 0.556661 0.432654 0.104277 0.104277
0 0.233003 0.426317 0.104277 0.104277
0 0.888456 0.206415 0.057104 0.057104
0 0.620584 0.950778 0.062220 0.062220
0 0.751223 0.529782 0.052757 0.052757
0 0.562694 0.200535 0.061130 0.061130
0 0.860647 0.023873 0.052757 0.052757
0 0.624161 0.860967 0.061131 0.061131
0 0.739675 0.242556 0.071945 0.071945
0 0.045122 0.871342 0.071945 0.071945
0 0.257130 0.231394 0.062220 0.062220
0 0.608140 0.139345 0.071945 0.071945
0 0.198935 0.899163 0.104277 0.104277
0 0.038400 0.154550 0.104277 0.104277
0 0.156941 0.290249 0.052757 0.052757
0 0.043802 0.034845 0.057104 0.057104
0 0.339377 0.623030 0.057104 0.057104
0 0.104192 0.215706 0.062220 0.062220
0 0.748204 0.013573 0.052757 0.052757
0 0.551669 0.957772 0.071945 0.071945
0 0.840032 0.416165 0.061131 0.061131