0 0.522092 0.858852 0.104277 0.104277
0 0.478544 0.646861 0.061130 0.061130
0 0.881489 0.608570 0.052757 0.052757
0 0.411637 0.507190 0.104277 0.104277
0 0.473463 0.416142 0.071945 0.071945
0 0.672382 0.856528 0.062220 0.062220
0 0.625276 0.401752 0.071945 0.071945
0 0.704029 0.608610 0.104277 0.104277
0 0.379315 0.608759 0.052757 0.052757
0 0.781893 0.655135 0.071945 0.071945
0 0.708662 0.292055 0.061131 0.061131
0 0.417346 0.279243 0.104277 0.104277
0 0.910473 0.111562 0.057104 0.057104
0 0.925832 0.279527 0.104277 0.104277
0 0.739777 0.028450 0.104277 0.104277
0 0.516216 0.773667 0.057104 0.057104
0 0.287409 0.451699 0.062220 0.062220
0 0.552078 0.960303 0.051819 0.051819
0 0.545418 0.215214 0.052757 0.052757
0 0.198244 0.636858 0.104277 0.104277
0 0.456222 0.573398 0.061131 0.061131
0 0.732226 0.904016 0.052757 0.052757
0 0.489356 0.325739 0.057104 0.057104
0 0.793502 0.852531 0.057103 0.057103
0 0.540438 0.533893 0.052757 0.052757
0 0.036346 0.239292 0.061130 0.061130
0 0.808495 0.269695 0.104277 0.104277
0 0.214480 0.363247 0.052757 0.052757
0 0.678772 0.086105 0.062220 0.062220
0 0.596645 0.469853 0.057104 0.057104
0 0.516598 0.152653 0.057104 0.057104
0 0.987194 0.422610 0.052757 0.052757
0 0.709118 0.691864 0.036679 0.036679
0 0.144398 0.977818 0.052757 0.052757
0 0.624599 0.130091 0.061130 0.061130
0 0.828156 0.969871 0.104277 0.104277
0 0.927107 0.383421 0.062221 0.062221
0 0.542880 0.622475 0.057104 0.057104
0 0.281680 0.299156 0.052757 0.052757
0 0.623056 0.957354 0.071945 0.071945
0 0.054796 0.448589 0.057104 0.057104
0 0.928737 0.188909 0.071945 0.071945
0 0.865652 0.419050 0.052757 0.052757
0 0.834462 0.002900 0.061130 0.061130
0 0.852758 0.486912 0.104277 0.104277
0 0.277648 0.575108 0.071945 0.071945
0 0.567528 0.087114 0.061131 0.061131
0 0.329527 0.970063 0.052757 0.052757
0 0.758396 0.510544 0.104277 0.104277
0 0.386743 0.381439 0.071945 0.071945
0 0.925487 0.984739 0.061131 0.061131
0 0.616755 0.020567 0.057104 0.057104
0 0.849301 0.678019 0.062220 0.062220
0 0.295600 0.890694 0.071945 0.071945
0 0.757410 0.985890 0.061131 0.061131
0 0.348867 0.541557 0.057104 0.057104
0 0.081204 0.116985 0.061130 0.061130
0 0.705323 0.452252 0.061130 0.061130
0 0.063973 0.930947 0.062220 0.062220
0 0.179634 0.759947 0.061130 0.061130
0 0.840249 0.077775 0.061130 0.061130
0 0.957964 0.838870 0.062220 0.062220
0 0.784083 0.582867 0.061130 0.061130
0 0.353341 0.181275 0.104277 0.104277
0 0.114946 0.662208 0.061130 0.061130
0 0.086020 0.590473 0.061130 0.061130
0 0.655419 0.546735 0.062220 0.062220
0 0.264700 0.716743 0.104277 0.104277
0 0.428105 0.814616 0.071945 0.071945
0 0.125503 0.328411 0.052757 0.052757
0 0.568851 0.317765 0.062220 0.062220
0 0.118400 0.868334 0.061130 0.061130
0 0.932548 0.693943 0.104277 0.104277
0 0.218493 0.960870 0.057104 0.057104
0 0.110642 0.784652 0.104277 0.104277
0 0.315261 0.765280 0.104277 0.104277
0 0.026082 0.029770 0.104277 0.104277
0 0.294166 0.652590 0.052757 0.052757
0 0.601082 0.692278 0.062220 0.062220
0 0.006525 0.526077 0.071945 0.071945
0 0.635923 0.235616 0.071945 0.071945
0 0.245802 0.218744 0.052757 0.052757
0 0.743293 0.774974 0.104277 0.104277
0 0.419230 0.898532 0.057104 0.057104
0 0.039173 0.756225 0.052757 0.052757
0 0.203334 0.052699 0.104278 0.104278
0 0.656745 0.740196 0.071945 0.071945
0 0.016070 0.663285 0.061130 0.061130
0 0.375099 0.721340 0.052757 0.052757
0 0.229405 0.872787 0.057104 0.057104
0 0.453477 0.116870 0.062220 0.062220
0 0.038718 0.308446 0.057104 0.057104
0 0.260352 0.118610 0.062220 0.062220
0 0.138909 0.233186 0.057104 0.057104
0 0.012974 0.823251 0.061130 0.061130
0 0.797640 0.730343 0.061131 0.061131
0 0.929915 0.518073 0.071945 0.071945
0 0.002826 0.382911 0.048997 0.048997
0 0.292272 0.050981 0.071945 0.071945
0 0.205852 0.287542 0.062220 0.062220
0 0.778883 0.199277 0.057104 0.057104
0 0.137911 0.010779 0.104277 0.104277
0 0.201834 0.528903 0.062220 0.062220
0 0.332473 0.107907 0.052757 0.052757
0 0.761626 0.339215 0.057104 0.057104
0 0.205411 0.439092 0.061131 0.061131
0 0.770288 0.125578 0.104277 0.104277
0 0.890308 0.767340 0.071945 0.071945
0 0.839621 0.153173 0.104277 0.104277
0 0.853801 0.349431 0.052757 0.052757
0 0.132919 0.535897 0.071945 0.071945
0 0.593701 0.820095 0.057104 0.057104
0 0.863452 0.902826 0.061131 0.061131