0 0.217345 0.611282 0.071945 0.071945
0 0.492466 0.579261 0.071945 0.071945
0 0.772844 0.319582 0.071945 0.071945
0 0.018958 0.456627 0.104277 0.104277
0 0.524594 0.694631 0.052757 0.052757
0 0.081446 0.180853 0.052757 0.052757
0 0.226029 0.981614 0.061130 0.061130
0 0.762877 0.801785 0.061131 0.061131
0 0.668754 0.918119 0.062220 0.062220
0 0.261743 0.367599 0.061130 0.061130
0 0.668021 0.492576 0.104277 0.104277
0 0.112093 0.877995 0.104277 0.104277
0 0.070954 0.999606 0.104277 0.104277
0 0.694744 0.106729 0.062220 0.062220
0 0.434687 0.329475 0.071945 0.071945
0 0.001811 0.301537 0.052757 0.052757
0 0.115494 0.630737 0.062220 0.062220
0 0.078118 0.376672 0.071945 0.071945
0 0.544909 0.940915 0.104277 0.104277
0 0.140847 0.802995 0.057104 0.057104
0 0.635017 0.655695 0.104277 0.104277
0 0.590156 0.846814 0.071945 0.071945
0 0.800214 0.739438 0.052757 0.052757
0 0.213534 0.202229 0.104277 0.104277
0 0.513395 0.448333 0.104277 0.104277
0 0.631174 0.259526 0.071945 0.071945
0 0.209194 0.785431 0.104277 0.104277
0 0.626408 0.999573 0.052757 0.052757
0 0.635921 0.191080 0.062220 0.062220
0 0.094547 0.726493 0.061130 0.061130
0 0.573877 0.386831 0.057104 0.057104
0 0.616844 0.560506 0.062220 0.062220
0 0.369586 0.687693 0.052757 0.052757
0 0.516594 0.318615 0.062220 0.062220
0 0.027344 0.905216 0.104277 0.104277
0 0.336803 0.874561 0.071945 0.071945
0 0.702243 0.291308 0.061130 0.061130
0 0.546807 0.789570 0.102474 0.102474
0 0.155991 0.452961 0.052757 0.052757
0 0.441143 0.781745 0.104277 0.104277
0 0.118649 0.318966 0.052757 0.052757
0 0.313124 0.070401 0.054783 0.054783
0 0.449967 0.515537 0.062220 0.062220
0 0.293654 0.591087 0.061131 0.061131
0 0.480676 0.004313 0.057103 0.057103
0 0.252047 0.519538 0.071945 0.071945
0 0.281226 0.182567 0.071945 0.071945
0 0.040248 0.638087 0.062220 0.062220
0 0.281486 0.253391 0.061130 0.061130
0 0.255193 0.842398 0.057104 0.057104
0 0.574982 0.071134 0.061131 0.061131
0 0.161506 0.079069 0.057104 0.057104
0 0.067915 0.795925 0.104277 0.104277
0 0.736489 0.548482 0.045227 0.045227
0 0.370877 0.596809 0.052757 0.052757
0 0.791731 0.031557 0.071945 0.071945
0 0.797113 0.170082 0.104278 0.104278
0 0.080423 0.556347 0.061130 0.061130
0 0.792154 0.452277 0.061130 0.061130
0 0.353986 0.803919 0.062220 0.062220
0 0.298409 0.983678 0.104277 0.104277
0 0.728318 0.004660 0.104278 0.104278
0 0.405639 0.171059 0.052757 0.052757
0 0.651671 0.044239 0.062220 0.062220
0 0.093316 0.250276 0.104277 0.104277
0 0.126502 0.947331 0.062220 0.062220
0 0.448503 0.410570 0.052757 0.052757
0 0.000715 0.836678 0.071945 0.071945
0 0.360550 0.462434 0.052757 0.052757
0 0.180087 0.528821 0.057104 0.057104
0 0.033147 0.047700 0.104277 0.104277
0 0.650560 0.395974 0.061131 0.061131
0 0.556197 0.260237 0.057104 0.057104
0 0.277351 0.909400 0.104277 0.104277
0 0.749315 0.895144 0.061131 0.061131
0 0.389484 0.057150 0.104277 0.104277
0 0.447572 0.688870 0.055027 0.055027
0 0.579764 0.489692 0.061131 0.061131
0 0.238263 0.717783 0.062220 0.062220
0 0.657601 0.793048 0.104277 0.104277
0 0.093630 0.483811 0.050559 0.050559
0 0.387852 0.981946 0.052757 0.052757
0 0.222769 0.426590 0.061130 0.061130
0 0.352040 0.246962 0.071945 0.071945
0 0.454027 0.101348 0.057104 0.057104
0 0.494073 0.158486 0.104277 0.104277
0 0.194253 0.874746 0.071945 0.071945
0 0.350840 0.341515 0.071945 0.071945
0 0.310302 0.730593 0.104277 0.104277
0 0.299565 0.002447 0.052757 0.052757
0 0.227002 0.036674 0.104277 0.104277
0 0.474312 0.874850 0.061130 0.061130
0 0.737683 0.409468 0.052757 0.052757
0 0.157485 0.155639 0.071945 0.071945
0 0.463749 0.250090 0.104277 0.104277
0 0.188192 0.293579 0.104277 0.104277
0 0.739958 0.215635 0.061131 0.061131
0 0.712340 0.741722 0.057104 0.057104
0 0.726290 0.665639 0.088662 0.088662