0 0.885963 0.997392 0.071945 0.071945
0 0.829846 0.860493 0.104277 0.104277
0 0.285660 0.636427 0.062220 0.062220
0 0.957918 0.796464 0.052757 0.052757
0 0.210217 0.863643 0.052757 0.052757
0 0.204487 0.100856 0.104277 0.104277
0 0.232545 0.510812 0.057103 0.057103
0 0.901856 0.906989 0.057104 0.057104
0 0.401598 0.758103 0.071945 0.071945
0 0.448846 0.820542 0.061130 0.061130
0 0.003891 0.556457 0.052757 0.052757
0 0.626980 0.944497 0.052757 0.052757
0 0.929098 0.733903 0.057104 0.057104
0 0.925945 0.573078 0.052757 0.052757
0 0.751968 0.560381 0.061131 0.061131
0 0.694180 0.880406 0.052757 0.052757
0 0.437350 0.261002 0.057104 0.057104
0 0.687094 0.481688 0.062220 0.062220
0 0.980028 0.668364 0.061131 0.061131
0 0.799243 0.962689 0.071945 0.071945
0 0.164665 0.332950 0.104277 0.104277
0 0.148707 0.775137 0.071945 0.071945
0 0.078462 0.768052 0.057104 0.057104
0 0.658978 0.165722 0.061131 0.061131
0 0.946618 0.076773 0.061130 0.061130
0 0.346515 0.934044 0.057104 0.057104
0 0.971631 0.195648 0.104277 0.104277
0 0.184062 0.197099 0.057104 0.057104
0 0.375115 0.416133 0.057104 0.057104
0 0.132632 0.145968 0.104277 0.104277
0 0.722390 0.062192 0.071945 0.071945
0 0.493704 0.698235 0.061130 0.061130
0 0.408279 0.177429 0.104277 0.104277
0 0.295138 0.458568 0.052757 0.052757
0 0.098993 0.014916 0.052757 0.052757
0 0.048313 0.481910 0.062220 0.062220
0 0.784473 0.311106 0.071945 0.071945
0 0.765841 0.762525 0.104277 0.104277
0 0.220379 0.261598 0.057104 0.057104
0 0.377533 0.510633 0.057104 0.057104
0 0.279638 0.897996 0.104277 0.104277
0 0.143678 0.676174 0.057104 0.057104
0 0.385394 0.677921 0.057104 0.057104
0 0.051033 0.853303 0.057104 0.057104
0 0.425923 0.339962 0.052757 0.052757
0 0.497114 0.409043 0.104277 0.104277
0 0.253960 0.792258 0.104277 0.104277
0 0.538003 0.909661 0.052757 0.052757
0 0.981351 0.899015 0.062220 0.062220
0 0.269053 0.984558 0.104277 0.104277
0 0.058517 0.685557 0.052757 0.052757
0 0.798281 0.445520 0.061131 0.061131
0 0.253218 0.697527 0.052757 0.052757
0 0.070129 0.616848 0.061130 0.061130
0 0.438582 0.611020 0.104277 0.104277
0 0.573891 0.494217 0.061130 0.061130
0 0.263862 0.137065 0.052757 0.052757
0 0.309804 0.348648 0.057104 0.057104
0 0.139083 0.531666 0.071945 0.071945
0 0.656377 0.392005 0.104277 0.104277
0 0.869258 0.276465 0.062220 0.062220
0 0.561302 0.229368 0.062220 0.062220
0 0.887820 0.515899 0.057104 0.057104
0 0.343970 0.860297 0.062220 0.062220
0 0.121882 0.272816 0.052757 0.052757
0 0.658302 0.799994 0.052757 0.052757
0 0.651069 0.570331 0.062220 0.062220
0 0.656133 0.027985 0.061131 0.061131
0 0.454246 0.484741 0.061130 0.061130
0 0.615834 0.633949 0.104278 0.104278
0 0.619117 0.106148 0.052757 0.052757
0 0.698751 0.300969 0.061131 0.061131
0 0.865977 0.698120 0.062220 0.062220
0 0.140710 0.880789 0.057104 0.057104
0 0.451218 0.889696 0.057104 0.057104
0 0.672852 0.699860 0.062220 0.062220
0 0.551409 0.814436 0.057104 0.057104
0 0.497168 0.131563 0.104277 0.104277
0 0.275686 0.211550 0.061130 0.061130
0 0.219537 0.031466 0.104277 0.104277
0 0.140474 0.958898 0.061130 0.061130
0 0.070311 0.946177 0.062220 0.062220
0 0.917438 0.448947 0.052757 0.052757
0 0.415326 0.964161 0.048997 0.048997
0 0.704772 0.632231 0.071945 0.071945
0 0.618352 0.868792 0.062220 0.062220
0 0.285122 0.060555 0.071945 0.071945
0 0.948403 0.292104 0.057104 0.057104
0 0.515685 0.286997 0.061130 0.061130
0 0.351995 0.595343 0.057104 0.057104
0 0.550411 0.592029 0.104277 0.104277
0 0.226753 0.585692 0.104277 0.104277
0 0.882206 0.365790 0.057104 0.057104
0 0.788055 0.113811 0.104277 0.104277
0 0.744973 0.689157 0.052757 0.052757
0 0.556444 0.359910 0.061130 0.061130
0 0.854397 0.183248 0.052757 0.052757
0 0.733425 0.401931 0.071945 0.071945
0 0.861552 0.048792 0.071945 0.071945
0 0.499351 0.044412 0.057104 0.057104
0 0.250880 0.390769 0.062220 0.062220
0 0.601890 0.298720 0.071945 0.071945
0 0.350073 0.085711 0.057104 0.057104
0 0.032150 0.313925 0.104277 0.104277
0 0.150691 0.449624 0.052757 0.052757
0 0.037552 0.194220 0.057104 0.057104
0 0.333127 0.782405 0.057104 0.057104
0 0.097942 0.375081 0.062220 0.062220
0 0.741954 0.172948 0.052757 0.052757
0 0.833782 0.575540 0.061131 0.061131