0 0.043458 0.984988 0.052757 0.052757
0 0.595386 0.724356 0.052757 0.052757
0 0.545035 0.217677 0.062220 0.062220
0 0.959284 0.614199 0.062220 0.062220
0 0.870119 0.799358 0.104277 0.104277
0 0.469592 0.444893 0.052757 0.052757
0 0.016377 0.646036 0.071945 0.071945
0 0.491920 0.092062 0.057103 0.057103
0 0.594931 0.932186 0.057104 0.057104
0 0.660973 0.339353 0.071945 0.071945
0 0.125520 0.065348 0.104277 0.104277
0 0.708221 0.401792 0.061130 0.061130
0 0.263266 0.137707 0.052757 0.052757
0 0.886355 0.525747 0.052757 0.052757
0 0.639740 0.614832 0.057104 0.057104
0 0.953555 0.461656 0.052757 0.052757
0 0.726671 0.611089 0.057104 0.057104
0 0.036990 0.419772 0.104278 0.104278
0 0.949523 0.737608 0.071945 0.071945
0 0.946469 0.062938 0.062220 0.062220
0 0.408082 0.356387 0.071945 0.071945
0 0.337837 0.349302 0.057104 0.057104
0 0.605890 0.515294 0.057104 0.057104
0 0.152514 0.856508 0.071945 0.071945
0 0.145580 0.786052 0.071945 0.071945
0 0.753079 0.279485 0.061130 0.061130
0 0.641253 0.880819 0.071945 0.071945
0 0.851509 0.922447 0.061130 0.061130
0 0.554513 0.039818 0.052757 0.052757
0 0.341369 0.683062 0.071945 0.071945
0 0.307688 0.063160 0.062220 0.062220
0 0.007035 0.011120 0.071945 0.071945
0 0.786821 0.824708 0.061130 0.061130
0 0.757895 0.752973 0.061130 0.061130
0 0.636908 0.091883 0.057104 0.057104
0 0.539013 0.479246 0.104277 0.104277
0 0.403053 0.257424 0.057104 0.057104
0 0.644769 0.259171 0.057104 0.057104
0 0.310408 0.434553 0.057104 0.057104
0 0.936575 0.879243 0.104277 0.104277
0 0.513335 0.373508 0.104277 0.104277
0 0.797378 0.490911 0.052757 0.052757
0 0.095953 0.203611 0.062220 0.062220
0 0.528428 0.565808 0.104277 0.104277
0 0.352538 0.764760 0.071945 0.071945
0 0.782517 0.947152 0.104277 0.104277
0 0.317892 0.266807 0.052757 0.052757
0 0.512593 0.278777 0.052757 0.052757
0 0.987136 0.927780 0.104277 0.104277
0 0.329504 0.198098 0.061130 0.061130
0 0.471825 0.715891 0.052757 0.052757
0 0.697957 0.192270 0.104277 0.104277
0 0.966041 0.815090 0.052757 0.052757
0 0.303789 0.846985 0.052757 0.052757
0 0.833266 0.075467 0.061130 0.061130
0 0.398458 0.112916 0.071945 0.071945
0 0.236472 0.525539 0.061130 0.061130
0 0.044794 0.907324 0.104278 0.104278
0 0.678400 0.688577 0.071945 0.071945
0 0.603345 0.441547 0.062220 0.062220
0 0.227566 0.719418 0.061130 0.061130
0 0.917677 0.381244 0.052757 0.052757
0 0.910444 0.151581 0.062220 0.062220
0 0.564277 0.647244 0.104277 0.104277
0 0.114098 0.589690 0.061130 0.061130
0 0.711048 0.918725 0.052757 0.052757
0 0.186423 0.951443 0.057104 0.057104
0 0.713621 0.065991 0.061130 0.061130
0 0.875209 0.215199 0.104278 0.104278
0 0.477185 0.865616 0.071945 0.071945
0 0.687945 0.825785 0.061130 0.061130
0 0.263547 0.790244 0.062220 0.062220
0 0.255655 0.226243 0.061130 0.061130
0 0.222267 0.063429 0.062220 0.062220
0 0.400085 0.462039 0.057104 0.057104
0 0.710593 0.470946 0.057104 0.057104
0 0.129576 0.509102 0.057104 0.057104
0 0.202281 0.404213 0.104277 0.104277
0 0.342406 0.915418 0.104277 0.104277
0 0.049161 0.715362 0.061130 0.061130
0 0.932227 0.281110 0.062220 0.062220
0 0.012757 0.207125 0.061130 0.061130
0 0.810784 0.395686 0.057104 0.057104
0 0.684849 0.985751 0.061130 0.061130
0 0.547214 0.828910 0.071945 0.071945
0 0.399849 0.540148 0.061130 0.061130
0 0.329686 0.527427 0.062220 0.062220
0 0.674701 0.545411 0.048997 0.048997
0 0.053973 0.135133 0.061130 0.061130
0 0.964147 0.213481 0.071945 0.071945
0 0.877727 0.450042 0.062220 0.062220
0 0.101205 0.350805 0.104277 0.104277
0 0.611370 0.176593 0.057104 0.057104
0 0.809786 0.173279 0.104277 0.104277
0 0.486128 0.166942 0.104277 0.104277
0 0.873709 0.691403 0.062220 0.062220
0 0.059747 0.508150 0.057104 0.057104
0 0.107193 0.666924 0.057104 0.057104
0 0.877286 0.601592 0.061131 0.061131
0 0.298247 0.611967 0.071945 0.071945
0 0.139587 0.140815 0.071945 0.071945
0 0.452060 0.639788 0.104277 0.104277
0 0.218186 0.604891 0.071945 0.071945
0 0.208437 0.327750 0.061130 0.061130
0 0.291164 0.970345 0.071945 0.071945
0 0.410066 0.030874 0.052757 0.052757
0 0.386249 0.975314 0.047555 0.047555
0 0.592502 0.363655 0.057104 0.057104
0 0.011507 0.296557 0.071945 0.071945
0 0.804794 0.698397 0.071945 0.071945
0 0.047431 0.803578 0.062220 0.062220
0 0.176459 0.263940 0.062220 0.062220