0 0.941044 0.953111 0.061130 0.061130
0 0.874137 0.813440 0.104277 0.104277
0 0.935963 0.722392 0.071945 0.071945
0 0.841815 0.915009 0.052757 0.052757
0 0.879846 0.585493 0.104277 0.104277
0 0.386011 0.868106 0.052757 0.052757
0 0.335660 0.361427 0.062220 0.062220
0 0.749909 0.757949 0.062220 0.062220
0 0.660744 0.943108 0.104277 0.104277
0 0.260217 0.588643 0.052757 0.052757
0 0.918722 0.879648 0.061131 0.061131
0 0.282545 0.235812 0.057103 0.057103
0 0.951856 0.631989 0.057104 0.057104
0 0.451598 0.483103 0.071945 0.071945
0 0.498846 0.545542 0.061130 0.061130
0 0.053891 0.281457 0.052757 0.052757
0 0.676980 0.669497 0.052757 0.052757
0 0.979098 0.458903 0.057104 0.057104
0 0.975945 0.298078 0.052757 0.052757
0 0.801968 0.285381 0.061131 0.061131
0 0.430365 0.758582 0.057104 0.057104
0 0.744180 0.605406 0.052757 0.052757
0 0.517296 0.754839 0.057104 0.057104
0 0.740148 0.881358 0.071945 0.071945
0 0.737094 0.206688 0.062220 0.062220
0 0.849243 0.687689 0.071945 0.071945
0 0.214665 0.057950 0.104277 0.104277
0 0.198707 0.500137 0.071945 0.071945
0 0.128462 0.493052 0.057104 0.057104
0 0.396515 0.659044 0.057104 0.057104
0 0.425115 0.141133 0.057104 0.057104
0 0.811367 0.847807 0.057104 0.057104
0 0.543704 0.423235 0.061130 0.061130
0 0.345138 0.183568 0.052757 0.052757
0 0.131994 0.826812 0.071945 0.071945
0 0.098313 0.206910 0.062220 0.062220
0 0.834473 0.036106 0.071945 0.071945
0 0.815841 0.487525 0.104277 0.104277
0 0.577446 0.968458 0.061130 0.061130
0 0.548520 0.896723 0.061130 0.061130
0 0.427533 0.235633 0.057104 0.057104
0 0.329638 0.622996 0.104277 0.104277
0 0.193678 0.401174 0.057104 0.057104
0 0.435394 0.402921 0.057104 0.057104
0 0.101033 0.578303 0.057104 0.057104
0 0.475923 0.064962 0.052757 0.052757
0 0.547114 0.134043 0.104277 0.104277
0 0.303960 0.517258 0.104277 0.104277
0 0.588003 0.634661 0.052757 0.052757
0 0.319053 0.709558 0.104277 0.104277
0 0.143163 0.908510 0.071945 0.071945
0 0.108517 0.410557 0.052757 0.052757
0 0.848281 0.170520 0.061131 0.061131
0 0.303218 0.422527 0.052757 0.052757
0 0.120129 0.341848 0.061130 0.061130
0 0.262450 0.859641 0.052757 0.052757
0 0.488582 0.336020 0.104277 0.104277
0 0.756666 0.958840 0.052757 0.052757
0 0.094414 0.990735 0.052757 0.052757
0 0.623891 0.219217 0.061130 0.061130
0 0.359804 0.073648 0.057104 0.057104
0 0.189083 0.256666 0.071945 0.071945
0 0.706377 0.117005 0.104277 0.104277
0 0.027097 0.669289 0.061130 0.061130
0 0.919258 0.001465 0.062220 0.062220
0 0.937820 0.240899 0.057104 0.057104
0 0.469025 0.832327 0.071945 0.071945
0 0.393970 0.585297 0.062220 0.062220
0 0.018191 0.863168 0.061130 0.061130
0 0.708302 0.524994 0.052757 0.052757
0 0.701069 0.295331 0.062220 0.062220
0 0.354902 0.790994 0.104277 0.104277
0 0.504246 0.209741 0.061130 0.061130
0 0.665834 0.358949 0.104278 0.104278
0 0.748751 0.025969 0.061131 0.061131
0 0.478570 0.969535 0.061130 0.061130
0 0.054172 0.933994 0.062220 0.062220
0 0.046280 0.369993 0.061130 0.061130
0 0.012892 0.207179 0.062220 0.062220
0 0.915977 0.423120 0.062220 0.062220
0 0.190710 0.605789 0.057104 0.057104
0 0.501218 0.614696 0.057104 0.057104
0 0.722852 0.424860 0.062220 0.062220
0 0.601409 0.539436 0.057104 0.057104
0 0.337839 0.972660 0.071945 0.071945
0 0.190474 0.683898 0.061130 0.061130
0 0.120311 0.671177 0.062220 0.062220
0 0.967438 0.173947 0.052757 0.052757
0 0.465326 0.689161 0.048997 0.048997
0 0.754772 0.357231 0.071945 0.071945
0 0.036297 0.129244 0.057104 0.057104
0 0.668352 0.593792 0.062220 0.062220
0 0.998403 0.017104 0.057104 0.057104
0 0.565685 0.011997 0.061130 0.061130
0 0.401995 0.320343 0.057104 0.057104
0 0.600411 0.317029 0.104277 0.104277
0 0.276753 0.310692 0.104277 0.104277
0 0.932206 0.090790 0.057104 0.057104
0 0.664334 0.835153 0.062220 0.062220
0 0.794973 0.414157 0.052757 0.052757
0 0.606444 0.084910 0.061130 0.061130
0 0.667911 0.745342 0.061131 0.061131
0 0.783425 0.126931 0.071945 0.071945
0 0.088872 0.755717 0.071945 0.071945
0 0.300880 0.115769 0.062220 0.062220
0 0.651890 0.023720 0.071945 0.071945
0 0.242685 0.783538 0.104277 0.104277
0 0.008811 0.748641 0.071945 0.071945
0 0.082150 0.038925 0.104277 0.104277
0 0.200691 0.174624 0.052757 0.052757
0 0.383127 0.507405 0.057104 0.057104
0 0.147942 0.100081 0.062220 0.062220
0 0.595419 0.842147 0.071945 0.071945
0 0.883782 0.300540 0.061131 0.061131