0 0.893505 0.491117 0.071945 0.071945
0 0.688682 0.994536 0.104277 0.104277
0 0.878784 0.959064 0.104277 0.104277
0 0.792239 0.605394 0.062220 0.062220
0 0.925217 0.603341 0.057104 0.057104
0 0.958028 0.528649 0.052757 0.052757
0 0.841814 0.868821 0.057104 0.057104
0 0.769974 0.720304 0.104277 0.104277
0 0.755168 0.910780 0.061131 0.061131
0 0.055495 0.260323 0.062220 0.062220
0 0.994706 0.162006 0.061130 0.061130
0 0.604493 0.038462 0.052757 0.052757
0 0.764976 0.534687 0.052757 0.052757
0 0.638384 0.834313 0.071945 0.071945
0 0.855393 0.734592 0.062220 0.062220
0 0.913550 0.855843 0.071945 0.071945
0 0.009569 0.319165 0.062220 0.062220
0 0.995347 0.626384 0.071945 0.071945
0 0.156143 0.296177 0.070161 0.070161
0 0.857135 0.554997 0.071945 0.071945
0 0.037350 0.723502 0.057104 0.057104
0 0.287094 0.944188 0.062220 0.062220
0 0.426057 0.387374 0.071945 0.071945
0 0.707456 0.294750 0.061130 0.061130
0 0.523716 0.074752 0.062220 0.062220
0 0.241850 0.325930 0.062220 0.062220
0 0.696169 0.658122 0.071945 0.071945
0 0.258978 0.628222 0.061131 0.061131
0 0.546618 0.539273 0.061130 0.061130
0 0.571631 0.658148 0.104277 0.104277
0 0.278421 0.389766 0.104277 0.104277
0 0.453616 0.042157 0.052757 0.052757
0 0.192880 0.235401 0.061130 0.061130
0 0.322390 0.524692 0.071945 0.071945
0 0.695547 0.789825 0.104277 0.104277
0 0.987635 0.733525 0.104278 0.104278
0 0.580001 0.211594 0.061130 0.061130
0 0.008279 0.639929 0.104277 0.104277
0 0.676555 0.190695 0.057104 0.057104
0 0.386606 0.121206 0.071945 0.071945
0 0.173441 0.458993 0.104277 0.104277
0 0.936986 0.303029 0.057104 0.057104
0 0.274305 0.203590 0.057104 0.057104
0 0.275061 0.006446 0.061131 0.061131
0 0.384473 0.773606 0.071945 0.071945
0 0.739667 0.138647 0.062220 0.062220
0 0.244777 0.105721 0.071945 0.071945
0 0.134232 0.165903 0.071945 0.071945
0 0.025923 0.802462 0.052757 0.052757
0 0.097114 0.871543 0.104277 0.104277
0 0.065671 0.440654 0.062220 0.062220
0 0.398281 0.908020 0.061131 0.061131
0 0.173891 0.956717 0.061130 0.061130
0 0.256377 0.854505 0.104277 0.104277
0 0.792140 0.395967 0.062220 0.062220
0 0.371896 0.023735 0.052757 0.052757
0 0.755715 0.457534 0.062220 0.062220
0 0.307725 0.269229 0.062220 0.062220
0 0.469258 0.738965 0.062220 0.062220
0 0.161302 0.691868 0.062220 0.062220
0 0.487820 0.978399 0.057104 0.057104
0 0.577410 0.128882 0.061131 0.061131
0 0.051471 0.156068 0.052757 0.052757
0 0.352289 0.453167 0.061131 0.061131
0 0.968190 0.080282 0.104278 0.104278
0 0.256133 0.490485 0.061131 0.061131
0 0.524674 0.264689 0.071945 0.071945
0 0.129088 0.066285 0.057104 0.057104
0 0.611306 0.937023 0.071945 0.071945
0 0.054246 0.947241 0.061130 0.061130
0 0.219117 0.568648 0.052757 0.052757
0 0.298751 0.763469 0.061131 0.061131
0 0.717867 0.384681 0.052757 0.052757
0 0.516305 0.461011 0.057104 0.057104
0 0.124084 0.368681 0.052757 0.052757
0 0.817408 0.128074 0.052757 0.052757
0 0.371230 0.302344 0.071945 0.071945
0 0.910018 0.785687 0.057104 0.057104
0 0.634216 0.278219 0.052757 0.052757
0 0.767388 0.809573 0.052757 0.052757
0 0.452404 0.164347 0.071945 0.071945
0 0.885261 0.069552 0.062220 0.062220
0 0.097168 0.594063 0.104277 0.104277
0 0.517438 0.911447 0.052757 0.052757
0 0.654149 0.475587 0.071945 0.071945
0 0.002737 0.398629 0.057104 0.057104
0 0.556111 0.390158 0.062220 0.062220
0 0.754827 0.030333 0.071945 0.071945
0 0.887566 0.185589 0.052559 0.052559
0 0.548403 0.754604 0.057104 0.057104
0 0.115685 0.749497 0.061130 0.061130
0 0.382810 0.225394 0.071945 0.071945
0 0.930240 0.421946 0.062220 0.062220
0 0.482206 0.828290 0.057104 0.057104
0 0.388055 0.576311 0.104277 0.104277
0 0.156444 0.822410 0.061130 0.061130
0 0.454397 0.645748 0.052757 0.052757
0 0.333425 0.864431 0.071945 0.071945
0 0.623067 0.413750 0.104277 0.104277
0 0.461552 0.511292 0.071945 0.071945
0 0.475525 0.321306 0.104277 0.104277
0 0.099351 0.506912 0.057104 0.057104
0 0.201890 0.761220 0.071945 0.071945
0 0.206457 0.166955 0.057103 0.057103
0 0.834492 0.265395 0.071945 0.071945
0 0.990369 0.456174 0.104278 0.104278
0 0.678308 0.574492 0.104277 0.104277
0 0.735085 0.229185 0.052757 0.052757
0 0.341954 0.635448 0.052757 0.052757
0 0.636389 0.752602 0.062220 0.062220
0 0.687781 0.078527 0.061131 0.061131