0 0.477370 0.307198 0.062220 0.062220
0 0.226362 0.610231 0.104277 0.104277
0 0.431444 0.366040 0.062220 0.062220
0 0.578018 0.343052 0.070161 0.070161
0 0.080104 0.013713 0.062220 0.062220
0 0.208738 0.334664 0.104278 0.104278
0 0.931392 0.001645 0.062220 0.062220
0 0.459225 0.770377 0.057104 0.057104
0 0.328131 0.006071 0.057104 0.057104
0 0.708969 0.991063 0.062220 0.062220
0 0.186540 0.842325 0.104277 0.104277
0 0.847932 0.434249 0.071945 0.071945
0 0.945591 0.121627 0.062220 0.062220
0 0.367419 0.314176 0.071945 0.071945
0 0.663725 0.372805 0.062220 0.062220
0 0.680853 0.675097 0.061131 0.061131
0 0.968493 0.586148 0.061130 0.061130
0 0.341839 0.082756 0.062220 0.062220
0 0.993506 0.705023 0.104277 0.104277
0 0.700296 0.436641 0.104277 0.104277
0 0.875491 0.089032 0.052757 0.052757
0 0.108834 0.372243 0.071945 0.071945
0 0.614755 0.282276 0.061130 0.061130
0 0.205937 0.706474 0.057104 0.057104
0 0.327640 0.165517 0.071945 0.071945
0 0.396990 0.925508 0.057104 0.057104
0 0.154507 0.655343 0.104277 0.104277
0 0.744265 0.571567 0.071945 0.071945
0 0.261944 0.104518 0.104277 0.104277
0 0.078185 0.180298 0.104277 0.104277
0 0.205406 0.216955 0.057104 0.057104
0 0.197489 0.080254 0.071945 0.071945
0 0.430154 0.686804 0.104277 0.104277
0 0.808481 0.168081 0.071945 0.071945
0 0.414352 0.036510 0.071945 0.071945
0 0.317013 0.967943 0.052757 0.052757
0 0.120868 0.524291 0.052757 0.052757
0 0.595316 0.505868 0.104277 0.104277
0 0.696180 0.250465 0.057104 0.057104
0 0.387929 0.507652 0.062220 0.062220
0 0.696936 0.053321 0.061131 0.061131
0 0.070188 0.991285 0.062220 0.062220
0 0.806348 0.820481 0.071945 0.071945
0 0.242254 0.770973 0.057104 0.057104
0 0.666652 0.152596 0.071945 0.071945
0 0.556107 0.212778 0.071945 0.071945
0 0.447798 0.849337 0.052757 0.052757
0 0.518989 0.918418 0.104277 0.104277
0 0.487546 0.487529 0.062220 0.062220
0 0.417749 0.147832 0.052757 0.052757
0 0.820156 0.954895 0.061131 0.061131
0 0.295071 0.410656 0.071945 0.071945
0 0.285737 0.646440 0.052757 0.052757
0 0.331679 0.858023 0.057104 0.057104
0 0.678252 0.901380 0.104277 0.104277
0 0.793771 0.070610 0.052757 0.052757
0 0.729600 0.316104 0.062220 0.062220
0 0.891133 0.785840 0.062220 0.062220
0 0.583177 0.738743 0.062220 0.062220
0 0.999285 0.175757 0.061131 0.061131
0 0.143757 0.782191 0.052757 0.052757
0 0.473346 0.202943 0.052757 0.052757
0 0.774164 0.500042 0.061131 0.061131
0 0.527029 0.031907 0.071945 0.071945
0 0.064662 0.473750 0.071945 0.071945
0 0.678008 0.537360 0.061131 0.061131
0 0.026576 0.253110 0.104277 0.104277
0 0.946549 0.311564 0.071945 0.071945
0 0.858014 0.008825 0.062220 0.062220
0 0.550963 0.113160 0.057104 0.057104
0 0.476121 0.994116 0.061130 0.061130
0 0.003649 0.646402 0.057104 0.057104
0 0.167473 0.155854 0.062220 0.062220
0 0.640992 0.615523 0.052757 0.052757
0 0.720626 0.810344 0.061131 0.061131
0 0.938180 0.507886 0.057104 0.057104
0 0.545959 0.415556 0.052757 0.052757
0 0.793105 0.349219 0.071945 0.071945
0 0.874279 0.211222 0.071945 0.071945
0 0.519043 0.640938 0.104277 0.104277
0 0.297561 0.720925 0.061130 0.061130
0 0.241412 0.540841 0.104277 0.104277
0 0.204113 0.411741 0.052757 0.052757
0 0.939313 0.958322 0.052757 0.052757
0 0.008172 0.913619 0.057104 0.057104
0 0.424612 0.445504 0.057104 0.057104
0 0.977986 0.437033 0.062220 0.062220
0 0.306997 0.569930 0.071945 0.071945
0 0.383141 0.210367 0.104277 0.104277
0 0.970278 0.801479 0.057104 0.057104
0 0.537560 0.796372 0.061130 0.061130
0 0.804685 0.272269 0.071945 0.071945
0 0.301134 0.332434 0.056505 0.056505
0 0.904081 0.875165 0.057104 0.057104
0 0.809930 0.623186 0.104277 0.104277
0 0.578319 0.869285 0.061130 0.061130
0 0.876272 0.692623 0.052757 0.052757
0 0.755300 0.911306 0.071945 0.071945
0 0.883427 0.558167 0.071945 0.071945
0 0.897400 0.368181 0.104277 0.104277
0 0.521226 0.553787 0.057104 0.057104
0 0.295431 0.263745 0.061130 0.061130
0 0.272755 0.900144 0.062220 0.062220
0 0.623765 0.808095 0.071945 0.071945
0 0.628332 0.213830 0.057103 0.057103
0 0.371948 0.595086 0.057104 0.057104
0 0.094985 0.287547 0.062220 0.062220
0 0.054025 0.823300 0.104277 0.104277
0 0.032248 0.407966 0.057104 0.057104
0 0.172566 0.958999 0.052757 0.052757
0 0.059427 0.703595 0.057104 0.057104
0 0.112261 0.074797 0.061130 0.061130
0 0.781049 0.000174 0.057104 0.057104
0 0.119817 0.884456 0.062220 0.062220
0 0.763829 0.682323 0.052757 0.052757