0 0.554920 0.411351 0.062220 0.062220
0 0.900558 0.750979 0.062220 0.062220
0 0.862332 0.556955 0.062220 0.062220
0 0.638234 0.864593 0.057103 0.057103
0 0.888312 0.200321 0.052757 0.052757
0 0.900004 0.286870 0.104277 0.104277
0 0.658906 0.611242 0.052757 0.052757
0 0.497249 0.466233 0.071945 0.071945
0 0.618097 0.695912 0.062220 0.062220
0 0.523130 0.888894 0.071945 0.071945
0 0.879737 0.112900 0.104277 0.104277
0 0.962094 0.044698 0.104277 0.104277
0 0.886261 0.013758 0.061130 0.061130
0 0.548049 0.726548 0.104277 0.104277
0 0.351671 0.499359 0.061130 0.061130
0 0.628537 0.417413 0.061130 0.061130
0 0.608953 0.329530 0.052757 0.052757
0 0.400099 0.795711 0.104278 0.104278
0 0.797978 0.910476 0.062220 0.062220
0 0.769755 0.330357 0.061130 0.061130
0 0.850599 0.455815 0.062220 0.062220
0 0.465789 0.041049 0.061130 0.061130
0 0.268260 0.159661 0.104278 0.104278
0 0.955808 0.893771 0.071945 0.071945
0 0.892488 0.364025 0.057104 0.057104
0 0.657824 0.793156 0.061130 0.061130
0 0.710286 0.565468 0.062220 0.062220
0 0.808684 0.151680 0.052757 0.052757
0 0.908405 0.821781 0.057104 0.057104
0 0.417273 0.598946 0.062220 0.062220
0 0.929034 0.499468 0.057104 0.057104
0 0.741109 0.411569 0.061130 0.061130
0 0.872249 0.901434 0.052757 0.052757
0 0.950855 0.123848 0.061130 0.061130
0 0.625686 0.054399 0.104278 0.104278
0 0.692535 0.032790 0.052757 0.052757
0 0.706339 0.672600 0.062220 0.062220
0 0.333644 0.211867 0.062220 0.062220
0 0.831554 0.792795 0.050891 0.050891
0 0.484976 0.299091 0.062220 0.062220
0 0.557380 0.808230 0.104277 0.104277
0 0.701996 0.287814 0.057104 0.057104
0 0.995424 0.685101 0.062220 0.062220
0 0.492150 0.631097 0.062220 0.062220
0 0.716574 0.871817 0.052757 0.052757
0 0.764205 0.717941 0.062220 0.062220
0 0.859964 0.683860 0.104277 0.104277
0 0.658414 0.155283 0.057104 0.057104
0 0.367412 0.392973 0.104278 0.104278
0 0.585689 0.121663 0.071945 0.071945
0 0.486050 0.386437 0.052757 0.052757
0 0.395233 0.902564 0.071945 0.071945
0 0.304621 0.908239 0.052757 0.052757
0 0.454848 0.856336 0.057104 0.057104
0 0.524274 0.201229 0.052757 0.052757
0 0.716570 0.197121 0.071945 0.071945
0 0.242598 0.229703 0.104277 0.104277
0 0.418953 0.440955 0.057104 0.057104
0 0.452531 0.109633 0.057104 0.057104
0 0.733152 0.790750 0.062220 0.062220
0 0.423028 0.187455 0.104277 0.104277
0 0.384155 0.306980 0.104277 0.104277
0 0.374609 0.088015 0.071945 0.071945
0 0.274308 0.831786 0.104277 0.104277
0 0.811132 0.615880 0.104277 0.104277
0 0.248778 0.029256 0.057104 0.057104
0 0.384429 0.716639 0.061131 0.061131
0 0.265565 0.711697 0.057104 0.057104
0 0.596099 0.232014 0.052757 0.052757
0 0.244724 0.639780 0.062220 0.062220
0 0.457766 0.731734 0.057104 0.057104
0 0.578374 0.524582 0.057104 0.057104
0 0.299136 0.432969 0.062220 0.062220
0 0.299310 0.360534 0.057104 0.057104
0 0.969182 0.615936 0.052757 0.052757
0 0.291538 0.085734 0.052757 0.052757
0 0.674335 0.500666 0.104277 0.104277
0 0.334313 0.624508 0.057104 0.057104
0 0.783167 0.050398 0.104277 0.104277
0 0.556718 0.045670 0.052757 0.052757
0 0.322964 0.768515 0.061130 0.061130
0 0.822451 0.220658 0.104277 0.104277
0 0.247053 0.508690 0.057104 0.057104