0 0.206808 0.900979 0.062220 0.062220
0 0.168582 0.706955 0.062220 0.062220
0 0.657970 0.423782 0.071945 0.071945
0 0.933091 0.391761 0.071945 0.071945
0 0.459583 0.269127 0.104277 0.104277
0 0.965219 0.507131 0.052757 0.052757
0 0.666654 0.794114 0.061130 0.061130
0 0.702368 0.180099 0.061130 0.061130
0 0.194562 0.350321 0.052757 0.052757
0 0.728781 0.902206 0.104277 0.104277
0 0.206254 0.436870 0.104277 0.104277
0 0.552718 0.690495 0.104277 0.104277
0 0.511579 0.812106 0.104277 0.104277
0 0.398095 0.854080 0.071945 0.071945
0 0.875312 0.141975 0.071945 0.071945
0 0.442436 0.114037 0.052757 0.052757
0 0.556119 0.443237 0.062220 0.062220
0 0.185987 0.262900 0.104277 0.104277
0 0.518743 0.189172 0.071945 0.071945
0 0.268344 0.194698 0.104277 0.104277
0 0.985534 0.753415 0.104277 0.104277
0 0.192511 0.163758 0.061130 0.061130
0 0.581472 0.615495 0.057104 0.057104
0 0.099582 0.061715 0.104277 0.104277
0 0.654159 0.014729 0.104277 0.104277
0 0.954020 0.260833 0.104277 0.104277
0 0.591596 0.970105 0.062220 0.062220
0 0.649819 0.597931 0.104277 0.104277
0 0.807481 0.895123 0.062220 0.062220
0 0.535172 0.538993 0.061130 0.061130
0 0.414477 0.580867 0.057104 0.057104
0 0.319452 0.340753 0.104277 0.104277
0 0.076005 0.480357 0.061130 0.061130
0 0.156849 0.605815 0.062220 0.062220
0 0.810211 0.500193 0.052757 0.052757
0 0.957219 0.131115 0.062220 0.062220
0 0.351993 0.687625 0.057104 0.057104
0 0.467969 0.717716 0.104277 0.104277
0 0.198738 0.514025 0.057104 0.057104
0 0.928954 0.887943 0.062220 0.062220
0 0.777428 0.687061 0.071945 0.071945
0 0.407406 0.927045 0.071945 0.071945
0 0.016536 0.715468 0.062220 0.062220
0 0.114934 0.301680 0.052757 0.052757
0 0.987432 0.602070 0.102474 0.102474
0 0.214655 0.971781 0.057104 0.057104
0 0.596616 0.265461 0.052757 0.052757
0 0.881768 0.594245 0.104277 0.104277
0 0.235284 0.649468 0.057104 0.057104
0 0.406640 0.188216 0.104277 0.104277
0 0.353937 0.049862 0.057104 0.057104
0 0.559274 0.131466 0.052757 0.052757
0 0.047359 0.561569 0.061130 0.061130
0 0.890592 0.328037 0.062220 0.062220
0 0.734279 0.403587 0.061131 0.061131
0 0.257105 0.273848 0.061130 0.061130
0 0.692672 0.332038 0.071945 0.071945
0 0.480873 0.450587 0.062220 0.062220
0 0.722111 0.065891 0.061130 0.061130
0 0.695818 0.654898 0.057104 0.057104
0 0.012589 0.822600 0.062220 0.062220
0 0.433514 0.791437 0.057104 0.057104
0 0.508540 0.608425 0.104277 0.104277
0 0.137804 0.942795 0.050891 0.050891
0 0.008246 0.437814 0.057104 0.057104
0 0.301674 0.835101 0.062220 0.062220
0 0.377201 0.302208 0.071945 0.071945
0 0.836422 0.960876 0.062220 0.062220
0 0.811502 0.409309 0.052757 0.052757
0 0.070455 0.867941 0.062220 0.062220
0 0.166214 0.833860 0.104277 0.104277
0 0.521048 0.368847 0.061130 0.061130
0 0.178947 0.091352 0.052757 0.052757
0 0.329121 0.127637 0.057104 0.057104
0 0.794611 0.616419 0.062220 0.062220
0 0.328062 0.963038 0.061130 0.061130
0 0.739034 0.796178 0.104277 0.104277
0 0.331586 0.558156 0.062220 0.062220
0 0.308931 0.412012 0.071945 0.071945
0 0.466485 0.878190 0.062220 0.062220
0 0.022820 0.347121 0.071945 0.071945
0 0.039402 0.940750 0.062220 0.062220
0 0.923016 0.985844 0.052757 0.052757
0 0.533941 0.062776 0.104277 0.104277
0 0.567127 0.759831 0.062220 0.062220
0 0.889128 0.223070 0.052757 0.052757
0 0.441340 0.649178 0.071945 0.071945
0 0.801175 0.274934 0.052757 0.052757
0 0.742651 0.971738 0.061131 0.061131
0 0.620712 0.341321 0.057104 0.057104
0 0.117382 0.765880 0.104277 0.104277
0 0.996822 0.072737 0.057104 0.057104
0 0.717976 0.721900 0.104277 0.104277
0 0.992092 0.859011 0.052757 0.052757
0 0.888197 0.501370 0.055027 0.055027
0 0.678888 0.530283 0.062220 0.062220
0 0.534255 0.296311 0.050559 0.050559
0 0.828477 0.794446 0.052757 0.052757
0 0.663394 0.239090 0.061130 0.061130
0 0.792665 0.059462 0.071945 0.071945
0 0.348657 0.770658 0.052757 0.052757
0 0.634878 0.687246 0.071945 0.071945
0 0.435897 0.031867 0.061131 0.061131
0 0.503407 0.958303 0.061131 0.061131
0 0.283004 0.073192 0.104277 0.104277
0 0.791465 0.154015 0.071945 0.071945
0 0.750927 0.543093 0.104277 0.104277
0 0.914937 0.687350 0.061130 0.061130
0 0.593428 0.887356 0.104277 0.104277
0 0.275432 0.765936 0.052757 0.052757
0 0.188902 0.012948 0.061130 0.061130
0 0.309104 0.631322 0.061130 0.061130
0 0.089417 0.200398 0.104277 0.104277
0 0.904374 0.062590 0.104277 0.104277
0 0.628817 0.106079 0.104277 0.104277
0 0.393310 0.425993 0.052757 0.052757
0 0.128701 0.370658 0.104277 0.104277