0 0.962717 0.436977 0.104277 0.104277
0 0.919169 0.224986 0.061130 0.061130
0 0.635177 0.644505 0.104278 0.104278
0 0.852262 0.085315 0.104277 0.104277
0 0.819940 0.186884 0.052757 0.052757
0 0.753321 0.805853 0.052757 0.052757
0 0.933618 0.992599 0.061130 0.061130
0 0.364136 0.139981 0.052757 0.052757
0 0.277854 0.796828 0.061130 0.061130
0 0.652615 0.755310 0.052757 0.052757
0 0.673686 0.926537 0.052757 0.052757
0 0.956841 0.351792 0.057104 0.057104
0 0.728034 0.029824 0.062220 0.062220
0 0.992703 0.538428 0.051819 0.051819
0 0.423761 0.976258 0.061130 0.061130
0 0.287822 0.561162 0.057104 0.057104
0 0.638869 0.214983 0.104277 0.104277
0 0.896847 0.151523 0.061131 0.061131
0 0.330832 0.874215 0.104277 0.104277
0 0.363681 0.347811 0.057104 0.057104
0 0.885409 0.827229 0.104277 0.104277
0 0.981063 0.112018 0.052757 0.052757
0 0.585023 0.555943 0.052757 0.052757
0 0.129318 0.646537 0.104277 0.104277
0 0.049749 0.715461 0.052757 0.052757
0 0.408490 0.030457 0.057104 0.057104
0 0.983505 0.200600 0.057104 0.057104
0 0.272704 0.715698 0.104277 0.104277
0 0.495421 0.026714 0.057104 0.057104
0 0.718273 0.153233 0.071945 0.071945
0 0.770152 0.548188 0.052757 0.052757
0 0.208659 0.797755 0.052757 0.052757
0 0.585187 0.862362 0.057104 0.057104
0 0.790524 0.943966 0.052757 0.052757
0 0.984999 0.695401 0.054783 0.054783
0 0.953101 0.807567 0.071945 0.071945
0 0.953361 0.878391 0.061130 0.061130
0 0.736225 0.468819 0.071945 0.071945
0 0.230035 0.995290 0.052757 0.052757
0 0.509902 0.674416 0.061130 0.061130
0 0.401255 0.573258 0.071945 0.071945
0 0.567904 0.788954 0.052757 0.052757
0 0.833381 0.704069 0.057104 0.057104
0 0.789492 0.119682 0.057104 0.057104
0 0.111088 0.454762 0.061130 0.061130
0 0.410003 0.296444 0.071945 0.071945
0 0.390159 0.741551 0.061130 0.061130
0 0.360828 0.657886 0.062220 0.062220
0 0.504598 0.509072 0.062220 0.062220
0 0.620259 0.338072 0.061130 0.061130
0 0.847576 0.582195 0.052757 0.052757
0 0.410197 0.903852 0.052757 0.052757
0 0.560371 0.940137 0.057104 0.057104
0 0.110119 0.098687 0.071945 0.071945
0 0.063956 0.604540 0.104277 0.104277
0 0.555571 0.240333 0.061130 0.061130
0 0.526645 0.168598 0.061130 0.061130
0 0.705325 0.294868 0.104277 0.104277
0 0.868730 0.392741 0.071945 0.071945
0 0.559025 0.446459 0.061130 0.061130
0 0.121288 0.180385 0.071945 0.071945
0 0.659118 0.538995 0.057104 0.057104
0 0.551267 0.362777 0.104277 0.104277
0 0.758719 0.616611 0.062220 0.062220
0 0.755886 0.343405 0.104277 0.104277
0 0.240575 0.131516 0.052757 0.052757
0 0.734791 0.230715 0.052757 0.052757
0 0.072539 0.262610 0.052757 0.052757
0 0.765191 0.875276 0.104277 0.104277
0 0.447150 0.104202 0.071945 0.071945
0 0.501478 0.751051 0.104277 0.104277
0 0.462124 0.605072 0.071945 0.071945
0 0.004266 0.456198 0.104277 0.104277
0 0.705022 0.672700 0.104277 0.104277
0 0.333027 0.062869 0.104277 0.104277
0 0.859855 0.476657 0.057104 0.057104
0 0.203190 0.669139 0.071945 0.071945
0 0.343062 0.513236 0.050932 0.050932
0 0.479798 0.334350 0.052757 0.052757
0 0.245935 0.281241 0.071945 0.071945
0 0.456695 0.241410 0.061130 0.061130
0 0.032297 0.205869 0.062220 0.062220
0 0.815724 0.299465 0.052757 0.052757
0 0.670030 0.450912 0.057104 0.057104
0 0.203519 0.567872 0.071945 0.071945
0 0.111156 0.331043 0.104277 0.104277
0 0.453599 0.401376 0.061130 0.061130
0 0.315964 0.244535 0.071945 0.071945
0 0.076487 0.932154 0.104277 0.104277
0 0.126630 0.776389 0.104277 0.104277
0 0.667147 0.844367 0.061131 0.061131
0 0.514254 0.885692 0.104277 0.104277
0 0.117136 0.552691 0.052757 0.052757
0 0.642459 0.107028 0.062220 0.062220
0 0.971440 0.627447 0.052757 0.052757
0 0.898877 0.661674 0.104277 0.104277
0 0.414391 0.498061 0.062220 0.062220
0 0.210146 0.475965 0.062220 0.062220
0 0.032303 0.851166 0.052757 0.052757
0 0.646036 0.017217 0.061131 0.061131
0 0.001192 0.923802 0.061130 0.061130
0 0.066997 0.027592 0.071945 0.071945
0 0.220810 0.055413 0.104277 0.104277
0 0.124535 0.866752 0.062220 0.062220
0 0.191045 0.901794 0.071945 0.071945
0 0.589159 0.714419 0.071945 0.071945
0 0.420152 0.825448 0.061130 0.061130
0 0.059914 0.385970 0.071945 0.071945
0 0.829360 0.780639 0.071945 0.071945
0 0.154999 0.390939 0.047555 0.047555
0 0.289099 0.415735 0.052757 0.052757
0 0.860067 0.918579 0.104277 0.104277
0 0.573544 0.114022 0.071945 0.071945
0 0.284819 0.633840 0.071945 0.071945
0 0.369049 0.423616 0.071945 0.071945