0 0.942887 0.585315 0.104277 0.104277
0 0.910565 0.686884 0.052757 0.052757
0 0.948596 0.357368 0.104277 0.104277
0 0.454761 0.639981 0.052757 0.052757
0 0.404410 0.133302 0.062220 0.062220
0 0.818659 0.529824 0.062220 0.062220
0 0.729494 0.714983 0.104277 0.104277
0 0.328967 0.360518 0.052757 0.052757
0 0.987472 0.651523 0.061131 0.061131
0 0.351295 0.007687 0.057103 0.057103
0 0.454306 0.847811 0.057104 0.057104
0 0.520348 0.254978 0.071945 0.071945
0 0.567596 0.317417 0.061130 0.061130
0 0.122641 0.053332 0.052757 0.052757
0 0.745730 0.441372 0.052757 0.052757
0 0.870718 0.057256 0.061131 0.061131
0 0.499115 0.530457 0.057104 0.057104
0 0.812930 0.377281 0.052757 0.052757
0 0.586046 0.526714 0.057104 0.057104
0 0.808898 0.653233 0.071945 0.071945
0 0.917993 0.459564 0.071945 0.071945
0 0.267457 0.272012 0.071945 0.071945
0 0.197212 0.264927 0.057104 0.057104
0 0.465265 0.430919 0.057104 0.057104
0 0.826850 0.968819 0.071945 0.071945
0 0.880117 0.619682 0.057104 0.057104
0 0.011889 0.772133 0.071945 0.071945
0 0.201713 0.954762 0.061130 0.061130
0 0.004955 0.701677 0.071945 0.071945
0 0.612454 0.195110 0.061130 0.061130
0 0.500628 0.796444 0.071945 0.071945
0 0.710884 0.838072 0.061130 0.061130
0 0.200744 0.598687 0.071945 0.071945
0 0.884591 0.259400 0.104277 0.104277
0 0.646196 0.740333 0.061130 0.061130
0 0.617270 0.668598 0.061130 0.061130
0 0.496283 0.007508 0.057104 0.057104
0 0.398388 0.394871 0.104277 0.104277
0 0.262428 0.173049 0.057104 0.057104
0 0.504144 0.174796 0.057104 0.057104
0 0.169783 0.350178 0.057104 0.057104
0 0.795950 0.794868 0.104277 0.104277
0 0.959355 0.892741 0.071945 0.071945
0 0.372710 0.289133 0.104277 0.104277
0 0.656753 0.406536 0.052757 0.052757
0 0.649650 0.946459 0.061130 0.061130
0 0.387803 0.481433 0.104277 0.104277
0 0.211913 0.680385 0.071945 0.071945
0 0.641892 0.862777 0.104277 0.104277
0 0.177267 0.182432 0.052757 0.052757
0 0.371968 0.194402 0.052757 0.052757
0 0.846511 0.843405 0.104277 0.104277
0 0.188879 0.113723 0.061130 0.061130
0 0.331200 0.631516 0.052757 0.052757
0 0.557332 0.107895 0.104277 0.104277
0 0.825416 0.730715 0.052757 0.052757
0 0.163164 0.762610 0.052757 0.052757
0 0.257833 0.028541 0.071945 0.071945
0 0.095847 0.441164 0.061130 0.061130
0 0.537775 0.604202 0.071945 0.071945
0 0.462720 0.357172 0.062220 0.062220
0 0.086941 0.635043 0.061130 0.061130
0 0.094891 0.956198 0.104277 0.104277
0 0.777052 0.296869 0.052757 0.052757
0 0.769819 0.067206 0.062220 0.062220
0 0.423652 0.562869 0.104277 0.104277
0 0.950480 0.976657 0.057104 0.057104
0 0.570423 0.834350 0.052757 0.052757
0 0.045798 0.867068 0.057104 0.057104
0 0.734584 0.130824 0.104278 0.104278
0 0.336560 0.781241 0.071945 0.071945
0 0.547320 0.741410 0.061130 0.061130
0 0.122922 0.705869 0.062220 0.062220
0 0.906349 0.799465 0.052757 0.052757
0 0.115030 0.141868 0.061130 0.061130
0 0.760655 0.950912 0.057104 0.057104
0 0.984727 0.194995 0.062220 0.062220
0 0.259460 0.377664 0.057104 0.057104
0 0.569968 0.386571 0.057104 0.057104
0 0.061656 0.319838 0.104277 0.104277
0 0.201781 0.831043 0.104277 0.104277
0 0.791602 0.196735 0.062220 0.062220
0 0.670159 0.311311 0.057104 0.057104
0 0.544224 0.901376 0.061130 0.061130
0 0.406589 0.744535 0.071945 0.071945
0 0.259224 0.455773 0.061130 0.061130
0 0.189061 0.443052 0.062220 0.062220
0 0.534076 0.461036 0.048997 0.048997
0 0.823522 0.129106 0.071945 0.071945
0 0.737102 0.365667 0.062220 0.062220
0 0.000878 0.931785 0.062220 0.062220
0 0.470745 0.092218 0.057104 0.057104
0 0.669161 0.088904 0.104277 0.104277
0 0.345503 0.082567 0.104277 0.104277
0 0.733084 0.607028 0.062220 0.062220
0 0.863723 0.186032 0.052757 0.052757
0 0.505016 0.998061 0.062220 0.062220
0 0.300771 0.975965 0.062220 0.062220
0 0.736661 0.517217 0.061131 0.061131
0 0.157622 0.527592 0.071945 0.071945
0 0.311435 0.555413 0.104277 0.104277
0 0.077561 0.520516 0.071945 0.071945
0 0.067812 0.243375 0.061130 0.061130
0 0.150539 0.885970 0.071945 0.071945
0 0.245624 0.890939 0.047555 0.047555
0 0.379724 0.915735 0.052757 0.052757
0 0.451877 0.279280 0.057104 0.057104
0 0.664169 0.614022 0.071945 0.071945
0 0.459674 0.923616 0.071945 0.071945
0 0.035834 0.179565 0.062220 0.062220
0 0.952532 0.072415 0.061131 0.061131