0 0.222070 0.263759 0.104277 0.104277
0 0.924245 0.575948 0.062220 0.062220
0 0.673237 0.878981 0.104277 0.104277
0 0.878319 0.634790 0.062220 0.062220
0 0.526979 0.282463 0.062220 0.062220
0 0.655613 0.603414 0.104278 0.104278
0 0.775006 0.274821 0.057104 0.057104
0 0.322334 0.418021 0.062220 0.062220
0 0.814294 0.582926 0.071945 0.071945
0 0.788714 0.351506 0.062220 0.062220
0 0.335753 0.658298 0.104277 0.104277
0 0.296759 0.553292 0.071945 0.071945
0 0.555709 0.640993 0.071945 0.071945
0 0.221020 0.490752 0.057104 0.057104
0 0.652812 0.975224 0.057104 0.057104
0 0.774515 0.434267 0.071945 0.071945
0 0.311676 0.956187 0.062220 0.062220
0 0.601382 0.924093 0.104277 0.104277
0 0.708819 0.373268 0.104277 0.104277
0 0.525060 0.449048 0.104277 0.104277
0 0.652281 0.485705 0.057104 0.057104
0 0.644364 0.349004 0.071945 0.071945
0 0.877029 0.955554 0.104277 0.104277
0 0.861227 0.305260 0.071945 0.071945
0 0.567743 0.793041 0.052757 0.052757
0 0.834804 0.776402 0.062220 0.062220
0 0.420554 0.718619 0.062220 0.062220
0 0.442655 0.357753 0.104277 0.104277
0 0.216474 0.859130 0.052757 0.052757
0 0.934421 0.756279 0.062220 0.062220
0 0.366012 0.834510 0.061130 0.061130
0 0.253792 0.390223 0.071945 0.071945
0 0.864624 0.416582 0.052757 0.052757
0 0.741946 0.679406 0.071945 0.071945
0 0.732612 0.915190 0.052757 0.052757
0 0.217380 0.752918 0.104277 0.104277
0 0.240045 0.597184 0.052757 0.052757
0 0.375771 0.495599 0.104277 0.104277
0 0.446875 0.445188 0.057104 0.057104
0 0.433423 0.803101 0.061130 0.061130
0 0.302597 0.782359 0.061130 0.061130
0 0.920221 0.471693 0.052757 0.052757
0 0.973904 0.300657 0.071945 0.071945
0 0.511537 0.742500 0.071945 0.071945
0 0.473451 0.521860 0.104277 0.104277
0 0.997838 0.381910 0.057104 0.057104
0 0.369964 0.592989 0.057104 0.057104
0 0.450524 0.915152 0.057104 0.057104
0 0.614348 0.424604 0.062220 0.062220
0 0.684376 0.255184 0.104277 0.104277
0 0.992834 0.684306 0.052757 0.052757
0 0.248979 0.926294 0.061130 0.061130
0 0.269627 0.692401 0.104278 0.104278
0 0.965918 0.909688 0.104277 0.104277
0 0.744436 0.989675 0.061130 0.061130
0 0.688287 0.809591 0.104277 0.104277
0 0.650988 0.680491 0.052757 0.052757
0 0.871487 0.714254 0.057104 0.057104
0 0.753872 0.838680 0.071945 0.071945
0 0.830016 0.479117 0.104277 0.104277
0 0.289130 0.480144 0.071945 0.071945
0 0.748009 0.601184 0.056505 0.056505
0 0.387028 0.962830 0.062220 0.062220
0 0.968101 0.822537 0.057104 0.057104
0 0.742306 0.532495 0.061130 0.061130
0 0.818823 0.863836 0.057104 0.057104
0 0.541860 0.556297 0.062220 0.062220
0 0.452411 0.262240 0.062220 0.062220
0 0.479123 0.676716 0.057104 0.057104
0 0.506302 0.972345 0.057104 0.057104
0 0.559136 0.343547 0.061130 0.061130
0 0.353791 0.351169 0.057104 0.057104
0 0.327353 0.262312 0.071945 0.071945