0 0.878544 0.981236 0.061130 0.061130
0 0.811637 0.841565 0.104277 0.104277
0 0.873463 0.750517 0.071945 0.071945
0 0.779315 0.943134 0.052757 0.052757
0 0.817346 0.613618 0.104277 0.104277
0 0.323511 0.896231 0.052757 0.052757
0 0.273160 0.389552 0.062220 0.062220
0 0.687409 0.786074 0.062220 0.062220
0 0.945418 0.549589 0.052757 0.052757
0 0.598244 0.971233 0.104277 0.104277
0 0.197717 0.616768 0.052757 0.052757
0 0.856222 0.907773 0.061131 0.061131
0 0.220045 0.263937 0.057103 0.057103
0 0.889356 0.660114 0.057104 0.057104
0 0.389098 0.511228 0.071945 0.071945
0 0.940438 0.868268 0.052757 0.052757
0 0.436346 0.573667 0.061130 0.061130
0 0.614480 0.697622 0.052757 0.052757
0 0.996645 0.804228 0.057104 0.057104
0 0.916598 0.487028 0.057104 0.057104
0 0.913445 0.326203 0.052757 0.052757
0 0.739468 0.313506 0.061131 0.061131
0 0.367865 0.786707 0.057104 0.057104
0 0.942880 0.956850 0.057104 0.057104
0 0.681680 0.633531 0.052757 0.052757
0 0.454796 0.782964 0.057104 0.057104
0 0.424850 0.014127 0.057104 0.057104
0 0.677648 0.909483 0.071945 0.071945
0 0.674594 0.234813 0.062220 0.062220
0 0.967528 0.421489 0.061131 0.061131
0 0.786743 0.715814 0.071945 0.071945
0 0.152165 0.086075 0.104277 0.104277
0 0.136207 0.528262 0.071945 0.071945
0 0.065962 0.521177 0.057104 0.057104
0 0.334015 0.687169 0.057104 0.057104
0 0.362615 0.169258 0.057104 0.057104
0 0.748867 0.875932 0.057104 0.057104
0 0.481204 0.451360 0.061130 0.061130
0 0.282638 0.211693 0.052757 0.052757
0 0.069494 0.854937 0.071945 0.071945
0 0.035813 0.235035 0.062220 0.062220
0 0.771973 0.064231 0.071945 0.071945
0 0.753341 0.515650 0.104277 0.104277
0 0.514946 0.996583 0.061130 0.061130
0 0.207879 0.014723 0.057104 0.057104
0 0.486020 0.924848 0.061130 0.061130
0 0.365033 0.263758 0.057104 0.057104
0 0.267138 0.651121 0.104277 0.104277
0 0.131178 0.429299 0.057104 0.057104
0 0.372894 0.431046 0.057104 0.057104
0 0.038533 0.606428 0.057104 0.057104
0 0.413423 0.093087 0.052757 0.052757
0 0.484614 0.162168 0.104277 0.104277
0 0.241460 0.545383 0.104277 0.104277
0 0.525503 0.662786 0.052757 0.052757
0 0.968851 0.652140 0.062220 0.062220
0 0.256553 0.737683 0.104277 0.104277
0 0.080663 0.936635 0.071945 0.071945
0 0.046017 0.438682 0.052757 0.052757
0 0.785781 0.198645 0.061131 0.061131
0 0.240718 0.450652 0.052757 0.052757
0 0.057629 0.369973 0.061130 0.061130
0 0.199950 0.887766 0.052757 0.052757
0 0.426082 0.364145 0.104277 0.104277
0 0.694166 0.986965 0.052757 0.052757
0 0.561391 0.247342 0.061130 0.061130
0 0.297304 0.101773 0.057104 0.057104
0 0.126583 0.284791 0.071945 0.071945
0 0.643877 0.145130 0.104277 0.104277
0 0.856758 0.029590 0.062220 0.062220
0 0.875320 0.269024 0.057104 0.057104
0 0.406525 0.860452 0.071945 0.071945
0 0.331470 0.613422 0.062220 0.062220
0 0.109382 0.025941 0.052757 0.052757
0 0.645802 0.553119 0.052757 0.052757
0 0.638569 0.323456 0.062220 0.062220
0 0.292402 0.819119 0.104277 0.104277
0 0.998806 0.227648 0.071945 0.071945
0 0.441746 0.237866 0.061130 0.061130
0 0.603334 0.387074 0.104278 0.104278
0 0.686251 0.054094 0.061131 0.061131
0 0.416070 0.997660 0.061130 0.061130
0 0.853477 0.451245 0.062220 0.062220
0 0.128210 0.633914 0.057104 0.057104
0 0.438718 0.642821 0.057104 0.057104
0 0.660352 0.452985 0.062220 0.062220
0 0.538909 0.567561 0.057104 0.057104
0 0.127974 0.712023 0.061130 0.061130
0 0.057811 0.699302 0.062220 0.062220
0 0.904938 0.202072 0.052757 0.052757
0 0.402826 0.717286 0.048997 0.048997
0 0.692272 0.385356 0.071945 0.071945
0 0.605852 0.621917 0.062220 0.062220
0 0.935903 0.045229 0.057104 0.057104
0 0.503185 0.040122 0.061130 0.061130
0 0.339495 0.348468 0.057104 0.057104
0 0.537911 0.345154 0.104277 0.104277
0 0.214253 0.338817 0.104277 0.104277
0 0.869706 0.118915 0.057104 0.057104
0 0.601834 0.863278 0.062220 0.062220
0 0.732473 0.442282 0.052757 0.052757
0 0.543944 0.113035 0.061130 0.061130
0 0.605411 0.773467 0.061131 0.061131
0 0.720925 0.155056 0.071945 0.071945
0 0.026372 0.783842 0.071945 0.071945
0 0.238380 0.143894 0.062220 0.062220
0 0.589390 0.051845 0.071945 0.071945
0 0.180185 0.811663 0.104277 0.104277
0 0.019650 0.067050 0.104277 0.104277
0 0.138191 0.202749 0.052757 0.052757
0 0.320627 0.535530 0.057104 0.057104
0 0.085442 0.128206 0.062220 0.062220
0 0.532919 0.870272 0.071945 0.071945
0 0.821282 0.328665 0.061131 0.061131