0 0.153683 0.619729 0.062220 0.062220
0 0.115457 0.425705 0.062220 0.062220
0 0.604845 0.142532 0.071945 0.071945
0 0.806389 0.753183 0.052757 0.052757
0 0.879966 0.110511 0.071945 0.071945
0 0.912094 0.225881 0.052757 0.052757
0 0.613529 0.512864 0.061130 0.061130
0 0.141437 0.069071 0.052757 0.052757
0 0.675656 0.620956 0.104277 0.104277
0 0.153129 0.155620 0.104277 0.104277
0 0.499593 0.409245 0.104277 0.104277
0 0.458454 0.530856 0.104277 0.104277
0 0.344970 0.572830 0.071945 0.071945
0 0.502994 0.161987 0.062220 0.062220
0 0.932409 0.472165 0.104277 0.104277
0 0.528347 0.334245 0.057104 0.057104
0 0.977656 0.378064 0.071945 0.071945
0 0.538471 0.688855 0.062220 0.062220
0 0.596694 0.316681 0.104277 0.104277
0 0.754356 0.613873 0.062220 0.062220
0 0.482047 0.257743 0.061130 0.061130
0 0.361352 0.299617 0.057104 0.057104
0 0.266327 0.059503 0.104277 0.104277
0 0.051103 0.779226 0.062220 0.062220
0 0.022880 0.199107 0.061130 0.061130
0 0.103724 0.324565 0.062220 0.062220
0 0.757086 0.218943 0.052757 0.052757
0 0.298868 0.406375 0.057104 0.057104
0 0.414844 0.436466 0.104277 0.104277
0 0.208933 0.762521 0.071945 0.071945
0 0.145613 0.232775 0.057104 0.057104
0 0.875829 0.606693 0.062220 0.062220
0 0.724303 0.405811 0.071945 0.071945
0 0.354281 0.645795 0.071945 0.071945
0 0.061809 0.020430 0.052757 0.052757
0 0.934307 0.320820 0.102474 0.102474
0 0.161530 0.690531 0.057104 0.057104
0 0.975196 0.677940 0.071945 0.071945
0 0.828643 0.312995 0.104277 0.104277
0 0.182159 0.368218 0.057104 0.057104
0 0.877046 0.777734 0.104277 0.104277
0 0.837467 0.046787 0.062220 0.062220
0 0.681154 0.122337 0.061131 0.061131
0 0.125374 0.770184 0.052757 0.052757
0 0.639547 0.050788 0.071945 0.071945
0 0.427748 0.169337 0.062220 0.062220
0 0.961693 0.774621 0.104277 0.104277
0 0.642693 0.373648 0.057104 0.057104
0 0.380389 0.510187 0.057104 0.057104
0 0.455415 0.327175 0.104277 0.104277
0 0.084679 0.661545 0.050891 0.050891
0 0.248549 0.553851 0.062220 0.062220
0 0.324076 0.020958 0.071945 0.071945
0 0.369368 0.762917 0.057104 0.057104
0 0.783297 0.679626 0.062220 0.062220
0 0.758377 0.128059 0.052757 0.052757
0 0.017330 0.586691 0.062220 0.062220
0 0.113089 0.552610 0.104277 0.104277
0 0.467923 0.087597 0.061130 0.061130
0 0.738048 0.778197 0.052757 0.052757
0 0.741486 0.335169 0.062220 0.062220
0 0.274937 0.681788 0.061130 0.061130
0 0.685909 0.514928 0.104277 0.104277
0 0.278461 0.276906 0.062220 0.062220
0 0.255806 0.130762 0.071945 0.071945
0 0.413360 0.596940 0.062220 0.062220
0 0.597904 0.742658 0.052757 0.052757
0 0.869891 0.704594 0.052757 0.052757
0 0.284515 0.785138 0.062220 0.062220
0 0.514002 0.478581 0.062220 0.062220
0 0.388215 0.367928 0.071945 0.071945
0 0.689526 0.690488 0.061131 0.061131
0 0.567587 0.060071 0.057104 0.057104
0 0.064257 0.484630 0.104277 0.104277
0 0.664851 0.440650 0.104277 0.104277
0 0.938967 0.577761 0.052757 0.052757
0 0.835072 0.220120 0.055027 0.055027
0 0.967264 0.020942 0.061131 0.061131
0 0.625763 0.249033 0.062220 0.062220
0 0.508289 0.773568 0.061130 0.061130
0 0.653507 0.791703 0.062220 0.062220
0 0.481130 0.015061 0.050559 0.050559
0 0.775352 0.513196 0.052757 0.052757
0 0.295532 0.489408 0.052757 0.052757
0 0.581753 0.405996 0.071945 0.071945
0 0.450282 0.677053 0.061131 0.061131
0 0.697802 0.261843 0.104277 0.104277
0 0.861812 0.406100 0.061130 0.061130
0 0.540303 0.606106 0.104277 0.104277
0 0.222307 0.484686 0.052757 0.052757
0 0.255979 0.350072 0.061130 0.061130
0 0.340185 0.144743 0.052757 0.052757
0 0.075576 0.089408 0.104277 0.104277