0 0.548160 0.973927 0.062220 0.062220
0 0.717995 0.135323 0.062220 0.062220
0 0.466987 0.438356 0.104277 0.104277
0 0.495045 0.848312 0.057103 0.057103
0 0.128645 0.821598 0.104277 0.104277
0 0.266391 0.893957 0.052757 0.052757
0 0.672069 0.194165 0.062220 0.062220
0 0.818643 0.171177 0.070161 0.070161
0 0.449363 0.162789 0.104278 0.104278
0 0.699850 0.598502 0.057104 0.057104
0 0.949594 0.819188 0.062220 0.062220
0 0.427165 0.670450 0.104277 0.104277
0 0.608044 0.142301 0.071945 0.071945
0 0.904350 0.200930 0.062220 0.062220
0 0.921478 0.503222 0.061131 0.061131
0 0.235926 0.603509 0.104277 0.104277
0 0.129503 0.217673 0.104277 0.104277
0 0.090509 0.112667 0.071945 0.071945
0 0.940921 0.264766 0.104277 0.104277
0 0.349459 0.200368 0.071945 0.071945
0 0.014770 0.050127 0.057104 0.057104
0 0.855380 0.110401 0.061130 0.061130
0 0.446562 0.534599 0.057104 0.057104
0 0.093761 0.625340 0.062220 0.062220
0 0.105426 0.515562 0.062220 0.062220
0 0.637615 0.753633 0.057104 0.057104
0 0.395132 0.483468 0.104277 0.104277
0 0.984890 0.399692 0.071945 0.071945
0 0.167071 0.661861 0.062220 0.062220
0 0.318810 0.008423 0.104277 0.104277
0 0.446031 0.045080 0.057104 0.057104
0 0.009972 0.656615 0.104278 0.104278
0 0.670779 0.514929 0.104277 0.104277
0 0.557638 0.796068 0.052757 0.052757
0 0.361493 0.352416 0.052757 0.052757
0 0.835941 0.333993 0.104277 0.104277
0 0.936805 0.078590 0.057104 0.057104
0 0.628554 0.335777 0.062220 0.062220
0 0.310813 0.819410 0.062220 0.062220
0 0.010160 0.767370 0.071945 0.071945
0 0.214304 0.277994 0.062220 0.062220
0 0.482879 0.599098 0.057104 0.057104
0 0.640033 0.848133 0.057104 0.057104
0 0.010224 0.418505 0.052757 0.052757
0 0.796732 0.040903 0.071945 0.071945
0 0.688423 0.677462 0.052757 0.052757
0 0.759614 0.746543 0.104277 0.104277
0 0.728171 0.315654 0.062220 0.062220
0 0.159762 0.393885 0.061130 0.061130
0 0.099078 0.959861 0.062220 0.062220
0 0.332629 0.954348 0.061130 0.061130
0 0.535696 0.238781 0.071945 0.071945
0 0.701082 0.948520 0.104277 0.104277
0 0.836391 0.831717 0.061130 0.061130
0 0.526362 0.474565 0.052757 0.052757
0 0.572304 0.686148 0.057104 0.057104
0 0.011130 0.312293 0.104277 0.104277
0 0.401583 0.869166 0.071945 0.071945
0 0.918877 0.729505 0.104277 0.104277
0 0.033795 0.156559 0.052757 0.052757
0 0.970225 0.144229 0.062220 0.062220
0 0.169521 0.054974 0.104277 0.104277
0 0.240625 0.004563 0.057104 0.057104
0 0.823802 0.566868 0.062220 0.062220
0 0.227173 0.362476 0.061130 0.061130
0 0.096347 0.341734 0.061130 0.061130
0 0.384382 0.610316 0.052757 0.052757
0 0.713971 0.031068 0.052757 0.052757
0 0.913569 0.907831 0.062220 0.062220
0 0.305287 0.301875 0.071945 0.071945
0 0.918633 0.365485 0.061131 0.061131
0 0.267201 0.081235 0.104277 0.104277
0 0.180744 0.731517 0.057104 0.057104
0 0.163714 0.152364 0.057104 0.057104
0 0.716746 0.822241 0.061130 0.061130
0 0.244274 0.474527 0.057104 0.057104
0 0.878334 0.971449 0.104278 0.104278
0 0.881617 0.443648 0.052757 0.052757
0 0.961251 0.638469 0.061131 0.061131
0 0.258780 0.982493 0.061130 0.061130
0 0.786584 0.243681 0.052757 0.052757
0 0.042729 0.485669 0.061130 0.061130
0 0.225392 0.819679 0.062220 0.062220
0 0.063377 0.251776 0.104278 0.104278
0 0.015882 0.963375 0.061130 0.061130
0 0.759668 0.469063 0.104277 0.104277
0 0.538186 0.549050 0.061130 0.061130
0 0.482037 0.368966 0.104277 0.104277
0 0.444738 0.239866 0.052757 0.052757
0 0.057098 0.891383 0.061130 0.061130
0 0.967272 0.969731 0.071945 0.071945
0 0.248797 0.741744 0.057104 0.057104
0 0.665237 0.273629 0.057104 0.057104
0 0.547622 0.398055 0.071945 0.071945
0 0.623766 0.038492 0.104277 0.104277
0 0.107165 0.749093 0.052757 0.052757
0 0.778185 0.624497 0.061130 0.061130
0 0.082880 0.039519 0.071945 0.071945
0 0.614495 0.932843 0.057104 0.057104
0 0.812911 0.929529 0.104277 0.104277
0 0.541759 0.160559 0.056505 0.056505
0 0.489253 0.923192 0.104277 0.104277
0 0.818944 0.697410 0.061130 0.061130
0 0.180778 0.522205 0.062220 0.062220
0 0.995925 0.739431 0.071945 0.071945
0 0.761851 0.381912 0.057104 0.057104
0 0.536056 0.091870 0.061130 0.061130
0 0.513380 0.728269 0.062220 0.062220
0 0.864390 0.636220 0.071945 0.071945
0 0.142712 0.897065 0.071945 0.071945
0 0.868957 0.041955 0.057103 0.057103
0 0.612573 0.423211 0.057104 0.057104
0 0.335610 0.115672 0.062220 0.062220
0 0.294650 0.651425 0.104277 0.104277
0 0.272873 0.236091 0.057104 0.057104
0 0.413191 0.787124 0.052757 0.052757
0 0.300052 0.531720 0.057104 0.057104
0 0.360442 0.712581 0.062220 0.062220
0 0.047183 0.570468 0.061130 0.061130