0 0.984794 0.271861 0.061130 0.061130
0 0.700802 0.691380 0.104278 0.104278
0 0.917887 0.132190 0.104277 0.104277
0 0.979713 0.041142 0.071945 0.071945
0 0.885565 0.233759 0.052757 0.052757
0 0.818946 0.852728 0.052757 0.052757
0 0.429761 0.186856 0.052757 0.052757
0 0.343479 0.843703 0.061130 0.061130
0 0.718240 0.802185 0.052757 0.052757
0 0.739311 0.973412 0.052757 0.052757
0 0.793659 0.076699 0.062220 0.062220
0 0.353447 0.608037 0.057104 0.057104
0 0.704494 0.261858 0.104277 0.104277
0 0.962472 0.198398 0.061131 0.061131
0 0.396457 0.921090 0.104277 0.104277
0 0.429306 0.394686 0.057104 0.057104
0 0.951034 0.874104 0.104277 0.104277
0 0.650648 0.602818 0.052757 0.052757
0 0.056338 0.588890 0.071945 0.071945
0 0.194943 0.693412 0.104277 0.104277
0 0.115374 0.762336 0.052757 0.052757
0 0.474115 0.077332 0.057104 0.057104
0 0.338329 0.762573 0.104277 0.104277
0 0.561046 0.073589 0.057104 0.057104
0 0.783898 0.200108 0.071945 0.071945
0 0.835777 0.595063 0.052757 0.052757
0 0.892993 0.006439 0.071945 0.071945
0 0.027942 0.756534 0.052757 0.052757
0 0.274284 0.844630 0.052757 0.052757
0 0.650812 0.909237 0.057104 0.057104
0 0.856149 0.990841 0.052757 0.052757
0 0.801850 0.515694 0.071945 0.071945
0 0.575527 0.721291 0.061130 0.061130
0 0.466880 0.620133 0.071945 0.071945
0 0.633529 0.835829 0.052757 0.052757
0 0.899006 0.750944 0.057104 0.057104
0 0.855117 0.166557 0.057104 0.057104
0 0.176713 0.501637 0.061130 0.061130
0 0.475628 0.343319 0.071945 0.071945
0 0.455784 0.788426 0.061130 0.061130
0 0.426453 0.704761 0.062220 0.062220
0 0.570223 0.555947 0.062220 0.062220
0 0.685884 0.384947 0.061130 0.061130
0 0.913201 0.629070 0.052757 0.052757
0 0.475822 0.950727 0.052757 0.052757
0 0.625996 0.987012 0.057104 0.057104
0 0.175744 0.145562 0.071945 0.071945
0 0.129581 0.651415 0.104277 0.104277
0 0.621196 0.287208 0.061130 0.061130
0 0.592270 0.215473 0.061130 0.061130
0 0.770950 0.341743 0.104277 0.104277
0 0.934355 0.439616 0.071945 0.071945
0 0.624650 0.493334 0.061130 0.061130
0 0.362803 0.028308 0.104277 0.104277
0 0.186913 0.227260 0.071945 0.071945
0 0.724743 0.585870 0.057104 0.057104
0 0.616892 0.409652 0.104277 0.104277
0 0.824344 0.663486 0.062220 0.062220
0 0.821511 0.390280 0.104277 0.104277
0 0.306200 0.178391 0.052757 0.052757
0 0.800416 0.277590 0.052757 0.052757
0 0.138164 0.309485 0.052757 0.052757
0 0.830816 0.922151 0.104277 0.104277
0 0.512775 0.151077 0.071945 0.071945
0 0.567103 0.797926 0.104277 0.104277
0 0.061941 0.181918 0.061130 0.061130
0 0.527749 0.651947 0.071945 0.071945
0 0.069891 0.503073 0.104277 0.104277
0 0.770647 0.719575 0.104277 0.104277
0 0.398652 0.109744 0.104277 0.104277
0 0.925480 0.523532 0.057104 0.057104
0 0.268815 0.716014 0.071945 0.071945
0 0.408687 0.560111 0.050932 0.050932
0 0.545423 0.381225 0.052757 0.052757
0 0.020798 0.413943 0.057104 0.057104
0 0.311560 0.328116 0.071945 0.071945
0 0.522320 0.288285 0.061130 0.061130
0 0.097922 0.252744 0.062220 0.062220
0 0.881349 0.346340 0.052757 0.052757
0 0.735655 0.497787 0.057104 0.057104
0 0.269144 0.614747 0.071945 0.071945
0 0.176781 0.377918 0.104277 0.104277
0 0.519224 0.448251 0.061130 0.061130
0 0.381589 0.291410 0.071945 0.071945
0 0.142112 0.979029 0.104277 0.104277
0 0.234224 0.002648 0.061130 0.061130
0 0.192255 0.823264 0.104277 0.104277
0 0.509076 0.007911 0.048997 0.048997
0 0.732772 0.891242 0.061131 0.061131
0 0.579879 0.932567 0.104277 0.104277
0 0.182761 0.599566 0.052757 0.052757
0 0.708084 0.153903 0.062220 0.062220
0 0.964502 0.708549 0.104277 0.104277
0 0.480016 0.544936 0.062220 0.062220
0 0.275771 0.522840 0.062220 0.062220
0 0.097928 0.898041 0.052757 0.052757
0 0.711661 0.064092 0.061131 0.061131
0 0.066817 0.970677 0.061130 0.061130
0 0.132622 0.074467 0.071945 0.071945
0 0.286435 0.102288 0.104277 0.104277
0 0.190160 0.913627 0.062220 0.062220
0 0.052561 0.067391 0.071945 0.071945
0 0.256670 0.948669 0.071945 0.071945
0 0.654784 0.761294 0.071945 0.071945
0 0.485777 0.872323 0.061130 0.061130
0 0.125539 0.432845 0.071945 0.071945
0 0.894985 0.827514 0.071945 0.071945
0 0.220624 0.437814 0.047555 0.047555
0 0.354724 0.462610 0.052757 0.052757
0 0.925692 0.965454 0.104277 0.104277
0 0.639169 0.160897 0.071945 0.071945
0 0.350444 0.680715 0.071945 0.071945
0 0.434674 0.470491 0.071945 0.071945