0 0.197070 0.220009 0.104277 0.104277
0 0.899245 0.532198 0.062220 0.062220
0 0.648237 0.835231 0.104277 0.104277
0 0.853319 0.591040 0.062220 0.062220
0 0.999893 0.568052 0.070161 0.070161
0 0.501979 0.238713 0.062220 0.062220
0 0.630613 0.559664 0.104278 0.104278
0 0.881100 0.995377 0.057104 0.057104
0 0.750006 0.231071 0.057104 0.057104
0 0.297334 0.374271 0.062220 0.062220
0 0.789294 0.539176 0.071945 0.071945
0 0.763714 0.307756 0.062220 0.062220
0 0.310753 0.614548 0.104277 0.104277
0 0.271759 0.509542 0.071945 0.071945
0 0.530709 0.597243 0.071945 0.071945
0 0.196020 0.447002 0.057104 0.057104
0 0.627812 0.931474 0.057104 0.057104
0 0.749515 0.390517 0.071945 0.071945
0 0.286676 0.912437 0.062220 0.062220
0 0.576382 0.880343 0.104277 0.104277
0 0.683819 0.329518 0.104277 0.104277
0 0.500060 0.405298 0.104277 0.104277
0 0.627281 0.441955 0.057104 0.057104
0 0.619364 0.305254 0.071945 0.071945
0 0.852029 0.911804 0.104277 0.104277
0 0.836227 0.261510 0.071945 0.071945
0 0.542743 0.749291 0.052757 0.052757
0 0.809804 0.732652 0.062220 0.062220
0 0.395554 0.674869 0.062220 0.062220
0 0.664129 0.995973 0.057104 0.057104
0 0.417655 0.314003 0.104277 0.104277
0 0.191474 0.815380 0.052757 0.052757
0 0.977982 0.437778 0.071945 0.071945
0 0.909421 0.712529 0.062220 0.062220
0 0.341012 0.790760 0.061130 0.061130
0 0.228792 0.346473 0.071945 0.071945
0 0.839624 0.372832 0.052757 0.052757
0 0.716946 0.635656 0.071945 0.071945
0 0.707612 0.871440 0.052757 0.052757
0 0.192380 0.709168 0.104277 0.104277
0 0.215045 0.553434 0.052757 0.052757
0 0.350771 0.451849 0.104277 0.104277
0 0.421875 0.401438 0.057104 0.057104
0 0.408423 0.759351 0.061130 0.061130
0 0.277597 0.738609 0.061130 0.061130
0 0.895221 0.427943 0.052757 0.052757
0 0.948904 0.256907 0.071945 0.071945
0 0.486537 0.698750 0.071945 0.071945
0 0.448451 0.478110 0.104277 0.104277
0 0.972838 0.338160 0.057104 0.057104
0 0.344964 0.549239 0.057104 0.057104
0 0.425524 0.871402 0.057104 0.057104
0 0.589348 0.380854 0.062220 0.062220
0 0.659376 0.211434 0.104277 0.104277
0 0.967834 0.640556 0.052757 0.052757
0 0.223979 0.882544 0.061130 0.061130
0 0.244627 0.648651 0.104278 0.104278
0 0.940918 0.865938 0.104277 0.104277
0 0.719436 0.945925 0.061130 0.061130
0 0.663287 0.765841 0.104277 0.104277
0 0.625988 0.636741 0.052757 0.052757
0 0.846487 0.670504 0.057104 0.057104
0 0.728872 0.794930 0.071945 0.071945
0 0.805016 0.435367 0.104277 0.104277
0 0.264130 0.436394 0.071945 0.071945
0 0.723009 0.557434 0.056505 0.056505
0 0.362028 0.919080 0.062220 0.062220
0 0.943101 0.778787 0.057104 0.057104
0 0.717306 0.488745 0.061130 0.061130
0 0.793823 0.820086 0.057104 0.057104
0 0.516860 0.512547 0.062220 0.062220
0 0.427411 0.218490 0.062220 0.062220
0 0.454123 0.632966 0.057104 0.057104
0 0.481302 0.928595 0.057104 0.057104
0 0.534136 0.299797 0.061130 0.061130
0 0.328791 0.307419 0.057104 0.057104
0 0.302353 0.218562 0.071945 0.071945
0 0.228433 0.967343 0.061130 0.061130