0 0.392345 0.092532 0.071945 0.071945
0 0.954884 0.599234 0.104277 0.104277
0 0.593889 0.703183 0.052757 0.052757
0 0.667466 0.060511 0.071945 0.071945
0 0.699594 0.175881 0.052757 0.052757
0 0.401029 0.462864 0.061130 0.061130
0 0.937877 0.283035 0.061131 0.061131
0 0.843754 0.399369 0.062220 0.062220
0 0.827110 0.569562 0.052757 0.052757
0 0.463156 0.570956 0.104277 0.104277
0 0.984932 0.691687 0.052757 0.052757
0 0.287093 0.359245 0.104277 0.104277
0 0.245954 0.480856 0.104277 0.104277
0 0.132470 0.522830 0.071945 0.071945
0 0.290494 0.111987 0.062220 0.062220
0 0.719909 0.422165 0.104277 0.104277
0 0.315847 0.284245 0.057104 0.057104
0 0.810017 0.136945 0.104277 0.104277
0 0.859367 0.679286 0.061130 0.061130
0 0.830924 0.750266 0.104277 0.104277
0 0.765156 0.328064 0.071945 0.071945
0 0.975214 0.220688 0.052757 0.052757
0 0.325971 0.638855 0.062220 0.062220
0 0.384194 0.266681 0.104277 0.104277
0 0.801408 0.480823 0.052757 0.052757
0 0.541856 0.563873 0.062220 0.062220
0 0.269547 0.207743 0.061130 0.061130
0 0.148852 0.249617 0.057104 0.057104
0 0.053827 0.009503 0.104277 0.104277
0 0.791844 0.041756 0.062220 0.062220
0 0.544586 0.168943 0.052757 0.052757
0 0.086368 0.356375 0.057104 0.057104
0 0.202344 0.386466 0.104277 0.104277
0 0.663329 0.556693 0.062220 0.062220
0 0.511803 0.355811 0.071945 0.071945
0 0.141781 0.595795 0.071945 0.071945
0 0.721807 0.270820 0.102474 0.102474
0 0.762696 0.627940 0.071945 0.071945
0 0.616143 0.262995 0.104277 0.104277
0 0.664546 0.727734 0.104277 0.104277
0 0.468654 0.072337 0.061131 0.061131
0 0.427047 0.000788 0.071945 0.071945
0 0.215248 0.119337 0.062220 0.062220
0 0.749193 0.724621 0.104277 0.104277
0 0.430193 0.323648 0.057104 0.057104
0 0.167889 0.460187 0.057104 0.057104
0 0.242915 0.277175 0.104277 0.104277
0 0.036049 0.503851 0.062220 0.062220
0 0.156868 0.712917 0.057104 0.057104
0 0.911489 0.029732 0.045227 0.045227
0 0.570797 0.629626 0.062220 0.062220
0 0.545877 0.078059 0.052757 0.052757
0 0.255423 0.037597 0.061130 0.061130
0 0.525548 0.728197 0.052757 0.052757
0 0.528986 0.285169 0.062220 0.062220
0 0.062437 0.631788 0.061130 0.061130
0 0.473409 0.464928 0.104277 0.104277
0 0.065961 0.226906 0.062220 0.062220
0 0.043306 0.080762 0.071945 0.071945
0 0.200860 0.546940 0.062220 0.062220
0 0.385404 0.692658 0.052757 0.052757
0 0.657391 0.654594 0.052757 0.052757
0 0.072015 0.735138 0.062220 0.062220
0 0.301502 0.428581 0.062220 0.062220
0 0.175715 0.317928 0.071945 0.071945
0 0.958743 0.500382 0.061131 0.061131
0 0.477026 0.640488 0.061131 0.061131
0 0.355087 0.010071 0.057104 0.057104
0 0.452351 0.390650 0.104277 0.104277
0 0.924315 0.376394 0.061131 0.061131
0 0.890569 0.527479 0.062221 0.062221
0 0.726467 0.527761 0.052757 0.052757
0 0.622572 0.170120 0.055027 0.055027
0 0.413263 0.199033 0.062220 0.062220
0 0.295789 0.723568 0.061130 0.061130
0 0.832601 0.274298 0.104277 0.104277
0 0.441007 0.741703 0.062220 0.062220
0 0.562852 0.463196 0.052757 0.052757
0 0.083032 0.439408 0.052757 0.052757
0 0.369253 0.355996 0.071945 0.071945
0 0.237782 0.627053 0.061131 0.061131
0 0.485302 0.211843 0.104277 0.104277
0 0.649312 0.356100 0.061130 0.061130
0 0.327803 0.556106 0.104277 0.104277
0 0.009807 0.434686 0.052757 0.052757
0 0.043479 0.300072 0.061130 0.061130
0 0.127685 0.094743 0.052757 0.052757
0 0.887340 0.222972 0.057104 0.057104
0 0.901290 0.146889 0.088662 0.088662