0 0.315842 0.893227 0.104277 0.104277
0 0.272294 0.681236 0.061130 0.061130
0 0.675239 0.642945 0.052757 0.052757
0 0.205387 0.541565 0.104277 0.104277
0 0.267213 0.450517 0.071945 0.071945
0 0.466132 0.890903 0.062220 0.062220
0 0.419026 0.436127 0.071945 0.071945
0 0.497779 0.642985 0.104277 0.104277
0 0.173065 0.643134 0.052757 0.052757
0 0.575643 0.689510 0.071945 0.071945
0 0.502412 0.326430 0.061131 0.061131
0 0.211096 0.313618 0.104277 0.104277
0 0.704223 0.145937 0.057104 0.057104
0 0.830676 0.350897 0.062221 0.062221
0 0.719582 0.313902 0.104277 0.104277
0 0.796608 0.107816 0.104277 0.104277
0 0.829390 0.881378 0.047276 0.047276
0 0.533527 0.062825 0.104277 0.104277
0 0.309966 0.808042 0.057104 0.057104
0 0.081159 0.486074 0.062220 0.062220
0 0.345828 0.994678 0.051819 0.051819
0 0.339168 0.249589 0.052757 0.052757
0 0.820629 0.623011 0.071945 0.071945
0 0.249972 0.607773 0.061131 0.061131
0 0.525976 0.938391 0.052757 0.052757
0 0.283106 0.360114 0.057104 0.057104
0 0.587252 0.886906 0.057103 0.057103
0 0.334188 0.568268 0.052757 0.052757
0 0.602245 0.304070 0.104277 0.104277
0 0.008230 0.397622 0.052757 0.052757
0 0.472522 0.120480 0.062220 0.062220
0 0.390395 0.504228 0.057104 0.057104
0 0.310348 0.187028 0.057104 0.057104
0 0.307195 0.026203 0.052757 0.052757
0 0.780944 0.456985 0.052757 0.052757
0 0.502868 0.726239 0.036679 0.036679
0 0.418349 0.164466 0.061130 0.061130
0 0.133218 0.013506 0.061131 0.061131
0 0.720857 0.417796 0.062221 0.062221
0 0.336630 0.656850 0.057104 0.057104
0 0.075430 0.333531 0.052757 0.052757
0 0.416806 0.991729 0.071945 0.071945
0 0.722487 0.223284 0.071945 0.071945
0 0.659402 0.453425 0.052757 0.052757
0 0.628212 0.037275 0.061130 0.061130
0 0.646508 0.521287 0.104277 0.104277
0 0.813398 0.987303 0.071945 0.071945
0 0.071398 0.609483 0.071945 0.071945
0 0.361278 0.121489 0.061131 0.061131
0 0.552146 0.544919 0.104277 0.104277
0 0.180493 0.415814 0.071945 0.071945
0 0.410505 0.054942 0.057104 0.057104
0 0.835276 0.770376 0.057104 0.057104
0 0.643051 0.712394 0.062220 0.062220
0 0.089350 0.925069 0.071945 0.071945
0 0.142617 0.575932 0.057104 0.057104
0 0.499073 0.486627 0.061130 0.061130
0 0.633999 0.112150 0.061130 0.061130
0 0.751714 0.873245 0.062220 0.062220
0 0.577833 0.617242 0.061130 0.061130
0 0.147091 0.215650 0.104277 0.104277
0 0.449169 0.581110 0.062220 0.062220
0 0.058450 0.751118 0.104277 0.104277
0 0.221855 0.848991 0.071945 0.071945
0 0.362601 0.352140 0.062220 0.062220
0 0.726298 0.728318 0.104277 0.104277
0 0.012243 0.995245 0.057104 0.057104
0 0.109011 0.799655 0.104277 0.104277
0 0.087916 0.686965 0.052757 0.052757
0 0.394832 0.726653 0.062220 0.062220
0 0.773242 0.030854 0.052757 0.052757
0 0.429673 0.269991 0.071945 0.071945
0 0.039552 0.253119 0.052757 0.052757
0 0.032319 0.023456 0.062220 0.062220
0 0.537043 0.809349 0.104277 0.104277
0 0.212980 0.932907 0.057104 0.057104
0 0.450495 0.774571 0.071945 0.071945
0 0.168849 0.755715 0.052757 0.052757
0 0.023155 0.907162 0.057104 0.057104
0 0.247227 0.151245 0.062220 0.062220
0 0.840499 0.502226 0.071945 0.071945
0 0.054102 0.152985 0.062220 0.062220
0 0.591390 0.764718 0.061131 0.061131
0 0.723665 0.552448 0.071945 0.071945
0 0.086022 0.085356 0.071945 0.071945
0 0.818046 0.201423 0.104277 0.104277
0 0.572633 0.233652 0.057104 0.057104
0 0.126223 0.142282 0.052757 0.052757
0 0.555376 0.373590 0.057104 0.057104
0 0.564038 0.159953 0.104277 0.104277
0 0.684058 0.801715 0.071945 0.071945
0 0.633371 0.187548 0.104277 0.104277
0 0.647551 0.383806 0.052757 0.052757
0 0.387451 0.854470 0.057104 0.057104
0 0.215032 0.028665 0.061131 0.061131
0 0.657202 0.937201 0.061131 0.061131