0 0.546012 0.994690 0.104277 0.104277
0 0.607838 0.903642 0.071945 0.071945
0 0.759651 0.889252 0.071945 0.071945
0 0.810557 0.438286 0.104277 0.104277
0 0.843037 0.779555 0.061131 0.061131
0 0.551721 0.766743 0.104277 0.104277
0 0.914114 0.049144 0.062220 0.062220
0 0.007535 0.542677 0.062220 0.062220
0 0.963689 0.312571 0.057104 0.057104
0 0.891849 0.164054 0.104277 0.104277
0 0.874152 0.515950 0.104277 0.104277
0 0.421784 0.939199 0.062220 0.062220
0 0.679793 0.702714 0.052757 0.052757
0 0.877043 0.354530 0.061131 0.061131
0 0.623731 0.813239 0.057104 0.057104
0 0.123473 0.664353 0.071945 0.071945
0 0.760259 0.278063 0.071945 0.071945
0 0.170721 0.726792 0.061130 0.061130
0 0.942870 0.757195 0.104277 0.104277
0 0.977268 0.178342 0.062220 0.062220
0 0.348855 0.850747 0.052757 0.052757
0 0.813147 0.573605 0.062220 0.062220
0 0.731020 0.957353 0.057104 0.057104
0 0.650973 0.640153 0.057104 0.057104
0 0.647820 0.479328 0.052757 0.052757
0 0.758974 0.617591 0.061130 0.061130
0 0.473843 0.466631 0.061131 0.061131
0 0.102240 0.939832 0.057104 0.057104
0 0.416055 0.786656 0.052757 0.052757
0 0.189171 0.936089 0.057104 0.057104
0 0.159225 0.167252 0.057104 0.057104
0 0.968837 0.490400 0.061130 0.061130
0 0.987133 0.974412 0.104277 0.104277
0 0.408969 0.387938 0.062220 0.062220
0 0.701903 0.574614 0.061131 0.061131
0 0.892771 0.998044 0.104277 0.104277
0 0.521118 0.868939 0.071945 0.071945
0 0.751130 0.508067 0.057104 0.057104
0 0.818044 0.101872 0.071945 0.071945
0 0.380853 0.071972 0.061131 0.061131
0 0.068390 0.840294 0.057104 0.057104
0 0.693506 0.101898 0.104277 0.104277
0 0.096990 0.322383 0.057104 0.057104
0 0.817422 0.233575 0.104277 0.104277
0 0.215579 0.604485 0.061130 0.061130
0 0.839698 0.939752 0.061130 0.061130
0 0.974624 0.565275 0.061130 0.061130
0 0.130154 0.083679 0.104277 0.104277
0 0.017013 0.364818 0.052757 0.052757
0 0.506348 0.217356 0.071945 0.071945
0 0.487716 0.668775 0.104277 0.104277
0 0.099408 0.416883 0.057104 0.057104
0 0.001513 0.804246 0.104277 0.104277
0 0.107269 0.584171 0.057104 0.057104
0 0.147798 0.246212 0.052757 0.052757
0 0.218989 0.315293 0.104277 0.104277
0 0.259878 0.815911 0.052757 0.052757
0 0.703226 0.805265 0.062220 0.062220
0 0.520156 0.351770 0.061131 0.061131
0 0.160457 0.517270 0.104277 0.104277
0 0.295766 0.400467 0.061130 0.061130
0 0.031679 0.254898 0.057104 0.057104
0 0.378252 0.298255 0.104277 0.104277
0 0.591133 0.182715 0.062220 0.062220
0 0.283177 0.135618 0.062220 0.062220
0 0.609695 0.422149 0.057104 0.057104
0 0.065845 0.766547 0.062220 0.062220
0 0.770298 0.723116 0.071945 0.071945
0 0.380177 0.706244 0.052757 0.052757
0 0.372944 0.476581 0.062220 0.062220
0 0.026777 0.972244 0.104277 0.104277
0 0.733181 0.380773 0.071945 0.071945
0 0.176121 0.390991 0.061130 0.061130
0 0.337709 0.540199 0.104278 0.104278
0 0.340992 0.012398 0.052757 0.052757
0 0.420626 0.207219 0.061131 0.061131
0 0.587852 0.604370 0.062220 0.062220
0 0.173093 0.795946 0.057104 0.057104
0 0.889263 0.253323 0.052757 0.052757
0 0.394727 0.606110 0.062220 0.062220
0 0.273284 0.720686 0.057104 0.057104
0 0.219043 0.037813 0.104277 0.104277
0 0.639313 0.355197 0.052757 0.052757
0 0.137201 0.870411 0.048997 0.048997
0 0.426647 0.538481 0.071945 0.071945
0 0.340227 0.775042 0.062220 0.062220
0 0.670278 0.198354 0.057104 0.057104
0 0.913258 0.686777 0.057104 0.057104
0 0.237560 0.193247 0.061130 0.061130
0 0.073870 0.501593 0.057104 0.057104
0 0.272286 0.498279 0.104277 0.104277
0 0.604081 0.272040 0.057104 0.057104
0 0.509930 0.020061 0.104277 0.104277
0 0.466848 0.595407 0.052757 0.052757
0 0.896001 0.826715 0.057104 0.057104
0 0.278319 0.266160 0.061130 0.061130
0 0.576272 0.089498 0.052757 0.052757
0 0.339786 0.926592 0.061131 0.061131
0 0.455300 0.308181 0.071945 0.071945
0 0.904663 0.613078 0.104277 0.104277
0 0.323765 0.204970 0.071945 0.071945
0 0.800183 0.018242 0.104277 0.104277
0 0.973996 0.640673 0.104277 0.104277
0 0.988176 0.836931 0.052757 0.052757
0 0.055002 0.688655 0.057104 0.057104
0 0.463829 0.079198 0.052757 0.052757
0 0.758264 0.196352 0.062220 0.062220
0 0.555657 0.481790 0.061131 0.061131