0 0.672092 0.224477 0.104277 0.104277
0 0.628544 0.012486 0.061130 0.061130
0 0.344552 0.432005 0.104278 0.104278
0 0.822382 0.222153 0.062220 0.062220
0 0.873716 0.991761 0.071945 0.071945
0 0.400208 0.869127 0.104277 0.104277
0 0.462696 0.593353 0.052757 0.052757
0 0.931893 0.020760 0.071945 0.071945
0 0.642993 0.780099 0.061130 0.061130
0 0.135187 0.950321 0.052757 0.052757
0 0.361990 0.542810 0.052757 0.052757
0 0.815937 0.741975 0.071945 0.071945
0 0.383061 0.714037 0.052757 0.052757
0 0.126612 0.862900 0.104277 0.104277
0 0.666216 0.139292 0.057104 0.057104
0 0.459368 0.789172 0.071945 0.071945
0 0.208969 0.794698 0.104277 0.104277
0 0.702078 0.325928 0.051819 0.051819
0 0.133136 0.763758 0.061130 0.061130
0 0.348244 0.002483 0.104277 0.104277
0 0.882226 0.269641 0.052757 0.052757
0 0.040207 0.661715 0.104277 0.104277
0 0.073056 0.135311 0.057104 0.057104
0 0.594784 0.614729 0.104277 0.104277
0 0.894645 0.860833 0.104277 0.104277
0 0.943502 0.218156 0.057103 0.057103
0 0.260077 0.940753 0.104277 0.104277
0 0.955127 0.799331 0.057104 0.057104
0 0.998094 0.973006 0.062220 0.062220
0 0.897844 0.731115 0.062220 0.062220
0 0.859118 0.057489 0.036679 0.036679
0 0.294398 0.343443 0.052757 0.052757
0 0.978156 0.335496 0.104277 0.104277
0 0.777919 0.396272 0.104277 0.104277
0 0.773056 0.322979 0.071945 0.071945
0 0.055559 0.901680 0.052757 0.052757
0 0.537241 0.865461 0.052757 0.052757
0 0.479527 0.335688 0.052757 0.052757
0 0.347265 0.788216 0.104277 0.104277
0 0.294562 0.649862 0.057104 0.057104
0 0.499899 0.731466 0.052757 0.052757
0 0.694374 0.482901 0.054783 0.054783
0 0.999301 0.043644 0.062220 0.062220
0 0.831217 0.928037 0.062220 0.062220
0 0.861926 0.416813 0.057103 0.057103
0 0.197730 0.873848 0.061130 0.061130
0 0.633297 0.932038 0.071945 0.071945
0 0.662476 0.595067 0.071945 0.071945
0 0.662736 0.665891 0.061130 0.061130
0 0.445600 0.256319 0.071945 0.071945
0 0.219277 0.461916 0.061130 0.061130
0 0.110630 0.360758 0.071945 0.071945
0 0.277279 0.576454 0.052757 0.052757
0 0.956232 0.483634 0.061131 0.061131
0 0.542756 0.491569 0.057104 0.057104
0 0.907410 0.351515 0.061131 0.061131
0 0.317826 0.902208 0.071945 0.071945
0 0.119378 0.083944 0.071945 0.071945
0 0.099534 0.529051 0.061130 0.061130
0 0.070203 0.445386 0.062220 0.062220
0 0.213973 0.296572 0.062220 0.062220
0 0.329634 0.125572 0.061130 0.061130
0 0.461673 0.968847 0.061130 0.061130
0 0.556951 0.369695 0.052757 0.052757
0 0.119572 0.691352 0.052757 0.052757
0 0.269746 0.727637 0.057104 0.057104
0 0.264946 0.027833 0.061130 0.061130
0 0.414700 0.082368 0.104277 0.104277
0 0.578105 0.180241 0.071945 0.071945
0 0.786889 0.583559 0.052757 0.052757
0 0.268400 0.233959 0.061130 0.061130
0 0.368493 0.326495 0.057104 0.057104
0 0.260642 0.150277 0.104277 0.104277
0 0.468094 0.404111 0.062220 0.062220
0 0.465261 0.130905 0.104277 0.104277
0 0.444166 0.018215 0.052757 0.052757
0 0.474566 0.662776 0.104277 0.104277
0 0.829753 0.823070 0.052757 0.052757
0 0.751082 0.057903 0.062220 0.062220
0 0.210853 0.538551 0.104277 0.104277
0 0.741800 0.874934 0.052757 0.052757
0 0.171499 0.392572 0.071945 0.071945
0 0.561337 0.941321 0.057104 0.057104
0 0.414397 0.460200 0.104277 0.104277
0 0.893293 0.140599 0.104277 0.104277
0 0.569230 0.264157 0.057104 0.057104
0 0.052437 0.300736 0.050932 0.050932
0 0.937447 0.672737 0.057104 0.057104
0 0.189173 0.121850 0.052757 0.052757
0 0.956482 0.407238 0.071945 0.071945
0 0.806745 0.105821 0.071945 0.071945
0 0.166070 0.028910 0.061130 0.061130
0 0.525099 0.086965 0.052757 0.052757
0 0.379405 0.238412 0.057104 0.057104
0 0.770734 0.469650 0.104277 0.104277
0 0.961014 0.902192 0.061131 0.061131
0 0.162974 0.188876 0.061130 0.061130
0 0.025339 0.032035 0.071945 0.071945
0 0.474880 0.896311 0.050559 0.050559
0 0.947640 0.095968 0.061131 0.061131
0 0.604019 0.839090 0.061130 0.061130
0 0.733290 0.659462 0.071945 0.071945
0 0.835277 0.513848 0.057104 0.057104
0 0.875323 0.570986 0.104277 0.104277
0 0.376522 0.631867 0.061131 0.061131
0 0.223629 0.673192 0.104277 0.104277
0 0.732090 0.754015 0.071945 0.071945
0 0.680815 0.414947 0.052757 0.052757
0 0.608252 0.449174 0.104277 0.104277
0 0.123766 0.285561 0.062220 0.062220
0 0.298534 0.501919 0.071945 0.071945
0 0.129527 0.612948 0.061130 0.061130
0 0.538735 0.568139 0.071945 0.071945
0 0.030042 0.800398 0.104277 0.104277
0 0.844999 0.662590 0.104277 0.104277
0 0.569442 0.706079 0.104277 0.104277
0 0.743701 0.185720 0.057104 0.057104
0 0.078424 0.211116 0.071945 0.071945
0 0.069326 0.970658 0.104277 0.104277