0 0.151795 0.714476 0.062220 0.062220
0 0.459207 0.860080 0.062220 0.062220
0 0.948595 0.576907 0.071945 0.071945
0 0.750208 0.422252 0.104277 0.104277
0 0.812696 0.146478 0.052757 0.052757
0 0.957279 0.947239 0.061130 0.061130
0 0.992993 0.333224 0.061130 0.061130
0 0.485187 0.503446 0.052757 0.052757
0 0.496879 0.589995 0.104277 0.104277
0 0.337229 0.137453 0.061130 0.061130
0 0.843343 0.843620 0.104277 0.104277
0 0.255781 0.914367 0.052757 0.052757
0 0.802204 0.965231 0.104277 0.104277
0 0.094124 0.769358 0.071945 0.071945
0 0.711990 0.095935 0.052757 0.052757
0 0.733061 0.267162 0.052757 0.052757
0 0.846744 0.596362 0.062220 0.062220
0 0.214972 0.999037 0.062220 0.062220
0 0.476612 0.416025 0.104277 0.104277
0 0.809368 0.342297 0.071945 0.071945
0 0.558969 0.347823 0.104277 0.104277
0 0.483136 0.316883 0.061130 0.061130
0 0.872097 0.768620 0.057104 0.057104
0 0.390207 0.214840 0.104277 0.104277
0 0.225412 0.720538 0.061130 0.061130
0 0.944784 0.167854 0.104277 0.104277
0 0.205828 0.632655 0.052757 0.052757
0 0.940444 0.751056 0.104277 0.104277
0 0.825797 0.692118 0.061130 0.061130
0 0.705102 0.733992 0.057104 0.057104
0 0.610077 0.493878 0.104277 0.104277
0 0.366630 0.633482 0.061130 0.061130
0 0.447474 0.758940 0.062220 0.062220
0 0.062664 0.344174 0.061130 0.061130
0 0.642618 0.840750 0.057104 0.057104
0 0.758594 0.870841 0.104277 0.104277
0 0.109124 0.056086 0.052757 0.052757
0 0.489363 0.667150 0.057104 0.057104
0 0.307161 0.868593 0.062220 0.062220
0 0.332079 0.056323 0.104277 0.104277
0 0.405559 0.454805 0.052757 0.052757
0 0.887241 0.418586 0.052757 0.052757
0 0.021692 0.050284 0.052757 0.052757
0 0.014148 0.902071 0.062220 0.062220
0 0.525909 0.802593 0.057104 0.057104
0 0.268034 0.138380 0.052757 0.052757
0 0.697265 0.341341 0.104277 0.104277
0 0.644562 0.202987 0.057104 0.057104
0 0.849899 0.284591 0.052757 0.052757
0 0.337984 0.714694 0.061130 0.061130
0 0.547730 0.426973 0.061130 0.061130
0 0.983297 0.485163 0.071945 0.071945
0 0.222561 0.357524 0.104278 0.104278
0 0.771498 0.603712 0.062220 0.062220
0 0.289410 0.335915 0.052757 0.052757
0 0.569277 0.015041 0.061130 0.061130
0 0.986443 0.808023 0.057104 0.057104
0 0.303214 0.975725 0.062220 0.062220
0 0.724139 0.944562 0.057104 0.057104
0 0.627279 0.129579 0.052757 0.052757
0 0.892756 0.044694 0.057104 0.057104
0 0.799165 0.761550 0.104277 0.104277
0 0.081851 0.602216 0.062220 0.062220
0 0.298871 0.590939 0.057104 0.057104
0 0.592299 0.988226 0.062220 0.062220
0 0.667826 0.455333 0.071945 0.071945
0 0.449534 0.082176 0.061130 0.061130
0 0.089025 0.934222 0.062220 0.062220
0 0.456839 0.986985 0.104277 0.104277
0 0.811673 0.521972 0.061130 0.061130
0 0.469572 0.244477 0.052757 0.052757
0 0.619746 0.280762 0.057104 0.057104
0 0.255289 0.458408 0.057104 0.057104
0 0.182564 0.424788 0.071945 0.071945
0 0.082925 0.689562 0.052757 0.052757
0 0.622211 0.711281 0.062220 0.062220
0 0.599556 0.565137 0.071945 0.071945
0 0.121149 0.504354 0.052757 0.052757
0 0.313445 0.500246 0.071945 0.071945
0 0.015828 0.744080 0.057104 0.057104
0 0.049406 0.412758 0.057104 0.057104
0 0.019903 0.490580 0.104277 0.104277
0 0.824566 0.215901 0.104277 0.104277
0 0.857752 0.912956 0.062220 0.062220
0 0.731965 0.802303 0.071945 0.071945
0 0.560853 0.091676 0.104277 0.104277
0 0.911337 0.494446 0.057104 0.057104
0 0.764397 0.013325 0.104277 0.104277
0 0.262565 0.009764 0.071945 0.071945
0 0.408007 0.919005 0.104277 0.104277
0 0.192974 0.535139 0.052757 0.052757
0 0.969513 0.683408 0.062220 0.062220
0 0.824880 0.449436 0.050559 0.050559
0 0.135862 0.272779 0.104277 0.104277
0 0.954019 0.392215 0.061130 0.061130
0 0.639282 0.923783 0.052757 0.052757
0 0.186005 0.117014 0.104277 0.104277
0 0.925503 0.840371 0.071945 0.071945
0 0.726522 0.184992 0.061131 0.061131
0 0.573629 0.226317 0.104277 0.104277
0 0.958252 0.002299 0.104277 0.104277
0 0.091678 0.191791 0.052757 0.052757
0 0.175249 0.827707 0.057104 0.057104
0 0.060567 0.264427 0.061130 0.061130
0 0.566057 0.919061 0.052757 0.052757
0 0.183910 0.207377 0.062220 0.062220
0 0.250420 0.242419 0.071945 0.071945
0 0.648534 0.055044 0.071945 0.071945
0 0.479527 0.166073 0.061130 0.061130
0 0.888735 0.121264 0.071945 0.071945
0 0.599729 0.784447 0.061130 0.061130
0 0.271210 0.803791 0.104277 0.104277
0 0.380042 0.353523 0.104277 0.104277
0 0.919442 0.259204 0.104277 0.104277
0 0.153593 0.348795 0.052757 0.052757
0 0.683935 0.579118 0.052757 0.052757
0 0.419326 0.523783 0.104277 0.104277