0 0.589870 0.597823 0.062220 0.062220
0 0.338862 0.900856 0.104277 0.104277
0 0.543944 0.656665 0.062220 0.062220
0 0.690518 0.633677 0.070161 0.070161
0 0.192604 0.304338 0.062220 0.062220
0 0.321238 0.625289 0.104278 0.104278
0 0.440631 0.296696 0.057104 0.057104
0 0.960432 0.724874 0.071945 0.071945
0 0.479919 0.604801 0.071945 0.071945
0 0.776225 0.663430 0.062220 0.062220
0 0.793353 0.965722 0.061131 0.061131
0 0.454339 0.373381 0.062220 0.062220
0 0.001378 0.680173 0.104277 0.104277
0 0.812796 0.727266 0.104277 0.104277
0 0.987991 0.379657 0.052757 0.052757
0 0.221334 0.662868 0.071945 0.071945
0 0.727255 0.572901 0.061130 0.061130
0 0.318437 0.997099 0.057104 0.057104
0 0.440140 0.456142 0.071945 0.071945
0 0.267007 0.945968 0.104277 0.104277
0 0.856765 0.862192 0.071945 0.071945
0 0.374444 0.395143 0.104277 0.104277
0 0.190685 0.470923 0.104277 0.104277
0 0.317906 0.507580 0.057104 0.057104
0 0.309989 0.370879 0.071945 0.071945
0 0.542654 0.977429 0.104277 0.104277
0 0.920981 0.458706 0.071945 0.071945
0 0.526852 0.327135 0.071945 0.071945
0 0.233368 0.814916 0.052757 0.052757
0 0.707816 0.796493 0.104277 0.104277
0 0.808680 0.541090 0.057104 0.057104
0 0.500429 0.798277 0.062220 0.062220
0 0.809436 0.343946 0.061131 0.061131
0 0.086179 0.740494 0.062220 0.062220
0 0.108280 0.379628 0.104277 0.104277
0 0.779152 0.443221 0.071945 0.071945
0 0.668607 0.503403 0.071945 0.071945
0 0.600046 0.778154 0.062220 0.062220
0 0.031637 0.856385 0.061130 0.061130
0 0.530249 0.438457 0.052757 0.052757
0 0.407571 0.701281 0.071945 0.071945
0 0.398237 0.937065 0.052757 0.052757
0 0.906271 0.361235 0.052757 0.052757
0 0.842100 0.606729 0.062220 0.062220
0 0.041396 0.517474 0.104277 0.104277
0 0.112500 0.467063 0.057104 0.057104
0 0.099048 0.824976 0.061130 0.061130
0 0.585846 0.493568 0.052757 0.052757
0 0.886664 0.790667 0.061131 0.061131
0 0.639529 0.322532 0.071945 0.071945
0 0.177162 0.764375 0.071945 0.071945
0 0.790508 0.827985 0.061131 0.061131
0 0.139076 0.543735 0.104277 0.104277
0 0.970514 0.299450 0.062220 0.062220
0 0.663463 0.403785 0.057104 0.057104
0 0.035589 0.614864 0.057104 0.057104
0 0.116149 0.937027 0.057104 0.057104
0 0.279973 0.446479 0.062220 0.062220
0 0.350001 0.277059 0.104277 0.104277
0 0.753492 0.906148 0.052757 0.052757
0 0.658459 0.706181 0.052757 0.052757
0 0.905605 0.639844 0.071945 0.071945
0 0.986779 0.501847 0.071945 0.071945
0 0.722233 0.290377 0.104277 0.104277
0 0.631543 0.931563 0.104277 0.104277
0 0.353912 0.831466 0.104277 0.104277
0 0.316613 0.702366 0.052757 0.052757
0 0.537112 0.736129 0.057104 0.057104
0 0.419497 0.860555 0.071945 0.071945
0 0.495641 0.500992 0.104277 0.104277
0 0.917185 0.562894 0.071945 0.071945
0 0.413634 0.623059 0.056505 0.056505
0 0.922430 0.913811 0.104277 0.104277
0 0.052653 0.984705 0.062220 0.062220
0 0.988772 0.983248 0.052757 0.052757
0 0.995927 0.848792 0.071945 0.071945
0 0.633726 0.844412 0.057104 0.057104
0 0.407931 0.554370 0.061130 0.061130
0 0.740832 0.504455 0.057103 0.057103
0 0.484448 0.885711 0.057104 0.057104
0 0.207485 0.578172 0.062220 0.062220
0 0.118036 0.284115 0.062220 0.062220
0 0.144748 0.698591 0.057104 0.057104
0 0.171927 0.994220 0.057104 0.057104
0 0.224761 0.365422 0.061130 0.061130
0 0.893549 0.290799 0.057104 0.057104
0 0.019416 0.373044 0.057104 0.057104
0 0.876329 0.972948 0.052757 0.052757