0 0.303342 0.318227 0.104277 0.104277
0 0.259794 0.106236 0.061130 0.061130
0 0.662739 0.067945 0.052757 0.052757
0 0.453632 0.315903 0.062220 0.062220
0 0.485279 0.067985 0.104277 0.104277
0 0.160565 0.068134 0.052757 0.052757
0 0.785344 0.825832 0.071945 0.071945
0 0.031458 0.962877 0.104277 0.104277
0 0.093946 0.687103 0.052757 0.052757
0 0.563143 0.114510 0.071945 0.071945
0 0.274243 0.873849 0.061130 0.061130
0 0.680521 0.998826 0.104277 0.104277
0 0.816890 0.306378 0.047276 0.047276
0 0.707244 0.612979 0.062220 0.062220
0 0.447187 0.835725 0.071945 0.071945
0 0.014311 0.807787 0.052757 0.052757
0 0.297466 0.233042 0.057104 0.057104
0 0.090618 0.882922 0.071945 0.071945
0 0.333328 0.419678 0.051819 0.051819
0 0.808129 0.048011 0.071945 0.071945
0 0.237472 0.032773 0.061131 0.061131
0 0.513476 0.363391 0.052757 0.052757
0 0.226034 0.708479 0.104277 0.104277
0 0.525895 0.954583 0.104277 0.104277
0 0.643674 0.765776 0.071945 0.071945
0 0.574752 0.311906 0.057103 0.057103
0 0.648421 0.697330 0.062220 0.062220
0 0.586377 0.893081 0.057104 0.057104
0 0.529094 0.824865 0.062220 0.062220
0 0.490368 0.151239 0.036679 0.036679
0 0.609406 0.429246 0.104277 0.104277
0 0.324130 0.081850 0.057104 0.057104
0 0.409169 0.490022 0.104277 0.104277
0 0.714743 0.797558 0.061130 0.061130
0 0.404306 0.416729 0.071945 0.071945
0 0.800898 0.412303 0.071945 0.071945
0 0.058898 0.034483 0.071945 0.071945
0 0.168491 0.959211 0.052757 0.052757
0 0.110777 0.429438 0.052757 0.052757
0 0.706737 0.444114 0.061131 0.061131
0 0.131149 0.825216 0.052757 0.052757
0 0.822776 0.195376 0.057104 0.057104
0 0.325624 0.576651 0.054783 0.054783
0 0.630551 0.137394 0.062220 0.062220
0 0.493176 0.510563 0.057103 0.057103
0 0.293726 0.688817 0.071945 0.071945
0 0.293986 0.759641 0.061130 0.061130
0 0.076850 0.350069 0.071945 0.071945
0 0.587482 0.577384 0.061131 0.061131
0 0.174006 0.585319 0.057104 0.057104
0 0.538660 0.445265 0.061131 0.061131
0 0.130117 0.000932 0.057104 0.057104
0 0.804231 0.537807 0.071945 0.071945
0 0.809613 0.676332 0.104278 0.104278
0 0.739214 0.298245 0.062220 0.062220
0 0.565333 0.042242 0.061130 0.061130
0 0.188201 0.463445 0.052757 0.052757
0 0.804654 0.958527 0.061130 0.061130
0 0.436669 0.006110 0.062220 0.062220
0 0.045950 0.176118 0.104277 0.104277
0 0.209355 0.273991 0.071945 0.071945
0 0.740818 0.510910 0.104278 0.104278
0 0.418139 0.677309 0.052757 0.052757
0 0.713798 0.153318 0.104277 0.104277
0 0.099344 0.497861 0.062220 0.062220
0 0.664171 0.550489 0.062220 0.062220
0 0.096511 0.224655 0.104277 0.104277
0 0.075416 0.111965 0.052757 0.052757
0 0.105816 0.756526 0.104277 0.104277
0 0.461003 0.916820 0.052757 0.052757
0 0.382332 0.151653 0.062220 0.062220
0 0.373050 0.968684 0.052757 0.052757
0 0.045647 0.553950 0.104277 0.104277
0 0.524543 0.234349 0.104277 0.104277
0 0.200480 0.357907 0.057104 0.057104
0 0.663060 0.902224 0.061131 0.061131
0 0.568697 0.766487 0.057104 0.057104
0 0.587732 0.500988 0.071945 0.071945
0 0.437995 0.199571 0.071945 0.071945
0 0.156349 0.180715 0.052757 0.052757
0 0.010655 0.332162 0.057104 0.057104
0 0.401984 0.563400 0.104277 0.104277
0 0.592264 0.995942 0.061131 0.061131
0 0.106130 0.990061 0.050559 0.050559
0 0.578890 0.189718 0.061131 0.061131
0 0.235269 0.932840 0.061130 0.061130
0 0.364540 0.753212 0.071945 0.071945
0 0.466527 0.607598 0.057104 0.057104
0 0.506573 0.664736 0.104277 0.104277
0 0.007772 0.725617 0.061131 0.061131
0 0.363340 0.847765 0.071945 0.071945
0 0.312065 0.508697 0.052757 0.052757
0 0.239502 0.542924 0.104277 0.104277
0 0.750183 0.915718 0.052757 0.052757
0 0.671558 0.226715 0.071945 0.071945
0 0.169985 0.661889 0.071945 0.071945
0 0.476249 0.756340 0.104277 0.104277
0 0.200692 0.799829 0.104277 0.104277
0 0.752458 0.721885 0.061131 0.061131
0 0.374951 0.279470 0.057104 0.057104
0 0.644702 0.362201 0.061131 0.061131