0 0.123670 0.620726 0.062220 0.062220
0 0.469308 0.960354 0.062220 0.062220
0 0.431082 0.766330 0.062220 0.062220
0 0.920470 0.483157 0.071945 0.071945
0 0.722083 0.328502 0.104277 0.104277
0 0.784571 0.052728 0.052757 0.052757
0 0.929154 0.853489 0.061130 0.061130
0 0.964868 0.239474 0.061130 0.061130
0 0.457062 0.409696 0.052757 0.052757
0 0.991281 0.961581 0.104277 0.104277
0 0.468754 0.496245 0.104277 0.104277
0 0.309104 0.043703 0.061130 0.061130
0 0.815218 0.749870 0.104277 0.104277
0 0.227656 0.820617 0.052757 0.052757
0 0.774079 0.871481 0.104277 0.104277
0 0.660595 0.913455 0.071945 0.071945
0 0.065999 0.675608 0.071945 0.071945
0 0.683865 0.002185 0.052757 0.052757
0 0.704936 0.173412 0.052757 0.052757
0 0.818619 0.502612 0.062220 0.062220
0 0.186847 0.905287 0.062220 0.062220
0 0.448487 0.322275 0.104277 0.104277
0 0.781243 0.248547 0.071945 0.071945
0 0.530844 0.254073 0.104277 0.104277
0 0.455011 0.223133 0.061130 0.061130
0 0.116799 0.935923 0.104277 0.104277
0 0.843972 0.674870 0.057104 0.057104
0 0.362082 0.121090 0.104277 0.104277
0 0.197287 0.626788 0.061130 0.061130
0 0.916659 0.074104 0.104277 0.104277
0 0.177703 0.538905 0.052757 0.052757
0 0.912319 0.657306 0.104277 0.104277
0 0.797672 0.598368 0.061130 0.061130
0 0.676977 0.640242 0.057104 0.057104
0 0.581952 0.400128 0.104277 0.104277
0 0.338505 0.539732 0.061130 0.061130
0 0.419349 0.665190 0.062220 0.062220
0 0.034539 0.250424 0.061130 0.061130
0 0.614493 0.747000 0.057104 0.057104
0 0.730469 0.777091 0.104277 0.104277
0 0.461238 0.573400 0.057104 0.057104
0 0.669906 0.986420 0.071945 0.071945
0 0.279036 0.774843 0.062220 0.062220
0 0.377434 0.361055 0.052757 0.052757
0 0.859116 0.324836 0.052757 0.052757
0 0.497784 0.708843 0.057104 0.057104
0 0.239909 0.044630 0.052757 0.052757
0 0.669140 0.247591 0.104277 0.104277
0 0.616437 0.109237 0.057104 0.057104
0 0.821774 0.190841 0.052757 0.052757
0 0.309859 0.620944 0.061130 0.061130
0 0.996779 0.462962 0.061131 0.061131
0 0.519605 0.333223 0.061130 0.061130
0 0.955172 0.391413 0.071945 0.071945
0 0.984351 0.054442 0.071945 0.071945
0 0.194436 0.263774 0.104278 0.104278
0 0.743373 0.509962 0.062220 0.062220
0 0.984611 0.125266 0.061130 0.061130
0 0.261285 0.242165 0.052757 0.052757
0 0.958318 0.714273 0.057104 0.057104
0 0.275089 0.881975 0.062220 0.062220
0 0.696014 0.850812 0.057104 0.057104
0 0.599154 0.035829 0.052757 0.052757
0 0.771040 0.667800 0.104277 0.104277
0 0.053726 0.508466 0.062220 0.062220
0 0.270746 0.497189 0.057104 0.057104
0 0.564174 0.894476 0.062220 0.062220
0 0.639701 0.361583 0.071945 0.071945
0 0.060900 0.840472 0.062220 0.062220
0 0.332955 0.927316 0.062220 0.062220
0 0.428714 0.893235 0.104277 0.104277
0 0.783548 0.428222 0.061130 0.061130
0 0.441447 0.150727 0.052757 0.052757
0 0.591621 0.187012 0.057104 0.057104
0 0.227164 0.364658 0.057104 0.057104
0 0.154439 0.331038 0.071945 0.071945
0 0.054800 0.595812 0.052757 0.052757
0 0.594086 0.617531 0.062220 0.062220
0 0.571431 0.471387 0.071945 0.071945
0 0.728985 0.937565 0.062220 0.062220
0 0.093024 0.410604 0.052757 0.052757
0 0.285320 0.406496 0.071945 0.071945
0 0.021281 0.319008 0.057104 0.057104
0 0.796441 0.122151 0.104277 0.104277
0 0.829627 0.819206 0.062220 0.062220
0 0.703840 0.708553 0.071945 0.071945
0 0.883212 0.400696 0.057104 0.057104
0 0.379882 0.825255 0.104277 0.104277
0 0.980476 0.781275 0.104277 0.104277
0 0.164849 0.441389 0.052757 0.052757
0 0.941388 0.589658 0.062220 0.062220
0 0.796755 0.355686 0.050559 0.050559
0 0.107737 0.179029 0.104277 0.104277
0 0.925894 0.298465 0.061130 0.061130
0 0.611157 0.830033 0.052757 0.052757
0 0.157880 0.023264 0.104277 0.104277
0 0.897378 0.746621 0.071945 0.071945
0 0.026516 0.941109 0.057104 0.057104
0 0.698397 0.091242 0.061131 0.061131
0 0.545504 0.132567 0.104277 0.104277
0 0.063553 0.098041 0.052757 0.052757
0 0.147124 0.733957 0.057104 0.057104
0 0.032442 0.170677 0.061130 0.061130
0 0.855928 0.946731 0.104277 0.104277
0 0.537932 0.825311 0.052757 0.052757
0 0.155785 0.113627 0.062220 0.062220
0 0.222295 0.148669 0.071945 0.071945
0 0.451402 0.072323 0.061130 0.061130
0 0.860610 0.027514 0.071945 0.071945
0 0.571604 0.690697 0.061130 0.061130
0 0.243085 0.710041 0.104277 0.104277
0 0.351917 0.259773 0.104277 0.104277
0 0.891317 0.165454 0.104277 0.104277
0 0.125468 0.255045 0.052757 0.052757
0 0.655810 0.485368 0.052757 0.052757
0 0.391201 0.430033 0.104277 0.104277