0 0.513785 0.627052 0.062220 0.062220
0 0.438342 0.854268 0.052757 0.052757
0 0.432612 0.091481 0.104277 0.104277
0 0.460670 0.501437 0.057103 0.057103
0 0.629723 0.748728 0.071945 0.071945
0 0.094270 0.474723 0.104277 0.104277
0 0.676971 0.811167 0.061130 0.061130
0 0.232016 0.547082 0.052757 0.052757
0 0.855105 0.935122 0.052757 0.052757
0 0.980093 0.551006 0.061131 0.061131
0 0.922305 0.871031 0.052757 0.052757
0 0.005740 0.829147 0.104278 0.104278
0 0.665475 0.251627 0.057104 0.057104
0 0.915219 0.472313 0.062220 0.062220
0 0.392790 0.323575 0.104277 0.104277
0 0.376832 0.765762 0.071945 0.071945
0 0.306587 0.758677 0.057104 0.057104
0 0.887103 0.156347 0.061131 0.061131
0 0.201551 0.256634 0.104277 0.104277
0 0.574640 0.924669 0.057104 0.057104
0 0.412187 0.187724 0.057104 0.057104
0 0.059386 0.278465 0.062220 0.062220
0 0.071051 0.168687 0.062220 0.062220
0 0.603240 0.406758 0.057104 0.057104
0 0.360757 0.136593 0.104277 0.104277
0 0.950515 0.052817 0.071945 0.071945
0 0.132696 0.314986 0.062220 0.062220
0 0.721829 0.688860 0.061130 0.061130
0 0.636404 0.168054 0.104277 0.104277
0 0.523263 0.449193 0.052757 0.052757
0 0.327118 0.005541 0.052757 0.052757
0 0.276438 0.472535 0.062220 0.062220
0 0.993966 0.753150 0.104277 0.104277
0 0.448504 0.252223 0.057104 0.057104
0 0.605658 0.501258 0.057104 0.057104
0 0.507763 0.888621 0.104277 0.104277
0 0.371803 0.666799 0.057104 0.057104
0 0.613519 0.668546 0.057104 0.057104
0 0.279158 0.843928 0.057104 0.057104
0 0.654048 0.330587 0.052757 0.052757
0 0.725239 0.399668 0.104277 0.104277
0 0.482085 0.782883 0.104277 0.104277
0 0.766128 0.900286 0.052757 0.052757
0 0.125387 0.047010 0.061130 0.061130
0 0.064703 0.612986 0.062220 0.062220
0 0.497178 0.975183 0.104277 0.104277
0 0.286642 0.676182 0.052757 0.052757
0 0.481343 0.688152 0.052757 0.052757
0 0.298254 0.607473 0.061130 0.061130
0 0.666707 0.601645 0.104277 0.104277
0 0.802016 0.484842 0.061130 0.061130
0 0.491987 0.127690 0.052757 0.052757
0 0.537929 0.339273 0.057104 0.057104
0 0.367208 0.522291 0.071945 0.071945
0 0.884502 0.382630 0.104277 0.104277
0 0.205222 0.934914 0.061130 0.061130
0 0.789427 0.219993 0.062220 0.062220
0 0.192798 0.015601 0.061130 0.061130
0 0.572095 0.850922 0.062220 0.062220
0 0.350007 0.263441 0.052757 0.052757
0 0.886427 0.790619 0.052757 0.052757
0 0.879194 0.560956 0.062220 0.062220
0 0.082848 0.999065 0.061130 0.061130
0 0.884258 0.018610 0.061131 0.061131
0 0.146369 0.384642 0.057104 0.057104
0 0.682371 0.475366 0.061130 0.061130
0 0.209899 0.127652 0.057104 0.057104
0 0.843959 0.624574 0.104278 0.104278
0 0.847242 0.096773 0.052757 0.052757
0 0.926876 0.291594 0.061131 0.061131
0 0.224405 0.635618 0.061130 0.061130
0 0.008354 0.138794 0.061130 0.061130
0 0.191017 0.472804 0.062220 0.062220
0 0.368835 0.871414 0.057104 0.057104
0 0.679343 0.880321 0.057104 0.057104
0 0.098326 0.918477 0.057104 0.057104
0 0.171031 0.813588 0.104277 0.104277
0 0.900977 0.690485 0.062220 0.062220
0 0.779534 0.805061 0.057104 0.057104
0 0.725293 0.122188 0.104277 0.104277
0 0.503811 0.202175 0.061130 0.061130
0 0.447662 0.022091 0.104277 0.104277
0 0.368599 0.949523 0.061130 0.061130
0 0.298436 0.936802 0.062220 0.062220
0 0.643451 0.954786 0.048997 0.048997
0 0.022723 0.544508 0.061130 0.061130
0 0.932897 0.622856 0.071945 0.071945
0 0.214422 0.394869 0.057104 0.057104
0 0.846477 0.859417 0.062220 0.062220
0 0.069955 0.760180 0.104277 0.104277
0 0.513247 0.051180 0.071945 0.071945
0 0.072790 0.402218 0.052757 0.052757
0 0.743810 0.277622 0.061130 0.061130
0 0.580120 0.585968 0.057104 0.057104
0 0.778536 0.582654 0.104277 0.104277
0 0.454878 0.576317 0.104277 0.104277
0 0.973098 0.679782 0.052757 0.052757
0 0.028497 0.917525 0.057104 0.057104
0 0.784569 0.350535 0.061130 0.061130
0 0.146403 0.175330 0.062220 0.062220
0 0.961550 0.392556 0.071945 0.071945
0 0.727476 0.035037 0.057104 0.057104
0 0.479005 0.381394 0.062220 0.062220
0 0.830015 0.289345 0.071945 0.071945
0 0.108337 0.550190 0.071945 0.071945
0 0.578198 0.076336 0.057104 0.057104
0 0.177187 0.737125 0.061130 0.061130
0 0.260275 0.304550 0.104277 0.104277
0 0.378816 0.440249 0.052757 0.052757
0 0.265677 0.184845 0.057104 0.057104
0 0.561252 0.773030 0.057104 0.057104
0 0.326067 0.365706 0.062220 0.062220
0 0.970079 0.163573 0.052757 0.052757
0 0.012808 0.223593 0.061130 0.061130
0 0.145209 0.673315 0.062220 0.062220