0 0.984592 0.140102 0.104277 0.104277
0 0.657052 0.347630 0.104278 0.104278
0 0.911095 0.939407 0.071945 0.071945
0 0.712708 0.784752 0.104277 0.104277
0 0.775196 0.508978 0.052757 0.052757
0 0.955493 0.695724 0.061130 0.061130
0 0.447687 0.865946 0.052757 0.052757
0 0.459379 0.952495 0.104277 0.104277
0 0.299729 0.499953 0.061130 0.061130
0 0.674490 0.458435 0.052757 0.052757
0 0.695561 0.629662 0.052757 0.052757
0 0.809244 0.958862 0.062220 0.062220
0 0.439112 0.778525 0.104277 0.104277
0 0.978716 0.054917 0.057104 0.057104
0 0.771868 0.704797 0.071945 0.071945
0 0.521469 0.710323 0.104277 0.104277
0 0.445636 0.679383 0.061130 0.061130
0 0.309697 0.264287 0.057104 0.057104
0 0.352707 0.577340 0.104277 0.104277
0 0.385556 0.050936 0.057104 0.057104
0 0.907284 0.530354 0.104277 0.104277
0 0.168328 0.995155 0.052757 0.052757
0 0.572577 0.856378 0.104277 0.104277
0 0.329130 0.995982 0.061130 0.061130
0 0.025164 0.706674 0.061130 0.061130
0 0.606898 0.259068 0.052757 0.052757
0 0.012588 0.245140 0.071945 0.071945
0 0.151193 0.349662 0.104277 0.104277
0 0.071624 0.418586 0.052757 0.052757
0 0.294579 0.418823 0.104277 0.104277
0 0.368059 0.817305 0.052757 0.052757
0 0.849741 0.781086 0.052757 0.052757
0 0.792027 0.251313 0.052757 0.052757
0 0.230534 0.500880 0.052757 0.052757
0 0.659765 0.703841 0.104277 0.104277
0 0.607062 0.565487 0.057104 0.057104
0 0.812399 0.647091 0.052757 0.052757
0 0.987404 0.919212 0.061131 0.061131
0 0.510230 0.789473 0.061130 0.061130
0 0.945797 0.847663 0.071945 0.071945
0 0.974976 0.510692 0.071945 0.071945
0 0.185061 0.720024 0.104278 0.104278
0 0.733998 0.966212 0.062220 0.062220
0 0.975236 0.581516 0.061130 0.061130
0 0.758100 0.171944 0.071945 0.071945
0 0.251910 0.698415 0.052757 0.052757
0 0.531777 0.377541 0.061130 0.061130
0 0.423130 0.276383 0.071945 0.071945
0 0.589779 0.492079 0.052757 0.052757
0 0.855256 0.407194 0.057104 0.057104
0 0.044351 0.964716 0.062220 0.062220
0 0.261371 0.953439 0.057104 0.057104
0 0.132963 0.157887 0.061130 0.061130
0 0.630326 0.817833 0.071945 0.071945
0 0.412034 0.444676 0.061130 0.061130
0 0.382703 0.361011 0.062220 0.062220
0 0.526473 0.212197 0.062220 0.062220
0 0.642134 0.041197 0.061130 0.061130
0 0.774173 0.884472 0.061130 0.061130
0 0.869451 0.285320 0.052757 0.052757
0 0.432072 0.606977 0.052757 0.052757
0 0.582246 0.643262 0.057104 0.057104
0 0.217789 0.820908 0.057104 0.057104
0 0.085831 0.307665 0.104277 0.104277
0 0.145064 0.787288 0.071945 0.071945
0 0.562056 0.927637 0.071945 0.071945
0 0.890605 0.095866 0.071945 0.071945
0 0.083649 0.866854 0.052757 0.052757
0 0.275945 0.862746 0.071945 0.071945
0 0.580900 0.149584 0.061130 0.061130
0 0.680993 0.242120 0.057104 0.057104
0 0.573142 0.065902 0.104277 0.104277
0 0.780594 0.319736 0.062220 0.062220
0 0.011906 0.775258 0.057104 0.057104
0 0.777761 0.046530 0.104277 0.104277
0 0.787066 0.578401 0.104277 0.104277
0 0.523353 0.454176 0.104277 0.104277
0 0.483999 0.308197 0.071945 0.071945
0 0.026141 0.159323 0.104277 0.104277
0 0.873837 0.856946 0.057104 0.057104
0 0.726897 0.375825 0.104277 0.104277
0 0.881730 0.179782 0.057104 0.057104
0 0.225065 0.372264 0.071945 0.071945
0 0.364937 0.216361 0.050932 0.050932
0 0.501673 0.037475 0.052757 0.052757
0 0.155474 0.897639 0.052757 0.052757
0 0.837599 0.002590 0.052757 0.052757
0 0.691905 0.154037 0.057104 0.057104
0 0.225394 0.270997 0.071945 0.071945
0 0.133031 0.034168 0.104277 0.104277
0 0.475474 0.104501 0.061130 0.061130
0 0.787380 0.811936 0.050559 0.050559
0 0.098362 0.635279 0.104277 0.104277
0 0.916519 0.754715 0.061130 0.061130
0 0.148505 0.479514 0.104277 0.104277
0 0.689022 0.547492 0.061131 0.061131
0 0.536129 0.588817 0.104277 0.104277
0 0.139011 0.255816 0.052757 0.052757
0 0.993315 0.330572 0.052757 0.052757
0 0.920752 0.364799 0.104277 0.104277
0 0.436266 0.201186 0.062220 0.062220
0 0.232021 0.179090 0.062220 0.062220
0 0.054178 0.554291 0.052757 0.052757
0 0.023067 0.626927 0.061130 0.061130
0 0.146410 0.569877 0.062220 0.062220
0 0.212920 0.604919 0.071945 0.071945
0 0.611034 0.417544 0.071945 0.071945
0 0.442027 0.528573 0.061130 0.061130
0 0.081789 0.089095 0.071945 0.071945
0 0.851235 0.483764 0.071945 0.071945
0 0.176874 0.094064 0.047555 0.047555
0 0.310974 0.118860 0.052757 0.052757
0 0.342542 0.716023 0.104277 0.104277
0 0.881942 0.621704 0.104277 0.104277
0 0.116093 0.711295 0.052757 0.052757
0 0.646435 0.941618 0.052757 0.052757
0 0.306694 0.336965 0.071945 0.071945
0 0.390924 0.126741 0.071945 0.071945
0 0.381826 0.886283 0.104277 0.104277