0 0.460177 0.175755 0.104278 0.104278
0 0.714220 0.767532 0.071945 0.071945
0 0.989341 0.735511 0.071945 0.071945
0 0.515833 0.612877 0.104277 0.104277
0 0.578321 0.337103 0.052757 0.052757
0 0.758618 0.523849 0.061130 0.061130
0 0.250812 0.694071 0.052757 0.052757
0 0.262504 0.780620 0.104277 0.104277
0 0.102854 0.328078 0.061130 0.061130
0 0.477615 0.286560 0.052757 0.052757
0 0.931562 0.485725 0.071945 0.071945
0 0.498686 0.457787 0.052757 0.052757
0 0.612369 0.786987 0.062220 0.062220
0 0.242237 0.606650 0.104277 0.104277
0 0.574993 0.532922 0.071945 0.071945
0 0.324594 0.538448 0.104277 0.104277
0 0.817703 0.069678 0.051819 0.051819
0 0.248761 0.507508 0.061130 0.061130
0 0.112822 0.092412 0.057104 0.057104
0 0.637722 0.959245 0.057104 0.057104
0 0.997851 0.013391 0.052757 0.052757
0 0.155832 0.405465 0.104277 0.104277
0 0.710409 0.358479 0.104277 0.104277
0 0.706069 0.941681 0.104277 0.104277
0 0.591422 0.882743 0.061130 0.061130
0 0.470727 0.924617 0.057104 0.057104
0 0.375702 0.684503 0.104277 0.104277
0 0.132255 0.824107 0.061130 0.061130
0 0.213099 0.949565 0.062220 0.062220
0 0.866461 0.843943 0.052757 0.052757
0 0.410023 0.087193 0.052757 0.052757
0 0.254988 0.857775 0.057104 0.057104
0 0.893544 0.140022 0.104277 0.104277
0 0.888681 0.066729 0.071945 0.071945
0 0.097704 0.246948 0.104277 0.104277
0 0.171184 0.645430 0.052757 0.052757
0 0.652866 0.609211 0.052757 0.052757
0 0.938018 0.937995 0.104277 0.104277
0 0.595152 0.079438 0.052757 0.052757
0 0.291534 0.993218 0.057104 0.057104
0 0.033659 0.329005 0.052757 0.052757
0 0.462890 0.531966 0.104277 0.104277
0 0.410187 0.393612 0.057104 0.057104
0 0.615524 0.475216 0.052757 0.052757
0 0.809999 0.226651 0.054783 0.054783
0 0.103609 0.905319 0.061130 0.061130
0 0.946842 0.671787 0.062220 0.062220
0 0.790529 0.747337 0.061131 0.061131
0 0.977551 0.160563 0.057103 0.057103
0 0.313355 0.617598 0.061130 0.061130
0 0.748922 0.675788 0.071945 0.071945
0 0.778101 0.338817 0.071945 0.071945
0 0.537123 0.794337 0.062220 0.062220
0 0.778361 0.409641 0.061130 0.061130
0 0.561225 0.000069 0.071945 0.071945
0 0.055035 0.526540 0.052757 0.052757
0 0.334902 0.205666 0.061130 0.061130
0 0.752068 0.998648 0.057104 0.057104
0 0.226255 0.104508 0.071945 0.071945
0 0.392904 0.320204 0.052757 0.052757
0 0.658381 0.235319 0.057104 0.057104
0 0.564790 0.952175 0.104277 0.104277
0 0.064496 0.781564 0.057104 0.057104
0 0.433451 0.645958 0.071945 0.071945
0 0.215159 0.272801 0.061130 0.061130
0 0.185828 0.189136 0.062220 0.062220
0 0.867752 0.753059 0.052757 0.052757
0 0.329598 0.040322 0.062220 0.062220
0 0.577298 0.712597 0.061130 0.061130
0 0.672576 0.113445 0.052757 0.052757
0 0.235197 0.435102 0.052757 0.052757
0 0.385371 0.471387 0.057104 0.057104
0 0.020914 0.649033 0.057104 0.057104
0 0.850861 0.960169 0.062220 0.062220
0 0.387836 0.901906 0.062220 0.062220
0 0.365181 0.755762 0.071945 0.071945
0 0.079070 0.690871 0.071945 0.071945
0 0.902514 0.327309 0.052757 0.052757
0 0.484118 0.070245 0.057104 0.057104
0 0.583719 0.147861 0.062220 0.062220
0 0.590191 0.406526 0.104277 0.104277
0 0.945378 0.566820 0.052757 0.052757
0 0.497590 0.992928 0.071945 0.071945
0 0.326478 0.282301 0.104277 0.104277
0 0.857425 0.618684 0.052757 0.052757
0 0.287124 0.136322 0.071945 0.071945
0 0.676962 0.685071 0.057104 0.057104
0 0.530022 0.203950 0.104277 0.104277
0 0.684855 0.007907 0.057104 0.057104
0 0.028190 0.200389 0.071945 0.071945
0 0.168062 0.044486 0.050932 0.050932
0 0.886359 0.213400 0.104277 0.104277
0 0.944447 0.845120 0.055027 0.055027
0 0.028519 0.099122 0.071945 0.071945
0 0.735138 0.874033 0.062220 0.062220
0 0.590505 0.640061 0.050559 0.050559
0 0.719644 0.582840 0.061130 0.061130
0 0.848915 0.403212 0.071945 0.071945
0 0.950902 0.257598 0.057104 0.057104
0 0.990948 0.314736 0.104277 0.104277
0 0.492147 0.375617 0.061131 0.061131
0 0.339254 0.416942 0.104277 0.104277
0 0.847715 0.497765 0.071945 0.071945
0 0.807177 0.886843 0.104277 0.104277
0 0.796440 0.158697 0.052757 0.052757
0 0.723877 0.192924 0.104277 0.104277
0 0.239391 0.029311 0.062220 0.062220
0 0.035146 0.007215 0.062220 0.062220
0 0.016045 0.433044 0.071945 0.071945
0 0.414159 0.245669 0.071945 0.071945
0 0.245152 0.356698 0.061130 0.061130
0 0.654360 0.311889 0.071945 0.071945
0 0.365354 0.975072 0.061130 0.061130
0 0.036835 0.994416 0.104277 0.104277
0 0.145667 0.544148 0.104277 0.104277
0 0.960624 0.406340 0.104277 0.104277
0 0.685067 0.449829 0.104277 0.104277
0 0.449560 0.769743 0.052757 0.052757
0 0.109819 0.165090 0.071945 0.071945
0 0.184951 0.714408 0.104277 0.104277