0 0.207970 0.661282 0.071945 0.071945
0 0.483091 0.629261 0.071945 0.071945
0 0.763469 0.369582 0.071945 0.071945
0 0.009583 0.506627 0.104277 0.104277
0 0.515219 0.744631 0.052757 0.052757
0 0.072071 0.230853 0.052757 0.052757
0 0.753502 0.851785 0.061131 0.061131
0 0.659379 0.968119 0.062220 0.062220
0 0.252368 0.417599 0.061130 0.061130
0 0.658646 0.542576 0.104277 0.104277
0 0.102718 0.927995 0.104277 0.104277
0 0.685369 0.156729 0.062220 0.062220
0 0.425312 0.379475 0.071945 0.071945
0 0.106119 0.680737 0.062220 0.062220
0 0.068743 0.426672 0.071945 0.071945
0 0.535534 0.990915 0.104277 0.104277
0 0.131472 0.852995 0.057104 0.057104
0 0.625642 0.705695 0.104277 0.104277
0 0.580781 0.896814 0.071945 0.071945
0 0.790839 0.789438 0.052757 0.052757
0 0.204159 0.252229 0.104277 0.104277
0 0.504020 0.498333 0.104277 0.104277
0 0.621799 0.309526 0.071945 0.071945
0 0.199819 0.835431 0.104277 0.104277
0 0.626546 0.241080 0.062220 0.062220
0 0.085172 0.776493 0.061130 0.061130
0 0.564502 0.436831 0.057104 0.057104
0 0.607469 0.610506 0.062220 0.062220
0 0.360211 0.737693 0.052757 0.052757
0 0.507219 0.368615 0.062220 0.062220
0 0.017969 0.955216 0.104277 0.104277
0 0.387294 0.033772 0.104277 0.104277
0 0.327428 0.924561 0.071945 0.071945
0 0.692868 0.341308 0.061130 0.061130
0 0.537432 0.839570 0.102474 0.102474
0 0.146616 0.502961 0.052757 0.052757
0 0.431768 0.831745 0.104277 0.104277
0 0.109274 0.368966 0.052757 0.052757
0 0.303749 0.120401 0.054783 0.054783
0 0.440592 0.565537 0.062220 0.062220
0 0.284279 0.641087 0.061131 0.061131
0 0.471301 0.054313 0.057103 0.057103
0 0.242672 0.569538 0.071945 0.071945
0 0.271851 0.232567 0.071945 0.071945
0 0.030873 0.688087 0.062220 0.062220
0 0.272111 0.303391 0.061130 0.061130
0 0.245818 0.892398 0.057104 0.057104
0 0.565607 0.121134 0.061131 0.061131
0 0.152131 0.129069 0.057104 0.057104
0 0.058540 0.845925 0.104277 0.104277
0 0.727114 0.598482 0.045227 0.045227
0 0.361502 0.646809 0.052757 0.052757
0 0.782356 0.081557 0.071945 0.071945
0 0.787738 0.220082 0.104278 0.104278
0 0.071048 0.606347 0.061130 0.061130
0 0.166326 0.007195 0.052757 0.052757
0 0.782779 0.502277 0.061130 0.061130
0 0.344611 0.853919 0.062220 0.062220
0 0.718943 0.054660 0.104278 0.104278
0 0.396264 0.221059 0.052757 0.052757
0 0.077469 0.041611 0.062220 0.062220
0 0.642296 0.094239 0.062220 0.062220
0 0.083941 0.300276 0.104277 0.104277
0 0.117127 0.997331 0.062220 0.062220
0 0.439128 0.460570 0.052757 0.052757
0 0.351175 0.512434 0.052757 0.052757
0 0.170712 0.578821 0.057104 0.057104
0 0.023772 0.097700 0.104277 0.104277
0 0.641185 0.445974 0.061131 0.061131
0 0.546822 0.310237 0.057104 0.057104
0 0.267976 0.959400 0.104277 0.104277
0 0.739940 0.945144 0.061131 0.061131
0 0.565857 0.044738 0.071945 0.071945
0 0.380109 0.107150 0.104277 0.104277
0 0.438197 0.738870 0.055027 0.055027
0 0.570389 0.539692 0.061131 0.061131
0 0.228888 0.767783 0.062220 0.062220
0 0.648226 0.843048 0.104277 0.104277
0 0.084255 0.533811 0.050559 0.050559
0 0.213394 0.476590 0.061130 0.061130
0 0.342665 0.296962 0.071945 0.071945
0 0.444652 0.151348 0.057104 0.057104
0 0.484698 0.208486 0.104277 0.104277
0 0.184878 0.924746 0.071945 0.071945
0 0.341465 0.391515 0.071945 0.071945
0 0.300927 0.780593 0.104277 0.104277
0 0.290190 0.052447 0.052757 0.052757
0 0.217627 0.086674 0.104277 0.104277
0 0.464937 0.924850 0.061130 0.061130
0 0.728308 0.459468 0.052757 0.052757
0 0.148110 0.205639 0.071945 0.071945
0 0.454374 0.300090 0.104277 0.104277
0 0.178817 0.343579 0.104277 0.104277
0 0.730583 0.265635 0.061131 0.061131
0 0.702965 0.791722 0.057104 0.057104
0 0.716915 0.715639 0.088662 0.088662