0 0.559592 0.296352 0.104277 0.104277
0 0.516044 0.084361 0.061130 0.061130
0 0.232052 0.503880 0.104278 0.104278
0 0.918989 0.046070 0.052757 0.052757
0 0.709882 0.294028 0.062220 0.062220
0 0.741529 0.046110 0.104277 0.104277
0 0.416815 0.046259 0.052757 0.052757
0 0.287708 0.941002 0.104277 0.104277
0 0.350196 0.665228 0.052757 0.052757
0 0.819393 0.092635 0.071945 0.071945
0 0.530493 0.851974 0.061130 0.061130
0 0.936771 0.976951 0.104277 0.104277
0 0.963494 0.591104 0.062220 0.062220
0 0.249490 0.614685 0.052757 0.052757
0 0.703437 0.813850 0.071945 0.071945
0 0.270561 0.785912 0.052757 0.052757
0 0.014112 0.934775 0.104277 0.104277
0 0.553716 0.211167 0.057104 0.057104
0 0.346868 0.861047 0.071945 0.071945
0 0.096469 0.866573 0.104277 0.104277
0 0.589578 0.397803 0.051819 0.051819
0 0.020636 0.835633 0.061130 0.061130
0 0.235744 0.074358 0.104277 0.104277
0 0.493722 0.010898 0.061131 0.061131
0 0.769726 0.341516 0.052757 0.052757
0 0.482284 0.686604 0.104277 0.104277
0 0.782145 0.932708 0.104277 0.104277
0 0.899924 0.743901 0.071945 0.071945
0 0.831002 0.290031 0.057103 0.057103
0 0.904671 0.675455 0.062220 0.062220
0 0.842627 0.871206 0.057104 0.057104
0 0.785344 0.802990 0.062220 0.062220
0 0.746618 0.129364 0.036679 0.036679
0 0.181898 0.415318 0.052757 0.052757
0 0.865656 0.407371 0.104277 0.104277
0 0.580380 0.059975 0.057104 0.057104
0 0.665419 0.468147 0.104277 0.104277
0 0.970993 0.775683 0.061130 0.061130
0 0.660556 0.394854 0.071945 0.071945
0 0.315148 0.012608 0.071945 0.071945
0 0.424741 0.937336 0.052757 0.052757
0 0.367027 0.407563 0.052757 0.052757
0 0.962987 0.422239 0.061131 0.061131
0 0.234765 0.860091 0.104277 0.104277
0 0.182062 0.721737 0.057104 0.057104
0 0.387399 0.803341 0.052757 0.052757
0 0.581874 0.554776 0.054783 0.054783
0 0.886801 0.115519 0.062220 0.062220
0 0.718717 0.999912 0.062220 0.062220
0 0.749426 0.488688 0.057103 0.057103
0 0.085230 0.945723 0.061130 0.061130
0 0.549976 0.666942 0.071945 0.071945
0 0.550236 0.737766 0.061130 0.061130
0 0.333100 0.328194 0.071945 0.071945
0 0.106777 0.533791 0.061130 0.061130
0 0.164779 0.648329 0.052757 0.052757
0 0.843732 0.555509 0.061131 0.061131
0 0.430256 0.563444 0.057104 0.057104
0 0.794910 0.423390 0.061131 0.061131
0 0.205326 0.974083 0.071945 0.071945
0 0.006878 0.155819 0.071945 0.071945
0 0.101473 0.368447 0.062220 0.062220
0 0.217134 0.197447 0.061130 0.061130
0 0.995464 0.276370 0.062220 0.062220
0 0.821583 0.020367 0.061130 0.061130
0 0.444451 0.441570 0.052757 0.052757
0 0.007072 0.763227 0.052757 0.052757
0 0.157246 0.799512 0.057104 0.057104
0 0.152446 0.099708 0.061130 0.061130
0 0.123520 0.027973 0.061130 0.061130
0 0.302200 0.154243 0.104277 0.104277
0 0.465605 0.252116 0.071945 0.071945
0 0.997068 0.489035 0.104278 0.104278
0 0.674389 0.655434 0.052757 0.052757
0 0.155900 0.305834 0.061130 0.061130
0 0.970048 0.131443 0.104277 0.104277
0 0.255993 0.398370 0.057104 0.057104
0 0.148142 0.222152 0.104277 0.104277
0 0.355594 0.475986 0.062220 0.062220
0 0.920421 0.528614 0.062220 0.062220
0 0.352761 0.202780 0.104277 0.104277
0 0.331666 0.090090 0.052757 0.052757
0 0.362066 0.734651 0.104277 0.104277
0 0.717253 0.894945 0.052757 0.052757
0 0.638582 0.129778 0.062220 0.062220
0 0.098353 0.610426 0.104277 0.104277
0 0.629300 0.946809 0.052757 0.052757
0 0.058999 0.464447 0.071945 0.071945
0 0.301897 0.532075 0.104277 0.104277
0 0.780793 0.212474 0.104277 0.104277
0 0.456730 0.336032 0.057104 0.057104
0 0.919310 0.880349 0.061131 0.061131
0 0.824947 0.744612 0.057104 0.057104
0 0.076673 0.193725 0.052757 0.052757
0 0.843982 0.479113 0.071945 0.071945
0 0.694245 0.177696 0.071945 0.071945
0 0.053570 0.100785 0.061130 0.061130
0 0.412599 0.158840 0.052757 0.052757
0 0.266905 0.310287 0.057104 0.057104
0 0.658234 0.541525 0.104277 0.104277
0 0.848514 0.974067 0.061131 0.061131
0 0.050474 0.260751 0.061130 0.061130
0 0.362380 0.968186 0.050559 0.050559
0 0.835140 0.167843 0.061131 0.061131
0 0.491519 0.910965 0.061130 0.061130
0 0.620790 0.731337 0.071945 0.071945
0 0.722777 0.585723 0.057104 0.057104
0 0.762823 0.642861 0.104277 0.104277
0 0.264022 0.703742 0.061131 0.061131
0 0.111129 0.745067 0.104277 0.104277
0 0.619590 0.825890 0.071945 0.071945
0 0.568315 0.486822 0.052757 0.052757
0 0.495752 0.521049 0.104277 0.104277
0 0.011266 0.357436 0.062220 0.062220
0 0.186034 0.573794 0.071945 0.071945
0 0.017027 0.684823 0.061130 0.061130
0 0.927808 0.204840 0.071945 0.071945
0 0.426235 0.640014 0.071945 0.071945
0 0.732499 0.734465 0.104277 0.104277
0 0.456942 0.777954 0.104277 0.104277
0 0.631201 0.257595 0.057104 0.057104
0 0.900952 0.340326 0.061131 0.061131