0 0.203544 0.921861 0.061130 0.061130
0 0.606489 0.883570 0.052757 0.052757
0 0.136637 0.782190 0.104277 0.104277
0 0.198463 0.691142 0.071945 0.071945
0 0.350276 0.676752 0.071945 0.071945
0 0.429029 0.883610 0.104277 0.104277
0 0.104315 0.883759 0.052757 0.052757
0 0.506893 0.930135 0.071945 0.071945
0 0.401182 0.225786 0.104277 0.104277
0 0.433662 0.567055 0.061131 0.061131
0 0.591284 0.190314 0.104277 0.104277
0 0.142346 0.554243 0.104277 0.104277
0 0.635473 0.386562 0.057104 0.057104
0 0.761926 0.591522 0.062221 0.062221
0 0.650832 0.554527 0.104277 0.104277
0 0.727858 0.348441 0.104277 0.104277
0 0.554314 0.100071 0.057104 0.057104
0 0.464777 0.303450 0.104277 0.104277
0 0.012409 0.726699 0.062220 0.062220
0 0.270418 0.490214 0.052757 0.052757
0 0.751879 0.863636 0.071945 0.071945
0 0.467668 0.142030 0.061131 0.061131
0 0.181222 0.848398 0.061131 0.061131
0 0.214356 0.600739 0.057104 0.057104
0 0.350884 0.065563 0.071945 0.071945
0 0.265438 0.808893 0.052757 0.052757
0 0.533495 0.544695 0.104277 0.104277
0 0.403772 0.361105 0.062220 0.062220
0 0.321645 0.744853 0.057104 0.057104
0 0.241598 0.427653 0.057104 0.057104
0 0.238445 0.266828 0.052757 0.052757
0 0.712194 0.697610 0.052757 0.052757
0 0.434118 0.966864 0.036679 0.036679
0 0.349599 0.405091 0.061130 0.061130
0 0.626050 0.087093 0.071945 0.071945
0 0.064468 0.254131 0.061131 0.061131
0 0.652107 0.658421 0.062221 0.062221
0 0.267880 0.897475 0.057104 0.057104
0 0.006680 0.574156 0.052757 0.052757
0 0.653737 0.463909 0.071945 0.071945
0 0.590652 0.694050 0.052757 0.052757
0 0.559462 0.277900 0.061130 0.061130
0 0.577758 0.761912 0.104277 0.104277
0 0.002648 0.850108 0.071945 0.071945
0 0.292528 0.362114 0.061131 0.061131
0 0.483396 0.785544 0.104277 0.104277
0 0.111743 0.656439 0.071945 0.071945
0 0.341755 0.295567 0.057104 0.057104
0 0.574301 0.953019 0.062220 0.062220
0 0.752160 0.217477 0.057104 0.057104
0 0.073867 0.816557 0.057104 0.057104
0 0.408047 0.021075 0.104277 0.104277
0 0.430323 0.727252 0.061130 0.061130
0 0.565249 0.352775 0.061130 0.061130
0 0.509083 0.857867 0.061130 0.061130
0 0.096973 0.004856 0.071945 0.071945
0 0.078341 0.456275 0.104277 0.104277
0 0.380419 0.821735 0.062220 0.062220
0 0.293851 0.592765 0.062220 0.062220
0 0.657548 0.968943 0.104277 0.104277
0 0.110781 0.139270 0.061131 0.061131
0 0.019166 0.927590 0.052757 0.052757
0 0.326082 0.967278 0.062220 0.062220
0 0.704492 0.271479 0.052757 0.052757
0 0.200320 0.209649 0.057104 0.057104
0 0.360923 0.510616 0.071945 0.071945
0 0.323806 0.168273 0.071945 0.071945
0 0.100099 0.996340 0.052757 0.052757
0 0.178477 0.391870 0.062220 0.062220
0 0.771749 0.742851 0.071945 0.071945
0 0.741578 0.046817 0.057104 0.057104
0 0.622518 0.016937 0.057104 0.057104
0 0.479888 0.040823 0.052757 0.052757
0 0.654915 0.793073 0.071945 0.071945
0 0.229938 0.142697 0.052757 0.052757
0 0.017272 0.325981 0.071945 0.071945
0 0.749296 0.442048 0.104277 0.104277
0 0.503883 0.474277 0.057104 0.057104
0 0.194706 0.059540 0.057104 0.057104
0 0.057473 0.382907 0.052757 0.052757
0 0.486626 0.614215 0.057104 0.057104
0 0.045925 0.095681 0.071945 0.071945
0 0.495288 0.400578 0.104277 0.104277
0 0.722280 0.150282 0.061130 0.061130
0 0.564621 0.428173 0.104277 0.104277
0 0.578801 0.624431 0.052757 0.052757
0 0.146282 0.269290 0.061131 0.061131