0 0.798160 0.630177 0.062220 0.062220
0 0.722717 0.857393 0.052757 0.052757
0 0.716987 0.094606 0.104277 0.104277
0 0.745045 0.504562 0.057103 0.057103
0 0.914098 0.751853 0.071945 0.071945
0 0.378645 0.477848 0.104277 0.104277
0 0.961346 0.814292 0.061130 0.061130
0 0.516391 0.550207 0.052757 0.052757
0 0.290115 0.832272 0.104278 0.104278
0 0.949850 0.254752 0.057104 0.057104
0 0.677165 0.326700 0.104277 0.104277
0 0.661207 0.768887 0.071945 0.071945
0 0.590962 0.761802 0.057104 0.057104
0 0.485926 0.259759 0.104277 0.104277
0 0.859015 0.927794 0.057104 0.057104
0 0.696562 0.190849 0.057104 0.057104
0 0.343761 0.281590 0.062220 0.062220
0 0.355426 0.171812 0.062220 0.062220
0 0.887615 0.409883 0.057104 0.057104
0 0.645132 0.139718 0.104277 0.104277
0 0.417071 0.318111 0.062220 0.062220
0 0.259972 0.312865 0.104278 0.104278
0 0.920779 0.171179 0.104277 0.104277
0 0.807638 0.452318 0.052757 0.052757
0 0.611493 0.008666 0.052757 0.052757
0 0.560813 0.475660 0.062220 0.062220
0 0.260160 0.423620 0.071945 0.071945
0 0.732879 0.255348 0.057104 0.057104
0 0.890033 0.504383 0.057104 0.057104
0 0.792138 0.891746 0.104277 0.104277
0 0.656178 0.669924 0.057104 0.057104
0 0.897894 0.671671 0.057104 0.057104
0 0.563533 0.847053 0.057104 0.057104
0 0.260224 0.074755 0.052757 0.052757
0 0.938423 0.333712 0.052757 0.052757
0 0.766460 0.786008 0.104277 0.104277
0 0.409762 0.050135 0.061130 0.061130
0 0.349078 0.616111 0.062220 0.062220
0 0.781553 0.978308 0.104277 0.104277
0 0.571017 0.679307 0.052757 0.052757
0 0.765718 0.691277 0.052757 0.052757
0 0.582629 0.610598 0.061130 0.061130
0 0.951082 0.604770 0.104277 0.104277
0 0.776362 0.130815 0.052757 0.052757
0 0.822304 0.342398 0.057104 0.057104
0 0.651583 0.525416 0.071945 0.071945
0 0.489597 0.938039 0.061130 0.061130
0 0.477173 0.018726 0.061130 0.061130
0 0.856470 0.854047 0.062220 0.062220
0 0.634382 0.266566 0.052757 0.052757
0 0.430744 0.387767 0.057104 0.057104
0 0.966746 0.478491 0.061130 0.061130
0 0.494274 0.130777 0.057104 0.057104
0 0.508780 0.638743 0.061130 0.061130
0 0.292729 0.141919 0.061130 0.061130
0 0.475392 0.475929 0.062220 0.062220
0 0.653210 0.874539 0.057104 0.057104
0 0.963718 0.883446 0.057104 0.057104
0 0.382701 0.921602 0.057104 0.057104
0 0.455406 0.816713 0.104277 0.104277
0 0.265882 0.619625 0.061130 0.061130
0 0.788186 0.205300 0.061130 0.061130
0 0.732037 0.025216 0.104277 0.104277
0 0.652974 0.952648 0.061130 0.061130
0 0.582811 0.939927 0.062220 0.062220
0 0.927826 0.957911 0.048997 0.048997
0 0.307098 0.547633 0.061130 0.061130
0 0.498797 0.397994 0.057104 0.057104
0 0.354330 0.763305 0.104277 0.104277
0 0.797622 0.054305 0.071945 0.071945
0 0.357165 0.405343 0.052757 0.052757
0 0.864495 0.589093 0.057104 0.057104
0 0.739253 0.579442 0.104277 0.104277
0 0.312872 0.920650 0.057104 0.057104
0 0.430778 0.178455 0.062220 0.062220
0 0.763380 0.384519 0.062220 0.062220
0 0.392712 0.553315 0.071945 0.071945
0 0.862573 0.079461 0.057104 0.057104
0 0.461562 0.740250 0.061130 0.061130
0 0.544650 0.307675 0.104277 0.104277
0 0.663191 0.443374 0.052757 0.052757
0 0.550052 0.187970 0.057104 0.057104
0 0.845627 0.776155 0.057104 0.057104
0 0.610442 0.368831 0.062220 0.062220
0 0.264632 0.709057 0.071945 0.071945
0 0.297183 0.226718 0.061130 0.061130
0 0.429584 0.676440 0.062220 0.062220