0 0.599755 0.250492 0.071945 0.071945
0 0.394932 0.753911 0.104277 0.104277
0 0.585034 0.718439 0.104277 0.104277
0 0.629223 0.914687 0.057104 0.057104
0 0.498489 0.364769 0.062220 0.062220
0 0.631467 0.362716 0.057104 0.057104
0 0.721608 0.876566 0.104277 0.104277
0 0.664278 0.288024 0.052757 0.052757
0 0.548064 0.628196 0.057104 0.057104
0 0.476224 0.479679 0.104277 0.104277
0 0.458527 0.831575 0.104277 0.104277
0 0.461418 0.670155 0.061131 0.061131
0 0.471226 0.294062 0.052757 0.052757
0 0.344634 0.593688 0.071945 0.071945
0 0.561643 0.493967 0.062220 0.062220
0 0.397522 0.889230 0.062220 0.062220
0 0.235348 0.955778 0.057104 0.057104
0 0.232195 0.794953 0.052757 0.052757
0 0.343349 0.933216 0.061130 0.061130
0 0.619800 0.615218 0.071945 0.071945
0 0.701597 0.385759 0.071945 0.071945
0 0.058218 0.782256 0.061131 0.061131
0 0.563385 0.314372 0.071945 0.071945
0 0.647487 0.992034 0.071945 0.071945
0 0.553212 0.806025 0.061130 0.061130
0 0.731898 0.149108 0.061131 0.061131
0 0.286278 0.890239 0.061131 0.061131
0 0.335505 0.823692 0.057104 0.057104
0 0.750532 0.323972 0.071945 0.071945
0 0.132307 0.146749 0.071945 0.071945
0 0.413706 0.054125 0.061130 0.061130
0 0.402419 0.417497 0.071945 0.071945
0 0.252868 0.298648 0.061130 0.061130
0 0.763098 0.247335 0.071945 0.071945
0 0.277881 0.417523 0.104277 0.104277
0 0.745910 0.745602 0.057104 0.057104
0 0.028640 0.284067 0.071945 0.071945
0 0.401797 0.549200 0.104277 0.104277
0 0.693885 0.492900 0.104278 0.104278
0 0.558999 0.880900 0.061130 0.061130
0 0.643236 0.062404 0.057104 0.057104
0 0.090723 0.532981 0.071945 0.071945
0 0.072091 0.984400 0.104277 0.104277
0 0.104531 0.667395 0.061131 0.061131
0 0.498390 0.155342 0.062220 0.062220
0 0.461965 0.216909 0.062220 0.062220
0 0.013975 0.028604 0.062220 0.062220
0 0.175508 0.498340 0.062220 0.062220
0 0.698242 0.799604 0.052757 0.052757
0 0.194070 0.737774 0.057104 0.057104
0 0.058539 0.212542 0.061131 0.061131
0 0.230924 0.024064 0.071945 0.071945
0 0.317556 0.696398 0.071945 0.071945
0 0.745604 0.024402 0.061131 0.061131
0 0.005001 0.522844 0.061131 0.061131
0 0.424117 0.144056 0.052757 0.052757
0 0.222555 0.220386 0.057104 0.057104
0 0.172227 0.919995 0.062220 0.062220
0 0.077480 0.061719 0.071945 0.071945
0 0.735328 0.574942 0.057104 0.057104
0 0.616268 0.545062 0.057104 0.057104
0 0.340466 0.037594 0.052757 0.052757
0 0.473638 0.568948 0.052757 0.052757
0 0.223688 0.670822 0.052757 0.052757
0 0.011022 0.854106 0.071945 0.071945
0 0.743046 0.970173 0.104277 0.104277
0 0.360399 0.234962 0.071945 0.071945
0 0.262361 0.149533 0.062220 0.062220
0 0.254653 0.513979 0.057104 0.057104
0 0.636490 0.181321 0.062220 0.062220
0 0.188456 0.587665 0.057104 0.057104
0 0.094305 0.335686 0.104277 0.104277
0 0.051223 0.911032 0.052757 0.052757
0 0.160647 0.405123 0.052757 0.052757
0 0.039675 0.623806 0.071945 0.071945
0 0.329317 0.173125 0.104277 0.104277
0 0.167802 0.270667 0.071945 0.071945
0 0.489038 0.928703 0.104277 0.104277
0 0.181775 0.080681 0.104277 0.104277
0 0.716030 0.678407 0.061130 0.061130
0 0.540742 0.024770 0.071945 0.071945
0 0.696619 0.215549 0.104278 0.104278
0 0.384558 0.333867 0.104277 0.104277
0 0.558371 0.956298 0.104277 0.104277
0 0.048204 0.394823 0.052757 0.052757
0 0.342639 0.511977 0.062220 0.062220
0 0.140032 0.797415 0.061131 0.061131