0 0.677880 0.703617 0.071945 0.071945
0 0.576614 0.817894 0.062220 0.062220
0 0.709592 0.815841 0.057104 0.057104
0 0.742403 0.741149 0.052757 0.052757
0 0.554349 0.932804 0.104277 0.104277
0 0.808652 0.237293 0.061130 0.061130
0 0.779081 0.374506 0.061130 0.061130
0 0.388868 0.250962 0.052757 0.052757
0 0.482081 0.198036 0.052757 0.052757
0 0.549351 0.747187 0.052757 0.052757
0 0.639768 0.947092 0.062220 0.062220
0 0.779722 0.838884 0.071945 0.071945
0 0.702880 0.162530 0.104277 0.104277
0 0.641510 0.767497 0.071945 0.071945
0 0.293892 0.167270 0.062220 0.062220
0 0.810023 0.602233 0.061131 0.061131
0 0.828657 0.777097 0.071945 0.071945
0 0.210432 0.599874 0.071945 0.071945
0 0.491831 0.507250 0.061130 0.061130
0 0.308091 0.287252 0.062220 0.062220
0 0.026225 0.538430 0.062220 0.062220
0 0.480544 0.870622 0.071945 0.071945
0 0.043353 0.840722 0.061131 0.061131
0 0.330993 0.751773 0.061130 0.061130
0 0.841223 0.700460 0.071945 0.071945
0 0.356006 0.870648 0.104277 0.104277
0 0.062796 0.602266 0.104277 0.104277
0 0.237991 0.254657 0.052757 0.052757
0 0.106765 0.737192 0.071945 0.071945
0 0.772010 0.946025 0.104278 0.104278
0 0.364376 0.424094 0.061130 0.061130
0 0.460930 0.403195 0.057104 0.057104
0 0.170981 0.333706 0.071945 0.071945
0 0.721361 0.515529 0.057104 0.057104
0 0.058680 0.416090 0.057104 0.057104
0 0.059436 0.218946 0.061131 0.061131
0 0.168848 0.986106 0.071945 0.071945
0 0.368875 0.174574 0.057104 0.057104
0 0.524042 0.351147 0.062220 0.062220
0 0.029152 0.318221 0.071945 0.071945
0 0.576515 0.608467 0.062220 0.062220
0 0.156271 0.236235 0.052757 0.052757
0 0.540090 0.670034 0.062220 0.062220
0 0.092100 0.481729 0.062220 0.062220
0 0.253633 0.951465 0.062220 0.062220
0 0.637286 0.201250 0.071945 0.071945
0 0.361785 0.341382 0.061131 0.061131
0 0.136664 0.665667 0.061131 0.061131
0 0.752565 0.292782 0.104278 0.104278
0 0.040508 0.702985 0.061131 0.061131
0 0.309049 0.477189 0.071945 0.071945
0 0.220514 0.174450 0.062220 0.062220
0 0.823729 0.477527 0.061131 0.061131
0 0.003492 0.781148 0.052757 0.052757
0 0.083126 0.975969 0.061131 0.061131
0 0.502242 0.597181 0.052757 0.052757
0 0.300680 0.673511 0.057104 0.057104
0 0.601783 0.340574 0.052757 0.052757
0 0.155605 0.514844 0.071945 0.071945
0 0.694393 0.998187 0.057104 0.057104
0 0.418591 0.490719 0.052757 0.052757
0 0.236779 0.376847 0.071945 0.071945
0 0.669636 0.282052 0.062220 0.062220
0 0.438524 0.688087 0.071945 0.071945
0 0.340486 0.602658 0.062220 0.062220
0 0.539202 0.242833 0.071945 0.071945
0 0.671941 0.398089 0.052559 0.052559
0 0.332778 0.967104 0.057104 0.057104
0 0.167185 0.437894 0.071945 0.071945
0 0.714615 0.634446 0.062220 0.062220
0 0.172430 0.788811 0.104277 0.104277
0 0.238772 0.858248 0.052757 0.052757
0 0.407442 0.626250 0.104277 0.104277
0 0.245927 0.723792 0.071945 0.071945
0 0.259900 0.533806 0.104277 0.104277
0 0.618867 0.477895 0.071945 0.071945
0 0.774744 0.668674 0.104278 0.104278
0 0.462683 0.786992 0.104277 0.104277
0 0.143549 0.165799 0.057104 0.057104
0 0.519460 0.441685 0.052757 0.052757
0 0.126329 0.847948 0.052757 0.052757
0 0.420764 0.965102 0.062220 0.062220
0 0.472156 0.291027 0.061131 0.061131
0 0.541873 0.164442 0.062220 0.062220