0 0.653544 0.803111 0.061130 0.061130
0 0.586637 0.663440 0.104277 0.104277
0 0.648463 0.572392 0.071945 0.071945
0 0.800276 0.558002 0.071945 0.071945
0 0.879029 0.764860 0.104277 0.104277
0 0.554315 0.765009 0.052757 0.052757
0 0.956893 0.811385 0.071945 0.071945
0 0.851182 0.107036 0.104277 0.104277
0 0.883662 0.448305 0.061131 0.061131
0 0.592346 0.435493 0.104277 0.104277
0 0.098511 0.718106 0.052757 0.052757
0 0.048160 0.211427 0.062220 0.062220
0 0.914777 0.184700 0.104277 0.104277
0 0.691216 0.929917 0.057104 0.057104
0 0.462409 0.607949 0.062220 0.062220
0 0.720418 0.371464 0.052757 0.052757
0 0.373244 0.793108 0.104277 0.104277
0 0.917668 0.023280 0.061131 0.061131
0 0.631222 0.729648 0.061131 0.061131
0 0.098056 0.925936 0.057104 0.057104
0 0.664356 0.481989 0.057104 0.057104
0 0.164098 0.333103 0.071945 0.071945
0 0.715438 0.690143 0.052757 0.052757
0 0.211346 0.395542 0.061130 0.061130
0 0.983495 0.425945 0.104277 0.104277
0 0.389480 0.519497 0.052757 0.052757
0 0.853772 0.242355 0.062220 0.062220
0 0.771645 0.626103 0.057104 0.057104
0 0.691598 0.308903 0.057104 0.057104
0 0.688445 0.148078 0.052757 0.052757
0 0.884118 0.848114 0.036679 0.036679
0 0.799599 0.286341 0.061130 0.061130
0 0.514468 0.135381 0.061131 0.061131
0 0.142865 0.608582 0.057104 0.057104
0 0.717880 0.778725 0.057104 0.057104
0 0.456680 0.455406 0.052757 0.052757
0 0.229796 0.604839 0.057104 0.057104
0 0.452648 0.731358 0.071945 0.071945
0 0.449594 0.056688 0.062220 0.062220
0 0.742528 0.243364 0.061131 0.061131
0 0.933396 0.666794 0.104277 0.104277
0 0.561743 0.537689 0.071945 0.071945
0 0.791755 0.176817 0.057104 0.057104
0 0.109015 0.509044 0.057104 0.057104
0 0.523867 0.697807 0.057104 0.057104
0 0.256204 0.273235 0.061130 0.061130
0 0.144378 0.874569 0.071945 0.071945
0 0.880323 0.608502 0.061130 0.061130
0 0.354634 0.916197 0.061130 0.061130
0 0.959083 0.739117 0.061130 0.061130
0 0.057638 0.033568 0.052757 0.052757
0 0.528341 0.337525 0.104277 0.104277
0 0.289946 0.818458 0.061130 0.061130
0 0.261020 0.746723 0.061130 0.061130
0 0.140033 0.085633 0.057104 0.057104
0 0.830419 0.702985 0.062220 0.062220
0 0.042138 0.472996 0.104277 0.104277
0 0.147894 0.252921 0.057104 0.057104
0 0.439700 0.872993 0.104277 0.104277
0 0.603105 0.970866 0.071945 0.071945
0 0.016460 0.367258 0.104277 0.104277
0 0.300503 0.484661 0.052757 0.052757
0 0.743851 0.474015 0.062220 0.062220
0 0.031553 0.559558 0.104277 0.104277
0 0.285642 0.940902 0.104277 0.104277
0 0.560781 0.020520 0.061131 0.061131
0 0.015718 0.272527 0.052757 0.052757
0 0.490261 0.921530 0.104277 0.104277
0 0.201082 0.186020 0.104277 0.104277
0 0.469166 0.808840 0.052757 0.052757
0 0.336391 0.069217 0.061130 0.061130
0 0.776082 0.848528 0.062220 0.062220
0 0.650320 0.090899 0.057104 0.057104
0 0.181525 0.682327 0.071945 0.071945
0 0.106470 0.435297 0.062220 0.062220
0 0.810923 0.391866 0.071945 0.071945
0 0.420802 0.374994 0.052757 0.052757
0 0.413569 0.145331 0.062220 0.062220
0 0.918293 0.931224 0.104277 0.104277
0 0.067402 0.640994 0.104277 0.104277
0 0.773806 0.049523 0.071945 0.071945
0 0.214173 0.912475 0.052757 0.052757
0 0.216746 0.059741 0.061130 0.061130
0 0.378334 0.208949 0.104278 0.104278
0 0.831745 0.896446 0.071945 0.071945
0 0.191070 0.819535 0.061130 0.061130
0 0.550099 0.877590 0.052757 0.052757
0 0.628477 0.273120 0.062220 0.062220
0 0.213718 0.464696 0.057104 0.057104
0 0.435352 0.274860 0.062220 0.062220
0 0.313909 0.389436 0.057104 0.057104
0 0.187974 0.979501 0.061130 0.061130
0 0.050339 0.822660 0.071945 0.071945
0 0.972640 0.886593 0.061131 0.061131
0 0.679938 0.023947 0.052757 0.052757
0 0.177826 0.539161 0.048997 0.048997
0 0.467272 0.207231 0.071945 0.071945
0 0.380852 0.443792 0.062220 0.062220
0 0.953883 0.355527 0.057104 0.057104
0 0.114495 0.170343 0.057104 0.057104
0 0.312911 0.167029 0.104277 0.104277
0 0.376834 0.685153 0.062220 0.062220
0 0.507473 0.264157 0.052757 0.052757
0 0.936626 0.495465 0.057104 0.057104
0 0.380411 0.595342 0.061131 0.061131
0 0.945288 0.281828 0.104277 0.104277
0 0.023474 0.993860 0.052757 0.052757
0 0.095627 0.357405 0.057104 0.057104
0 0.307919 0.692147 0.071945 0.071945
0 0.768701 0.976345 0.057104 0.057104
0 0.596282 0.150540 0.061131 0.061131