0 0.913302 0.997630 0.104278 0.104278
0 0.090333 0.753738 0.052757 0.052757
0 0.642261 0.493106 0.052757 0.052757
0 0.565947 0.914287 0.057104 0.057104
0 0.916994 0.568108 0.104277 0.104277
0 0.516467 0.213643 0.052757 0.052757
0 0.063252 0.414786 0.071945 0.071945
0 0.641806 0.700936 0.057104 0.057104
0 0.707848 0.108103 0.071945 0.071945
0 0.755096 0.170542 0.061130 0.061130
0 0.056168 0.823983 0.062220 0.062220
0 0.933230 0.294497 0.052757 0.052757
0 0.863148 0.909068 0.052757 0.052757
0 0.268838 0.895140 0.071945 0.071945
0 0.407443 0.999662 0.104277 0.104277
0 0.686615 0.383582 0.057104 0.057104
0 0.773546 0.379839 0.057104 0.057104
0 0.083865 0.188522 0.104278 0.104278
0 0.996398 0.506358 0.071945 0.071945
0 0.454957 0.125137 0.071945 0.071945
0 0.384712 0.118052 0.057104 0.057104
0 0.652765 0.284044 0.057104 0.057104
0 0.679380 0.926383 0.071945 0.071945
0 0.053796 0.917153 0.052757 0.052757
0 0.199389 0.625258 0.071945 0.071945
0 0.389213 0.807887 0.061130 0.061130
0 0.192455 0.554802 0.071945 0.071945
0 0.799954 0.048235 0.061130 0.061130
0 0.688128 0.649569 0.071945 0.071945
0 0.782723 0.862197 0.062220 0.062220
0 0.898384 0.691197 0.061130 0.061130
0 0.388244 0.451812 0.071945 0.071945
0 0.342081 0.957665 0.104277 0.104277
0 0.833696 0.593458 0.061130 0.061130
0 0.804770 0.521723 0.061130 0.061130
0 0.585888 0.247996 0.104277 0.104277
0 0.449928 0.026174 0.057104 0.057104
0 0.691644 0.027921 0.057104 0.057104
0 0.357283 0.203303 0.057104 0.057104
0 0.983450 0.647993 0.104277 0.104277
0 0.560210 0.142258 0.104277 0.104277
0 0.844253 0.259661 0.052757 0.052757
0 0.837150 0.799584 0.061130 0.061130
0 0.575303 0.334558 0.104277 0.104277
0 0.399413 0.533510 0.071945 0.071945
0 0.937243 0.892120 0.057104 0.057104
0 0.829392 0.715902 0.104277 0.104277
0 0.364767 0.035557 0.052757 0.052757
0 0.559468 0.047527 0.052757 0.052757
0 0.518700 0.484641 0.052757 0.052757
0 0.350664 0.615735 0.052757 0.052757
0 0.194300 0.955366 0.052757 0.052757
0 0.283347 0.294289 0.061130 0.061130
0 0.091669 0.676074 0.104278 0.104278
0 0.725275 0.457327 0.071945 0.071945
0 0.650220 0.210297 0.062220 0.062220
0 0.274441 0.488168 0.061130 0.061130
0 0.740249 0.958197 0.071945 0.071945
0 0.282391 0.809323 0.104277 0.104277
0 0.964552 0.149994 0.052757 0.052757
0 0.611152 0.415994 0.104277 0.104277
0 0.621187 0.866361 0.050932 0.050932
0 0.160973 0.358440 0.061130 0.061130
0 0.757923 0.687475 0.052757 0.052757
0 0.233298 0.720193 0.057104 0.057104
0 0.524060 0.634366 0.071945 0.071945
0 0.734820 0.594535 0.061130 0.061130
0 0.310422 0.558994 0.062220 0.062220
0 0.948155 0.804037 0.057104 0.057104
0 0.446960 0.230789 0.057104 0.057104
0 0.757468 0.239696 0.057104 0.057104
0 0.176451 0.277852 0.057104 0.057104
0 0.249156 0.172963 0.104277 0.104277
0 0.481644 0.920997 0.071945 0.071945
0 0.389281 0.684168 0.104277 0.104277
0 0.096036 0.484112 0.061130 0.061130
0 0.979102 0.049860 0.062220 0.062220
0 0.857659 0.164436 0.057104 0.057104
0 0.731724 0.754501 0.061130 0.061130
0 0.594089 0.597660 0.071945 0.071945
0 0.446724 0.308898 0.061130 0.061130
0 0.376561 0.296177 0.062220 0.062220
0 0.721576 0.314161 0.048997 0.048997
0 0.924602 0.218792 0.062220 0.062220
0 0.188378 0.784910 0.062220 0.062220
0 0.148080 0.119555 0.104277 0.104277
0 0.395261 0.905816 0.052757 0.052757
0 0.920584 0.460153 0.062220 0.062220
0 0.692516 0.851186 0.062220 0.062220
0 0.488271 0.829090 0.062220 0.062220
0 0.106622 0.276900 0.057104 0.057104
0 0.154068 0.435674 0.057104 0.057104
0 0.924161 0.370342 0.061131 0.061131
0 0.345122 0.380717 0.071945 0.071945
0 0.128162 0.880979 0.057104 0.057104
0 0.498935 0.408538 0.104277 0.104277
0 0.265061 0.373641 0.071945 0.071945
0 0.255312 0.096500 0.061130 0.061130
0 0.338039 0.739095 0.071945 0.071945
0 0.433124 0.744064 0.047555 0.047555
0 0.567224 0.768860 0.052757 0.052757
0 0.639377 0.132405 0.057104 0.057104
0 0.058382 0.065307 0.071945 0.071945
0 0.197641 0.867865 0.057103 0.057103
0 0.851669 0.467147 0.071945 0.071945
0 0.562944 0.986965 0.071945 0.071945
0 0.647174 0.776741 0.071945 0.071945
0 0.094306 0.572328 0.062220 0.062220
0 0.223334 0.032690 0.062220 0.062220