0 0.250217 0.646352 0.104277 0.104277
0 0.206669 0.434361 0.061130 0.061130
0 0.609614 0.396070 0.052757 0.052757
0 0.139762 0.294690 0.104277 0.104277
0 0.201588 0.203642 0.071945 0.071945
0 0.400507 0.644028 0.062220 0.062220
0 0.353401 0.189252 0.071945 0.071945
0 0.432154 0.396110 0.104277 0.104277
0 0.107440 0.396259 0.052757 0.052757
0 0.510018 0.442635 0.071945 0.071945
0 0.436787 0.079555 0.061131 0.061131
0 0.145471 0.066743 0.104277 0.104277
0 0.765051 0.104022 0.062221 0.062221
0 0.653957 0.067027 0.104277 0.104277
0 0.763765 0.634503 0.047276 0.047276
0 0.654119 0.941104 0.062220 0.062220
0 0.244341 0.561167 0.057104 0.057104
0 0.015534 0.239199 0.062220 0.062220
0 0.280203 0.747803 0.051819 0.051819
0 0.273543 0.002714 0.052757 0.052757
0 0.755004 0.376136 0.071945 0.071945
0 0.184347 0.360898 0.061131 0.061131
0 0.460351 0.691516 0.052757 0.052757
0 0.217481 0.113239 0.057104 0.057104
0 0.521627 0.640031 0.057103 0.057103
0 0.268563 0.321393 0.052757 0.052757
0 0.536620 0.057195 0.104277 0.104277
0 0.324770 0.257353 0.057104 0.057104
0 0.715319 0.210110 0.052757 0.052757
0 0.437243 0.479364 0.036679 0.036679
0 0.556281 0.757371 0.104277 0.104277
0 0.655232 0.170921 0.062221 0.062221
0 0.271005 0.409975 0.057104 0.057104
0 0.356044 0.818147 0.104277 0.104277
0 0.009805 0.086656 0.052757 0.052757
0 0.351181 0.744854 0.071945 0.071945
0 0.593777 0.206550 0.052757 0.052757
0 0.580883 0.274412 0.104277 0.104277
0 0.747773 0.740428 0.071945 0.071945
0 0.005773 0.362608 0.071945 0.071945
0 0.057652 0.757563 0.052757 0.052757
0 0.486521 0.298044 0.104277 0.104277
0 0.114868 0.168939 0.071945 0.071945
0 0.653612 0.772239 0.061131 0.061131
0 0.769651 0.523501 0.057104 0.057104
0 0.272499 0.904776 0.054783 0.054783
0 0.577426 0.465519 0.062220 0.062220
0 0.440051 0.838688 0.057103 0.057103
0 0.023725 0.678194 0.071945 0.071945
0 0.534357 0.905509 0.061131 0.061131
0 0.120881 0.913444 0.057104 0.057104
0 0.485535 0.773390 0.061131 0.061131
0 0.076992 0.329057 0.057104 0.057104
0 0.433448 0.239752 0.061130 0.061130
0 0.751106 0.865932 0.071945 0.071945
0 0.686089 0.626370 0.062220 0.062220
0 0.512208 0.370367 0.061130 0.061130
0 0.135076 0.791570 0.052757 0.052757
0 0.383544 0.334235 0.062220 0.062220
0 0.156230 0.602116 0.071945 0.071945
0 0.687693 0.839035 0.104278 0.104278
0 0.296976 0.105265 0.062220 0.062220
0 0.660673 0.481443 0.104277 0.104277
0 0.046219 0.825986 0.062220 0.062220
0 0.611046 0.878614 0.062220 0.062220
0 0.043386 0.552780 0.104277 0.104277
0 0.022291 0.440090 0.052757 0.052757
0 0.329207 0.479778 0.062220 0.062220
0 0.364048 0.023116 0.071945 0.071945
0 0.471418 0.562474 0.104277 0.104277
0 0.147355 0.686032 0.057104 0.057104
0 0.534607 0.829113 0.071945 0.071945
0 0.384870 0.527696 0.071945 0.071945
0 0.103224 0.508840 0.052757 0.052757
0 0.348859 0.891525 0.104277 0.104277
0 0.774874 0.255351 0.071945 0.071945
0 0.525765 0.517843 0.061131 0.061131
0 0.658040 0.305573 0.071945 0.071945
0 0.413402 0.935723 0.057104 0.057104
0 0.453448 0.992861 0.104277 0.104277
0 0.258940 0.836822 0.052757 0.052757
0 0.186377 0.871049 0.104277 0.104277
0 0.489751 0.126715 0.057104 0.057104
0 0.618433 0.554840 0.071945 0.071945
0 0.116860 0.990014 0.071945 0.071945
0 0.581926 0.136931 0.052757 0.052757
0 0.321826 0.607595 0.057104 0.057104
0 0.591577 0.690326 0.061131 0.061131