0 0.070545 0.201976 0.062220 0.062220
0 0.416183 0.541604 0.062220 0.062220
0 0.377957 0.347580 0.062220 0.062220
0 0.867345 0.064407 0.071945 0.071945
0 0.153859 0.655218 0.057103 0.057103
0 0.876029 0.434739 0.061130 0.061130
0 0.938156 0.542831 0.104277 0.104277
0 0.415629 0.077495 0.104277 0.104277
0 0.762093 0.331120 0.104277 0.104277
0 0.174531 0.401867 0.052757 0.052757
0 0.720954 0.452731 0.104277 0.104277
0 0.607470 0.494705 0.071945 0.071945
0 0.012874 0.256858 0.071945 0.071945
0 0.765494 0.083862 0.062220 0.062220
0 0.133722 0.486537 0.062220 0.062220
0 0.038755 0.679519 0.071945 0.071945
0 0.063674 0.517173 0.104277 0.104277
0 0.790847 0.256120 0.057104 0.057104
0 0.144162 0.208038 0.061130 0.061130
0 0.124578 0.120155 0.052757 0.052757
0 0.800971 0.610730 0.062220 0.062220
0 0.859194 0.238556 0.104277 0.104277
0 0.744547 0.179618 0.061130 0.061130
0 0.623852 0.221492 0.057104 0.057104
0 0.313603 0.701101 0.062220 0.062220
0 0.285380 0.120982 0.061130 0.061130
0 0.366224 0.246440 0.062220 0.062220
0 0.561368 0.328250 0.057104 0.057104
0 0.677344 0.358341 0.104277 0.104277
0 0.471433 0.684396 0.071945 0.071945
0 0.408113 0.154650 0.057104 0.057104
0 0.173449 0.583781 0.061130 0.061130
0 0.986803 0.327686 0.071945 0.071945
0 0.616781 0.567670 0.071945 0.071945
0 0.225911 0.356093 0.062220 0.062220
0 0.424030 0.612406 0.057104 0.057104
0 0.444659 0.290093 0.057104 0.057104
0 0.256734 0.202194 0.061130 0.061130
0 0.943654 0.044212 0.061131 0.061131
0 0.387874 0.692059 0.052757 0.052757
0 0.690248 0.091212 0.062220 0.062220
0 0.905193 0.295523 0.057104 0.057104
0 0.221964 0.463225 0.062220 0.062220
0 0.642889 0.432062 0.057104 0.057104
0 0.717915 0.249050 0.104277 0.104277
0 0.347179 0.583420 0.050891 0.050891
0 0.000601 0.089716 0.062220 0.062220
0 0.073005 0.598855 0.104277 0.104277
0 0.217621 0.078439 0.057104 0.057104
0 0.511049 0.475726 0.062220 0.062220
0 0.631868 0.684792 0.057104 0.057104
0 0.007775 0.421722 0.062220 0.062220
0 0.232199 0.662442 0.052757 0.052757
0 0.279830 0.508566 0.062220 0.062220
0 0.375589 0.474485 0.104277 0.104277
0 0.730423 0.009472 0.061130 0.061130
0 0.001675 0.177062 0.052757 0.052757
0 0.537437 0.603663 0.061130 0.061130
0 0.948409 0.436803 0.104277 0.104277
0 0.540961 0.198781 0.062220 0.062220
0 0.518306 0.052637 0.071945 0.071945
0 0.675860 0.518815 0.062220 0.062220
0 0.860404 0.664533 0.052757 0.052757
0 0.248777 0.581375 0.062220 0.062220
0 0.547015 0.707013 0.062220 0.062220
0 0.776502 0.400456 0.062220 0.062220
0 0.650715 0.289803 0.071945 0.071945
0 0.952026 0.612363 0.061131 0.061131
0 0.326757 0.406505 0.104277 0.104277
0 0.927351 0.362525 0.104277 0.104277
0 0.111724 0.022639 0.052757 0.052757
0 0.888263 0.170908 0.062220 0.062220
0 0.770789 0.695443 0.061130 0.061130
0 0.916007 0.713578 0.062220 0.062220
0 0.558032 0.411283 0.052757 0.052757
0 0.844253 0.327871 0.071945 0.071945
0 0.712782 0.598928 0.061131 0.061131
0 0.960302 0.183718 0.104277 0.104277
0 0.093999 0.315207 0.057104 0.057104
0 0.802803 0.527981 0.104277 0.104277
0 0.484807 0.406561 0.052757 0.052757
0 0.518479 0.271947 0.061130 0.061130
0 0.189960 0.291291 0.104277 0.104277
0 0.602685 0.066618 0.052757 0.052757
0 0.338076 0.011283 0.104277 0.104277