0 0.270470 0.567532 0.071945 0.071945
0 0.545591 0.535511 0.071945 0.071945
0 0.825969 0.275832 0.071945 0.071945
0 0.072083 0.412877 0.104277 0.104277
0 0.577719 0.650881 0.052757 0.052757
0 0.134571 0.137103 0.052757 0.052757
0 0.279154 0.937864 0.061130 0.061130
0 0.816002 0.758035 0.061131 0.061131
0 0.721879 0.874369 0.062220 0.062220
0 0.314868 0.323849 0.061130 0.061130
0 0.721146 0.448826 0.104277 0.104277
0 0.165218 0.834245 0.104277 0.104277
0 0.124079 0.955856 0.104277 0.104277
0 0.747869 0.062979 0.062220 0.062220
0 0.010595 0.997830 0.071945 0.071945
0 0.033865 0.086560 0.052757 0.052757
0 0.487812 0.285725 0.071945 0.071945
0 0.054936 0.257787 0.052757 0.052757
0 0.168619 0.586987 0.062220 0.062220
0 0.131243 0.332922 0.071945 0.071945
0 0.598034 0.897165 0.104277 0.104277
0 0.193972 0.759245 0.057104 0.057104
0 0.688142 0.611945 0.104277 0.104277
0 0.643281 0.803064 0.071945 0.071945
0 0.853339 0.695688 0.052757 0.052757
0 0.266659 0.158479 0.104277 0.104277
0 0.566520 0.404583 0.104277 0.104277
0 0.684299 0.215776 0.071945 0.071945
0 0.262319 0.741681 0.104277 0.104277
0 0.679533 0.955823 0.052757 0.052757
0 0.689046 0.147330 0.062220 0.062220
0 0.147672 0.682743 0.061130 0.061130
0 0.026977 0.724617 0.057104 0.057104
0 0.627002 0.343081 0.057104 0.057104
0 0.669969 0.516756 0.062220 0.062220
0 0.422711 0.643943 0.052757 0.052757
0 0.569719 0.274865 0.062220 0.062220
0 0.080469 0.861466 0.104277 0.104277
0 0.389928 0.830811 0.071945 0.071945
0 0.755368 0.247558 0.061130 0.061130
0 0.599932 0.745820 0.102474 0.102474
0 0.209116 0.409211 0.052757 0.052757
0 0.494268 0.737995 0.104277 0.104277
0 0.019140 0.331966 0.104277 0.104277
0 0.171774 0.275216 0.052757 0.052757
0 0.366249 0.026651 0.054783 0.054783
0 0.503092 0.471787 0.062220 0.062220
0 0.346779 0.547337 0.061131 0.061131
0 0.305172 0.475788 0.071945 0.071945
0 0.334351 0.138817 0.071945 0.071945
0 0.093373 0.594337 0.062220 0.062220
0 0.334611 0.209641 0.061130 0.061130
0 0.308318 0.798648 0.057104 0.057104
0 0.046014 0.935187 0.057104 0.057104
0 0.628107 0.027384 0.061131 0.061131
0 0.214631 0.035319 0.057104 0.057104
0 0.121040 0.752175 0.104277 0.104277
0 0.789614 0.504732 0.045227 0.045227
0 0.424002 0.553059 0.052757 0.052757
0 0.850238 0.126332 0.104278 0.104278
0 0.133548 0.512597 0.061130 0.061130
0 0.845279 0.408527 0.061130 0.061130
0 0.407111 0.760169 0.062220 0.062220
0 0.351534 0.939928 0.104277 0.104277
0 0.458764 0.127309 0.052757 0.052757
0 0.704796 0.000489 0.062220 0.062220
0 0.146441 0.206526 0.104277 0.104277
0 0.179627 0.903581 0.062220 0.062220
0 0.501628 0.366820 0.052757 0.052757
0 0.053840 0.792928 0.071945 0.071945
0 0.413675 0.418684 0.052757 0.052757
0 0.836868 0.975382 0.061131 0.061131
0 0.233212 0.485071 0.057104 0.057104
0 0.086272 0.003950 0.104277 0.104277
0 0.703685 0.352224 0.061131 0.061131
0 0.609322 0.216487 0.057104 0.057104
0 0.330476 0.865650 0.104277 0.104277
0 0.802440 0.851394 0.061131 0.061131
0 0.442609 0.013400 0.104277 0.104277
0 0.500697 0.645120 0.055027 0.055027
0 0.632889 0.445942 0.061131 0.061131
0 0.291388 0.674033 0.062220 0.062220
0 0.710726 0.749298 0.104277 0.104277
0 0.146755 0.440061 0.050559 0.050559
0 0.440977 0.938196 0.052757 0.052757
0 0.275894 0.382840 0.061130 0.061130
0 0.405165 0.203212 0.071945 0.071945
0 0.507152 0.057598 0.057104 0.057104
0 0.547198 0.114736 0.104277 0.104277
0 0.247378 0.830996 0.071945 0.071945
0 0.048397 0.175617 0.061131 0.061131
0 0.403965 0.297765 0.071945 0.071945
0 0.363427 0.686843 0.104277 0.104277
0 0.527437 0.831100 0.061130 0.061130
0 0.790808 0.365718 0.052757 0.052757
0 0.210610 0.111889 0.071945 0.071945
0 0.516874 0.206340 0.104277 0.104277
0 0.241317 0.249829 0.104277 0.104277
0 0.005810 0.569743 0.052757 0.052757
0 0.793083 0.171885 0.061131 0.061131
0 0.765465 0.697972 0.057104 0.057104
0 0.779415 0.621889 0.088662 0.088662