0 0.229920 0.748851 0.062220 0.062220
0 0.772677 0.019505 0.104278 0.104278
0 0.537332 0.894455 0.062220 0.062220
0 0.828333 0.456627 0.104277 0.104277
0 0.890821 0.180853 0.052757 0.052757
0 0.563312 0.537821 0.052757 0.052757
0 0.575004 0.624370 0.104277 0.104277
0 0.415354 0.171828 0.061130 0.061130
0 0.921468 0.877995 0.104277 0.104277
0 0.333906 0.948742 0.052757 0.052757
0 0.880329 0.999606 0.104277 0.104277
0 0.172249 0.803733 0.071945 0.071945
0 0.790115 0.130310 0.052757 0.052757
0 0.811186 0.301537 0.052757 0.052757
0 0.924869 0.630737 0.062220 0.062220
0 0.554737 0.450400 0.104277 0.104277
0 0.887493 0.376672 0.071945 0.071945
0 0.637094 0.382198 0.104277 0.104277
0 0.561261 0.351258 0.061130 0.061130
0 0.950222 0.802995 0.057104 0.057104
0 0.026671 0.836859 0.061130 0.061130
0 0.468332 0.249215 0.104277 0.104277
0 0.303537 0.754913 0.061130 0.061130
0 0.283953 0.667030 0.052757 0.052757
0 0.903922 0.726493 0.061130 0.061130
0 0.783227 0.768367 0.057104 0.057104
0 0.688202 0.528253 0.104277 0.104277
0 0.444755 0.667857 0.061130 0.061130
0 0.525599 0.793315 0.062220 0.062220
0 0.140789 0.378549 0.061130 0.061130
0 0.720743 0.875125 0.057104 0.057104
0 0.836719 0.905216 0.104277 0.104277
0 0.266818 0.021537 0.104277 0.104277
0 0.187249 0.090461 0.052757 0.052757
0 0.567488 0.701525 0.057104 0.057104
0 0.385286 0.902968 0.062220 0.062220
0 0.410204 0.090698 0.104277 0.104277
0 0.483684 0.489180 0.052757 0.052757
0 0.965366 0.452961 0.052757 0.052757
0 0.099817 0.084659 0.052757 0.052757
0 0.092273 0.936446 0.062220 0.062220
0 0.604034 0.836968 0.057104 0.057104
0 0.346159 0.172755 0.052757 0.052757
0 0.775390 0.375716 0.104277 0.104277
0 0.722687 0.237362 0.057104 0.057104
0 0.928024 0.318966 0.052757 0.052757
0 0.416109 0.749069 0.061130 0.061130
0 0.625855 0.461348 0.061130 0.061130
0 0.300686 0.391899 0.104278 0.104278
0 0.849623 0.638087 0.062220 0.062220
0 0.367535 0.370290 0.052757 0.052757
0 0.647402 0.049416 0.061130 0.061130
0 0.802264 0.978937 0.057104 0.057104
0 0.705404 0.163954 0.052757 0.052757
0 0.970881 0.079069 0.057104 0.057104
0 0.008644 0.549367 0.062220 0.062220
0 0.877290 0.795925 0.104277 0.104277
0 0.159976 0.636591 0.062220 0.062220
0 0.376996 0.625314 0.057104 0.057104
0 0.745951 0.489708 0.071945 0.071945
0 0.527659 0.116551 0.061130 0.061130
0 0.498328 0.032886 0.062220 0.062220
0 0.167150 0.968597 0.062220 0.062220
0 0.889798 0.556347 0.061130 0.061130
0 0.547697 0.278852 0.052757 0.052757
0 0.697871 0.315137 0.057104 0.057104
0 0.333414 0.492783 0.057104 0.057104
0 0.042412 0.730473 0.104278 0.104278
0 0.260689 0.459163 0.071945 0.071945
0 0.161050 0.723937 0.052757 0.052757
0 0.700336 0.745656 0.062220 0.062220
0 0.677681 0.599512 0.071945 0.071945
0 0.199274 0.538729 0.052757 0.052757
0 0.391570 0.534621 0.071945 0.071945
0 0.093953 0.778455 0.057104 0.057104
0 0.127531 0.447133 0.057104 0.057104
0 0.098028 0.524955 0.104277 0.104277
0 0.902691 0.250276 0.104277 0.104277
0 0.935877 0.947331 0.062220 0.062220
0 0.810090 0.836678 0.071945 0.071945
0 0.638978 0.126051 0.104277 0.104277
0 0.989462 0.528821 0.057104 0.057104
0 0.842522 0.047700 0.104277 0.104277
0 0.059155 0.644480 0.104277 0.104277
0 0.049609 0.425515 0.071945 0.071945
0 0.340690 0.044139 0.071945 0.071945
0 0.486132 0.953380 0.104277 0.104277
0 0.271099 0.569514 0.052757 0.052757
0 0.019879 0.064451 0.104277 0.104277
0 0.030985 0.318518 0.057104 0.057104
0 0.903005 0.483811 0.050559 0.050559
0 0.213987 0.307154 0.104277 0.104277
0 0.717407 0.958158 0.052757 0.052757
0 0.264130 0.151389 0.104277 0.104277
0 0.804647 0.219367 0.061131 0.061131
0 0.651754 0.260692 0.104277 0.104277
0 0.169803 0.226166 0.052757 0.052757
0 0.253374 0.862082 0.057104 0.057104
0 0.049032 0.140955 0.104277 0.104277
0 0.138692 0.298802 0.061130 0.061130
0 0.644182 0.953436 0.052757 0.052757
0 0.262035 0.241752 0.062220 0.062220
0 0.328545 0.276794 0.071945 0.071945
0 0.726659 0.089419 0.071945 0.071945
0 0.557652 0.200448 0.061130 0.061130
0 0.966860 0.155639 0.071945 0.071945
0 0.677854 0.818822 0.061130 0.061130
0 0.349335 0.838166 0.104277 0.104277
0 0.009313 0.962008 0.057104 0.057104
0 0.458167 0.387898 0.104277 0.104277
0 0.997567 0.293579 0.104277 0.104277
0 0.231718 0.383170 0.052757 0.052757
0 0.762060 0.613493 0.052757 0.052757
0 0.422319 0.008840 0.071945 0.071945
0 0.040727 0.212297 0.104277 0.104277
0 0.497451 0.558158 0.104277 0.104277