0 0.124137 0.988440 0.104277 0.104277
0 0.185963 0.897392 0.071945 0.071945
0 0.337776 0.883002 0.071945 0.071945
0 0.388682 0.432036 0.104277 0.104277
0 0.421162 0.773305 0.061131 0.061131
0 0.578784 0.396564 0.104277 0.104277
0 0.129846 0.760493 0.104277 0.104277
0 0.622973 0.592812 0.057104 0.057104
0 0.492239 0.042894 0.062220 0.062220
0 0.749426 0.797772 0.062221 0.062221
0 0.625217 0.040841 0.057104 0.057104
0 0.638332 0.760777 0.104277 0.104277
0 0.715358 0.554691 0.104277 0.104277
0 0.541814 0.306321 0.057104 0.057104
0 0.469974 0.157804 0.104277 0.104277
0 0.452277 0.509700 0.104277 0.104277
0 0.257918 0.696464 0.052757 0.052757
0 0.455168 0.348280 0.061131 0.061131
0 0.201856 0.806989 0.057104 0.057104
0 0.338384 0.271813 0.071945 0.071945
0 0.520995 0.750945 0.104277 0.104277
0 0.555393 0.172092 0.062220 0.062220
0 0.391272 0.567355 0.062220 0.062220
0 0.309145 0.951103 0.057104 0.057104
0 0.229098 0.633903 0.057104 0.057104
0 0.225945 0.473078 0.052757 0.052757
0 0.699694 0.903860 0.052757 0.052757
0 0.337099 0.611341 0.061130 0.061130
0 0.613550 0.293343 0.071945 0.071945
0 0.695347 0.063884 0.071945 0.071945
0 0.051968 0.460381 0.061131 0.061131
0 0.639607 0.864671 0.062221 0.062221
0 0.641237 0.670159 0.071945 0.071945
0 0.578152 0.900300 0.052757 0.052757
0 0.546962 0.484150 0.061130 0.061130
0 0.565258 0.968162 0.104277 0.104277
0 0.280028 0.568364 0.061131 0.061131
0 0.470896 0.991794 0.104277 0.104277
0 0.099243 0.862689 0.071945 0.071945
0 0.329255 0.501817 0.057104 0.057104
0 0.744282 0.002097 0.071945 0.071945
0 0.396169 0.095622 0.071945 0.071945
0 0.271631 0.095648 0.104277 0.104277
0 0.739660 0.423727 0.057104 0.057104
0 0.395547 0.227325 0.104277 0.104277
0 0.687635 0.171025 0.104278 0.104278
0 0.417823 0.933502 0.061130 0.061130
0 0.552749 0.559025 0.061130 0.061130
0 0.084473 0.211106 0.071945 0.071945
0 0.065841 0.662525 0.104277 0.104277
0 0.281351 0.799015 0.062220 0.062220
0 0.098281 0.345520 0.061131 0.061131
0 0.169258 0.176465 0.062220 0.062220
0 0.691992 0.477729 0.052757 0.052757
0 0.187820 0.415899 0.057104 0.057104
0 0.348423 0.716866 0.071945 0.071945
0 0.311306 0.374523 0.071945 0.071945
0 0.165977 0.598120 0.062220 0.062220
0 0.759249 0.949101 0.071945 0.071945
0 0.729078 0.253067 0.057104 0.057104
0 0.610018 0.223187 0.057104 0.057104
0 0.467388 0.247073 0.052757 0.052757
0 0.642415 0.999323 0.071945 0.071945
0 0.217438 0.348947 0.052757 0.052757
0 0.004772 0.532231 0.071945 0.071945
0 0.736796 0.648298 0.104277 0.104277
0 0.248403 0.192104 0.057104 0.057104
0 0.491383 0.680527 0.057104 0.057104
0 0.182206 0.265790 0.057104 0.057104
0 0.088055 0.013811 0.104277 0.104277
0 0.044973 0.589157 0.052757 0.052757
0 0.474126 0.820465 0.057104 0.057104
0 0.154397 0.083248 0.052757 0.052757
0 0.033425 0.301931 0.071945 0.071945
0 0.482788 0.606828 0.104277 0.104277
0 0.709780 0.356532 0.061130 0.061130
0 0.378308 0.011992 0.104277 0.104277
0 0.552121 0.634423 0.104277 0.104277
0 0.566301 0.830681 0.052757 0.052757
0 0.041954 0.072948 0.052757 0.052757
0 0.336389 0.190102 0.062220 0.062220
0 0.133782 0.475540 0.061131 0.061131