0 0.284592 0.049477 0.104277 0.104277
0 0.211095 0.848782 0.071945 0.071945
0 0.434882 0.047153 0.062220 0.062220
0 0.486216 0.816761 0.071945 0.071945
0 0.766594 0.557082 0.071945 0.071945
0 0.012708 0.694127 0.104277 0.104277
0 0.518344 0.932131 0.052757 0.052757
0 0.075196 0.418353 0.052757 0.052757
0 0.255493 0.605099 0.061130 0.061130
0 0.661771 0.730076 0.104277 0.104277
0 0.798140 0.037628 0.047276 0.047276
0 0.688494 0.344229 0.062220 0.062220
0 0.428437 0.566975 0.071945 0.071945
0 0.109244 0.868237 0.062220 0.062220
0 0.071868 0.614172 0.071945 0.071945
0 0.314578 0.150928 0.051819 0.051819
0 0.628767 0.893195 0.104277 0.104277
0 0.793964 0.976938 0.052757 0.052757
0 0.494726 0.094641 0.052757 0.052757
0 0.207284 0.439729 0.104277 0.104277
0 0.507145 0.685833 0.104277 0.104277
0 0.624924 0.497026 0.071945 0.071945
0 0.556002 0.043156 0.057103 0.057103
0 0.629671 0.428580 0.062220 0.062220
0 0.088297 0.963993 0.061130 0.061130
0 0.567627 0.624331 0.057104 0.057104
0 0.610594 0.798006 0.062220 0.062220
0 0.363336 0.925193 0.052757 0.052757
0 0.510344 0.556115 0.062220 0.062220
0 0.590656 0.160496 0.104277 0.104277
0 0.390419 0.221272 0.104277 0.104277
0 0.695993 0.528808 0.061130 0.061130
0 0.385556 0.147979 0.071945 0.071945
0 0.782148 0.143553 0.071945 0.071945
0 0.149741 0.690461 0.052757 0.052757
0 0.092027 0.160688 0.052757 0.052757
0 0.687987 0.175364 0.061131 0.061131
0 0.112399 0.556466 0.052757 0.052757
0 0.306874 0.307901 0.054783 0.054783
0 0.443717 0.753037 0.062220 0.062220
0 0.287404 0.828587 0.061131 0.061131
0 0.474426 0.241813 0.057103 0.057103
0 0.245797 0.757038 0.071945 0.071945
0 0.274976 0.420067 0.071945 0.071945
0 0.033998 0.875587 0.062220 0.062220
0 0.275236 0.490891 0.061130 0.061130
0 0.058100 0.081319 0.071945 0.071945
0 0.568732 0.308634 0.061131 0.061131
0 0.155256 0.316569 0.057104 0.057104
0 0.519910 0.176515 0.061131 0.061131
0 0.730239 0.785982 0.045227 0.045227
0 0.364627 0.834309 0.052757 0.052757
0 0.785481 0.269057 0.071945 0.071945
0 0.790863 0.407582 0.104278 0.104278
0 0.720464 0.029495 0.062220 0.062220
0 0.074173 0.793847 0.061130 0.061130
0 0.169451 0.194695 0.052757 0.052757
0 0.785904 0.689777 0.061130 0.061130
0 0.190605 0.005241 0.071945 0.071945
0 0.722068 0.242160 0.104278 0.104278
0 0.399389 0.408559 0.052757 0.052757
0 0.080594 0.229111 0.062220 0.062220
0 0.645421 0.281739 0.062220 0.062220
0 0.087066 0.487776 0.104277 0.104277
0 0.442253 0.648070 0.052757 0.052757
0 0.354300 0.699934 0.052757 0.052757
0 0.173837 0.766321 0.057104 0.057104
0 0.026897 0.285200 0.104277 0.104277
0 0.181730 0.089157 0.057104 0.057104
0 0.644310 0.633474 0.061131 0.061131
0 0.549947 0.497737 0.057104 0.057104
0 0.568982 0.232238 0.071945 0.071945
0 0.383234 0.294650 0.104277 0.104277
0 0.441322 0.926370 0.055027 0.055027
0 0.573514 0.727192 0.061131 0.061131
0 0.232013 0.955283 0.062220 0.062220
0 0.087380 0.721311 0.050559 0.050559
0 0.216519 0.664090 0.061130 0.061130
0 0.345790 0.484462 0.071945 0.071945
0 0.447777 0.338848 0.057104 0.057104
0 0.487823 0.395986 0.104277 0.104277
0 0.344590 0.579015 0.071945 0.071945
0 0.304052 0.968093 0.104277 0.104277
0 0.293315 0.239947 0.052757 0.052757
0 0.220752 0.274174 0.104277 0.104277
0 0.731433 0.646968 0.052757 0.052757
0 0.151235 0.393139 0.071945 0.071945
0 0.457499 0.487590 0.104277 0.104277
0 0.181942 0.531079 0.104277 0.104277
0 0.733708 0.453135 0.061131 0.061131
0 0.706090 0.979222 0.057104 0.057104
0 0.356201 0.010720 0.057104 0.057104
0 0.720040 0.903139 0.088662 0.088662
0 0.625952 0.093451 0.061131 0.061131