0 0.195545 0.480101 0.062220 0.062220
0 0.541183 0.819729 0.062220 0.062220
0 0.502957 0.625705 0.062220 0.062220
0 0.992345 0.342532 0.071945 0.071945
0 0.278859 0.933343 0.057103 0.057103
0 0.793958 0.187877 0.104277 0.104277
0 0.528937 0.269071 0.052757 0.052757
0 0.540629 0.355620 0.104277 0.104277
0 0.887093 0.609245 0.104277 0.104277
0 0.299531 0.679992 0.052757 0.052757
0 0.845954 0.730856 0.104277 0.104277
0 0.732470 0.772830 0.071945 0.071945
0 0.137874 0.534983 0.071945 0.071945
0 0.776811 0.032787 0.052757 0.052757
0 0.890494 0.361987 0.062220 0.062220
0 0.258722 0.764662 0.062220 0.062220
0 0.163755 0.957644 0.071945 0.071945
0 0.520362 0.181650 0.104277 0.104277
0 0.853118 0.107922 0.071945 0.071945
0 0.602719 0.113448 0.104277 0.104277
0 0.526886 0.082508 0.061130 0.061130
0 0.188674 0.795298 0.104277 0.104277
0 0.915847 0.534245 0.057104 0.057104
0 0.269162 0.486163 0.061130 0.061130
0 0.249578 0.398280 0.052757 0.052757
0 0.040724 0.864461 0.104278 0.104278
0 0.925971 0.888855 0.062220 0.062220
0 0.984194 0.516681 0.104277 0.104277
0 0.869547 0.457743 0.061130 0.061130
0 0.748852 0.499617 0.057104 0.057104
0 0.653827 0.259503 0.104277 0.104277
0 0.438603 0.979226 0.062220 0.062220
0 0.410380 0.399107 0.061130 0.061130
0 0.491224 0.524565 0.062220 0.062220
0 0.106414 0.109799 0.061130 0.061130
0 0.686368 0.606375 0.057104 0.057104
0 0.802344 0.636466 0.104277 0.104277
0 0.596433 0.962521 0.071945 0.071945
0 0.533113 0.432775 0.057104 0.057104
0 0.298449 0.861906 0.061130 0.061130
0 0.741781 0.845795 0.071945 0.071945
0 0.350911 0.634218 0.062220 0.062220
0 0.449309 0.220430 0.052757 0.052757
0 0.549030 0.890531 0.057104 0.057104
0 0.930991 0.184211 0.052757 0.052757
0 0.057898 0.667696 0.062220 0.062220
0 0.569659 0.568218 0.057104 0.057104
0 0.741015 0.106966 0.104277 0.104277
0 0.893649 0.050216 0.052757 0.052757
0 0.381734 0.480319 0.061130 0.061130
0 0.512874 0.970184 0.052757 0.052757
0 0.591480 0.192598 0.061130 0.061130
0 0.266311 0.123149 0.104278 0.104278
0 0.815248 0.369337 0.062220 0.062220
0 0.333160 0.101540 0.052757 0.052757
0 0.346964 0.741350 0.062220 0.062220
0 0.767889 0.710187 0.057104 0.057104
0 0.842915 0.527175 0.104277 0.104277
0 0.472179 0.861545 0.050891 0.050891
0 0.125601 0.367841 0.062220 0.062220
0 0.198005 0.876980 0.104277 0.104277
0 0.342621 0.356564 0.057104 0.057104
0 0.636049 0.753851 0.062220 0.062220
0 0.711576 0.220958 0.071945 0.071945
0 0.756868 0.962917 0.057104 0.057104
0 0.132775 0.699847 0.062220 0.062220
0 0.357199 0.940567 0.052757 0.052757
0 0.404830 0.786691 0.062220 0.062220
0 0.500589 0.752610 0.104277 0.104277
0 0.855423 0.287597 0.061130 0.061130
0 0.513322 0.010102 0.052757 0.052757
0 0.663496 0.046387 0.057104 0.057104
0 0.299039 0.224033 0.057104 0.057104
0 0.008037 0.461723 0.104278 0.104278
0 0.226314 0.190413 0.071945 0.071945
0 0.126675 0.455187 0.052757 0.052757
0 0.035858 0.971314 0.071945 0.071945
0 0.662437 0.881788 0.061130 0.061130
0 0.665961 0.476906 0.062220 0.062220
0 0.643306 0.330762 0.071945 0.071945
0 0.800860 0.796940 0.062220 0.062220
0 0.095473 0.925086 0.057104 0.057104
0 0.164899 0.269979 0.052757 0.052757
0 0.357195 0.265871 0.071945 0.071945
0 0.059578 0.509705 0.057104 0.057104
0 0.093156 0.178383 0.057104 0.057104
0 0.985404 0.942658 0.052757 0.052757
0 0.373777 0.859500 0.062220 0.062220
0 0.063653 0.256205 0.104277 0.104277
0 0.672015 0.985138 0.062220 0.062220
0 0.901502 0.678581 0.062220 0.062220
0 0.775715 0.567928 0.071945 0.071945
0 0.955087 0.260071 0.057104 0.057104
0 0.024780 0.375730 0.104277 0.104277
0 0.015234 0.156765 0.071945 0.071945
0 0.451757 0.684630 0.104277 0.104277
0 0.025054 0.785389 0.061131 0.061131
0 0.236724 0.300764 0.052757 0.052757
0 0.895789 0.973568 0.061130 0.061130
0 0.868630 0.215061 0.050559 0.050559
0 0.179612 0.038404 0.104277 0.104277
0 0.997769 0.157840 0.061130 0.061130
0 0.683032 0.689408 0.052757 0.052757
0 0.969253 0.605996 0.071945 0.071945
0 0.098391 0.800484 0.057104 0.057104
0 0.837782 0.877053 0.061131 0.061131
0 0.218999 0.593332 0.057104 0.057104
0 0.104317 0.030052 0.061130 0.061130
0 0.927803 0.806106 0.104277 0.104277
0 0.609807 0.684686 0.052757 0.052757
0 0.294170 0.008044 0.071945 0.071945
0 0.643479 0.550072 0.061130 0.061130
0 0.314960 0.569416 0.104277 0.104277
0 0.423792 0.119148 0.104277 0.104277
0 0.963192 0.024829 0.104277 0.104277
0 0.197343 0.114420 0.052757 0.052757
0 0.727685 0.344743 0.052757 0.052757
0 0.463076 0.289408 0.104277 0.104277