0 0.213785 0.936427 0.062220 0.062220
0 0.383620 0.097823 0.062220 0.062220
0 0.132612 0.400856 0.104277 0.104277
0 0.160670 0.810812 0.057103 0.057103
0 0.966509 0.671813 0.071945 0.071945
0 0.854070 0.873078 0.052757 0.052757
0 0.337694 0.156665 0.062220 0.062220
0 0.680093 0.860381 0.061131 0.061131
0 0.484268 0.133677 0.070161 0.070161
0 0.114988 0.125289 0.104278 0.104278
0 0.365475 0.561002 0.057104 0.057104
0 0.615219 0.781688 0.062220 0.062220
0 0.908153 0.968364 0.061131 0.061131
0 0.092790 0.632950 0.104277 0.104277
0 0.957380 0.901817 0.057104 0.057104
0 0.754182 0.224874 0.071945 0.071945
0 0.273669 0.104801 0.071945 0.071945
0 0.569975 0.163430 0.062220 0.062220
0 0.587103 0.465722 0.061131 0.061131
0 0.874743 0.376773 0.061130 0.061130
0 0.899756 0.495648 0.104277 0.104277
0 0.606546 0.227266 0.104277 0.104277
0 0.015084 0.162868 0.071945 0.071945
0 0.521005 0.072901 0.061130 0.061130
0 0.112187 0.497099 0.057104 0.057104
0 0.303240 0.716133 0.057104 0.057104
0 0.060757 0.445968 0.104277 0.104277
0 0.650515 0.362192 0.071945 0.071945
0 0.421829 0.998235 0.061130 0.061130
0 0.111656 0.007580 0.057104 0.057104
0 0.908126 0.049094 0.061130 0.061130
0 0.336404 0.477429 0.104277 0.104277
0 0.223263 0.758568 0.052757 0.052757
0 0.027118 0.314916 0.052757 0.052757
0 0.501566 0.296493 0.104277 0.104277
0 0.602430 0.041090 0.057104 0.057104
0 0.294179 0.298277 0.062220 0.062220
0 0.712598 0.611106 0.071945 0.071945
0 0.148504 0.561598 0.057104 0.057104
0 0.305658 0.810633 0.057104 0.057104
0 0.071803 0.976174 0.057104 0.057104
0 0.313519 0.977921 0.057104 0.057104
0 0.462357 0.003403 0.071945 0.071945
0 0.354048 0.639962 0.052757 0.052757
0 0.425239 0.709043 0.104277 0.104277
0 0.393796 0.278154 0.062220 0.062220
0 0.726406 0.745520 0.061131 0.061131
0 0.181343 0.997527 0.052757 0.052757
0 0.201321 0.201281 0.071945 0.071945
0 0.366707 0.911020 0.104277 0.104277
0 0.502016 0.794217 0.061130 0.061130
0 0.191987 0.437065 0.052757 0.052757
0 0.237929 0.648648 0.057104 0.057104
0 0.067208 0.831666 0.071945 0.071945
0 0.584502 0.692005 0.104277 0.104277
0 0.635850 0.106729 0.062220 0.062220
0 0.797383 0.576465 0.062220 0.062220
0 0.489427 0.529368 0.062220 0.062220
0 0.815945 0.815899 0.057104 0.057104
0 0.050007 0.572816 0.052757 0.052757
0 0.680414 0.290667 0.061131 0.061131
0 0.579194 0.870331 0.062220 0.062220
0 0.584258 0.327985 0.061131 0.061131
0 0.852799 0.102189 0.071945 0.071945
0 0.939431 0.774523 0.071945 0.071945
0 0.382371 0.784741 0.061130 0.061130
0 0.543959 0.933949 0.104278 0.104278
0 0.547242 0.406148 0.052757 0.052757
0 0.626876 0.600969 0.061131 0.061131
0 0.844430 0.298511 0.057104 0.057104
0 0.452209 0.206181 0.052757 0.052757
0 0.794102 0.998120 0.062220 0.062220
0 0.699355 0.139844 0.071945 0.071945
0 0.962341 0.115719 0.052757 0.052757
0 0.780529 0.001847 0.071945 0.071945
0 0.600977 0.999860 0.062220 0.062220
0 0.425293 0.431563 0.104277 0.104277
0 0.203811 0.511550 0.061130 0.061130
0 0.147662 0.331466 0.104277 0.104277
0 0.110363 0.202366 0.052757 0.052757
0 0.845563 0.748947 0.052757 0.052757
0 0.632897 0.932231 0.071945 0.071945
0 0.982274 0.313087 0.071945 0.071945
0 0.330862 0.236129 0.057104 0.057104
0 0.884236 0.227658 0.062220 0.062220
0 0.213247 0.360555 0.071945 0.071945
0 0.289391 0.000992 0.104277 0.104277
0 0.876528 0.592104 0.057104 0.057104
0 0.443810 0.586997 0.061130 0.061130
0 0.280120 0.895343 0.057104 0.057104
0 0.710935 0.062894 0.071945 0.071945
0 0.478536 0.892029 0.104277 0.104277
0 0.207384 0.123059 0.056505 0.056505
0 0.154878 0.885692 0.104277 0.104277
0 0.810331 0.665790 0.057104 0.057104
0 0.716180 0.413811 0.104277 0.104277
0 0.673098 0.989157 0.052757 0.052757
0 0.484569 0.659910 0.061130 0.061130
0 0.782522 0.483248 0.052757 0.052757
0 0.661550 0.701931 0.071945 0.071945
0 0.951192 0.251250 0.104277 0.104277
0 0.789677 0.348792 0.071945 0.071945
0 0.803650 0.158806 0.104277 0.104277
0 0.427476 0.344412 0.057104 0.057104
0 0.201681 0.054370 0.061130 0.061130
0 0.179005 0.690769 0.062220 0.062220
0 0.530015 0.598720 0.071945 0.071945
0 0.534582 0.004455 0.057103 0.057103
0 0.278198 0.385711 0.057104 0.057104
0 0.001235 0.078172 0.062220 0.062220
0 0.078816 0.749624 0.052757 0.052757
0 0.026067 0.675081 0.062220 0.062220
0 0.670079 0.472948 0.052757 0.052757
0 0.964514 0.590102 0.062220 0.062220
0 0.761907 0.875540 0.061131 0.061131