0 0.536170 0.826976 0.062220 0.062220
0 0.843582 0.972580 0.062220 0.062220
0 0.869562 0.615946 0.052757 0.052757
0 0.881254 0.702495 0.104277 0.104277
0 0.721604 0.249953 0.061130 0.061130
0 0.478499 0.881858 0.071945 0.071945
0 0.860987 0.528525 0.104277 0.104277
0 0.943344 0.460323 0.104277 0.104277
0 0.867511 0.429383 0.061130 0.061130
0 0.731572 0.014287 0.057104 0.057104
0 0.226434 0.337917 0.062220 0.062220
0 0.332921 0.914984 0.061130 0.061130
0 0.774582 0.327340 0.104277 0.104277
0 0.609787 0.833038 0.061130 0.061130
0 0.590203 0.745155 0.052757 0.052757
0 0.994452 0.606378 0.104277 0.104277
0 0.751005 0.745982 0.061130 0.061130
0 0.831849 0.871440 0.062220 0.062220
0 0.447039 0.456674 0.061130 0.061130
0 0.249510 0.575286 0.104278 0.104278
0 0.573068 0.099662 0.104277 0.104277
0 0.493499 0.168586 0.052757 0.052757
0 0.873738 0.779650 0.057104 0.057104
0 0.691536 0.981093 0.062220 0.062220
0 0.716454 0.168823 0.104277 0.104277
0 0.789934 0.567305 0.052757 0.052757
0 0.406067 0.162784 0.052757 0.052757
0 0.910284 0.915093 0.057104 0.057104
0 0.652409 0.250880 0.052757 0.052757
0 0.722359 0.827194 0.061130 0.061130
0 0.932105 0.539473 0.061130 0.061130
0 0.606936 0.470024 0.104278 0.104278
0 0.673785 0.448415 0.052757 0.052757
0 0.953652 0.127541 0.061130 0.061130
0 0.845005 0.026383 0.071945 0.071945
0 0.314894 0.627492 0.062220 0.062220
0 0.466226 0.714716 0.062220 0.062220
0 0.219421 0.017153 0.052757 0.052757
0 0.683246 0.703439 0.057104 0.057104
0 0.833909 0.194676 0.061130 0.061130
0 0.804578 0.111011 0.062220 0.062220
0 0.272880 0.259188 0.061130 0.061130
0 0.853947 0.356977 0.052757 0.052757
0 0.639664 0.570908 0.057104 0.057104
0 0.507706 0.057665 0.104277 0.104277
0 0.348662 0.808598 0.104278 0.104278
0 0.566939 0.537288 0.071945 0.071945
0 0.467300 0.802062 0.052757 0.052757
0 0.983931 0.677637 0.071945 0.071945
0 0.505524 0.616854 0.052757 0.052757
0 0.697820 0.612746 0.071945 0.071945
0 0.223848 0.645328 0.104277 0.104277
0 0.400203 0.856580 0.057104 0.057104
0 0.433781 0.525258 0.057104 0.057104
0 0.404278 0.603080 0.104277 0.104277
0 0.359925 0.055366 0.052757 0.052757
0 0.945228 0.204176 0.104277 0.104277
0 0.905874 0.058197 0.071945 0.071945
0 0.365405 0.722605 0.104277 0.104277
0 0.355859 0.503640 0.071945 0.071945
0 0.646940 0.122264 0.071945 0.071945
0 0.230028 0.444881 0.057104 0.057104
0 0.577349 0.647639 0.052757 0.052757
0 0.647269 0.020997 0.071945 0.071945
0 0.326129 0.142576 0.104277 0.104277
0 0.337235 0.396643 0.057104 0.057104
0 0.520237 0.385279 0.104277 0.104277
0 0.570380 0.229514 0.104277 0.104277
0 0.958004 0.338817 0.104277 0.104277
0 0.560886 0.005816 0.052757 0.052757
0 0.476053 0.304291 0.052757 0.052757
0 0.559624 0.940207 0.057104 0.057104
0 0.280386 0.848594 0.062220 0.062220
0 0.280560 0.776159 0.057104 0.057104
0 0.355282 0.219080 0.104277 0.104277
0 0.444942 0.376927 0.061130 0.061130
0 0.568285 0.319877 0.062220 0.062220
0 0.634795 0.354919 0.071945 0.071945
0 0.863902 0.278573 0.061130 0.061130
0 0.984104 0.896947 0.061130 0.061130
0 0.272788 0.501359 0.052757 0.052757
0 0.655585 0.916291 0.104277 0.104277
0 0.764417 0.466023 0.104277 0.104277
0 0.245389 0.161811 0.071945 0.071945
0 0.537968 0.461295 0.052757 0.052757
0 0.728569 0.086965 0.071945 0.071945
0 0.346977 0.290422 0.104277 0.104277
0 0.803701 0.636283 0.104277 0.104277
0 0.228303 0.924315 0.057104 0.057104