0 0.665842 0.905727 0.104277 0.104277
0 0.622294 0.693736 0.061130 0.061130
0 0.555387 0.554065 0.104277 0.104277
0 0.617213 0.463017 0.071945 0.071945
0 0.816132 0.903403 0.062220 0.062220
0 0.769026 0.448627 0.071945 0.071945
0 0.847779 0.655485 0.104277 0.104277
0 0.523065 0.655634 0.052757 0.052757
0 0.925643 0.702010 0.071945 0.071945
0 0.852412 0.338930 0.061131 0.061131
0 0.561096 0.326118 0.104277 0.104277
0 0.067261 0.608731 0.052757 0.052757
0 0.016910 0.102052 0.062220 0.062220
0 0.883527 0.075325 0.104277 0.104277
0 0.659966 0.820542 0.057104 0.057104
0 0.431159 0.498574 0.062220 0.062220
0 0.689168 0.262089 0.052757 0.052757
0 0.341994 0.683733 0.104277 0.104277
0 0.599972 0.620273 0.061131 0.061131
0 0.875976 0.950891 0.052757 0.052757
0 0.066806 0.816561 0.057104 0.057104
0 0.633106 0.372614 0.057104 0.057104
0 0.132848 0.223728 0.071945 0.071945
0 0.937252 0.899406 0.057103 0.057103
0 0.684188 0.580768 0.052757 0.052757
0 0.180096 0.286167 0.061130 0.061130
0 0.952245 0.316570 0.104277 0.104277
0 0.358230 0.410122 0.052757 0.052757
0 0.822522 0.132980 0.062220 0.062220
0 0.740395 0.516728 0.057104 0.057104
0 0.660348 0.199528 0.057104 0.057104
0 0.657195 0.038703 0.052757 0.052757
0 0.852868 0.738739 0.036679 0.036679
0 0.768349 0.176966 0.061130 0.061130
0 0.483218 0.026006 0.061131 0.061131
0 0.111615 0.499207 0.057104 0.057104
0 0.686630 0.669350 0.057104 0.057104
0 0.425430 0.346031 0.052757 0.052757
0 0.198546 0.495464 0.057104 0.057104
0 0.978212 0.049775 0.061130 0.061130
0 0.996508 0.533787 0.104277 0.104277
0 0.421398 0.621983 0.071945 0.071945
0 0.711278 0.133989 0.061131 0.061131
0 0.902146 0.557419 0.104277 0.104277
0 0.530493 0.428314 0.071945 0.071945
0 0.760505 0.067442 0.057104 0.057104
0 0.993051 0.724894 0.062220 0.062220
0 0.077765 0.399669 0.057104 0.057104
0 0.439350 0.937569 0.071945 0.071945
0 0.492617 0.588432 0.057104 0.057104
0 0.224954 0.163860 0.061130 0.061130
0 0.113128 0.765194 0.071945 0.071945
0 0.849073 0.499127 0.061130 0.061130
0 0.207723 0.977822 0.062220 0.062220
0 0.323384 0.806822 0.061130 0.061130
0 0.983999 0.124650 0.061130 0.061130
0 0.927833 0.629742 0.061130 0.061130
0 0.497091 0.228150 0.104277 0.104277
0 0.258696 0.709083 0.061130 0.061130
0 0.229770 0.637348 0.061130 0.061130
0 0.799169 0.593610 0.062220 0.062220
0 0.010888 0.363621 0.104277 0.104277
0 0.116644 0.143546 0.057104 0.057104
0 0.408450 0.763618 0.104277 0.104277
0 0.571855 0.861491 0.071945 0.071945
0 0.269253 0.375286 0.052757 0.052757
0 0.712601 0.364640 0.062220 0.062220
0 0.262150 0.915209 0.061130 0.061130
0 0.000303 0.450183 0.104277 0.104277
0 0.254392 0.831527 0.104277 0.104277
0 0.459011 0.812155 0.104277 0.104277
0 0.169832 0.076645 0.104277 0.104277
0 0.437916 0.699465 0.052757 0.052757
0 0.744832 0.739153 0.062220 0.062220
0 0.150275 0.572952 0.071945 0.071945
0 0.075220 0.325922 0.062220 0.062220
0 0.779673 0.282491 0.071945 0.071945
0 0.389552 0.265619 0.052757 0.052757
0 0.382319 0.035956 0.062220 0.062220
0 0.887043 0.821849 0.104277 0.104277
0 0.036152 0.531619 0.104277 0.104277
0 0.562980 0.945407 0.057104 0.057104
0 0.046187 0.981986 0.050932 0.050932
0 0.182923 0.803100 0.052757 0.052757
0 0.347084 0.099574 0.104278 0.104278
0 0.800495 0.787071 0.071945 0.071945
0 0.159820 0.710160 0.061130 0.061130
0 0.518849 0.768215 0.052757 0.052757
0 0.373155 0.919662 0.057104 0.057104
0 0.597227 0.163745 0.062220 0.062220
0 0.182468 0.355321 0.057104 0.057104
0 0.404102 0.165485 0.062220 0.062220
0 0.282659 0.280061 0.057104 0.057104
0 0.156724 0.870126 0.061130 0.061130
0 0.019089 0.713285 0.071945 0.071945
0 0.941390 0.777218 0.061131 0.061131
0 0.146576 0.429786 0.048997 0.048997
0 0.436022 0.097856 0.071945 0.071945
0 0.349602 0.334417 0.062220 0.062220
0 0.922633 0.246152 0.057104 0.057104
0 0.083245 0.060968 0.057104 0.057104
0 0.281661 0.057654 0.104277 0.104277
0 0.345584 0.575778 0.062220 0.062220
0 0.476223 0.154782 0.052757 0.052757
0 0.117516 0.966811 0.062220 0.062220
0 0.905376 0.386090 0.057104 0.057104
0 0.349161 0.485967 0.061131 0.061131
0 0.914038 0.172453 0.104277 0.104277
0 0.983371 0.200048 0.104277 0.104277
0 0.997551 0.396306 0.052757 0.052757
0 0.064377 0.248030 0.057104 0.057104
0 0.276669 0.582772 0.071945 0.071945
0 0.737451 0.866970 0.057104 0.057104
0 0.072174 0.892366 0.071945 0.071945
0 0.565032 0.041165 0.061131 0.061131