0 0.331808 0.838479 0.062220 0.062220
0 0.293582 0.644455 0.062220 0.062220
0 0.782970 0.361282 0.071945 0.071945
0 0.069484 0.952093 0.057103 0.057103
0 0.984514 0.971933 0.052757 0.052757
0 0.584583 0.206627 0.104277 0.104277
0 0.791654 0.731614 0.061130 0.061130
0 0.827368 0.117599 0.061130 0.061130
0 0.319562 0.287821 0.052757 0.052757
0 0.853781 0.839706 0.104277 0.104277
0 0.331254 0.374370 0.104277 0.104277
0 0.677718 0.627995 0.104277 0.104277
0 0.090156 0.698742 0.052757 0.052757
0 0.636579 0.749606 0.104277 0.104277
0 0.523095 0.791580 0.071945 0.071945
0 0.567436 0.051537 0.052757 0.052757
0 0.681119 0.380737 0.062220 0.062220
0 0.049347 0.783412 0.062220 0.062220
0 0.310987 0.200400 0.104277 0.104277
0 0.643743 0.126672 0.071945 0.071945
0 0.393344 0.132198 0.104277 0.104277
0 0.317511 0.101258 0.061130 0.061130
0 0.706472 0.552995 0.057104 0.057104
0 0.059787 0.504913 0.061130 0.061130
0 0.040203 0.417030 0.052757 0.052757
0 0.716596 0.907605 0.062220 0.062220
0 0.774819 0.535431 0.104277 0.104277
0 0.932481 0.832623 0.062220 0.062220
0 0.660172 0.476493 0.061130 0.061130
0 0.539477 0.518367 0.057104 0.057104
0 0.444452 0.278253 0.104277 0.104277
0 0.229228 0.997976 0.062220 0.062220
0 0.201005 0.417857 0.061130 0.061130
0 0.281849 0.543315 0.062220 0.062220
0 0.935211 0.437693 0.052757 0.052757
0 0.476993 0.625125 0.057104 0.057104
0 0.592969 0.655216 0.104277 0.104277
0 0.387058 0.981271 0.071945 0.071945
0 0.323738 0.451525 0.057104 0.057104
0 0.089074 0.880656 0.061130 0.061130
0 0.902428 0.624561 0.071945 0.071945
0 0.532406 0.864545 0.071945 0.071945
0 0.141536 0.652968 0.062220 0.062220
0 0.239934 0.239180 0.052757 0.052757
0 0.339655 0.909281 0.057104 0.057104
0 0.721616 0.202961 0.052757 0.052757
0 0.360284 0.586968 0.057104 0.057104
0 0.531640 0.125716 0.104277 0.104277
0 0.684274 0.068966 0.052757 0.052757
0 0.172359 0.499069 0.061130 0.061130
0 0.859279 0.341087 0.061131 0.061131
0 0.303499 0.988934 0.052757 0.052757
0 0.382105 0.211348 0.061130 0.061130
0 0.817672 0.269538 0.071945 0.071945
0 0.056936 0.141899 0.104278 0.104278
0 0.605873 0.388087 0.062220 0.062220
0 0.847111 0.003391 0.061130 0.061130
0 0.123785 0.120290 0.052757 0.052757
0 0.820818 0.592398 0.057104 0.057104
0 0.137589 0.760100 0.062220 0.062220
0 0.558514 0.728937 0.057104 0.057104
0 0.633540 0.545925 0.104277 0.104277
0 0.262804 0.880295 0.050891 0.050891
0 0.133246 0.375314 0.057104 0.057104
0 0.426674 0.772601 0.062220 0.062220
0 0.502201 0.239708 0.071945 0.071945
0 0.547493 0.981667 0.057104 0.057104
0 0.147824 0.959317 0.052757 0.052757
0 0.961422 0.898376 0.062220 0.062220
0 0.936502 0.346809 0.052757 0.052757
0 0.195455 0.805441 0.062220 0.062220
0 0.291214 0.771360 0.104277 0.104277
0 0.646048 0.306347 0.061130 0.061130
0 0.303947 0.028852 0.052757 0.052757
0 0.454121 0.065137 0.057104 0.057104
0 0.916173 0.996947 0.052757 0.052757
0 0.089664 0.242783 0.057104 0.057104
0 0.016939 0.209163 0.071945 0.071945
0 0.919611 0.553919 0.062220 0.062220
0 0.453062 0.900538 0.061130 0.061130
0 0.864034 0.733678 0.104277 0.104277
0 0.456586 0.495656 0.062220 0.062220
0 0.433931 0.349512 0.071945 0.071945
0 0.591485 0.815690 0.062220 0.062220
0 0.147820 0.284621 0.071945 0.071945
0 0.776029 0.961408 0.052757 0.052757
0 0.164402 0.878250 0.062220 0.062220
0 0.658941 0.000276 0.104277 0.104277
0 0.692127 0.697331 0.062220 0.062220
0 0.566340 0.586678 0.071945 0.071945
0 0.926175 0.212434 0.052757 0.052757
0 0.867651 0.909238 0.061131 0.061131
0 0.745712 0.278821 0.057104 0.057104
0 0.242382 0.703380 0.104277 0.104277
0 0.842976 0.659400 0.104277 0.104277
0 0.027349 0.319514 0.052757 0.052757
0 0.803888 0.467783 0.062220 0.062220
0 0.686414 0.992318 0.061130 0.061130
0 0.659255 0.233811 0.050559 0.050559
0 0.953477 0.731946 0.052757 0.052757
0 0.788394 0.176590 0.061130 0.061130
0 0.473657 0.708158 0.052757 0.052757
0 0.759878 0.624746 0.071945 0.071945
0 0.628407 0.895803 0.061131 0.061131
0 0.408004 0.010692 0.104277 0.104277
0 0.916465 0.091515 0.071945 0.071945
0 0.875927 0.480593 0.104277 0.104277
0 0.009624 0.612082 0.057104 0.057104
0 0.718428 0.824856 0.104277 0.104277
0 0.400432 0.703436 0.052757 0.052757
0 0.084795 0.026794 0.071945 0.071945
0 0.434104 0.568822 0.061130 0.061130
0 0.105585 0.588166 0.104277 0.104277
0 0.214417 0.137898 0.104277 0.104277
0 0.753817 0.043579 0.104277 0.104277
0 0.518310 0.363493 0.052757 0.052757
0 0.253701 0.308158 0.104277 0.104277