0 0.339220 0.255032 0.071945 0.071945
0 0.901759 0.761734 0.104277 0.104277
0 0.540764 0.865683 0.052757 0.052757
0 0.614341 0.223011 0.071945 0.071945
0 0.140833 0.100377 0.104277 0.104277
0 0.646469 0.338381 0.052757 0.052757
0 0.347904 0.625364 0.061130 0.061130
0 0.884752 0.445535 0.061131 0.061131
0 0.790629 0.561869 0.062220 0.062220
0 0.383618 0.011349 0.061130 0.061130
0 0.789896 0.136326 0.104277 0.104277
0 0.773985 0.732062 0.052757 0.052757
0 0.410031 0.733456 0.104277 0.104277
0 0.931807 0.854187 0.052757 0.052757
0 0.233968 0.521745 0.104277 0.104277
0 0.192829 0.643356 0.104277 0.104277
0 0.079345 0.685330 0.071945 0.071945
0 0.237369 0.274487 0.062220 0.062220
0 0.199993 0.020422 0.071945 0.071945
0 0.666784 0.584665 0.104277 0.104277
0 0.262722 0.446745 0.057104 0.057104
0 0.756892 0.299445 0.104277 0.104277
0 0.806242 0.841786 0.061130 0.061130
0 0.777799 0.912766 0.104277 0.104277
0 0.712031 0.490564 0.071945 0.071945
0 0.922089 0.383188 0.052757 0.052757
0 0.635270 0.092083 0.104277 0.104277
0 0.272846 0.801355 0.062220 0.062220
0 0.331069 0.429181 0.104277 0.104277
0 0.748283 0.643323 0.052757 0.052757
0 0.488731 0.726373 0.062220 0.062220
0 0.216422 0.370243 0.061130 0.061130
0 0.095727 0.412117 0.057104 0.057104
0 0.000702 0.172003 0.104277 0.104277
0 0.695752 0.030581 0.057104 0.057104
0 0.738719 0.204256 0.062220 0.062220
0 0.491461 0.331443 0.052757 0.052757
0 0.033243 0.518875 0.057104 0.057104
0 0.149219 0.548966 0.104277 0.104277
0 0.610204 0.719193 0.062220 0.062220
0 0.458678 0.518311 0.071945 0.071945
0 0.088656 0.758295 0.071945 0.071945
0 0.668682 0.433320 0.102474 0.102474
0 0.709571 0.790440 0.071945 0.071945
0 0.277866 0.096711 0.052757 0.052757
0 0.563018 0.425495 0.104277 0.104277
0 0.087890 0.019466 0.104277 0.104277
0 0.611421 0.890234 0.104277 0.104277
0 0.571842 0.159287 0.062220 0.062220
0 0.415529 0.234837 0.061131 0.061131
0 0.373922 0.163288 0.071945 0.071945
0 0.162123 0.281837 0.062220 0.062220
0 0.696068 0.887121 0.104277 0.104277
0 0.377068 0.486148 0.057104 0.057104
0 0.114764 0.622687 0.057104 0.057104
0 0.189790 0.439675 0.104277 0.104277
0 0.058451 0.133458 0.071945 0.071945
0 0.103743 0.875417 0.057104 0.057104
0 0.858364 0.192232 0.045227 0.045227
0 0.517672 0.792126 0.062220 0.062220
0 0.492752 0.240559 0.052757 0.052757
0 0.202298 0.200097 0.061130 0.061130
0 0.914029 0.096027 0.061130 0.061130
0 0.472423 0.890697 0.052757 0.052757
0 0.475861 0.447669 0.062220 0.062220
0 0.009312 0.794288 0.061130 0.061130
0 0.420284 0.627428 0.104277 0.104277
0 0.012836 0.389406 0.062220 0.062220
0 0.147735 0.709440 0.062220 0.062220
0 0.332279 0.855158 0.052757 0.052757
0 0.604266 0.817094 0.052757 0.052757
0 0.018890 0.897638 0.062220 0.062220
0 0.248377 0.591081 0.062220 0.062220
0 0.570378 0.054320 0.052757 0.052757
0 0.122590 0.480428 0.071945 0.071945
0 0.482425 0.106184 0.052757 0.052757
0 0.905618 0.662882 0.061131 0.061131
0 0.423901 0.802988 0.061131 0.061131
0 0.301962 0.172571 0.057104 0.057104
0 0.772435 0.039724 0.061131 0.061131
0 0.399226 0.553150 0.104277 0.104277
0 0.871190 0.538894 0.061131 0.061131
0 0.837444 0.689979 0.062221 0.062221
0 0.673342 0.690261 0.052757 0.052757
0 0.569447 0.332620 0.055027 0.055027
0 0.701639 0.133442 0.061131 0.061131
0 0.360138 0.361533 0.062220 0.062220
0 0.242664 0.886068 0.061130 0.061130
0 0.779476 0.436798 0.104277 0.104277
0 0.387882 0.904203 0.062220 0.062220
0 0.215505 0.127561 0.050559 0.050559
0 0.509727 0.625696 0.052757 0.052757
0 0.344644 0.070340 0.061130 0.061130
0 0.029907 0.601908 0.052757 0.052757
0 0.316128 0.518496 0.071945 0.071945
0 0.184657 0.789553 0.061131 0.061131
0 0.432177 0.374343 0.104277 0.104277
0 0.596187 0.518600 0.061130 0.061130
0 0.274678 0.718606 0.104277 0.104277
0 0.859558 0.053218 0.052757 0.052757
0 0.074560 0.257243 0.052757 0.052757
0 0.834215 0.385472 0.057104 0.057104
0 0.848165 0.309389 0.088662 0.088662