0 0.602880 0.212992 0.071945 0.071945
0 0.398057 0.716411 0.104277 0.104277
0 0.588159 0.680939 0.104277 0.104277
0 0.632348 0.877187 0.057104 0.057104
0 0.501614 0.327269 0.062220 0.062220
0 0.634592 0.325216 0.057104 0.057104
0 0.724733 0.839066 0.104277 0.104277
0 0.667403 0.250524 0.052757 0.052757
0 0.551189 0.590696 0.057104 0.057104
0 0.479349 0.442179 0.104277 0.104277
0 0.461652 0.794075 0.104277 0.104277
0 0.267293 0.980839 0.052757 0.052757
0 0.464543 0.632655 0.061131 0.061131
0 0.474351 0.256562 0.052757 0.052757
0 0.347759 0.556188 0.071945 0.071945
0 0.564768 0.456467 0.062220 0.062220
0 0.400647 0.851730 0.062220 0.062220
0 0.238473 0.918278 0.057104 0.057104
0 0.235320 0.757453 0.052757 0.052757
0 0.346474 0.895716 0.061130 0.061130
0 0.622925 0.577718 0.071945 0.071945
0 0.704722 0.348259 0.071945 0.071945
0 0.061343 0.744756 0.061131 0.061131
0 0.566510 0.276872 0.071945 0.071945
0 0.650612 0.954534 0.071945 0.071945
0 0.556337 0.768525 0.061130 0.061130
0 0.735023 0.111608 0.061131 0.061131
0 0.289403 0.852739 0.061131 0.061131
0 0.338630 0.786192 0.057104 0.057104
0 0.753657 0.286472 0.071945 0.071945
0 0.135432 0.109249 0.071945 0.071945
0 0.416831 0.016625 0.061130 0.061130
0 0.405544 0.379997 0.071945 0.071945
0 0.255993 0.261148 0.061130 0.061130
0 0.766223 0.209835 0.071945 0.071945
0 0.281006 0.380023 0.104277 0.104277
0 0.749035 0.708102 0.057104 0.057104
0 0.031765 0.246567 0.071945 0.071945
0 0.404922 0.511700 0.104277 0.104277
0 0.697010 0.455400 0.104278 0.104278
0 0.562124 0.843400 0.061130 0.061130
0 0.646361 0.024904 0.057104 0.057104
0 0.093848 0.495481 0.071945 0.071945
0 0.075216 0.946900 0.104277 0.104277
0 0.107656 0.629895 0.061131 0.061131
0 0.501515 0.117842 0.062220 0.062220
0 0.465090 0.179409 0.062220 0.062220
0 0.178633 0.460840 0.062220 0.062220
0 0.701367 0.762104 0.052757 0.052757
0 0.197195 0.700274 0.057104 0.057104
0 0.061664 0.175042 0.061131 0.061131
0 0.320681 0.658898 0.071945 0.071945
0 0.008126 0.485344 0.061131 0.061131
0 0.427242 0.106556 0.052757 0.052757
0 0.225680 0.182886 0.057104 0.057104
0 0.175352 0.882495 0.062220 0.062220
0 0.080605 0.024219 0.071945 0.071945
0 0.738453 0.537442 0.057104 0.057104
0 0.619393 0.507562 0.057104 0.057104
0 0.343591 0.000094 0.052757 0.052757
0 0.476763 0.531448 0.052757 0.052757
0 0.226813 0.633322 0.052757 0.052757
0 0.014147 0.816606 0.071945 0.071945
0 0.746171 0.932673 0.104277 0.104277
0 0.363524 0.197462 0.071945 0.071945
0 0.265486 0.112033 0.062220 0.062220
0 0.257778 0.476479 0.057104 0.057104
0 0.500758 0.964902 0.057104 0.057104
0 0.639615 0.143821 0.062220 0.062220
0 0.191581 0.550165 0.057104 0.057104
0 0.097430 0.298186 0.104277 0.104277
0 0.054348 0.873532 0.052757 0.052757
0 0.163772 0.367623 0.052757 0.052757
0 0.042800 0.586306 0.071945 0.071945
0 0.332442 0.135625 0.104277 0.104277
0 0.170927 0.233167 0.071945 0.071945
0 0.492163 0.891203 0.104277 0.104277
0 0.184900 0.043181 0.104277 0.104277
0 0.719155 0.640907 0.061130 0.061130
0 0.699744 0.178049 0.104278 0.104278
0 0.387683 0.296367 0.104277 0.104277
0 0.561496 0.918798 0.104277 0.104277
0 0.051329 0.357323 0.052757 0.052757
0 0.345764 0.474477 0.062220 0.062220
0 0.143157 0.759915 0.061131 0.061131