0 0.929307 0.710161 0.104277 0.104277
0 0.126285 0.814552 0.062220 0.062220
0 0.992902 0.787825 0.104277 0.104277
0 0.798543 0.974589 0.052757 0.052757
0 0.995793 0.626405 0.061131 0.061131
0 0.045112 0.278981 0.104277 0.104277
0 0.073170 0.688937 0.057103 0.057103
0 0.242223 0.936228 0.071945 0.071945
0 0.879009 0.549938 0.071945 0.071945
0 0.289471 0.998667 0.061130 0.061130
0 0.931897 0.845480 0.062220 0.062220
0 0.769723 0.912028 0.057104 0.057104
0 0.766570 0.751203 0.052757 0.052757
0 0.877724 0.889466 0.061130 0.061130
0 0.250194 0.034790 0.062220 0.062220
0 0.592593 0.738506 0.061131 0.061131
0 0.396768 0.011802 0.070161 0.070161
0 0.027488 0.003414 0.104278 0.104278
0 0.277975 0.439127 0.057104 0.057104
0 0.527719 0.659813 0.062220 0.062220
0 0.820653 0.846489 0.061131 0.061131
0 0.005290 0.511075 0.104277 0.104277
0 0.869880 0.779942 0.057104 0.057104
0 0.666682 0.102999 0.071945 0.071945
0 0.948081 0.010375 0.061130 0.061130
0 0.482475 0.041555 0.062220 0.062220
0 0.936794 0.373747 0.071945 0.071945
0 0.499603 0.343847 0.061131 0.061131
0 0.787243 0.254898 0.061130 0.061130
0 0.812256 0.373773 0.104277 0.104277
0 0.519046 0.105391 0.104277 0.104277
0 0.024687 0.375224 0.057104 0.057104
0 0.215740 0.594258 0.057104 0.057104
0 0.563015 0.240317 0.071945 0.071945
0 0.936172 0.505450 0.104277 0.104277
0 0.334329 0.876360 0.061130 0.061130
0 0.248904 0.355554 0.104277 0.104277
0 0.135763 0.636693 0.052757 0.052757
0 0.414066 0.174618 0.104277 0.104277
0 0.206679 0.176402 0.062220 0.062220
0 0.625098 0.489231 0.071945 0.071945
0 0.606466 0.940650 0.104277 0.104277
0 0.061004 0.439723 0.057104 0.057104
0 0.218158 0.688758 0.057104 0.057104
0 0.226019 0.856046 0.057104 0.057104
0 0.266548 0.518087 0.052757 0.052757
0 0.337739 0.587168 0.104277 0.104277
0 0.306296 0.156279 0.062220 0.062220
0 0.094585 0.970383 0.104277 0.104277
0 0.638906 0.623645 0.061131 0.061131
0 0.093843 0.875652 0.052757 0.052757
0 0.113821 0.079406 0.071945 0.071945
0 0.279207 0.789145 0.104277 0.104277
0 0.414516 0.672342 0.061130 0.061130
0 0.104487 0.315190 0.052757 0.052757
0 0.150429 0.526773 0.057104 0.057104
0 0.497002 0.570130 0.104277 0.104277
0 0.996340 0.173159 0.062220 0.062220
0 0.709883 0.454590 0.062220 0.062220
0 0.401927 0.407493 0.062220 0.062220
0 0.728445 0.694024 0.057104 0.057104
0 0.592914 0.168792 0.061131 0.061131
0 0.889048 0.994991 0.071945 0.071945
0 0.498927 0.978119 0.052757 0.052757
0 0.491694 0.748456 0.062220 0.062220
0 0.496758 0.206110 0.061131 0.061131
0 0.851931 0.652648 0.071945 0.071945
0 0.294871 0.662866 0.061130 0.061130
0 0.456459 0.812074 0.104278 0.104278
0 0.459742 0.284273 0.052757 0.052757
0 0.539376 0.479094 0.061131 0.061131
0 0.958492 0.100306 0.052757 0.052757
0 0.756930 0.176636 0.057104 0.057104
0 0.364709 0.084306 0.052757 0.052757
0 0.706602 0.876245 0.062220 0.062220
0 0.611855 0.017969 0.071945 0.071945
0 0.513477 0.877985 0.062220 0.062220
0 0.392034 0.992561 0.057104 0.057104
0 0.337793 0.309688 0.104277 0.104277
0 0.116311 0.389675 0.061130 0.061130
0 0.060162 0.209591 0.104277 0.104277
0 0.022863 0.080491 0.052757 0.052757
0 0.758063 0.627072 0.052757 0.052757
0 0.545397 0.810356 0.071945 0.071945
0 0.894774 0.191212 0.071945 0.071945
0 0.243362 0.114254 0.057104 0.057104
0 0.796736 0.105783 0.062220 0.062220
0 0.125747 0.238680 0.071945 0.071945
0 0.789028 0.470229 0.057104 0.057104
0 0.356310 0.465122 0.061130 0.061130
0 0.192620 0.773468 0.057104 0.057104
0 0.391036 0.770154 0.104277 0.104277
0 0.119884 0.001184 0.056505 0.056505
0 0.067378 0.763817 0.104277 0.104277
0 0.722831 0.543915 0.057104 0.057104
0 0.628680 0.291936 0.104277 0.104277
0 0.585598 0.867282 0.052757 0.052757
0 0.397069 0.538035 0.061130 0.061130
0 0.695022 0.361373 0.052757 0.052757
0 0.574050 0.580056 0.071945 0.071945
0 0.863692 0.129375 0.104277 0.104277
0 0.702177 0.226917 0.071945 0.071945
0 0.716150 0.036931 0.104277 0.104277
0 0.339976 0.222537 0.057104 0.057104
0 0.091505 0.568894 0.062220 0.062220
0 0.442515 0.476845 0.071945 0.071945
0 0.190698 0.263836 0.057104 0.057104
0 0.918933 0.290117 0.104277 0.104277
0 0.173752 0.960530 0.057104 0.057104
0 0.582579 0.351073 0.052757 0.052757
0 0.877014 0.468227 0.062220 0.062220
0 0.674407 0.753665 0.061131 0.061131