0 0.519552 0.050755 0.104278 0.104278
0 0.284207 0.925705 0.062220 0.062220
0 0.773595 0.642532 0.071945 0.071945
0 0.575208 0.487877 0.104277 0.104277
0 0.637696 0.212103 0.052757 0.052757
0 0.817993 0.398849 0.061130 0.061130
0 0.310187 0.569071 0.052757 0.052757
0 0.321879 0.655620 0.104277 0.104277
0 0.162229 0.203078 0.061130 0.061130
0 0.668343 0.909245 0.104277 0.104277
0 0.080781 0.979992 0.052757 0.052757
0 0.536990 0.161560 0.052757 0.052757
0 0.990937 0.360725 0.071945 0.071945
0 0.558061 0.332787 0.052757 0.052757
0 0.671744 0.661987 0.062220 0.062220
0 0.301612 0.481650 0.104277 0.104277
0 0.634368 0.407922 0.071945 0.071945
0 0.383969 0.413448 0.104277 0.104277
0 0.308136 0.382508 0.061130 0.061130
0 0.697097 0.834245 0.057104 0.057104
0 0.215207 0.280465 0.104277 0.104277
0 0.050412 0.786163 0.061130 0.061130
0 0.769784 0.233479 0.104277 0.104277
0 0.030828 0.698280 0.052757 0.052757
0 0.765444 0.816681 0.104277 0.104277
0 0.650797 0.757743 0.061130 0.061130
0 0.530102 0.799617 0.057104 0.057104
0 0.435077 0.559503 0.104277 0.104277
0 0.191630 0.699107 0.061130 0.061130
0 0.272474 0.824565 0.062220 0.062220
0 0.925836 0.718943 0.052757 0.052757
0 0.467618 0.906375 0.057104 0.057104
0 0.583594 0.936466 0.104277 0.104277
0 0.013693 0.052787 0.104277 0.104277
0 0.314363 0.732775 0.057104 0.057104
0 0.952919 0.015022 0.104277 0.104277
0 0.893053 0.905811 0.071945 0.071945
0 0.132161 0.934218 0.062220 0.062220
0 0.157079 0.121948 0.104277 0.104277
0 0.230559 0.520430 0.052757 0.052757
0 0.712241 0.484211 0.052757 0.052757
0 0.997393 0.812995 0.104277 0.104277
0 0.350909 0.868218 0.057104 0.057104
0 0.093034 0.204005 0.052757 0.052757
0 0.522265 0.406966 0.104277 0.104277
0 0.469562 0.268612 0.057104 0.057104
0 0.674899 0.350216 0.052757 0.052757
0 0.869374 0.101651 0.054783 0.054783
0 0.162984 0.780319 0.061130 0.061130
0 0.849904 0.622337 0.061131 0.061131
0 0.372730 0.492598 0.061130 0.061130
0 0.808297 0.550788 0.071945 0.071945
0 0.837476 0.213817 0.071945 0.071945
0 0.047561 0.423149 0.104278 0.104278
0 0.596498 0.669337 0.062220 0.062220
0 0.837736 0.284641 0.061130 0.061130
0 0.114410 0.401540 0.052757 0.052757
0 0.394277 0.080666 0.061130 0.061130
0 0.811443 0.873648 0.057104 0.057104
0 0.452279 0.195204 0.052757 0.052757
0 0.717756 0.110319 0.057104 0.057104
0 0.624165 0.827175 0.104277 0.104277
0 0.123871 0.656564 0.057104 0.057104
0 0.492826 0.520958 0.071945 0.071945
0 0.274534 0.147801 0.061130 0.061130
0 0.245203 0.064136 0.062220 0.062220
0 0.927127 0.628059 0.052757 0.052757
0 0.636673 0.587597 0.061130 0.061130
0 0.294572 0.310102 0.052757 0.052757
0 0.444746 0.346387 0.057104 0.057104
0 0.080289 0.524033 0.057104 0.057104
0 0.007564 0.490413 0.071945 0.071945
0 0.910236 0.835169 0.062220 0.062220
0 0.447211 0.776906 0.062220 0.062220
0 0.424556 0.630762 0.071945 0.071945
0 0.138445 0.565871 0.071945 0.071945
0 0.961889 0.202309 0.052757 0.052757
0 0.643094 0.022861 0.062220 0.062220
0 0.649566 0.281526 0.104277 0.104277
0 0.682752 0.978581 0.062220 0.062220
0 0.556965 0.867928 0.071945 0.071945
0 0.385853 0.157301 0.104277 0.104277
0 0.916800 0.493684 0.052757 0.052757
0 0.346499 0.011322 0.071945 0.071945
0 0.736337 0.560071 0.057104 0.057104
0 0.589397 0.078950 0.104277 0.104277
0 0.087565 0.075389 0.071945 0.071945
0 0.233007 0.984630 0.104277 0.104277
0 0.833601 0.940650 0.104277 0.104277
0 0.017974 0.600764 0.052757 0.052757
0 0.945734 0.088400 0.104277 0.104277
0 0.794513 0.749033 0.062220 0.062220
0 0.649880 0.515061 0.050559 0.050559
0 0.779019 0.457840 0.061130 0.061130
0 0.908290 0.278212 0.071945 0.071945
0 0.464282 0.989408 0.052757 0.052757
0 0.011005 0.182639 0.104277 0.104277
0 0.750503 0.905996 0.071945 0.071945
0 0.551522 0.250617 0.061131 0.061131
0 0.398629 0.291942 0.104277 0.104277
0 0.907090 0.372765 0.071945 0.071945
0 0.866552 0.761843 0.104277 0.104277
0 0.855815 0.033697 0.052757 0.052757
0 0.783252 0.067924 0.104277 0.104277
0 0.000249 0.893332 0.057104 0.057104
0 0.391057 0.984686 0.052757 0.052757
0 0.008910 0.273002 0.062220 0.062220
0 0.075420 0.308044 0.071945 0.071945
0 0.473534 0.120669 0.071945 0.071945
0 0.304527 0.231698 0.061130 0.061130
0 0.713735 0.186889 0.071945 0.071945
0 0.424729 0.850072 0.061130 0.061130
0 0.096210 0.869416 0.104277 0.104277
0 0.205042 0.419148 0.104277 0.104277
0 0.744442 0.324829 0.104277 0.104277
0 0.508935 0.644743 0.052757 0.052757
0 0.169194 0.040090 0.071945 0.071945
0 0.244326 0.589408 0.104277 0.104277