0 0.803342 0.230727 0.104277 0.104277
0 0.759794 0.018736 0.061130 0.061130
0 0.475802 0.438255 0.104278 0.104278
0 0.953632 0.228403 0.062220 0.062220
0 0.531458 0.875377 0.104277 0.104277
0 0.593946 0.599603 0.052757 0.052757
0 0.774243 0.786349 0.061130 0.061130
0 0.266437 0.956571 0.052757 0.052757
0 0.118479 0.590578 0.061130 0.061130
0 0.493240 0.549060 0.052757 0.052757
0 0.947187 0.748225 0.071945 0.071945
0 0.514311 0.720287 0.052757 0.052757
0 0.257862 0.869150 0.104277 0.104277
0 0.797466 0.145542 0.057104 0.057104
0 0.590618 0.795422 0.071945 0.071945
0 0.340219 0.800948 0.104277 0.104277
0 0.833328 0.332178 0.051819 0.051819
0 0.264386 0.770008 0.061130 0.061130
0 0.128447 0.354912 0.057104 0.057104
0 0.479494 0.008733 0.104277 0.104277
0 0.171457 0.667965 0.104277 0.104277
0 0.204306 0.141561 0.057104 0.057104
0 0.726034 0.620979 0.104277 0.104277
0 0.391327 0.947003 0.104277 0.104277
0 0.990368 0.063739 0.036679 0.036679
0 0.425648 0.349693 0.052757 0.052757
0 0.909169 0.402522 0.104277 0.104277
0 0.904306 0.329229 0.071945 0.071945
0 0.113329 0.509448 0.104277 0.104277
0 0.186809 0.907930 0.052757 0.052757
0 0.668491 0.871711 0.052757 0.052757
0 0.610777 0.341938 0.052757 0.052757
0 0.049284 0.591505 0.052757 0.052757
0 0.478515 0.794466 0.104277 0.104277
0 0.425812 0.656112 0.057104 0.057104
0 0.631149 0.737716 0.052757 0.052757
0 0.825624 0.489151 0.054783 0.054783
0 0.962467 0.934287 0.062220 0.062220
0 0.993176 0.423063 0.057103 0.057103
0 0.328980 0.880098 0.061130 0.061130
0 0.764547 0.938288 0.071945 0.071945
0 0.793726 0.601317 0.071945 0.071945
0 0.003811 0.810649 0.104278 0.104278
0 0.793986 0.672141 0.061130 0.061130
0 0.576850 0.262569 0.071945 0.071945
0 0.070660 0.789040 0.052757 0.052757
0 0.350527 0.468166 0.061130 0.061130
0 0.241880 0.367008 0.071945 0.071945
0 0.408529 0.582704 0.052757 0.052757
0 0.674006 0.497819 0.057104 0.057104
0 0.449076 0.908458 0.071945 0.071945
0 0.250628 0.090194 0.071945 0.071945
0 0.230784 0.535301 0.061130 0.061130
0 0.201453 0.451636 0.062220 0.062220
0 0.345223 0.302822 0.062220 0.062220
0 0.460884 0.131822 0.061130 0.061130
0 0.592923 0.975097 0.061130 0.061130
0 0.688201 0.375945 0.052757 0.052757
0 0.250822 0.697602 0.052757 0.052757
0 0.400996 0.733887 0.057104 0.057104
0 0.036539 0.911533 0.057104 0.057104
0 0.396196 0.034083 0.061130 0.061130
0 0.545950 0.088618 0.104277 0.104277
0 0.709355 0.186491 0.071945 0.071945
0 0.094695 0.953371 0.071945 0.071945
0 0.918139 0.589809 0.052757 0.052757
0 0.399650 0.240209 0.061130 0.061130
0 0.499743 0.332745 0.057104 0.057104
0 0.391892 0.156527 0.104277 0.104277
0 0.599344 0.410361 0.062220 0.062220
0 0.596511 0.137155 0.104277 0.104277
0 0.575416 0.024465 0.052757 0.052757
0 0.605816 0.669026 0.104277 0.104277
0 0.961003 0.829320 0.052757 0.052757
0 0.882332 0.064153 0.062220 0.062220
0 0.342103 0.544801 0.104277 0.104277
0 0.873050 0.881184 0.052757 0.052757
0 0.302749 0.398822 0.071945 0.071945
0 0.692587 0.947571 0.057104 0.057104
0 0.545647 0.466450 0.104277 0.104277
0 0.700480 0.270407 0.057104 0.057104
0 0.043815 0.462889 0.071945 0.071945
0 0.183687 0.306986 0.050932 0.050932
0 0.320423 0.128100 0.052757 0.052757
0 0.086560 0.074991 0.071945 0.071945
0 0.937995 0.112071 0.071945 0.071945
0 0.297320 0.035160 0.061130 0.061130
0 0.656349 0.093215 0.052757 0.052757
0 0.510655 0.244662 0.057104 0.057104
0 0.901984 0.475900 0.104277 0.104277
0 0.044144 0.361622 0.071945 0.071945
0 0.294224 0.195126 0.061130 0.061130
0 0.156589 0.038285 0.071945 0.071945
0 0.606130 0.902561 0.050559 0.050559
0 0.735269 0.845340 0.061130 0.061130
0 0.864540 0.665712 0.071945 0.071945
0 0.966527 0.520098 0.057104 0.057104
0 0.507772 0.638117 0.061131 0.061131
0 0.354879 0.679442 0.104277 0.104277
0 0.863340 0.760265 0.071945 0.071945
0 0.812065 0.421197 0.052757 0.052757
0 0.739502 0.455424 0.104277 0.104277
0 0.255016 0.291811 0.062220 0.062220
0 0.050771 0.269715 0.062220 0.062220
0 0.031670 0.695544 0.071945 0.071945
0 0.429784 0.508169 0.071945 0.071945
0 0.260777 0.619198 0.061130 0.061130
0 0.669985 0.574389 0.071945 0.071945
0 0.129724 0.209485 0.052757 0.052757
0 0.161292 0.806648 0.104277 0.104277
0 0.976249 0.668840 0.104277 0.104277
0 0.700692 0.712329 0.104277 0.104277
0 0.125444 0.427590 0.071945 0.071945
0 0.874951 0.191970 0.057104 0.057104
0 0.209674 0.217366 0.071945 0.071945
0 0.200576 0.976908 0.104277 0.104277