0 0.872092 0.527602 0.104277 0.104277
0 0.828544 0.315611 0.061130 0.061130
0 0.544552 0.735130 0.104278 0.104278
0 0.761637 0.175940 0.104277 0.104277
0 0.823463 0.084892 0.071945 0.071945
0 0.975276 0.070502 0.071945 0.071945
0 0.729315 0.277509 0.052757 0.052757
0 0.662696 0.896478 0.052757 0.052757
0 0.273511 0.230606 0.052757 0.052757
0 0.187229 0.887453 0.061130 0.061130
0 0.561990 0.845935 0.052757 0.052757
0 0.866216 0.442417 0.057104 0.057104
0 0.637409 0.120449 0.062220 0.062220
0 0.902078 0.629053 0.051819 0.051819
0 0.197197 0.651787 0.057104 0.057104
0 0.548244 0.305608 0.104277 0.104277
0 0.806222 0.242148 0.061131 0.061131
0 0.240207 0.964840 0.104277 0.104277
0 0.273056 0.438436 0.057104 0.057104
0 0.794784 0.917854 0.104277 0.104277
0 0.890438 0.202643 0.052757 0.052757
0 0.564480 0.031997 0.052757 0.052757
0 0.946645 0.138603 0.057104 0.057104
0 0.494398 0.646568 0.052757 0.052757
0 0.038693 0.737162 0.104277 0.104277
0 0.317865 0.121082 0.057104 0.057104
0 0.892880 0.291225 0.057104 0.057104
0 0.977919 0.699397 0.104277 0.104277
0 0.973056 0.626104 0.071945 0.071945
0 0.182079 0.806323 0.104277 0.104277
0 0.404796 0.117339 0.057104 0.057104
0 0.627648 0.243858 0.071945 0.071945
0 0.679527 0.638813 0.052757 0.052757
0 0.736743 0.050189 0.071945 0.071945
0 0.118034 0.888380 0.052757 0.052757
0 0.494562 0.952987 0.057104 0.057104
0 0.894374 0.786026 0.054783 0.054783
0 0.284015 0.021544 0.057104 0.057104
0 0.862476 0.898192 0.071945 0.071945
0 0.862736 0.969016 0.061130 0.061130
0 0.645600 0.559444 0.071945 0.071945
0 0.419277 0.765041 0.061130 0.061130
0 0.310630 0.663883 0.071945 0.071945
0 0.477279 0.879579 0.052757 0.052757
0 0.742756 0.794694 0.057104 0.057104
0 0.698867 0.210307 0.057104 0.057104
0 0.020463 0.545387 0.061130 0.061130
0 0.319378 0.387069 0.071945 0.071945
0 0.299534 0.832176 0.061130 0.061130
0 0.270203 0.748511 0.062220 0.062220
0 0.413973 0.599697 0.062220 0.062220
0 0.529634 0.428697 0.061130 0.061130
0 0.756951 0.672820 0.052757 0.052757
0 0.319572 0.994477 0.052757 0.052757
0 0.019494 0.189312 0.071945 0.071945
0 0.464946 0.330958 0.061130 0.061130
0 0.436020 0.259223 0.061130 0.061130
0 0.614700 0.385493 0.104277 0.104277
0 0.778105 0.483366 0.071945 0.071945
0 0.986889 0.886684 0.052757 0.052757
0 0.468400 0.537084 0.061130 0.061130
0 0.206553 0.072058 0.104277 0.104277
0 0.030663 0.271010 0.071945 0.071945
0 0.568493 0.629620 0.057104 0.057104
0 0.460642 0.453402 0.104277 0.104277
0 0.668094 0.707236 0.062220 0.062220
0 0.665261 0.434030 0.104277 0.104277
0 0.149950 0.222141 0.052757 0.052757
0 0.644166 0.321340 0.052757 0.052757
0 0.674566 0.965901 0.104277 0.104277
0 0.951082 0.361028 0.062220 0.062220
0 0.356525 0.194827 0.071945 0.071945
0 0.410853 0.841676 0.104277 0.104277
0 0.371499 0.695697 0.071945 0.071945
0 0.614397 0.763325 0.104277 0.104277
0 0.242402 0.153494 0.104277 0.104277
0 0.769230 0.567282 0.057104 0.057104
0 0.112565 0.759764 0.071945 0.071945
0 0.252437 0.603861 0.050932 0.050932
0 0.389173 0.424975 0.052757 0.052757
0 0.155310 0.371866 0.071945 0.071945
0 0.366070 0.332035 0.061130 0.061130
0 0.725099 0.390090 0.052757 0.052757
0 0.579405 0.541537 0.057104 0.057104
0 0.970734 0.772775 0.104277 0.104277
0 0.112894 0.658497 0.071945 0.071945
0 0.020531 0.421668 0.104277 0.104277
0 0.362974 0.492001 0.061130 0.061130
0 0.225339 0.335160 0.071945 0.071945
0 0.077974 0.046398 0.061130 0.061130
0 0.933290 0.962587 0.071945 0.071945
0 0.007811 0.033677 0.062220 0.062220
0 0.036005 0.867014 0.104277 0.104277
0 0.352826 0.051661 0.048997 0.048997
0 0.576522 0.934992 0.061131 0.061131
0 0.423629 0.976317 0.104277 0.104277
0 0.026511 0.643316 0.052757 0.052757
0 0.551834 0.197653 0.062220 0.062220
0 0.880815 0.718072 0.052757 0.052757
0 0.808252 0.752299 0.104277 0.104277
0 0.323766 0.588686 0.062220 0.062220
0 0.119521 0.566590 0.062220 0.062220
0 0.555411 0.107842 0.061131 0.061131
0 0.130185 0.146038 0.104277 0.104277
0 0.033910 0.957377 0.062220 0.062220
0 0.100420 0.992419 0.071945 0.071945
0 0.498534 0.805044 0.071945 0.071945
0 0.329527 0.916073 0.061130 0.061130
0 0.738735 0.871264 0.071945 0.071945
0 0.064374 0.481564 0.047555 0.047555
0 0.198474 0.506360 0.052757 0.052757
0 0.482919 0.204647 0.071945 0.071945
0 0.194194 0.724465 0.071945 0.071945
0 0.943701 0.488845 0.057104 0.057104
0 0.278424 0.514241 0.071945 0.071945