0 0.178320 0.201259 0.104277 0.104277
0 0.880495 0.513448 0.062220 0.062220
0 0.629487 0.816481 0.104277 0.104277
0 0.834569 0.572290 0.062220 0.062220
0 0.981143 0.549302 0.070161 0.070161
0 0.483229 0.219963 0.062220 0.062220
0 0.611863 0.540914 0.104278 0.104278
0 0.862350 0.976627 0.057104 0.057104
0 0.731256 0.212321 0.057104 0.057104
0 0.278584 0.355521 0.062220 0.062220
0 0.770544 0.520426 0.071945 0.071945
0 0.744964 0.289006 0.062220 0.062220
0 0.398426 0.981634 0.104277 0.104277
0 0.292003 0.595798 0.104277 0.104277
0 0.253009 0.490792 0.071945 0.071945
0 0.511959 0.578493 0.071945 0.071945
0 0.177270 0.428252 0.057104 0.057104
0 0.609062 0.912724 0.057104 0.057104
0 0.730765 0.371767 0.071945 0.071945
0 0.267926 0.893687 0.062220 0.062220
0 0.557632 0.861593 0.104277 0.104277
0 0.665069 0.310768 0.104277 0.104277
0 0.481310 0.386548 0.104277 0.104277
0 0.608531 0.423205 0.057104 0.057104
0 0.600614 0.286504 0.071945 0.071945
0 0.833279 0.893054 0.104277 0.104277
0 0.817477 0.242760 0.071945 0.071945
0 0.523993 0.730541 0.052757 0.052757
0 0.998441 0.712118 0.104277 0.104277
0 0.791054 0.713902 0.062220 0.062220
0 0.376804 0.656119 0.062220 0.062220
0 0.645379 0.977223 0.057104 0.057104
0 0.398905 0.295253 0.104277 0.104277
0 0.172724 0.796630 0.052757 0.052757
0 0.959232 0.419028 0.071945 0.071945
0 0.890671 0.693779 0.062220 0.062220
0 0.322262 0.772010 0.061130 0.061130
0 0.210042 0.327723 0.071945 0.071945
0 0.820874 0.354082 0.052757 0.052757
0 0.698196 0.616906 0.071945 0.071945
0 0.688862 0.852690 0.052757 0.052757
0 0.173630 0.690418 0.104277 0.104277
0 0.196295 0.534684 0.052757 0.052757
0 0.332021 0.433099 0.104277 0.104277
0 0.403125 0.382688 0.057104 0.057104
0 0.986302 0.944993 0.062220 0.062220
0 0.389673 0.740601 0.061130 0.061130
0 0.258847 0.719859 0.061130 0.061130
0 0.546882 0.988441 0.052757 0.052757
0 0.876471 0.409193 0.052757 0.052757
0 0.930154 0.238157 0.071945 0.071945
0 0.467787 0.680000 0.071945 0.071945
0 0.429701 0.459360 0.104277 0.104277
0 0.954088 0.319410 0.057104 0.057104
0 0.326214 0.530489 0.057104 0.057104
0 0.406774 0.852652 0.057104 0.057104
0 0.570598 0.362104 0.062220 0.062220
0 0.640626 0.192684 0.104277 0.104277
0 0.949084 0.621806 0.052757 0.052757
0 0.205229 0.863794 0.061130 0.061130
0 0.225877 0.629901 0.104278 0.104278
0 0.922168 0.847188 0.104277 0.104277
0 0.700686 0.927175 0.061130 0.061130
0 0.644537 0.747091 0.104277 0.104277
0 0.607238 0.617991 0.052757 0.052757
0 0.827737 0.651754 0.057104 0.057104
0 0.710122 0.776180 0.071945 0.071945
0 0.786266 0.416617 0.104277 0.104277
0 0.245380 0.417644 0.071945 0.071945
0 0.704259 0.538684 0.056505 0.056505
0 0.343278 0.900330 0.062220 0.062220
0 0.924351 0.760037 0.057104 0.057104
0 0.698556 0.469995 0.061130 0.061130
0 0.775073 0.801336 0.057104 0.057104
0 0.498110 0.493797 0.062220 0.062220
0 0.408661 0.199740 0.062220 0.062220
0 0.435373 0.614216 0.057104 0.057104
0 0.462552 0.909845 0.057104 0.057104
0 0.515386 0.281047 0.061130 0.061130
0 0.310041 0.288669 0.057104 0.057104
0 0.283603 0.199812 0.071945 0.071945
0 0.209683 0.948593 0.061130 0.061130