0 0.259933 0.579104 0.062220 0.062220
0 0.221707 0.385080 0.062220 0.062220
0 0.711095 0.101907 0.071945 0.071945
0 0.912639 0.712558 0.052757 0.052757
0 0.986216 0.069886 0.071945 0.071945
0 0.719779 0.472239 0.061130 0.061130
0 0.247687 0.028446 0.052757 0.052757
0 0.781906 0.580331 0.104277 0.104277
0 0.259379 0.114995 0.104277 0.104277
0 0.605843 0.368620 0.104277 0.104277
0 0.018281 0.439367 0.052757 0.052757
0 0.564704 0.490231 0.104277 0.104277
0 0.451220 0.532205 0.071945 0.071945
0 0.609244 0.121362 0.062220 0.062220
0 0.634597 0.293620 0.057104 0.057104
0 0.644721 0.648230 0.062220 0.062220
0 0.702944 0.276056 0.104277 0.104277
0 0.860606 0.573248 0.062220 0.062220
0 0.588297 0.217118 0.061130 0.061130
0 0.467602 0.258992 0.057104 0.057104
0 0.372577 0.018878 0.104277 0.104277
0 0.157353 0.738601 0.062220 0.062220
0 0.129130 0.158482 0.061130 0.061130
0 0.209974 0.283940 0.062220 0.062220
0 0.863336 0.178318 0.052757 0.052757
0 0.405118 0.365750 0.057104 0.057104
0 0.521094 0.395841 0.104277 0.104277
0 0.315183 0.721896 0.071945 0.071945
0 0.251863 0.192150 0.057104 0.057104
0 0.982079 0.566068 0.062220 0.062220
0 0.017199 0.621281 0.061130 0.061130
0 0.830553 0.365186 0.071945 0.071945
0 0.460531 0.605170 0.071945 0.071945
0 0.069661 0.393593 0.062220 0.062220
0 0.267780 0.649906 0.057104 0.057104
0 0.934893 0.272370 0.104277 0.104277
0 0.288409 0.327593 0.057104 0.057104
0 0.983296 0.737109 0.104277 0.104277
0 0.100484 0.239694 0.061130 0.061130
0 0.943717 0.006162 0.062220 0.062220
0 0.787404 0.081712 0.061131 0.061131
0 0.231624 0.729559 0.052757 0.052757
0 0.745797 0.010163 0.071945 0.071945
0 0.533998 0.128712 0.062220 0.062220
0 0.748943 0.333023 0.057104 0.057104
0 0.065714 0.500725 0.062220 0.062220
0 0.486639 0.469562 0.057104 0.057104
0 0.561665 0.286550 0.104277 0.104277
0 0.190929 0.620920 0.050891 0.050891
0 0.061371 0.115939 0.057104 0.057104
0 0.354799 0.513226 0.062220 0.062220
0 0.475618 0.722292 0.057104 0.057104
0 0.075949 0.699942 0.052757 0.052757
0 0.889547 0.639001 0.062220 0.062220
0 0.864627 0.087434 0.052757 0.052757
0 0.123580 0.546066 0.062220 0.062220
0 0.219339 0.511985 0.104277 0.104277
0 0.574173 0.046972 0.061130 0.061130
0 0.844298 0.737572 0.052757 0.052757
0 0.847736 0.294544 0.062220 0.062220
0 0.381187 0.641163 0.061130 0.061130
0 0.792159 0.474303 0.104277 0.104277
0 0.384711 0.236281 0.062220 0.062220
0 0.362056 0.090137 0.071945 0.071945
0 0.519610 0.556315 0.062220 0.062220
0 0.075945 0.025246 0.071945 0.071945
0 0.704154 0.702033 0.052757 0.052757
0 0.092527 0.618875 0.062220 0.062220
0 0.976141 0.663969 0.052757 0.052757
0 0.390765 0.744513 0.062220 0.062220
0 0.620252 0.437956 0.062220 0.062220
0 0.494465 0.327303 0.071945 0.071945
0 0.795776 0.649863 0.061131 0.061131
0 0.673837 0.019446 0.057104 0.057104
0 0.170507 0.444005 0.104277 0.104277
0 0.771101 0.400025 0.104277 0.104277
0 0.941322 0.179495 0.055027 0.055027
0 0.732013 0.208408 0.062220 0.062220
0 0.614539 0.732943 0.061130 0.061130
0 0.759757 0.751078 0.062220 0.062220
0 0.881602 0.472571 0.052757 0.052757
0 0.401782 0.448783 0.052757 0.052757
0 0.688003 0.365371 0.071945 0.071945
0 0.556532 0.636428 0.061131 0.061131
0 0.804052 0.221218 0.104277 0.104277
0 0.968062 0.365475 0.061130 0.061130
0 0.646553 0.565481 0.104277 0.104277
0 0.328557 0.444061 0.052757 0.052757
0 0.362229 0.309447 0.061130 0.061130
0 0.033710 0.328791 0.104277 0.104277
0 0.446435 0.104118 0.052757 0.052757
0 0.181826 0.048783 0.104277 0.104277