0 0.423670 0.826976 0.062220 0.062220
0 0.966427 0.097630 0.104278 0.104278
0 0.731082 0.972580 0.062220 0.062220
0 0.757062 0.615946 0.052757 0.052757
0 0.768754 0.702495 0.104277 0.104277
0 0.609104 0.249953 0.061130 0.061130
0 0.365999 0.881858 0.071945 0.071945
0 0.983865 0.208435 0.052757 0.052757
0 0.748487 0.528525 0.104277 0.104277
0 0.830844 0.460323 0.104277 0.104277
0 0.755011 0.429383 0.061130 0.061130
0 0.619072 0.014287 0.057104 0.057104
0 0.113934 0.337917 0.062220 0.062220
0 0.220421 0.914984 0.061130 0.061130
0 0.662082 0.327340 0.104277 0.104277
0 0.497287 0.833038 0.061130 0.061130
0 0.477703 0.745155 0.052757 0.052757
0 0.976977 0.846492 0.057104 0.057104
0 0.881952 0.606378 0.104277 0.104277
0 0.638505 0.745982 0.061130 0.061130
0 0.719349 0.871440 0.062220 0.062220
0 0.334539 0.456674 0.061130 0.061130
0 0.916273 0.009068 0.052757 0.052757
0 0.914493 0.953250 0.057104 0.057104
0 0.137010 0.575286 0.104278 0.104278
0 0.460568 0.099662 0.104277 0.104277
0 0.380999 0.168586 0.052757 0.052757
0 0.761238 0.779650 0.057104 0.057104
0 0.579036 0.981093 0.062220 0.062220
0 0.603954 0.168823 0.104277 0.104277
0 0.677434 0.567305 0.052757 0.052757
0 0.293567 0.162784 0.052757 0.052757
0 0.797784 0.915093 0.057104 0.057104
0 0.539909 0.250880 0.052757 0.052757
0 0.969140 0.453841 0.104277 0.104277
0 0.916437 0.315487 0.057104 0.057104
0 0.609859 0.827194 0.061130 0.061130
0 0.819605 0.539473 0.061130 0.061130
0 0.494436 0.470024 0.104278 0.104278
0 0.561285 0.448415 0.052757 0.052757
0 0.841152 0.127541 0.061130 0.061130
0 0.732505 0.026383 0.071945 0.071945
0 0.899154 0.242079 0.052757 0.052757
0 0.202394 0.627492 0.062220 0.062220
0 0.353726 0.714716 0.062220 0.062220
0 0.106921 0.017153 0.052757 0.052757
0 0.570746 0.703439 0.057104 0.057104
0 0.939701 0.567833 0.071945 0.071945
0 0.721409 0.194676 0.061130 0.061130
0 0.692078 0.111011 0.062220 0.062220
0 0.160380 0.259188 0.061130 0.061130
0 0.741447 0.356977 0.052757 0.052757
0 0.891621 0.393262 0.057104 0.057104
0 0.527164 0.570908 0.057104 0.057104
0 0.395206 0.057665 0.104277 0.104277
0 0.236162 0.808598 0.104278 0.104278
0 0.454439 0.537288 0.071945 0.071945
0 0.354800 0.802062 0.052757 0.052757
0 0.894086 0.823781 0.062220 0.062220
0 0.871431 0.677637 0.071945 0.071945
0 0.393024 0.616854 0.052757 0.052757
0 0.585320 0.612746 0.071945 0.071945
0 0.111348 0.645328 0.104277 0.104277
0 0.287703 0.856580 0.057104 0.057104
0 0.321281 0.525258 0.057104 0.057104
0 0.291778 0.603080 0.104277 0.104277
0 0.247425 0.055366 0.052757 0.052757
0 0.832728 0.204176 0.104277 0.104277
0 0.793374 0.058197 0.071945 0.071945
0 0.252905 0.722605 0.104277 0.104277
0 0.243359 0.503640 0.071945 0.071945
0 0.534440 0.122264 0.071945 0.071945
0 0.117528 0.444881 0.057104 0.057104
0 0.464849 0.647639 0.052757 0.052757
0 0.534769 0.020997 0.071945 0.071945
0 0.213629 0.142576 0.104277 0.104277
0 0.224735 0.396643 0.057104 0.057104
0 0.407737 0.385279 0.104277 0.104277
0 0.457880 0.229514 0.104277 0.104277
0 0.998397 0.297492 0.061131 0.061131
0 0.845504 0.338817 0.104277 0.104277
0 0.448386 0.005816 0.052757 0.052757
0 0.363553 0.304291 0.052757 0.052757
0 0.447124 0.940207 0.057104 0.057104
0 0.167886 0.848594 0.062220 0.062220
0 0.168060 0.776159 0.057104 0.057104
0 0.242782 0.219080 0.104277 0.104277
0 0.332442 0.376927 0.061130 0.061130
0 0.455785 0.319877 0.062220 0.062220
0 0.522295 0.354919 0.071945 0.071945
0 0.920409 0.167544 0.071945 0.071945
0 0.751402 0.278573 0.061130 0.061130
0 0.871604 0.896947 0.061130 0.061130
0 0.160288 0.501359 0.052757 0.052757
0 0.543085 0.916291 0.104277 0.104277
0 0.651917 0.466023 0.104277 0.104277
0 0.132889 0.161811 0.071945 0.071945
0 0.425468 0.461295 0.052757 0.052757
0 0.955810 0.691618 0.052757 0.052757
0 0.616069 0.086965 0.071945 0.071945
0 0.234477 0.290422 0.104277 0.104277
0 0.691201 0.636283 0.104277 0.104277
0 0.115803 0.924315 0.057104 0.057104