0 0.561170 0.505101 0.062220 0.062220
0 0.906808 0.844729 0.062220 0.062220
0 0.868582 0.650705 0.062220 0.062220
0 0.644484 0.958343 0.057103 0.057103
0 0.894562 0.294071 0.052757 0.052757
0 0.906254 0.380620 0.104277 0.104277
0 0.665156 0.704992 0.052757 0.052757
0 0.503499 0.559983 0.071945 0.071945
0 0.624347 0.789662 0.062220 0.062220
0 0.529380 0.982644 0.071945 0.071945
0 0.885987 0.206650 0.104277 0.104277
0 0.968344 0.138448 0.104277 0.104277
0 0.892511 0.107508 0.061130 0.061130
0 0.554299 0.820298 0.104277 0.104277
0 0.251434 0.016042 0.062220 0.062220
0 0.357921 0.593109 0.061130 0.061130
0 0.799582 0.005465 0.104277 0.104277
0 0.634787 0.511163 0.061130 0.061130
0 0.615203 0.423280 0.052757 0.052757
0 0.406349 0.889461 0.104278 0.104278
0 0.776005 0.424107 0.061130 0.061130
0 0.856849 0.549565 0.062220 0.062220
0 0.472039 0.134799 0.061130 0.061130
0 0.274510 0.253411 0.104278 0.104278
0 0.962058 0.987521 0.071945 0.071945
0 0.898738 0.457775 0.057104 0.057104
0 0.664074 0.886906 0.061130 0.061130
0 0.716536 0.659218 0.062220 0.062220
0 0.814934 0.245430 0.052757 0.052757
0 0.914655 0.915531 0.057104 0.057104
0 0.423523 0.692696 0.062220 0.062220
0 0.935284 0.593218 0.057104 0.057104
0 0.747359 0.505319 0.061130 0.061130
0 0.878499 0.995184 0.052757 0.052757
0 0.957105 0.217598 0.061130 0.061130
0 0.631936 0.148149 0.104278 0.104278
0 0.698785 0.126540 0.052757 0.052757
0 0.712589 0.766350 0.062220 0.062220
0 0.339894 0.305617 0.062220 0.062220
0 0.837804 0.886545 0.050891 0.050891
0 0.491226 0.392841 0.062220 0.062220
0 0.563630 0.901980 0.104277 0.104277
0 0.708246 0.381564 0.057104 0.057104
0 0.498400 0.724847 0.062220 0.062220
0 0.722824 0.965567 0.052757 0.052757
0 0.770455 0.811691 0.062220 0.062220
0 0.866214 0.777610 0.104277 0.104277
0 0.878947 0.035102 0.052757 0.052757
0 0.664664 0.249033 0.057104 0.057104
0 0.373662 0.486723 0.104278 0.104278
0 0.591939 0.215413 0.071945 0.071945
0 0.492300 0.480187 0.052757 0.052757
0 0.401483 0.996314 0.071945 0.071945
0 0.461098 0.950086 0.057104 0.057104
0 0.530524 0.294979 0.052757 0.052757
0 0.722820 0.290871 0.071945 0.071945
0 0.248848 0.323453 0.104277 0.104277
0 0.425203 0.534705 0.057104 0.057104
0 0.458781 0.203383 0.057104 0.057104
0 0.739402 0.884500 0.062220 0.062220
0 0.429278 0.281205 0.104277 0.104277
0 0.390405 0.400730 0.104277 0.104277
0 0.380859 0.181765 0.071945 0.071945
0 0.280558 0.925536 0.104277 0.104277
0 0.817382 0.709630 0.104277 0.104277
0 0.255028 0.123006 0.057104 0.057104
0 0.390679 0.810389 0.061131 0.061131
0 0.271815 0.805447 0.057104 0.057104
0 0.602349 0.325764 0.052757 0.052757
0 0.362235 0.074768 0.057104 0.057104
0 0.250974 0.733530 0.062220 0.062220
0 0.545237 0.063404 0.104277 0.104277
0 0.464016 0.825484 0.057104 0.057104
0 0.983004 0.016942 0.104277 0.104277
0 0.584624 0.618332 0.057104 0.057104
0 0.305386 0.526719 0.062220 0.062220
0 0.305560 0.454284 0.057104 0.057104
0 0.469942 0.055052 0.061130 0.061130
0 0.975432 0.709686 0.052757 0.052757
0 0.659795 0.033044 0.071945 0.071945
0 0.297788 0.179484 0.052757 0.052757
0 0.680585 0.594416 0.104277 0.104277
0 0.340563 0.718258 0.057104 0.057104
0 0.789417 0.144148 0.104277 0.104277
0 0.562968 0.139420 0.052757 0.052757
0 0.329214 0.862265 0.061130 0.061130
0 0.828701 0.314408 0.104277 0.104277
0 0.253303 0.602440 0.057104 0.057104