0 0.631467 0.302602 0.104277 0.104277
0 0.587919 0.090611 0.061130 0.061130
0 0.303927 0.510130 0.104278 0.104278
0 0.990864 0.052320 0.052757 0.052757
0 0.781757 0.300278 0.062220 0.062220
0 0.813404 0.052360 0.104277 0.104277
0 0.488690 0.052509 0.052757 0.052757
0 0.359583 0.947252 0.104277 0.104277
0 0.422071 0.671478 0.052757 0.052757
0 0.891268 0.098885 0.071945 0.071945
0 0.602368 0.858224 0.061130 0.061130
0 0.032886 0.005606 0.052757 0.052757
0 0.321365 0.620935 0.052757 0.052757
0 0.775312 0.820100 0.071945 0.071945
0 0.342436 0.792162 0.052757 0.052757
0 0.085987 0.941025 0.104277 0.104277
0 0.625591 0.217417 0.057104 0.057104
0 0.418743 0.867297 0.071945 0.071945
0 0.168344 0.872823 0.104277 0.104277
0 0.661453 0.404053 0.051819 0.051819
0 0.092511 0.841883 0.061130 0.061130
0 0.307619 0.080608 0.104277 0.104277
0 0.565597 0.017148 0.061131 0.061131
0 0.841601 0.347766 0.052757 0.052757
0 0.032431 0.213436 0.057104 0.057104
0 0.554159 0.692854 0.104277 0.104277
0 0.854020 0.938958 0.104277 0.104277
0 0.971799 0.750151 0.071945 0.071945
0 0.902877 0.296281 0.057103 0.057103
0 0.976546 0.681705 0.062220 0.062220
0 0.914502 0.877456 0.057104 0.057104
0 0.857219 0.809240 0.062220 0.062220
0 0.818493 0.135614 0.036679 0.036679
0 0.253773 0.421568 0.052757 0.052757
0 0.937531 0.413621 0.104277 0.104277
0 0.652255 0.066225 0.057104 0.057104
0 0.737294 0.474397 0.104277 0.104277
0 0.732431 0.401104 0.071945 0.071945
0 0.014934 0.979805 0.052757 0.052757
0 0.387023 0.018858 0.071945 0.071945
0 0.496616 0.943586 0.052757 0.052757
0 0.438902 0.413813 0.052757 0.052757
0 0.306640 0.866341 0.104277 0.104277
0 0.253937 0.727987 0.057104 0.057104
0 0.459274 0.809591 0.052757 0.052757
0 0.653749 0.561026 0.054783 0.054783
0 0.958676 0.121769 0.062220 0.062220
0 0.821301 0.494938 0.057103 0.057103
0 0.157105 0.951973 0.061130 0.061130
0 0.621851 0.673192 0.071945 0.071945
0 0.622111 0.744016 0.061130 0.061130
0 0.404975 0.334444 0.071945 0.071945
0 0.178652 0.540041 0.061130 0.061130
0 0.070005 0.438883 0.071945 0.071945
0 0.236654 0.654579 0.052757 0.052757
0 0.915607 0.561759 0.061131 0.061131
0 0.502131 0.569694 0.057104 0.057104
0 0.866785 0.429640 0.061131 0.061131
0 0.277201 0.980333 0.071945 0.071945
0 0.078753 0.162069 0.071945 0.071945
0 0.058909 0.607176 0.061130 0.061130
0 0.029578 0.523511 0.062220 0.062220
0 0.173348 0.374697 0.062220 0.062220
0 0.289009 0.203697 0.061130 0.061130
0 0.893458 0.026617 0.061130 0.061130
0 0.516326 0.447820 0.052757 0.052757
0 0.078947 0.769477 0.052757 0.052757
0 0.229121 0.805762 0.057104 0.057104
0 0.224321 0.105958 0.061130 0.061130
0 0.195395 0.034223 0.061130 0.061130
0 0.374075 0.160493 0.104277 0.104277
0 0.537480 0.258366 0.071945 0.071945
0 0.746264 0.661684 0.052757 0.052757
0 0.227775 0.312084 0.061130 0.061130
0 0.327868 0.404620 0.057104 0.057104
0 0.220017 0.228402 0.104277 0.104277
0 0.427469 0.482236 0.062220 0.062220
0 0.992296 0.534864 0.062220 0.062220
0 0.424636 0.209030 0.104277 0.104277
0 0.403541 0.096340 0.052757 0.052757
0 0.433941 0.740901 0.104277 0.104277
0 0.789128 0.901195 0.052757 0.052757
0 0.710457 0.136028 0.062220 0.062220
0 0.170228 0.616676 0.104277 0.104277
0 0.701175 0.953059 0.052757 0.052757
0 0.130874 0.470697 0.071945 0.071945
0 0.373772 0.538325 0.104277 0.104277
0 0.852668 0.218724 0.104277 0.104277
0 0.528605 0.342282 0.057104 0.057104
0 0.011812 0.378861 0.050932 0.050932
0 0.991185 0.886599 0.061131 0.061131
0 0.896822 0.750862 0.057104 0.057104
0 0.148548 0.199975 0.052757 0.052757
0 0.915857 0.485363 0.071945 0.071945
0 0.766120 0.183946 0.071945 0.071945
0 0.125445 0.107035 0.061130 0.061130
0 0.484474 0.165090 0.052757 0.052757
0 0.338780 0.316537 0.057104 0.057104
0 0.730109 0.547775 0.104277 0.104277
0 0.920389 0.980317 0.061131 0.061131
0 0.122349 0.267001 0.061130 0.061130
0 0.434255 0.974436 0.050559 0.050559
0 0.907015 0.174093 0.061131 0.061131
0 0.563394 0.917215 0.061130 0.061130
0 0.692665 0.737587 0.071945 0.071945
0 0.794652 0.591973 0.057104 0.057104
0 0.834698 0.649111 0.104277 0.104277
0 0.335897 0.709992 0.061131 0.061131
0 0.183004 0.751317 0.104277 0.104277
0 0.691465 0.832140 0.071945 0.071945
0 0.640190 0.493072 0.052757 0.052757
0 0.567627 0.527299 0.104277 0.104277
0 0.083141 0.363686 0.062220 0.062220
0 0.257909 0.580044 0.071945 0.071945
0 0.088902 0.691073 0.061130 0.061130
0 0.999683 0.211090 0.071945 0.071945
0 0.498110 0.646264 0.071945 0.071945
0 0.804374 0.740715 0.104277 0.104277
0 0.528817 0.784204 0.104277 0.104277
0 0.703076 0.263845 0.057104 0.057104
0 0.037799 0.289241 0.071945 0.071945
0 0.972827 0.346576 0.061131 0.061131