0 0.701285 0.798927 0.062220 0.062220
0 0.620112 0.263356 0.104277 0.104277
0 0.648170 0.673312 0.057103 0.057103
0 0.817223 0.920603 0.071945 0.071945
0 0.281770 0.646598 0.104277 0.104277
0 0.864471 0.983042 0.061130 0.061130
0 0.419516 0.718957 0.052757 0.052757
0 0.825194 0.019165 0.062220 0.062220
0 0.852975 0.423502 0.057104 0.057104
0 0.580290 0.495450 0.104277 0.104277
0 0.564332 0.937637 0.071945 0.071945
0 0.494087 0.930552 0.057104 0.057104
0 0.389051 0.428509 0.104277 0.104277
0 0.282628 0.042673 0.104277 0.104277
0 0.502584 0.025368 0.071945 0.071945
0 0.599687 0.359599 0.057104 0.057104
0 0.246886 0.450340 0.062220 0.062220
0 0.258551 0.340562 0.062220 0.062220
0 0.790740 0.578633 0.057104 0.057104
0 0.548257 0.308468 0.104277 0.104277
0 0.320196 0.486861 0.062220 0.062220
0 0.909329 0.860735 0.061130 0.061130
0 0.163097 0.481615 0.104278 0.104278
0 0.823904 0.339929 0.104277 0.104277
0 0.710763 0.621068 0.052757 0.052757
0 0.514618 0.177416 0.052757 0.052757
0 0.989066 0.158993 0.104277 0.104277
0 0.781679 0.160777 0.062220 0.062220
0 0.463938 0.644410 0.062220 0.062220
0 0.163285 0.592370 0.071945 0.071945
0 0.367429 0.102994 0.062220 0.062220
0 0.636004 0.424098 0.057104 0.057104
0 0.793158 0.673133 0.057104 0.057104
0 0.559303 0.838674 0.057104 0.057104
0 0.801019 0.840421 0.057104 0.057104
0 0.163349 0.243505 0.052757 0.052757
0 0.841548 0.502462 0.052757 0.052757
0 0.912739 0.571543 0.104277 0.104277
0 0.881296 0.140654 0.062220 0.062220
0 0.669585 0.954758 0.104277 0.104277
0 0.312887 0.218885 0.061130 0.061130
0 0.252203 0.784861 0.062220 0.062220
0 0.474142 0.848057 0.052757 0.052757
0 0.668843 0.860027 0.052757 0.052757
0 0.485754 0.779348 0.061130 0.061130
0 0.688821 0.063781 0.071945 0.071945
0 0.854207 0.773520 0.104277 0.104277
0 0.989516 0.656717 0.061130 0.061130
0 0.679487 0.299565 0.052757 0.052757
0 0.725429 0.511148 0.057104 0.057104
0 0.164255 0.137293 0.104277 0.104277
0 0.554708 0.694166 0.071945 0.071945
0 0.976927 0.391868 0.062220 0.062220
0 0.380298 0.187476 0.061130 0.061130
0 0.249472 0.166734 0.061130 0.061130
0 0.537507 0.435316 0.052757 0.052757
0 0.458412 0.126875 0.071945 0.071945
0 0.333869 0.556517 0.057104 0.057104
0 0.869871 0.647241 0.061130 0.061130
0 0.397399 0.299527 0.057104 0.057104
0 0.411905 0.807493 0.061130 0.061130
0 0.939709 0.068681 0.052757 0.052757
0 0.195854 0.310669 0.061130 0.061130
0 0.378517 0.644679 0.062220 0.062220
0 0.358531 0.985463 0.104277 0.104277
0 0.216502 0.076776 0.104278 0.104278
0 0.169007 0.788375 0.061130 0.061130
0 0.967034 0.976936 0.057104 0.057104
0 0.912793 0.294063 0.104277 0.104277
0 0.691311 0.374050 0.061130 0.061130
0 0.635162 0.193966 0.104277 0.104277
0 0.597863 0.064866 0.052757 0.052757
0 0.210223 0.716383 0.061130 0.061130
0 0.401922 0.566744 0.057104 0.057104
0 0.818362 0.098629 0.057104 0.057104
0 0.257455 0.932055 0.104277 0.104277
0 0.700747 0.223055 0.071945 0.071945
0 0.260290 0.574093 0.052757 0.052757
0 0.931310 0.449497 0.061130 0.061130
0 0.767620 0.757843 0.057104 0.057104
0 0.966036 0.754529 0.104277 0.104277
0 0.642378 0.748192 0.104277 0.104277
0 0.972069 0.522410 0.061130 0.061130
0 0.333903 0.347205 0.062220 0.062220
0 0.914976 0.206912 0.057104 0.057104
0 0.666505 0.553269 0.062220 0.062220
0 0.295837 0.722065 0.071945 0.071945
0 0.765698 0.248211 0.057104 0.057104
0 0.364687 0.909000 0.061130 0.061130
0 0.447775 0.476425 0.104277 0.104277
0 0.425998 0.061091 0.057104 0.057104
0 0.566316 0.612124 0.052757 0.052757
0 0.453177 0.356720 0.057104 0.057104
0 0.748752 0.944905 0.057104 0.057104
0 0.513567 0.537581 0.062220 0.062220
0 0.167757 0.877807 0.071945 0.071945
0 0.200308 0.395468 0.061130 0.061130
0 0.332709 0.845190 0.062220 0.062220