0 0.493967 0.418227 0.104277 0.104277
0 0.450419 0.206236 0.061130 0.061130
0 0.166427 0.625755 0.104278 0.104278
0 0.853364 0.167945 0.052757 0.052757
0 0.383512 0.066565 0.104277 0.104277
0 0.644257 0.415903 0.062220 0.062220
0 0.675904 0.167985 0.104277 0.104277
0 0.351190 0.168134 0.052757 0.052757
0 0.975969 0.925832 0.071945 0.071945
0 0.284571 0.787103 0.052757 0.052757
0 0.753768 0.214510 0.071945 0.071945
0 0.464868 0.973849 0.061130 0.061130
0 0.897869 0.712979 0.062220 0.062220
0 0.183865 0.736560 0.052757 0.052757
0 0.637812 0.935725 0.071945 0.071945
0 0.204936 0.907787 0.052757 0.052757
0 0.488091 0.333042 0.057104 0.057104
0 0.281243 0.982922 0.071945 0.071945
0 0.030844 0.988448 0.104277 0.104277
0 0.259284 0.011074 0.062220 0.062220
0 0.523953 0.519678 0.051819 0.051819
0 0.170119 0.196233 0.104277 0.104277
0 0.998754 0.148011 0.071945 0.071945
0 0.428097 0.132773 0.061131 0.061131
0 0.704101 0.463391 0.052757 0.052757
0 0.416659 0.808479 0.104277 0.104277
0 0.834299 0.865776 0.071945 0.071945
0 0.765377 0.411906 0.057103 0.057103
0 0.512313 0.093268 0.052757 0.052757
0 0.839046 0.797330 0.062220 0.062220
0 0.777002 0.993081 0.057104 0.057104
0 0.568520 0.029228 0.057104 0.057104
0 0.719719 0.924865 0.062220 0.062220
0 0.680993 0.251239 0.036679 0.036679
0 0.116273 0.537193 0.052757 0.052757
0 0.800031 0.529246 0.104277 0.104277
0 0.514755 0.181850 0.057104 0.057104
0 0.599794 0.590022 0.104277 0.104277
0 0.905368 0.897558 0.061130 0.061130
0 0.594931 0.516729 0.071945 0.071945
0 0.026671 0.007964 0.057104 0.057104
0 0.824633 0.046287 0.104277 0.104277
0 0.991523 0.512303 0.071945 0.071945
0 0.249523 0.134483 0.071945 0.071945
0 0.301402 0.529438 0.052757 0.052757
0 0.730271 0.069919 0.104277 0.104277
0 0.897362 0.544114 0.061131 0.061131
0 0.169140 0.981966 0.104277 0.104277
0 0.116437 0.843612 0.057104 0.057104
0 0.321774 0.925216 0.052757 0.052757
0 0.516249 0.676651 0.054783 0.054783
0 0.821176 0.237394 0.062220 0.062220
0 0.683801 0.610563 0.057103 0.057103
0 0.484351 0.788817 0.071945 0.071945
0 0.484611 0.859641 0.061130 0.061130
0 0.267475 0.450069 0.071945 0.071945
0 0.041152 0.655666 0.061130 0.061130
0 0.099154 0.770204 0.052757 0.052757
0 0.778107 0.677384 0.061131 0.061131
0 0.364631 0.685319 0.057104 0.057104
0 0.729285 0.545265 0.061131 0.061131
0 0.320742 0.100932 0.057104 0.057104
0 0.677198 0.011627 0.061130 0.061130
0 0.035848 0.490322 0.062220 0.062220
0 0.151509 0.319322 0.061130 0.061130
0 0.994856 0.637807 0.071945 0.071945
0 0.929839 0.398245 0.062220 0.062220
0 0.755958 0.142242 0.061130 0.061130
0 0.378826 0.563445 0.052757 0.052757
0 0.091621 0.921387 0.057104 0.057104
0 0.086821 0.221583 0.061130 0.061130
0 0.057895 0.149848 0.061130 0.061130
0 0.627294 0.106110 0.062220 0.062220
0 0.236575 0.276118 0.104277 0.104277
0 0.399980 0.373991 0.071945 0.071945
0 0.931443 0.610910 0.104278 0.104278
0 0.608764 0.777309 0.052757 0.052757
0 0.090275 0.427709 0.061130 0.061130
0 0.904423 0.253318 0.104277 0.104277
0 0.190368 0.520245 0.057104 0.057104
0 0.082517 0.344027 0.104277 0.104277
0 0.289969 0.597861 0.062220 0.062220
0 0.854796 0.650489 0.062220 0.062220
0 0.287136 0.324655 0.104277 0.104277
0 0.266041 0.211965 0.052757 0.052757
0 0.296441 0.856526 0.104277 0.104277
0 0.572957 0.251653 0.062220 0.062220
0 0.032728 0.732301 0.104277 0.104277
0 0.236272 0.653950 0.104277 0.104277
0 0.715168 0.334349 0.104277 0.104277
0 0.391105 0.457907 0.057104 0.057104
0 0.759322 0.866487 0.057104 0.057104
0 0.011048 0.315600 0.052757 0.052757
0 0.778357 0.600988 0.071945 0.071945
0 0.628620 0.299571 0.071945 0.071945
0 0.346974 0.280715 0.052757 0.052757
0 0.201280 0.432162 0.057104 0.057104
0 0.592609 0.663400 0.104277 0.104277
0 0.769515 0.289718 0.061131 0.061131
0 0.901790 0.077448 0.071945 0.071945
0 0.555165 0.853212 0.071945 0.071945
0 0.657152 0.707598 0.057104 0.057104
0 0.697198 0.764736 0.104277 0.104277
0 0.198397 0.825617 0.061131 0.061131
0 0.045504 0.866942 0.104277 0.104277
0 0.553965 0.947765 0.071945 0.071945
0 0.173709 0.088278 0.062220 0.062220
0 0.502690 0.608697 0.052757 0.052757
0 0.430127 0.642924 0.104277 0.104277
0 0.120409 0.695669 0.071945 0.071945
0 0.862183 0.326715 0.071945 0.071945
0 0.360610 0.761889 0.071945 0.071945
0 0.666874 0.856340 0.104277 0.104277
0 0.391317 0.899829 0.104277 0.104277
0 0.943083 0.821885 0.061131 0.061131
0 0.104794 0.095272 0.071945 0.071945
0 0.565576 0.379470 0.057104 0.057104
0 0.835327 0.462201 0.061131 0.061131