0 0.917887 0.900940 0.104277 0.104277
0 0.979713 0.809892 0.071945 0.071945
0 0.923596 0.672993 0.104277 0.104277
0 0.429761 0.955606 0.052757 0.052757
0 0.379410 0.448927 0.062220 0.062220
0 0.793659 0.845449 0.062220 0.062220
0 0.303967 0.676143 0.052757 0.052757
0 0.962472 0.967148 0.061131 0.061131
0 0.326295 0.323312 0.057103 0.057103
0 0.995606 0.719489 0.057104 0.057104
0 0.495348 0.570603 0.071945 0.071945
0 0.542596 0.633042 0.061130 0.061130
0 0.097641 0.368957 0.052757 0.052757
0 0.720730 0.756997 0.052757 0.052757
0 0.845718 0.372881 0.061131 0.061131
0 0.474115 0.846082 0.057104 0.057104
0 0.787930 0.692906 0.052757 0.052757
0 0.561046 0.842339 0.057104 0.057104
0 0.531100 0.073502 0.057104 0.057104
0 0.783898 0.968858 0.071945 0.071945
0 0.780844 0.294188 0.062220 0.062220
0 0.892993 0.775189 0.071945 0.071945
0 0.258415 0.145450 0.104277 0.104277
0 0.242457 0.587637 0.071945 0.071945
0 0.172212 0.580552 0.057104 0.057104
0 0.067176 0.078509 0.104277 0.104277
0 0.440265 0.746544 0.057104 0.057104
0 0.277812 0.009599 0.057104 0.057104
0 0.468865 0.228633 0.057104 0.057104
0 0.855117 0.935307 0.057104 0.057104
0 0.587454 0.510735 0.061130 0.061130
0 0.388888 0.271068 0.052757 0.052757
0 0.175744 0.914312 0.071945 0.071945
0 0.142063 0.294410 0.062220 0.062220
0 0.878223 0.123606 0.071945 0.071945
0 0.859591 0.575025 0.104277 0.104277
0 0.314129 0.074098 0.057104 0.057104
0 0.592270 0.984223 0.061130 0.061130
0 0.471283 0.323133 0.057104 0.057104
0 0.373388 0.710496 0.104277 0.104277
0 0.237428 0.488674 0.057104 0.057104
0 0.479144 0.490421 0.057104 0.057104
0 0.144783 0.665803 0.057104 0.057104
0 0.519673 0.152462 0.052757 0.052757
0 0.590864 0.221543 0.104277 0.104277
0 0.347710 0.604758 0.104277 0.104277
0 0.631753 0.722161 0.052757 0.052757
0 0.362803 0.797058 0.104277 0.104277
0 0.186913 0.996010 0.071945 0.071945
0 0.152267 0.498057 0.052757 0.052757
0 0.892031 0.258020 0.061131 0.061131
0 0.346968 0.510027 0.052757 0.052757
0 0.163879 0.429348 0.061130 0.061130
0 0.306200 0.947141 0.052757 0.052757
0 0.532332 0.423520 0.104277 0.104277
0 0.667641 0.306717 0.061130 0.061130
0 0.403554 0.161148 0.057104 0.057104
0 0.232833 0.344166 0.071945 0.071945
0 0.750127 0.204505 0.104277 0.104277
0 0.070847 0.756789 0.061130 0.061130
0 0.963008 0.088965 0.062220 0.062220
0 0.655052 0.041868 0.062220 0.062220
0 0.981570 0.328399 0.057104 0.057104
0 0.512775 0.919827 0.071945 0.071945
0 0.437720 0.672797 0.062220 0.062220
0 0.061941 0.950668 0.061130 0.061130
0 0.215632 0.085316 0.052757 0.052757
0 0.752052 0.612494 0.052757 0.052757
0 0.744819 0.382831 0.062220 0.062220
0 0.398652 0.878494 0.104277 0.104277
0 0.011994 0.206517 0.057104 0.057104
0 0.547996 0.297241 0.061130 0.061130
0 0.709584 0.446449 0.104278 0.104278
0 0.792501 0.113469 0.061131 0.061131
0 0.090030 0.457493 0.061130 0.061130
0 0.056642 0.294679 0.062220 0.062220
0 0.959727 0.510620 0.062220 0.062220
0 0.234460 0.693289 0.057104 0.057104
0 0.544968 0.702196 0.057104 0.057104
0 0.036656 0.635463 0.104277 0.104277
0 0.766602 0.512360 0.062220 0.062220
0 0.645159 0.626936 0.057104 0.057104
0 0.369436 0.024050 0.061130 0.061130
0 0.234224 0.771398 0.061130 0.061130
0 0.164061 0.758677 0.062220 0.062220
0 0.509076 0.776661 0.048997 0.048997
0 0.798522 0.444731 0.071945 0.071945
0 0.080047 0.216744 0.057104 0.057104
0 0.712102 0.681292 0.062220 0.062220
0 0.609435 0.099497 0.061130 0.061130
0 0.445745 0.407843 0.057104 0.057104
0 0.644161 0.404529 0.104277 0.104277
0 0.320503 0.398192 0.104277 0.104277
0 0.975956 0.178290 0.057104 0.057104
0 0.708084 0.922653 0.062220 0.062220
0 0.838723 0.501657 0.052757 0.052757
0 0.650194 0.172410 0.061130 0.061130
0 0.711661 0.832842 0.061131 0.061131
0 0.827175 0.214431 0.071945 0.071945
0 0.132622 0.843217 0.071945 0.071945
0 0.344630 0.203269 0.062220 0.062220
0 0.695640 0.111220 0.071945 0.071945
0 0.286435 0.871038 0.104277 0.104277
0 0.052561 0.836141 0.071945 0.071945
0 0.042812 0.559000 0.061130 0.061130
0 0.125900 0.126425 0.104277 0.104277
0 0.244441 0.262124 0.052757 0.052757
0 0.131302 0.006720 0.057104 0.057104
0 0.426877 0.594905 0.057104 0.057104
0 0.191692 0.187581 0.062220 0.062220
0 0.639169 0.929647 0.071945 0.071945
0 0.010834 0.495190 0.062220 0.062220
0 0.927532 0.388040 0.061131 0.061131