0 0.245545 0.308226 0.062220 0.062220
0 0.591183 0.647854 0.062220 0.062220
0 0.552957 0.453830 0.062220 0.062220
0 0.328859 0.761468 0.057103 0.057103
0 0.843958 0.016002 0.104277 0.104277
0 0.578937 0.097196 0.052757 0.052757
0 0.590629 0.183745 0.104277 0.104277
0 0.937093 0.437370 0.104277 0.104277
0 0.349531 0.508117 0.052757 0.052757
0 0.895954 0.558981 0.104277 0.104277
0 0.782470 0.600955 0.071945 0.071945
0 0.187874 0.363108 0.071945 0.071945
0 0.940494 0.190112 0.062220 0.062220
0 0.308722 0.592787 0.062220 0.062220
0 0.213755 0.785769 0.071945 0.071945
0 0.570362 0.009775 0.104277 0.104277
0 0.238674 0.623423 0.104277 0.104277
0 0.965847 0.362370 0.057104 0.057104
0 0.042296 0.396234 0.061130 0.061130
0 0.319162 0.314288 0.061130 0.061130
0 0.299578 0.226405 0.052757 0.052757
0 0.090724 0.692586 0.104278 0.104278
0 0.975971 0.716980 0.062220 0.062220
0 0.919547 0.285868 0.061130 0.061130
0 0.798852 0.327742 0.057104 0.057104
0 0.703827 0.087628 0.104277 0.104277
0 0.488603 0.807351 0.062220 0.062220
0 0.460380 0.227232 0.061130 0.061130
0 0.541224 0.352690 0.062220 0.062220
0 0.736368 0.434500 0.057104 0.057104
0 0.852344 0.464591 0.104277 0.104277
0 0.646433 0.790646 0.071945 0.071945
0 0.583113 0.260900 0.057104 0.057104
0 0.348449 0.690031 0.061130 0.061130
0 0.791781 0.673920 0.071945 0.071945
0 0.400911 0.462343 0.062220 0.062220
0 0.499309 0.048555 0.052757 0.052757
0 0.599030 0.718656 0.057104 0.057104
0 0.980991 0.012336 0.052757 0.052757
0 0.107898 0.495821 0.062220 0.062220
0 0.619659 0.396343 0.057104 0.057104
0 0.431734 0.308444 0.061130 0.061130
0 0.562874 0.798309 0.052757 0.052757
0 0.641480 0.020723 0.061130 0.061130
0 0.865248 0.197462 0.062220 0.062220
0 0.396964 0.569475 0.062220 0.062220
0 0.817889 0.538312 0.057104 0.057104
0 0.024269 0.108742 0.062220 0.062220
0 0.892915 0.355300 0.104277 0.104277
0 0.522179 0.689670 0.050891 0.050891
0 0.175601 0.195966 0.062220 0.062220
0 0.248005 0.705105 0.104277 0.104277
0 0.392621 0.184689 0.057104 0.057104
0 0.686049 0.581976 0.062220 0.062220
0 0.761576 0.049083 0.071945 0.071945
0 0.806868 0.791042 0.057104 0.057104
0 0.182775 0.527972 0.062220 0.062220
0 0.407199 0.768692 0.052757 0.052757
0 0.454830 0.614816 0.062220 0.062220
0 0.550589 0.580735 0.104277 0.104277
0 0.905423 0.115722 0.061130 0.061130
0 0.349039 0.052158 0.057104 0.057104
0 0.058037 0.289848 0.104278 0.104278
0 0.276314 0.018538 0.071945 0.071945
0 0.176675 0.283312 0.052757 0.052757
0 0.085858 0.799439 0.071945 0.071945
0 0.712437 0.709913 0.061130 0.061130
0 0.715961 0.305031 0.062220 0.062220
0 0.693306 0.158887 0.071945 0.071945
0 0.850860 0.625065 0.062220 0.062220
0 0.145473 0.753211 0.057104 0.057104
0 0.214899 0.098104 0.052757 0.052757
0 0.407195 0.093996 0.071945 0.071945
0 0.109578 0.337830 0.057104 0.057104
0 0.143156 0.006508 0.057104 0.057104
0 0.423777 0.687625 0.062220 0.062220
0 0.113653 0.084330 0.104277 0.104277
0 0.722015 0.813263 0.062220 0.062220
0 0.951502 0.506706 0.062220 0.062220
0 0.825715 0.396053 0.071945 0.071945
0 0.074780 0.203855 0.104277 0.104277
0 0.501757 0.512755 0.104277 0.104277
0 0.075054 0.613514 0.061131 0.061131
0 0.286724 0.128889 0.052757 0.052757
0 0.945789 0.801693 0.061130 0.061130
0 0.918630 0.043186 0.050559 0.050559
0 0.733032 0.517533 0.052757 0.052757
0 0.148391 0.628609 0.057104 0.057104
0 0.887782 0.705178 0.061131 0.061131
0 0.268999 0.421457 0.057104 0.057104
0 0.977803 0.634231 0.104277 0.104277
0 0.659807 0.512811 0.052757 0.052757
0 0.693479 0.378197 0.061130 0.061130
0 0.364960 0.397541 0.104277 0.104277
0 0.024938 0.521383 0.057104 0.057104
0 0.013589 0.665390 0.061130 0.061130
0 0.777685 0.172868 0.052757 0.052757
0 0.513076 0.117533 0.104277 0.104277