0 0.523670 0.423851 0.062220 0.062220
0 0.869308 0.763479 0.062220 0.062220
0 0.831082 0.569455 0.062220 0.062220
0 0.606984 0.877093 0.057103 0.057103
0 0.857062 0.212821 0.052757 0.052757
0 0.868754 0.299370 0.104277 0.104277
0 0.627656 0.623742 0.052757 0.052757
0 0.465999 0.478733 0.071945 0.071945
0 0.586847 0.708412 0.062220 0.062220
0 0.491880 0.901394 0.071945 0.071945
0 0.848487 0.125400 0.104277 0.104277
0 0.930844 0.057198 0.104277 0.104277
0 0.855011 0.026258 0.061130 0.061130
0 0.516799 0.739048 0.104277 0.104277
0 0.320421 0.511859 0.061130 0.061130
0 0.597287 0.429913 0.061130 0.061130
0 0.577703 0.342030 0.052757 0.052757
0 0.368849 0.808211 0.104278 0.104278
0 0.981952 0.203253 0.104277 0.104277
0 0.766728 0.922976 0.062220 0.062220
0 0.738505 0.342857 0.061130 0.061130
0 0.819349 0.468315 0.062220 0.062220
0 0.434539 0.053549 0.061130 0.061130
0 0.237010 0.172161 0.104278 0.104278
0 0.924558 0.906271 0.071945 0.071945
0 0.861238 0.376525 0.057104 0.057104
0 0.626574 0.805656 0.061130 0.061130
0 0.679036 0.577968 0.062220 0.062220
0 0.777434 0.164180 0.052757 0.052757
0 0.877155 0.834281 0.057104 0.057104
0 0.386023 0.611446 0.062220 0.062220
0 0.897784 0.511968 0.057104 0.057104
0 0.709859 0.424069 0.061130 0.061130
0 0.840999 0.913934 0.052757 0.052757
0 0.919605 0.136348 0.061130 0.061130
0 0.594436 0.066899 0.104278 0.104278
0 0.661285 0.045290 0.052757 0.052757
0 0.675089 0.685100 0.062220 0.062220
0 0.302394 0.224367 0.062220 0.062220
0 0.800304 0.805295 0.050891 0.050891
0 0.453726 0.311591 0.062220 0.062220
0 0.526130 0.820730 0.104277 0.104277
0 0.670746 0.300314 0.057104 0.057104
0 0.964174 0.697601 0.062220 0.062220
0 0.460900 0.643597 0.062220 0.062220
0 0.685324 0.884317 0.052757 0.052757
0 0.732955 0.730441 0.062220 0.062220
0 0.828714 0.696360 0.104277 0.104277
0 0.627164 0.167783 0.057104 0.057104
0 0.336162 0.405473 0.104278 0.104278
0 0.554439 0.134163 0.071945 0.071945
0 0.454800 0.398937 0.052757 0.052757
0 0.363983 0.915064 0.071945 0.071945
0 0.273371 0.920739 0.052757 0.052757
0 0.990562 0.825538 0.061130 0.061130
0 0.994086 0.420656 0.062220 0.062220
0 0.971431 0.274512 0.071945 0.071945
0 0.423598 0.868836 0.057104 0.057104
0 0.493024 0.213729 0.052757 0.052757
0 0.685320 0.209621 0.071945 0.071945
0 0.211348 0.242203 0.104277 0.104277
0 0.387703 0.453455 0.057104 0.057104
0 0.421281 0.122133 0.057104 0.057104
0 0.701902 0.803250 0.062220 0.062220
0 0.391778 0.199955 0.104277 0.104277
0 0.352905 0.319480 0.104277 0.104277
0 0.343359 0.100515 0.071945 0.071945
0 0.243058 0.844286 0.104277 0.104277
0 0.779882 0.628380 0.104277 0.104277
0 0.217528 0.041756 0.057104 0.057104
0 0.353179 0.729139 0.061131 0.061131
0 0.234315 0.724197 0.057104 0.057104
0 0.564849 0.244514 0.052757 0.052757
0 0.213474 0.652280 0.062220 0.062220
0 0.426516 0.744234 0.057104 0.057104
0 0.547124 0.537082 0.057104 0.057104
0 0.267886 0.445469 0.062220 0.062220
0 0.268060 0.373034 0.057104 0.057104
0 0.937932 0.628436 0.052757 0.052757
0 0.971604 0.493822 0.061130 0.061130
0 0.260288 0.098234 0.052757 0.052757
0 0.643085 0.513166 0.104277 0.104277
0 0.303063 0.637008 0.057104 0.057104
0 0.751917 0.062898 0.104277 0.104277
0 0.525468 0.058170 0.052757 0.052757
0 0.291714 0.781015 0.061130 0.061130
0 0.791201 0.233158 0.104277 0.104277
0 0.215803 0.521190 0.057104 0.057104