0 0.520338 0.984892 0.071945 0.071945
0 0.927880 0.016117 0.071945 0.071945
0 0.672151 0.970502 0.071945 0.071945
0 0.723057 0.519536 0.104277 0.104277
0 0.755537 0.860805 0.061131 0.061131
0 0.913159 0.484064 0.104277 0.104277
0 0.464221 0.847993 0.104277 0.104277
0 0.957348 0.680312 0.057104 0.057104
0 0.826614 0.130394 0.062220 0.062220
0 0.959592 0.128341 0.057104 0.057104
0 0.972707 0.848277 0.104277 0.104277
0 0.992403 0.053649 0.052757 0.052757
0 0.876189 0.393821 0.057104 0.057104
0 0.804349 0.245304 0.104277 0.104277
0 0.786652 0.597200 0.104277 0.104277
0 0.592293 0.783964 0.052757 0.052757
0 0.789543 0.435780 0.061131 0.061131
0 0.799351 0.059687 0.052757 0.052757
0 0.536231 0.894489 0.057104 0.057104
0 0.035973 0.745603 0.071945 0.071945
0 0.672759 0.359313 0.071945 0.071945
0 0.083221 0.808042 0.061130 0.061130
0 0.855370 0.838445 0.104277 0.104277
0 0.889768 0.259592 0.062220 0.062220
0 0.261355 0.931997 0.052757 0.052757
0 0.725647 0.654855 0.062220 0.062220
0 0.563473 0.721403 0.057104 0.057104
0 0.560320 0.560578 0.052757 0.052757
0 0.671474 0.698841 0.061130 0.061130
0 0.947925 0.380843 0.071945 0.071945
0 0.386343 0.547881 0.061131 0.061131
0 0.973982 0.952171 0.062221 0.062221
0 0.891510 0.079997 0.071945 0.071945
0 0.328555 0.867906 0.052757 0.052757
0 0.071725 0.248502 0.057104 0.057104
0 0.975612 0.757659 0.071945 0.071945
0 0.912527 0.987800 0.052757 0.052757
0 0.881337 0.571650 0.061130 0.061130
0 0.321469 0.469188 0.062220 0.062220
0 0.614403 0.655864 0.061131 0.061131
0 0.433618 0.950189 0.071945 0.071945
0 0.663630 0.589317 0.057104 0.057104
0 0.730544 0.183122 0.071945 0.071945
0 0.293353 0.153222 0.061131 0.061131
0 0.580993 0.064273 0.061130 0.061130
0 0.606006 0.183148 0.104277 0.104277
0 0.009490 0.403633 0.057104 0.057104
0 0.356765 0.049692 0.071945 0.071945
0 0.729922 0.314825 0.104277 0.104277
0 0.128079 0.685735 0.061130 0.061130
0 0.887124 0.646525 0.061130 0.061130
0 0.042654 0.164929 0.104277 0.104277
0 0.418848 0.298606 0.071945 0.071945
0 0.400216 0.750025 0.104277 0.104277
0 0.011908 0.498133 0.057104 0.057104
0 0.019769 0.665421 0.057104 0.057104
0 0.060298 0.327462 0.052757 0.052757
0 0.131489 0.396543 0.104277 0.104277
0 0.172378 0.897161 0.052757 0.052757
0 0.615726 0.886515 0.062220 0.062220
0 0.432656 0.433020 0.061131 0.061131
0 0.072957 0.598520 0.104277 0.104277
0 0.208266 0.481717 0.061130 0.061130
0 0.290752 0.379505 0.104277 0.104277
0 0.503633 0.263965 0.062220 0.062220
0 0.195677 0.216868 0.062220 0.062220
0 0.522195 0.503399 0.057104 0.057104
0 0.682798 0.804366 0.071945 0.071945
0 0.292677 0.787494 0.052757 0.052757
0 0.285444 0.557831 0.062220 0.062220
0 0.290508 0.015485 0.061131 0.061131
0 0.645681 0.462023 0.071945 0.071945
0 0.088621 0.472241 0.061130 0.061130
0 0.250209 0.621449 0.104278 0.104278
0 0.253492 0.093648 0.052757 0.052757
0 0.333126 0.288469 0.061131 0.061131
0 0.500352 0.685620 0.062220 0.062220
0 0.085593 0.877196 0.057104 0.057104
0 0.944393 0.310687 0.057104 0.057104
0 0.801763 0.334573 0.052757 0.052757
0 0.307227 0.687360 0.062220 0.062220
0 0.185784 0.801936 0.057104 0.057104
0 0.131543 0.119063 0.104277 0.104277
0 0.551813 0.436447 0.052757 0.052757
0 0.049701 0.951661 0.048997 0.048997
0 0.339147 0.619731 0.071945 0.071945
0 0.252727 0.856292 0.062220 0.062220
0 0.688524 0.000587 0.071945 0.071945
0 0.582778 0.279604 0.057104 0.057104
0 0.825758 0.768027 0.057104 0.057104
0 0.150060 0.274497 0.061130 0.061130
0 0.184786 0.579529 0.104277 0.104277
0 0.516581 0.353290 0.057104 0.057104
0 0.422430 0.101311 0.104277 0.104277
0 0.379348 0.676657 0.052757 0.052757
0 0.808501 0.907965 0.057104 0.057104
0 0.190819 0.347410 0.061130 0.061130
0 0.488772 0.170748 0.052757 0.052757
0 0.367800 0.389431 0.071945 0.071945
0 0.495927 0.036292 0.071945 0.071945
0 0.817163 0.694328 0.104277 0.104277
0 0.133726 0.031912 0.057104 0.057104
0 0.236265 0.286220 0.071945 0.071945
0 0.712683 0.099492 0.104277 0.104277
0 0.886496 0.721923 0.104277 0.104277
0 0.900676 0.918181 0.052757 0.052757
0 0.376329 0.160448 0.052757 0.052757
0 0.670764 0.277602 0.062220 0.062220
0 0.468157 0.563040 0.061131 0.061131