0 0.570035 0.973927 0.062220 0.062220
0 0.739870 0.135323 0.062220 0.062220
0 0.488862 0.438356 0.104277 0.104277
0 0.516920 0.848312 0.057103 0.057103
0 0.150520 0.821598 0.104277 0.104277
0 0.288266 0.893957 0.052757 0.052757
0 0.693944 0.194165 0.062220 0.062220
0 0.840518 0.171177 0.070161 0.070161
0 0.471238 0.162789 0.104278 0.104278
0 0.721725 0.598502 0.057104 0.057104
0 0.971469 0.819188 0.062220 0.062220
0 0.449040 0.670450 0.104277 0.104277
0 0.629919 0.142301 0.071945 0.071945
0 0.926225 0.200930 0.062220 0.062220
0 0.943353 0.503222 0.061131 0.061131
0 0.257801 0.603509 0.104277 0.104277
0 0.151378 0.217673 0.104277 0.104277
0 0.112384 0.112667 0.071945 0.071945
0 0.962796 0.264766 0.104277 0.104277
0 0.371334 0.200368 0.071945 0.071945
0 0.036645 0.050127 0.057104 0.057104
0 0.877255 0.110401 0.061130 0.061130
0 0.468437 0.534599 0.057104 0.057104
0 0.115636 0.625340 0.062220 0.062220
0 0.127301 0.515562 0.062220 0.062220
0 0.659490 0.753633 0.057104 0.057104
0 0.417007 0.483468 0.104277 0.104277
0 0.188946 0.661861 0.062220 0.062220
0 0.340685 0.008423 0.104277 0.104277
0 0.467906 0.045080 0.057104 0.057104
0 0.031847 0.656615 0.104278 0.104278
0 0.692654 0.514929 0.104277 0.104277
0 0.579513 0.796068 0.052757 0.052757
0 0.383368 0.352416 0.052757 0.052757
0 0.857816 0.333993 0.104277 0.104277
0 0.958680 0.078590 0.057104 0.057104
0 0.650429 0.335777 0.062220 0.062220
0 0.332688 0.819410 0.062220 0.062220
0 0.032035 0.767370 0.071945 0.071945
0 0.236179 0.277994 0.062220 0.062220
0 0.504754 0.599098 0.057104 0.057104
0 0.661908 0.848133 0.057104 0.057104
0 0.032099 0.418505 0.052757 0.052757
0 0.818607 0.040903 0.071945 0.071945
0 0.710298 0.677462 0.052757 0.052757
0 0.781489 0.746543 0.104277 0.104277
0 0.750046 0.315654 0.062220 0.062220
0 0.181637 0.393885 0.061130 0.061130
0 0.120953 0.959861 0.062220 0.062220
0 0.354504 0.954348 0.061130 0.061130
0 0.557571 0.238781 0.071945 0.071945
0 0.722957 0.948520 0.104277 0.104277
0 0.858266 0.831717 0.061130 0.061130
0 0.548237 0.474565 0.052757 0.052757
0 0.594179 0.686148 0.057104 0.057104
0 0.033005 0.312293 0.104277 0.104277
0 0.423458 0.869166 0.071945 0.071945
0 0.940752 0.729505 0.104277 0.104277
0 0.055670 0.156559 0.052757 0.052757
0 0.992100 0.144229 0.062220 0.062220
0 0.191396 0.054974 0.104277 0.104277
0 0.262500 0.004563 0.057104 0.057104
0 0.845677 0.566868 0.062220 0.062220
0 0.249048 0.362476 0.061130 0.061130
0 0.118222 0.341734 0.061130 0.061130
0 0.406257 0.610316 0.052757 0.052757
0 0.735846 0.031068 0.052757 0.052757
0 0.935444 0.907831 0.062220 0.062220
0 0.327162 0.301875 0.071945 0.071945
0 0.940508 0.365485 0.061131 0.061131
0 0.289076 0.081235 0.104277 0.104277
0 0.202619 0.731517 0.057104 0.057104
0 0.185589 0.152364 0.057104 0.057104
0 0.738621 0.822241 0.061130 0.061130
0 0.266149 0.474527 0.057104 0.057104
0 0.900209 0.971449 0.104278 0.104278
0 0.903492 0.443648 0.052757 0.052757
0 0.983126 0.638469 0.061131 0.061131
0 0.280655 0.982493 0.061130 0.061130
0 0.808459 0.243681 0.052757 0.052757
0 0.064604 0.485669 0.061130 0.061130
0 0.247267 0.819679 0.062220 0.062220
0 0.085252 0.251776 0.104278 0.104278
0 0.037757 0.963375 0.061130 0.061130
0 0.781543 0.469063 0.104277 0.104277
0 0.560061 0.549050 0.061130 0.061130
0 0.503912 0.368966 0.104277 0.104277
0 0.466613 0.239866 0.052757 0.052757
0 0.078973 0.891383 0.061130 0.061130
0 0.989147 0.969731 0.071945 0.071945
0 0.270672 0.741744 0.057104 0.057104
0 0.687112 0.273629 0.057104 0.057104
0 0.569497 0.398055 0.071945 0.071945
0 0.645641 0.038492 0.104277 0.104277
0 0.129040 0.749093 0.052757 0.052757
0 0.800060 0.624497 0.061130 0.061130
0 0.104755 0.039519 0.071945 0.071945
0 0.636370 0.932843 0.057104 0.057104
0 0.834786 0.929529 0.104277 0.104277
0 0.563634 0.160559 0.056505 0.056505
0 0.511128 0.923192 0.104277 0.104277
0 0.840819 0.697410 0.061130 0.061130
0 0.202653 0.522205 0.062220 0.062220
0 0.783726 0.381912 0.057104 0.057104
0 0.557931 0.091870 0.061130 0.061130
0 0.535255 0.728269 0.062220 0.062220
0 0.886265 0.636220 0.071945 0.071945
0 0.164587 0.897065 0.071945 0.071945
0 0.890832 0.041955 0.057103 0.057103
0 0.634448 0.423211 0.057104 0.057104
0 0.357485 0.115672 0.062220 0.062220
0 0.316525 0.651425 0.104277 0.104277
0 0.294748 0.236091 0.057104 0.057104
0 0.435066 0.787124 0.052757 0.052757
0 0.321927 0.531720 0.057104 0.057104
0 0.382317 0.712581 0.062220 0.062220
0 0.069058 0.570468 0.061130 0.061130