0 0.901182 0.941411 0.104277 0.104277
0 0.982474 0.667179 0.104277 0.104277
0 0.967668 0.857655 0.061131 0.061131
0 0.267995 0.207198 0.062220 0.062220
0 0.016987 0.510231 0.104277 0.104277
0 0.045045 0.920187 0.057103 0.057103
0 0.977476 0.481562 0.052757 0.052757
0 0.850884 0.781188 0.071945 0.071945
0 0.738445 0.982453 0.052757 0.052757
0 0.222069 0.266040 0.062220 0.062220
0 0.564468 0.969756 0.061131 0.061131
0 0.368643 0.243052 0.070161 0.070161
0 0.249850 0.670377 0.057104 0.057104
0 0.499594 0.891063 0.062220 0.062220
0 0.638557 0.334249 0.071945 0.071945
0 0.919956 0.241625 0.061130 0.061130
0 0.736216 0.021627 0.062220 0.062220
0 0.158044 0.214176 0.071945 0.071945
0 0.454350 0.272805 0.062220 0.062220
0 0.908669 0.604997 0.071945 0.071945
0 0.471478 0.575097 0.061131 0.061131
0 0.759118 0.486148 0.061130 0.061130
0 0.784131 0.605023 0.104277 0.104277
0 0.490921 0.336641 0.104277 0.104277
0 0.405380 0.182276 0.061130 0.061130
0 0.118265 0.065517 0.071945 0.071945
0 0.187615 0.825508 0.057104 0.057104
0 0.534890 0.471567 0.071945 0.071945
0 0.908047 0.736700 0.104277 0.104277
0 0.052569 0.004518 0.104277 0.104277
0 0.792501 0.158469 0.061130 0.061130
0 0.220779 0.586804 0.104277 0.104277
0 0.889055 0.137570 0.057104 0.057104
0 0.599106 0.068081 0.071945 0.071945
0 0.107638 0.867943 0.052757 0.052757
0 0.385941 0.405868 0.104277 0.104277
0 0.486805 0.150465 0.057104 0.057104
0 0.178554 0.407652 0.062220 0.062220
0 0.596973 0.720481 0.071945 0.071945
0 0.032879 0.670973 0.057104 0.057104
0 0.190033 0.920008 0.057104 0.057104
0 0.952167 0.085522 0.062220 0.062220
0 0.457277 0.052596 0.071945 0.071945
0 0.346732 0.112778 0.071945 0.071945
0 0.238423 0.749337 0.052757 0.052757
0 0.309614 0.818418 0.104277 0.104277
0 0.278171 0.387529 0.062220 0.062220
0 0.208374 0.047832 0.052757 0.052757
0 0.610781 0.854895 0.061131 0.061131
0 0.085696 0.310656 0.071945 0.071945
0 0.386391 0.903592 0.061130 0.061130
0 0.076362 0.546440 0.052757 0.052757
0 0.122304 0.758023 0.057104 0.057104
0 0.468877 0.801380 0.104277 0.104277
0 0.968215 0.404409 0.062220 0.062220
0 0.520225 0.216104 0.062220 0.062220
0 0.681758 0.685840 0.062220 0.062220
0 0.373802 0.638743 0.062220 0.062220
0 0.700320 0.925274 0.057104 0.057104
0 0.789910 0.075757 0.061131 0.061131
0 0.263971 0.102943 0.052757 0.052757
0 0.564789 0.400042 0.061131 0.061131
0 0.463569 0.979706 0.062220 0.062220
0 0.468633 0.437360 0.061131 0.061131
0 0.737174 0.211564 0.071945 0.071945
0 0.341588 0.013160 0.057104 0.057104
0 0.823806 0.883898 0.071945 0.071945
0 0.266746 0.894116 0.061130 0.061130
0 0.431617 0.515523 0.052757 0.052757
0 0.511251 0.710344 0.061131 0.061131
0 0.930367 0.331556 0.052757 0.052757
0 0.728805 0.407886 0.057104 0.057104
0 0.336584 0.315556 0.052757 0.052757
0 0.583730 0.249219 0.071945 0.071945
0 0.846716 0.225094 0.052757 0.052757
0 0.979888 0.756448 0.052757 0.052757
0 0.664904 0.111222 0.071945 0.071945
0 0.309668 0.540938 0.104277 0.104277
0 0.088186 0.620925 0.061130 0.061130
0 0.032037 0.440841 0.104277 0.104277
0 0.729938 0.858322 0.052757 0.052757
0 0.866649 0.422462 0.071945 0.071945
0 0.215237 0.345504 0.057104 0.057104
0 0.768611 0.337033 0.062220 0.062220
0 0.097622 0.469930 0.071945 0.071945
0 0.173766 0.110367 0.104277 0.104277
0 0.760903 0.701479 0.057104 0.057104
0 0.328185 0.696372 0.061130 0.061130
0 0.595310 0.172269 0.071945 0.071945
0 0.091759 0.232434 0.056505 0.056505
0 0.039253 0.995067 0.104277 0.104277
0 0.694706 0.775165 0.057104 0.057104
0 0.600555 0.523186 0.104277 0.104277
0 0.368944 0.769285 0.061130 0.061130
0 0.666897 0.592623 0.052757 0.052757
0 0.545925 0.811306 0.071945 0.071945
0 0.835567 0.360625 0.104277 0.104277
0 0.674052 0.458167 0.071945 0.071945
0 0.688025 0.268181 0.104277 0.104277
0 0.311851 0.453787 0.057104 0.057104
0 0.086056 0.163745 0.061130 0.061130
0 0.063380 0.800144 0.062220 0.062220
0 0.414390 0.708095 0.071945 0.071945
0 0.418957 0.113830 0.057103 0.057103
0 0.162573 0.495086 0.057104 0.057104
0 0.890808 0.521367 0.104277 0.104277
0 0.947585 0.176060 0.052757 0.052757
0 0.554454 0.582323 0.052757 0.052757
0 0.848889 0.699477 0.062220 0.062220
0 0.900281 0.025402 0.061131 0.061131
0 0.646282 0.984915 0.061131 0.061131