0 0.656489 0.964820 0.052757 0.052757
0 0.186637 0.863440 0.104277 0.104277
0 0.248463 0.772392 0.071945 0.071945
0 0.400276 0.758002 0.071945 0.071945
0 0.479029 0.964860 0.104277 0.104277
0 0.154315 0.965009 0.052757 0.052757
0 0.451182 0.307036 0.104277 0.104277
0 0.483662 0.648305 0.061131 0.061131
0 0.641284 0.271564 0.104277 0.104277
0 0.192346 0.635493 0.104277 0.104277
0 0.685473 0.467812 0.057104 0.057104
0 0.811926 0.672772 0.062221 0.062221
0 0.700832 0.635777 0.104277 0.104277
0 0.777858 0.429691 0.104277 0.104277
0 0.604314 0.181321 0.057104 0.057104
0 0.532474 0.032804 0.104277 0.104277
0 0.514777 0.384700 0.104277 0.104277
0 0.062409 0.807949 0.062220 0.062220
0 0.320418 0.571464 0.052757 0.052757
0 0.801879 0.944886 0.071945 0.071945
0 0.517668 0.223280 0.061131 0.061131
0 0.231222 0.929648 0.061131 0.061131
0 0.264356 0.681989 0.057104 0.057104
0 0.400884 0.146813 0.071945 0.071945
0 0.315438 0.890143 0.052757 0.052757
0 0.583495 0.625945 0.104277 0.104277
0 0.617893 0.047092 0.062220 0.062220
0 0.453772 0.442355 0.062220 0.062220
0 0.371645 0.826103 0.057104 0.057104
0 0.291598 0.508903 0.057104 0.057104
0 0.288445 0.348078 0.052757 0.052757
0 0.762194 0.778860 0.052757 0.052757
0 0.399599 0.486341 0.061130 0.061130
0 0.676050 0.168343 0.071945 0.071945
0 0.114468 0.335381 0.061131 0.061131
0 0.702107 0.739671 0.062221 0.062221
0 0.317880 0.978725 0.057104 0.057104
0 0.056680 0.655406 0.052757 0.052757
0 0.703737 0.545159 0.071945 0.071945
0 0.640652 0.775300 0.052757 0.052757
0 0.609462 0.359150 0.061130 0.061130
0 0.627758 0.843162 0.104277 0.104277
0 0.052648 0.931358 0.071945 0.071945
0 0.049594 0.256688 0.062220 0.062220
0 0.342528 0.443364 0.061131 0.061131
0 0.533396 0.866794 0.104277 0.104277
0 0.161743 0.737689 0.071945 0.071945
0 0.391755 0.376817 0.057104 0.057104
0 0.802160 0.298727 0.057104 0.057104
0 0.123867 0.897807 0.057104 0.057104
0 0.458047 0.102325 0.104277 0.104277
0 0.750135 0.046025 0.104278 0.104278
0 0.480323 0.808502 0.061130 0.061130
0 0.615249 0.434025 0.061130 0.061130
0 0.559083 0.939117 0.061130 0.061130
0 0.146973 0.086106 0.071945 0.071945
0 0.128341 0.537525 0.104277 0.104277
0 0.430419 0.902985 0.062220 0.062220
0 0.343851 0.674015 0.062220 0.062220
0 0.160781 0.220520 0.061131 0.061131
0 0.018877 0.167005 0.104277 0.104277
0 0.231758 0.051465 0.062220 0.062220
0 0.754492 0.352729 0.052757 0.052757
0 0.250320 0.290899 0.057104 0.057104
0 0.410923 0.591866 0.071945 0.071945
0 0.020802 0.574994 0.052757 0.052757
0 0.013569 0.345331 0.062220 0.062220
0 0.373806 0.249523 0.071945 0.071945
0 0.061251 0.075969 0.061131 0.061131
0 0.228477 0.473120 0.062220 0.062220
0 0.821749 0.824101 0.071945 0.071945
0 0.791578 0.128067 0.057104 0.057104
0 0.672518 0.098187 0.057104 0.057104
0 0.529888 0.122073 0.052757 0.052757
0 0.035352 0.474860 0.062220 0.062220
0 0.704915 0.874323 0.071945 0.071945
0 0.279938 0.223947 0.052757 0.052757
0 0.067272 0.407231 0.071945 0.071945
0 0.799296 0.523298 0.104277 0.104277
0 0.310903 0.067104 0.057104 0.057104
0 0.553883 0.555527 0.057104 0.057104
0 0.244706 0.140790 0.057104 0.057104
0 0.107473 0.464157 0.052757 0.052757
0 0.536626 0.695465 0.057104 0.057104
0 0.095925 0.176931 0.071945 0.071945
0 0.545288 0.481828 0.104277 0.104277
0 0.772280 0.231532 0.061130 0.061130
0 0.614621 0.509423 0.104277 0.104277
0 0.628801 0.705681 0.052757 0.052757
0 0.398889 0.065102 0.062220 0.062220
0 0.196282 0.350540 0.061131 0.061131