0 0.659130 0.678617 0.071945 0.071945
0 0.557864 0.792894 0.062220 0.062220
0 0.690842 0.790841 0.057104 0.057104
0 0.723653 0.716149 0.052757 0.052757
0 0.535599 0.907804 0.104277 0.104277
0 0.789902 0.212293 0.061130 0.061130
0 0.760331 0.349506 0.061130 0.061130
0 0.370118 0.225962 0.052757 0.052757
0 0.463331 0.173036 0.052757 0.052757
0 0.530601 0.722187 0.052757 0.052757
0 0.621018 0.922092 0.062220 0.062220
0 0.760972 0.813884 0.071945 0.071945
0 0.684130 0.137530 0.104277 0.104277
0 0.622760 0.742497 0.071945 0.071945
0 0.275142 0.142270 0.062220 0.062220
0 0.791273 0.577233 0.061131 0.061131
0 0.809907 0.752097 0.071945 0.071945
0 0.191682 0.574874 0.071945 0.071945
0 0.473081 0.482250 0.061130 0.061130
0 0.289341 0.262252 0.062220 0.062220
0 0.007475 0.513430 0.062220 0.062220
0 0.461794 0.845622 0.071945 0.071945
0 0.024603 0.815722 0.061131 0.061131
0 0.312243 0.726773 0.061130 0.061130
0 0.822473 0.675460 0.071945 0.071945
0 0.337256 0.845648 0.104277 0.104277
0 0.044046 0.577266 0.104277 0.104277
0 0.219241 0.229657 0.052757 0.052757
0 0.088015 0.712192 0.071945 0.071945
0 0.461172 0.977325 0.104277 0.104277
0 0.753260 0.921025 0.104278 0.104278
0 0.345626 0.399094 0.061130 0.061130
0 0.442180 0.378195 0.057104 0.057104
0 0.152231 0.308706 0.071945 0.071945
0 0.702611 0.490529 0.057104 0.057104
0 0.039930 0.391090 0.057104 0.057104
0 0.040686 0.193946 0.061131 0.061131
0 0.150098 0.961106 0.071945 0.071945
0 0.350125 0.149574 0.057104 0.057104
0 0.505292 0.326147 0.062220 0.062220
0 0.010402 0.293221 0.071945 0.071945
0 0.557765 0.583467 0.062220 0.062220
0 0.137521 0.211235 0.052757 0.052757
0 0.521340 0.645034 0.062220 0.062220
0 0.073350 0.456729 0.062220 0.062220
0 0.234883 0.926465 0.062220 0.062220
0 0.618536 0.176250 0.071945 0.071945
0 0.343035 0.316382 0.061131 0.061131
0 0.117914 0.640667 0.061131 0.061131
0 0.733815 0.267782 0.104278 0.104278
0 0.021758 0.677985 0.061131 0.061131
0 0.290299 0.452189 0.071945 0.071945
0 0.201764 0.149450 0.062220 0.062220
0 0.804979 0.452527 0.061131 0.061131
0 0.064376 0.950969 0.061131 0.061131
0 0.483492 0.572181 0.052757 0.052757
0 0.281930 0.648511 0.057104 0.057104
0 0.583033 0.315574 0.052757 0.052757
0 0.136855 0.489844 0.071945 0.071945
0 0.675643 0.973187 0.057104 0.057104
0 0.399841 0.465719 0.052757 0.052757
0 0.533013 0.997073 0.052757 0.052757
0 0.218029 0.351847 0.071945 0.071945
0 0.650886 0.257052 0.062220 0.062220
0 0.419774 0.663087 0.071945 0.071945
0 0.321736 0.577658 0.062220 0.062220
0 0.520452 0.217833 0.071945 0.071945
0 0.653191 0.373089 0.052559 0.052559
0 0.314028 0.942104 0.057104 0.057104
0 0.148435 0.412894 0.071945 0.071945
0 0.695865 0.609446 0.062220 0.062220
0 0.153680 0.763811 0.104277 0.104277
0 0.220022 0.833248 0.052757 0.052757
0 0.388692 0.601250 0.104277 0.104277
0 0.227177 0.698792 0.071945 0.071945
0 0.241150 0.508806 0.104277 0.104277
0 0.600117 0.452895 0.071945 0.071945
0 0.755994 0.643674 0.104278 0.104278
0 0.443933 0.761992 0.104277 0.104277
0 0.124799 0.140799 0.057104 0.057104
0 0.500710 0.416685 0.052757 0.052757
0 0.107579 0.822948 0.052757 0.052757
0 0.402014 0.940102 0.062220 0.062220
0 0.453406 0.266027 0.061131 0.061131
0 0.523123 0.139442 0.062220 0.062220