0 0.854307 0.722661 0.104277 0.104277
0 0.957864 0.333519 0.062220 0.062220
0 0.051285 0.827052 0.062220 0.062220
0 0.935599 0.448429 0.104277 0.104277
0 0.917902 0.800325 0.104277 0.104277
0 0.723543 0.987089 0.052757 0.052757
0 0.920793 0.638905 0.061131 0.061131
0 0.930601 0.262812 0.052757 0.052757
0 0.167223 0.948728 0.071945 0.071945
0 0.804009 0.562438 0.071945 0.071945
0 0.856897 0.857980 0.062220 0.062220
0 0.694723 0.924528 0.057104 0.057104
0 0.691570 0.763703 0.052757 0.052757
0 0.802724 0.901966 0.061130 0.061130
0 0.175194 0.047290 0.062220 0.062220
0 0.517593 0.751006 0.061131 0.061131
0 0.321768 0.024302 0.070161 0.070161
0 0.202975 0.451627 0.057104 0.057104
0 0.452719 0.672313 0.062220 0.062220
0 0.745653 0.858989 0.061131 0.061131
0 0.794880 0.792442 0.057104 0.057104
0 0.591682 0.115499 0.071945 0.071945
0 0.873081 0.022875 0.061130 0.061130
0 0.407475 0.054055 0.062220 0.062220
0 0.861794 0.386247 0.071945 0.071945
0 0.424603 0.356347 0.061131 0.061131
0 0.712243 0.267398 0.061130 0.061130
0 0.737256 0.386273 0.104277 0.104277
0 0.444046 0.117891 0.104277 0.104277
0 0.140740 0.606758 0.057104 0.057104
0 0.488015 0.252817 0.071945 0.071945
0 0.861172 0.517950 0.104277 0.104277
0 0.259329 0.888860 0.061130 0.061130
0 0.173904 0.368054 0.104277 0.104277
0 0.060763 0.649193 0.052757 0.052757
0 0.339066 0.187118 0.104277 0.104277
0 0.131679 0.188902 0.062220 0.062220
0 0.550098 0.501731 0.071945 0.071945
0 0.531466 0.953150 0.104277 0.104277
0 0.143158 0.701258 0.057104 0.057104
0 0.151019 0.868546 0.057104 0.057104
0 0.191548 0.530587 0.052757 0.052757
0 0.262739 0.599668 0.104277 0.104277
0 0.231296 0.168779 0.062220 0.062220
0 0.019585 0.982883 0.104277 0.104277
0 0.563906 0.636145 0.061131 0.061131
0 0.018843 0.888152 0.052757 0.052757
0 0.038821 0.091906 0.071945 0.071945
0 0.204207 0.801645 0.104277 0.104277
0 0.339516 0.684842 0.061130 0.061130
0 0.029487 0.327690 0.052757 0.052757
0 0.075429 0.539273 0.057104 0.057104
0 0.422002 0.582630 0.104277 0.104277
0 0.957765 0.124092 0.062220 0.062220
0 0.921340 0.185659 0.062220 0.062220
0 0.634883 0.467090 0.062220 0.062220
0 0.326927 0.419993 0.062220 0.062220
0 0.653445 0.706524 0.057104 0.057104
0 0.517914 0.181292 0.061131 0.061131
0 0.423927 0.990619 0.052757 0.052757
0 0.416694 0.760956 0.062220 0.062220
0 0.421758 0.218610 0.061131 0.061131
0 0.776931 0.665148 0.071945 0.071945
0 0.219871 0.675366 0.061130 0.061130
0 0.381459 0.824574 0.104278 0.104278
0 0.384742 0.296773 0.052757 0.052757
0 0.464376 0.491594 0.061131 0.061131
0 0.883492 0.112806 0.052757 0.052757
0 0.681930 0.189136 0.057104 0.057104
0 0.289709 0.096806 0.052757 0.052757
0 0.631602 0.888745 0.062220 0.062220
0 0.536855 0.030469 0.071945 0.071945
0 0.799841 0.006344 0.052757 0.052757
0 0.933013 0.537698 0.052757 0.052757
0 0.438477 0.890485 0.062220 0.062220
0 0.262793 0.322188 0.104277 0.104277
0 0.041311 0.402175 0.061130 0.061130
0 0.683063 0.639572 0.052757 0.052757
0 0.470397 0.822856 0.071945 0.071945
0 0.819774 0.203712 0.071945 0.071945
0 0.168362 0.126754 0.057104 0.057104
0 0.721736 0.118283 0.062220 0.062220
0 0.050747 0.251180 0.071945 0.071945
0 0.714028 0.482729 0.057104 0.057104
0 0.957008 0.971152 0.057104 0.057104
0 0.281310 0.477622 0.061130 0.061130
0 0.117620 0.785968 0.057104 0.057104
0 0.316036 0.782654 0.104277 0.104277
0 0.044884 0.013684 0.056505 0.056505
0 0.647831 0.556415 0.057104 0.057104
0 0.553680 0.304436 0.104277 0.104277
0 0.510598 0.879782 0.052757 0.052757
0 0.322069 0.550535 0.061130 0.061130
0 0.620022 0.373873 0.052757 0.052757
0 0.499050 0.592556 0.071945 0.071945
0 0.788692 0.141875 0.104277 0.104277
0 0.627177 0.239417 0.071945 0.071945
0 0.948413 0.897453 0.104277 0.104277
0 0.641150 0.049431 0.104277 0.104277
0 0.264976 0.235037 0.057104 0.057104
0 0.016505 0.581394 0.062220 0.062220
0 0.367515 0.489345 0.071945 0.071945
0 0.115698 0.276336 0.057104 0.057104
0 0.843933 0.302617 0.104277 0.104277
0 0.098752 0.973030 0.057104 0.057104
0 0.507579 0.363573 0.052757 0.052757
0 0.802014 0.480727 0.062220 0.062220
0 0.599407 0.766165 0.061131 0.061131