0 0.287717 0.149477 0.104277 0.104277
0 0.214220 0.948782 0.071945 0.071945
0 0.438007 0.147153 0.062220 0.062220
0 0.489341 0.916761 0.071945 0.071945
0 0.769719 0.657082 0.071945 0.071945
0 0.015833 0.794127 0.104277 0.104277
0 0.078321 0.518353 0.052757 0.052757
0 0.258618 0.705099 0.061130 0.061130
0 0.664896 0.830076 0.104277 0.104277
0 0.801265 0.137628 0.047276 0.047276
0 0.691619 0.444229 0.062220 0.062220
0 0.431562 0.666975 0.071945 0.071945
0 0.112369 0.968237 0.062220 0.062220
0 0.281841 0.064292 0.057104 0.057104
0 0.074993 0.714172 0.071945 0.071945
0 0.317703 0.250928 0.051819 0.051819
0 0.631892 0.993195 0.104277 0.104277
0 0.497851 0.194641 0.052757 0.052757
0 0.210409 0.539729 0.104277 0.104277
0 0.510270 0.785833 0.104277 0.104277
0 0.628049 0.597026 0.071945 0.071945
0 0.559127 0.143156 0.057103 0.057103
0 0.632796 0.528580 0.062220 0.062220
0 0.570752 0.724331 0.057104 0.057104
0 0.613719 0.898006 0.062220 0.062220
0 0.513469 0.656115 0.062220 0.062220
0 0.593781 0.260496 0.104277 0.104277
0 0.393544 0.321272 0.104277 0.104277
0 0.699118 0.628808 0.061130 0.061130
0 0.388681 0.247979 0.071945 0.071945
0 0.785273 0.243553 0.071945 0.071945
0 0.152866 0.790461 0.052757 0.052757
0 0.095152 0.260688 0.052757 0.052757
0 0.691112 0.275364 0.061131 0.061131
0 0.115524 0.656466 0.052757 0.052757
0 0.807151 0.026626 0.057104 0.057104
0 0.309999 0.407901 0.054783 0.054783
0 0.446842 0.853037 0.062220 0.062220
0 0.290529 0.928587 0.061131 0.061131
0 0.477551 0.341813 0.057103 0.057103
0 0.248922 0.857038 0.071945 0.071945
0 0.278101 0.520067 0.071945 0.071945
0 0.037123 0.975587 0.062220 0.062220
0 0.278361 0.590891 0.061130 0.061130
0 0.061225 0.181319 0.071945 0.071945
0 0.571857 0.408634 0.061131 0.061131
0 0.158381 0.416569 0.057104 0.057104
0 0.523035 0.276515 0.061131 0.061131
0 0.733364 0.885982 0.045227 0.045227
0 0.367752 0.934309 0.052757 0.052757
0 0.788606 0.369057 0.071945 0.071945
0 0.793988 0.507582 0.104278 0.104278
0 0.723589 0.129495 0.062220 0.062220
0 0.077298 0.893847 0.061130 0.061130
0 0.172576 0.294695 0.052757 0.052757
0 0.789029 0.789777 0.061130 0.061130
0 0.030325 0.007368 0.104277 0.104277
0 0.193730 0.105241 0.071945 0.071945
0 0.725193 0.342160 0.104278 0.104278
0 0.402514 0.508559 0.052757 0.052757
0 0.083719 0.329111 0.062220 0.062220
0 0.648546 0.381739 0.062220 0.062220
0 0.080886 0.055905 0.104277 0.104277
0 0.090191 0.587776 0.104277 0.104277
0 0.445378 0.748070 0.052757 0.052757
0 0.357425 0.799934 0.052757 0.052757
0 0.176962 0.866321 0.057104 0.057104
0 0.030022 0.385200 0.104277 0.104277
0 0.508918 0.065599 0.104277 0.104277
0 0.184855 0.189157 0.057104 0.057104
0 0.647435 0.733474 0.061131 0.061131
0 0.553072 0.597737 0.057104 0.057104
0 0.572107 0.332238 0.071945 0.071945
0 0.422370 0.030821 0.071945 0.071945
0 0.140724 0.011965 0.052757 0.052757
0 0.386359 0.394650 0.104277 0.104277
0 0.576639 0.827192 0.061131 0.061131
0 0.090505 0.821311 0.050559 0.050559
0 0.563265 0.020968 0.061131 0.061131
0 0.219644 0.764090 0.061130 0.061130
0 0.348915 0.584462 0.071945 0.071945
0 0.450902 0.438848 0.057104 0.057104
0 0.490948 0.495986 0.104277 0.104277
0 0.347715 0.679015 0.071945 0.071945
0 0.296440 0.339947 0.052757 0.052757
0 0.223877 0.374174 0.104277 0.104277
0 0.734558 0.746968 0.052757 0.052757
0 0.655933 0.057965 0.071945 0.071945
0 0.154360 0.493139 0.071945 0.071945
0 0.460624 0.587590 0.104277 0.104277
0 0.185067 0.631079 0.104277 0.104277
0 0.736833 0.553135 0.061131 0.061131
0 0.359326 0.110720 0.057104 0.057104
0 0.629077 0.193451 0.061131 0.061131