0 0.947092 0.086977 0.104277 0.104277
0 0.619552 0.294505 0.104278 0.104278
0 0.873595 0.886282 0.071945 0.071945
0 0.675208 0.731627 0.104277 0.104277
0 0.737696 0.455853 0.052757 0.052757
0 0.917993 0.642599 0.061130 0.061130
0 0.410187 0.812821 0.052757 0.052757
0 0.421879 0.899370 0.104277 0.104277
0 0.262229 0.446828 0.061130 0.061130
0 0.636990 0.405310 0.052757 0.052757
0 0.658061 0.576537 0.052757 0.052757
0 0.771744 0.905737 0.062220 0.062220
0 0.401612 0.725400 0.104277 0.104277
0 0.941216 0.001792 0.057104 0.057104
0 0.734368 0.651672 0.071945 0.071945
0 0.483969 0.657198 0.104277 0.104277
0 0.977078 0.188428 0.051819 0.051819
0 0.408136 0.626258 0.061130 0.061130
0 0.272197 0.211162 0.057104 0.057104
0 0.315207 0.524215 0.104277 0.104277
0 0.869784 0.477229 0.104277 0.104277
0 0.130828 0.942030 0.052757 0.052757
0 0.535077 0.803253 0.104277 0.104277
0 0.291630 0.942857 0.061130 0.061130
0 0.569398 0.205943 0.052757 0.052757
0 0.113693 0.296537 0.104277 0.104277
0 0.034124 0.365461 0.052757 0.052757
0 0.414363 0.976525 0.057104 0.057104
0 0.257079 0.365698 0.104277 0.104277
0 0.330559 0.764180 0.052757 0.052757
0 0.812241 0.727961 0.052757 0.052757
0 0.754527 0.198188 0.052757 0.052757
0 0.193034 0.447755 0.052757 0.052757
0 0.622265 0.650716 0.104277 0.104277
0 0.569562 0.512362 0.057104 0.057104
0 0.774899 0.593966 0.052757 0.052757
0 0.969374 0.345401 0.054783 0.054783
0 0.949904 0.866087 0.061131 0.061131
0 0.472730 0.736348 0.061130 0.061130
0 0.908297 0.794538 0.071945 0.071945
0 0.937476 0.457567 0.071945 0.071945
0 0.147561 0.666899 0.104278 0.104278
0 0.696498 0.913087 0.062220 0.062220
0 0.937736 0.528391 0.061130 0.061130
0 0.720600 0.118819 0.071945 0.071945
0 0.214410 0.645290 0.052757 0.052757
0 0.494277 0.324416 0.061130 0.061130
0 0.385630 0.223258 0.071945 0.071945
0 0.552279 0.438954 0.052757 0.052757
0 0.817756 0.354069 0.057104 0.057104
0 0.006851 0.911591 0.062220 0.062220
0 0.223871 0.900314 0.057104 0.057104
0 0.095463 0.104762 0.061130 0.061130
0 0.592826 0.764708 0.071945 0.071945
0 0.374534 0.391551 0.061130 0.061130
0 0.345203 0.307886 0.062220 0.062220
0 0.488973 0.159072 0.062220 0.062220
0 0.736673 0.831347 0.061130 0.061130
0 0.831951 0.232195 0.052757 0.052757
0 0.394572 0.553852 0.052757 0.052757
0 0.544746 0.590137 0.057104 0.057104
0 0.180289 0.767783 0.057104 0.057104
0 0.048331 0.254540 0.104277 0.104277
0 0.107564 0.734163 0.071945 0.071945
0 0.007925 0.998937 0.052757 0.052757
0 0.524556 0.874512 0.071945 0.071945
0 0.853105 0.042741 0.071945 0.071945
0 0.046149 0.813729 0.052757 0.052757
0 0.238445 0.809621 0.071945 0.071945
0 0.543400 0.096459 0.061130 0.061130
0 0.643493 0.188995 0.057104 0.057104
0 0.535642 0.012777 0.104277 0.104277
0 0.743094 0.266611 0.062220 0.062220
0 0.749566 0.525276 0.104277 0.104277
0 0.485853 0.401051 0.104277 0.104277
0 0.446499 0.255072 0.071945 0.071945
0 0.836337 0.803821 0.057104 0.057104
0 0.689397 0.322700 0.104277 0.104277
0 0.844230 0.126657 0.057104 0.057104
0 0.187565 0.319139 0.071945 0.071945
0 0.327437 0.163236 0.050932 0.050932
0 0.117974 0.844514 0.052757 0.052757
0 0.654405 0.100912 0.057104 0.057104
0 0.187894 0.217872 0.071945 0.071945
0 0.894513 0.992783 0.062220 0.062220
0 0.437974 0.051376 0.061130 0.061130
0 0.749880 0.758811 0.050559 0.050559
0 0.060862 0.582154 0.104277 0.104277
0 0.879019 0.701590 0.061130 0.061130
0 0.111005 0.426389 0.104277 0.104277
0 0.651522 0.494367 0.061131 0.061131
0 0.498629 0.535692 0.104277 0.104277
0 0.101511 0.202691 0.052757 0.052757
0 0.955815 0.277447 0.052757 0.052757
0 0.883252 0.311674 0.104277 0.104277
0 0.398766 0.148061 0.062220 0.062220
0 0.194521 0.125965 0.062220 0.062220
0 0.016678 0.501166 0.052757 0.052757
0 0.108910 0.516752 0.062220 0.062220
0 0.175420 0.551794 0.071945 0.071945
0 0.573534 0.364419 0.071945 0.071945
0 0.404527 0.475448 0.061130 0.061130
0 0.044289 0.035970 0.071945 0.071945
0 0.813735 0.430639 0.071945 0.071945
0 0.139374 0.040939 0.047555 0.047555
0 0.273474 0.065735 0.052757 0.052757
0 0.305042 0.662898 0.104277 0.104277
0 0.844442 0.568579 0.104277 0.104277
0 0.078593 0.658170 0.052757 0.052757
0 0.608935 0.888493 0.052757 0.052757
0 0.269194 0.283840 0.071945 0.071945
0 0.353424 0.073616 0.071945 0.071945
0 0.344326 0.833158 0.104277 0.104277