0 0.706467 0.565102 0.104277 0.104277
0 0.662919 0.353111 0.061130 0.061130
0 0.378927 0.772630 0.104278 0.104278
0 0.596012 0.213440 0.104277 0.104277
0 0.657838 0.122392 0.071945 0.071945
0 0.856757 0.562778 0.062220 0.062220
0 0.809651 0.108002 0.071945 0.071945
0 0.888404 0.314860 0.104277 0.104277
0 0.563690 0.315009 0.052757 0.052757
0 0.497071 0.933978 0.052757 0.052757
0 0.966268 0.361385 0.071945 0.071945
0 0.107886 0.268106 0.052757 0.052757
0 0.021604 0.924953 0.061130 0.061130
0 0.396365 0.883435 0.052757 0.052757
0 0.700591 0.479917 0.057104 0.057104
0 0.471784 0.157949 0.062220 0.062220
0 0.736453 0.666553 0.051819 0.051819
0 0.031572 0.689287 0.057104 0.057104
0 0.382619 0.343108 0.104277 0.104277
0 0.640597 0.279648 0.061131 0.061131
0 0.916601 0.610266 0.052757 0.052757
0 0.107431 0.475936 0.057104 0.057104
0 0.673731 0.031989 0.057104 0.057104
0 0.629159 0.955354 0.104277 0.104277
0 0.977877 0.558781 0.057103 0.057103
0 0.724813 0.240143 0.052757 0.052757
0 0.398855 0.069497 0.052757 0.052757
0 0.781020 0.176103 0.057104 0.057104
0 0.893493 0.398114 0.036679 0.036679
0 0.328773 0.684068 0.052757 0.052757
0 0.152240 0.158582 0.057104 0.057104
0 0.727255 0.328725 0.057104 0.057104
0 0.812294 0.736897 0.104277 0.104277
0 0.466055 0.005406 0.052757 0.052757
0 0.807431 0.663604 0.071945 0.071945
0 0.016454 0.843823 0.104277 0.104277
0 0.239171 0.154839 0.057104 0.057104
0 0.462023 0.281358 0.071945 0.071945
0 0.513902 0.676313 0.052757 0.052757
0 0.942771 0.216794 0.104277 0.104277
0 0.571118 0.087689 0.071945 0.071945
0 0.328937 0.990487 0.057104 0.057104
0 0.728749 0.823526 0.054783 0.054783
0 0.118390 0.059044 0.057104 0.057104
0 0.896301 0.757438 0.057103 0.057103
0 0.696851 0.935692 0.071945 0.071945
0 0.479975 0.596944 0.071945 0.071945
0 0.253652 0.802541 0.061130 0.061130
0 0.145005 0.701383 0.071945 0.071945
0 0.311654 0.917079 0.052757 0.052757
0 0.990607 0.824259 0.061131 0.061131
0 0.577131 0.832194 0.057104 0.057104
0 0.941785 0.692140 0.061131 0.061131
0 0.533242 0.247807 0.057104 0.057104
0 0.153753 0.424569 0.071945 0.071945
0 0.133909 0.869676 0.061130 0.061130
0 0.104578 0.786011 0.062220 0.062220
0 0.889698 0.158502 0.061130 0.061130
0 0.248348 0.637197 0.062220 0.062220
0 0.364009 0.466197 0.061130 0.061130
0 0.968458 0.289117 0.061130 0.061130
0 0.591326 0.710320 0.052757 0.052757
0 0.299321 0.368458 0.061130 0.061130
0 0.270395 0.296723 0.061130 0.061130
0 0.839794 0.252985 0.062220 0.062220
0 0.051513 0.022996 0.104277 0.104277
0 0.449075 0.422993 0.104277 0.104277
0 0.612480 0.520866 0.071945 0.071945
0 0.309878 0.034661 0.052757 0.052757
0 0.753226 0.024015 0.062220 0.062220
0 0.821264 0.924184 0.052757 0.052757
0 0.302775 0.574584 0.061130 0.061130
0 0.040928 0.109558 0.104277 0.104277
0 0.402868 0.667120 0.057104 0.057104
0 0.295017 0.490902 0.104277 0.104277
0 0.502469 0.744736 0.062220 0.062220
0 0.499636 0.471530 0.104277 0.104277
0 0.478541 0.358840 0.052757 0.052757
0 0.785457 0.398528 0.062220 0.062220
0 0.190900 0.232327 0.071945 0.071945
0 0.245228 0.879176 0.104277 0.104277
0 0.205874 0.733197 0.071945 0.071945
0 0.448772 0.800825 0.104277 0.104277
0 0.927668 0.481224 0.104277 0.104277
0 0.076777 0.190994 0.104277 0.104277
0 0.603605 0.604782 0.057104 0.057104
0 0.086812 0.641361 0.050932 0.050932
0 0.223548 0.462475 0.052757 0.052757
0 0.990857 0.747863 0.071945 0.071945
0 0.841120 0.446446 0.071945 0.071945
0 0.200445 0.369535 0.061130 0.061130
0 0.559474 0.427590 0.052757 0.052757
0 0.413780 0.579037 0.057104 0.057104
0 0.805109 0.810275 0.104277 0.104277
0 0.223093 0.014696 0.057104 0.057104
0 0.197349 0.529501 0.061130 0.061130
0 0.059714 0.372660 0.071945 0.071945
0 0.982015 0.436593 0.061131 0.061131
0 0.869652 0.854473 0.057104 0.057104
0 0.187201 0.089161 0.048997 0.048997
0 0.909698 0.911611 0.104277 0.104277
0 0.410897 0.972492 0.061131 0.061131
0 0.386209 0.235153 0.062220 0.062220
0 0.715190 0.755572 0.052757 0.052757
0 0.642627 0.789799 0.104277 0.104277
0 0.158141 0.626186 0.062220 0.062220
0 0.946001 0.045465 0.057104 0.057104
0 0.389786 0.145342 0.061131 0.061131
0 0.332909 0.842544 0.071945 0.071945
0 0.163902 0.953573 0.061130 0.061130
0 0.573110 0.908764 0.071945 0.071945
0 0.032849 0.543860 0.052757 0.052757
0 0.317294 0.242147 0.071945 0.071945
0 0.028569 0.761965 0.071945 0.071945
0 0.778076 0.526345 0.057104 0.057104
0 0.112799 0.551741 0.071945 0.071945