0 0.782052 0.338255 0.104278 0.104278
0 0.837708 0.775377 0.104277 0.104277
0 0.900196 0.499603 0.052757 0.052757
0 0.572687 0.856571 0.052757 0.052757
0 0.584379 0.943120 0.104277 0.104277
0 0.424729 0.490578 0.061130 0.061130
0 0.799490 0.449060 0.052757 0.052757
0 0.820561 0.620287 0.052757 0.052757
0 0.934244 0.949487 0.062220 0.062220
0 0.564112 0.769150 0.104277 0.104277
0 0.896868 0.695422 0.071945 0.071945
0 0.646469 0.700948 0.104277 0.104277
0 0.570636 0.670008 0.061130 0.061130
0 0.434697 0.254912 0.057104 0.057104
0 0.477707 0.567965 0.104277 0.104277
0 0.510556 0.041561 0.057104 0.057104
0 0.293328 0.985780 0.052757 0.052757
0 0.697577 0.847003 0.104277 0.104277
0 0.454130 0.986607 0.061130 0.061130
0 0.150164 0.697299 0.061130 0.061130
0 0.731898 0.249693 0.052757 0.052757
0 0.137588 0.235765 0.071945 0.071945
0 0.276193 0.340287 0.104277 0.104277
0 0.196624 0.409211 0.052757 0.052757
0 0.419579 0.409448 0.104277 0.104277
0 0.493059 0.807930 0.052757 0.052757
0 0.974741 0.771711 0.052757 0.052757
0 0.917027 0.241938 0.052757 0.052757
0 0.109192 0.403409 0.052757 0.052757
0 0.355534 0.491505 0.052757 0.052757
0 0.784765 0.694466 0.104277 0.104277
0 0.732062 0.556112 0.057104 0.057104
0 0.937399 0.637716 0.052757 0.052757
0 0.635230 0.780098 0.061130 0.061130
0 0.310061 0.710649 0.104278 0.104278
0 0.858998 0.956837 0.062220 0.062220
0 0.883100 0.162569 0.071945 0.071945
0 0.376910 0.689040 0.052757 0.052757
0 0.656777 0.368166 0.061130 0.061130
0 0.548130 0.267008 0.071945 0.071945
0 0.714779 0.482704 0.052757 0.052757
0 0.980256 0.397819 0.057104 0.057104
0 0.018019 0.868117 0.062220 0.062220
0 0.169351 0.955341 0.062220 0.062220
0 0.386371 0.944064 0.057104 0.057104
0 0.257963 0.148512 0.061130 0.061130
0 0.755326 0.808458 0.071945 0.071945
0 0.537034 0.435301 0.061130 0.061130
0 0.507703 0.351636 0.062220 0.062220
0 0.651473 0.202822 0.062220 0.062220
0 0.767134 0.031822 0.061130 0.061130
0 0.899173 0.875097 0.061130 0.061130
0 0.994451 0.275945 0.052757 0.052757
0 0.557072 0.597602 0.052757 0.052757
0 0.707246 0.633887 0.057104 0.057104
0 0.342789 0.811533 0.057104 0.057104
0 0.210831 0.298290 0.104277 0.104277
0 0.270064 0.777913 0.071945 0.071945
0 0.687056 0.918262 0.071945 0.071945
0 0.208649 0.857479 0.052757 0.052757
0 0.400945 0.853371 0.071945 0.071945
0 0.705900 0.140209 0.061130 0.061130
0 0.805993 0.232745 0.057104 0.057104
0 0.698142 0.056527 0.104277 0.104277
0 0.905594 0.310361 0.062220 0.062220
0 0.136906 0.765883 0.057104 0.057104
0 0.902761 0.037155 0.104277 0.104277
0 0.107403 0.843705 0.104277 0.104277
0 0.912066 0.569026 0.104277 0.104277
0 0.063050 0.295991 0.052757 0.052757
0 0.648353 0.444801 0.104277 0.104277
0 0.608999 0.298822 0.071945 0.071945
0 0.151141 0.149948 0.104277 0.104277
0 0.998837 0.847571 0.057104 0.057104
0 0.851897 0.366450 0.104277 0.104277
0 0.068530 0.963230 0.104277 0.104277
0 0.058984 0.744265 0.071945 0.071945
0 0.350065 0.362889 0.071945 0.071945
0 0.489937 0.206986 0.050932 0.050932
0 0.626673 0.028100 0.052757 0.052757
0 0.102048 0.060818 0.057104 0.057104
0 0.280474 0.888264 0.052757 0.052757
0 0.816905 0.144662 0.057104 0.057104
0 0.350394 0.261622 0.071945 0.071945
0 0.258031 0.024793 0.104277 0.104277
0 0.029254 0.383201 0.104277 0.104277
0 0.040360 0.637268 0.057104 0.057104
0 0.600474 0.095126 0.061130 0.061130
0 0.912380 0.802561 0.050559 0.050559
0 0.223362 0.625904 0.104277 0.104277
0 0.273505 0.470139 0.104277 0.104277
0 0.814022 0.538117 0.061131 0.061131
0 0.057128 0.125535 0.062220 0.062220
0 0.661129 0.579442 0.104277 0.104277
0 0.264011 0.246441 0.052757 0.052757
0 0.561266 0.191811 0.062220 0.062220
0 0.357021 0.169715 0.062220 0.062220
0 0.179178 0.544916 0.052757 0.052757
0 0.058407 0.459705 0.104277 0.104277
0 0.148067 0.617552 0.061130 0.061130
0 0.271410 0.560502 0.062220 0.062220
0 0.337920 0.595544 0.071945 0.071945
0 0.736034 0.408169 0.071945 0.071945
0 0.567027 0.519198 0.061130 0.061130
0 0.206789 0.079720 0.071945 0.071945
0 0.976235 0.474389 0.071945 0.071945
0 0.301874 0.084689 0.047555 0.047555
0 0.435974 0.109485 0.052757 0.052757
0 0.467542 0.706648 0.104277 0.104277
0 0.241093 0.701920 0.052757 0.052757
0 0.066391 0.208490 0.057103 0.057103
0 0.771435 0.932243 0.052757 0.052757
0 0.431694 0.327590 0.071945 0.071945
0 0.050102 0.531047 0.104277 0.104277
0 0.515924 0.117366 0.071945 0.071945
0 0.506826 0.876908 0.104277 0.104277