0 0.292995 0.479073 0.062220 0.062220
0 0.041987 0.782106 0.104277 0.104277
0 0.841993 0.257212 0.052757 0.052757
0 0.935206 0.204286 0.052757 0.052757
0 0.247069 0.537915 0.062220 0.062220
0 0.393643 0.514927 0.070161 0.070161
0 0.024363 0.506539 0.104278 0.104278
0 0.747017 0.173520 0.062220 0.062220
0 0.274850 0.942252 0.057104 0.057104
0 0.143756 0.177946 0.057104 0.057104
0 0.663557 0.606124 0.071945 0.071945
0 0.944956 0.513500 0.061130 0.061130
0 0.761216 0.293502 0.062220 0.062220
0 0.183044 0.486051 0.071945 0.071945
0 0.479350 0.544680 0.062220 0.062220
0 0.933669 0.876872 0.071945 0.071945
0 0.496478 0.846972 0.061131 0.061131
0 0.784118 0.758023 0.061130 0.061130
0 0.157464 0.254631 0.062220 0.062220
0 0.809131 0.876898 0.104277 0.104277
0 0.515921 0.608516 0.104277 0.104277
0 0.691116 0.260907 0.052757 0.052757
0 0.430380 0.454151 0.061130 0.061130
0 0.021562 0.878349 0.057104 0.057104
0 0.143265 0.337392 0.071945 0.071945
0 0.559890 0.743442 0.071945 0.071945
0 0.077569 0.276393 0.104277 0.104277
0 0.021031 0.388830 0.057104 0.057104
0 0.013114 0.252129 0.071945 0.071945
0 0.817501 0.430344 0.061130 0.061130
0 0.245779 0.858679 0.104277 0.104277
0 0.914055 0.409445 0.057104 0.057104
0 0.624106 0.339956 0.071945 0.071945
0 0.229977 0.208385 0.071945 0.071945
0 0.410941 0.677743 0.104277 0.104277
0 0.511805 0.422340 0.057104 0.057104
0 0.203554 0.679527 0.062220 0.062220
0 0.512561 0.225196 0.061131 0.061131
0 0.621973 0.992356 0.071945 0.071945
0 0.057879 0.942848 0.057104 0.057104
0 0.822000 0.180824 0.057104 0.057104
0 0.977167 0.357397 0.062220 0.062220
0 0.482277 0.324471 0.071945 0.071945
0 0.371732 0.384653 0.071945 0.071945
0 0.303171 0.659404 0.062220 0.062220
0 0.233374 0.319707 0.052757 0.052757
0 0.110696 0.582531 0.071945 0.071945
0 0.101362 0.818315 0.052757 0.052757
0 0.609396 0.242485 0.052757 0.052757
0 0.993215 0.676284 0.062220 0.062220
0 0.545225 0.487979 0.062220 0.062220
0 0.706758 0.957715 0.062220 0.062220
0 0.398802 0.910618 0.062220 0.062220
0 0.814910 0.347632 0.061131 0.061131
0 0.288971 0.374818 0.052757 0.052757
0 0.589789 0.671917 0.061131 0.061131
0 0.342654 0.203782 0.071945 0.071945
0 0.493633 0.709235 0.061131 0.061131
0 0.762174 0.483439 0.071945 0.071945
0 0.673639 0.180700 0.062220 0.062220
0 0.366588 0.285035 0.057104 0.057104
0 0.053126 0.158309 0.104277 0.104277
0 0.456617 0.787398 0.052757 0.052757
0 0.536251 0.982219 0.061131 0.061131
0 0.955367 0.603431 0.052757 0.052757
0 0.753805 0.679761 0.057104 0.057104
0 0.361584 0.587431 0.052757 0.052757
0 0.608730 0.521094 0.071945 0.071945
0 0.871716 0.496969 0.052757 0.052757
0 0.689904 0.383097 0.071945 0.071945
0 0.425358 0.171627 0.104277 0.104277
0 0.334668 0.812813 0.104277 0.104277
0 0.113186 0.892800 0.061130 0.061130
0 0.057037 0.712716 0.104277 0.104277
0 0.019738 0.583616 0.052757 0.052757
0 0.891649 0.694337 0.071945 0.071945
0 0.240237 0.617379 0.057104 0.057104
0 0.793611 0.608908 0.062220 0.062220
0 0.122622 0.741805 0.071945 0.071945
0 0.198766 0.382242 0.104277 0.104277
0 0.992327 0.249083 0.071945 0.071945
0 0.785903 0.973354 0.057104 0.057104
0 0.353185 0.968247 0.061130 0.061130
0 0.620310 0.444144 0.071945 0.071945
0 0.116759 0.504309 0.056505 0.056505
0 0.625555 0.795061 0.104277 0.104277
0 0.691897 0.864498 0.052757 0.052757
0 0.860567 0.632500 0.104277 0.104277
0 0.699052 0.730042 0.071945 0.071945
0 0.713025 0.540056 0.104277 0.104277
0 0.336851 0.725662 0.057104 0.057104
0 0.111056 0.435620 0.061130 0.061130
0 0.439390 0.979970 0.071945 0.071945
0 0.443957 0.385705 0.057103 0.057103
0 0.187573 0.766961 0.057104 0.057104
0 0.915808 0.793242 0.104277 0.104277
0 0.596674 0.172049 0.057104 0.057104
0 0.972585 0.447935 0.052757 0.052757
0 0.579454 0.854198 0.052757 0.052757
0 0.873889 0.971352 0.062220 0.062220
0 0.925281 0.297277 0.061131 0.061131
0 0.994998 0.170692 0.062220 0.062220