0 0.265842 0.811977 0.104277 0.104277
0 0.222294 0.599986 0.061130 0.061130
0 0.625239 0.561695 0.052757 0.052757
0 0.155387 0.460315 0.104277 0.104277
0 0.217213 0.369267 0.071945 0.071945
0 0.416132 0.809653 0.062220 0.062220
0 0.369026 0.354877 0.071945 0.071945
0 0.447779 0.561735 0.104277 0.104277
0 0.123065 0.561884 0.052757 0.052757
0 0.525643 0.608260 0.071945 0.071945
0 0.452412 0.245180 0.061131 0.061131
0 0.161096 0.232368 0.104277 0.104277
0 0.654223 0.064687 0.057104 0.057104
0 0.780676 0.269647 0.062221 0.062221
0 0.669582 0.232652 0.104277 0.104277
0 0.746608 0.026566 0.104277 0.104277
0 0.779390 0.800128 0.047276 0.047276
0 0.259966 0.726792 0.057104 0.057104
0 0.031159 0.404824 0.062220 0.062220
0 0.295828 0.913428 0.051819 0.051819
0 0.289168 0.168339 0.052757 0.052757
0 0.770629 0.541761 0.071945 0.071945
0 0.199972 0.526523 0.061131 0.061131
0 0.475976 0.857141 0.052757 0.052757
0 0.233106 0.278864 0.057104 0.057104
0 0.537252 0.805656 0.057103 0.057103
0 0.284188 0.487018 0.052757 0.052757
0 0.552245 0.222820 0.104277 0.104277
0 0.422522 0.039230 0.062220 0.062220
0 0.340395 0.422978 0.057104 0.057104
0 0.260348 0.105778 0.057104 0.057104
0 0.730944 0.375735 0.052757 0.052757
0 0.452868 0.644989 0.036679 0.036679
0 0.368349 0.083216 0.061130 0.061130
0 0.571906 0.922996 0.104277 0.104277
0 0.670857 0.336546 0.062221 0.062221
0 0.286630 0.575600 0.057104 0.057104
0 0.371669 0.983772 0.104277 0.104277
0 0.025430 0.252281 0.052757 0.052757
0 0.366806 0.910479 0.071945 0.071945
0 0.672487 0.142034 0.071945 0.071945
0 0.609402 0.372175 0.052757 0.052757
0 0.596508 0.440037 0.104277 0.104277
0 0.763398 0.906053 0.071945 0.071945
0 0.021398 0.528233 0.071945 0.071945
0 0.311278 0.040239 0.061131 0.061131
0 0.073277 0.923188 0.052757 0.052757
0 0.502146 0.463669 0.104277 0.104277
0 0.130493 0.334564 0.071945 0.071945
0 0.669237 0.937864 0.061131 0.061131
0 0.785276 0.689126 0.057104 0.057104
0 0.593051 0.631144 0.062220 0.062220
0 0.039350 0.843819 0.071945 0.071945
0 0.501160 0.939015 0.061131 0.061131
0 0.092617 0.494682 0.057104 0.057104
0 0.449073 0.405377 0.061130 0.061130
0 0.583999 0.030900 0.061130 0.061130
0 0.701714 0.791995 0.062220 0.062220
0 0.527833 0.535992 0.061130 0.061130
0 0.150701 0.957195 0.052757 0.052757
0 0.097091 0.134400 0.104277 0.104277
0 0.399169 0.499860 0.062220 0.062220
0 0.008450 0.669868 0.104277 0.104277
0 0.171855 0.767741 0.071945 0.071945
0 0.312601 0.270890 0.062220 0.062220
0 0.676298 0.647068 0.104277 0.104277
0 0.061844 0.991611 0.062220 0.062220
0 0.059011 0.718405 0.104277 0.104277
0 0.037916 0.605715 0.052757 0.052757
0 0.344832 0.645403 0.062220 0.062220
0 0.379673 0.188741 0.071945 0.071945
0 0.487043 0.728099 0.104277 0.104277
0 0.162980 0.851657 0.057104 0.057104
0 0.550232 0.994738 0.071945 0.071945
0 0.400495 0.693321 0.071945 0.071945
0 0.118849 0.674465 0.052757 0.052757
0 0.197227 0.069995 0.062220 0.062220
0 0.790499 0.420976 0.071945 0.071945
0 0.004102 0.071735 0.062220 0.062220
0 0.541390 0.683468 0.061131 0.061131
0 0.673665 0.471198 0.071945 0.071945
0 0.036022 0.004106 0.071945 0.071945
0 0.768046 0.120173 0.104277 0.104277
0 0.522633 0.152402 0.057104 0.057104
0 0.076223 0.061032 0.052757 0.052757
0 0.505376 0.292340 0.057104 0.057104
0 0.514038 0.078703 0.104277 0.104277
0 0.634058 0.720465 0.071945 0.071945
0 0.583371 0.106298 0.104277 0.104277
0 0.597551 0.302556 0.052757 0.052757
0 0.337451 0.773220 0.057104 0.057104
0 0.607202 0.855951 0.061131 0.061131