0 0.835557 0.635161 0.104277 0.104277
0 0.868037 0.976430 0.061131 0.061131
0 0.576721 0.963618 0.104277 0.104277
0 0.939114 0.246019 0.062220 0.062220
0 0.032535 0.739552 0.062220 0.062220
0 0.988689 0.509446 0.057104 0.057104
0 0.916849 0.360929 0.104277 0.104277
0 0.899152 0.712825 0.104277 0.104277
0 0.704793 0.899589 0.052757 0.052757
0 0.902043 0.551405 0.061131 0.061131
0 0.911851 0.175312 0.052757 0.052757
0 0.148473 0.861228 0.071945 0.071945
0 0.785259 0.474938 0.071945 0.071945
0 0.195721 0.923667 0.061130 0.061130
0 0.967870 0.954070 0.104277 0.104277
0 0.838147 0.770480 0.062220 0.062220
0 0.675973 0.837028 0.057104 0.057104
0 0.672820 0.676203 0.052757 0.052757
0 0.783974 0.814466 0.061130 0.061130
0 0.498843 0.663506 0.061131 0.061131
0 0.441055 0.983531 0.052757 0.052757
0 0.184225 0.364127 0.057104 0.057104
0 0.993837 0.687275 0.061130 0.061130
0 0.433969 0.584813 0.062220 0.062220
0 0.726903 0.771489 0.061131 0.061131
0 0.776130 0.704942 0.057104 0.057104
0 0.572932 0.027999 0.071945 0.071945
0 0.843044 0.298747 0.071945 0.071945
0 0.405853 0.268847 0.061131 0.061131
0 0.693493 0.179898 0.061130 0.061130
0 0.718506 0.298773 0.104277 0.104277
0 0.425296 0.030391 0.104277 0.104277
0 0.121990 0.519258 0.057104 0.057104
0 0.469265 0.165317 0.071945 0.071945
0 0.842422 0.430450 0.104277 0.104277
0 0.240579 0.801360 0.061130 0.061130
0 0.999624 0.762150 0.061130 0.061130
0 0.155154 0.280554 0.104277 0.104277
0 0.042013 0.561693 0.052757 0.052757
0 0.320316 0.099618 0.104277 0.104277
0 0.112929 0.101402 0.062220 0.062220
0 0.531348 0.414231 0.071945 0.071945
0 0.512716 0.865650 0.104277 0.104277
0 0.124408 0.613758 0.057104 0.057104
0 0.132269 0.781046 0.057104 0.057104
0 0.172798 0.443087 0.052757 0.052757
0 0.243989 0.512168 0.104277 0.104277
0 0.212546 0.081279 0.062220 0.062220
0 0.000835 0.895383 0.104277 0.104277
0 0.545156 0.548645 0.061131 0.061131
0 0.000093 0.800652 0.052757 0.052757
0 0.020071 0.004406 0.071945 0.071945
0 0.185457 0.714145 0.104277 0.104277
0 0.320766 0.597342 0.061130 0.061130
0 0.010737 0.240190 0.052757 0.052757
0 0.056679 0.451773 0.057104 0.057104
0 0.403252 0.495130 0.104277 0.104277
0 0.939015 0.036592 0.062220 0.062220
0 0.902590 0.098159 0.062220 0.062220
0 0.616133 0.379590 0.062220 0.062220
0 0.308177 0.332493 0.062220 0.062220
0 0.634695 0.619024 0.057104 0.057104
0 0.090845 0.963422 0.062220 0.062220
0 0.499164 0.093792 0.061131 0.061131
0 0.795298 0.919991 0.071945 0.071945
0 0.405177 0.903119 0.052757 0.052757
0 0.397944 0.673456 0.062220 0.062220
0 0.403008 0.131110 0.061131 0.061131
0 0.758181 0.577648 0.071945 0.071945
0 0.201121 0.587866 0.061130 0.061130
0 0.362709 0.737074 0.104278 0.104278
0 0.365992 0.209273 0.052757 0.052757
0 0.445626 0.404094 0.061131 0.061131
0 0.864742 0.025306 0.052757 0.052757
0 0.663180 0.101636 0.057104 0.057104
0 0.270959 0.009306 0.052757 0.052757
0 0.612852 0.801245 0.062220 0.062220
0 0.198093 0.992821 0.057104 0.057104
0 0.914263 0.450198 0.052757 0.052757
0 0.419727 0.802985 0.062220 0.062220
0 0.298284 0.917561 0.057104 0.057104
0 0.244043 0.234688 0.104277 0.104277
0 0.022561 0.314675 0.061130 0.061130
0 0.664313 0.552072 0.052757 0.052757
0 0.451647 0.735356 0.071945 0.071945
0 0.365227 0.971917 0.062220 0.062220
0 0.801024 0.116212 0.071945 0.071945
0 0.149612 0.039254 0.057104 0.057104
0 0.702986 0.030783 0.062220 0.062220
0 0.031997 0.163680 0.071945 0.071945
0 0.695278 0.395229 0.057104 0.057104
0 0.938258 0.883652 0.057104 0.057104
0 0.262560 0.390122 0.061130 0.061130
0 0.098870 0.698468 0.057104 0.057104
0 0.297286 0.695154 0.104277 0.104277
0 0.629081 0.468915 0.057104 0.057104
0 0.534930 0.216936 0.104277 0.104277
0 0.491848 0.792282 0.052757 0.052757
0 0.303319 0.463035 0.061130 0.061130
0 0.601272 0.286373 0.052757 0.052757
0 0.480300 0.505056 0.071945 0.071945
0 0.769942 0.054375 0.104277 0.104277
0 0.608427 0.151917 0.071945 0.071945
0 0.929663 0.809953 0.104277 0.104277
0 0.246226 0.147537 0.057104 0.057104
0 0.348765 0.401845 0.071945 0.071945
0 0.096948 0.188836 0.057104 0.057104
0 0.825183 0.215117 0.104277 0.104277
0 0.998996 0.837548 0.104277 0.104277
0 0.080002 0.885530 0.057104 0.057104
0 0.488829 0.276073 0.052757 0.052757
0 0.783264 0.393227 0.062220 0.062220
0 0.580657 0.678665 0.061131 0.061131