0 0.284592 0.649477 0.104277 0.104277
0 0.241044 0.437486 0.061130 0.061130
0 0.643989 0.399195 0.052757 0.052757
0 0.174137 0.297815 0.104277 0.104277
0 0.235963 0.206767 0.071945 0.071945
0 0.434882 0.647153 0.062220 0.062220
0 0.387776 0.192377 0.071945 0.071945
0 0.466529 0.399235 0.104277 0.104277
0 0.141815 0.399384 0.052757 0.052757
0 0.544393 0.445760 0.071945 0.071945
0 0.471162 0.082680 0.061131 0.061131
0 0.179846 0.069868 0.104277 0.104277
0 0.799426 0.107147 0.062221 0.062221
0 0.688332 0.070152 0.104277 0.104277
0 0.798140 0.637628 0.047276 0.047276
0 0.688494 0.944229 0.062220 0.062220
0 0.278716 0.564292 0.057104 0.057104
0 0.049909 0.242324 0.062220 0.062220
0 0.314578 0.750928 0.051819 0.051819
0 0.307918 0.005839 0.052757 0.052757
0 0.789379 0.379261 0.071945 0.071945
0 0.218722 0.364023 0.061131 0.061131
0 0.494726 0.694641 0.052757 0.052757
0 0.251856 0.116364 0.057104 0.057104
0 0.556002 0.643156 0.057103 0.057103
0 0.302938 0.324518 0.052757 0.052757
0 0.570995 0.060320 0.104277 0.104277
0 0.359145 0.260478 0.057104 0.057104
0 0.749694 0.213235 0.052757 0.052757
0 0.471618 0.482489 0.036679 0.036679
0 0.590656 0.760496 0.104277 0.104277
0 0.689607 0.174046 0.062221 0.062221
0 0.305380 0.413100 0.057104 0.057104
0 0.390419 0.821272 0.104277 0.104277
0 0.044180 0.089781 0.052757 0.052757
0 0.385556 0.747979 0.071945 0.071945
0 0.628152 0.209675 0.052757 0.052757
0 0.615258 0.277537 0.104277 0.104277
0 0.782148 0.743553 0.071945 0.071945
0 0.040148 0.365733 0.071945 0.071945
0 0.092027 0.760688 0.052757 0.052757
0 0.520896 0.301169 0.104277 0.104277
0 0.149243 0.172064 0.071945 0.071945
0 0.687987 0.775364 0.061131 0.061131
0 0.804026 0.526626 0.057104 0.057104
0 0.306874 0.907901 0.054783 0.054783
0 0.611801 0.468644 0.062220 0.062220
0 0.474426 0.841813 0.057103 0.057103
0 0.058100 0.681319 0.071945 0.071945
0 0.568732 0.908634 0.061131 0.061131
0 0.155256 0.916569 0.057104 0.057104
0 0.519910 0.776515 0.061131 0.061131
0 0.111367 0.332182 0.057104 0.057104
0 0.467823 0.242877 0.061130 0.061130
0 0.785481 0.869057 0.071945 0.071945
0 0.720464 0.629495 0.062220 0.062220
0 0.546583 0.373492 0.061130 0.061130
0 0.169451 0.794695 0.052757 0.052757
0 0.417919 0.337360 0.062220 0.062220
0 0.027200 0.507368 0.104277 0.104277
0 0.190605 0.605241 0.071945 0.071945
0 0.722068 0.842160 0.104278 0.104278
0 0.331351 0.108390 0.062220 0.062220
0 0.695048 0.484568 0.104277 0.104277
0 0.080594 0.829111 0.062220 0.062220
0 0.645421 0.881739 0.062220 0.062220
0 0.077761 0.555905 0.104277 0.104277
0 0.056666 0.443215 0.052757 0.052757
0 0.363582 0.482903 0.062220 0.062220
0 0.398423 0.026241 0.071945 0.071945
0 0.026897 0.885200 0.104277 0.104277
0 0.008302 0.009369 0.052757 0.052757
0 0.505793 0.565599 0.104277 0.104277
0 0.181730 0.689157 0.057104 0.057104
0 0.568982 0.832238 0.071945 0.071945
0 0.419245 0.530821 0.071945 0.071945
0 0.137599 0.511965 0.052757 0.052757
0 0.383234 0.894650 0.104277 0.104277
0 0.809249 0.258476 0.071945 0.071945
0 0.560140 0.520968 0.061131 0.061131
0 0.692415 0.308698 0.071945 0.071945
0 0.447777 0.938848 0.057104 0.057104
0 0.487823 0.995986 0.104277 0.104277
0 0.293315 0.839947 0.052757 0.052757
0 0.220752 0.874174 0.104277 0.104277
0 0.524126 0.129840 0.057104 0.057104
0 0.652808 0.557965 0.071945 0.071945
0 0.151235 0.993139 0.071945 0.071945
0 0.616301 0.140056 0.052757 0.052757
0 0.356201 0.610720 0.057104 0.057104
0 0.625952 0.693451 0.061131 0.061131