0 0.800419 0.965611 0.061130 0.061130
0 0.733512 0.825940 0.104277 0.104277
0 0.795338 0.734892 0.071945 0.071945
0 0.947151 0.720502 0.071945 0.071945
0 0.701190 0.927509 0.052757 0.052757
0 0.998057 0.269536 0.104277 0.104277
0 0.739221 0.597993 0.104277 0.104277
0 0.245386 0.880606 0.052757 0.052757
0 0.195035 0.373927 0.062220 0.062220
0 0.609284 0.770449 0.062220 0.062220
0 0.867293 0.533964 0.052757 0.052757
0 0.520119 0.955608 0.104277 0.104277
0 0.119592 0.601143 0.052757 0.052757
0 0.778097 0.892148 0.061131 0.061131
0 0.141920 0.248312 0.057103 0.057103
0 0.811231 0.644489 0.057104 0.057104
0 0.310973 0.495603 0.071945 0.071945
0 0.947759 0.109313 0.071945 0.071945
0 0.862313 0.852643 0.052757 0.052757
0 0.358221 0.558042 0.061130 0.061130
0 0.536355 0.681997 0.052757 0.052757
0 0.918520 0.788603 0.057104 0.057104
0 0.838473 0.471403 0.057104 0.057104
0 0.835320 0.310578 0.052757 0.052757
0 0.946474 0.448841 0.061130 0.061130
0 0.661343 0.297881 0.061131 0.061131
0 0.289740 0.771082 0.057104 0.057104
0 0.864755 0.941225 0.057104 0.057104
0 0.603555 0.617906 0.052757 0.052757
0 0.376671 0.767339 0.057104 0.057104
0 0.599523 0.893858 0.071945 0.071945
0 0.596469 0.219188 0.062220 0.062220
0 0.889403 0.405864 0.061131 0.061131
0 0.708618 0.700189 0.071945 0.071945
0 0.074040 0.070450 0.104277 0.104277
0 0.938630 0.339317 0.057104 0.057104
0 0.058082 0.512637 0.071945 0.071945
0 0.255890 0.671544 0.057104 0.057104
0 0.284490 0.153633 0.057104 0.057104
0 0.670742 0.860307 0.057104 0.057104
0 0.403079 0.435735 0.061130 0.061130
0 0.204513 0.196068 0.052757 0.052757
0 0.693848 0.048606 0.071945 0.071945
0 0.675216 0.500025 0.104277 0.104277
0 0.436821 0.980958 0.061130 0.061130
0 0.407895 0.909223 0.061130 0.061130
0 0.286908 0.248133 0.057104 0.057104
0 0.977294 0.865485 0.062220 0.062220
0 0.189013 0.635496 0.104277 0.104277
0 0.053053 0.413674 0.057104 0.057104
0 0.294769 0.415421 0.057104 0.057104
0 0.335298 0.077462 0.052757 0.052757
0 0.406489 0.146543 0.104277 0.104277
0 0.163335 0.529758 0.104277 0.104277
0 0.447378 0.647161 0.052757 0.052757
0 0.890726 0.636515 0.062220 0.062220
0 0.178428 0.722058 0.104277 0.104277
0 0.002538 0.921010 0.071945 0.071945
0 0.707656 0.183020 0.061131 0.061131
0 0.162593 0.435027 0.052757 0.052757
0 0.121825 0.872141 0.052757 0.052757
0 0.347957 0.348520 0.104277 0.104277
0 0.616041 0.971340 0.052757 0.052757
0 0.483266 0.231717 0.061130 0.061130
0 0.219179 0.086148 0.057104 0.057104
0 0.048458 0.269166 0.071945 0.071945
0 0.565752 0.129505 0.104277 0.104277
0 0.778633 0.013965 0.062220 0.062220
0 0.797195 0.253399 0.057104 0.057104
0 0.328400 0.844827 0.071945 0.071945
0 0.253345 0.597797 0.062220 0.062220
0 0.031257 0.010316 0.052757 0.052757
0 0.957798 0.554366 0.071945 0.071945
0 0.567677 0.537494 0.052757 0.052757
0 0.560444 0.307831 0.062220 0.062220
0 0.214277 0.803494 0.104277 0.104277
0 0.920681 0.212023 0.071945 0.071945
0 0.363621 0.222241 0.061130 0.061130
0 0.525209 0.371449 0.104278 0.104278
0 0.608126 0.038469 0.061131 0.061131
0 0.337945 0.982035 0.061130 0.061130
0 0.775352 0.435620 0.062220 0.062220
0 0.050085 0.618289 0.057104 0.057104
0 0.360593 0.627196 0.057104 0.057104
0 0.582227 0.437360 0.062220 0.062220
0 0.460784 0.551936 0.057104 0.057104
0 0.197214 0.985160 0.071945 0.071945
0 0.049849 0.696398 0.061130 0.061130
0 0.826813 0.186447 0.052757 0.052757
0 0.324701 0.701661 0.048997 0.048997
0 0.614147 0.369731 0.071945 0.071945
0 0.527727 0.606292 0.062220 0.062220
0 0.857778 0.029604 0.057104 0.057104
0 0.425060 0.024497 0.061130 0.061130
0 0.261370 0.332843 0.057104 0.057104
0 0.459786 0.329529 0.104277 0.104277
0 0.136128 0.323192 0.104277 0.104277
0 0.791581 0.103290 0.057104 0.057104
0 0.523709 0.847653 0.062220 0.062220
0 0.654348 0.426657 0.052757 0.052757
0 0.465819 0.097410 0.061130 0.061130
0 0.527286 0.757842 0.061131 0.061131
0 0.642800 0.139431 0.071945 0.071945
0 0.160255 0.128269 0.062220 0.062220
0 0.511265 0.036220 0.071945 0.071945
0 0.102060 0.796038 0.104277 0.104277
0 0.060066 0.187124 0.052757 0.052757
0 0.242502 0.519905 0.057104 0.057104
0 0.007317 0.112581 0.062220 0.062220
0 0.945764 0.027602 0.062220 0.062220
0 0.454794 0.854647 0.071945 0.071945
0 0.743157 0.313040 0.061131 0.061131