0 0.980387 0.666565 0.104277 0.104277
0 0.948065 0.768134 0.052757 0.052757
0 0.986096 0.438618 0.104277 0.104277
0 0.492261 0.721231 0.052757 0.052757
0 0.441910 0.214552 0.062220 0.062220
0 0.856159 0.611074 0.062220 0.062220
0 0.766994 0.796233 0.104277 0.104277
0 0.366467 0.441768 0.052757 0.052757
0 0.388795 0.088937 0.057103 0.057103
0 0.491806 0.929061 0.057104 0.057104
0 0.557848 0.336228 0.071945 0.071945
0 0.022395 0.062223 0.104277 0.104277
0 0.605096 0.398667 0.061130 0.061130
0 0.160141 0.134582 0.052757 0.052757
0 0.783230 0.522622 0.052757 0.052757
0 0.908218 0.138506 0.061131 0.061131
0 0.536615 0.611707 0.057104 0.057104
0 0.850430 0.458531 0.052757 0.052757
0 0.623546 0.607964 0.057104 0.057104
0 0.846398 0.734483 0.071945 0.071945
0 0.843344 0.059813 0.062220 0.062220
0 0.955493 0.540814 0.071945 0.071945
0 0.304957 0.353262 0.071945 0.071945
0 0.234712 0.346177 0.057104 0.057104
0 0.502765 0.512169 0.057104 0.057104
0 0.917617 0.700932 0.057104 0.057104
0 0.049389 0.853383 0.071945 0.071945
0 0.042455 0.782927 0.071945 0.071945
0 0.649954 0.276360 0.061130 0.061130
0 0.538128 0.877694 0.071945 0.071945
0 0.748384 0.919322 0.061130 0.061130
0 0.451388 0.036693 0.052757 0.052757
0 0.238244 0.679937 0.071945 0.071945
0 0.204563 0.060035 0.062220 0.062220
0 0.922091 0.340650 0.104277 0.104277
0 0.683696 0.821583 0.061130 0.061130
0 0.654770 0.749848 0.061130 0.061130
0 0.533783 0.088758 0.057104 0.057104
0 0.435888 0.476121 0.104277 0.104277
0 0.299928 0.254299 0.057104 0.057104
0 0.541644 0.256046 0.057104 0.057104
0 0.207283 0.431428 0.057104 0.057104
0 0.833450 0.876118 0.104277 0.104277
0 0.996855 0.973991 0.071945 0.071945
0 0.410210 0.370383 0.104277 0.104277
0 0.694253 0.487786 0.052757 0.052757
0 0.425303 0.562683 0.104277 0.104277
0 0.249413 0.761635 0.071945 0.071945
0 0.679392 0.944027 0.104277 0.104277
0 0.214767 0.263682 0.052757 0.052757
0 0.954531 0.023645 0.061131 0.061131
0 0.409468 0.275652 0.052757 0.052757
0 0.884011 0.924655 0.104277 0.104277
0 0.226379 0.194973 0.061130 0.061130
0 0.368700 0.712766 0.052757 0.052757
0 0.594832 0.189145 0.104277 0.104277
0 0.862916 0.811965 0.052757 0.052757
0 0.200664 0.843860 0.052757 0.052757
0 0.730141 0.072342 0.061130 0.061130
0 0.295333 0.109791 0.071945 0.071945
0 0.133347 0.522414 0.061130 0.061130
0 0.575275 0.685452 0.071945 0.071945
0 0.500220 0.438422 0.062220 0.062220
0 0.124441 0.716293 0.061130 0.061130
0 0.814552 0.378119 0.052757 0.052757
0 0.807319 0.148456 0.062220 0.062220
0 0.461152 0.644119 0.104277 0.104277
0 0.010973 0.586565 0.061130 0.061130
0 0.607923 0.915600 0.052757 0.052757
0 0.083298 0.948318 0.057104 0.057104
0 0.610496 0.062866 0.061130 0.061130
0 0.772084 0.212074 0.104278 0.104278
0 0.374060 0.862491 0.071945 0.071945
0 0.584820 0.822660 0.061130 0.061130
0 0.160422 0.787119 0.062220 0.062220
0 0.943849 0.880715 0.052757 0.052757
0 0.152530 0.223118 0.061130 0.061130
0 0.119142 0.060304 0.062220 0.062220
0 0.296960 0.458914 0.057104 0.057104
0 0.607468 0.467821 0.057104 0.057104
0 0.026451 0.505977 0.057104 0.057104
0 0.099156 0.401088 0.104277 0.104277
0 0.239281 0.912293 0.104277 0.104277
0 0.829102 0.277985 0.062220 0.062220
0 0.707659 0.392561 0.057104 0.057104
0 0.581724 0.982626 0.061130 0.061130
0 0.444089 0.825785 0.071945 0.071945
0 0.296724 0.537023 0.061130 0.061130
0 0.226561 0.524302 0.062220 0.062220
0 0.571576 0.542286 0.048997 0.048997
0 0.861022 0.210356 0.071945 0.071945
0 0.774602 0.446917 0.062220 0.062220
0 0.508245 0.173468 0.057104 0.057104
0 0.706661 0.170154 0.104277 0.104277
0 0.383003 0.163817 0.104277 0.104277
0 0.770584 0.688278 0.062220 0.062220
0 0.901223 0.267282 0.052757 0.052757
0 0.004068 0.663799 0.057104 0.057104
0 0.774161 0.598467 0.061131 0.061131
0 0.195122 0.608842 0.071945 0.071945
0 0.036462 0.137690 0.071945 0.071945
0 0.348935 0.636663 0.104277 0.104277
0 0.115061 0.601766 0.071945 0.071945
0 0.105312 0.324625 0.061130 0.061130
0 0.188039 0.967220 0.071945 0.071945
0 0.306941 0.027749 0.052757 0.052757
0 0.283124 0.972189 0.047555 0.047555
0 0.417224 0.996985 0.052757 0.052757
0 0.489377 0.360530 0.057104 0.057104
0 0.701669 0.695272 0.071945 0.071945
0 0.073334 0.260815 0.062220 0.062220
0 0.990032 0.153665 0.061131 0.061131