0 0.457052 0.141380 0.104278 0.104278
0 0.711095 0.733157 0.071945 0.071945
0 0.986216 0.701136 0.071945 0.071945
0 0.512708 0.578502 0.104277 0.104277
0 0.575196 0.302728 0.052757 0.052757
0 0.755493 0.489474 0.061130 0.061130
0 0.247687 0.659696 0.052757 0.052757
0 0.259379 0.746245 0.104277 0.104277
0 0.099729 0.293703 0.061130 0.061130
0 0.605843 0.999870 0.104277 0.104277
0 0.474490 0.252185 0.052757 0.052757
0 0.928437 0.451350 0.071945 0.071945
0 0.495561 0.423412 0.052757 0.052757
0 0.609244 0.752612 0.062220 0.062220
0 0.239112 0.572275 0.104277 0.104277
0 0.571868 0.498547 0.071945 0.071945
0 0.321469 0.504073 0.104277 0.104277
0 0.814578 0.035303 0.051819 0.051819
0 0.245636 0.473133 0.061130 0.061130
0 0.109697 0.058037 0.057104 0.057104
0 0.634597 0.924870 0.057104 0.057104
0 0.152707 0.371090 0.104277 0.104277
0 0.707284 0.324104 0.104277 0.104277
0 0.702944 0.907306 0.104277 0.104277
0 0.588297 0.848368 0.061130 0.061130
0 0.467602 0.890242 0.057104 0.057104
0 0.372577 0.650128 0.104277 0.104277
0 0.129130 0.789732 0.061130 0.061130
0 0.209974 0.915190 0.062220 0.062220
0 0.863336 0.809568 0.052757 0.052757
0 0.406898 0.052818 0.052757 0.052757
0 0.405118 0.997000 0.057104 0.057104
0 0.251863 0.823400 0.057104 0.057104
0 0.890419 0.105647 0.104277 0.104277
0 0.830553 0.996436 0.071945 0.071945
0 0.885556 0.032354 0.071945 0.071945
0 0.094579 0.212573 0.104277 0.104277
0 0.168059 0.611055 0.052757 0.052757
0 0.649741 0.574836 0.052757 0.052757
0 0.934893 0.903620 0.104277 0.104277
0 0.592027 0.045063 0.052757 0.052757
0 0.288409 0.958843 0.057104 0.057104
0 0.030534 0.294630 0.052757 0.052757
0 0.459765 0.497591 0.104277 0.104277
0 0.407062 0.359237 0.057104 0.057104
0 0.612399 0.440841 0.052757 0.052757
0 0.806874 0.192276 0.054783 0.054783
0 0.100484 0.870944 0.061130 0.061130
0 0.943717 0.637412 0.062220 0.062220
0 0.787404 0.712962 0.061131 0.061131
0 0.974426 0.126188 0.057103 0.057103
0 0.310230 0.583223 0.061130 0.061130
0 0.745797 0.641413 0.071945 0.071945
0 0.774976 0.304442 0.071945 0.071945
0 0.533998 0.759962 0.062220 0.062220
0 0.775236 0.375266 0.061130 0.061130
0 0.051910 0.492165 0.052757 0.052757
0 0.331777 0.171291 0.061130 0.061130
0 0.748943 0.964273 0.057104 0.057104
0 0.223130 0.070133 0.071945 0.071945
0 0.389779 0.285829 0.052757 0.052757
0 0.655256 0.200944 0.057104 0.057104
0 0.561665 0.917800 0.104277 0.104277
0 0.061371 0.747189 0.057104 0.057104
0 0.430326 0.611583 0.071945 0.071945
0 0.212034 0.238426 0.061130 0.061130
0 0.182703 0.154761 0.062220 0.062220
0 0.864627 0.718684 0.052757 0.052757
0 0.326473 0.005947 0.062220 0.062220
0 0.574173 0.678222 0.061130 0.061130
0 0.669451 0.079070 0.052757 0.052757
0 0.232072 0.400727 0.052757 0.052757
0 0.382246 0.437012 0.057104 0.057104
0 0.017789 0.614658 0.057104 0.057104
0 0.847736 0.925794 0.062220 0.062220
0 0.384711 0.867531 0.062220 0.062220
0 0.362056 0.721387 0.071945 0.071945
0 0.075945 0.656496 0.071945 0.071945
0 0.899389 0.292934 0.052757 0.052757
0 0.480993 0.035870 0.057104 0.057104
0 0.580594 0.113486 0.062220 0.062220
0 0.587066 0.372151 0.104277 0.104277
0 0.942253 0.532445 0.052757 0.052757
0 0.494465 0.958553 0.071945 0.071945
0 0.323353 0.247926 0.104277 0.104277
0 0.854300 0.584309 0.052757 0.052757
0 0.283999 0.101947 0.071945 0.071945
0 0.673837 0.650696 0.057104 0.057104
0 0.526897 0.169575 0.104277 0.104277
0 0.025065 0.166014 0.071945 0.071945
0 0.164937 0.010111 0.050932 0.050932
0 0.883234 0.179025 0.104277 0.104277
0 0.941322 0.810745 0.055027 0.055027
0 0.025394 0.064747 0.071945 0.071945
0 0.732013 0.839658 0.062220 0.062220
0 0.587380 0.605686 0.050559 0.050559
0 0.716519 0.548465 0.061130 0.061130
0 0.845790 0.368837 0.071945 0.071945
0 0.947777 0.223223 0.057104 0.057104
0 0.987823 0.280361 0.104277 0.104277
0 0.688003 0.996621 0.071945 0.071945
0 0.489022 0.341242 0.061131 0.061131
0 0.336129 0.382567 0.104277 0.104277
0 0.844590 0.463390 0.071945 0.071945
0 0.804052 0.852468 0.104277 0.104277
0 0.793315 0.124322 0.052757 0.052757
0 0.720752 0.158549 0.104277 0.104277
0 0.968062 0.996725 0.061130 0.061130
0 0.012920 0.398669 0.071945 0.071945
0 0.411034 0.211294 0.071945 0.071945
0 0.242027 0.322323 0.061130 0.061130
0 0.651235 0.277514 0.071945 0.071945
0 0.362229 0.940697 0.061130 0.061130
0 0.033710 0.960041 0.104277 0.104277
0 0.142542 0.509773 0.104277 0.104277
0 0.957499 0.371965 0.104277 0.104277
0 0.681942 0.415454 0.104277 0.104277
0 0.446435 0.735368 0.052757 0.052757
0 0.106694 0.130715 0.071945 0.071945
0 0.181826 0.680033 0.104277 0.104277