0 0.922677 0.532005 0.104278 0.104278
0 0.978333 0.969127 0.104277 0.104277
0 0.099708 0.288113 0.052757 0.052757
0 0.651636 0.027481 0.052757 0.052757
0 0.565354 0.684328 0.061130 0.061130
0 0.940115 0.642810 0.052757 0.052757
0 0.961186 0.814037 0.052757 0.052757
0 0.704737 0.962900 0.104277 0.104277
0 0.787094 0.894698 0.104277 0.104277
0 0.711261 0.863758 0.061130 0.061130
0 0.575322 0.448662 0.057104 0.057104
0 0.926369 0.102483 0.104277 0.104277
0 0.070184 0.772292 0.062220 0.062220
0 0.618332 0.761715 0.104277 0.104277
0 0.651181 0.235311 0.057104 0.057104
0 0.065543 0.358358 0.062220 0.062220
0 0.290789 0.891049 0.061130 0.061130
0 0.872523 0.443443 0.052757 0.052757
0 0.278213 0.429515 0.071945 0.071945
0 0.416818 0.534037 0.104277 0.104277
0 0.337249 0.602961 0.052757 0.052757
0 0.560204 0.603198 0.104277 0.104277
0 0.249817 0.597159 0.052757 0.052757
0 0.496159 0.685255 0.052757 0.052757
0 0.925390 0.888216 0.104277 0.104277
0 0.872687 0.749862 0.057104 0.057104
0 0.775855 0.973848 0.061130 0.061130
0 0.450686 0.904399 0.104278 0.104278
0 0.517535 0.882790 0.052757 0.052757
0 0.797402 0.561916 0.061130 0.061130
0 0.688755 0.460758 0.071945 0.071945
0 0.855404 0.676454 0.052757 0.052757
0 0.063171 0.451528 0.052757 0.052757
0 0.208764 0.159633 0.071945 0.071945
0 0.398588 0.342262 0.061130 0.061130
0 0.201830 0.089177 0.071945 0.071945
0 0.697503 0.183944 0.071945 0.071945
0 0.677659 0.629051 0.061130 0.061130
0 0.648328 0.545386 0.062220 0.062220
0 0.792098 0.396572 0.062220 0.062220
0 0.907759 0.225572 0.061130 0.061130
0 0.116630 0.693563 0.061130 0.061130
0 0.697697 0.791352 0.052757 0.052757
0 0.847871 0.827637 0.057104 0.057104
0 0.351456 0.492040 0.104277 0.104277
0 0.843071 0.127833 0.061130 0.061130
0 0.410689 0.971663 0.071945 0.071945
0 0.814145 0.056098 0.061130 0.061130
0 0.992825 0.182368 0.104277 0.104277
0 0.846525 0.333959 0.061130 0.061130
0 0.408788 0.067885 0.071945 0.071945
0 0.946618 0.426495 0.057104 0.057104
0 0.838767 0.250277 0.104277 0.104277
0 0.277531 0.959633 0.057104 0.057104
0 0.528075 0.019016 0.052757 0.052757
0 0.360039 0.150110 0.052757 0.052757
0 0.203675 0.489741 0.052757 0.052757
0 0.101044 0.210449 0.104278 0.104278
0 0.788978 0.638551 0.104277 0.104277
0 0.283816 0.022543 0.061130 0.061130
0 0.749624 0.492572 0.071945 0.071945
0 0.291766 0.343698 0.104277 0.104277
0 0.992522 0.560200 0.104277 0.104277
0 0.199609 0.938015 0.071945 0.071945
0 0.490690 0.556639 0.071945 0.071945
0 0.630562 0.400736 0.050932 0.050932
0 0.073778 0.879256 0.057104 0.057104
0 0.767298 0.221850 0.052757 0.052757
0 0.242673 0.254568 0.057104 0.057104
0 0.533435 0.168741 0.071945 0.071945
0 0.744195 0.128910 0.061130 0.061130
0 0.319797 0.093369 0.062220 0.062220
0 0.957530 0.338412 0.057104 0.057104
0 0.491019 0.455372 0.071945 0.071945
0 0.398656 0.218543 0.104277 0.104277
0 0.105411 0.018487 0.061130 0.061130
0 0.169879 0.576951 0.104277 0.104277
0 0.180985 0.831018 0.057104 0.057104
0 0.741099 0.288876 0.061130 0.061130
0 0.603464 0.132035 0.071945 0.071945
0 0.363987 0.819654 0.104277 0.104277
0 0.414130 0.663889 0.104277 0.104277
0 0.954647 0.731867 0.061131 0.061131
0 0.197753 0.319285 0.062220 0.062220
0 0.801754 0.773192 0.104277 0.104277
0 0.404636 0.440191 0.052757 0.052757
0 0.701891 0.385561 0.062220 0.062220
0 0.497646 0.363465 0.062220 0.062220
0 0.319803 0.738666 0.052757 0.052757
0 0.199032 0.653455 0.104277 0.104277
0 0.288692 0.811302 0.061130 0.061130
0 0.137537 0.415354 0.057104 0.057104
0 0.412035 0.754252 0.062220 0.062220
0 0.478545 0.789294 0.071945 0.071945
0 0.876659 0.601919 0.071945 0.071945
0 0.707652 0.712948 0.061130 0.061130
0 0.347414 0.273470 0.071945 0.071945
0 0.116538 0.935734 0.052757 0.052757
0 0.442499 0.278439 0.047555 0.047555
0 0.576599 0.303235 0.052757 0.052757
0 0.608167 0.900398 0.104277 0.104277
0 0.089139 0.596186 0.071945 0.071945
0 0.381718 0.895670 0.052757 0.052757
0 0.207016 0.402240 0.057103 0.057103
0 0.861044 0.001522 0.071945 0.071945
0 0.572319 0.521340 0.071945 0.071945
0 0.190727 0.724797 0.104277 0.104277
0 0.656549 0.311116 0.071945 0.071945
0 0.103681 0.106703 0.062220 0.062220