0 0.831467 0.155727 0.104277 0.104277
0 0.503927 0.363255 0.104278 0.104278
0 0.757970 0.955032 0.071945 0.071945
0 0.981757 0.153403 0.062220 0.062220
0 0.559583 0.800377 0.104277 0.104277
0 0.622071 0.524603 0.052757 0.052757
0 0.802368 0.711349 0.061130 0.061130
0 0.294562 0.881571 0.052757 0.052757
0 0.306254 0.968120 0.104277 0.104277
0 0.146604 0.515578 0.061130 0.061130
0 0.521365 0.474060 0.052757 0.052757
0 0.975312 0.673225 0.071945 0.071945
0 0.542436 0.645287 0.052757 0.052757
0 0.656119 0.974487 0.062220 0.062220
0 0.285987 0.794150 0.104277 0.104277
0 0.825591 0.070542 0.057104 0.057104
0 0.618743 0.720422 0.071945 0.071945
0 0.368344 0.725948 0.104277 0.104277
0 0.861453 0.257178 0.051819 0.051819
0 0.292511 0.695008 0.061130 0.061130
0 0.156572 0.279912 0.057104 0.057104
0 0.199582 0.592965 0.104277 0.104277
0 0.232431 0.066561 0.057104 0.057104
0 0.754159 0.545979 0.104277 0.104277
0 0.419452 0.872003 0.104277 0.104277
0 0.453773 0.274693 0.052757 0.052757
0 0.937294 0.327522 0.104277 0.104277
0 0.932431 0.254229 0.071945 0.071945
0 0.141454 0.434448 0.104277 0.104277
0 0.214934 0.832930 0.052757 0.052757
0 0.696616 0.796711 0.052757 0.052757
0 0.638902 0.266938 0.052757 0.052757
0 0.077409 0.516505 0.052757 0.052757
0 0.506640 0.719466 0.104277 0.104277
0 0.453937 0.581112 0.057104 0.057104
0 0.659274 0.662716 0.052757 0.052757
0 0.853749 0.414151 0.054783 0.054783
0 0.990592 0.859287 0.062220 0.062220
0 0.834279 0.934837 0.061131 0.061131
0 0.357105 0.805098 0.061130 0.061130
0 0.792672 0.863288 0.071945 0.071945
0 0.821851 0.526317 0.071945 0.071945
0 0.031936 0.735649 0.104278 0.104278
0 0.580873 0.981837 0.062220 0.062220
0 0.822111 0.597141 0.061130 0.061130
0 0.604975 0.187569 0.071945 0.071945
0 0.098785 0.714040 0.052757 0.052757
0 0.378652 0.393166 0.061130 0.061130
0 0.270005 0.292008 0.071945 0.071945
0 0.436654 0.507704 0.052757 0.052757
0 0.702131 0.422819 0.057104 0.057104
0 0.108246 0.969064 0.057104 0.057104
0 0.477201 0.833458 0.071945 0.071945
0 0.278753 0.015194 0.071945 0.071945
0 0.258909 0.460301 0.061130 0.061130
0 0.229578 0.376636 0.062220 0.062220
0 0.911502 0.940559 0.052757 0.052757
0 0.373348 0.227822 0.062220 0.062220
0 0.489009 0.056822 0.061130 0.061130
0 0.621048 0.900097 0.061130 0.061130
0 0.716326 0.300945 0.052757 0.052757
0 0.278947 0.622602 0.052757 0.052757
0 0.429121 0.658887 0.057104 0.057104
0 0.064664 0.836533 0.057104 0.057104
0 0.408931 0.943262 0.071945 0.071945
0 0.574075 0.013618 0.104277 0.104277
0 0.737480 0.111491 0.071945 0.071945
0 0.122820 0.878371 0.071945 0.071945
0 0.946264 0.514809 0.052757 0.052757
0 0.427775 0.165209 0.061130 0.061130
0 0.527868 0.257745 0.057104 0.057104
0 0.420017 0.081527 0.104277 0.104277
0 0.627469 0.335361 0.062220 0.062220
0 0.624636 0.062155 0.104277 0.104277
0 0.633941 0.594026 0.104277 0.104277
0 0.989128 0.754320 0.052757 0.052757
0 0.370228 0.469801 0.104277 0.104277
0 0.901175 0.806184 0.052757 0.052757
0 0.330874 0.323822 0.071945 0.071945
0 0.720712 0.872571 0.057104 0.057104
0 0.573772 0.391450 0.104277 0.104277
0 0.728605 0.195407 0.057104 0.057104
0 0.071940 0.387889 0.071945 0.071945
0 0.211812 0.231986 0.050932 0.050932
0 0.348548 0.053100 0.052757 0.052757
0 0.966120 0.037071 0.071945 0.071945
0 0.002349 0.913264 0.052757 0.052757
0 0.684474 0.018215 0.052757 0.052757
0 0.538780 0.169662 0.057104 0.057104
0 0.930109 0.400900 0.104277 0.104277
0 0.072269 0.286622 0.071945 0.071945
0 0.322349 0.120126 0.061130 0.061130
0 0.634255 0.827561 0.050559 0.050559
0 0.763394 0.770340 0.061130 0.061130
0 0.892665 0.590712 0.071945 0.071945
0 0.994652 0.445098 0.057104 0.057104
0 0.535897 0.563117 0.061131 0.061131
0 0.383004 0.604442 0.104277 0.104277
0 0.891465 0.685265 0.071945 0.071945
0 0.840190 0.346197 0.052757 0.052757
0 0.767627 0.380424 0.104277 0.104277
0 0.283141 0.216811 0.062220 0.062220
0 0.078896 0.194715 0.062220 0.062220
0 0.059795 0.620544 0.071945 0.071945
0 0.457909 0.433169 0.071945 0.071945
0 0.288902 0.544198 0.061130 0.061130
0 0.698110 0.499389 0.071945 0.071945
0 0.023749 0.109689 0.047555 0.047555
0 0.157849 0.134485 0.052757 0.052757
0 0.189417 0.731648 0.104277 0.104277
0 0.728817 0.637329 0.104277 0.104277
0 0.493310 0.957243 0.052757 0.052757
0 0.153569 0.352590 0.071945 0.071945
0 0.903076 0.116970 0.057104 0.057104
0 0.237799 0.142366 0.071945 0.071945
0 0.228701 0.901908 0.104277 0.104277