0 0.810177 0.600755 0.104278 0.104278
0 0.994940 0.143134 0.052757 0.052757
0 0.928321 0.762103 0.052757 0.052757
0 0.539136 0.096231 0.052757 0.052757
0 0.452854 0.753078 0.061130 0.061130
0 0.827615 0.711560 0.052757 0.052757
0 0.848686 0.882787 0.052757 0.052757
0 0.924993 0.957922 0.071945 0.071945
0 0.674594 0.963448 0.104277 0.104277
0 0.598761 0.932508 0.061130 0.061130
0 0.462822 0.517412 0.057104 0.057104
0 0.813869 0.171233 0.104277 0.104277
0 0.505832 0.830465 0.104277 0.104277
0 0.538681 0.304061 0.057104 0.057104
0 0.178289 0.959799 0.061130 0.061130
0 0.760023 0.512193 0.052757 0.052757
0 0.165713 0.498265 0.071945 0.071945
0 0.304318 0.602787 0.104277 0.104277
0 0.224749 0.671711 0.052757 0.052757
0 0.447704 0.671948 0.104277 0.104277
0 0.893273 0.109483 0.071945 0.071945
0 0.945152 0.504438 0.052757 0.052757
0 0.137317 0.665909 0.052757 0.052757
0 0.383659 0.754005 0.052757 0.052757
0 0.812890 0.956966 0.104277 0.104277
0 0.760187 0.818612 0.057104 0.057104
0 0.965524 0.900216 0.052757 0.052757
0 0.338186 0.973149 0.104278 0.104278
0 0.911225 0.425069 0.071945 0.071945
0 0.405035 0.951540 0.052757 0.052757
0 0.684902 0.630666 0.061130 0.061130
0 0.576255 0.529508 0.071945 0.071945
0 0.742904 0.745204 0.052757 0.052757
0 0.964492 0.075932 0.057104 0.057104
0 0.096264 0.228383 0.071945 0.071945
0 0.286088 0.411012 0.061130 0.061130
0 0.089330 0.157927 0.071945 0.071945
0 0.585003 0.252694 0.071945 0.071945
0 0.565159 0.697801 0.061130 0.061130
0 0.535828 0.614136 0.062220 0.062220
0 0.679598 0.465322 0.062220 0.062220
0 0.795259 0.294322 0.061130 0.061130
0 0.004130 0.762313 0.061130 0.061130
0 0.585197 0.860102 0.052757 0.052757
0 0.735371 0.896387 0.057104 0.057104
0 0.285119 0.054937 0.071945 0.071945
0 0.238956 0.560790 0.104277 0.104277
0 0.730571 0.196583 0.061130 0.061130
0 0.701645 0.124848 0.061130 0.061130
0 0.880325 0.251118 0.104277 0.104277
0 0.734025 0.402709 0.061130 0.061130
0 0.296288 0.136635 0.071945 0.071945
0 0.834118 0.495245 0.057104 0.057104
0 0.726267 0.319027 0.104277 0.104277
0 0.933719 0.572861 0.062220 0.062220
0 0.930886 0.299655 0.104277 0.104277
0 0.415575 0.087766 0.052757 0.052757
0 0.909791 0.186965 0.052757 0.052757
0 0.247539 0.218860 0.052757 0.052757
0 0.940191 0.831526 0.104277 0.104277
0 0.091175 0.558491 0.052757 0.052757
0 0.622150 0.060452 0.071945 0.071945
0 0.676478 0.707301 0.104277 0.104277
0 0.171316 0.091293 0.061130 0.061130
0 0.637124 0.561322 0.071945 0.071945
0 0.179266 0.412448 0.104277 0.104277
0 0.880022 0.628950 0.104277 0.104277
0 0.508027 0.019119 0.104277 0.104277
0 0.378190 0.625389 0.071945 0.071945
0 0.518062 0.469486 0.050932 0.050932
0 0.654798 0.290600 0.052757 0.052757
0 0.130173 0.323318 0.057104 0.057104
0 0.420935 0.237491 0.071945 0.071945
0 0.631695 0.197660 0.061130 0.061130
0 0.207297 0.162119 0.062220 0.062220
0 0.990724 0.255715 0.052757 0.052757
0 0.845030 0.407162 0.057104 0.057104
0 0.378519 0.524122 0.071945 0.071945
0 0.286156 0.287293 0.104277 0.104277
0 0.057379 0.645701 0.104277 0.104277
0 0.068485 0.899768 0.057104 0.057104
0 0.628599 0.357626 0.061130 0.061130
0 0.490964 0.200785 0.071945 0.071945
0 0.251487 0.888404 0.104277 0.104277
0 0.301630 0.732639 0.104277 0.104277
0 0.842147 0.800617 0.061131 0.061131
0 0.085253 0.388035 0.062220 0.062220
0 0.689254 0.841942 0.104277 0.104277
0 0.292136 0.508941 0.052757 0.052757
0 0.817459 0.063278 0.062220 0.062220
0 0.589391 0.454311 0.062220 0.062220
0 0.385146 0.432215 0.062220 0.062220
0 0.207303 0.807416 0.052757 0.052757
0 0.050943 0.038799 0.057104 0.057104
0 0.086532 0.722205 0.104277 0.104277
0 0.176192 0.880052 0.061130 0.061130
0 0.025037 0.484104 0.057104 0.057104
0 0.395810 0.011663 0.104277 0.104277
0 0.299535 0.823002 0.062220 0.062220
0 0.366045 0.858044 0.071945 0.071945
0 0.764159 0.670669 0.071945 0.071945
0 0.595152 0.781698 0.061130 0.061130
0 0.234914 0.342220 0.071945 0.071945
0 0.329999 0.347189 0.047555 0.047555
0 0.464099 0.371985 0.052757 0.052757
0 0.495667 0.969148 0.104277 0.104277
0 0.269218 0.964420 0.052757 0.052757
0 0.094516 0.470990 0.057103 0.057103
0 0.748544 0.070272 0.071945 0.071945
0 0.459819 0.590090 0.071945 0.071945
0 0.078227 0.793547 0.104277 0.104277
0 0.544049 0.379866 0.071945 0.071945