0 0.601636 0.986856 0.052757 0.052757
0 0.551285 0.480177 0.062220 0.062220
0 0.965534 0.876699 0.062220 0.062220
0 0.475842 0.707393 0.052757 0.052757
0 0.022627 0.908536 0.071945 0.071945
0 0.498170 0.354562 0.057103 0.057103
0 0.667223 0.601853 0.071945 0.071945
0 0.131770 0.327848 0.104277 0.104277
0 0.714471 0.664292 0.061130 0.061130
0 0.269516 0.400207 0.052757 0.052757
0 0.892605 0.788247 0.052757 0.052757
0 0.645990 0.877332 0.057104 0.057104
0 0.959805 0.724156 0.052757 0.052757
0 0.732921 0.873589 0.057104 0.057104
0 0.043240 0.682272 0.104278 0.104278
0 0.702975 0.104752 0.057104 0.057104
0 0.952719 0.325438 0.062220 0.062220
0 0.430290 0.176700 0.104277 0.104277
0 0.414332 0.618887 0.071945 0.071945
0 0.344087 0.611802 0.057104 0.057104
0 0.924603 0.009472 0.061131 0.061131
0 0.239051 0.109759 0.104277 0.104277
0 0.612140 0.777794 0.057104 0.057104
0 0.449687 0.040849 0.057104 0.057104
0 0.096886 0.131590 0.062220 0.062220
0 0.108551 0.021812 0.062220 0.062220
0 0.640740 0.259883 0.057104 0.057104
0 0.170196 0.168111 0.062220 0.062220
0 0.759329 0.541985 0.061130 0.061130
0 0.013097 0.162865 0.104278 0.104278
0 0.673904 0.021179 0.104277 0.104277
0 0.560763 0.302318 0.052757 0.052757
0 0.347619 0.945562 0.071945 0.071945
0 0.313938 0.325660 0.062220 0.062220
0 0.013285 0.273620 0.071945 0.071945
0 0.486004 0.105348 0.057104 0.057104
0 0.643158 0.354383 0.057104 0.057104
0 0.545263 0.741746 0.104277 0.104277
0 0.409303 0.519924 0.057104 0.057104
0 0.651019 0.521671 0.057104 0.057104
0 0.316658 0.697053 0.057104 0.057104
0 0.691548 0.183712 0.052757 0.052757
0 0.762739 0.252793 0.104277 0.104277
0 0.519585 0.636008 0.104277 0.104277
0 0.803628 0.753411 0.052757 0.052757
0 0.102203 0.466111 0.062220 0.062220
0 0.534678 0.828308 0.104277 0.104277
0 0.324142 0.529307 0.052757 0.052757
0 0.518843 0.541277 0.052757 0.052757
0 0.335754 0.460598 0.061130 0.061130
0 0.478075 0.978391 0.052757 0.052757
0 0.704207 0.454770 0.104277 0.104277
0 0.839516 0.337967 0.061130 0.061130
0 0.575429 0.192398 0.057104 0.057104
0 0.404708 0.375416 0.071945 0.071945
0 0.922002 0.235755 0.104277 0.104277
0 0.242722 0.788039 0.061130 0.061130
0 0.826927 0.073118 0.062220 0.062220
0 0.684650 0.951077 0.071945 0.071945
0 0.609595 0.704047 0.062220 0.062220
0 0.233816 0.981918 0.061130 0.061130
0 0.387507 0.116566 0.052757 0.052757
0 0.923927 0.643744 0.052757 0.052757
0 0.916694 0.414081 0.062220 0.062220
0 0.570527 0.909744 0.104277 0.104277
0 0.120348 0.852190 0.061130 0.061130
0 0.183869 0.237767 0.057104 0.057104
0 0.719871 0.328491 0.061130 0.061130
0 0.881459 0.477699 0.104278 0.104278
0 0.964376 0.144719 0.061131 0.061131
0 0.261905 0.488743 0.061130 0.061130
0 0.228517 0.325929 0.062220 0.062220
0 0.406335 0.724539 0.057104 0.057104
0 0.716843 0.733446 0.057104 0.057104
0 0.135826 0.771602 0.057104 0.057104
0 0.208531 0.666713 0.104277 0.104277
0 0.055411 0.977862 0.061130 0.061130
0 0.938477 0.543610 0.062220 0.062220
0 0.019007 0.469625 0.061130 0.061130
0 0.817034 0.658186 0.057104 0.057104
0 0.541311 0.055300 0.061130 0.061130
0 0.406099 0.802648 0.061130 0.061130
0 0.335936 0.789927 0.062220 0.062220
0 0.680951 0.807911 0.048997 0.048997
0 0.060223 0.397633 0.061130 0.061130
0 0.970397 0.475981 0.071945 0.071945
0 0.251922 0.247994 0.057104 0.057104
0 0.883977 0.712542 0.062220 0.062220
0 0.107455 0.613305 0.104277 0.104277
0 0.110290 0.255343 0.052757 0.052757
0 0.781310 0.130747 0.061130 0.061130
0 0.617620 0.439093 0.057104 0.057104
0 0.816036 0.435779 0.104277 0.104277
0 0.492378 0.429442 0.104277 0.104277
0 0.879959 0.953903 0.062220 0.062220
0 0.065997 0.770650 0.057104 0.057104
0 0.822069 0.203660 0.061130 0.061130
0 0.183903 0.028455 0.062220 0.062220
0 0.113443 0.929424 0.057104 0.057104
0 0.883536 0.864092 0.061131 0.061131
0 0.999050 0.245681 0.071945 0.071945
0 0.304497 0.874467 0.071945 0.071945
0 0.516505 0.234519 0.062220 0.062220
0 0.867515 0.142470 0.071945 0.071945
0 0.145837 0.403315 0.071945 0.071945
0 0.458310 0.902288 0.104277 0.104277
0 0.224436 0.867391 0.071945 0.071945
0 0.214687 0.590250 0.061130 0.061130
0 0.297775 0.157675 0.104277 0.104277
0 0.416316 0.293374 0.052757 0.052757
0 0.303177 0.037970 0.057104 0.057104
0 0.598752 0.626155 0.057104 0.057104
0 0.363567 0.218831 0.062220 0.062220
0 0.017757 0.559057 0.071945 0.071945
0 0.811044 0.960897 0.071945 0.071945
0 0.050308 0.076718 0.061130 0.061130
0 0.182709 0.526440 0.062220 0.062220