0 0.840380 0.756742 0.071945 0.071945
0 0.739114 0.871019 0.062220 0.062220
0 0.872092 0.868966 0.057104 0.057104
0 0.904903 0.794274 0.052757 0.052757
0 0.716849 0.985929 0.104277 0.104277
0 0.971152 0.290418 0.061130 0.061130
0 0.002370 0.525948 0.062220 0.062220
0 0.941581 0.427631 0.061130 0.061130
0 0.551368 0.304087 0.052757 0.052757
0 0.644581 0.251161 0.052757 0.052757
0 0.711851 0.800312 0.052757 0.052757
0 0.942222 0.892009 0.071945 0.071945
0 0.103018 0.561802 0.070161 0.070161
0 0.865380 0.215655 0.104277 0.104277
0 0.804010 0.820622 0.071945 0.071945
0 0.456392 0.220395 0.062220 0.062220
0 0.972523 0.655358 0.061131 0.061131
0 0.991157 0.830222 0.071945 0.071945
0 0.372932 0.652999 0.071945 0.071945
0 0.654331 0.560375 0.061130 0.061130
0 0.470591 0.340377 0.062220 0.062220
0 0.188725 0.591555 0.062220 0.062220
0 0.643044 0.923747 0.071945 0.071945
0 0.205853 0.893847 0.061131 0.061131
0 0.493493 0.804898 0.061130 0.061130
0 0.518506 0.923773 0.104277 0.104277
0 0.225296 0.655391 0.104277 0.104277
0 0.400491 0.307782 0.052757 0.052757
0 0.139755 0.501026 0.061130 0.061130
0 0.269265 0.790317 0.071945 0.071945
0 0.934510 0.999150 0.104278 0.104278
0 0.526876 0.477219 0.061130 0.061130
0 0.623430 0.456320 0.057104 0.057104
0 0.333481 0.386831 0.071945 0.071945
0 0.120316 0.724618 0.104277 0.104277
0 0.883861 0.568654 0.057104 0.057104
0 0.221180 0.469215 0.057104 0.057104
0 0.221936 0.272071 0.061131 0.061131
0 0.531375 0.227699 0.057104 0.057104
0 0.686542 0.404272 0.062220 0.062220
0 0.191652 0.371346 0.071945 0.071945
0 0.081107 0.431528 0.071945 0.071945
0 0.012546 0.706279 0.062220 0.062220
0 0.739015 0.661592 0.062220 0.062220
0 0.318771 0.289360 0.052757 0.052757
0 0.702590 0.723159 0.062220 0.062220
0 0.254600 0.534854 0.062220 0.062220
0 0.799786 0.254375 0.071945 0.071945
0 0.108177 0.957493 0.062220 0.062220
0 0.524285 0.394507 0.061131 0.061131
0 0.299164 0.718792 0.061131 0.061131
0 0.052029 0.250657 0.071945 0.071945
0 0.915065 0.345907 0.104278 0.104278
0 0.203008 0.756110 0.061131 0.061131
0 0.471549 0.530314 0.071945 0.071945
0 0.383014 0.227575 0.062220 0.062220
0 0.075963 0.331910 0.057104 0.057104
0 0.986229 0.530652 0.061131 0.061131
0 0.165992 0.834273 0.052757 0.052757
0 0.664742 0.650306 0.052757 0.052757
0 0.463180 0.726636 0.057104 0.057104
0 0.070959 0.634306 0.052757 0.052757
0 0.764283 0.393699 0.052757 0.052757
0 0.318105 0.567969 0.071945 0.071945
0 0.581091 0.543844 0.052757 0.052757
0 0.399279 0.429972 0.071945 0.071945
0 0.832136 0.335177 0.062220 0.062220
0 0.134733 0.218502 0.104277 0.104277
0 0.044043 0.859688 0.104277 0.104277
0 0.601024 0.741212 0.071945 0.071945
0 0.502986 0.655783 0.062220 0.062220
0 0.701702 0.295958 0.071945 0.071945
0 0.834441 0.451214 0.052559 0.052559
0 0.329685 0.491019 0.071945 0.071945
0 0.877115 0.687571 0.062220 0.062220
0 0.334930 0.841936 0.104277 0.104277
0 0.401272 0.911373 0.052757 0.052757
0 0.569942 0.679375 0.104277 0.104277
0 0.408427 0.776917 0.071945 0.071945
0 0.422400 0.586931 0.104277 0.104277
0 0.046226 0.772537 0.057104 0.057104
0 0.153332 0.432580 0.057103 0.057103
0 0.781367 0.531020 0.071945 0.071945
0 0.937244 0.721799 0.104278 0.104278
0 0.625183 0.840117 0.104277 0.104277
0 0.306049 0.218924 0.057104 0.057104
0 0.681960 0.494810 0.052757 0.052757
0 0.288829 0.901073 0.052757 0.052757
0 0.634656 0.344152 0.061131 0.061131
0 0.704373 0.217567 0.062220 0.062220