0 0.793505 0.334867 0.071945 0.071945
0 0.588682 0.838286 0.104277 0.104277
0 0.778784 0.802814 0.104277 0.104277
0 0.822973 0.999062 0.057104 0.057104
0 0.692239 0.449144 0.062220 0.062220
0 0.825217 0.447091 0.057104 0.057104
0 0.915358 0.960941 0.104277 0.104277
0 0.858028 0.372399 0.052757 0.052757
0 0.741814 0.712571 0.057104 0.057104
0 0.669974 0.564054 0.104277 0.104277
0 0.652277 0.915950 0.104277 0.104277
0 0.655168 0.754530 0.061131 0.061131
0 0.894706 0.005756 0.061130 0.061130
0 0.664976 0.378437 0.052757 0.052757
0 0.538384 0.678063 0.071945 0.071945
0 0.755393 0.578342 0.062220 0.062220
0 0.591272 0.973605 0.062220 0.062220
0 0.425945 0.879328 0.052757 0.052757
0 0.813550 0.699593 0.071945 0.071945
0 0.895347 0.470134 0.071945 0.071945
0 0.251968 0.866631 0.061131 0.061131
0 0.056143 0.139927 0.070161 0.070161
0 0.757135 0.398747 0.071945 0.071945
0 0.746962 0.890400 0.061130 0.061130
0 0.187094 0.787938 0.062220 0.062220
0 0.925648 0.233483 0.061131 0.061131
0 0.480028 0.974614 0.061131 0.061131
0 0.529255 0.908067 0.057104 0.057104
0 0.944282 0.408347 0.071945 0.071945
0 0.326057 0.231124 0.071945 0.071945
0 0.607456 0.138500 0.061130 0.061130
0 0.141850 0.169680 0.062220 0.062220
0 0.596169 0.501872 0.071945 0.071945
0 0.158978 0.471972 0.061131 0.061131
0 0.446618 0.383023 0.061130 0.061130
0 0.956848 0.331710 0.071945 0.071945
0 0.471631 0.501898 0.104277 0.104277
0 0.178421 0.233516 0.104277 0.104277
0 0.092880 0.079151 0.061130 0.061130
0 0.939660 0.829977 0.057104 0.057104
0 0.222390 0.368442 0.071945 0.071945
0 0.595547 0.633575 0.104277 0.104277
0 0.887635 0.577275 0.104278 0.104278
0 0.752749 0.965275 0.061130 0.061130
0 0.480001 0.055344 0.061130 0.061130
0 0.576555 0.034445 0.057104 0.057104
0 0.073441 0.302743 0.104277 0.104277
0 0.836986 0.146779 0.057104 0.057104
0 0.174305 0.047340 0.057104 0.057104
0 0.284473 0.617356 0.071945 0.071945
0 0.034232 0.009653 0.071945 0.071945
0 0.298281 0.751770 0.061131 0.061131
0 0.073891 0.800467 0.061130 0.061130
0 0.156377 0.698255 0.104277 0.104277
0 0.692140 0.239717 0.062220 0.062220
0 0.655715 0.301284 0.062220 0.062220
0 0.207725 0.112979 0.062220 0.062220
0 0.369258 0.582715 0.062220 0.062220
0 0.891992 0.883979 0.052757 0.052757
0 0.061302 0.535618 0.062220 0.062220
0 0.387820 0.822149 0.057104 0.057104
0 0.252289 0.296917 0.061131 0.061131
0 0.151069 0.876581 0.062220 0.062220
0 0.156133 0.334235 0.061131 0.061131
0 0.424674 0.108439 0.071945 0.071945
0 0.511306 0.780773 0.071945 0.071945
0 0.115834 0.940199 0.104278 0.104278
0 0.939354 0.108777 0.061131 0.061131
0 0.119117 0.412398 0.052757 0.052757
0 0.198751 0.607219 0.061131 0.061131
0 0.617867 0.228431 0.052757 0.052757
0 0.416305 0.304761 0.057104 0.057104
0 0.024084 0.212431 0.052757 0.052757
0 0.271230 0.146094 0.071945 0.071945
0 0.929078 0.659317 0.057104 0.057104
0 0.810018 0.629437 0.057104 0.057104
0 0.534216 0.121969 0.052757 0.052757
0 0.667388 0.653323 0.052757 0.052757
0 0.352404 0.008097 0.071945 0.071945
0 0.417438 0.755197 0.052757 0.052757
0 0.204772 0.938481 0.071945 0.071945
0 0.554149 0.319337 0.071945 0.071945
0 0.456111 0.233908 0.062220 0.062220
0 0.787566 0.029339 0.052559 0.052559
0 0.448403 0.598354 0.057104 0.057104
0 0.015685 0.593247 0.061130 0.061130
0 0.282810 0.069144 0.071945 0.071945
0 0.050411 0.898279 0.104277 0.104277
0 0.830240 0.265696 0.062220 0.062220
0 0.382206 0.672040 0.057104 0.057104
0 0.288055 0.420061 0.104277 0.104277
0 0.244973 0.995407 0.052757 0.052757
0 0.056444 0.666160 0.061130 0.061130
0 0.354397 0.489498 0.052757 0.052757
0 0.233425 0.708181 0.071945 0.071945
0 0.523067 0.257500 0.104277 0.104277
0 0.361552 0.355042 0.071945 0.071945
0 0.375525 0.165056 0.104277 0.104277
0 0.909780 0.762782 0.061130 0.061130
0 0.101890 0.604970 0.071945 0.071945
0 0.106457 0.010705 0.057103 0.057103
0 0.734492 0.109145 0.071945 0.071945
0 0.890369 0.299924 0.104278 0.104278
0 0.578308 0.418242 0.104277 0.104277
0 0.635085 0.072935 0.052757 0.052757
0 0.241954 0.479198 0.052757 0.052757
0 0.536389 0.596352 0.062220 0.062220
0 0.333782 0.881790 0.061131 0.061131