0 0.685660 0.723927 0.062220 0.062220
0 0.610217 0.951143 0.052757 0.052757
0 0.604487 0.188356 0.104277 0.104277
0 0.632545 0.598312 0.057103 0.057103
0 0.801598 0.845603 0.071945 0.071945
0 0.266145 0.571598 0.104277 0.104277
0 0.848846 0.908042 0.061130 0.061130
0 0.403891 0.643957 0.052757 0.052757
0 0.177615 0.926022 0.104278 0.104278
0 0.837350 0.348502 0.057104 0.057104
0 0.564665 0.420450 0.104277 0.104277
0 0.548707 0.862637 0.071945 0.071945
0 0.478462 0.855552 0.057104 0.057104
0 0.373426 0.353509 0.104277 0.104277
0 0.584062 0.284599 0.057104 0.057104
0 0.231261 0.375340 0.062220 0.062220
0 0.242926 0.265562 0.062220 0.062220
0 0.775115 0.503633 0.057104 0.057104
0 0.532632 0.233468 0.104277 0.104277
0 0.304571 0.411861 0.062220 0.062220
0 0.893704 0.785735 0.061130 0.061130
0 0.147472 0.406615 0.104278 0.104278
0 0.808279 0.264929 0.104277 0.104277
0 0.695138 0.546068 0.052757 0.052757
0 0.498993 0.102416 0.052757 0.052757
0 0.973441 0.083993 0.104277 0.104277
0 0.766054 0.085777 0.062220 0.062220
0 0.448313 0.569410 0.062220 0.062220
0 0.147660 0.517370 0.071945 0.071945
0 0.351804 0.027994 0.062220 0.062220
0 0.620379 0.349098 0.057104 0.057104
0 0.777533 0.598133 0.057104 0.057104
0 0.679638 0.985496 0.104277 0.104277
0 0.543678 0.763674 0.057104 0.057104
0 0.785394 0.765421 0.057104 0.057104
0 0.451033 0.940803 0.057104 0.057104
0 0.147724 0.168505 0.052757 0.052757
0 0.825923 0.427462 0.052757 0.052757
0 0.897114 0.496543 0.104277 0.104277
0 0.865671 0.065654 0.062220 0.062220
0 0.653960 0.879758 0.104277 0.104277
0 0.938003 0.997161 0.052757 0.052757
0 0.297262 0.143885 0.061130 0.061130
0 0.236578 0.709861 0.062220 0.062220
0 0.458517 0.773057 0.052757 0.052757
0 0.653218 0.785027 0.052757 0.052757
0 0.470129 0.704348 0.061130 0.061130
0 0.838582 0.698520 0.104277 0.104277
0 0.973891 0.581717 0.061130 0.061130
0 0.663862 0.224565 0.052757 0.052757
0 0.709804 0.436148 0.057104 0.057104
0 0.148630 0.062293 0.104277 0.104277
0 0.539083 0.619166 0.071945 0.071945
0 0.961302 0.316868 0.062220 0.062220
0 0.364673 0.112476 0.061130 0.061130
0 0.233847 0.091734 0.061130 0.061130
0 0.743970 0.947797 0.062220 0.062220
0 0.521882 0.360316 0.052757 0.052757
0 0.442787 0.051875 0.071945 0.071945
0 0.318244 0.481517 0.057104 0.057104
0 0.854246 0.572241 0.061130 0.061130
0 0.381774 0.224527 0.057104 0.057104
0 0.396280 0.732493 0.061130 0.061130
0 0.180229 0.235669 0.061130 0.061130
0 0.362892 0.569679 0.062220 0.062220
0 0.540710 0.968289 0.057104 0.057104
0 0.851218 0.977196 0.057104 0.057104
0 0.342906 0.910463 0.104277 0.104277
0 0.200877 0.001776 0.104278 0.104278
0 0.153382 0.713375 0.061130 0.061130
0 0.951409 0.901936 0.057104 0.057104
0 0.897168 0.219063 0.104277 0.104277
0 0.675686 0.299050 0.061130 0.061130
0 0.619537 0.118966 0.104277 0.104277
0 0.194598 0.641383 0.061130 0.061130
0 0.386297 0.491744 0.057104 0.057104
0 0.802737 0.023629 0.057104 0.057104
0 0.241830 0.857055 0.104277 0.104277
0 0.685122 0.148055 0.071945 0.071945
0 0.244665 0.499093 0.052757 0.052757
0 0.915685 0.374497 0.061130 0.061130
0 0.751995 0.682843 0.057104 0.057104
0 0.950411 0.679529 0.104277 0.104277
0 0.626753 0.673192 0.104277 0.104277
0 0.956444 0.447410 0.061130 0.061130
0 0.318278 0.272205 0.062220 0.062220
0 0.899351 0.131912 0.057104 0.057104
0 0.650880 0.478269 0.062220 0.062220
0 0.280212 0.647065 0.071945 0.071945
0 0.750073 0.173211 0.057104 0.057104
0 0.349062 0.834000 0.061130 0.061130
0 0.432150 0.401425 0.104277 0.104277
0 0.550691 0.537124 0.052757 0.052757
0 0.437552 0.281720 0.057104 0.057104
0 0.733127 0.869905 0.057104 0.057104
0 0.497942 0.462581 0.062220 0.062220
0 0.152132 0.802807 0.071945 0.071945
0 0.184683 0.320468 0.061130 0.061130
0 0.317084 0.770190 0.062220 0.062220