0 0.551285 0.498927 0.062220 0.062220
0 0.965534 0.895449 0.062220 0.062220
0 0.475842 0.726143 0.052757 0.052757
0 0.022627 0.927286 0.071945 0.071945
0 0.498170 0.373312 0.057103 0.057103
0 0.667223 0.620603 0.071945 0.071945
0 0.131770 0.346598 0.104277 0.104277
0 0.714471 0.683042 0.061130 0.061130
0 0.269516 0.418957 0.052757 0.052757
0 0.892605 0.806997 0.052757 0.052757
0 0.645990 0.896082 0.057104 0.057104
0 0.959805 0.742906 0.052757 0.052757
0 0.732921 0.892339 0.057104 0.057104
0 0.043240 0.701022 0.104278 0.104278
0 0.702975 0.123502 0.057104 0.057104
0 0.952719 0.344188 0.062220 0.062220
0 0.430290 0.195450 0.104277 0.104277
0 0.414332 0.637637 0.071945 0.071945
0 0.344087 0.630552 0.057104 0.057104
0 0.924603 0.028222 0.061131 0.061131
0 0.239051 0.128509 0.104277 0.104277
0 0.612140 0.796544 0.057104 0.057104
0 0.449687 0.059599 0.057104 0.057104
0 0.096886 0.150340 0.062220 0.062220
0 0.108551 0.040562 0.062220 0.062220
0 0.640740 0.278633 0.057104 0.057104
0 0.398257 0.008468 0.104277 0.104277
0 0.170196 0.186861 0.062220 0.062220
0 0.759329 0.560735 0.061130 0.061130
0 0.013097 0.181615 0.104278 0.104278
0 0.673904 0.039929 0.104277 0.104277
0 0.560763 0.321068 0.052757 0.052757
0 0.347619 0.964312 0.071945 0.071945
0 0.313938 0.344410 0.062220 0.062220
0 0.013285 0.292370 0.071945 0.071945
0 0.486004 0.124098 0.057104 0.057104
0 0.643158 0.373133 0.057104 0.057104
0 0.545263 0.760496 0.104277 0.104277
0 0.409303 0.538674 0.057104 0.057104
0 0.651019 0.540421 0.057104 0.057104
0 0.316658 0.715803 0.057104 0.057104
0 0.691548 0.202462 0.052757 0.052757
0 0.762739 0.271543 0.104277 0.104277
0 0.519585 0.654758 0.104277 0.104277
0 0.803628 0.772161 0.052757 0.052757
0 0.102203 0.484861 0.062220 0.062220
0 0.534678 0.847058 0.104277 0.104277
0 0.324142 0.548057 0.052757 0.052757
0 0.518843 0.560027 0.052757 0.052757
0 0.335754 0.479348 0.061130 0.061130
0 0.478075 0.997141 0.052757 0.052757
0 0.704207 0.473520 0.104277 0.104277
0 0.839516 0.356717 0.061130 0.061130
0 0.575429 0.211148 0.057104 0.057104
0 0.404708 0.394166 0.071945 0.071945
0 0.922002 0.254505 0.104277 0.104277
0 0.242722 0.806789 0.061130 0.061130
0 0.826927 0.091868 0.062220 0.062220
0 0.684650 0.969827 0.071945 0.071945
0 0.609595 0.722797 0.062220 0.062220
0 0.387507 0.135316 0.052757 0.052757
0 0.923927 0.662494 0.052757 0.052757
0 0.916694 0.432831 0.062220 0.062220
0 0.570527 0.928494 0.104277 0.104277
0 0.120348 0.870940 0.061130 0.061130
0 0.183869 0.256517 0.057104 0.057104
0 0.719871 0.347241 0.061130 0.061130
0 0.881459 0.496449 0.104278 0.104278
0 0.964376 0.163469 0.061131 0.061131
0 0.261905 0.507493 0.061130 0.061130
0 0.045854 0.010669 0.061130 0.061130
0 0.228517 0.344679 0.062220 0.062220
0 0.406335 0.743289 0.057104 0.057104
0 0.716843 0.752196 0.057104 0.057104
0 0.135826 0.790352 0.057104 0.057104
0 0.208531 0.685463 0.104277 0.104277
0 0.055411 0.996612 0.061130 0.061130
0 0.938477 0.562360 0.062220 0.062220
0 0.019007 0.488375 0.061130 0.061130
0 0.817034 0.676936 0.057104 0.057104
0 0.541311 0.074050 0.061130 0.061130
0 0.406099 0.821398 0.061130 0.061130
0 0.335936 0.808677 0.062220 0.062220
0 0.680951 0.826661 0.048997 0.048997
0 0.060223 0.416383 0.061130 0.061130
0 0.970397 0.494731 0.071945 0.071945
0 0.251922 0.266744 0.057104 0.057104
0 0.883977 0.731292 0.062220 0.062220
0 0.107455 0.632055 0.104277 0.104277
0 0.110290 0.274093 0.052757 0.052757
0 0.781310 0.149497 0.061130 0.061130
0 0.617620 0.457843 0.057104 0.057104
0 0.816036 0.454529 0.104277 0.104277
0 0.492378 0.448192 0.104277 0.104277
0 0.879959 0.972653 0.062220 0.062220
0 0.065997 0.789400 0.057104 0.057104
0 0.822069 0.222410 0.061130 0.061130
0 0.183903 0.047205 0.062220 0.062220
0 0.113443 0.948174 0.057104 0.057104
0 0.883536 0.882842 0.061131 0.061131
0 0.999050 0.264431 0.071945 0.071945
0 0.304497 0.893217 0.071945 0.071945
0 0.516505 0.253269 0.062220 0.062220
0 0.867515 0.161220 0.071945 0.071945
0 0.145837 0.422065 0.071945 0.071945
0 0.458310 0.921038 0.104277 0.104277
0 0.224436 0.886141 0.071945 0.071945
0 0.214687 0.609000 0.061130 0.061130
0 0.297775 0.176425 0.104277 0.104277
0 0.416316 0.312124 0.052757 0.052757
0 0.303177 0.056720 0.057104 0.057104
0 0.598752 0.644905 0.057104 0.057104
0 0.363567 0.237581 0.062220 0.062220
0 0.017757 0.577807 0.071945 0.071945
0 0.811044 0.979647 0.071945 0.071945
0 0.050308 0.095468 0.061130 0.061130
0 0.182709 0.545190 0.062220 0.062220