0 0.784592 0.436977 0.104277 0.104277
0 0.741044 0.224986 0.061130 0.061130
0 0.457052 0.644505 0.104278 0.104278
0 0.674137 0.085315 0.104277 0.104277
0 0.934882 0.434653 0.062220 0.062220
0 0.966529 0.186735 0.104277 0.104277
0 0.641815 0.186884 0.052757 0.052757
0 0.575196 0.805853 0.052757 0.052757
0 0.755493 0.992599 0.061130 0.061130
0 0.186011 0.139981 0.052757 0.052757
0 0.099729 0.796828 0.061130 0.061130
0 0.474490 0.755310 0.052757 0.052757
0 0.928437 0.954475 0.071945 0.071945
0 0.495561 0.926537 0.052757 0.052757
0 0.778716 0.351792 0.057104 0.057104
0 0.549909 0.029824 0.062220 0.062220
0 0.814578 0.538428 0.051819 0.051819
0 0.245636 0.976258 0.061130 0.061130
0 0.109697 0.561162 0.057104 0.057104
0 0.460744 0.214983 0.104277 0.104277
0 0.718722 0.151523 0.061131 0.061131
0 0.994726 0.482141 0.052757 0.052757
0 0.152707 0.874215 0.104277 0.104277
0 0.185556 0.347811 0.057104 0.057104
0 0.707284 0.827229 0.104277 0.104277
0 0.802938 0.112018 0.052757 0.052757
0 0.859145 0.047978 0.057104 0.057104
0 0.971618 0.269989 0.036679 0.036679
0 0.406898 0.555943 0.052757 0.052757
0 0.230365 0.030457 0.057104 0.057104
0 0.805380 0.200600 0.057104 0.057104
0 0.890419 0.608772 0.104277 0.104277
0 0.885556 0.535479 0.071945 0.071945
0 0.094579 0.715698 0.104277 0.104277
0 0.317296 0.026714 0.057104 0.057104
0 0.540148 0.153233 0.071945 0.071945
0 0.592027 0.548188 0.052757 0.052757
0 0.030534 0.797755 0.052757 0.052757
0 0.407062 0.862362 0.057104 0.057104
0 0.612399 0.943966 0.052757 0.052757
0 0.806874 0.695401 0.054783 0.054783
0 0.974426 0.629313 0.057103 0.057103
0 0.774976 0.807567 0.071945 0.071945
0 0.775236 0.878391 0.061130 0.061130
0 0.558100 0.468819 0.071945 0.071945
0 0.051910 0.995290 0.052757 0.052757
0 0.331777 0.674416 0.061130 0.061130
0 0.223130 0.573258 0.071945 0.071945
0 0.389779 0.788954 0.052757 0.052757
0 0.655256 0.704069 0.057104 0.057104
0 0.611367 0.119682 0.057104 0.057104
0 0.231878 0.296444 0.071945 0.071945
0 0.212034 0.741551 0.061130 0.061130
0 0.182703 0.657886 0.062220 0.062220
0 0.967823 0.030377 0.061130 0.061130
0 0.326473 0.509072 0.062220 0.062220
0 0.442134 0.338072 0.061130 0.061130
0 0.669451 0.582195 0.052757 0.052757
0 0.232072 0.903852 0.052757 0.052757
0 0.382246 0.940137 0.057104 0.057104
0 0.377446 0.240333 0.061130 0.061130
0 0.348520 0.168598 0.061130 0.061130
0 0.917919 0.124860 0.062220 0.062220
0 0.527200 0.294868 0.104277 0.104277
0 0.690605 0.392741 0.071945 0.071945
0 0.899389 0.796059 0.052757 0.052757
0 0.380900 0.446459 0.061130 0.061130
0 0.480993 0.538995 0.057104 0.057104
0 0.373142 0.362777 0.104277 0.104277
0 0.580594 0.616611 0.062220 0.062220
0 0.577761 0.343405 0.104277 0.104277
0 0.062450 0.131516 0.052757 0.052757
0 0.556666 0.230715 0.052757 0.052757
0 0.587066 0.875276 0.104277 0.104277
0 0.863582 0.270403 0.062220 0.062220
0 0.269025 0.104202 0.071945 0.071945
0 0.323353 0.751051 0.104277 0.104277
0 0.283999 0.605072 0.071945 0.071945
0 0.526897 0.672700 0.104277 0.104277
0 0.154902 0.062869 0.104277 0.104277
0 0.681730 0.476657 0.057104 0.057104
0 0.025065 0.669139 0.071945 0.071945
0 0.164937 0.513236 0.050932 0.050932
0 0.301673 0.334350 0.052757 0.052757
0 0.067810 0.281241 0.071945 0.071945
0 0.919245 0.318321 0.071945 0.071945
0 0.278570 0.241410 0.061130 0.061130
0 0.637599 0.299465 0.052757 0.052757
0 0.491905 0.450912 0.057104 0.057104
0 0.883234 0.682150 0.104277 0.104277
0 0.025394 0.567872 0.071945 0.071945
0 0.275474 0.401376 0.061130 0.061130
0 0.137839 0.244535 0.071945 0.071945
0 0.845790 0.871962 0.071945 0.071945
0 0.947777 0.726348 0.057104 0.057104
0 0.987823 0.783486 0.104277 0.104277
0 0.489022 0.844367 0.061131 0.061131
0 0.336129 0.885692 0.104277 0.104277
0 0.844590 0.966515 0.071945 0.071945
0 0.464334 0.107028 0.062220 0.062220
0 0.793315 0.627447 0.052757 0.052757
0 0.720752 0.661674 0.104277 0.104277
0 0.236266 0.498061 0.062220 0.062220
0 0.032021 0.475965 0.062220 0.062220
0 0.467911 0.017217 0.061131 0.061131
0 0.042685 0.055413 0.104277 0.104277
0 0.012920 0.901794 0.071945 0.071945
0 0.411034 0.714419 0.071945 0.071945
0 0.242027 0.825448 0.061130 0.061130
0 0.651235 0.780639 0.071945 0.071945
0 0.110974 0.415735 0.052757 0.052757
0 0.957499 0.875090 0.104277 0.104277
0 0.681942 0.918579 0.104277 0.104277
0 0.395419 0.114022 0.071945 0.071945
0 0.106694 0.633840 0.071945 0.071945
0 0.856201 0.398220 0.057104 0.057104
0 0.190924 0.423616 0.071945 0.071945