0 0.271583 0.419363 0.052757 0.052757
0 0.823511 0.158731 0.052757 0.052757
0 0.737229 0.815578 0.061130 0.061130
0 0.883136 0.995008 0.061130 0.061130
0 0.747197 0.579912 0.057104 0.057104
0 0.242059 0.903542 0.062220 0.062220
0 0.244502 0.080411 0.071945 0.071945
0 0.790207 0.892965 0.104277 0.104277
0 0.823056 0.366561 0.057104 0.057104
0 0.237418 0.489608 0.062220 0.062220
0 0.450088 0.560765 0.071945 0.071945
0 0.588693 0.665287 0.104277 0.104277
0 0.509124 0.734211 0.052757 0.052757
0 0.867865 0.049207 0.057104 0.057104
0 0.732079 0.734448 0.104277 0.104277
0 0.954796 0.045464 0.057104 0.057104
0 0.421692 0.728409 0.052757 0.052757
0 0.668034 0.816505 0.052757 0.052757
0 0.969277 0.693166 0.061130 0.061130
0 0.860630 0.592008 0.071945 0.071945
0 0.235046 0.582778 0.052757 0.052757
0 0.380639 0.290883 0.071945 0.071945
0 0.570463 0.473512 0.061130 0.061130
0 0.373705 0.220427 0.071945 0.071945
0 0.869378 0.315194 0.071945 0.071945
0 0.849534 0.760301 0.061130 0.061130
0 0.820203 0.676636 0.062220 0.062220
0 0.963973 0.527822 0.062220 0.062220
0 0.288505 0.824813 0.061130 0.061130
0 0.869572 0.922602 0.052757 0.052757
0 0.569494 0.117437 0.071945 0.071945
0 0.523331 0.623290 0.104277 0.104277
0 0.986020 0.187348 0.061130 0.061130
0 0.756553 0.000183 0.104277 0.104277
0 0.580663 0.199135 0.071945 0.071945
0 0.699950 0.150266 0.052757 0.052757
0 0.531914 0.281360 0.052757 0.052757
0 0.375550 0.620991 0.052757 0.052757
0 0.272919 0.341699 0.104278 0.104278
0 0.906525 0.122952 0.071945 0.071945
0 0.960853 0.769801 0.104277 0.104277
0 0.455691 0.153793 0.061130 0.061130
0 0.921499 0.623822 0.071945 0.071945
0 0.463641 0.474948 0.104277 0.104277
0 0.792402 0.081619 0.104277 0.104277
0 0.662565 0.687889 0.071945 0.071945
0 0.802437 0.531986 0.050932 0.050932
0 0.342223 0.024065 0.061130 0.061130
0 0.939173 0.353100 0.052757 0.052757
0 0.414548 0.385818 0.057104 0.057104
0 0.705310 0.299991 0.071945 0.071945
0 0.916070 0.260160 0.061130 0.061130
0 0.491672 0.224619 0.062220 0.062220
0 0.662894 0.586622 0.071945 0.071945
0 0.570531 0.349793 0.104277 0.104277
0 0.277286 0.149737 0.061130 0.061130
0 0.341754 0.708201 0.104277 0.104277
0 0.352860 0.962268 0.057104 0.057104
0 0.912974 0.420126 0.061130 0.061130
0 0.775339 0.263285 0.071945 0.071945
0 0.535862 0.950904 0.104277 0.104277
0 0.586005 0.795139 0.104277 0.104277
0 0.369628 0.450535 0.062220 0.062220
0 0.973629 0.904442 0.104277 0.104277
0 0.576511 0.571441 0.052757 0.052757
0 0.873766 0.516811 0.062220 0.062220
0 0.669521 0.494715 0.062220 0.062220
0 0.491678 0.869916 0.052757 0.052757
0 0.335318 0.101299 0.057104 0.057104
0 0.370907 0.784705 0.104277 0.104277
0 0.460567 0.942552 0.061130 0.061130
0 0.526372 0.046342 0.071945 0.071945
0 0.309412 0.546604 0.057104 0.057104
0 0.680185 0.074163 0.104277 0.104277
0 0.583910 0.885502 0.062220 0.062220
0 0.446311 0.039266 0.071945 0.071945
0 0.650420 0.920544 0.071945 0.071945
0 0.879527 0.844198 0.061130 0.061130
0 0.519289 0.404720 0.071945 0.071945
0 0.614374 0.409689 0.047555 0.047555
0 0.748474 0.434485 0.052757 0.052757
0 0.261014 0.727436 0.071945 0.071945
0 0.378891 0.533490 0.057103 0.057103
0 0.744194 0.652590 0.071945 0.071945
0 0.362602 0.856047 0.104277 0.104277
0 0.828424 0.442366 0.071945 0.071945
0 0.275556 0.237953 0.062220 0.062220