0 0.831005 0.494242 0.071945 0.071945
0 0.626182 0.997661 0.104277 0.104277
0 0.816284 0.962189 0.104277 0.104277
0 0.729739 0.608519 0.062220 0.062220
0 0.862717 0.606466 0.057104 0.057104
0 0.895528 0.531774 0.052757 0.052757
0 0.779314 0.871946 0.057104 0.057104
0 0.707474 0.723429 0.104277 0.104277
0 0.692668 0.913905 0.061131 0.061131
0 0.961777 0.027918 0.061130 0.061130
0 0.932206 0.165131 0.061130 0.061130
0 0.541993 0.041587 0.052757 0.052757
0 0.702476 0.537812 0.052757 0.052757
0 0.575884 0.837438 0.071945 0.071945
0 0.792893 0.737717 0.062220 0.062220
0 0.851050 0.858968 0.071945 0.071945
0 0.932847 0.629509 0.071945 0.071945
0 0.093643 0.299302 0.070161 0.070161
0 0.794635 0.558122 0.071945 0.071945
0 0.224594 0.947313 0.062220 0.062220
0 0.963148 0.392858 0.061131 0.061131
0 0.981782 0.567722 0.071945 0.071945
0 0.363557 0.390499 0.071945 0.071945
0 0.644956 0.297875 0.061130 0.061130
0 0.461216 0.077877 0.062220 0.062220
0 0.179350 0.329055 0.062220 0.062220
0 0.633669 0.661247 0.071945 0.071945
0 0.196478 0.631347 0.061131 0.061131
0 0.484118 0.542398 0.061130 0.061130
0 0.994348 0.491085 0.071945 0.071945
0 0.509131 0.661273 0.104277 0.104277
0 0.215921 0.392891 0.104277 0.104277
0 0.391116 0.045282 0.052757 0.052757
0 0.130380 0.238526 0.061130 0.061130
0 0.977160 0.989352 0.057104 0.057104
0 0.259890 0.527817 0.071945 0.071945
0 0.633047 0.792950 0.104277 0.104277
0 0.925135 0.736650 0.104278 0.104278
0 0.517501 0.214719 0.061130 0.061130
0 0.614055 0.193820 0.057104 0.057104
0 0.324106 0.124331 0.071945 0.071945
0 0.110941 0.462118 0.104277 0.104277
0 0.874486 0.306154 0.057104 0.057104
0 0.211805 0.206715 0.057104 0.057104
0 0.212561 0.009571 0.061131 0.061131
0 0.321973 0.776731 0.071945 0.071945
0 0.677167 0.141772 0.062220 0.062220
0 0.182277 0.108846 0.071945 0.071945
0 0.071732 0.169028 0.071945 0.071945
0 0.034614 0.874668 0.104277 0.104277
0 0.003171 0.443779 0.062220 0.062220
0 0.335781 0.911145 0.061131 0.061131
0 0.111391 0.959842 0.061130 0.061130
0 0.193877 0.857630 0.104277 0.104277
0 0.729640 0.399092 0.062220 0.062220
0 0.309396 0.026860 0.052757 0.052757
0 0.693215 0.460659 0.062220 0.062220
0 0.245225 0.272354 0.062220 0.062220
0 0.406758 0.742090 0.062220 0.062220
0 0.098802 0.694993 0.062220 0.062220
0 0.425320 0.981524 0.057104 0.057104
0 0.514910 0.132007 0.061131 0.061131
0 0.289789 0.456292 0.061131 0.061131
0 0.905690 0.083407 0.104278 0.104278
0 0.193633 0.493610 0.061131 0.061131
0 0.462174 0.267814 0.071945 0.071945
0 0.066588 0.069410 0.057104 0.057104
0 0.548806 0.940148 0.071945 0.071945
0 0.976854 0.268152 0.061131 0.061131
0 0.156617 0.571773 0.052757 0.052757
0 0.236251 0.766594 0.061131 0.061131
0 0.655367 0.387806 0.052757 0.052757
0 0.453805 0.464136 0.057104 0.057104
0 0.061584 0.371806 0.052757 0.052757
0 0.754908 0.131199 0.052757 0.052757
0 0.308730 0.305469 0.071945 0.071945
0 0.966578 0.818692 0.057104 0.057104
0 0.847518 0.788812 0.057104 0.057104
0 0.571716 0.281344 0.052757 0.052757
0 0.704888 0.812698 0.052757 0.052757
0 0.389904 0.167472 0.071945 0.071945
0 0.822761 0.072677 0.062220 0.062220
0 0.034668 0.597188 0.104277 0.104277
0 0.454938 0.914572 0.052757 0.052757
0 0.591649 0.478712 0.071945 0.071945
0 0.493611 0.393283 0.062220 0.062220
0 0.692327 0.033458 0.071945 0.071945
0 0.825066 0.188714 0.052559 0.052559
0 0.485903 0.757729 0.057104 0.057104
0 0.053185 0.752622 0.061130 0.061130
0 0.320310 0.228519 0.071945 0.071945
0 0.867740 0.425071 0.062220 0.062220
0 0.419706 0.831415 0.057104 0.057104
0 0.325555 0.579436 0.104277 0.104277
0 0.093944 0.825535 0.061130 0.061130
0 0.391897 0.648873 0.052757 0.052757
0 0.270925 0.867556 0.071945 0.071945
0 0.560567 0.416875 0.104277 0.104277
0 0.399052 0.514417 0.071945 0.071945
0 0.413025 0.324431 0.104277 0.104277
0 0.947280 0.922157 0.061130 0.061130
0 0.036851 0.510037 0.057104 0.057104
0 0.139390 0.764345 0.071945 0.071945
0 0.143957 0.170080 0.057103 0.057103
0 0.771992 0.268520 0.071945 0.071945
0 0.927869 0.459299 0.104278 0.104278
0 0.615808 0.577617 0.104277 0.104277
0 0.672585 0.232310 0.052757 0.052757
0 0.279454 0.638573 0.052757 0.052757
0 0.573889 0.755727 0.062220 0.062220
0 0.625281 0.081652 0.061131 0.061131