0 0.392420 0.198851 0.062220 0.062220
0 0.738058 0.538479 0.062220 0.062220
0 0.699832 0.344455 0.062220 0.062220
0 0.475734 0.652093 0.057103 0.057103
0 0.737504 0.074370 0.104277 0.104277
0 0.496406 0.398742 0.052757 0.052757
0 0.929345 0.491580 0.071945 0.071945
0 0.334749 0.253733 0.071945 0.071945
0 0.455597 0.483412 0.062220 0.062220
0 0.360630 0.676394 0.071945 0.071945
0 0.385549 0.514048 0.104277 0.104277
0 0.189171 0.286859 0.061130 0.061130
0 0.466037 0.204913 0.061130 0.061130
0 0.446453 0.117030 0.052757 0.052757
0 0.237599 0.583211 0.104278 0.104278
0 0.945727 0.218367 0.057104 0.057104
0 0.635478 0.697976 0.062220 0.062220
0 0.607255 0.117857 0.061130 0.061130
0 0.688099 0.243315 0.062220 0.062220
0 0.883243 0.325125 0.057104 0.057104
0 0.999219 0.355216 0.104277 0.104277
0 0.793308 0.681271 0.071945 0.071945
0 0.729988 0.151525 0.057104 0.057104
0 0.495324 0.580656 0.061130 0.061130
0 0.938656 0.564545 0.071945 0.071945
0 0.547786 0.352968 0.062220 0.062220
0 0.745905 0.609281 0.057104 0.057104
0 0.254773 0.386446 0.062220 0.062220
0 0.766534 0.286968 0.057104 0.057104
0 0.578609 0.199069 0.061130 0.061130
0 0.709749 0.688934 0.052757 0.052757
0 0.543839 0.460100 0.062220 0.062220
0 0.964764 0.428937 0.057104 0.057104
0 0.669054 0.580295 0.050891 0.050891
0 0.322476 0.086591 0.062220 0.062220
0 0.394880 0.595730 0.104277 0.104277
0 0.539496 0.075314 0.057104 0.057104
0 0.832924 0.472601 0.062220 0.062220
0 0.953743 0.681667 0.057104 0.057104
0 0.329650 0.418597 0.062220 0.062220
0 0.554074 0.659317 0.052757 0.052757
0 0.601705 0.505441 0.062220 0.062220
0 0.697464 0.471360 0.104277 0.104277
0 0.204912 0.180473 0.104278 0.104278
0 0.323550 0.173937 0.052757 0.052757
0 0.232733 0.690064 0.071945 0.071945
0 0.142121 0.695739 0.052757 0.052757
0 0.859312 0.600538 0.061130 0.061130
0 0.862836 0.195656 0.062220 0.062220
0 0.840181 0.049512 0.071945 0.071945
0 0.997735 0.515690 0.062220 0.062220
0 0.292348 0.643836 0.057104 0.057104
0 0.080098 0.017203 0.104277 0.104277
0 0.256453 0.228455 0.057104 0.057104
0 0.570652 0.578250 0.062220 0.062220
0 0.868890 0.703888 0.062220 0.062220
0 0.972590 0.286678 0.071945 0.071945
0 0.221655 0.094480 0.104277 0.104277
0 0.111808 0.619286 0.104277 0.104277
0 0.648632 0.403380 0.104277 0.104277
0 0.221929 0.504139 0.061131 0.061131
0 0.103065 0.499197 0.057104 0.057104
0 0.433599 0.019514 0.052757 0.052757
0 0.082224 0.427280 0.062220 0.062220
0 0.879907 0.408158 0.052757 0.052757
0 0.295266 0.519234 0.057104 0.057104
0 0.415874 0.312082 0.057104 0.057104
0 0.136636 0.220469 0.062220 0.062220
0 0.136810 0.148034 0.057104 0.057104
0 0.806682 0.403436 0.052757 0.052757
0 0.840354 0.268822 0.061130 0.061130
0 0.511835 0.288166 0.104277 0.104277
0 0.171813 0.412008 0.057104 0.057104
0 0.160464 0.556015 0.061130 0.061130
0 0.924560 0.063493 0.052757 0.052757
0 0.659951 0.008158 0.104277 0.104277
0 0.084553 0.296190 0.057104 0.057104