0 0.853544 0.912486 0.061130 0.061130
0 0.786637 0.772815 0.104277 0.104277
0 0.848463 0.681767 0.071945 0.071945
0 0.754315 0.874384 0.052757 0.052757
0 0.792346 0.544868 0.104277 0.104277
0 0.298511 0.827481 0.052757 0.052757
0 0.248160 0.320802 0.062220 0.062220
0 0.662409 0.717324 0.062220 0.062220
0 0.920418 0.480839 0.052757 0.052757
0 0.573244 0.902483 0.104277 0.104277
0 0.172717 0.548018 0.052757 0.052757
0 0.831222 0.839023 0.061131 0.061131
0 0.195045 0.195187 0.057103 0.057103
0 0.864356 0.591364 0.057104 0.057104
0 0.364098 0.442478 0.071945 0.071945
0 0.915438 0.799518 0.052757 0.052757
0 0.411346 0.504917 0.061130 0.061130
0 0.589480 0.628872 0.052757 0.052757
0 0.971645 0.735478 0.057104 0.057104
0 0.891598 0.418278 0.057104 0.057104
0 0.888445 0.257453 0.052757 0.052757
0 0.999599 0.395716 0.061130 0.061130
0 0.714468 0.244756 0.061131 0.061131
0 0.342865 0.717957 0.057104 0.057104
0 0.917880 0.888100 0.057104 0.057104
0 0.656680 0.564781 0.052757 0.052757
0 0.429796 0.714214 0.057104 0.057104
0 0.652648 0.840733 0.071945 0.071945
0 0.649594 0.166063 0.062220 0.062220
0 0.942528 0.352739 0.061131 0.061131
0 0.761743 0.647064 0.071945 0.071945
0 0.127165 0.017325 0.104277 0.104277
0 0.991755 0.286192 0.057104 0.057104
0 0.111207 0.459512 0.071945 0.071945
0 0.040962 0.452427 0.057104 0.057104
0 0.309015 0.618419 0.057104 0.057104
0 0.337615 0.100508 0.057104 0.057104
0 0.723867 0.807182 0.057104 0.057104
0 0.456204 0.382610 0.061130 0.061130
0 0.344378 0.983944 0.071945 0.071945
0 0.257638 0.142943 0.052757 0.052757
0 0.044494 0.786187 0.071945 0.071945
0 0.010813 0.166285 0.062220 0.062220
0 0.728341 0.446900 0.104277 0.104277
0 0.489946 0.927833 0.061130 0.061130
0 0.461020 0.856098 0.061130 0.061130
0 0.340033 0.195008 0.057104 0.057104
0 0.242138 0.582371 0.104277 0.104277
0 0.106178 0.360549 0.057104 0.057104
0 0.347894 0.362296 0.057104 0.057104
0 0.013533 0.537678 0.057104 0.057104
0 0.388423 0.024337 0.052757 0.052757
0 0.459614 0.093418 0.104277 0.104277
0 0.639700 0.982368 0.104277 0.104277
0 0.216460 0.476633 0.104277 0.104277
0 0.500503 0.594036 0.052757 0.052757
0 0.943851 0.583390 0.062220 0.062220
0 0.231553 0.668933 0.104277 0.104277
0 0.055663 0.867885 0.071945 0.071945
0 0.021017 0.369932 0.052757 0.052757
0 0.760781 0.129895 0.061131 0.061131
0 0.215718 0.381902 0.052757 0.052757
0 0.032629 0.301223 0.061130 0.061130
0 0.174950 0.819016 0.052757 0.052757
0 0.401082 0.295395 0.104277 0.104277
0 0.669166 0.918215 0.052757 0.052757
0 0.006914 0.950110 0.052757 0.052757
0 0.536391 0.178592 0.061130 0.061130
0 0.272304 0.033023 0.057104 0.057104
0 0.101583 0.216041 0.071945 0.071945
0 0.618877 0.076380 0.104277 0.104277
0 0.976082 0.957903 0.062220 0.062220
0 0.850320 0.200274 0.057104 0.057104
0 0.381525 0.791702 0.071945 0.071945
0 0.306470 0.544672 0.062220 0.062220
0 0.620802 0.484369 0.052757 0.052757
0 0.613569 0.254706 0.062220 0.062220
0 0.267402 0.750369 0.104277 0.104277
0 0.973806 0.158898 0.071945 0.071945
0 0.416746 0.169116 0.061130 0.061130
0 0.578334 0.318324 0.104278 0.104278
0 0.180310 0.968741 0.071945 0.071945
0 0.391070 0.928910 0.061130 0.061130
0 0.750099 0.986965 0.052757 0.052757
0 0.828477 0.382495 0.062220 0.062220
0 0.103210 0.565164 0.057104 0.057104
0 0.413718 0.574071 0.057104 0.057104
0 0.635352 0.384235 0.062220 0.062220
0 0.513909 0.498811 0.057104 0.057104
0 0.250339 0.932035 0.071945 0.071945
0 0.102974 0.643273 0.061130 0.061130
0 0.032811 0.630552 0.062220 0.062220
0 0.879938 0.133322 0.052757 0.052757
0 0.377826 0.648536 0.048997 0.048997
0 0.667272 0.316606 0.071945 0.071945
0 0.580852 0.553167 0.062220 0.062220
0 0.314495 0.279718 0.057104 0.057104
0 0.512911 0.276404 0.104277 0.104277
0 0.189253 0.270067 0.104277 0.104277
0 0.844706 0.050165 0.057104 0.057104
0 0.576834 0.794528 0.062220 0.062220
0 0.707473 0.373532 0.052757 0.052757
0 0.518944 0.044285 0.061130 0.061130
0 0.580411 0.704717 0.061131 0.061131
0 0.695925 0.086306 0.071945 0.071945
0 0.001372 0.715092 0.071945 0.071945
0 0.213380 0.075144 0.062220 0.062220
0 0.155185 0.742913 0.104277 0.104277
0 0.113191 0.133999 0.052757 0.052757
0 0.295627 0.466780 0.057104 0.057104
0 0.060442 0.059456 0.062220 0.062220
0 0.507919 0.801522 0.071945 0.071945
0 0.796282 0.259915 0.061131 0.061131