0 0.561170 0.639476 0.062220 0.062220
0 0.906808 0.979104 0.062220 0.062220
0 0.868582 0.785080 0.062220 0.062220
0 0.894562 0.428446 0.052757 0.052757
0 0.906254 0.514995 0.104277 0.104277
0 0.746604 0.062453 0.061130 0.061130
0 0.665156 0.839367 0.052757 0.052757
0 0.503499 0.694358 0.071945 0.071945
0 0.624347 0.924037 0.062220 0.062220
0 0.885987 0.341025 0.104277 0.104277
0 0.968344 0.272823 0.104277 0.104277
0 0.892511 0.241883 0.061130 0.061130
0 0.554299 0.954673 0.104277 0.104277
0 0.251434 0.150417 0.062220 0.062220
0 0.357921 0.727484 0.061130 0.061130
0 0.799582 0.139840 0.104277 0.104277
0 0.634787 0.645538 0.061130 0.061130
0 0.615203 0.557655 0.052757 0.052757
0 0.776005 0.558482 0.061130 0.061130
0 0.856849 0.683940 0.062220 0.062220
0 0.472039 0.269174 0.061130 0.061130
0 0.274510 0.387786 0.104278 0.104278
0 0.898738 0.592150 0.057104 0.057104
0 0.716536 0.793593 0.062220 0.062220
0 0.814934 0.379805 0.052757 0.052757
0 0.423523 0.827071 0.062220 0.062220
0 0.935284 0.727593 0.057104 0.057104
0 0.677409 0.063380 0.052757 0.052757
0 0.747359 0.639694 0.061130 0.061130
0 0.957105 0.351973 0.061130 0.061130
0 0.631936 0.282524 0.104278 0.104278
0 0.698785 0.260915 0.052757 0.052757
0 0.712589 0.900725 0.062220 0.062220
0 0.339894 0.439992 0.062220 0.062220
0 0.491226 0.527216 0.062220 0.062220
0 0.708246 0.515939 0.057104 0.057104
0 0.858909 0.007176 0.061130 0.061130
0 0.498400 0.859222 0.062220 0.062220
0 0.770455 0.946066 0.062220 0.062220
0 0.297880 0.071688 0.061130 0.061130
0 0.866214 0.911985 0.104277 0.104277
0 0.878947 0.169477 0.052757 0.052757
0 0.664664 0.383408 0.057104 0.057104
0 0.373662 0.621098 0.104278 0.104278
0 0.591939 0.349788 0.071945 0.071945
0 0.492300 0.614562 0.052757 0.052757
0 0.530524 0.429354 0.052757 0.052757
0 0.722820 0.425246 0.071945 0.071945
0 0.248848 0.457828 0.104277 0.104277
0 0.425203 0.669080 0.057104 0.057104
0 0.458781 0.337758 0.057104 0.057104
0 0.429278 0.415580 0.104277 0.104277
0 0.970228 0.016676 0.104277 0.104277
0 0.390405 0.535105 0.104277 0.104277
0 0.380859 0.316140 0.071945 0.071945
0 0.817382 0.844005 0.104277 0.104277
0 0.255028 0.257381 0.057104 0.057104
0 0.390679 0.944764 0.061131 0.061131
0 0.271815 0.939822 0.057104 0.057104
0 0.602349 0.460139 0.052757 0.052757
0 0.362235 0.209143 0.057104 0.057104
0 0.250974 0.867905 0.062220 0.062220
0 0.545237 0.197779 0.104277 0.104277
0 0.595380 0.042014 0.104277 0.104277
0 0.464016 0.959859 0.057104 0.057104
0 0.983004 0.151317 0.104277 0.104277
0 0.501053 0.116791 0.052757 0.052757
0 0.584624 0.752707 0.057104 0.057104
0 0.305386 0.661094 0.062220 0.062220
0 0.305560 0.588659 0.057104 0.057104
0 0.380282 0.031580 0.104277 0.104277
0 0.469942 0.189427 0.061130 0.061130
0 0.975432 0.844061 0.052757 0.052757
0 0.593285 0.132377 0.062220 0.062220
0 0.659795 0.167419 0.071945 0.071945
0 0.888902 0.091073 0.061130 0.061130
0 0.297788 0.313859 0.052757 0.052757
0 0.680585 0.728791 0.104277 0.104277
0 0.340563 0.852633 0.057104 0.057104
0 0.789417 0.278523 0.104277 0.104277
0 0.562968 0.273795 0.052757 0.052757
0 0.329214 0.996640 0.061130 0.061130
0 0.371977 0.102922 0.104277 0.104277
0 0.828701 0.448783 0.104277 0.104277
0 0.253303 0.736815 0.057104 0.057104