0 0.504410 0.648927 0.062220 0.062220
0 0.428967 0.876143 0.052757 0.052757
0 0.423237 0.113356 0.104277 0.104277
0 0.451295 0.523312 0.057103 0.057103
0 0.620348 0.770603 0.071945 0.071945
0 0.084895 0.496598 0.104277 0.104277
0 0.667596 0.833042 0.061130 0.061130
0 0.222641 0.568957 0.052757 0.052757
0 0.845730 0.956997 0.052757 0.052757
0 0.970718 0.572881 0.061131 0.061131
0 0.912930 0.892906 0.052757 0.052757
0 0.656100 0.273502 0.057104 0.057104
0 0.905844 0.494188 0.062220 0.062220
0 0.383415 0.345450 0.104277 0.104277
0 0.367457 0.787637 0.071945 0.071945
0 0.297212 0.780552 0.057104 0.057104
0 0.877728 0.178222 0.061131 0.061131
0 0.192176 0.278509 0.104277 0.104277
0 0.565265 0.946544 0.057104 0.057104
0 0.402812 0.209599 0.057104 0.057104
0 0.050011 0.300340 0.062220 0.062220
0 0.061676 0.190562 0.062220 0.062220
0 0.593865 0.428633 0.057104 0.057104
0 0.351382 0.158468 0.104277 0.104277
0 0.941140 0.074692 0.071945 0.071945
0 0.123321 0.336861 0.062220 0.062220
0 0.712454 0.710735 0.061130 0.061130
0 0.627029 0.189929 0.104277 0.104277
0 0.513888 0.471068 0.052757 0.052757
0 0.317743 0.027416 0.052757 0.052757
0 0.792191 0.008993 0.104277 0.104277
0 0.584804 0.010777 0.062220 0.062220
0 0.267063 0.494410 0.062220 0.062220
0 0.984591 0.775025 0.104277 0.104277
0 0.439129 0.274098 0.057104 0.057104
0 0.596283 0.523133 0.057104 0.057104
0 0.498388 0.910496 0.104277 0.104277
0 0.362428 0.688674 0.057104 0.057104
0 0.604144 0.690421 0.057104 0.057104
0 0.269783 0.865803 0.057104 0.057104
0 0.644673 0.352462 0.052757 0.052757
0 0.715864 0.421543 0.104277 0.104277
0 0.472710 0.804758 0.104277 0.104277
0 0.756753 0.922161 0.052757 0.052757
0 0.116012 0.068885 0.061130 0.061130
0 0.055328 0.634861 0.062220 0.062220
0 0.487803 0.997058 0.104277 0.104277
0 0.277267 0.698057 0.052757 0.052757
0 0.471968 0.710027 0.052757 0.052757
0 0.288879 0.629348 0.061130 0.061130
0 0.657332 0.623520 0.104277 0.104277
0 0.792641 0.506717 0.061130 0.061130
0 0.482612 0.149565 0.052757 0.052757
0 0.528554 0.361148 0.057104 0.057104
0 0.357833 0.544166 0.071945 0.071945
0 0.875127 0.404505 0.104277 0.104277
0 0.195847 0.956789 0.061130 0.061130
0 0.780052 0.241868 0.062220 0.062220
0 0.183423 0.037476 0.061130 0.061130
0 0.052597 0.016734 0.061130 0.061130
0 0.562720 0.872797 0.062220 0.062220
0 0.340632 0.285316 0.052757 0.052757
0 0.971039 0.003167 0.061131 0.061131
0 0.877052 0.812494 0.052757 0.052757
0 0.869819 0.582831 0.062220 0.062220
0 0.874883 0.040485 0.061131 0.061131
0 0.136994 0.406517 0.057104 0.057104
0 0.672996 0.497241 0.061130 0.061130
0 0.200524 0.149527 0.057104 0.057104
0 0.834584 0.646449 0.104278 0.104278
0 0.837867 0.118648 0.052757 0.052757
0 0.917501 0.313469 0.061131 0.061131
0 0.215030 0.657493 0.061130 0.061130
0 0.181642 0.494679 0.062220 0.062220
0 0.359460 0.893289 0.057104 0.057104
0 0.669968 0.902196 0.057104 0.057104
0 0.088951 0.940352 0.057104 0.057104
0 0.161656 0.835463 0.104277 0.104277
0 0.891602 0.712360 0.062220 0.062220
0 0.770159 0.826936 0.057104 0.057104
0 0.715918 0.144063 0.104277 0.104277
0 0.494436 0.224050 0.061130 0.061130
0 0.438287 0.043966 0.104277 0.104277
0 0.359224 0.971398 0.061130 0.061130
0 0.289061 0.958677 0.062220 0.062220
0 0.634076 0.976661 0.048997 0.048997
0 0.013348 0.566383 0.061130 0.061130
0 0.923522 0.644731 0.071945 0.071945
0 0.205047 0.416744 0.057104 0.057104
0 0.837102 0.881292 0.062220 0.062220
0 0.060580 0.782055 0.104277 0.104277
0 0.503872 0.073055 0.071945 0.071945
0 0.063415 0.424093 0.052757 0.052757
0 0.734435 0.299497 0.061130 0.061130
0 0.570745 0.607843 0.057104 0.057104
0 0.769161 0.604529 0.104277 0.104277
0 0.445503 0.598192 0.104277 0.104277
0 0.963723 0.701657 0.052757 0.052757
0 0.019122 0.939400 0.057104 0.057104
0 0.775194 0.372410 0.061130 0.061130
0 0.137028 0.197205 0.062220 0.062220
0 0.952175 0.414431 0.071945 0.071945
0 0.718101 0.056912 0.057104 0.057104
0 0.469630 0.403269 0.062220 0.062220
0 0.820640 0.311220 0.071945 0.071945
0 0.098962 0.572065 0.071945 0.071945
0 0.568823 0.098211 0.057104 0.057104
0 0.167812 0.759000 0.061130 0.061130
0 0.250900 0.326425 0.104277 0.104277
0 0.369441 0.462124 0.052757 0.052757
0 0.256302 0.206720 0.057104 0.057104
0 0.551877 0.794905 0.057104 0.057104
0 0.316692 0.387581 0.062220 0.062220
0 0.960704 0.185448 0.052757 0.052757
0 0.003433 0.245468 0.061130 0.061130
0 0.135834 0.695190 0.062220 0.062220