0 0.373595 0.380032 0.071945 0.071945
0 0.936134 0.886734 0.104277 0.104277
0 0.575139 0.990683 0.052757 0.052757
0 0.648716 0.348011 0.071945 0.071945
0 0.929094 0.088332 0.071945 0.071945
0 0.175208 0.225377 0.104277 0.104277
0 0.680844 0.463381 0.052757 0.052757
0 0.382279 0.750364 0.061130 0.061130
0 0.919127 0.570535 0.061131 0.061131
0 0.825004 0.686869 0.062220 0.062220
0 0.417993 0.136349 0.061130 0.061130
0 0.824271 0.261326 0.104277 0.104277
0 0.808360 0.857062 0.052757 0.052757
0 0.444406 0.858456 0.104277 0.104277
0 0.966182 0.979187 0.052757 0.052757
0 0.268343 0.646745 0.104277 0.104277
0 0.227204 0.768356 0.104277 0.104277
0 0.113720 0.810330 0.071945 0.071945
0 0.590937 0.098225 0.071945 0.071945
0 0.158061 0.070287 0.052757 0.052757
0 0.271744 0.399487 0.062220 0.062220
0 0.234368 0.145422 0.071945 0.071945
0 0.701159 0.709665 0.104277 0.104277
0 0.297097 0.571745 0.057104 0.057104
0 0.791267 0.424445 0.104277 0.104277
0 0.840617 0.966786 0.061130 0.061130
0 0.746406 0.615564 0.071945 0.071945
0 0.956464 0.508188 0.052757 0.052757
0 0.669645 0.217083 0.104277 0.104277
0 0.307221 0.926355 0.062220 0.062220
0 0.787424 0.028276 0.071945 0.071945
0 0.365444 0.554181 0.104277 0.104277
0 0.782658 0.768323 0.052757 0.052757
0 0.523106 0.851373 0.062220 0.062220
0 0.250797 0.495243 0.061130 0.061130
0 0.130102 0.537117 0.057104 0.057104
0 0.035077 0.297003 0.104277 0.104277
0 0.730127 0.155581 0.057104 0.057104
0 0.773094 0.329256 0.062220 0.062220
0 0.525836 0.456443 0.052757 0.052757
0 0.672844 0.087365 0.062220 0.062220
0 0.067618 0.643875 0.057104 0.057104
0 0.183594 0.673966 0.104277 0.104277
0 0.644579 0.844193 0.062220 0.062220
0 0.493053 0.643311 0.071945 0.071945
0 0.123031 0.883295 0.071945 0.071945
0 0.858493 0.060058 0.061130 0.061130
0 0.703057 0.558320 0.102474 0.102474
0 0.743946 0.915440 0.071945 0.071945
0 0.312241 0.221711 0.052757 0.052757
0 0.597393 0.550495 0.104277 0.104277
0 0.122265 0.144466 0.104277 0.104277
0 0.069562 0.006112 0.057104 0.057104
0 0.274899 0.087716 0.052757 0.052757
0 0.606217 0.284287 0.062220 0.062220
0 0.449904 0.359837 0.061131 0.061131
0 0.408297 0.288288 0.071945 0.071945
0 0.196498 0.406837 0.062220 0.062220
0 0.437736 0.022141 0.061130 0.061130
0 0.411443 0.611148 0.057104 0.057104
0 0.149139 0.747687 0.057104 0.057104
0 0.224165 0.564675 0.104277 0.104277
0 0.017299 0.791351 0.062220 0.062220
0 0.092826 0.258458 0.071945 0.071945
0 0.892739 0.317232 0.045227 0.045227
0 0.552047 0.917126 0.062220 0.062220
0 0.527127 0.365559 0.052757 0.052757
0 0.236673 0.325097 0.061130 0.061130
0 0.948404 0.221027 0.061130 0.061130
0 0.044746 0.083887 0.057104 0.057104
0 0.510236 0.572669 0.062220 0.062220
0 0.043687 0.919288 0.061130 0.061130
0 0.454659 0.752428 0.104277 0.104277
0 0.047211 0.514406 0.062220 0.062220
0 0.024556 0.368262 0.071945 0.071945
0 0.182110 0.834440 0.062220 0.062220
0 0.366654 0.980158 0.052757 0.052757
0 0.638641 0.942094 0.052757 0.052757
0 0.249566 0.019026 0.104277 0.104277
0 0.282752 0.716081 0.062220 0.062220
0 0.604753 0.179320 0.052757 0.052757
0 0.156965 0.605428 0.071945 0.071945
0 0.516800 0.231184 0.052757 0.052757
0 0.939993 0.787882 0.061131 0.061131
0 0.458276 0.927988 0.061131 0.061131
0 0.336337 0.297571 0.057104 0.057104
0 0.806810 0.164724 0.061131 0.061131
0 0.712447 0.028987 0.057104 0.057104
0 0.433601 0.678150 0.104277 0.104277
0 0.905565 0.663894 0.061131 0.061131
0 0.871819 0.814979 0.062221 0.062221
0 0.707717 0.815261 0.052757 0.052757
0 0.603822 0.457620 0.055027 0.055027
0 0.736014 0.258442 0.061131 0.061131
0 0.394513 0.486533 0.062220 0.062220
0 0.813851 0.561798 0.104277 0.104277
0 0.249880 0.252561 0.050559 0.050559
0 0.544102 0.750696 0.052757 0.052757
0 0.379019 0.195340 0.061130 0.061130
0 0.508290 0.015712 0.071945 0.071945
0 0.064282 0.726908 0.052757 0.052757
0 0.350503 0.643496 0.071945 0.071945
0 0.219032 0.914553 0.061131 0.061131
0 0.507090 0.110265 0.071945 0.071945
0 0.466552 0.499343 0.104277 0.104277
0 0.630562 0.643600 0.061130 0.061130
0 0.309053 0.843606 0.104277 0.104277
0 0.893933 0.178218 0.052757 0.052757
0 0.024729 0.587572 0.061130 0.061130
0 0.619999 0.018840 0.104277 0.104277
0 0.344442 0.062329 0.104277 0.104277
0 0.108935 0.382243 0.052757 0.052757
0 0.868590 0.510472 0.057104 0.057104
0 0.882540 0.434389 0.088662 0.088662