0 0.282535 0.902052 0.062220 0.062220
0 0.452370 0.063448 0.062220 0.062220
0 0.201362 0.366481 0.104277 0.104277
0 0.229420 0.776437 0.057103 0.057103
0 0.000766 0.822082 0.052757 0.052757
0 0.925973 0.999528 0.057104 0.057104
0 0.922820 0.838703 0.052757 0.052757
0 0.406444 0.122290 0.062220 0.062220
0 0.748843 0.826006 0.061131 0.061131
0 0.553018 0.099302 0.070161 0.070161
0 0.183738 0.090914 0.104278 0.104278
0 0.434225 0.526627 0.057104 0.057104
0 0.683969 0.747313 0.062220 0.062220
0 0.976903 0.933989 0.061131 0.061131
0 0.161540 0.598575 0.104277 0.104277
0 0.822932 0.190499 0.071945 0.071945
0 0.342419 0.070426 0.071945 0.071945
0 0.638725 0.129055 0.062220 0.062220
0 0.655853 0.431347 0.061131 0.061131
0 0.943493 0.342398 0.061130 0.061130
0 0.968506 0.461273 0.104277 0.104277
0 0.675296 0.192891 0.104277 0.104277
0 0.083834 0.128493 0.071945 0.071945
0 0.589755 0.038526 0.061130 0.061130
0 0.180937 0.462724 0.057104 0.057104
0 0.371990 0.681758 0.057104 0.057104
0 0.129507 0.411593 0.104277 0.104277
0 0.719265 0.327817 0.071945 0.071945
0 0.490579 0.963860 0.061130 0.061130
0 0.976876 0.014719 0.061130 0.061130
0 0.405154 0.443054 0.104277 0.104277
0 0.292013 0.724193 0.052757 0.052757
0 0.095868 0.280541 0.052757 0.052757
0 0.570316 0.262118 0.104277 0.104277
0 0.671180 0.006715 0.057104 0.057104
0 0.362929 0.263902 0.062220 0.062220
0 0.045188 0.747535 0.062220 0.062220
0 0.781348 0.576731 0.071945 0.071945
0 0.217254 0.527223 0.057104 0.057104
0 0.374408 0.776258 0.057104 0.057104
0 0.140553 0.941799 0.057104 0.057104
0 0.382269 0.943546 0.057104 0.057104
0 0.422798 0.605587 0.052757 0.052757
0 0.493989 0.674668 0.104277 0.104277
0 0.462546 0.243779 0.062220 0.062220
0 0.055392 0.951182 0.052757 0.052757
0 0.795156 0.711145 0.061131 0.061131
0 0.250093 0.963152 0.052757 0.052757
0 0.067004 0.882473 0.061130 0.061130
0 0.270071 0.166906 0.071945 0.071945
0 0.435457 0.876645 0.104277 0.104277
0 0.570766 0.759842 0.061130 0.061130
0 0.260737 0.402690 0.052757 0.052757
0 0.306679 0.614273 0.057104 0.057104
0 0.135958 0.797291 0.071945 0.071945
0 0.653252 0.657630 0.104277 0.104277
0 0.704600 0.072354 0.062220 0.062220
0 0.866133 0.542090 0.062220 0.062220
0 0.558177 0.494993 0.062220 0.062220
0 0.884695 0.781524 0.057104 0.057104
0 0.118757 0.538441 0.052757 0.052757
0 0.749164 0.256292 0.061131 0.061131
0 0.647944 0.835956 0.062220 0.062220
0 0.039662 0.230000 0.071945 0.071945
0 0.653008 0.293610 0.061131 0.061131
0 0.001576 0.009360 0.104277 0.104277
0 0.921549 0.067814 0.071945 0.071945
0 0.451121 0.750366 0.061130 0.061130
0 0.612709 0.899574 0.104278 0.104278
0 0.615992 0.371773 0.052757 0.052757
0 0.695626 0.566594 0.061131 0.061131
0 0.913180 0.264136 0.057104 0.057104
0 0.520959 0.171806 0.052757 0.052757
0 0.862852 0.963745 0.062220 0.062220
0 0.768105 0.105469 0.071945 0.071945
0 0.669727 0.965485 0.062220 0.062220
0 0.494043 0.397188 0.104277 0.104277
0 0.272561 0.477175 0.061130 0.061130
0 0.216412 0.297091 0.104277 0.104277
0 0.179113 0.167991 0.052757 0.052757
0 0.914313 0.714572 0.052757 0.052757
0 0.701647 0.897856 0.071945 0.071945
0 0.399612 0.201754 0.057104 0.057104
0 0.952986 0.193283 0.062220 0.062220
0 0.281997 0.326180 0.071945 0.071945
0 0.945278 0.557729 0.057104 0.057104
0 0.512560 0.552622 0.061130 0.061130
0 0.348870 0.860968 0.057104 0.057104
0 0.779685 0.028519 0.071945 0.071945
0 0.547286 0.857654 0.104277 0.104277
0 0.276134 0.088684 0.056505 0.056505
0 0.223628 0.851317 0.104277 0.104277
0 0.879081 0.631415 0.057104 0.057104
0 0.784930 0.379436 0.104277 0.104277
0 0.741848 0.954782 0.052757 0.052757
0 0.553319 0.625535 0.061130 0.061130
0 0.851272 0.448873 0.052757 0.052757
0 0.730300 0.667556 0.071945 0.071945
0 0.858427 0.314417 0.071945 0.071945
0 0.872400 0.124431 0.104277 0.104277
0 0.496226 0.310037 0.057104 0.057104
0 0.270431 0.019995 0.061130 0.061130
0 0.247755 0.656394 0.062220 0.062220
0 0.598765 0.564345 0.071945 0.071945
0 0.346948 0.351336 0.057104 0.057104
0 0.069985 0.043797 0.062220 0.062220
0 0.029025 0.579550 0.104277 0.104277
0 0.007248 0.164216 0.057104 0.057104
0 0.147566 0.715249 0.052757 0.052757
0 0.034427 0.459845 0.057104 0.057104
0 0.094817 0.640706 0.062220 0.062220
0 0.738829 0.438573 0.052757 0.052757
0 0.830657 0.841165 0.061131 0.061131