0 0.284592 0.596352 0.104277 0.104277
0 0.241044 0.384361 0.061130 0.061130
0 0.643989 0.346070 0.052757 0.052757
0 0.174137 0.244690 0.104277 0.104277
0 0.235963 0.153642 0.071945 0.071945
0 0.434882 0.594028 0.062220 0.062220
0 0.387776 0.139252 0.071945 0.071945
0 0.466529 0.346110 0.104277 0.104277
0 0.141815 0.346259 0.052757 0.052757
0 0.075196 0.965228 0.052757 0.052757
0 0.544393 0.392635 0.071945 0.071945
0 0.471162 0.029555 0.061131 0.061131
0 0.179846 0.016743 0.104277 0.104277
0 0.799426 0.054022 0.062221 0.062221
0 0.688332 0.017027 0.104277 0.104277
0 0.798140 0.584503 0.047276 0.047276
0 0.688494 0.891104 0.062220 0.062220
0 0.278716 0.511167 0.057104 0.057104
0 0.049909 0.189199 0.062220 0.062220
0 0.314578 0.697803 0.051819 0.051819
0 0.789379 0.326136 0.071945 0.071945
0 0.218722 0.310898 0.061131 0.061131
0 0.494726 0.641516 0.052757 0.052757
0 0.251856 0.063239 0.057104 0.057104
0 0.207284 0.986604 0.104277 0.104277
0 0.556002 0.590031 0.057103 0.057103
0 0.302938 0.271393 0.052757 0.052757
0 0.570995 0.007195 0.104277 0.104277
0 0.629671 0.975455 0.062220 0.062220
0 0.359145 0.207353 0.057104 0.057104
0 0.749694 0.160110 0.052757 0.052757
0 0.471618 0.429364 0.036679 0.036679
0 0.590656 0.707371 0.104277 0.104277
0 0.689607 0.120921 0.062221 0.062221
0 0.305380 0.359975 0.057104 0.057104
0 0.390419 0.768147 0.104277 0.104277
0 0.044180 0.036656 0.052757 0.052757
0 0.385556 0.694854 0.071945 0.071945
0 0.628152 0.156550 0.052757 0.052757
0 0.615258 0.224412 0.104277 0.104277
0 0.782148 0.690428 0.071945 0.071945
0 0.040148 0.312608 0.071945 0.071945
0 0.092027 0.707563 0.052757 0.052757
0 0.520896 0.248044 0.104277 0.104277
0 0.149243 0.118939 0.071945 0.071945
0 0.687987 0.722239 0.061131 0.061131
0 0.804026 0.473501 0.057104 0.057104
0 0.306874 0.854776 0.054783 0.054783
0 0.611801 0.415519 0.062220 0.062220
0 0.474426 0.788688 0.057103 0.057103
0 0.274976 0.966942 0.071945 0.071945
0 0.058100 0.628194 0.071945 0.071945
0 0.568732 0.855509 0.061131 0.061131
0 0.155256 0.863444 0.057104 0.057104
0 0.519910 0.723390 0.061131 0.061131
0 0.111367 0.279057 0.057104 0.057104
0 0.467823 0.189752 0.061130 0.061130
0 0.785481 0.815932 0.071945 0.071945
0 0.790863 0.954457 0.104278 0.104278
0 0.720464 0.576370 0.062220 0.062220
0 0.546583 0.320367 0.061130 0.061130
0 0.169451 0.741570 0.052757 0.052757
0 0.417919 0.284235 0.062220 0.062220
0 0.027200 0.454243 0.104277 0.104277
0 0.190605 0.552116 0.071945 0.071945
0 0.722068 0.789035 0.104278 0.104278
0 0.331351 0.055265 0.062220 0.062220
0 0.399389 0.955434 0.052757 0.052757
0 0.695048 0.431443 0.104277 0.104277
0 0.080594 0.775986 0.062220 0.062220
0 0.645421 0.828614 0.062220 0.062220
0 0.077761 0.502780 0.104277 0.104277
0 0.056666 0.390090 0.052757 0.052757
0 0.363582 0.429778 0.062220 0.062220
0 0.026897 0.832075 0.104277 0.104277
0 0.505793 0.512474 0.104277 0.104277
0 0.181730 0.636032 0.057104 0.057104
0 0.568982 0.779113 0.071945 0.071945
0 0.419245 0.477696 0.071945 0.071945
0 0.137599 0.458840 0.052757 0.052757
0 0.383234 0.841525 0.104277 0.104277
0 0.809249 0.205351 0.071945 0.071945
0 0.560140 0.467843 0.061131 0.061131
0 0.692415 0.255573 0.071945 0.071945
0 0.447777 0.885723 0.057104 0.057104
0 0.487823 0.942861 0.104277 0.104277
0 0.293315 0.786822 0.052757 0.052757
0 0.220752 0.821049 0.104277 0.104277
0 0.524126 0.076715 0.057104 0.057104
0 0.652808 0.504840 0.071945 0.071945
0 0.151235 0.940014 0.071945 0.071945
0 0.616301 0.086931 0.052757 0.052757
0 0.356201 0.557595 0.057104 0.057104
0 0.625952 0.640326 0.061131 0.061131