0 0.214220 0.589407 0.071945 0.071945
0 0.489341 0.557386 0.071945 0.071945
0 0.769719 0.297707 0.071945 0.071945
0 0.015833 0.434752 0.104277 0.104277
0 0.521469 0.672756 0.052757 0.052757
0 0.078321 0.158978 0.052757 0.052757
0 0.222904 0.959739 0.061130 0.061130
0 0.759752 0.779910 0.061131 0.061131
0 0.665629 0.896244 0.062220 0.062220
0 0.258618 0.345724 0.061130 0.061130
0 0.664896 0.470701 0.104277 0.104277
0 0.108968 0.856120 0.104277 0.104277
0 0.067829 0.977731 0.104277 0.104277
0 0.691619 0.084854 0.062220 0.062220
0 0.431562 0.307600 0.071945 0.071945
0 0.112369 0.608862 0.062220 0.062220
0 0.074993 0.354797 0.071945 0.071945
0 0.541784 0.919040 0.104277 0.104277
0 0.137722 0.781120 0.057104 0.057104
0 0.631892 0.633820 0.104277 0.104277
0 0.587031 0.824939 0.071945 0.071945
0 0.797089 0.717563 0.052757 0.052757
0 0.210409 0.180354 0.104277 0.104277
0 0.510270 0.426458 0.104277 0.104277
0 0.628049 0.237651 0.071945 0.071945
0 0.206069 0.763556 0.104277 0.104277
0 0.623283 0.977698 0.052757 0.052757
0 0.632796 0.169205 0.062220 0.062220
0 0.091422 0.704618 0.061130 0.061130
0 0.570752 0.364956 0.057104 0.057104
0 0.613719 0.538631 0.062220 0.062220
0 0.366461 0.665818 0.052757 0.052757
0 0.513469 0.296740 0.062220 0.062220
0 0.024219 0.883341 0.104277 0.104277
0 0.333678 0.852686 0.071945 0.071945
0 0.699118 0.269433 0.061130 0.061130
0 0.543682 0.767695 0.102474 0.102474
0 0.152866 0.431086 0.052757 0.052757
0 0.438018 0.759870 0.104277 0.104277
0 0.115524 0.297091 0.052757 0.052757
0 0.309999 0.048526 0.054783 0.054783
0 0.446842 0.493662 0.062220 0.062220
0 0.290529 0.569212 0.061131 0.061131
0 0.248922 0.497663 0.071945 0.071945
0 0.278101 0.160692 0.071945 0.071945
0 0.037123 0.616212 0.062220 0.062220
0 0.278361 0.231516 0.061130 0.061130
0 0.252068 0.820523 0.057104 0.057104
0 0.571857 0.049259 0.061131 0.061131
0 0.158381 0.057194 0.057104 0.057104
0 0.064790 0.774050 0.104277 0.104277
0 0.733364 0.526607 0.045227 0.045227
0 0.367752 0.574934 0.052757 0.052757
0 0.788606 0.009682 0.071945 0.071945
0 0.793988 0.148207 0.104278 0.104278
0 0.077298 0.534472 0.061130 0.061130
0 0.789029 0.430402 0.061130 0.061130
0 0.350861 0.782044 0.062220 0.062220
0 0.295284 0.961803 0.104277 0.104277
0 0.402514 0.149184 0.052757 0.052757
0 0.648546 0.022364 0.062220 0.062220
0 0.090191 0.228401 0.104277 0.104277
0 0.123377 0.925456 0.062220 0.062220
0 0.445378 0.388695 0.052757 0.052757
0 0.357425 0.440559 0.052757 0.052757
0 0.780618 0.997257 0.061131 0.061131
0 0.176962 0.506946 0.057104 0.057104
0 0.030022 0.025825 0.104277 0.104277
0 0.647435 0.374099 0.061131 0.061131
0 0.553072 0.238362 0.057104 0.057104
0 0.274226 0.887525 0.104277 0.104277
0 0.746190 0.873269 0.061131 0.061131
0 0.386359 0.035275 0.104277 0.104277
0 0.444447 0.666995 0.055027 0.055027
0 0.576639 0.467817 0.061131 0.061131
0 0.235138 0.695908 0.062220 0.062220
0 0.654476 0.771173 0.104277 0.104277
0 0.090505 0.461936 0.050559 0.050559
0 0.384727 0.960071 0.052757 0.052757
0 0.219644 0.404715 0.061130 0.061130
0 0.348915 0.225087 0.071945 0.071945
0 0.450902 0.079473 0.057104 0.057104
0 0.490948 0.136611 0.104277 0.104277
0 0.191128 0.852871 0.071945 0.071945
0 0.347715 0.319640 0.071945 0.071945
0 0.307177 0.708718 0.104277 0.104277
0 0.223877 0.014799 0.104277 0.104277
0 0.471187 0.852975 0.061130 0.061130
0 0.734558 0.387593 0.052757 0.052757
0 0.154360 0.133764 0.071945 0.071945
0 0.460624 0.228215 0.104277 0.104277
0 0.185067 0.271704 0.104277 0.104277
0 0.736833 0.193760 0.061131 0.061131
0 0.709215 0.719847 0.057104 0.057104
0 0.723165 0.643764 0.088662 0.088662