0 0.399245 0.275948 0.062220 0.062220
0 0.148237 0.578981 0.104277 0.104277
0 0.176295 0.988937 0.057103 0.057103
0 0.948243 0.054087 0.052757 0.052757
0 0.982134 0.849938 0.071945 0.071945
0 0.353319 0.334790 0.062220 0.062220
0 0.499893 0.311802 0.070161 0.070161
0 0.130613 0.303414 0.104278 0.104278
0 0.381100 0.739127 0.057104 0.057104
0 0.630844 0.959813 0.062220 0.062220
0 0.108415 0.811075 0.104277 0.104277
0 0.769807 0.402999 0.071945 0.071945
0 0.867466 0.090377 0.062220 0.062220
0 0.289294 0.282926 0.071945 0.071945
0 0.585600 0.341555 0.062220 0.062220
0 0.602728 0.643847 0.061131 0.061131
0 0.890368 0.554898 0.061130 0.061130
0 0.263714 0.051506 0.062220 0.062220
0 0.915381 0.673773 0.104277 0.104277
0 0.622171 0.405391 0.104277 0.104277
0 0.797366 0.057782 0.052757 0.052757
0 0.030709 0.340993 0.071945 0.071945
0 0.536630 0.251026 0.061130 0.061130
0 0.127812 0.675224 0.057104 0.057104
0 0.249515 0.134267 0.071945 0.071945
0 0.318865 0.894258 0.057104 0.057104
0 0.076382 0.624093 0.104277 0.104277
0 0.666140 0.540317 0.071945 0.071945
0 0.183819 0.073268 0.104277 0.104277
0 0.000060 0.149048 0.104277 0.104277
0 0.127281 0.185705 0.057104 0.057104
0 0.119364 0.049004 0.071945 0.071945
0 0.923751 0.227219 0.061130 0.061130
0 0.352029 0.655554 0.104277 0.104277
0 0.730356 0.136831 0.071945 0.071945
0 0.336227 0.005260 0.071945 0.071945
0 0.238888 0.936693 0.052757 0.052757
0 0.042743 0.493041 0.052757 0.052757
0 0.517191 0.474618 0.104277 0.104277
0 0.618055 0.219215 0.057104 0.057104
0 0.309804 0.476402 0.062220 0.062220
0 0.618811 0.022071 0.061131 0.061131
0 0.728223 0.789231 0.071945 0.071945
0 0.164129 0.739723 0.057104 0.057104
0 0.321283 0.988758 0.057104 0.057104
0 0.588527 0.121346 0.071945 0.071945
0 0.477982 0.181528 0.071945 0.071945
0 0.369673 0.818087 0.052757 0.052757
0 0.440864 0.887168 0.104277 0.104277
0 0.409421 0.456279 0.062220 0.062220
0 0.339624 0.116582 0.052757 0.052757
0 0.742031 0.923645 0.061131 0.061131
0 0.216946 0.379406 0.071945 0.071945
0 0.517641 0.972342 0.061130 0.061130
0 0.207612 0.615190 0.052757 0.052757
0 0.253554 0.826773 0.057104 0.057104
0 0.600127 0.870130 0.104277 0.104277
0 0.715646 0.039360 0.052757 0.052757
0 0.651475 0.284854 0.062220 0.062220
0 0.813008 0.754590 0.062220 0.062220
0 0.505052 0.707493 0.062220 0.062220
0 0.831570 0.994024 0.057104 0.057104
0 0.921160 0.144507 0.061131 0.061131
0 0.065632 0.750941 0.052757 0.052757
0 0.395221 0.171693 0.052757 0.052757
0 0.696039 0.468792 0.061131 0.061131
0 0.448904 0.000657 0.071945 0.071945
0 0.599883 0.506110 0.061131 0.061131
0 0.868424 0.280314 0.071945 0.071945
0 0.472838 0.081910 0.057104 0.057104
0 0.955056 0.952648 0.071945 0.071945
0 0.397996 0.962866 0.061130 0.061130
0 0.089348 0.124604 0.062220 0.062220
0 0.562867 0.584273 0.052757 0.052757
0 0.642501 0.779094 0.061131 0.061131
0 0.860055 0.476636 0.057104 0.057104
0 0.467834 0.384306 0.052757 0.052757
0 0.714980 0.317969 0.071945 0.071945
0 0.977966 0.293844 0.052757 0.052757
0 0.796154 0.179972 0.071945 0.071945
0 0.440918 0.609688 0.104277 0.104277
0 0.219436 0.689675 0.061130 0.061130
0 0.163287 0.509591 0.104277 0.104277
0 0.125988 0.380491 0.052757 0.052757
0 0.861188 0.927072 0.052757 0.052757
0 0.997899 0.491212 0.071945 0.071945
0 0.346487 0.414254 0.057104 0.057104
0 0.899861 0.405783 0.062220 0.062220
0 0.228872 0.538680 0.071945 0.071945
0 0.305016 0.179117 0.104277 0.104277
0 0.892153 0.770229 0.057104 0.057104
0 0.459435 0.765122 0.061130 0.061130
0 0.726560 0.241019 0.071945 0.071945
0 0.223009 0.301184 0.056505 0.056505
0 0.825956 0.843915 0.057104 0.057104
0 0.731805 0.591936 0.104277 0.104277
0 0.500194 0.838035 0.061130 0.061130
0 0.798147 0.661373 0.052757 0.052757
0 0.677175 0.880056 0.071945 0.071945
0 0.966817 0.429375 0.104277 0.104277
0 0.805302 0.526917 0.071945 0.071945
0 0.819275 0.336931 0.104277 0.104277
0 0.443101 0.522537 0.057104 0.057104
0 0.217306 0.232495 0.061130 0.061130
0 0.194630 0.868894 0.062220 0.062220
0 0.545640 0.776845 0.071945 0.071945
0 0.550207 0.182580 0.057103 0.057103
0 0.293823 0.563836 0.057104 0.057104
0 0.016860 0.256297 0.062220 0.062220
0 0.094441 0.927749 0.052757 0.052757
0 0.034136 0.043547 0.061130 0.061130
0 0.041692 0.853206 0.062220 0.062220
0 0.685704 0.651073 0.052757 0.052757
0 0.980139 0.768227 0.062220 0.062220