0 0.474245 0.200948 0.062220 0.062220
0 0.223237 0.503981 0.104277 0.104277
0 0.251295 0.913937 0.057103 0.057103
0 0.022641 0.959582 0.052757 0.052757
0 0.944695 0.976203 0.052757 0.052757
0 0.428319 0.259790 0.062220 0.062220
0 0.770718 0.963506 0.061131 0.061131
0 0.574893 0.236802 0.070161 0.070161
0 0.205613 0.228414 0.104278 0.104278
0 0.456100 0.664127 0.057104 0.057104
0 0.705844 0.884813 0.062220 0.062220
0 0.183415 0.736075 0.104277 0.104277
0 0.844807 0.327999 0.071945 0.071945
0 0.942466 0.015377 0.062220 0.062220
0 0.364294 0.207926 0.071945 0.071945
0 0.660600 0.266555 0.062220 0.062220
0 0.677728 0.568847 0.061131 0.061131
0 0.965368 0.479898 0.061130 0.061130
0 0.990381 0.598773 0.104277 0.104277
0 0.697171 0.330391 0.104277 0.104277
0 0.105709 0.265993 0.071945 0.071945
0 0.611630 0.176026 0.061130 0.061130
0 0.202812 0.600224 0.057104 0.057104
0 0.324515 0.059267 0.071945 0.071945
0 0.393865 0.819258 0.057104 0.057104
0 0.151382 0.549093 0.104277 0.104277
0 0.741140 0.465317 0.071945 0.071945
0 0.075060 0.074048 0.104277 0.104277
0 0.202281 0.110705 0.057104 0.057104
0 0.998751 0.152219 0.061130 0.061130
0 0.427029 0.580554 0.104277 0.104277
0 0.805356 0.061831 0.071945 0.071945
0 0.313888 0.861693 0.052757 0.052757
0 0.117743 0.418041 0.052757 0.052757
0 0.592191 0.399618 0.104277 0.104277
0 0.693055 0.144215 0.057104 0.057104
0 0.384804 0.401402 0.062220 0.062220
0 0.067063 0.885035 0.062220 0.062220
0 0.803223 0.714231 0.071945 0.071945
0 0.239129 0.664723 0.057104 0.057104
0 0.396283 0.913758 0.057104 0.057104
0 0.663527 0.046346 0.071945 0.071945
0 0.552982 0.106528 0.071945 0.071945
0 0.444673 0.743087 0.052757 0.052757
0 0.515864 0.812168 0.104277 0.104277
0 0.484421 0.381279 0.062220 0.062220
0 0.414624 0.041582 0.052757 0.052757
0 0.817031 0.848645 0.061131 0.061131
0 0.291946 0.304406 0.071945 0.071945
0 0.592641 0.897342 0.061130 0.061130
0 0.282612 0.540190 0.052757 0.052757
0 0.328554 0.751773 0.057104 0.057104
0 0.157833 0.934791 0.071945 0.071945
0 0.675127 0.795130 0.104277 0.104277
0 0.726475 0.209854 0.062220 0.062220
0 0.888008 0.679590 0.062220 0.062220
0 0.580052 0.632493 0.062220 0.062220
0 0.906570 0.919024 0.057104 0.057104
0 0.996160 0.069507 0.061131 0.061131
0 0.140632 0.675941 0.052757 0.052757
0 0.470221 0.096693 0.052757 0.052757
0 0.771039 0.393792 0.061131 0.061131
0 0.669819 0.973456 0.062220 0.062220
0 0.061537 0.367500 0.071945 0.071945
0 0.674883 0.431110 0.061131 0.061131
0 0.023451 0.146860 0.104277 0.104277
0 0.943424 0.205314 0.071945 0.071945
0 0.547838 0.006910 0.057104 0.057104
0 0.472996 0.887866 0.061130 0.061130
0 0.000524 0.540152 0.057104 0.057104
0 0.164348 0.049604 0.062220 0.062220
0 0.637867 0.509273 0.052757 0.052757
0 0.717501 0.704094 0.061131 0.061131
0 0.935055 0.401636 0.057104 0.057104
0 0.542834 0.309306 0.052757 0.052757
0 0.789980 0.242969 0.071945 0.071945
0 0.871154 0.104972 0.071945 0.071945
0 0.515918 0.534688 0.104277 0.104277
0 0.294436 0.614675 0.061130 0.061130
0 0.238287 0.434591 0.104277 0.104277
0 0.200988 0.305491 0.052757 0.052757
0 0.936188 0.852072 0.052757 0.052757
0 0.005047 0.807369 0.057104 0.057104
0 0.421487 0.339254 0.057104 0.057104
0 0.974861 0.330783 0.062220 0.062220
0 0.303872 0.463680 0.071945 0.071945
0 0.380016 0.104117 0.104277 0.104277
0 0.967153 0.695229 0.057104 0.057104
0 0.534435 0.690122 0.061130 0.061130
0 0.370745 0.998468 0.057104 0.057104
0 0.801560 0.166019 0.071945 0.071945
0 0.569161 0.995154 0.104277 0.104277
0 0.298009 0.226184 0.056505 0.056505
0 0.245503 0.988817 0.104277 0.104277
0 0.900956 0.768915 0.057104 0.057104
0 0.806805 0.516936 0.104277 0.104277
0 0.575194 0.763035 0.061130 0.061130
0 0.873147 0.586373 0.052757 0.052757
0 0.752175 0.805056 0.071945 0.071945
0 0.880302 0.451917 0.071945 0.071945
0 0.894275 0.261931 0.104277 0.104277
0 0.518101 0.447537 0.057104 0.057104
0 0.292306 0.157495 0.061130 0.061130
0 0.269630 0.793894 0.062220 0.062220
0 0.620640 0.701845 0.071945 0.071945
0 0.625207 0.107580 0.057103 0.057103
0 0.368823 0.488836 0.057104 0.057104
0 0.091860 0.181297 0.062220 0.062220
0 0.050900 0.717050 0.104277 0.104277
0 0.029123 0.301716 0.057104 0.057104
0 0.169441 0.852749 0.052757 0.052757
0 0.056302 0.597345 0.057104 0.057104
0 0.116692 0.778206 0.062220 0.062220
0 0.760704 0.576073 0.052757 0.052757
0 0.852532 0.978665 0.061131 0.061131