0 0.672092 0.490102 0.104277 0.104277
0 0.628544 0.278111 0.061130 0.061130
0 0.344552 0.697630 0.104278 0.104278
0 0.561637 0.138440 0.104277 0.104277
0 0.623463 0.047392 0.071945 0.071945
0 0.822382 0.487778 0.062220 0.062220
0 0.775276 0.033002 0.071945 0.071945
0 0.854029 0.239860 0.104277 0.104277
0 0.529315 0.240009 0.052757 0.052757
0 0.462696 0.858978 0.052757 0.052757
0 0.931893 0.286385 0.071945 0.071945
0 0.073511 0.193106 0.052757 0.052757
0 0.361990 0.808435 0.052757 0.052757
0 0.383061 0.979662 0.052757 0.052757
0 0.666216 0.404917 0.057104 0.057104
0 0.437409 0.082949 0.062220 0.062220
0 0.702078 0.591553 0.051819 0.051819
0 0.348244 0.268108 0.104277 0.104277
0 0.606222 0.204648 0.061131 0.061131
0 0.882226 0.535266 0.052757 0.052757
0 0.040207 0.927340 0.104277 0.104277
0 0.073056 0.400936 0.057104 0.057104
0 0.594784 0.880354 0.104277 0.104277
0 0.943502 0.483781 0.057103 0.057103
0 0.690438 0.165143 0.052757 0.052757
0 0.746645 0.101103 0.057104 0.057104
0 0.897844 0.996740 0.062220 0.062220
0 0.859118 0.323114 0.036679 0.036679
0 0.294398 0.609068 0.052757 0.052757
0 0.978156 0.601121 0.104277 0.104277
0 0.117865 0.083582 0.057104 0.057104
0 0.692880 0.253725 0.057104 0.057104
0 0.777919 0.661897 0.104277 0.104277
0 0.773056 0.588604 0.071945 0.071945
0 0.204796 0.079839 0.057104 0.057104
0 0.427648 0.206358 0.071945 0.071945
0 0.479527 0.601313 0.052757 0.052757
0 0.908396 0.141794 0.104277 0.104277
0 0.536743 0.012689 0.071945 0.071945
0 0.294562 0.915487 0.057104 0.057104
0 0.499899 0.997091 0.052757 0.052757
0 0.694374 0.748526 0.054783 0.054783
0 0.999301 0.309269 0.062220 0.062220
0 0.861926 0.682438 0.057103 0.057103
0 0.662476 0.860692 0.071945 0.071945
0 0.662736 0.931516 0.061130 0.061130
0 0.445600 0.521944 0.071945 0.071945
0 0.219277 0.727541 0.061130 0.061130
0 0.110630 0.626383 0.071945 0.071945
0 0.277279 0.842079 0.052757 0.052757
0 0.956232 0.749259 0.061131 0.061131
0 0.542756 0.757194 0.057104 0.057104
0 0.907410 0.617140 0.061131 0.061131
0 0.498867 0.172807 0.057104 0.057104
0 0.119378 0.349569 0.071945 0.071945
0 0.099534 0.794676 0.061130 0.061130
0 0.070203 0.711011 0.062220 0.062220
0 0.855323 0.083502 0.061130 0.061130
0 0.213973 0.562197 0.062220 0.062220
0 0.329634 0.391197 0.061130 0.061130
0 0.934083 0.214117 0.061130 0.061130
0 0.556951 0.635320 0.052757 0.052757
0 0.119572 0.956977 0.052757 0.052757
0 0.269746 0.993262 0.057104 0.057104
0 0.264946 0.293458 0.061130 0.061130
0 0.236020 0.221723 0.061130 0.061130
0 0.805419 0.177985 0.062220 0.062220
0 0.414700 0.347993 0.104277 0.104277
0 0.578105 0.445866 0.071945 0.071945
0 0.786889 0.849184 0.052757 0.052757
0 0.268400 0.499584 0.061130 0.061130
0 0.006553 0.034558 0.104277 0.104277
0 0.368493 0.592120 0.057104 0.057104
0 0.260642 0.415902 0.104277 0.104277
0 0.468094 0.669736 0.062220 0.062220
0 0.465261 0.396530 0.104277 0.104277
0 0.444166 0.283840 0.052757 0.052757
0 0.474566 0.928401 0.104277 0.104277
0 0.751082 0.323528 0.062220 0.062220
0 0.156525 0.157327 0.071945 0.071945
0 0.210853 0.804176 0.104277 0.104277
0 0.171499 0.658197 0.071945 0.071945
0 0.414397 0.725825 0.104277 0.104277
0 0.893293 0.406224 0.104277 0.104277
0 0.042402 0.115994 0.104277 0.104277
0 0.569230 0.529782 0.057104 0.057104
0 0.052437 0.566361 0.050932 0.050932
0 0.937447 0.938362 0.057104 0.057104
0 0.189173 0.387475 0.052757 0.052757
0 0.956482 0.672863 0.071945 0.071945
0 0.806745 0.371446 0.071945 0.071945
0 0.166070 0.294535 0.061130 0.061130
0 0.525099 0.352590 0.052757 0.052757
0 0.379405 0.504037 0.057104 0.057104
0 0.770734 0.735275 0.104277 0.104277
0 0.162974 0.454501 0.061130 0.061130
0 0.025339 0.297660 0.071945 0.071945
0 0.947640 0.361593 0.061131 0.061131
0 0.733290 0.925087 0.071945 0.071945
0 0.835277 0.779473 0.057104 0.057104
0 0.152826 0.014161 0.048997 0.048997
0 0.875323 0.836611 0.104277 0.104277
0 0.376522 0.897492 0.061131 0.061131
0 0.223629 0.938817 0.104277 0.104277
0 0.351834 0.160153 0.062220 0.062220
0 0.680815 0.680572 0.052757 0.052757
0 0.608252 0.714799 0.104277 0.104277
0 0.123766 0.551186 0.062220 0.062220
0 0.355411 0.070342 0.061131 0.061131
0 0.298534 0.767544 0.071945 0.071945
0 0.129527 0.878573 0.061130 0.061130
0 0.538735 0.833764 0.071945 0.071945
0 0.844999 0.928215 0.104277 0.104277
0 0.569442 0.971704 0.104277 0.104277
0 0.282919 0.167147 0.071945 0.071945
0 0.743701 0.451345 0.057104 0.057104
0 0.078424 0.476741 0.071945 0.071945