0 0.467420 0.733226 0.062220 0.062220
0 0.774832 0.878830 0.062220 0.062220
0 0.800812 0.522196 0.052757 0.052757
0 0.812504 0.608745 0.104277 0.104277
0 0.652854 0.156203 0.061130 0.061130
0 0.571406 0.933117 0.052757 0.052757
0 0.409749 0.788108 0.071945 0.071945
0 0.792237 0.434775 0.104277 0.104277
0 0.874594 0.366573 0.104277 0.104277
0 0.798761 0.335633 0.061130 0.061130
0 0.157684 0.244167 0.062220 0.062220
0 0.264171 0.821234 0.061130 0.061130
0 0.705832 0.233590 0.104277 0.104277
0 0.541037 0.739288 0.061130 0.061130
0 0.521453 0.651405 0.052757 0.052757
0 0.925702 0.512628 0.104277 0.104277
0 0.682255 0.652232 0.061130 0.061130
0 0.763099 0.777690 0.062220 0.062220
0 0.378289 0.362924 0.061130 0.061130
0 0.958243 0.859500 0.057104 0.057104
0 0.180760 0.481536 0.104278 0.104278
0 0.504318 0.005912 0.104277 0.104277
0 0.424749 0.074836 0.052757 0.052757
0 0.804988 0.685900 0.057104 0.057104
0 0.622786 0.887343 0.062220 0.062220
0 0.647704 0.075073 0.104277 0.104277
0 0.721184 0.473555 0.052757 0.052757
0 0.337317 0.069034 0.052757 0.052757
0 0.329773 0.920821 0.062220 0.062220
0 0.841534 0.821343 0.057104 0.057104
0 0.583659 0.157130 0.052757 0.052757
0 0.960187 0.221737 0.057104 0.057104
0 0.653609 0.733444 0.061130 0.061130
0 0.863355 0.445723 0.061130 0.061130
0 0.538186 0.376274 0.104278 0.104278
0 0.605035 0.354665 0.052757 0.052757
0 0.884902 0.033791 0.061130 0.061130
0 0.618839 0.994475 0.062220 0.062220
0 0.942904 0.148329 0.052757 0.052757
0 0.246144 0.533742 0.062220 0.062220
0 0.397476 0.620966 0.062220 0.062220
0 0.614496 0.609689 0.057104 0.057104
0 0.983451 0.474083 0.071945 0.071945
0 0.765159 0.100926 0.061130 0.061130
0 0.735828 0.017261 0.062220 0.062220
0 0.404650 0.952972 0.062220 0.062220
0 0.204130 0.165438 0.061130 0.061130
0 0.785197 0.263227 0.052757 0.052757
0 0.935371 0.299512 0.057104 0.057104
0 0.570914 0.477158 0.057104 0.057104
0 0.279912 0.714848 0.104278 0.104278
0 0.498189 0.443538 0.071945 0.071945
0 0.398550 0.708312 0.052757 0.052757
0 0.937836 0.730031 0.062220 0.062220
0 0.915181 0.583887 0.071945 0.071945
0 0.436774 0.523104 0.052757 0.052757
0 0.629070 0.518996 0.071945 0.071945
0 0.155098 0.551578 0.104277 0.104277
0 0.331453 0.762830 0.057104 0.057104
0 0.365031 0.431508 0.057104 0.057104
0 0.335528 0.509330 0.104277 0.104277
0 0.876478 0.110426 0.104277 0.104277
0 0.296655 0.628855 0.104277 0.104277
0 0.287109 0.409890 0.071945 0.071945
0 0.578190 0.028514 0.071945 0.071945
0 0.723632 0.937755 0.104277 0.104277
0 0.161278 0.351131 0.057104 0.057104
0 0.508599 0.553889 0.052757 0.052757
0 0.257379 0.048826 0.104277 0.104277
0 0.268485 0.302893 0.057104 0.057104
0 0.157224 0.961655 0.062220 0.062220
0 0.451487 0.291529 0.104277 0.104277
0 0.954907 0.942533 0.052757 0.052757
0 0.501630 0.135764 0.104277 0.104277
0 0.889254 0.245067 0.104277 0.104277
0 0.407303 0.210541 0.052757 0.052757
0 0.490874 0.846457 0.057104 0.057104
0 0.211636 0.754844 0.062220 0.062220
0 0.211810 0.682409 0.057104 0.057104
0 0.286532 0.125330 0.104277 0.104277
0 0.376192 0.283177 0.061130 0.061130
0 0.881682 0.937811 0.052757 0.052757
0 0.499535 0.226127 0.062220 0.062220
0 0.566045 0.261169 0.071945 0.071945
0 0.964159 0.073794 0.071945 0.071945
0 0.795152 0.184823 0.061130 0.061130
0 0.915354 0.803197 0.061130 0.061130
0 0.204038 0.407609 0.052757 0.052757
0 0.586835 0.822541 0.104277 0.104277
0 0.246813 0.946383 0.057104 0.057104
0 0.695667 0.372273 0.104277 0.104277
0 0.176639 0.068061 0.071945 0.071945
0 0.469218 0.367545 0.052757 0.052757
0 0.999560 0.597868 0.052757 0.052757
0 0.278227 0.196672 0.104277 0.104277
0 0.734951 0.542533 0.104277 0.104277
0 0.159553 0.830565 0.057104 0.057104