0 0.400217 0.265102 0.104277 0.104277
0 0.356669 0.053111 0.061130 0.061130
0 0.072677 0.472630 0.104278 0.104278
0 0.759614 0.014820 0.052757 0.052757
0 0.550507 0.262778 0.062220 0.062220
0 0.582154 0.014860 0.104277 0.104277
0 0.257440 0.015009 0.052757 0.052757
0 0.882219 0.772707 0.071945 0.071945
0 0.128333 0.909752 0.104277 0.104277
0 0.190821 0.633978 0.052757 0.052757
0 0.660018 0.061385 0.071945 0.071945
0 0.371118 0.820724 0.061130 0.061130
0 0.777396 0.945701 0.104277 0.104277
0 0.913765 0.253253 0.047276 0.047276
0 0.804119 0.559854 0.062220 0.062220
0 0.090115 0.583435 0.052757 0.052757
0 0.544062 0.782600 0.071945 0.071945
0 0.111186 0.754662 0.052757 0.052757
0 0.394341 0.179917 0.057104 0.057104
0 0.187493 0.829797 0.071945 0.071945
0 0.430203 0.366553 0.051819 0.051819
0 0.076369 0.043108 0.104277 0.104277
0 0.610351 0.310266 0.052757 0.052757
0 0.322909 0.655354 0.104277 0.104277
0 0.622770 0.901458 0.104277 0.104277
0 0.740549 0.712651 0.071945 0.071945
0 0.671627 0.258781 0.057103 0.057103
0 0.745296 0.644205 0.062220 0.062220
0 0.683252 0.839956 0.057104 0.057104
0 0.625969 0.771740 0.062220 0.062220
0 0.587243 0.098114 0.036679 0.036679
0 0.022523 0.384068 0.052757 0.052757
0 0.706281 0.376121 0.104277 0.104277
0 0.421005 0.028725 0.057104 0.057104
0 0.506044 0.436897 0.104277 0.104277
0 0.811618 0.744433 0.061130 0.061130
0 0.501181 0.363604 0.071945 0.071945
0 0.897773 0.359178 0.071945 0.071945
0 0.265366 0.906086 0.052757 0.052757
0 0.207652 0.376313 0.052757 0.052757
0 0.803612 0.390989 0.061131 0.061131
0 0.075390 0.828841 0.104277 0.104277
0 0.022687 0.690487 0.057104 0.057104
0 0.228024 0.772091 0.052757 0.052757
0 0.919651 0.142251 0.057104 0.057104
0 0.422499 0.523526 0.054783 0.054783
0 0.727426 0.084269 0.062220 0.062220
0 0.559342 0.968662 0.062220 0.062220
0 0.590051 0.457438 0.057103 0.057103
0 0.361422 0.972663 0.071945 0.071945
0 0.390601 0.635692 0.071945 0.071945
0 0.390861 0.706516 0.061130 0.061130
0 0.173725 0.296944 0.071945 0.071945
0 0.005404 0.617079 0.052757 0.052757
0 0.684357 0.524259 0.061131 0.061131
0 0.270881 0.532194 0.057104 0.057104
0 0.635535 0.392140 0.061131 0.061131
0 0.045951 0.942833 0.071945 0.071945
0 0.057759 0.166197 0.061130 0.061130
0 0.901106 0.484682 0.071945 0.071945
0 0.906488 0.623207 0.104278 0.104278
0 0.836089 0.245120 0.062220 0.062220
0 0.285076 0.410320 0.052757 0.052757
0 0.901529 0.905402 0.061130 0.061130
0 0.142825 0.122993 0.104277 0.104277
0 0.306230 0.220866 0.071945 0.071945
0 0.837693 0.457785 0.104278 0.104278
0 0.515014 0.624184 0.052757 0.052757
0 0.810673 0.100193 0.104277 0.104277
0 0.096618 0.367120 0.057104 0.057104
0 0.196219 0.444736 0.062220 0.062220
0 0.761046 0.497364 0.062220 0.062220
0 0.193386 0.171530 0.104277 0.104277
0 0.172291 0.058840 0.052757 0.052757
0 0.202691 0.703401 0.104277 0.104277
0 0.557878 0.863695 0.052757 0.052757
0 0.479207 0.098528 0.062220 0.062220
0 0.469925 0.915559 0.052757 0.052757
0 0.289462 0.981946 0.057104 0.057104
0 0.142522 0.500825 0.104277 0.104277
0 0.621418 0.181224 0.104277 0.104277
0 0.297355 0.304782 0.057104 0.057104
0 0.759935 0.849099 0.061131 0.061131
0 0.665572 0.713362 0.057104 0.057104
0 0.684607 0.447863 0.071945 0.071945
0 0.534870 0.146446 0.071945 0.071945
0 0.253224 0.127590 0.052757 0.052757
0 0.107530 0.279037 0.057104 0.057104
0 0.498859 0.510275 0.104277 0.104277
0 0.689139 0.942817 0.061131 0.061131
0 0.203005 0.936936 0.050559 0.050559
0 0.675765 0.136593 0.061131 0.061131
0 0.332144 0.879715 0.061130 0.061130
0 0.461415 0.700087 0.071945 0.071945
0 0.563402 0.554473 0.057104 0.057104
0 0.603448 0.611611 0.104277 0.104277
0 0.104647 0.672492 0.061131 0.061131
0 0.460215 0.794640 0.071945 0.071945
0 0.408940 0.455572 0.052757 0.052757
0 0.336377 0.489799 0.104277 0.104277
0 0.847058 0.862593 0.052757 0.052757
0 0.026659 0.542544 0.071945 0.071945
0 0.768433 0.173590 0.071945 0.071945
0 0.266860 0.608764 0.071945 0.071945
0 0.573124 0.703215 0.104277 0.104277
0 0.297567 0.746704 0.104277 0.104277
0 0.849333 0.668760 0.061131 0.061131
0 0.471826 0.226345 0.057104 0.057104
0 0.741577 0.309076 0.061131 0.061131