0 0.248670 0.333226 0.062220 0.062220
0 0.594308 0.672854 0.062220 0.062220
0 0.556082 0.478830 0.062220 0.062220
0 0.331984 0.786468 0.057103 0.057103
0 0.847083 0.041002 0.104277 0.104277
0 0.582062 0.122196 0.052757 0.052757
0 0.593754 0.208745 0.104277 0.104277
0 0.940218 0.462370 0.104277 0.104277
0 0.352656 0.533117 0.052757 0.052757
0 0.899079 0.583981 0.104277 0.104277
0 0.785595 0.625955 0.071945 0.071945
0 0.190999 0.388108 0.071945 0.071945
0 0.943619 0.215112 0.062220 0.062220
0 0.311847 0.617787 0.062220 0.062220
0 0.216880 0.810769 0.071945 0.071945
0 0.573487 0.034775 0.104277 0.104277
0 0.241799 0.648423 0.104277 0.104277
0 0.968972 0.387370 0.057104 0.057104
0 0.045421 0.421234 0.061130 0.061130
0 0.322287 0.339288 0.061130 0.061130
0 0.302703 0.251405 0.052757 0.052757
0 0.093849 0.717586 0.104278 0.104278
0 0.979096 0.741980 0.062220 0.062220
0 0.922672 0.310868 0.061130 0.061130
0 0.801977 0.352742 0.057104 0.057104
0 0.706952 0.112628 0.104277 0.104277
0 0.491728 0.832351 0.062220 0.062220
0 0.463505 0.252232 0.061130 0.061130
0 0.544349 0.377690 0.062220 0.062220
0 0.739493 0.459500 0.057104 0.057104
0 0.855469 0.489591 0.104277 0.104277
0 0.649558 0.815646 0.071945 0.071945
0 0.586238 0.285900 0.057104 0.057104
0 0.351574 0.715031 0.061130 0.061130
0 0.794906 0.698920 0.071945 0.071945
0 0.404036 0.487343 0.062220 0.062220
0 0.502434 0.073555 0.052757 0.052757
0 0.602155 0.743656 0.057104 0.057104
0 0.984116 0.037336 0.052757 0.052757
0 0.111023 0.520821 0.062220 0.062220
0 0.622784 0.421343 0.057104 0.057104
0 0.434859 0.333444 0.061130 0.061130
0 0.565999 0.823309 0.052757 0.052757
0 0.644605 0.045723 0.061130 0.061130
0 0.868373 0.222462 0.062220 0.062220
0 0.400089 0.594475 0.062220 0.062220
0 0.821014 0.563312 0.057104 0.057104
0 0.027394 0.133742 0.062220 0.062220
0 0.896040 0.380300 0.104277 0.104277
0 0.525304 0.714670 0.050891 0.050891
0 0.178726 0.220966 0.062220 0.062220
0 0.251130 0.730105 0.104277 0.104277
0 0.395746 0.209689 0.057104 0.057104
0 0.689174 0.606976 0.062220 0.062220
0 0.764701 0.074083 0.071945 0.071945
0 0.809993 0.816042 0.057104 0.057104
0 0.185900 0.552972 0.062220 0.062220
0 0.410324 0.793692 0.052757 0.052757
0 0.457955 0.639816 0.062220 0.062220
0 0.553714 0.605735 0.104277 0.104277
0 0.908548 0.140722 0.061130 0.061130
0 0.352164 0.077158 0.057104 0.057104
0 0.061162 0.314848 0.104278 0.104278
0 0.279439 0.043538 0.071945 0.071945
0 0.179800 0.308312 0.052757 0.052757
0 0.088983 0.824439 0.071945 0.071945
0 0.715562 0.734913 0.061130 0.061130
0 0.719086 0.330031 0.062220 0.062220
0 0.696431 0.183887 0.071945 0.071945
0 0.853985 0.650065 0.062220 0.062220
0 0.148598 0.778211 0.057104 0.057104
0 0.218024 0.123104 0.052757 0.052757
0 0.410320 0.118996 0.071945 0.071945
0 0.112703 0.362830 0.057104 0.057104
0 0.146281 0.031508 0.057104 0.057104
0 0.426902 0.712625 0.062220 0.062220
0 0.116778 0.109330 0.104277 0.104277
0 0.725140 0.838263 0.062220 0.062220
0 0.954627 0.531706 0.062220 0.062220
0 0.828840 0.421053 0.071945 0.071945
0 0.077905 0.228855 0.104277 0.104277
0 0.068359 0.009890 0.071945 0.071945
0 0.504882 0.537755 0.104277 0.104277
0 0.078179 0.638514 0.061131 0.061131
0 0.289849 0.153889 0.052757 0.052757
0 0.948914 0.826693 0.061130 0.061130
0 0.921755 0.068186 0.050559 0.050559
0 0.736157 0.542533 0.052757 0.052757
0 0.151516 0.653609 0.057104 0.057104
0 0.890907 0.730178 0.061131 0.061131
0 0.272124 0.446457 0.057104 0.057104
0 0.980928 0.659231 0.104277 0.104277
0 0.662932 0.537811 0.052757 0.052757
0 0.696604 0.403197 0.061130 0.061130
0 0.368085 0.422541 0.104277 0.104277
0 0.028063 0.546383 0.057104 0.057104
0 0.016714 0.690390 0.061130 0.061130
0 0.780810 0.197868 0.052757 0.052757
0 0.516201 0.142533 0.104277 0.104277