0 0.029920 0.242601 0.062220 0.062220
0 0.375558 0.582229 0.062220 0.062220
0 0.337332 0.388205 0.062220 0.062220
0 0.826720 0.105032 0.071945 0.071945
0 0.113234 0.695843 0.057103 0.057103
0 0.835404 0.475364 0.061130 0.061130
0 0.363312 0.031571 0.052757 0.052757
0 0.897531 0.583456 0.104277 0.104277
0 0.375004 0.118120 0.104277 0.104277
0 0.721468 0.371745 0.104277 0.104277
0 0.133906 0.442492 0.052757 0.052757
0 0.680329 0.493356 0.104277 0.104277
0 0.566845 0.535330 0.071945 0.071945
0 0.724869 0.124487 0.062220 0.062220
0 0.093097 0.527162 0.062220 0.062220
0 0.023049 0.557798 0.104277 0.104277
0 0.750222 0.296745 0.057104 0.057104
0 0.103537 0.248663 0.061130 0.061130
0 0.083953 0.160780 0.052757 0.052757
0 0.760346 0.651355 0.062220 0.062220
0 0.818569 0.279181 0.104277 0.104277
0 0.976231 0.576373 0.062220 0.062220
0 0.703922 0.220243 0.061130 0.061130
0 0.583227 0.262117 0.057104 0.057104
0 0.488202 0.022003 0.104277 0.104277
0 0.272978 0.741726 0.062220 0.062220
0 0.244755 0.161607 0.061130 0.061130
0 0.325599 0.287065 0.062220 0.062220
0 0.978961 0.181443 0.052757 0.052757
0 0.520743 0.368875 0.057104 0.057104
0 0.636719 0.398966 0.104277 0.104277
0 0.430808 0.725021 0.071945 0.071945
0 0.367488 0.195275 0.057104 0.057104
0 0.132824 0.624406 0.061130 0.061130
0 0.946178 0.368311 0.071945 0.071945
0 0.576156 0.608295 0.071945 0.071945
0 0.185286 0.396718 0.062220 0.062220
0 0.383405 0.653031 0.057104 0.057104
0 0.404034 0.330718 0.057104 0.057104
0 0.216109 0.242819 0.061130 0.061130
0 0.903029 0.084837 0.061131 0.061131
0 0.347249 0.732684 0.052757 0.052757
0 0.861422 0.013288 0.071945 0.071945
0 0.649623 0.131837 0.062220 0.062220
0 0.864568 0.336148 0.057104 0.057104
0 0.181339 0.503850 0.062220 0.062220
0 0.602264 0.472687 0.057104 0.057104
0 0.677290 0.289675 0.104277 0.104277
0 0.306554 0.624045 0.050891 0.050891
0 0.032380 0.639480 0.104277 0.104277
0 0.176996 0.119064 0.057104 0.057104
0 0.470424 0.516351 0.062220 0.062220
0 0.591243 0.725417 0.057104 0.057104
0 0.191574 0.703067 0.052757 0.052757
0 0.980252 0.090559 0.052757 0.052757
0 0.239205 0.549191 0.062220 0.062220
0 0.334964 0.515110 0.104277 0.104277
0 0.689798 0.050097 0.061130 0.061130
0 0.959923 0.740697 0.052757 0.052757
0 0.963361 0.297669 0.062220 0.062220
0 0.496812 0.644288 0.061130 0.061130
0 0.907784 0.477428 0.104277 0.104277
0 0.500336 0.239406 0.062220 0.062220
0 0.477681 0.093262 0.071945 0.071945
0 0.635235 0.559440 0.062220 0.062220
0 0.191570 0.028371 0.071945 0.071945
0 0.819779 0.705158 0.052757 0.052757
0 0.208152 0.622000 0.062220 0.062220
0 0.506390 0.747638 0.062220 0.062220
0 0.735877 0.441081 0.062220 0.062220
0 0.610090 0.330428 0.071945 0.071945
0 0.911401 0.652988 0.061131 0.061131
0 0.789462 0.022571 0.057104 0.057104
0 0.286132 0.447130 0.104277 0.104277
0 0.886726 0.403150 0.104277 0.104277
0 0.071099 0.063264 0.052757 0.052757
0 0.847638 0.211533 0.062220 0.062220
0 0.730164 0.736068 0.061130 0.061130
0 0.875382 0.754203 0.062220 0.062220
0 0.997227 0.475696 0.052757 0.052757
0 0.517407 0.451908 0.052757 0.052757
0 0.803628 0.368496 0.071945 0.071945
0 0.672157 0.639553 0.061131 0.061131
0 0.919677 0.224343 0.104277 0.104277
0 0.053374 0.355832 0.057104 0.057104
0 0.762178 0.568606 0.104277 0.104277
0 0.444182 0.447186 0.052757 0.052757
0 0.477854 0.312572 0.061130 0.061130
0 0.149335 0.331916 0.104277 0.104277
0 0.562060 0.107243 0.052757 0.052757
0 0.297451 0.051908 0.104277 0.104277