0 0.134570 0.160634 0.104277 0.104277
0 0.836745 0.472823 0.062220 0.062220
0 0.585737 0.775856 0.104277 0.104277
0 0.790819 0.531665 0.062220 0.062220
0 0.937393 0.508677 0.070161 0.070161
0 0.439479 0.179338 0.062220 0.062220
0 0.568113 0.500289 0.104278 0.104278
0 0.818600 0.936002 0.057104 0.057104
0 0.687506 0.171696 0.057104 0.057104
0 0.234834 0.314896 0.062220 0.062220
0 0.726794 0.479801 0.071945 0.071945
0 0.701214 0.248381 0.062220 0.062220
0 0.354676 0.941009 0.104277 0.104277
0 0.248253 0.555173 0.104277 0.104277
0 0.209259 0.450167 0.071945 0.071945
0 0.468209 0.537868 0.071945 0.071945
0 0.133520 0.387627 0.057104 0.057104
0 0.974130 0.447901 0.061130 0.061130
0 0.565312 0.872099 0.057104 0.057104
0 0.212511 0.962840 0.062220 0.062220
0 0.687015 0.331142 0.071945 0.071945
0 0.224176 0.853062 0.062220 0.062220
0 0.513882 0.820968 0.104277 0.104277
0 0.285821 0.999361 0.062220 0.062220
0 0.621319 0.270143 0.104277 0.104277
0 0.437560 0.345923 0.104277 0.104277
0 0.564781 0.382580 0.057104 0.057104
0 0.556864 0.245879 0.071945 0.071945
0 0.128722 0.994115 0.104278 0.104278
0 0.789529 0.852429 0.104277 0.104277
0 0.773727 0.202135 0.071945 0.071945
0 0.480243 0.689916 0.052757 0.052757
0 0.954691 0.671493 0.104277 0.104277
0 0.747304 0.673277 0.062220 0.062220
0 0.333054 0.615494 0.062220 0.062220
0 0.601629 0.936598 0.057104 0.057104
0 0.355155 0.254628 0.104277 0.104277
0 0.128974 0.756005 0.052757 0.052757
0 0.915482 0.378403 0.071945 0.071945
0 0.846921 0.653154 0.062220 0.062220
0 0.278512 0.731385 0.061130 0.061130
0 0.166292 0.287098 0.071945 0.071945
0 0.777124 0.313457 0.052757 0.052757
0 0.654446 0.576281 0.071945 0.071945
0 0.645112 0.812065 0.052757 0.052757
0 0.129880 0.649793 0.104277 0.104277
0 0.152545 0.494059 0.052757 0.052757
0 0.288271 0.392474 0.104277 0.104277
0 0.359375 0.342063 0.057104 0.057104
0 0.942552 0.904368 0.062220 0.062220
0 0.345923 0.699976 0.061130 0.061130
0 0.215097 0.679234 0.061130 0.061130
0 0.503132 0.947816 0.052757 0.052757
0 0.832721 0.368568 0.052757 0.052757
0 0.886404 0.197532 0.071945 0.071945
0 0.424037 0.639375 0.071945 0.071945
0 0.385951 0.418735 0.104277 0.104277
0 0.910338 0.278785 0.057104 0.057104
0 0.282464 0.489864 0.057104 0.057104
0 0.363024 0.812027 0.057104 0.057104
0 0.526848 0.321479 0.062220 0.062220
0 0.596876 0.152059 0.104277 0.104277
0 0.905334 0.581181 0.052757 0.052757
0 0.161479 0.823169 0.061130 0.061130
0 0.182127 0.589276 0.104278 0.104278
0 0.969108 0.165377 0.104277 0.104277
0 0.878418 0.806563 0.104277 0.104277
0 0.656936 0.886550 0.061130 0.061130
0 0.600787 0.706466 0.104277 0.104277
0 0.563488 0.577366 0.052757 0.052757
0 0.783987 0.611129 0.057104 0.057104
0 0.666372 0.735555 0.071945 0.071945
0 0.742516 0.375992 0.104277 0.104277
0 0.896935 0.961997 0.061130 0.061130
0 0.201630 0.377019 0.071945 0.071945
0 0.660509 0.498059 0.056505 0.056505
0 0.299528 0.859705 0.062220 0.062220
0 0.880601 0.719412 0.057104 0.057104
0 0.654806 0.429370 0.061130 0.061130
0 0.983140 0.973720 0.071945 0.071945
0 0.987707 0.379455 0.057103 0.057103
0 0.731323 0.760711 0.057104 0.057104
0 0.454360 0.453172 0.062220 0.062220
0 0.364911 0.159115 0.062220 0.062220
0 0.413400 0.988925 0.104277 0.104277
0 0.391623 0.573591 0.057104 0.057104
0 0.418802 0.869220 0.057104 0.057104
0 0.471636 0.240422 0.061130 0.061130
0 0.266291 0.248044 0.057104 0.057104
0 0.239853 0.159187 0.071945 0.071945
0 0.165933 0.907968 0.061130 0.061130