0 0.849137 0.932190 0.104277 0.104277
0 0.910963 0.841142 0.071945 0.071945
0 0.854846 0.704243 0.104277 0.104277
0 0.361011 0.986856 0.052757 0.052757
0 0.310660 0.480177 0.062220 0.062220
0 0.724909 0.876699 0.062220 0.062220
0 0.982918 0.640214 0.052757 0.052757
0 0.235217 0.707393 0.052757 0.052757
0 0.893722 0.998398 0.061131 0.061131
0 0.257545 0.354562 0.057103 0.057103
0 0.926856 0.750739 0.057104 0.057104
0 0.426598 0.601853 0.071945 0.071945
0 0.977938 0.958893 0.052757 0.052757
0 0.473846 0.664292 0.061130 0.061130
0 0.028891 0.400207 0.052757 0.052757
0 0.651980 0.788247 0.052757 0.052757
0 0.954098 0.577653 0.057104 0.057104
0 0.950945 0.416828 0.052757 0.052757
0 0.776968 0.404131 0.061131 0.061131
0 0.405365 0.877332 0.057104 0.057104
0 0.719180 0.724156 0.052757 0.052757
0 0.492296 0.873589 0.057104 0.057104
0 0.462350 0.104752 0.057104 0.057104
0 0.712094 0.325438 0.062220 0.062220
0 0.824243 0.806439 0.071945 0.071945
0 0.189665 0.176700 0.104277 0.104277
0 0.173707 0.618887 0.071945 0.071945
0 0.103462 0.611802 0.057104 0.057104
0 0.683978 0.009472 0.061131 0.061131
0 0.371515 0.777794 0.057104 0.057104
0 0.996631 0.039398 0.104277 0.104277
0 0.209062 0.040849 0.057104 0.057104
0 0.400115 0.259883 0.057104 0.057104
0 0.786367 0.966557 0.057104 0.057104
0 0.518704 0.541985 0.061130 0.061130
0 0.433279 0.021179 0.104277 0.104277
0 0.320138 0.302318 0.052757 0.052757
0 0.106994 0.945562 0.071945 0.071945
0 0.073313 0.325660 0.062220 0.062220
0 0.809473 0.154856 0.071945 0.071945
0 0.790841 0.606275 0.104277 0.104277
0 0.245379 0.105348 0.057104 0.057104
0 0.402533 0.354383 0.057104 0.057104
0 0.304638 0.741746 0.104277 0.104277
0 0.168678 0.519924 0.057104 0.057104
0 0.410394 0.521671 0.057104 0.057104
0 0.076033 0.697053 0.057104 0.057104
0 0.450923 0.183712 0.052757 0.052757
0 0.522114 0.252793 0.104277 0.104277
0 0.278960 0.636008 0.104277 0.104277
0 0.563003 0.753411 0.052757 0.052757
0 0.294053 0.828308 0.104277 0.104277
0 0.083517 0.529307 0.052757 0.052757
0 0.823281 0.289270 0.061131 0.061131
0 0.278218 0.541277 0.052757 0.052757
0 0.095129 0.460598 0.061130 0.061130
0 0.237450 0.978391 0.052757 0.052757
0 0.463582 0.454770 0.104277 0.104277
0 0.598891 0.337967 0.061130 0.061130
0 0.334804 0.192398 0.057104 0.057104
0 0.164083 0.375416 0.071945 0.071945
0 0.681377 0.235755 0.104277 0.104277
0 0.002097 0.788039 0.061130 0.061130
0 0.894258 0.120215 0.062220 0.062220
0 0.586302 0.073118 0.062220 0.062220
0 0.912820 0.359649 0.057104 0.057104
0 0.444025 0.951077 0.071945 0.071945
0 0.368970 0.704047 0.062220 0.062220
0 0.146882 0.116566 0.052757 0.052757
0 0.683302 0.643744 0.052757 0.052757
0 0.676069 0.414081 0.062220 0.062220
0 0.329902 0.909744 0.104277 0.104277
0 0.479246 0.328491 0.061130 0.061130
0 0.640834 0.477699 0.104278 0.104278
0 0.723751 0.144719 0.061131 0.061131
0 0.021280 0.488743 0.061130 0.061130
0 0.890977 0.541870 0.062220 0.062220
0 0.165710 0.724539 0.057104 0.057104
0 0.476218 0.733446 0.057104 0.057104
0 0.697852 0.543610 0.062220 0.062220
0 0.576409 0.658186 0.057104 0.057104
0 0.300686 0.055300 0.061130 0.061130
0 0.165474 0.802648 0.061130 0.061130
0 0.095311 0.789927 0.062220 0.062220
0 0.942438 0.292697 0.052757 0.052757
0 0.440326 0.807911 0.048997 0.048997
0 0.729772 0.475981 0.071945 0.071945
0 0.011297 0.247994 0.057104 0.057104
0 0.643352 0.712542 0.062220 0.062220
0 0.973403 0.135854 0.057104 0.057104
0 0.540685 0.130747 0.061130 0.061130
0 0.376995 0.439093 0.057104 0.057104
0 0.575411 0.435779 0.104277 0.104277
0 0.251753 0.429442 0.104277 0.104277
0 0.907206 0.209540 0.057104 0.057104
0 0.639334 0.953903 0.062220 0.062220
0 0.769973 0.532907 0.052757 0.052757
0 0.581444 0.203660 0.061130 0.061130
0 0.879397 0.026998 0.052757 0.052757
0 0.642911 0.864092 0.061131 0.061131
0 0.758425 0.245681 0.071945 0.071945
0 0.063872 0.874467 0.071945 0.071945
0 0.275880 0.234519 0.062220 0.062220
0 0.626890 0.142470 0.071945 0.071945
0 0.217685 0.902288 0.104277 0.104277
0 0.057150 0.157675 0.104277 0.104277
0 0.175691 0.293374 0.052757 0.052757
0 0.062552 0.037970 0.057104 0.057104
0 0.358127 0.626155 0.057104 0.057104
0 0.122942 0.218831 0.062220 0.062220
0 0.766954 0.016698 0.052757 0.052757
0 0.570419 0.960897 0.071945 0.071945
0 0.858782 0.419290 0.061131 0.061131