0 0.886096 0.985493 0.104277 0.104277
0 0.341910 0.761427 0.062220 0.062220
0 0.266467 0.988643 0.052757 0.052757
0 0.260737 0.225856 0.104277 0.104277
0 0.288795 0.635812 0.057103 0.057103
0 0.457848 0.883103 0.071945 0.071945
0 0.505096 0.945542 0.061130 0.061130
0 0.060141 0.681457 0.052757 0.052757
0 0.985348 0.858903 0.057104 0.057104
0 0.982195 0.698078 0.052757 0.052757
0 0.808218 0.685381 0.061131 0.061131
0 0.493600 0.386002 0.057104 0.057104
0 0.743344 0.606688 0.062220 0.062220
0 0.220915 0.457950 0.104277 0.104277
0 0.882307 0.049874 0.071945 0.071945
0 0.204957 0.900137 0.071945 0.071945
0 0.134712 0.893052 0.057104 0.057104
0 0.715228 0.290722 0.061131 0.061131
0 0.029676 0.391009 0.104277 0.104277
0 0.734671 0.052266 0.104277 0.104277
0 0.240312 0.322099 0.057104 0.057104
0 0.431365 0.541133 0.057104 0.057104
0 0.188882 0.270968 0.104277 0.104277
0 0.778640 0.187192 0.071945 0.071945
0 0.549954 0.823235 0.061130 0.061130
0 0.464529 0.302429 0.104277 0.104277
0 0.351388 0.583568 0.052757 0.052757
0 0.155243 0.139916 0.052757 0.052757
0 0.629691 0.121493 0.104277 0.104277
0 0.422304 0.123277 0.062220 0.062220
0 0.104563 0.606910 0.062220 0.062220
0 0.840723 0.436106 0.071945 0.071945
0 0.822091 0.887525 0.104277 0.104277
0 0.008054 0.065494 0.062220 0.062220
0 0.276629 0.386598 0.057104 0.057104
0 0.433783 0.635633 0.057104 0.057104
0 0.199928 0.801174 0.057104 0.057104
0 0.441644 0.802921 0.057104 0.057104
0 0.107283 0.978303 0.057104 0.057104
0 0.482173 0.464962 0.052757 0.052757
0 0.553364 0.534043 0.104277 0.104277
0 0.521921 0.103154 0.062220 0.062220
0 0.310210 0.917258 0.104277 0.104277
0 0.114767 0.810557 0.052757 0.052757
0 0.854531 0.570520 0.061131 0.061131
0 0.309468 0.822527 0.052757 0.052757
0 0.126379 0.741848 0.061130 0.061130
0 0.329446 0.026281 0.071945 0.071945
0 0.494832 0.736020 0.104277 0.104277
0 0.630141 0.619217 0.061130 0.061130
0 0.320112 0.262065 0.052757 0.052757
0 0.366054 0.473648 0.057104 0.057104
0 0.195333 0.656666 0.071945 0.071945
0 0.712627 0.517005 0.104277 0.104277
0 0.925508 0.401465 0.062220 0.062220
0 0.617552 0.354368 0.062220 0.062220
0 0.944070 0.640899 0.057104 0.057104
0 0.020923 0.149976 0.061130 0.061130
0 0.400220 0.985297 0.062220 0.062220
0 0.178132 0.397816 0.052757 0.052757
0 0.808539 0.115667 0.061131 0.061131
0 0.714552 0.924994 0.052757 0.052757
0 0.707319 0.695331 0.062220 0.062220
0 0.099037 0.089375 0.071945 0.071945
0 0.712383 0.152985 0.061131 0.061131
0 0.510496 0.609741 0.061130 0.061130
0 0.038024 0.262027 0.057104 0.057104
0 0.672084 0.758949 0.104278 0.104278
0 0.675367 0.231148 0.052757 0.052757
0 0.755001 0.425969 0.061131 0.061131
0 0.972555 0.123511 0.057104 0.057104
0 0.052530 0.769993 0.061130 0.061130
0 0.580334 0.031181 0.052757 0.052757
0 0.019142 0.607179 0.062220 0.062220
0 0.922227 0.823120 0.062220 0.062220
0 0.729102 0.824860 0.062220 0.062220
0 0.607659 0.939436 0.057104 0.057104
0 0.553418 0.256563 0.104277 0.104277
0 0.331936 0.336550 0.061130 0.061130
0 0.275787 0.156466 0.104277 0.104277
0 0.238488 0.027366 0.052757 0.052757
0 0.973688 0.573947 0.052757 0.052757
0 0.761022 0.757231 0.071945 0.071945
0 0.042547 0.529244 0.057104 0.057104
0 0.674602 0.993792 0.062220 0.062220
0 0.458987 0.061129 0.057104 0.057104
0 0.341372 0.185555 0.071945 0.071945
0 0.571935 0.411997 0.061130 0.061130
0 0.408245 0.720343 0.057104 0.057104
0 0.606661 0.717029 0.104277 0.104277
0 0.283003 0.710692 0.104277 0.104277
0 0.938456 0.490790 0.057104 0.057104
0 0.844305 0.238811 0.104277 0.104277
0 0.801223 0.814157 0.052757 0.052757
0 0.612694 0.484910 0.061130 0.061130
0 0.910647 0.308248 0.052757 0.052757
0 0.789675 0.526931 0.071945 0.071945
0 0.917802 0.173792 0.071945 0.071945
0 0.555601 0.169412 0.057104 0.057104
0 0.307130 0.515769 0.062220 0.062220
0 0.658140 0.423720 0.071945 0.071945
0 0.406323 0.210711 0.057104 0.057104
0 0.005312 0.871500 0.061130 0.061130
0 0.088400 0.438925 0.104277 0.104277
0 0.066623 0.023591 0.057104 0.057104
0 0.206941 0.574624 0.052757 0.052757
0 0.093802 0.319220 0.057104 0.057104
0 0.389377 0.907405 0.057104 0.057104
0 0.154192 0.500081 0.062220 0.062220
0 0.798204 0.297948 0.052757 0.052757
0 0.890032 0.700540 0.061131 0.061131