0 0.251588 0.916142 0.071945 0.071945
0 0.403401 0.901752 0.071945 0.071945
0 0.454307 0.450786 0.104277 0.104277
0 0.486787 0.792055 0.061131 0.061131
0 0.644409 0.415314 0.104277 0.104277
0 0.195471 0.779243 0.104277 0.104277
0 0.688598 0.611562 0.057104 0.057104
0 0.557864 0.061644 0.062220 0.062220
0 0.815051 0.816522 0.062221 0.062221
0 0.690842 0.059591 0.057104 0.057104
0 0.703957 0.779527 0.104277 0.104277
0 0.780983 0.573441 0.104277 0.104277
0 0.607439 0.325071 0.057104 0.057104
0 0.535599 0.176554 0.104277 0.104277
0 0.517902 0.528450 0.104277 0.104277
0 0.065534 0.951699 0.062220 0.062220
0 0.323543 0.715214 0.052757 0.052757
0 0.520793 0.367030 0.061131 0.061131
0 0.267481 0.825739 0.057104 0.057104
0 0.404009 0.290563 0.071945 0.071945
0 0.586620 0.769695 0.104277 0.104277
0 0.621018 0.190842 0.062220 0.062220
0 0.456897 0.586105 0.062220 0.062220
0 0.374770 0.969853 0.057104 0.057104
0 0.294723 0.652653 0.057104 0.057104
0 0.291570 0.491828 0.052757 0.052757
0 0.765319 0.922610 0.052757 0.052757
0 0.402724 0.630091 0.061130 0.061130
0 0.679175 0.312093 0.071945 0.071945
0 0.760972 0.082634 0.071945 0.071945
0 0.117593 0.479131 0.061131 0.061131
0 0.705232 0.883421 0.062221 0.062221
0 0.622760 0.011247 0.071945 0.071945
0 0.059805 0.799156 0.052757 0.052757
0 0.706862 0.688909 0.071945 0.071945
0 0.643777 0.919050 0.052757 0.052757
0 0.612587 0.502900 0.061130 0.061130
0 0.630883 0.986912 0.104277 0.104277
0 0.052719 0.400438 0.062220 0.062220
0 0.345653 0.587114 0.061131 0.061131
0 0.164868 0.881439 0.071945 0.071945
0 0.394880 0.520567 0.057104 0.057104
0 0.809907 0.020847 0.071945 0.071945
0 0.461794 0.114372 0.071945 0.071945
0 0.024603 0.084472 0.061131 0.061131
0 0.337256 0.114398 0.104277 0.104277
0 0.805285 0.442477 0.057104 0.057104
0 0.461172 0.246075 0.104277 0.104277
0 0.753260 0.189775 0.104278 0.104278
0 0.483448 0.952252 0.061130 0.061130
0 0.618374 0.577775 0.061130 0.061130
0 0.150098 0.229856 0.071945 0.071945
0 0.131466 0.681275 0.104277 0.104277
0 0.346976 0.817765 0.062220 0.062220
0 0.163906 0.364270 0.061131 0.061131
0 0.022002 0.310755 0.104277 0.104277
0 0.234883 0.195215 0.062220 0.062220
0 0.757617 0.496479 0.052757 0.052757
0 0.253445 0.434649 0.057104 0.057104
0 0.414048 0.735616 0.071945 0.071945
0 0.023927 0.718744 0.052757 0.052757
0 0.016694 0.489081 0.062220 0.062220
0 0.376931 0.393273 0.071945 0.071945
0 0.064376 0.219719 0.061131 0.061131
0 0.231602 0.616870 0.062220 0.062220
0 0.824874 0.967851 0.071945 0.071945
0 0.794703 0.271817 0.057104 0.057104
0 0.675643 0.241937 0.057104 0.057104
0 0.533013 0.265823 0.052757 0.052757
0 0.038477 0.618610 0.062220 0.062220
0 0.283063 0.367697 0.052757 0.052757
0 0.070397 0.550981 0.071945 0.071945
0 0.802421 0.667048 0.104277 0.104277
0 0.314028 0.210854 0.057104 0.057104
0 0.557008 0.699277 0.057104 0.057104
0 0.247831 0.284540 0.057104 0.057104
0 0.153680 0.032561 0.104277 0.104277
0 0.110598 0.607907 0.052757 0.052757
0 0.539751 0.839215 0.057104 0.057104
0 0.220022 0.101998 0.052757 0.052757
0 0.099050 0.320681 0.071945 0.071945
0 0.548413 0.625578 0.104277 0.104277
0 0.775405 0.375282 0.061130 0.061130
0 0.443933 0.030742 0.104277 0.104277
0 0.617746 0.653173 0.104277 0.104277
0 0.631926 0.849431 0.052757 0.052757
0 0.107579 0.091698 0.052757 0.052757
0 0.402014 0.208852 0.062220 0.062220
0 0.199407 0.494290 0.061131 0.061131