0 0.627880 0.303617 0.071945 0.071945
0 0.423057 0.807036 0.104277 0.104277
0 0.613159 0.771564 0.104277 0.104277
0 0.657348 0.967812 0.057104 0.057104
0 0.526614 0.417894 0.062220 0.062220
0 0.659592 0.415841 0.057104 0.057104
0 0.749733 0.929691 0.104277 0.104277
0 0.692403 0.341149 0.052757 0.052757
0 0.576189 0.681321 0.057104 0.057104
0 0.504349 0.532804 0.104277 0.104277
0 0.486652 0.884700 0.104277 0.104277
0 0.489543 0.723280 0.061131 0.061131
0 0.499351 0.347187 0.052757 0.052757
0 0.372759 0.646813 0.071945 0.071945
0 0.589768 0.547092 0.062220 0.062220
0 0.425647 0.942355 0.062220 0.062220
0 0.260320 0.848078 0.052757 0.052757
0 0.371474 0.986341 0.061130 0.061130
0 0.647925 0.668343 0.071945 0.071945
0 0.729722 0.438884 0.071945 0.071945
0 0.086343 0.835381 0.061131 0.061131
0 0.591510 0.367497 0.071945 0.071945
0 0.581337 0.859150 0.061130 0.061130
0 0.021469 0.756688 0.062220 0.062220
0 0.760023 0.202233 0.061131 0.061131
0 0.314403 0.943364 0.061131 0.061131
0 0.363630 0.876817 0.057104 0.057104
0 0.778657 0.377097 0.071945 0.071945
0 0.160432 0.199874 0.071945 0.071945
0 0.441831 0.107250 0.061130 0.061130
0 0.430544 0.470622 0.071945 0.071945
0 0.280993 0.351773 0.061130 0.061130
0 0.791223 0.300460 0.071945 0.071945
0 0.306006 0.470648 0.104277 0.104277
0 0.012796 0.202266 0.104277 0.104277
0 0.774035 0.798727 0.057104 0.057104
0 0.056765 0.337192 0.071945 0.071945
0 0.429922 0.602325 0.104277 0.104277
0 0.722010 0.546025 0.104278 0.104278
0 0.587124 0.934025 0.061130 0.061130
0 0.314376 0.024094 0.061130 0.061130
0 0.410930 0.003195 0.057104 0.057104
0 0.671361 0.115529 0.057104 0.057104
0 0.008680 0.016090 0.057104 0.057104
0 0.118848 0.586106 0.071945 0.071945
0 0.132656 0.720520 0.061131 0.061131
0 0.526515 0.208467 0.062220 0.062220
0 0.490090 0.270034 0.062220 0.062220
0 0.042100 0.081729 0.062220 0.062220
0 0.203633 0.551465 0.062220 0.062220
0 0.726367 0.852729 0.052757 0.052757
0 0.222195 0.790899 0.057104 0.057104
0 0.086664 0.265667 0.061131 0.061131
0 0.259049 0.077189 0.071945 0.071945
0 0.345681 0.749523 0.071945 0.071945
0 0.773729 0.077527 0.061131 0.061131
0 0.033126 0.575969 0.061131 0.061131
0 0.452242 0.197181 0.052757 0.052757
0 0.250680 0.273511 0.057104 0.057104
0 0.200352 0.973120 0.062220 0.062220
0 0.105605 0.114844 0.071945 0.071945
0 0.763453 0.628067 0.057104 0.057104
0 0.644393 0.598187 0.057104 0.057104
0 0.368591 0.090719 0.052757 0.052757
0 0.501763 0.622073 0.052757 0.052757
0 0.007227 0.974860 0.062220 0.062220
0 0.251813 0.723947 0.052757 0.052757
0 0.039147 0.907231 0.071945 0.071945
0 0.388524 0.288087 0.071945 0.071945
0 0.290486 0.202658 0.062220 0.062220
0 0.282778 0.567104 0.057104 0.057104
0 0.117185 0.037894 0.071945 0.071945
0 0.664615 0.234446 0.062220 0.062220
0 0.216581 0.640790 0.057104 0.057104
0 0.122430 0.388811 0.104277 0.104277
0 0.079348 0.964157 0.052757 0.052757
0 0.188772 0.458248 0.052757 0.052757
0 0.067800 0.676931 0.071945 0.071945
0 0.357442 0.226250 0.104277 0.104277
0 0.195927 0.323792 0.071945 0.071945
0 0.517163 0.981828 0.104277 0.104277
0 0.209900 0.133806 0.104277 0.104277
0 0.744155 0.731532 0.061130 0.061130
0 0.568867 0.077895 0.071945 0.071945
0 0.724744 0.268674 0.104278 0.104278
0 0.412683 0.386992 0.104277 0.104277
0 0.469460 0.041685 0.052757 0.052757
0 0.076329 0.447948 0.052757 0.052757
0 0.370764 0.565102 0.062220 0.062220
0 0.168157 0.850540 0.061131 0.061131