0 0.412717 0.677602 0.104277 0.104277
0 0.369169 0.465611 0.061130 0.061130
0 0.085177 0.885130 0.104278 0.104278
0 0.772114 0.427320 0.052757 0.052757
0 0.302262 0.325940 0.104277 0.104277
0 0.364088 0.234892 0.071945 0.071945
0 0.563007 0.675278 0.062220 0.062220
0 0.515901 0.220502 0.071945 0.071945
0 0.594654 0.427360 0.104277 0.104277
0 0.269940 0.427509 0.052757 0.052757
0 0.672518 0.473885 0.071945 0.071945
0 0.599287 0.110805 0.061131 0.061131
0 0.307971 0.097993 0.104277 0.104277
0 0.927551 0.135272 0.062221 0.062221
0 0.816457 0.098277 0.104277 0.104277
0 0.926265 0.665753 0.047276 0.047276
0 0.816619 0.972354 0.062220 0.062220
0 0.102615 0.995935 0.052757 0.052757
0 0.406841 0.592417 0.057104 0.057104
0 0.178034 0.270449 0.062220 0.062220
0 0.442703 0.779053 0.051819 0.051819
0 0.436043 0.033964 0.052757 0.052757
0 0.088869 0.455608 0.104277 0.104277
0 0.917504 0.407386 0.071945 0.071945
0 0.346847 0.392148 0.061131 0.061131
0 0.622851 0.722766 0.052757 0.052757
0 0.379981 0.144489 0.057104 0.057104
0 0.684127 0.671281 0.057103 0.057103
0 0.431063 0.352643 0.052757 0.052757
0 0.699120 0.088445 0.104277 0.104277
0 0.105105 0.181997 0.052757 0.052757
0 0.487270 0.288603 0.057104 0.057104
0 0.877819 0.241360 0.052757 0.052757
0 0.599743 0.510614 0.036679 0.036679
0 0.035023 0.796568 0.052757 0.052757
0 0.718781 0.788621 0.104277 0.104277
0 0.817732 0.202171 0.062221 0.062221
0 0.433505 0.441225 0.057104 0.057104
0 0.518544 0.849397 0.104277 0.104277
0 0.172305 0.117906 0.052757 0.052757
0 0.513681 0.776104 0.071945 0.071945
0 0.819362 0.007659 0.071945 0.071945
0 0.756277 0.237800 0.052757 0.052757
0 0.743383 0.305662 0.104277 0.104277
0 0.910273 0.771678 0.071945 0.071945
0 0.168273 0.393858 0.071945 0.071945
0 0.220152 0.788813 0.052757 0.052757
0 0.649021 0.329294 0.104277 0.104277
0 0.277368 0.200189 0.071945 0.071945
0 0.816112 0.803489 0.061131 0.061131
0 0.932151 0.554751 0.057104 0.057104
0 0.434999 0.936026 0.054783 0.054783
0 0.739926 0.496769 0.062220 0.062220
0 0.602551 0.869938 0.057103 0.057103
0 0.186225 0.709444 0.071945 0.071945
0 0.696857 0.936759 0.061131 0.061131
0 0.283381 0.944694 0.057104 0.057104
0 0.648035 0.804640 0.061131 0.061131
0 0.239492 0.360307 0.057104 0.057104
0 0.595948 0.271002 0.061130 0.061130
0 0.070259 0.578697 0.061130 0.061130
0 0.913606 0.897182 0.071945 0.071945
0 0.848589 0.657620 0.062220 0.062220
0 0.674708 0.401617 0.061130 0.061130
0 0.297576 0.822820 0.052757 0.052757
0 0.243966 0.000025 0.104277 0.104277
0 0.005571 0.480958 0.061130 0.061130
0 0.546044 0.365485 0.062220 0.062220
0 0.155325 0.535493 0.104277 0.104277
0 0.318730 0.633366 0.071945 0.071945
0 0.850193 0.870285 0.104278 0.104278
0 0.016128 0.147161 0.052757 0.052757
0 0.459476 0.136515 0.062220 0.062220
0 0.009025 0.687084 0.061130 0.061130
0 0.823173 0.512693 0.104277 0.104277
0 0.109118 0.779620 0.057104 0.057104
0 0.001267 0.603402 0.104277 0.104277
0 0.208719 0.857236 0.062220 0.062220
0 0.773546 0.909864 0.062220 0.062220
0 0.205886 0.584030 0.104277 0.104277
0 0.184791 0.471340 0.052757 0.052757
0 0.491707 0.511028 0.062220 0.062220
0 0.526548 0.054366 0.071945 0.071945
0 0.155022 0.913325 0.104277 0.104277
0 0.136427 0.037494 0.052757 0.052757
0 0.633918 0.593724 0.104277 0.104277
0 0.309855 0.717282 0.057104 0.057104
0 0.697107 0.860363 0.071945 0.071945
0 0.547370 0.558946 0.071945 0.071945
0 0.265724 0.540090 0.052757 0.052757
0 0.120030 0.691537 0.057104 0.057104
0 0.511359 0.922775 0.104277 0.104277
0 0.937374 0.286601 0.071945 0.071945
0 0.029534 0.051936 0.057104 0.057104
0 0.688265 0.549093 0.061131 0.061131
0 0.820540 0.336823 0.071945 0.071945
0 0.575902 0.966973 0.057104 0.057104
0 0.096477 0.106292 0.062220 0.062220
0 0.669508 0.018027 0.057104 0.057104
0 0.092459 0.347653 0.062220 0.062220
0 0.421440 0.868072 0.052757 0.052757
0 0.348877 0.902299 0.104277 0.104277
0 0.652251 0.157965 0.057104 0.057104
0 0.096036 0.257842 0.061131 0.061131
0 0.039159 0.955044 0.071945 0.071945
0 0.780933 0.586090 0.071945 0.071945
0 0.744426 0.168181 0.052757 0.052757
0 0.023544 0.354647 0.071945 0.071945
0 0.484326 0.638845 0.057104 0.057104
0 0.754077 0.721576 0.061131 0.061131