0 0.113058 0.988479 0.062220 0.062220
0 0.074832 0.794455 0.062220 0.062220
0 0.564220 0.511282 0.071945 0.071945
0 0.839341 0.479261 0.071945 0.071945
0 0.365833 0.356627 0.104277 0.104277
0 0.871469 0.594631 0.052757 0.052757
0 0.428321 0.080853 0.052757 0.052757
0 0.572904 0.881614 0.061130 0.061130
0 0.608618 0.267599 0.061130 0.061130
0 0.100812 0.437821 0.052757 0.052757
0 0.998985 0.988312 0.052757 0.052757
0 0.635031 0.989706 0.104277 0.104277
0 0.112504 0.524370 0.104277 0.104277
0 0.458968 0.777995 0.104277 0.104277
0 0.417829 0.899606 0.104277 0.104277
0 0.304345 0.941580 0.071945 0.071945
0 0.327615 0.030310 0.052757 0.052757
0 0.781562 0.229475 0.071945 0.071945
0 0.348686 0.201537 0.052757 0.052757
0 0.462369 0.530737 0.062220 0.062220
0 0.092237 0.350400 0.104277 0.104277
0 0.424993 0.276672 0.071945 0.071945
0 0.174594 0.282198 0.104277 0.104277
0 0.891784 0.840915 0.104277 0.104277
0 0.098761 0.251258 0.061130 0.061130
0 0.487722 0.702995 0.057104 0.057104
0 0.981892 0.555695 0.104277 0.104277
0 0.937031 0.746814 0.071945 0.071945
0 0.005832 0.149215 0.104277 0.104277
0 0.560409 0.102229 0.104277 0.104277
0 0.860270 0.348333 0.104277 0.104277
0 0.978049 0.159526 0.071945 0.071945
0 0.556069 0.685431 0.104277 0.104277
0 0.973283 0.899573 0.052757 0.052757
0 0.982796 0.091080 0.062220 0.062220
0 0.713731 0.982623 0.062220 0.062220
0 0.441422 0.626493 0.061130 0.061130
0 0.320727 0.668367 0.057104 0.057104
0 0.225702 0.428253 0.104277 0.104277
0 0.063099 0.693315 0.062220 0.062220
0 0.920752 0.286831 0.057104 0.057104
0 0.963719 0.460506 0.062220 0.062220
0 0.716461 0.587693 0.052757 0.052757
0 0.863469 0.218615 0.062220 0.062220
0 0.258243 0.775125 0.057104 0.057104
0 0.374219 0.805216 0.104277 0.104277
0 0.104988 0.601525 0.057104 0.057104
0 0.835204 0.975443 0.062220 0.062220
0 0.683678 0.774561 0.071945 0.071945
0 0.021184 0.389180 0.052757 0.052757
0 0.893682 0.689570 0.102474 0.102474
0 0.502866 0.352961 0.052757 0.052757
0 0.788018 0.681745 0.104277 0.104277
0 0.141534 0.736968 0.057104 0.057104
0 0.312890 0.275716 0.104277 0.104277
0 0.260187 0.137362 0.057104 0.057104
0 0.465524 0.218966 0.052757 0.052757
0 0.796842 0.415537 0.062220 0.062220
0 0.640529 0.491087 0.061131 0.061131
0 0.163355 0.361348 0.061130 0.061130
0 0.598922 0.419538 0.071945 0.071945
0 0.628101 0.082567 0.071945 0.071945
0 0.387123 0.538087 0.062220 0.062220
0 0.628361 0.153391 0.061130 0.061130
0 0.602068 0.742398 0.057104 0.057104
0 0.339764 0.878937 0.057104 0.057104
0 0.242904 0.063954 0.052757 0.052757
0 0.414790 0.695925 0.104277 0.104277
0 0.207924 0.922601 0.062220 0.062220
0 0.283451 0.389708 0.071945 0.071945
0 0.065159 0.016551 0.061130 0.061130
0 0.717752 0.496809 0.052757 0.052757
0 0.072464 0.921360 0.104277 0.104277
0 0.427298 0.456347 0.061130 0.061130
0 0.085197 0.178852 0.052757 0.052757
0 0.235371 0.215137 0.057104 0.057104
0 0.700861 0.703919 0.062220 0.062220
0 0.645284 0.883678 0.104277 0.104277
0 0.237836 0.645656 0.062220 0.062220
0 0.215181 0.499512 0.071945 0.071945
0 0.372735 0.965690 0.062220 0.062220
0 0.752514 0.071059 0.052757 0.052757
0 0.440191 0.150276 0.104277 0.104277
0 0.473377 0.847331 0.062220 0.062220
0 0.795378 0.310570 0.052757 0.052757
0 0.347590 0.736678 0.071945 0.071945
0 0.176478 0.026051 0.104277 0.104277
0 0.707425 0.362434 0.052757 0.052757
0 0.526962 0.428821 0.057104 0.057104
0 0.023632 0.853380 0.104277 0.104277
0 0.997435 0.295974 0.061131 0.061131
0 0.903072 0.160237 0.057104 0.057104
0 0.624226 0.809400 0.104277 0.104277
0 0.898342 0.946511 0.052757 0.052757
0 0.794447 0.588870 0.055027 0.055027
0 0.926639 0.389692 0.061131 0.061131
0 0.585138 0.617783 0.062220 0.062220
0 0.440505 0.383811 0.050559 0.050559
0 0.734727 0.881946 0.052757 0.052757
0 0.569644 0.326590 0.061130 0.061130
0 0.698915 0.146962 0.071945 0.071945
0 0.800902 0.001348 0.057104 0.057104
0 0.254907 0.858158 0.052757 0.052757
0 0.840948 0.058486 0.104277 0.104277
0 0.541128 0.774746 0.071945 0.071945
0 0.342147 0.119367 0.061131 0.061131
0 0.189254 0.160692 0.104277 0.104277
0 0.697715 0.241515 0.071945 0.071945
0 0.657177 0.630593 0.104277 0.104277
0 0.821187 0.774850 0.061130 0.061130
0 0.499678 0.974856 0.104277 0.104277
0 0.181682 0.853436 0.052757 0.052757
0 0.095152 0.100448 0.061130 0.061130
0 0.504360 0.055639 0.071945 0.071945
0 0.215354 0.718822 0.061130 0.061130
0 0.810624 0.150090 0.104277 0.104277
0 0.535067 0.193579 0.104277 0.104277
0 0.299560 0.513493 0.052757 0.052757
0 0.034951 0.458158 0.104277 0.104277