0 0.437717 0.636977 0.104277 0.104277
0 0.394169 0.424986 0.061130 0.061130
0 0.110177 0.844505 0.104278 0.104278
0 0.797114 0.386695 0.052757 0.052757
0 0.327262 0.285315 0.104277 0.104277
0 0.389088 0.194267 0.071945 0.071945
0 0.588007 0.634653 0.062220 0.062220
0 0.540901 0.179877 0.071945 0.071945
0 0.619654 0.386735 0.104277 0.104277
0 0.294940 0.386884 0.052757 0.052757
0 0.697518 0.433260 0.071945 0.071945
0 0.624287 0.070180 0.061131 0.061131
0 0.332971 0.057368 0.104277 0.104277
0 0.952551 0.094647 0.062221 0.062221
0 0.841457 0.057652 0.104277 0.104277
0 0.951265 0.625128 0.047276 0.047276
0 0.841619 0.931729 0.062220 0.062220
0 0.127615 0.955310 0.052757 0.052757
0 0.431841 0.551792 0.057104 0.057104
0 0.203034 0.229824 0.062220 0.062220
0 0.467703 0.738428 0.051819 0.051819
0 0.113869 0.414983 0.104277 0.104277
0 0.942504 0.366761 0.071945 0.071945
0 0.371847 0.351523 0.061131 0.061131
0 0.647851 0.682141 0.052757 0.052757
0 0.404981 0.103864 0.057104 0.057104
0 0.709127 0.630656 0.057103 0.057103
0 0.456063 0.312018 0.052757 0.052757
0 0.724120 0.047820 0.104277 0.104277
0 0.130105 0.141372 0.052757 0.052757
0 0.512270 0.247978 0.057104 0.057104
0 0.902819 0.200735 0.052757 0.052757
0 0.624743 0.469989 0.036679 0.036679
0 0.060023 0.755943 0.052757 0.052757
0 0.743781 0.747996 0.104277 0.104277
0 0.842732 0.161546 0.062221 0.062221
0 0.458505 0.400600 0.057104 0.057104
0 0.543544 0.808772 0.104277 0.104277
0 0.197305 0.077281 0.052757 0.052757
0 0.538681 0.735479 0.071945 0.071945
0 0.781277 0.197175 0.052757 0.052757
0 0.768383 0.265037 0.104277 0.104277
0 0.935273 0.731053 0.071945 0.071945
0 0.193273 0.353233 0.071945 0.071945
0 0.245152 0.748188 0.052757 0.052757
0 0.674021 0.288669 0.104277 0.104277
0 0.302368 0.159564 0.071945 0.071945
0 0.841112 0.762864 0.061131 0.061131
0 0.957151 0.514126 0.057104 0.057104
0 0.459999 0.895401 0.054783 0.054783
0 0.764926 0.456144 0.062220 0.062220
0 0.627551 0.829313 0.057103 0.057103
0 0.211225 0.668819 0.071945 0.071945
0 0.042904 0.988954 0.052757 0.052757
0 0.721857 0.896134 0.061131 0.061131
0 0.308381 0.904069 0.057104 0.057104
0 0.673035 0.764015 0.061131 0.061131
0 0.264492 0.319682 0.057104 0.057104
0 0.620948 0.230377 0.061130 0.061130
0 0.095259 0.538072 0.061130 0.061130
0 0.938606 0.856557 0.071945 0.071945
0 0.943988 0.995082 0.104278 0.104278
0 0.873589 0.616995 0.062220 0.062220
0 0.699708 0.360992 0.061130 0.061130
0 0.322576 0.782195 0.052757 0.052757
0 0.030571 0.440333 0.061130 0.061130
0 0.001645 0.368598 0.061130 0.061130
0 0.571044 0.324860 0.062220 0.062220
0 0.180325 0.494868 0.104277 0.104277
0 0.343730 0.592741 0.071945 0.071945
0 0.875193 0.829660 0.104278 0.104278
0 0.041128 0.106536 0.052757 0.052757
0 0.484476 0.095890 0.062220 0.062220
0 0.552514 0.996059 0.052757 0.052757
0 0.034025 0.646459 0.061130 0.061130
0 0.848173 0.472068 0.104277 0.104277
0 0.134118 0.738995 0.057104 0.057104
0 0.026267 0.562777 0.104277 0.104277
0 0.233719 0.816611 0.062220 0.062220
0 0.798546 0.869239 0.062220 0.062220
0 0.230886 0.543405 0.104277 0.104277
0 0.209791 0.430715 0.052757 0.052757
0 0.516707 0.470403 0.062220 0.062220
0 0.551548 0.013741 0.071945 0.071945
0 0.180022 0.872700 0.104277 0.104277
0 0.658918 0.553099 0.104277 0.104277
0 0.334855 0.676657 0.057104 0.057104
0 0.722107 0.819738 0.071945 0.071945
0 0.572370 0.518321 0.071945 0.071945
0 0.290724 0.499465 0.052757 0.052757
0 0.145030 0.650912 0.057104 0.057104
0 0.536359 0.882150 0.104277 0.104277
0 0.962374 0.245976 0.071945 0.071945
0 0.054534 0.011311 0.057104 0.057104
0 0.713265 0.508468 0.061131 0.061131
0 0.845540 0.296198 0.071945 0.071945
0 0.600902 0.926348 0.057104 0.057104
0 0.640948 0.983486 0.104277 0.104277
0 0.121477 0.065667 0.062220 0.062220
0 0.117459 0.307028 0.062220 0.062220
0 0.446440 0.827447 0.052757 0.052757
0 0.373877 0.861674 0.104277 0.104277
0 0.677251 0.117340 0.057104 0.057104
0 0.121036 0.217217 0.061131 0.061131
0 0.064159 0.914419 0.071945 0.071945
0 0.805933 0.545465 0.071945 0.071945
0 0.304360 0.980639 0.071945 0.071945
0 0.769426 0.127556 0.052757 0.052757
0 0.048544 0.314022 0.071945 0.071945
0 0.509326 0.598220 0.057104 0.057104
0 0.779077 0.680951 0.061131 0.061131