0 0.107052 0.047630 0.104278 0.104278
0 0.361095 0.639407 0.071945 0.071945
0 0.636216 0.607386 0.071945 0.071945
0 0.916594 0.347707 0.071945 0.071945
0 0.162708 0.484752 0.104277 0.104277
0 0.668344 0.722756 0.052757 0.052757
0 0.225196 0.208978 0.052757 0.052757
0 0.906627 0.829910 0.061131 0.061131
0 0.812504 0.946244 0.062220 0.062220
0 0.405493 0.395724 0.061130 0.061130
0 0.811771 0.520701 0.104277 0.104277
0 0.255843 0.906120 0.104277 0.104277
0 0.838494 0.134854 0.062220 0.062220
0 0.124490 0.158435 0.052757 0.052757
0 0.578437 0.357600 0.071945 0.071945
0 0.145561 0.329662 0.052757 0.052757
0 0.259244 0.658862 0.062220 0.062220
0 0.221868 0.404797 0.071945 0.071945
0 0.688659 0.969040 0.104277 0.104277
0 0.284597 0.831120 0.057104 0.057104
0 0.778767 0.683820 0.104277 0.104277
0 0.733906 0.874939 0.071945 0.071945
0 0.943964 0.767563 0.052757 0.052757
0 0.357284 0.230354 0.104277 0.104277
0 0.657145 0.476458 0.104277 0.104277
0 0.774924 0.287651 0.071945 0.071945
0 0.352944 0.813556 0.104277 0.104277
0 0.779671 0.219205 0.062220 0.062220
0 0.238297 0.754618 0.061130 0.061130
0 0.117602 0.796492 0.057104 0.057104
0 0.022577 0.556378 0.104277 0.104277
0 0.717627 0.414956 0.057104 0.057104
0 0.760594 0.588631 0.062220 0.062220
0 0.513336 0.715818 0.052757 0.052757
0 0.660344 0.346740 0.062220 0.062220
0 0.055118 0.903250 0.057104 0.057104
0 0.171094 0.933341 0.104277 0.104277
0 0.540419 0.011897 0.104277 0.104277
0 0.480553 0.902686 0.071945 0.071945
0 0.845993 0.319433 0.061130 0.061130
0 0.690557 0.817695 0.102474 0.102474
0 0.299741 0.481086 0.052757 0.052757
0 0.584893 0.809870 0.104277 0.104277
0 0.109765 0.403841 0.104277 0.104277
0 0.057062 0.265487 0.057104 0.057104
0 0.262399 0.347091 0.052757 0.052757
0 0.456874 0.098526 0.054783 0.054783
0 0.593717 0.543662 0.062220 0.062220
0 0.437404 0.619212 0.061131 0.061131
0 0.624426 0.032438 0.057103 0.057103
0 0.395797 0.547663 0.071945 0.071945
0 0.424976 0.210692 0.071945 0.071945
0 0.183998 0.666212 0.062220 0.062220
0 0.425236 0.281516 0.061130 0.061130
0 0.398943 0.870523 0.057104 0.057104
0 0.039779 0.192079 0.052757 0.052757
0 0.718732 0.099259 0.061131 0.061131
0 0.305256 0.107194 0.057104 0.057104
0 0.211665 0.824050 0.104277 0.104277
0 0.080326 0.517833 0.071945 0.071945
0 0.880239 0.576607 0.045227 0.045227
0 0.514627 0.624934 0.052757 0.052757
0 0.935481 0.059682 0.071945 0.071945
0 0.940863 0.198207 0.104278 0.104278
0 0.224173 0.584472 0.061130 0.061130
0 0.935904 0.480402 0.061130 0.061130
0 0.032246 0.343262 0.057104 0.057104
0 0.497736 0.832044 0.062220 0.062220
0 0.034711 0.773781 0.062220 0.062220
0 0.012056 0.627637 0.071945 0.071945
0 0.872068 0.032785 0.104278 0.104278
0 0.549389 0.199184 0.052757 0.052757
0 0.230594 0.019736 0.062220 0.062220
0 0.795421 0.072364 0.062220 0.062220
0 0.237066 0.278401 0.104277 0.104277
0 0.270252 0.975456 0.062220 0.062220
0 0.592253 0.438695 0.052757 0.052757
0 0.144465 0.864803 0.071945 0.071945
0 0.504300 0.490559 0.052757 0.052757
0 0.323837 0.556946 0.057104 0.057104
0 0.176897 0.075825 0.104277 0.104277
0 0.794310 0.424099 0.061131 0.061131
0 0.699947 0.288362 0.057104 0.057104
0 0.421101 0.937525 0.104277 0.104277
0 0.893065 0.923269 0.061131 0.061131
0 0.718982 0.022863 0.071945 0.071945
0 0.533234 0.085275 0.104277 0.104277
0 0.591322 0.716995 0.055027 0.055027
0 0.723514 0.517817 0.061131 0.061131
0 0.382013 0.745908 0.062220 0.062220
0 0.801351 0.821173 0.104277 0.104277
0 0.237380 0.511936 0.050559 0.050559
0 0.366519 0.454715 0.061130 0.061130
0 0.495790 0.275087 0.071945 0.071945
0 0.597777 0.129473 0.057104 0.057104
0 0.051782 0.986283 0.052757 0.052757
0 0.637823 0.186611 0.104277 0.104277
0 0.338003 0.902871 0.071945 0.071945
0 0.139022 0.247492 0.061131 0.061131
0 0.494590 0.369640 0.071945 0.071945
0 0.454052 0.758718 0.104277 0.104277
0 0.443315 0.030572 0.052757 0.052757
0 0.370752 0.064799 0.104277 0.104277
0 0.618062 0.902975 0.061130 0.061130
0 0.881433 0.437593 0.052757 0.052757
0 0.061034 0.117544 0.071945 0.071945
0 0.301235 0.183764 0.071945 0.071945
0 0.012229 0.846947 0.061130 0.061130
0 0.607499 0.278215 0.104277 0.104277
0 0.331942 0.321704 0.104277 0.104277
0 0.096435 0.641618 0.052757 0.052757
0 0.883708 0.243760 0.061131 0.061131
0 0.856090 0.769847 0.057104 0.057104
0 0.870040 0.693764 0.088662 0.088662