0 0.400802 0.066380 0.104278 0.104278
0 0.165457 0.941330 0.062220 0.062220
0 0.654845 0.658157 0.071945 0.071945
0 0.929966 0.626136 0.071945 0.071945
0 0.456458 0.503502 0.104277 0.104277
0 0.962094 0.741506 0.052757 0.052757
0 0.518946 0.227728 0.052757 0.052757
0 0.699243 0.414474 0.061130 0.061130
0 0.191437 0.584696 0.052757 0.052757
0 0.203129 0.671245 0.104277 0.104277
0 0.043479 0.218703 0.061130 0.061130
0 0.549593 0.924870 0.104277 0.104277
0 0.418240 0.177185 0.052757 0.052757
0 0.872187 0.376350 0.071945 0.071945
0 0.439311 0.348412 0.052757 0.052757
0 0.552994 0.677612 0.062220 0.062220
0 0.182862 0.497275 0.104277 0.104277
0 0.515618 0.423547 0.071945 0.071945
0 0.265219 0.429073 0.104277 0.104277
0 0.982409 0.987790 0.104277 0.104277
0 0.189386 0.398133 0.061130 0.061130
0 0.578347 0.849870 0.057104 0.057104
0 0.096457 0.296090 0.104277 0.104277
0 0.651034 0.249104 0.104277 0.104277
0 0.950895 0.495208 0.104277 0.104277
0 0.646694 0.832306 0.104277 0.104277
0 0.532047 0.773368 0.061130 0.061130
0 0.411352 0.815242 0.057104 0.057104
0 0.316327 0.575128 0.104277 0.104277
0 0.072880 0.714732 0.061130 0.061130
0 0.153724 0.840190 0.062220 0.062220
0 0.807086 0.734568 0.052757 0.052757
0 0.954094 0.365490 0.062220 0.062220
0 0.348868 0.922000 0.057104 0.057104
0 0.464844 0.952091 0.104277 0.104277
0 0.195613 0.748400 0.057104 0.057104
0 0.834169 0.030647 0.104277 0.104277
0 0.774303 0.921436 0.071945 0.071945
0 0.013411 0.949843 0.062220 0.062220
0 0.038329 0.137573 0.104277 0.104277
0 0.111809 0.536055 0.052757 0.052757
0 0.984307 0.836445 0.102474 0.102474
0 0.593491 0.499836 0.052757 0.052757
0 0.878643 0.828620 0.104277 0.104277
0 0.232159 0.883843 0.057104 0.057104
0 0.403515 0.422591 0.104277 0.104277
0 0.350812 0.284237 0.057104 0.057104
0 0.556149 0.365841 0.052757 0.052757
0 0.750624 0.117276 0.054783 0.054783
0 0.044234 0.795944 0.061130 0.061130
0 0.887467 0.562412 0.062220 0.062220
0 0.731154 0.637962 0.061131 0.061131
0 0.918176 0.051188 0.057103 0.057103
0 0.253980 0.508223 0.061130 0.061130
0 0.689547 0.566413 0.071945 0.071945
0 0.718726 0.229442 0.071945 0.071945
0 0.477748 0.684962 0.062220 0.062220
0 0.718986 0.300266 0.061130 0.061130
0 0.275527 0.096291 0.061130 0.061130
0 0.692693 0.889273 0.057104 0.057104
0 0.333529 0.210829 0.052757 0.052757
0 0.599006 0.125944 0.057104 0.057104
0 0.505415 0.842800 0.104277 0.104277
0 0.005121 0.672189 0.057104 0.057104
0 0.374076 0.536583 0.071945 0.071945
0 0.155784 0.163426 0.061130 0.061130
0 0.126453 0.079761 0.062220 0.062220
0 0.808377 0.643684 0.052757 0.052757
0 0.517923 0.603222 0.061130 0.061130
0 0.613201 0.004070 0.052757 0.052757
0 0.175822 0.325727 0.052757 0.052757
0 0.325996 0.362012 0.057104 0.057104
0 0.791486 0.850794 0.062220 0.062220
0 0.328461 0.792531 0.062220 0.062220
0 0.305806 0.646387 0.071945 0.071945
0 0.019695 0.581496 0.071945 0.071945
0 0.843139 0.217934 0.052757 0.052757
0 0.524344 0.038486 0.062220 0.062220
0 0.530816 0.297151 0.104277 0.104277
0 0.564002 0.994206 0.062220 0.062220
0 0.886003 0.457445 0.052757 0.052757
0 0.438215 0.883553 0.071945 0.071945
0 0.267103 0.172926 0.104277 0.104277
0 0.798050 0.509309 0.052757 0.052757
0 0.227749 0.026947 0.071945 0.071945
0 0.617587 0.575696 0.057104 0.057104
0 0.470647 0.094575 0.104277 0.104277
0 0.993697 0.307112 0.057104 0.057104
0 0.714851 0.956275 0.104277 0.104277
0 0.826984 0.104025 0.104277 0.104277
0 0.885072 0.735745 0.055027 0.055027
0 0.675763 0.764658 0.062220 0.062220
0 0.531130 0.530686 0.050559 0.050559
0 0.660269 0.473465 0.061130 0.061130
0 0.789540 0.293837 0.071945 0.071945
0 0.891527 0.148223 0.057104 0.057104
0 0.931573 0.205361 0.104277 0.104277
0 0.631753 0.921621 0.071945 0.071945
0 0.432772 0.266242 0.061131 0.061131
0 0.279879 0.307567 0.104277 0.104277
0 0.788340 0.388390 0.071945 0.071945
0 0.747802 0.777468 0.104277 0.104277
0 0.737065 0.049322 0.052757 0.052757
0 0.664502 0.083549 0.104277 0.104277
0 0.911812 0.921725 0.061130 0.061130
0 0.354784 0.136294 0.071945 0.071945
0 0.185777 0.247323 0.061130 0.061130
0 0.594985 0.202514 0.071945 0.071945
0 0.305979 0.865697 0.061130 0.061130
0 0.086292 0.434773 0.104277 0.104277
0 0.901249 0.296965 0.104277 0.104277
0 0.625692 0.340454 0.104277 0.104277
0 0.390185 0.660368 0.052757 0.052757
0 0.050444 0.055715 0.071945 0.071945
0 0.125576 0.605033 0.104277 0.104277