0 0.801182 0.700786 0.104277 0.104277
0 0.991284 0.665314 0.104277 0.104277
0 0.904739 0.311644 0.062220 0.062220
0 0.954314 0.575071 0.057104 0.057104
0 0.882474 0.426554 0.104277 0.104277
0 0.864777 0.778450 0.104277 0.104277
0 0.670418 0.965214 0.052757 0.052757
0 0.867668 0.617030 0.061131 0.061131
0 0.877476 0.240937 0.052757 0.052757
0 0.114098 0.926853 0.071945 0.071945
0 0.750884 0.540563 0.071945 0.071945
0 0.161346 0.989292 0.061130 0.061130
0 0.967893 0.440842 0.062220 0.062220
0 0.803772 0.836105 0.062220 0.062220
0 0.641598 0.902653 0.057104 0.057104
0 0.638445 0.741828 0.052757 0.052757
0 0.749599 0.880091 0.061130 0.061130
0 0.122069 0.025415 0.062220 0.062220
0 0.464468 0.729131 0.061131 0.061131
0 0.268643 0.002427 0.070161 0.070161
0 0.969635 0.261247 0.071945 0.071945
0 0.149850 0.429752 0.057104 0.057104
0 0.959462 0.752900 0.061130 0.061130
0 0.399594 0.650438 0.062220 0.062220
0 0.692528 0.837114 0.061131 0.061131
0 0.741755 0.770567 0.057104 0.057104
0 0.538557 0.093624 0.071945 0.071945
0 0.819956 0.001000 0.061130 0.061130
0 0.354350 0.032180 0.062220 0.062220
0 0.808669 0.364372 0.071945 0.071945
0 0.371478 0.334472 0.061131 0.061131
0 0.659118 0.245523 0.061130 0.061130
0 0.684131 0.364398 0.104277 0.104277
0 0.390921 0.096016 0.104277 0.104277
0 0.087615 0.584883 0.057104 0.057104
0 0.434890 0.230942 0.071945 0.071945
0 0.808047 0.496075 0.104277 0.104277
0 0.206204 0.866985 0.061130 0.061130
0 0.965249 0.827775 0.061130 0.061130
0 0.120779 0.346179 0.104277 0.104277
0 0.007638 0.627318 0.052757 0.052757
0 0.285941 0.165243 0.104277 0.104277
0 0.078554 0.167027 0.062220 0.062220
0 0.496973 0.479856 0.071945 0.071945
0 0.478341 0.931275 0.104277 0.104277
0 0.090033 0.679383 0.057104 0.057104
0 0.097894 0.846671 0.057104 0.057104
0 0.138423 0.508712 0.052757 0.052757
0 0.209614 0.577793 0.104277 0.104277
0 0.178171 0.146904 0.062220 0.062220
0 0.510781 0.614270 0.061131 0.061131
0 0.151082 0.779770 0.104277 0.104277
0 0.286391 0.662967 0.061130 0.061130
0 0.022304 0.517398 0.057104 0.057104
0 0.368877 0.560755 0.104277 0.104277
0 0.904640 0.102217 0.062220 0.062220
0 0.868215 0.163784 0.062220 0.062220
0 0.581758 0.445215 0.062220 0.062220
0 0.273802 0.398118 0.062220 0.062220
0 0.600320 0.684649 0.057104 0.057104
0 0.464789 0.159417 0.061131 0.061131
0 0.760923 0.985616 0.071945 0.071945
0 0.370802 0.968744 0.052757 0.052757
0 0.363569 0.739081 0.062220 0.062220
0 0.368633 0.196735 0.061131 0.061131
0 0.723806 0.643273 0.071945 0.071945
0 0.166746 0.653491 0.061130 0.061130
0 0.328334 0.802699 0.104278 0.104278
0 0.331617 0.274898 0.052757 0.052757
0 0.411251 0.469719 0.061131 0.061131
0 0.830367 0.090931 0.052757 0.052757
0 0.628805 0.167261 0.057104 0.057104
0 0.236584 0.074931 0.052757 0.052757
0 0.578477 0.866870 0.062220 0.062220
0 0.483730 0.008594 0.071945 0.071945
0 0.879888 0.515823 0.052757 0.052757
0 0.385352 0.868610 0.062220 0.062220
0 0.263909 0.983186 0.057104 0.057104
0 0.209668 0.300313 0.104277 0.104277
0 0.629938 0.617697 0.052757 0.052757
0 0.417272 0.800981 0.071945 0.071945
0 0.766649 0.181837 0.071945 0.071945
0 0.115237 0.104879 0.057104 0.057104
0 0.668611 0.096408 0.062220 0.062220
0 0.660903 0.460854 0.057104 0.057104
0 0.903883 0.949277 0.057104 0.057104
0 0.228185 0.455747 0.061130 0.061130
0 0.064495 0.764093 0.057104 0.057104
0 0.262911 0.760779 0.104277 0.104277
0 0.594706 0.534540 0.057104 0.057104
0 0.500555 0.282561 0.104277 0.104277
0 0.457473 0.857907 0.052757 0.052757
0 0.268944 0.528660 0.061130 0.061130
0 0.566897 0.351998 0.052757 0.052757
0 0.445925 0.570681 0.071945 0.071945
0 0.735567 0.120000 0.104277 0.104277
0 0.574052 0.217542 0.071945 0.071945
0 0.895288 0.875578 0.104277 0.104277
0 0.588025 0.027556 0.104277 0.104277
0 0.211851 0.213162 0.057104 0.057104
0 0.314390 0.467470 0.071945 0.071945
0 0.062573 0.254461 0.057104 0.057104
0 0.790808 0.280742 0.104277 0.104277
0 0.964621 0.903173 0.104277 0.104277
0 0.045627 0.951155 0.057104 0.057104
0 0.454454 0.341698 0.052757 0.052757
0 0.748889 0.458852 0.062220 0.062220
0 0.546282 0.744290 0.061131 0.061131