0 0.076795 0.267601 0.062220 0.062220
0 0.422433 0.607229 0.062220 0.062220
0 0.384207 0.413205 0.062220 0.062220
0 0.873595 0.130032 0.071945 0.071945
0 0.160109 0.720843 0.057103 0.057103
0 0.882279 0.500364 0.061130 0.061130
0 0.410187 0.056571 0.052757 0.052757
0 0.944406 0.608456 0.104277 0.104277
0 0.421879 0.143120 0.104277 0.104277
0 0.768343 0.396745 0.104277 0.104277
0 0.180781 0.467492 0.052757 0.052757
0 0.727204 0.518356 0.104277 0.104277
0 0.613720 0.560330 0.071945 0.071945
0 0.019124 0.322483 0.071945 0.071945
0 0.771744 0.149487 0.062220 0.062220
0 0.139972 0.552162 0.062220 0.062220
0 0.045005 0.745144 0.071945 0.071945
0 0.069924 0.582798 0.104277 0.104277
0 0.797097 0.321745 0.057104 0.057104
0 0.150412 0.273663 0.061130 0.061130
0 0.130828 0.185780 0.052757 0.052757
0 0.807221 0.676355 0.062220 0.062220
0 0.865444 0.304181 0.104277 0.104277
0 0.750797 0.245243 0.061130 0.061130
0 0.630102 0.287117 0.057104 0.057104
0 0.535077 0.047003 0.104277 0.104277
0 0.319853 0.766726 0.062220 0.062220
0 0.291630 0.186607 0.061130 0.061130
0 0.372474 0.312065 0.062220 0.062220
0 0.567618 0.393875 0.057104 0.057104
0 0.683594 0.423966 0.104277 0.104277
0 0.477683 0.750021 0.071945 0.071945
0 0.414363 0.220275 0.057104 0.057104
0 0.179699 0.649406 0.061130 0.061130
0 0.993053 0.393311 0.071945 0.071945
0 0.623031 0.633295 0.071945 0.071945
0 0.232161 0.421718 0.062220 0.062220
0 0.330559 0.007930 0.052757 0.052757
0 0.430280 0.678031 0.057104 0.057104
0 0.450909 0.355718 0.057104 0.057104
0 0.262984 0.267819 0.061130 0.061130
0 0.949904 0.109837 0.061131 0.061131
0 0.394124 0.757684 0.052757 0.052757
0 0.908297 0.038288 0.071945 0.071945
0 0.696498 0.156837 0.062220 0.062220
0 0.911443 0.361148 0.057104 0.057104
0 0.228214 0.528850 0.062220 0.062220
0 0.649139 0.497687 0.057104 0.057104
0 0.724165 0.314675 0.104277 0.104277
0 0.353429 0.649045 0.050891 0.050891
0 0.006851 0.155341 0.062220 0.062220
0 0.079255 0.664480 0.104277 0.104277
0 0.223871 0.144064 0.057104 0.057104
0 0.517299 0.541351 0.062220 0.062220
0 0.592826 0.008458 0.071945 0.071945
0 0.638118 0.750417 0.057104 0.057104
0 0.014025 0.487347 0.062220 0.062220
0 0.238449 0.728067 0.052757 0.052757
0 0.286080 0.574191 0.062220 0.062220
0 0.381839 0.540110 0.104277 0.104277
0 0.736673 0.075097 0.061130 0.061130
0 0.180289 0.011533 0.057104 0.057104
0 0.007925 0.242687 0.052757 0.052757
0 0.543687 0.669288 0.061130 0.061130
0 0.954659 0.502428 0.104277 0.104277
0 0.547211 0.264406 0.062220 0.062220
0 0.524556 0.118262 0.071945 0.071945
0 0.682110 0.584440 0.062220 0.062220
0 0.046149 0.057479 0.052757 0.052757
0 0.238445 0.053371 0.071945 0.071945
0 0.866654 0.730158 0.052757 0.052757
0 0.255027 0.647000 0.062220 0.062220
0 0.553265 0.772638 0.062220 0.062220
0 0.782752 0.466081 0.062220 0.062220
0 0.656965 0.355428 0.071945 0.071945
0 0.958276 0.677988 0.061131 0.061131
0 0.836337 0.047571 0.057104 0.057104
0 0.333007 0.472130 0.104277 0.104277
0 0.933601 0.428150 0.104277 0.104277
0 0.117974 0.088264 0.052757 0.052757
0 0.894513 0.236533 0.062220 0.062220
0 0.777039 0.761068 0.061130 0.061130
0 0.922257 0.779203 0.062220 0.062220
0 0.749880 0.002561 0.050559 0.050559
0 0.564282 0.476908 0.052757 0.052757
0 0.850503 0.393496 0.071945 0.071945
0 0.719032 0.664553 0.061131 0.061131
0 0.966552 0.249343 0.104277 0.104277
0 0.100249 0.380832 0.057104 0.057104
0 0.809053 0.593606 0.104277 0.104277
0 0.491057 0.472186 0.052757 0.052757
0 0.524729 0.337572 0.061130 0.061130
0 0.196210 0.356916 0.104277 0.104277
0 0.608935 0.132243 0.052757 0.052757
0 0.344326 0.076908 0.104277 0.104277