0 0.643505 0.694242 0.071945 0.071945
0 0.542239 0.808519 0.062220 0.062220
0 0.675217 0.806466 0.057104 0.057104
0 0.708028 0.731774 0.052757 0.052757
0 0.519974 0.923429 0.104277 0.104277
0 0.774277 0.227918 0.061130 0.061130
0 0.744706 0.365131 0.061130 0.061130
0 0.354493 0.241587 0.052757 0.052757
0 0.447706 0.188661 0.052757 0.052757
0 0.514976 0.737812 0.052757 0.052757
0 0.605393 0.937717 0.062220 0.062220
0 0.745347 0.829509 0.071945 0.071945
0 0.668505 0.153155 0.104277 0.104277
0 0.607135 0.758122 0.071945 0.071945
0 0.259517 0.157895 0.062220 0.062220
0 0.775648 0.592858 0.061131 0.061131
0 0.794282 0.767722 0.071945 0.071945
0 0.176057 0.590499 0.071945 0.071945
0 0.457456 0.497875 0.061130 0.061130
0 0.273716 0.277877 0.062220 0.062220
0 0.446169 0.861247 0.071945 0.071945
0 0.008978 0.831347 0.061131 0.061131
0 0.296618 0.742398 0.061130 0.061130
0 0.806848 0.691085 0.071945 0.071945
0 0.321631 0.861273 0.104277 0.104277
0 0.028421 0.592891 0.104277 0.104277
0 0.203616 0.245282 0.052757 0.052757
0 0.072390 0.727817 0.071945 0.071945
0 0.445547 0.992950 0.104277 0.104277
0 0.737635 0.936650 0.104278 0.104278
0 0.330001 0.414719 0.061130 0.061130
0 0.426555 0.393820 0.057104 0.057104
0 0.136606 0.324331 0.071945 0.071945
0 0.686986 0.506154 0.057104 0.057104
0 0.024305 0.406715 0.057104 0.057104
0 0.025061 0.209571 0.061131 0.061131
0 0.134473 0.976731 0.071945 0.071945
0 0.334500 0.165199 0.057104 0.057104
0 0.489667 0.341772 0.062220 0.062220
0 0.542140 0.599092 0.062220 0.062220
0 0.121896 0.226860 0.052757 0.052757
0 0.505715 0.660659 0.062220 0.062220
0 0.057725 0.472354 0.062220 0.062220
0 0.219258 0.942090 0.062220 0.062220
0 0.602911 0.191875 0.071945 0.071945
0 0.327410 0.332007 0.061131 0.061131
0 0.102289 0.656292 0.061131 0.061131
0 0.718190 0.283407 0.104278 0.104278
0 0.006133 0.693610 0.061131 0.061131
0 0.274674 0.467814 0.071945 0.071945
0 0.186139 0.165075 0.062220 0.062220
0 0.789354 0.468152 0.061131 0.061131
0 0.048751 0.966594 0.061131 0.061131
0 0.467867 0.587806 0.052757 0.052757
0 0.266305 0.664136 0.057104 0.057104
0 0.567408 0.331199 0.052757 0.052757
0 0.121230 0.505469 0.071945 0.071945
0 0.660018 0.988812 0.057104 0.057104
0 0.384216 0.481344 0.052757 0.052757
0 0.202404 0.367472 0.071945 0.071945
0 0.635261 0.272677 0.062220 0.062220
0 0.404149 0.678712 0.071945 0.071945
0 0.306111 0.593283 0.062220 0.062220
0 0.504827 0.233458 0.071945 0.071945
0 0.637566 0.388714 0.052559 0.052559
0 0.298403 0.957729 0.057104 0.057104
0 0.132810 0.428519 0.071945 0.071945
0 0.680240 0.625071 0.062220 0.062220
0 0.138055 0.779436 0.104277 0.104277
0 0.204397 0.848873 0.052757 0.052757
0 0.373067 0.616875 0.104277 0.104277
0 0.211552 0.714417 0.071945 0.071945
0 0.225525 0.524431 0.104277 0.104277
0 0.584492 0.468520 0.071945 0.071945
0 0.740369 0.659299 0.104278 0.104278
0 0.428308 0.777617 0.104277 0.104277
0 0.109174 0.156424 0.057104 0.057104
0 0.485085 0.432310 0.052757 0.052757
0 0.091954 0.838573 0.052757 0.052757
0 0.386389 0.955727 0.062220 0.062220
0 0.437781 0.281652 0.061131 0.061131
0 0.507498 0.155067 0.062220 0.062220