0 0.861096 0.872993 0.104277 0.104277
0 0.316910 0.648927 0.062220 0.062220
0 0.989168 0.808964 0.052757 0.052757
0 0.241467 0.876143 0.052757 0.052757
0 0.235737 0.113356 0.104277 0.104277
0 0.263795 0.523312 0.057103 0.057103
0 0.933106 0.919489 0.057104 0.057104
0 0.432848 0.770603 0.071945 0.071945
0 0.480096 0.833042 0.061130 0.061130
0 0.035141 0.568957 0.052757 0.052757
0 0.658230 0.956997 0.052757 0.052757
0 0.960348 0.746403 0.057104 0.057104
0 0.957195 0.585578 0.052757 0.052757
0 0.783218 0.572881 0.061131 0.061131
0 0.725430 0.892906 0.052757 0.052757
0 0.468600 0.273502 0.057104 0.057104
0 0.718344 0.494188 0.062220 0.062220
0 0.830493 0.975189 0.071945 0.071945
0 0.195915 0.345450 0.104277 0.104277
0 0.179957 0.787637 0.071945 0.071945
0 0.109712 0.780552 0.057104 0.057104
0 0.690228 0.178222 0.061131 0.061131
0 0.977868 0.089273 0.061130 0.061130
0 0.004676 0.278509 0.104277 0.104277
0 0.377765 0.946544 0.057104 0.057104
0 0.215312 0.209599 0.057104 0.057104
0 0.406365 0.428633 0.057104 0.057104
0 0.163882 0.158468 0.104277 0.104277
0 0.753640 0.074692 0.071945 0.071945
0 0.524954 0.710735 0.061130 0.061130
0 0.439529 0.189929 0.104277 0.104277
0 0.326388 0.471068 0.052757 0.052757
0 0.130243 0.027416 0.052757 0.052757
0 0.604691 0.008993 0.104277 0.104277
0 0.397304 0.010777 0.062220 0.062220
0 0.079563 0.494410 0.062220 0.062220
0 0.815723 0.323606 0.071945 0.071945
0 0.797091 0.775025 0.104277 0.104277
0 0.251629 0.274098 0.057104 0.057104
0 0.408783 0.523133 0.057104 0.057104
0 0.310888 0.910496 0.104277 0.104277
0 0.174928 0.688674 0.057104 0.057104
0 0.416644 0.690421 0.057104 0.057104
0 0.082283 0.865803 0.057104 0.057104
0 0.457173 0.352462 0.052757 0.052757
0 0.528364 0.421543 0.104277 0.104277
0 0.285210 0.804758 0.104277 0.104277
0 0.569253 0.922161 0.052757 0.052757
0 0.300303 0.997058 0.104277 0.104277
0 0.089767 0.698057 0.052757 0.052757
0 0.829531 0.458020 0.061131 0.061131
0 0.284468 0.710027 0.052757 0.052757
0 0.101379 0.629348 0.061130 0.061130
0 0.469832 0.623520 0.104277 0.104277
0 0.605141 0.506717 0.061130 0.061130
0 0.295112 0.149565 0.052757 0.052757
0 0.341054 0.361148 0.057104 0.057104
0 0.170333 0.544166 0.071945 0.071945
0 0.687627 0.404505 0.104277 0.104277
0 0.008347 0.956789 0.061130 0.061130
0 0.900508 0.288965 0.062220 0.062220
0 0.592552 0.241868 0.062220 0.062220
0 0.919070 0.528399 0.057104 0.057104
0 0.375220 0.872797 0.062220 0.062220
0 0.153132 0.285316 0.052757 0.052757
0 0.783539 0.003167 0.061131 0.061131
0 0.689552 0.812494 0.052757 0.052757
0 0.682319 0.582831 0.062220 0.062220
0 0.687383 0.040485 0.061131 0.061131
0 0.485496 0.497241 0.061130 0.061130
0 0.013024 0.149527 0.057104 0.057104
0 0.647084 0.646449 0.104278 0.104278
0 0.650367 0.118648 0.052757 0.052757
0 0.730001 0.313469 0.061131 0.061131
0 0.947555 0.011011 0.057104 0.057104
0 0.027530 0.657493 0.061130 0.061130
0 0.897227 0.710620 0.062220 0.062220
0 0.171960 0.893289 0.057104 0.057104
0 0.482468 0.902196 0.057104 0.057104
0 0.704102 0.712360 0.062220 0.062220
0 0.582659 0.826936 0.057104 0.057104
0 0.528418 0.144063 0.104277 0.104277
0 0.306936 0.224050 0.061130 0.061130
0 0.250787 0.043966 0.104277 0.104277
0 0.171724 0.971398 0.061130 0.061130
0 0.101561 0.958677 0.062220 0.062220
0 0.948688 0.461447 0.052757 0.052757
0 0.446576 0.976661 0.048997 0.048997
0 0.736022 0.644731 0.071945 0.071945
0 0.017547 0.416744 0.057104 0.057104
0 0.649602 0.881292 0.062220 0.062220
0 0.316372 0.073055 0.071945 0.071945
0 0.979653 0.304604 0.057104 0.057104
0 0.546935 0.299497 0.061130 0.061130
0 0.383245 0.607843 0.057104 0.057104
0 0.581661 0.604529 0.104277 0.104277
0 0.258003 0.598192 0.104277 0.104277
0 0.913456 0.378290 0.057104 0.057104
0 0.819305 0.126311 0.104277 0.104277
0 0.776223 0.701657 0.052757 0.052757
0 0.587694 0.372410 0.061130 0.061130
0 0.885647 0.195748 0.052757 0.052757
0 0.764675 0.414431 0.071945 0.071945
0 0.892802 0.061292 0.071945 0.071945
0 0.530601 0.056912 0.057104 0.057104
0 0.282130 0.403269 0.062220 0.062220
0 0.633140 0.311220 0.071945 0.071945
0 0.381323 0.098211 0.057104 0.057104
0 0.063400 0.326425 0.104277 0.104277
0 0.181941 0.462124 0.052757 0.052757
0 0.068802 0.206720 0.057104 0.057104
0 0.364377 0.794905 0.057104 0.057104
0 0.129192 0.387581 0.062220 0.062220
0 0.773204 0.185448 0.052757 0.052757
0 0.865032 0.588040 0.061131 0.061131