0 0.942995 0.266573 0.062220 0.062220
0 0.691987 0.569606 0.104277 0.104277
0 0.720045 0.979562 0.057103 0.057103
0 0.353645 0.952848 0.104277 0.104277
0 0.897069 0.325415 0.062220 0.062220
0 0.674363 0.294039 0.104278 0.104278
0 0.924850 0.729752 0.057104 0.057104
0 0.341084 0.108646 0.062220 0.062220
0 0.652165 0.801700 0.104277 0.104277
0 0.833044 0.273551 0.071945 0.071945
0 0.807464 0.042131 0.062220 0.062220
0 0.460926 0.734759 0.104277 0.104277
0 0.354503 0.348923 0.104277 0.104277
0 0.315509 0.243917 0.071945 0.071945
0 0.574459 0.331618 0.071945 0.071945
0 0.239770 0.181377 0.057104 0.057104
0 0.671562 0.665849 0.057104 0.057104
0 0.318761 0.756590 0.062220 0.062220
0 0.793265 0.124892 0.071945 0.071945
0 0.330426 0.646812 0.062220 0.062220
0 0.862615 0.884883 0.057104 0.057104
0 0.620132 0.614718 0.104277 0.104277
0 0.392071 0.793111 0.062220 0.062220
0 0.727569 0.063893 0.104277 0.104277
0 0.543810 0.139673 0.104277 0.104277
0 0.671031 0.176330 0.057104 0.057104
0 0.663114 0.039629 0.071945 0.071945
0 0.234972 0.787865 0.104278 0.104278
0 0.895779 0.646179 0.104277 0.104277
0 0.782638 0.927318 0.052757 0.052757
0 0.586493 0.483666 0.052757 0.052757
0 0.853554 0.467027 0.062220 0.062220
0 0.535813 0.950660 0.062220 0.062220
0 0.235160 0.898620 0.071945 0.071945
0 0.439304 0.409244 0.062220 0.062220
0 0.707879 0.730348 0.057104 0.057104
0 0.865033 0.979383 0.057104 0.057104
0 0.461405 0.048378 0.104277 0.104277
0 0.235224 0.549755 0.052757 0.052757
0 0.913423 0.808712 0.052757 0.052757
0 0.984614 0.877793 0.104277 0.104277
0 0.953171 0.446904 0.062220 0.062220
0 0.384762 0.525135 0.061130 0.061130
0 0.272542 0.080848 0.071945 0.071945
0 0.883374 0.107207 0.052757 0.052757
0 0.760696 0.370031 0.071945 0.071945
0 0.751362 0.605815 0.052757 0.052757
0 0.797304 0.817398 0.057104 0.057104
0 0.236130 0.443543 0.104277 0.104277
0 0.258795 0.287809 0.052757 0.052757
0 0.394521 0.186224 0.104277 0.104277
0 0.465625 0.135813 0.057104 0.057104
0 0.452173 0.493726 0.061130 0.061130
0 0.321347 0.472984 0.061130 0.061130
0 0.609382 0.741566 0.052757 0.052757
0 0.938971 0.162318 0.052757 0.052757
0 0.530287 0.433125 0.071945 0.071945
0 0.492201 0.212485 0.104277 0.104277
0 0.405744 0.862767 0.057104 0.057104
0 0.388714 0.283614 0.057104 0.057104
0 0.941746 0.953491 0.061130 0.061130
0 0.469274 0.605777 0.057104 0.057104
0 0.633098 0.115229 0.062220 0.062220
0 0.267729 0.616919 0.061130 0.061130
0 0.450392 0.950929 0.062220 0.062220
0 0.288377 0.383026 0.104278 0.104278
0 0.984668 0.600313 0.104277 0.104277
0 0.763186 0.680300 0.061130 0.061130
0 0.707037 0.500216 0.104277 0.104277
0 0.669738 0.371116 0.052757 0.052757
0 0.473797 0.872994 0.057104 0.057104
0 0.890237 0.404879 0.057104 0.057104
0 0.772622 0.529305 0.071945 0.071945
0 0.848766 0.169742 0.104277 0.104277
0 0.332165 0.880343 0.052757 0.052757
0 0.307880 0.170769 0.071945 0.071945
0 0.766759 0.291809 0.056505 0.056505
0 0.405778 0.653455 0.062220 0.062220
0 0.986851 0.513162 0.057104 0.057104
0 0.761056 0.223120 0.061130 0.061130
0 0.738380 0.859519 0.062220 0.062220
0 0.837573 0.554461 0.057104 0.057104
0 0.560610 0.246922 0.062220 0.062220
0 0.519650 0.782675 0.104277 0.104277
0 0.497873 0.367341 0.057104 0.057104
0 0.638191 0.918374 0.052757 0.052757
0 0.525052 0.662970 0.057104 0.057104
0 0.577886 0.034172 0.061130 0.061130
0 0.372541 0.041794 0.057104 0.057104
0 0.585442 0.843831 0.062220 0.062220
0 0.272183 0.701718 0.061130 0.061130