0 0.389220 0.567532 0.071945 0.071945
0 0.664341 0.535511 0.071945 0.071945
0 0.944719 0.275832 0.071945 0.071945
0 0.190833 0.412877 0.104277 0.104277
0 0.696469 0.650881 0.052757 0.052757
0 0.253321 0.137103 0.052757 0.052757
0 0.397904 0.937864 0.061130 0.061130
0 0.934752 0.758035 0.061131 0.061131
0 0.840629 0.874369 0.062220 0.062220
0 0.433618 0.323849 0.061130 0.061130
0 0.839896 0.448826 0.104277 0.104277
0 0.283968 0.834245 0.104277 0.104277
0 0.242829 0.955856 0.104277 0.104277
0 0.866619 0.062979 0.062220 0.062220
0 0.129345 0.997830 0.071945 0.071945
0 0.152615 0.086560 0.052757 0.052757
0 0.606562 0.285725 0.071945 0.071945
0 0.173686 0.257787 0.052757 0.052757
0 0.287369 0.586987 0.062220 0.062220
0 0.249993 0.332922 0.071945 0.071945
0 0.716784 0.897165 0.104277 0.104277
0 0.312722 0.759245 0.057104 0.057104
0 0.806892 0.611945 0.104277 0.104277
0 0.762031 0.803064 0.071945 0.071945
0 0.972089 0.695688 0.052757 0.052757
0 0.385409 0.158479 0.104277 0.104277
0 0.685270 0.404583 0.104277 0.104277
0 0.803049 0.215776 0.071945 0.071945
0 0.381069 0.741681 0.104277 0.104277
0 0.798283 0.955823 0.052757 0.052757
0 0.807796 0.147330 0.062220 0.062220
0 0.266422 0.682743 0.061130 0.061130
0 0.145727 0.724617 0.057104 0.057104
0 0.050702 0.484503 0.104277 0.104277
0 0.745752 0.343081 0.057104 0.057104
0 0.788719 0.516756 0.062220 0.062220
0 0.541461 0.643943 0.052757 0.052757
0 0.688469 0.274865 0.062220 0.062220
0 0.083243 0.831375 0.057104 0.057104
0 0.199219 0.861466 0.104277 0.104277
0 0.508678 0.830811 0.071945 0.071945
0 0.874118 0.247558 0.061130 0.061130
0 0.718682 0.745820 0.102474 0.102474
0 0.327866 0.409211 0.052757 0.052757
0 0.613018 0.737995 0.104277 0.104277
0 0.137890 0.331966 0.104277 0.104277
0 0.085187 0.193612 0.057104 0.057104
0 0.290524 0.275216 0.052757 0.052757
0 0.484999 0.026651 0.054783 0.054783
0 0.621842 0.471787 0.062220 0.062220
0 0.465529 0.547337 0.061131 0.061131
0 0.423922 0.475788 0.071945 0.071945
0 0.453101 0.138817 0.071945 0.071945
0 0.212123 0.594337 0.062220 0.062220
0 0.453361 0.209641 0.061130 0.061130
0 0.009902 0.005666 0.061130 0.061130
0 0.427068 0.798648 0.057104 0.057104
0 0.164764 0.935187 0.057104 0.057104
0 0.067904 0.120204 0.052757 0.052757
0 0.746857 0.027384 0.061131 0.061131
0 0.333381 0.035319 0.057104 0.057104
0 0.239790 0.752175 0.104277 0.104277
0 0.032924 0.978851 0.062220 0.062220
0 0.108451 0.445958 0.071945 0.071945
0 0.908364 0.504732 0.045227 0.045227
0 0.542752 0.553059 0.052757 0.052757
0 0.968988 0.126332 0.104278 0.104278
0 0.252298 0.512597 0.061130 0.061130
0 0.964029 0.408527 0.061130 0.061130
0 0.060371 0.271387 0.057104 0.057104
0 0.525861 0.760169 0.062220 0.062220
0 0.470284 0.939928 0.104277 0.104277
0 0.062836 0.701906 0.062220 0.062220
0 0.040181 0.555762 0.071945 0.071945
0 0.577514 0.127309 0.052757 0.052757
0 0.823546 0.000489 0.062220 0.062220
0 0.265191 0.206526 0.104277 0.104277
0 0.298377 0.903581 0.062220 0.062220
0 0.620378 0.366820 0.052757 0.052757
0 0.172590 0.792928 0.071945 0.071945
0 0.001478 0.082301 0.104277 0.104277
0 0.532425 0.418684 0.052757 0.052757
0 0.955618 0.975382 0.061131 0.061131
0 0.351962 0.485071 0.057104 0.057104
0 0.205022 0.003950 0.104277 0.104277
0 0.822435 0.352224 0.061131 0.061131
0 0.728072 0.216487 0.057104 0.057104
0 0.449226 0.865650 0.104277 0.104277
0 0.921190 0.851394 0.061131 0.061131
0 0.561359 0.013400 0.104277 0.104277
0 0.619447 0.645120 0.055027 0.055027
0 0.751639 0.445942 0.061131 0.061131
0 0.410138 0.674033 0.062220 0.062220
0 0.829476 0.749298 0.104277 0.104277
0 0.265505 0.440061 0.050559 0.050559
0 0.559727 0.938196 0.052757 0.052757
0 0.394644 0.382840 0.061130 0.061130
0 0.523915 0.203212 0.071945 0.071945
0 0.625902 0.057598 0.057104 0.057104
0 0.079907 0.914408 0.052757 0.052757
0 0.665948 0.114736 0.104277 0.104277
0 0.366128 0.830996 0.071945 0.071945
0 0.167147 0.175617 0.061131 0.061131
0 0.014254 0.216942 0.104277 0.104277
0 0.522715 0.297765 0.071945 0.071945
0 0.482177 0.686843 0.104277 0.104277
0 0.646187 0.831100 0.061130 0.061130
0 0.006682 0.909686 0.052757 0.052757
0 0.909558 0.365718 0.052757 0.052757
0 0.089159 0.045669 0.071945 0.071945
0 0.329360 0.111889 0.071945 0.071945
0 0.040354 0.775072 0.061130 0.061130
0 0.635624 0.206340 0.104277 0.104277
0 0.360067 0.249829 0.104277 0.104277
0 0.124560 0.569743 0.052757 0.052757
0 0.911833 0.171885 0.061131 0.061131
0 0.884215 0.697972 0.057104 0.057104
0 0.898165 0.621889 0.088662 0.088662