0 0.806005 0.219242 0.071945 0.071945
0 0.601182 0.722661 0.104277 0.104277
0 0.791284 0.687189 0.104277 0.104277
0 0.835473 0.883437 0.057104 0.057104
0 0.704739 0.333519 0.062220 0.062220
0 0.837717 0.331466 0.057104 0.057104
0 0.927858 0.845316 0.104277 0.104277
0 0.870528 0.256774 0.052757 0.052757
0 0.754314 0.596946 0.057104 0.057104
0 0.682474 0.448429 0.104277 0.104277
0 0.664777 0.800325 0.104277 0.104277
0 0.470418 0.987089 0.052757 0.052757
0 0.667668 0.638905 0.061131 0.061131
0 0.677476 0.262812 0.052757 0.052757
0 0.550884 0.562438 0.071945 0.071945
0 0.767893 0.462717 0.062220 0.062220
0 0.603772 0.857980 0.062220 0.062220
0 0.441598 0.924528 0.057104 0.057104
0 0.438445 0.763703 0.052757 0.052757
0 0.549599 0.901966 0.061130 0.061130
0 0.826050 0.583968 0.071945 0.071945
0 0.907847 0.354509 0.071945 0.071945
0 0.264468 0.751006 0.061131 0.061131
0 0.068643 0.024302 0.070161 0.070161
0 0.769635 0.283122 0.071945 0.071945
0 0.853737 0.960784 0.071945 0.071945
0 0.759462 0.774775 0.061130 0.061130
0 0.199594 0.672313 0.062220 0.062220
0 0.938148 0.117858 0.061131 0.061131
0 0.492528 0.858989 0.061131 0.061131
0 0.541755 0.792442 0.057104 0.057104
0 0.956782 0.292722 0.071945 0.071945
0 0.338557 0.115499 0.071945 0.071945
0 0.619956 0.022875 0.061130 0.061130
0 0.154350 0.054055 0.062220 0.062220
0 0.608669 0.386247 0.071945 0.071945
0 0.171478 0.356347 0.061131 0.061131
0 0.459118 0.267398 0.061130 0.061130
0 0.969348 0.216085 0.071945 0.071945
0 0.484131 0.386273 0.104277 0.104277
0 0.190921 0.117891 0.104277 0.104277
0 0.952160 0.714352 0.057104 0.057104
0 0.234890 0.252817 0.071945 0.071945
0 0.608047 0.517950 0.104277 0.104277
0 0.006204 0.888860 0.061130 0.061130
0 0.900135 0.461650 0.104278 0.104278
0 0.765249 0.849650 0.061130 0.061130
0 0.085941 0.187118 0.104277 0.104277
0 0.849486 0.031154 0.057104 0.057104
0 0.296973 0.501731 0.071945 0.071945
0 0.278341 0.953150 0.104277 0.104277
0 0.009614 0.599668 0.104277 0.104277
0 0.310781 0.636145 0.061131 0.061131
0 0.086391 0.684842 0.061130 0.061130
0 0.168877 0.582630 0.104277 0.104277
0 0.704640 0.124092 0.062220 0.062220
0 0.668215 0.185659 0.062220 0.062220
0 0.381758 0.467090 0.062220 0.062220
0 0.904492 0.768354 0.052757 0.052757
0 0.073802 0.419993 0.062220 0.062220
0 0.400320 0.706524 0.057104 0.057104
0 0.264789 0.181292 0.061131 0.061131
0 0.170802 0.990619 0.052757 0.052757
0 0.163569 0.760956 0.062220 0.062220
0 0.168633 0.218610 0.061131 0.061131
0 0.523806 0.665148 0.071945 0.071945
0 0.128334 0.824574 0.104278 0.104278
0 0.131617 0.296773 0.052757 0.052757
0 0.211251 0.491594 0.061131 0.061131
0 0.630367 0.112806 0.052757 0.052757
0 0.428805 0.189136 0.057104 0.057104
0 0.036584 0.096806 0.052757 0.052757
0 0.378477 0.888745 0.062220 0.062220
0 0.283730 0.030469 0.071945 0.071945
0 0.941578 0.543692 0.057104 0.057104
0 0.822518 0.513812 0.057104 0.057104
0 0.546716 0.006344 0.052757 0.052757
0 0.679888 0.537698 0.052757 0.052757
0 0.185352 0.890485 0.062220 0.062220
0 0.009668 0.322188 0.104277 0.104277
0 0.429938 0.639572 0.052757 0.052757
0 0.217272 0.822856 0.071945 0.071945
0 0.949296 0.938923 0.104277 0.104277
0 0.566649 0.203712 0.071945 0.071945
0 0.468611 0.118283 0.062220 0.062220
0 0.460903 0.482729 0.057104 0.057104
0 0.703883 0.971152 0.057104 0.057104
0 0.028185 0.477622 0.061130 0.061130
0 0.062911 0.782654 0.104277 0.104277
0 0.842740 0.150071 0.062220 0.062220
0 0.394706 0.556415 0.057104 0.057104
0 0.300555 0.304436 0.104277 0.104277
0 0.257473 0.879782 0.052757 0.052757
0 0.068944 0.550535 0.061130 0.061130
0 0.366897 0.373873 0.052757 0.052757
0 0.245925 0.592556 0.071945 0.071945
0 0.535567 0.141875 0.104277 0.104277
0 0.374052 0.239417 0.071945 0.071945
0 0.695288 0.897453 0.104277 0.104277
0 0.388025 0.049431 0.104277 0.104277
0 0.922280 0.647157 0.061130 0.061130
0 0.011851 0.235037 0.057104 0.057104
0 0.114390 0.489345 0.071945 0.071945
0 0.902869 0.184299 0.104278 0.104278
0 0.590808 0.302617 0.104277 0.104277
0 0.764621 0.925048 0.104277 0.104277
0 0.254454 0.363573 0.052757 0.052757
0 0.548889 0.480727 0.062220 0.062220
0 0.346282 0.766165 0.061131 0.061131