0 0.221583 0.069363 0.052757 0.052757
0 0.835187 0.831571 0.052757 0.052757
0 0.846879 0.918120 0.104277 0.104277
0 0.687229 0.465578 0.061130 0.061130
0 0.826612 0.744150 0.104277 0.104277
0 0.908969 0.675948 0.104277 0.104277
0 0.833136 0.645008 0.061130 0.061130
0 0.697197 0.229912 0.057104 0.057104
0 0.192059 0.553542 0.062220 0.062220
0 0.740207 0.542965 0.104277 0.104277
0 0.773056 0.016561 0.057104 0.057104
0 0.555828 0.960780 0.052757 0.052757
0 0.960077 0.822003 0.104277 0.104277
0 0.716630 0.961607 0.061130 0.061130
0 0.187418 0.139608 0.062220 0.062220
0 0.412664 0.672299 0.061130 0.061130
0 0.994398 0.224693 0.052757 0.052757
0 0.400088 0.210765 0.071945 0.071945
0 0.215135 0.790911 0.104278 0.104278
0 0.538693 0.315287 0.104277 0.104277
0 0.459124 0.384211 0.052757 0.052757
0 0.839363 0.995275 0.057104 0.057104
0 0.682079 0.384448 0.104277 0.104277
0 0.755559 0.782930 0.052757 0.052757
0 0.371692 0.378409 0.052757 0.052757
0 0.618034 0.466505 0.052757 0.052757
0 0.994562 0.531112 0.057104 0.057104
0 0.897730 0.755098 0.061130 0.061130
0 0.572561 0.685649 0.104278 0.104278
0 0.639410 0.664040 0.052757 0.052757
0 0.919277 0.343166 0.061130 0.061130
0 0.810630 0.242008 0.071945 0.071945
0 0.977279 0.457704 0.052757 0.052757
0 0.280519 0.843117 0.062220 0.062220
0 0.431851 0.930341 0.062220 0.062220
0 0.185046 0.232778 0.052757 0.052757
0 0.648871 0.919064 0.057104 0.057104
0 0.520463 0.123512 0.061130 0.061130
0 0.799534 0.410301 0.061130 0.061130
0 0.770203 0.326636 0.062220 0.062220
0 0.913973 0.177822 0.062220 0.062220
0 0.238505 0.474813 0.061130 0.061130
0 0.819572 0.572602 0.052757 0.052757
0 0.969746 0.608887 0.057104 0.057104
0 0.605289 0.786533 0.057104 0.057104
0 0.473331 0.273290 0.104277 0.104277
0 0.532564 0.752913 0.071945 0.071945
0 0.949556 0.893262 0.071945 0.071945
0 0.471149 0.832479 0.052757 0.052757
0 0.663445 0.828371 0.071945 0.071945
0 0.968400 0.115209 0.061130 0.061130
0 0.189473 0.860953 0.104277 0.104277
0 0.960642 0.031527 0.104277 0.104277
0 0.399406 0.740883 0.057104 0.057104
0 0.369903 0.818705 0.104277 0.104277
0 0.325550 0.270991 0.052757 0.052757
0 0.910853 0.419801 0.104277 0.104277
0 0.871499 0.273822 0.071945 0.071945
0 0.413641 0.124948 0.104277 0.104277
0 0.331030 0.938230 0.104277 0.104277
0 0.321484 0.719265 0.071945 0.071945
0 0.612565 0.337889 0.071945 0.071945
0 0.752437 0.181986 0.050932 0.050932
0 0.195653 0.660506 0.057104 0.057104
0 0.889173 0.003100 0.052757 0.052757
0 0.364548 0.035818 0.057104 0.057104
0 0.542974 0.863264 0.052757 0.052757
0 0.612894 0.236622 0.071945 0.071945
0 0.291754 0.358201 0.104277 0.104277
0 0.302860 0.612268 0.057104 0.057104
0 0.862974 0.070126 0.061130 0.061130
0 0.485862 0.600904 0.104277 0.104277
0 0.536005 0.445139 0.104277 0.104277
0 0.319628 0.100535 0.062220 0.062220
0 0.923629 0.554442 0.104277 0.104277
0 0.526511 0.221441 0.052757 0.052757
0 0.823766 0.166811 0.062220 0.062220
0 0.619521 0.144715 0.062220 0.062220
0 0.441678 0.519916 0.052757 0.052757
0 0.246185 0.991784 0.057104 0.057104
0 0.320907 0.434705 0.104277 0.104277
0 0.410567 0.592552 0.061130 0.061130
0 0.259412 0.196604 0.057104 0.057104
0 0.533910 0.535502 0.062220 0.062220
0 0.600420 0.570544 0.071945 0.071945
0 0.998534 0.383169 0.071945 0.071945
0 0.829527 0.494198 0.061130 0.061130
0 0.469289 0.054720 0.071945 0.071945
0 0.238413 0.716984 0.052757 0.052757
0 0.564374 0.059689 0.047555 0.047555
0 0.698474 0.084485 0.052757 0.052757
0 0.730042 0.681648 0.104277 0.104277
0 0.211014 0.377436 0.071945 0.071945
0 0.503593 0.676920 0.052757 0.052757
0 0.328891 0.183490 0.057103 0.057103
0 0.694194 0.302590 0.071945 0.071945
0 0.312602 0.506047 0.104277 0.104277
0 0.778424 0.092366 0.071945 0.071945
0 0.769326 0.851908 0.104277 0.104277