0 0.518967 0.446352 0.104277 0.104277
0 0.475419 0.234361 0.061130 0.061130
0 0.191427 0.653880 0.104278 0.104278
0 0.878364 0.196070 0.052757 0.052757
0 0.408512 0.094690 0.104277 0.104277
0 0.470338 0.003642 0.071945 0.071945
0 0.669257 0.444028 0.062220 0.062220
0 0.700904 0.196110 0.104277 0.104277
0 0.376190 0.196259 0.052757 0.052757
0 0.309571 0.815228 0.052757 0.052757
0 0.778768 0.242635 0.071945 0.071945
0 0.922869 0.741104 0.062220 0.062220
0 0.208865 0.764685 0.052757 0.052757
0 0.662812 0.963850 0.071945 0.071945
0 0.229936 0.935912 0.052757 0.052757
0 0.513091 0.361167 0.057104 0.057104
0 0.284284 0.039199 0.062220 0.062220
0 0.548953 0.547803 0.051819 0.051819
0 0.195119 0.224358 0.104277 0.104277
0 0.453097 0.160898 0.061131 0.061131
0 0.729101 0.491516 0.052757 0.052757
0 0.441659 0.836604 0.104277 0.104277
0 0.859299 0.893901 0.071945 0.071945
0 0.790377 0.440031 0.057103 0.057103
0 0.537313 0.121393 0.052757 0.052757
0 0.864046 0.825455 0.062220 0.062220
0 0.593520 0.057353 0.057104 0.057104
0 0.744719 0.952990 0.062220 0.062220
0 0.984069 0.010110 0.052757 0.052757
0 0.705993 0.279364 0.036679 0.036679
0 0.141273 0.565318 0.052757 0.052757
0 0.825031 0.557371 0.104277 0.104277
0 0.539755 0.209975 0.057104 0.057104
0 0.624794 0.618147 0.104277 0.104277
0 0.930368 0.925683 0.061130 0.061130
0 0.619931 0.544854 0.071945 0.071945
0 0.051671 0.036089 0.057104 0.057104
0 0.862527 0.006550 0.052757 0.052757
0 0.849633 0.074412 0.104277 0.104277
0 0.274523 0.162608 0.071945 0.071945
0 0.326402 0.557563 0.052757 0.052757
0 0.755271 0.098044 0.104277 0.104277
0 0.922362 0.572239 0.061131 0.061131
0 0.141437 0.871737 0.057104 0.057104
0 0.346774 0.953341 0.052757 0.052757
0 0.541249 0.704776 0.054783 0.054783
0 0.846176 0.265519 0.062220 0.062220
0 0.708801 0.638688 0.057103 0.057103
0 0.509351 0.816942 0.071945 0.071945
0 0.509611 0.887766 0.061130 0.061130
0 0.292475 0.478194 0.071945 0.071945
0 0.066152 0.683791 0.061130 0.061130
0 0.124154 0.798329 0.052757 0.052757
0 0.803107 0.705509 0.061131 0.061131
0 0.389631 0.713444 0.057104 0.057104
0 0.754285 0.573390 0.061131 0.061131
0 0.345742 0.129057 0.057104 0.057104
0 0.702198 0.039752 0.061130 0.061130
0 0.060848 0.518447 0.062220 0.062220
0 0.176509 0.347447 0.061130 0.061130
0 0.954839 0.426370 0.062220 0.062220
0 0.780958 0.170367 0.061130 0.061130
0 0.403826 0.591570 0.052757 0.052757
0 0.116621 0.949512 0.057104 0.057104
0 0.111821 0.249708 0.061130 0.061130
0 0.082895 0.177973 0.061130 0.061130
0 0.652294 0.134235 0.062220 0.062220
0 0.261575 0.304243 0.104277 0.104277
0 0.424980 0.402116 0.071945 0.071945
0 0.956443 0.639035 0.104278 0.104278
0 0.633764 0.805434 0.052757 0.052757
0 0.115275 0.455834 0.061130 0.061130
0 0.929423 0.281443 0.104277 0.104277
0 0.215368 0.548370 0.057104 0.057104
0 0.107517 0.372152 0.104277 0.104277
0 0.314969 0.625986 0.062220 0.062220
0 0.879796 0.678614 0.062220 0.062220
0 0.312136 0.352780 0.104277 0.104277
0 0.291041 0.240090 0.052757 0.052757
0 0.321441 0.884651 0.104277 0.104277
0 0.597957 0.279778 0.062220 0.062220
0 0.003400 0.113577 0.071945 0.071945
0 0.057728 0.760426 0.104277 0.104277
0 0.018374 0.614447 0.071945 0.071945
0 0.261272 0.682075 0.104277 0.104277
0 0.740168 0.362474 0.104277 0.104277
0 0.416105 0.486032 0.057104 0.057104
0 0.784322 0.894612 0.057104 0.057104
0 0.036048 0.343725 0.052757 0.052757
0 0.803357 0.629113 0.071945 0.071945
0 0.653620 0.327696 0.071945 0.071945
0 0.012945 0.250785 0.061130 0.061130
0 0.371974 0.308840 0.052757 0.052757
0 0.226280 0.460287 0.057104 0.057104
0 0.617609 0.691525 0.104277 0.104277
0 0.009849 0.410751 0.061130 0.061130
0 0.794515 0.317843 0.061131 0.061131
0 0.926790 0.105573 0.071945 0.071945
0 0.580165 0.881337 0.071945 0.071945
0 0.682152 0.735723 0.057104 0.057104
0 0.722198 0.792861 0.104277 0.104277
0 0.223397 0.853742 0.061131 0.061131
0 0.070504 0.895067 0.104277 0.104277
0 0.578965 0.975890 0.071945 0.071945
0 0.198709 0.116403 0.062220 0.062220
0 0.527690 0.636822 0.052757 0.052757
0 0.455127 0.671049 0.104277 0.104277
0 0.202286 0.026592 0.061131 0.061131
0 0.145409 0.723794 0.071945 0.071945
0 0.887183 0.354840 0.071945 0.071945
0 0.385610 0.790014 0.071945 0.071945
0 0.691874 0.884465 0.104277 0.104277
0 0.416317 0.927954 0.104277 0.104277
0 0.968083 0.850010 0.061131 0.061131
0 0.129794 0.123397 0.071945 0.071945
0 0.590576 0.407595 0.057104 0.057104
0 0.860327 0.490326 0.061131 0.061131