0 0.346120 0.357198 0.062220 0.062220
0 0.095112 0.660231 0.104277 0.104277
0 0.895118 0.135337 0.052757 0.052757
0 0.988331 0.082411 0.052757 0.052757
0 0.929009 0.931188 0.071945 0.071945
0 0.300194 0.416040 0.062220 0.062220
0 0.446768 0.393052 0.070161 0.070161
0 0.077488 0.384664 0.104278 0.104278
0 0.800142 0.051645 0.062220 0.062220
0 0.327975 0.820377 0.057104 0.057104
0 0.196881 0.056071 0.057104 0.057104
0 0.055290 0.892325 0.104277 0.104277
0 0.716682 0.484249 0.071945 0.071945
0 0.998081 0.391625 0.061130 0.061130
0 0.814341 0.171627 0.062220 0.062220
0 0.236169 0.364176 0.071945 0.071945
0 0.532475 0.422805 0.062220 0.062220
0 0.986794 0.754997 0.071945 0.071945
0 0.549603 0.725097 0.061131 0.061131
0 0.837243 0.636148 0.061130 0.061130
0 0.210589 0.132756 0.062220 0.062220
0 0.862256 0.755023 0.104277 0.104277
0 0.569046 0.486641 0.104277 0.104277
0 0.744241 0.139032 0.052757 0.052757
0 0.483505 0.332276 0.061130 0.061130
0 0.074687 0.756474 0.057104 0.057104
0 0.196390 0.215517 0.071945 0.071945
0 0.265740 0.975508 0.057104 0.057104
0 0.023257 0.705343 0.104277 0.104277
0 0.613015 0.621567 0.071945 0.071945
0 0.986172 0.886700 0.104277 0.104277
0 0.130694 0.154518 0.104277 0.104277
0 0.074156 0.266955 0.057104 0.057104
0 0.066239 0.130254 0.071945 0.071945
0 0.870626 0.308469 0.061130 0.061130
0 0.298904 0.736804 0.104277 0.104277
0 0.967180 0.287570 0.057104 0.057104
0 0.677231 0.218081 0.071945 0.071945
0 0.283102 0.086510 0.071945 0.071945
0 0.464066 0.555868 0.104277 0.104277
0 0.564930 0.300465 0.057104 0.057104
0 0.256679 0.557652 0.062220 0.062220
0 0.565686 0.103321 0.061131 0.061131
0 0.675098 0.870481 0.071945 0.071945
0 0.111004 0.820973 0.057104 0.057104
0 0.875125 0.058949 0.057104 0.057104
0 0.535402 0.202596 0.071945 0.071945
0 0.424857 0.262778 0.071945 0.071945
0 0.316548 0.899337 0.052757 0.052757
0 0.387739 0.968418 0.104277 0.104277
0 0.356296 0.537529 0.062220 0.062220
0 0.286499 0.197832 0.052757 0.052757
0 0.163821 0.460656 0.071945 0.071945
0 0.154487 0.696440 0.052757 0.052757
0 0.200429 0.908023 0.057104 0.057104
0 0.547002 0.951380 0.104277 0.104277
0 0.662521 0.120610 0.052757 0.052757
0 0.598350 0.366104 0.062220 0.062220
0 0.759883 0.835840 0.062220 0.062220
0 0.451927 0.788743 0.062220 0.062220
0 0.868035 0.225757 0.061131 0.061131
0 0.012507 0.832191 0.052757 0.052757
0 0.342096 0.252943 0.052757 0.052757
0 0.642914 0.550042 0.061131 0.061131
0 0.395779 0.081907 0.071945 0.071945
0 0.546758 0.587360 0.061131 0.061131
0 0.815299 0.361564 0.071945 0.071945
0 0.726764 0.058825 0.062220 0.062220
0 0.419713 0.163160 0.057104 0.057104
0 0.036223 0.205854 0.062220 0.062220
0 0.106251 0.036434 0.104277 0.104277
0 0.509742 0.665523 0.052757 0.052757
0 0.589376 0.860344 0.061131 0.061131
0 0.806930 0.557886 0.057104 0.057104
0 0.414709 0.465556 0.052757 0.052757
0 0.661855 0.399219 0.071945 0.071945
0 0.924841 0.375094 0.052757 0.052757
0 0.743029 0.261222 0.071945 0.071945
0 0.478483 0.049752 0.104277 0.104277
0 0.387793 0.690938 0.104277 0.104277
0 0.166311 0.770925 0.061130 0.061130
0 0.110162 0.590841 0.104277 0.104277
0 0.072863 0.461741 0.052757 0.052757
0 0.944774 0.572462 0.071945 0.071945
0 0.293362 0.495504 0.057104 0.057104
0 0.846736 0.487033 0.062220 0.062220
0 0.175747 0.619930 0.071945 0.071945
0 0.251891 0.260367 0.104277 0.104277
0 0.839028 0.851479 0.057104 0.057104
0 0.406310 0.846372 0.061130 0.061130
0 0.673435 0.322269 0.071945 0.071945
0 0.169884 0.382434 0.056505 0.056505
0 0.772831 0.925165 0.057104 0.057104
0 0.678680 0.673186 0.104277 0.104277
0 0.447069 0.919285 0.061130 0.061130
0 0.745022 0.742623 0.052757 0.052757
0 0.624050 0.961306 0.071945 0.071945
0 0.913692 0.510625 0.104277 0.104277
0 0.752177 0.608167 0.071945 0.071945
0 0.766150 0.418181 0.104277 0.104277
0 0.389976 0.603787 0.057104 0.057104
0 0.164181 0.313745 0.061130 0.061130
0 0.141505 0.950144 0.062220 0.062220
0 0.492515 0.858095 0.071945 0.071945
0 0.497082 0.263830 0.057103 0.057103
0 0.240698 0.645086 0.057104 0.057104
0 0.968933 0.671367 0.104277 0.104277
0 0.649799 0.050174 0.057104 0.057104
0 0.632579 0.732323 0.052757 0.052757
0 0.927014 0.849477 0.062220 0.062220
0 0.978406 0.175402 0.061131 0.061131