0 0.765380 0.516117 0.071945 0.071945
0 0.750659 0.984064 0.104277 0.104277
0 0.664114 0.630394 0.062220 0.062220
0 0.797092 0.628341 0.057104 0.057104
0 0.829903 0.553649 0.052757 0.052757
0 0.713689 0.893821 0.057104 0.057104
0 0.641849 0.745304 0.104277 0.104277
0 0.627043 0.935780 0.061131 0.061131
0 0.896152 0.049793 0.061130 0.061130
0 0.866581 0.187006 0.061130 0.061130
0 0.476368 0.063462 0.052757 0.052757
0 0.569581 0.010536 0.052757 0.052757
0 0.636851 0.559687 0.052757 0.052757
0 0.510259 0.859313 0.071945 0.071945
0 0.727268 0.759592 0.062220 0.062220
0 0.785425 0.880843 0.071945 0.071945
0 0.867222 0.651384 0.071945 0.071945
0 0.028018 0.321177 0.070161 0.070161
0 0.729010 0.579997 0.071945 0.071945
0 0.158969 0.969188 0.062220 0.062220
0 0.897523 0.414733 0.061131 0.061131
0 0.916157 0.589597 0.071945 0.071945
0 0.297932 0.412374 0.071945 0.071945
0 0.579331 0.319750 0.061130 0.061130
0 0.395591 0.099752 0.062220 0.062220
0 0.113725 0.350930 0.062220 0.062220
0 0.568044 0.683122 0.071945 0.071945
0 0.130853 0.653222 0.061131 0.061131
0 0.418493 0.564273 0.061130 0.061130
0 0.928723 0.512960 0.071945 0.071945
0 0.443506 0.683148 0.104277 0.104277
0 0.150296 0.414766 0.104277 0.104277
0 0.325491 0.067157 0.052757 0.052757
0 0.064755 0.260401 0.061130 0.061130
0 0.194265 0.549692 0.071945 0.071945
0 0.567422 0.814825 0.104277 0.104277
0 0.859510 0.758525 0.104278 0.104278
0 0.451876 0.236594 0.061130 0.061130
0 0.548430 0.215695 0.057104 0.057104
0 0.258481 0.146206 0.071945 0.071945
0 0.045316 0.483993 0.104277 0.104277
0 0.808861 0.328029 0.057104 0.057104
0 0.146180 0.228590 0.057104 0.057104
0 0.146936 0.031446 0.061131 0.061131
0 0.256348 0.798606 0.071945 0.071945
0 0.611542 0.163647 0.062220 0.062220
0 0.116652 0.130721 0.071945 0.071945
0 0.006107 0.190903 0.071945 0.071945
0 0.270156 0.933020 0.061131 0.061131
0 0.045766 0.981717 0.061130 0.061130
0 0.128252 0.879505 0.104277 0.104277
0 0.664015 0.420967 0.062220 0.062220
0 0.243771 0.048735 0.052757 0.052757
0 0.627590 0.482534 0.062220 0.062220
0 0.179600 0.294229 0.062220 0.062220
0 0.341133 0.763965 0.062220 0.062220
0 0.724786 0.013750 0.071945 0.071945
0 0.033177 0.716868 0.062220 0.062220
0 0.449285 0.153882 0.061131 0.061131
0 0.224164 0.478167 0.061131 0.061131
0 0.840065 0.105282 0.104278 0.104278
0 0.128008 0.515485 0.061131 0.061131
0 0.396549 0.289689 0.071945 0.071945
0 0.000963 0.091285 0.057104 0.057104
0 0.483181 0.962023 0.071945 0.071945
0 0.911229 0.290027 0.061131 0.061131
0 0.090992 0.593648 0.052757 0.052757
0 0.170626 0.788469 0.061131 0.061131
0 0.589742 0.409681 0.052757 0.052757
0 0.388180 0.486011 0.057104 0.057104
0 0.689283 0.153074 0.052757 0.052757
0 0.243105 0.327344 0.071945 0.071945
0 0.900953 0.840567 0.057104 0.057104
0 0.781893 0.810687 0.057104 0.057104
0 0.506091 0.303219 0.052757 0.052757
0 0.639263 0.834573 0.052757 0.052757
0 0.324279 0.189347 0.071945 0.071945
0 0.757136 0.094552 0.062220 0.062220
0 0.389313 0.936447 0.052757 0.052757
0 0.526024 0.500587 0.071945 0.071945
0 0.427986 0.415158 0.062220 0.062220
0 0.626702 0.055333 0.071945 0.071945
0 0.759441 0.210589 0.052559 0.052559
0 0.420278 0.779604 0.057104 0.057104
0 0.254685 0.250394 0.071945 0.071945
0 0.802115 0.446946 0.062220 0.062220
0 0.354081 0.853290 0.057104 0.057104
0 0.259930 0.601311 0.104277 0.104277
0 0.028319 0.847410 0.061130 0.061130
0 0.326272 0.670748 0.052757 0.052757
0 0.205300 0.889431 0.071945 0.071945
0 0.494942 0.438750 0.104277 0.104277
0 0.333427 0.536292 0.071945 0.071945
0 0.347400 0.346306 0.104277 0.104277
0 0.881655 0.944032 0.061130 0.061130
0 0.073765 0.786220 0.071945 0.071945
0 0.078332 0.191955 0.057103 0.057103
0 0.706367 0.290395 0.071945 0.071945
0 0.862244 0.481174 0.104278 0.104278
0 0.550183 0.599492 0.104277 0.104277
0 0.606960 0.254185 0.052757 0.052757
0 0.213829 0.660448 0.052757 0.052757
0 0.508264 0.777602 0.062220 0.062220
0 0.559656 0.103527 0.061131 0.061131