0 0.993505 0.050492 0.071945 0.071945
0 0.788682 0.553911 0.104277 0.104277
0 0.821162 0.895180 0.061131 0.061131
0 0.978784 0.518439 0.104277 0.104277
0 0.529846 0.882368 0.104277 0.104277
0 0.892239 0.164769 0.062220 0.062220
0 0.941814 0.428196 0.057104 0.057104
0 0.869974 0.279679 0.104277 0.104277
0 0.852277 0.631575 0.104277 0.104277
0 0.657918 0.818339 0.052757 0.052757
0 0.855168 0.470155 0.061131 0.061131
0 0.864976 0.094062 0.052757 0.052757
0 0.601856 0.928864 0.057104 0.057104
0 0.101598 0.779978 0.071945 0.071945
0 0.738384 0.393688 0.071945 0.071945
0 0.148846 0.842417 0.061130 0.061130
0 0.920995 0.872820 0.104277 0.104277
0 0.955393 0.293967 0.062220 0.062220
0 0.326980 0.966372 0.052757 0.052757
0 0.791272 0.689230 0.062220 0.062220
0 0.629098 0.755778 0.057104 0.057104
0 0.625945 0.594953 0.052757 0.052757
0 0.737099 0.733216 0.061130 0.061130
0 0.451968 0.582256 0.061131 0.061131
0 0.957135 0.114372 0.071945 0.071945
0 0.394180 0.902281 0.052757 0.052757
0 0.137350 0.282877 0.057104 0.057104
0 0.946962 0.606025 0.061130 0.061130
0 0.387094 0.503563 0.062220 0.062220
0 0.680028 0.690239 0.061131 0.061131
0 0.499243 0.984564 0.071945 0.071945
0 0.729255 0.623692 0.057104 0.057104
0 0.796169 0.217497 0.071945 0.071945
0 0.358978 0.187597 0.061131 0.061131
0 0.646618 0.098648 0.061130 0.061130
0 0.046515 0.955919 0.057104 0.057104
0 0.671631 0.217523 0.104277 0.104277
0 0.075115 0.438008 0.057104 0.057104
0 0.422390 0.084067 0.071945 0.071945
0 0.795547 0.349200 0.104277 0.104277
0 0.193704 0.720110 0.061130 0.061130
0 0.952749 0.680900 0.061130 0.061130
0 0.108279 0.199304 0.104277 0.104277
0 0.273441 0.018368 0.104277 0.104277
0 0.066054 0.020152 0.062220 0.062220
0 0.484473 0.332981 0.071945 0.071945
0 0.465841 0.784400 0.104277 0.104277
0 0.077533 0.532508 0.057104 0.057104
0 0.085394 0.699796 0.057104 0.057104
0 0.125923 0.361837 0.052757 0.052757
0 0.197114 0.430918 0.104277 0.104277
0 0.165671 0.000029 0.062220 0.062220
0 0.238003 0.931536 0.052757 0.052757
0 0.681351 0.920890 0.062220 0.062220
0 0.498281 0.467395 0.061131 0.061131
0 0.138582 0.632895 0.104277 0.104277
0 0.273891 0.516092 0.061130 0.061130
0 0.009804 0.370523 0.057104 0.057104
0 0.356377 0.413880 0.104277 0.104277
0 0.855715 0.016909 0.062220 0.062220
0 0.569258 0.298340 0.062220 0.062220
0 0.261302 0.251243 0.062220 0.062220
0 0.587820 0.537774 0.057104 0.057104
0 0.043970 0.882172 0.062220 0.062220
0 0.452289 0.012542 0.061131 0.061131
0 0.748423 0.838741 0.071945 0.071945
0 0.358302 0.821869 0.052757 0.052757
0 0.351069 0.592206 0.062220 0.062220
0 0.356133 0.049860 0.061131 0.061131
0 0.711306 0.496398 0.071945 0.071945
0 0.154246 0.506616 0.061130 0.061130
0 0.315834 0.655824 0.104278 0.104278
0 0.319117 0.128023 0.052757 0.052757
0 0.398751 0.322844 0.061131 0.061131
0 0.616305 0.020386 0.057104 0.057104
0 0.565977 0.719995 0.062220 0.062220
0 0.151218 0.911571 0.057104 0.057104
0 0.867388 0.368948 0.052757 0.052757
0 0.372852 0.721735 0.062220 0.062220
0 0.251409 0.836311 0.057104 0.057104
0 0.197168 0.153438 0.104277 0.104277
0 0.617438 0.470822 0.052757 0.052757
0 0.115326 0.986036 0.048997 0.048997
0 0.404772 0.654106 0.071945 0.071945
0 0.318352 0.890667 0.062220 0.062220
0 0.754149 0.034962 0.071945 0.071945
0 0.648403 0.313979 0.057104 0.057104
0 0.891383 0.802402 0.057104 0.057104
0 0.215685 0.308872 0.061130 0.061130
0 0.051995 0.617218 0.057104 0.057104
0 0.250411 0.613904 0.104277 0.104277
0 0.582206 0.387665 0.057104 0.057104
0 0.488055 0.135686 0.104277 0.104277
0 0.444973 0.711032 0.052757 0.052757
0 0.874126 0.942340 0.057104 0.057104
0 0.256444 0.381785 0.061130 0.061130
0 0.554397 0.205123 0.052757 0.052757
0 0.433425 0.423806 0.071945 0.071945
0 0.561552 0.070667 0.071945 0.071945
0 0.882788 0.728703 0.104277 0.104277
0 0.199351 0.066287 0.057104 0.057104
0 0.301890 0.320595 0.071945 0.071945
0 0.050073 0.107586 0.057104 0.057104
0 0.778308 0.133867 0.104277 0.104277
0 0.952121 0.756298 0.104277 0.104277
0 0.966301 0.952556 0.052757 0.052757
0 0.033127 0.804280 0.057104 0.057104
0 0.441954 0.194823 0.052757 0.052757
0 0.736389 0.311977 0.062220 0.062220
0 0.533782 0.597415 0.061131 0.061131