0 0.216910 0.917677 0.062220 0.062220
0 0.386745 0.079073 0.062220 0.062220
0 0.135737 0.382106 0.104277 0.104277
0 0.163795 0.792062 0.057103 0.057103
0 0.969634 0.653063 0.071945 0.071945
0 0.857195 0.854328 0.052757 0.052757
0 0.968349 0.992591 0.061130 0.061130
0 0.340819 0.137915 0.062220 0.062220
0 0.683218 0.841631 0.061131 0.061131
0 0.487393 0.114927 0.070161 0.070161
0 0.118113 0.106539 0.104278 0.104278
0 0.368600 0.542252 0.057104 0.057104
0 0.618344 0.762938 0.062220 0.062220
0 0.911278 0.949614 0.061131 0.061131
0 0.095915 0.614200 0.104277 0.104277
0 0.960505 0.883067 0.057104 0.057104
0 0.757307 0.206124 0.071945 0.071945
0 0.276794 0.086051 0.071945 0.071945
0 0.573100 0.144680 0.062220 0.062220
0 0.590228 0.446972 0.061131 0.061131
0 0.877868 0.358023 0.061130 0.061130
0 0.902881 0.476898 0.104277 0.104277
0 0.609671 0.208516 0.104277 0.104277
0 0.018209 0.144118 0.071945 0.071945
0 0.524130 0.054151 0.061130 0.061130
0 0.115312 0.478349 0.057104 0.057104
0 0.306365 0.697383 0.057104 0.057104
0 0.063882 0.427218 0.104277 0.104277
0 0.653640 0.343442 0.071945 0.071945
0 0.424954 0.979485 0.061130 0.061130
0 0.911251 0.030344 0.061130 0.061130
0 0.339529 0.458679 0.104277 0.104277
0 0.226388 0.739818 0.052757 0.052757
0 0.030243 0.296166 0.052757 0.052757
0 0.504691 0.277743 0.104277 0.104277
0 0.605555 0.022340 0.057104 0.057104
0 0.297304 0.279527 0.062220 0.062220
0 0.715723 0.592356 0.071945 0.071945
0 0.151629 0.542848 0.057104 0.057104
0 0.308783 0.791883 0.057104 0.057104
0 0.074928 0.957424 0.057104 0.057104
0 0.316644 0.959171 0.057104 0.057104
0 0.357173 0.621212 0.052757 0.052757
0 0.428364 0.690293 0.104277 0.104277
0 0.396921 0.259404 0.062220 0.062220
0 0.729531 0.726770 0.061131 0.061131
0 0.184468 0.978777 0.052757 0.052757
0 0.001379 0.898098 0.061130 0.061130
0 0.204446 0.182531 0.071945 0.071945
0 0.369832 0.892270 0.104277 0.104277
0 0.505141 0.775467 0.061130 0.061130
0 0.195112 0.418315 0.052757 0.052757
0 0.241054 0.629898 0.057104 0.057104
0 0.070333 0.812916 0.071945 0.071945
0 0.587627 0.673255 0.104277 0.104277
0 0.638975 0.087979 0.062220 0.062220
0 0.800508 0.557715 0.062220 0.062220
0 0.492552 0.510618 0.062220 0.062220
0 0.819070 0.797149 0.057104 0.057104
0 0.053132 0.554066 0.052757 0.052757
0 0.683539 0.271917 0.061131 0.061131
0 0.582319 0.851581 0.062220 0.062220
0 0.587383 0.309235 0.061131 0.061131
0 0.855924 0.083439 0.071945 0.071945
0 0.942556 0.755773 0.071945 0.071945
0 0.385496 0.765991 0.061130 0.061130
0 0.547084 0.915199 0.104278 0.104278
0 0.550367 0.387398 0.052757 0.052757
0 0.630001 0.582219 0.061131 0.061131
0 0.847555 0.279761 0.057104 0.057104
0 0.455334 0.187431 0.052757 0.052757
0 0.797227 0.979370 0.062220 0.062220
0 0.702480 0.121094 0.071945 0.071945
0 0.965466 0.096969 0.052757 0.052757
0 0.604102 0.981110 0.062220 0.062220
0 0.428418 0.412813 0.104277 0.104277
0 0.206936 0.492800 0.061130 0.061130
0 0.150787 0.312716 0.104277 0.104277
0 0.113488 0.183616 0.052757 0.052757
0 0.848688 0.730197 0.052757 0.052757
0 0.636022 0.913481 0.071945 0.071945
0 0.985399 0.294337 0.071945 0.071945
0 0.333987 0.217379 0.057104 0.057104
0 0.887361 0.208908 0.062220 0.062220
0 0.216372 0.341805 0.071945 0.071945
0 0.879653 0.573354 0.057104 0.057104
0 0.446935 0.568247 0.061130 0.061130
0 0.283245 0.876593 0.057104 0.057104
0 0.714060 0.044144 0.071945 0.071945
0 0.481661 0.873279 0.104277 0.104277
0 0.210509 0.104309 0.056505 0.056505
0 0.158003 0.866942 0.104277 0.104277
0 0.813456 0.647040 0.057104 0.057104
0 0.719305 0.395061 0.104277 0.104277
0 0.676223 0.970407 0.052757 0.052757
0 0.487694 0.641160 0.061130 0.061130
0 0.785647 0.464498 0.052757 0.052757
0 0.664675 0.683181 0.071945 0.071945
0 0.954317 0.232500 0.104277 0.104277
0 0.792802 0.330042 0.071945 0.071945
0 0.806775 0.140056 0.104277 0.104277
0 0.430601 0.325662 0.057104 0.057104
0 0.204806 0.035620 0.061130 0.061130
0 0.182130 0.672019 0.062220 0.062220
0 0.533140 0.579970 0.071945 0.071945
0 0.281323 0.366961 0.057104 0.057104
0 0.004360 0.059422 0.062220 0.062220
0 0.081941 0.730874 0.052757 0.052757
0 0.029192 0.656331 0.062220 0.062220
0 0.673204 0.454198 0.052757 0.052757
0 0.967639 0.571352 0.062220 0.062220
0 0.765032 0.856790 0.061131 0.061131