0 0.841044 0.815611 0.061130 0.061130
0 0.774137 0.675940 0.104277 0.104277
0 0.835963 0.584892 0.071945 0.071945
0 0.987776 0.570502 0.071945 0.071945
0 0.741815 0.777509 0.052757 0.052757
0 0.779846 0.447993 0.104277 0.104277
0 0.286011 0.730606 0.052757 0.052757
0 0.235660 0.223927 0.062220 0.062220
0 0.878716 0.942417 0.057104 0.057104
0 0.649909 0.620449 0.062220 0.062220
0 0.907918 0.383964 0.052757 0.052757
0 0.560744 0.805608 0.104277 0.104277
0 0.160217 0.451143 0.052757 0.052757
0 0.818722 0.742148 0.061131 0.061131
0 0.182545 0.098312 0.057103 0.057103
0 0.285556 0.938436 0.057104 0.057104
0 0.851856 0.494489 0.057104 0.057104
0 0.351598 0.345603 0.071945 0.071945
0 0.902938 0.702643 0.052757 0.052757
0 0.398846 0.408042 0.061130 0.061130
0 0.576980 0.531997 0.052757 0.052757
0 0.959145 0.638603 0.057104 0.057104
0 0.879098 0.321403 0.057104 0.057104
0 0.875945 0.160578 0.052757 0.052757
0 0.987099 0.298841 0.061130 0.061130
0 0.701968 0.147881 0.061131 0.061131
0 0.330365 0.621082 0.057104 0.057104
0 0.905380 0.791225 0.057104 0.057104
0 0.644180 0.467906 0.052757 0.052757
0 0.417296 0.617339 0.057104 0.057104
0 0.640148 0.743858 0.071945 0.071945
0 0.637094 0.069188 0.062220 0.062220
0 0.930028 0.255864 0.061131 0.061131
0 0.749243 0.550189 0.071945 0.071945
0 0.979255 0.189317 0.057104 0.057104
0 0.098707 0.362637 0.071945 0.071945
0 0.028462 0.355552 0.057104 0.057104
0 0.296515 0.521544 0.057104 0.057104
0 0.325115 0.003633 0.057104 0.057104
0 0.711367 0.710307 0.057104 0.057104
0 0.443704 0.285735 0.061130 0.061130
0 0.331878 0.887069 0.071945 0.071945
0 0.542134 0.928697 0.061130 0.061130
0 0.245138 0.046068 0.052757 0.052757
0 0.031994 0.689312 0.071945 0.071945
0 0.715841 0.350025 0.104277 0.104277
0 0.477446 0.830958 0.061130 0.061130
0 0.448520 0.759223 0.061130 0.061130
0 0.327533 0.098133 0.057104 0.057104
0 0.229638 0.485496 0.104277 0.104277
0 0.093678 0.263674 0.057104 0.057104
0 0.335394 0.265421 0.057104 0.057104
0 0.001033 0.440803 0.057104 0.057104
0 0.627200 0.885493 0.104277 0.104277
0 0.790605 0.983366 0.071945 0.071945
0 0.203960 0.379758 0.104277 0.104277
0 0.488003 0.497161 0.052757 0.052757
0 0.931351 0.486515 0.062220 0.062220
0 0.219053 0.572058 0.104277 0.104277
0 0.043163 0.771010 0.071945 0.071945
0 0.473142 0.953402 0.104277 0.104277
0 0.008517 0.273057 0.052757 0.052757
0 0.748281 0.033020 0.061131 0.061131
0 0.203218 0.285027 0.052757 0.052757
0 0.677761 0.934030 0.104277 0.104277
0 0.020129 0.204348 0.061130 0.061130
0 0.162450 0.722141 0.052757 0.052757
0 0.388582 0.198520 0.104277 0.104277
0 0.656666 0.821340 0.052757 0.052757
0 0.523891 0.081717 0.061130 0.061130
0 0.089083 0.119166 0.071945 0.071945
0 0.963582 0.861028 0.062220 0.062220
0 0.837820 0.103399 0.057104 0.057104
0 0.369025 0.694827 0.071945 0.071945
0 0.293970 0.447797 0.062220 0.062220
0 0.998423 0.404366 0.071945 0.071945
0 0.608302 0.387494 0.052757 0.052757
0 0.601069 0.157831 0.062220 0.062220
0 0.254902 0.653494 0.104277 0.104277
0 0.961306 0.062023 0.071945 0.071945
0 0.401673 0.924975 0.052757 0.052757
0 0.404246 0.072241 0.061130 0.061130
0 0.565834 0.221449 0.104278 0.104278
0 0.167810 0.871866 0.071945 0.071945
0 0.378570 0.832035 0.061130 0.061130
0 0.737599 0.890090 0.052757 0.052757
0 0.815977 0.285620 0.062220 0.062220
0 0.090710 0.468289 0.057104 0.057104
0 0.401218 0.477196 0.057104 0.057104
0 0.033031 0.921668 0.104277 0.104277
0 0.622852 0.287360 0.062220 0.062220
0 0.501409 0.401936 0.057104 0.057104
0 0.375474 0.992001 0.061130 0.061130
0 0.237839 0.835160 0.071945 0.071945
0 0.090474 0.546398 0.061130 0.061130
0 0.020311 0.533677 0.062220 0.062220
0 0.867438 0.036447 0.052757 0.052757
0 0.365326 0.551661 0.048997 0.048997
0 0.654772 0.219731 0.071945 0.071945
0 0.568352 0.456292 0.062220 0.062220
0 0.301995 0.182843 0.057104 0.057104
0 0.500411 0.179529 0.104277 0.104277
0 0.176753 0.173192 0.104277 0.104277
0 0.564334 0.697653 0.062220 0.062220
0 0.694973 0.276657 0.052757 0.052757
0 0.567911 0.607842 0.061131 0.061131
0 0.142685 0.646038 0.104277 0.104277
0 0.100691 0.037124 0.052757 0.052757
0 0.076874 0.981564 0.047555 0.047555
0 0.283127 0.369905 0.057104 0.057104
0 0.495419 0.704647 0.071945 0.071945
0 0.956201 0.988845 0.057104 0.057104
0 0.783782 0.163040 0.061131 0.061131