0 0.665380 0.281742 0.071945 0.071945
0 0.460557 0.785161 0.104277 0.104277
0 0.650659 0.749689 0.104277 0.104277
0 0.694848 0.945937 0.057104 0.057104
0 0.564114 0.396019 0.062220 0.062220
0 0.697092 0.393966 0.057104 0.057104
0 0.787233 0.907816 0.104277 0.104277
0 0.729903 0.319274 0.052757 0.052757
0 0.613689 0.659446 0.057104 0.057104
0 0.541849 0.510929 0.104277 0.104277
0 0.524152 0.862825 0.104277 0.104277
0 0.527043 0.701405 0.061131 0.061131
0 0.536851 0.325312 0.052757 0.052757
0 0.410259 0.624938 0.071945 0.071945
0 0.627268 0.525217 0.062220 0.062220
0 0.463147 0.920480 0.062220 0.062220
0 0.300973 0.987028 0.057104 0.057104
0 0.297820 0.826203 0.052757 0.052757
0 0.408974 0.964466 0.061130 0.061130
0 0.685425 0.646468 0.071945 0.071945
0 0.767222 0.417009 0.071945 0.071945
0 0.123843 0.813506 0.061131 0.061131
0 0.629010 0.345622 0.071945 0.071945
0 0.618837 0.837275 0.061130 0.061130
0 0.058969 0.734813 0.062220 0.062220
0 0.797523 0.180358 0.061131 0.061131
0 0.351903 0.921489 0.061131 0.061131
0 0.401130 0.854942 0.057104 0.057104
0 0.816157 0.355222 0.071945 0.071945
0 0.197932 0.177999 0.071945 0.071945
0 0.479331 0.085375 0.061130 0.061130
0 0.013725 0.116555 0.062220 0.062220
0 0.468044 0.448747 0.071945 0.071945
0 0.030853 0.418847 0.061131 0.061131
0 0.318493 0.329898 0.061130 0.061130
0 0.828723 0.278585 0.071945 0.071945
0 0.343506 0.448773 0.104277 0.104277
0 0.050296 0.180391 0.104277 0.104277
0 0.811535 0.776852 0.057104 0.057104
0 0.094265 0.315317 0.071945 0.071945
0 0.467422 0.580450 0.104277 0.104277
0 0.759510 0.524150 0.104278 0.104278
0 0.624624 0.912150 0.061130 0.061130
0 0.351876 0.002219 0.061130 0.061130
0 0.708861 0.093654 0.057104 0.057104
0 0.156348 0.564231 0.071945 0.071945
0 0.170156 0.698645 0.061131 0.061131
0 0.028252 0.645130 0.104277 0.104277
0 0.564015 0.186592 0.062220 0.062220
0 0.527590 0.248159 0.062220 0.062220
0 0.079600 0.059854 0.062220 0.062220
0 0.241133 0.529590 0.062220 0.062220
0 0.763867 0.830854 0.052757 0.052757
0 0.259695 0.769024 0.057104 0.057104
0 0.124164 0.243792 0.061131 0.061131
0 0.022944 0.823456 0.062220 0.062220
0 0.028008 0.281110 0.061131 0.061131
0 0.296549 0.055314 0.071945 0.071945
0 0.383181 0.727648 0.071945 0.071945
0 0.811229 0.055652 0.061131 0.061131
0 0.070626 0.554094 0.061131 0.061131
0 0.489742 0.175306 0.052757 0.052757
0 0.288180 0.251636 0.057104 0.057104
0 0.237852 0.951245 0.062220 0.062220
0 0.143105 0.092969 0.071945 0.071945
0 0.800953 0.606192 0.057104 0.057104
0 0.681893 0.576312 0.057104 0.057104
0 0.406091 0.068844 0.052757 0.052757
0 0.539263 0.600198 0.052757 0.052757
0 0.044727 0.952985 0.062220 0.062220
0 0.289313 0.702072 0.052757 0.052757
0 0.076647 0.885356 0.071945 0.071945
0 0.426024 0.266212 0.071945 0.071945
0 0.327986 0.180783 0.062220 0.062220
0 0.320278 0.545229 0.057104 0.057104
0 0.154685 0.016019 0.071945 0.071945
0 0.702115 0.212571 0.062220 0.062220
0 0.254081 0.618915 0.057104 0.057104
0 0.159930 0.366936 0.104277 0.104277
0 0.116848 0.942282 0.052757 0.052757
0 0.226272 0.436373 0.052757 0.052757
0 0.105300 0.655056 0.071945 0.071945
0 0.394942 0.204375 0.104277 0.104277
0 0.233427 0.301917 0.071945 0.071945
0 0.554663 0.959953 0.104277 0.104277
0 0.247400 0.111931 0.104277 0.104277
0 0.781655 0.709657 0.061130 0.061130
0 0.606367 0.056020 0.071945 0.071945
0 0.762244 0.246799 0.104278 0.104278
0 0.450183 0.365117 0.104277 0.104277
0 0.623996 0.987548 0.104277 0.104277
0 0.506960 0.019810 0.052757 0.052757
0 0.113829 0.426073 0.052757 0.052757
0 0.408264 0.543227 0.062220 0.062220
0 0.205657 0.828665 0.061131 0.061131