0 0.225419 0.981236 0.061130 0.061130
0 0.628364 0.942945 0.052757 0.052757
0 0.158512 0.841565 0.104277 0.104277
0 0.220338 0.750517 0.071945 0.071945
0 0.372151 0.736127 0.071945 0.071945
0 0.450904 0.942985 0.104277 0.104277
0 0.126190 0.943134 0.052757 0.052757
0 0.528768 0.989510 0.071945 0.071945
0 0.423057 0.285161 0.104277 0.104277
0 0.455537 0.626430 0.061131 0.061131
0 0.613159 0.249689 0.104277 0.104277
0 0.164221 0.613618 0.104277 0.104277
0 0.657348 0.445937 0.057104 0.057104
0 0.783801 0.650897 0.062221 0.062221
0 0.672707 0.613902 0.104277 0.104277
0 0.749733 0.407816 0.104277 0.104277
0 0.576189 0.159446 0.057104 0.057104
0 0.504349 0.010929 0.104277 0.104277
0 0.486652 0.362825 0.104277 0.104277
0 0.034284 0.786074 0.062220 0.062220
0 0.292293 0.549589 0.052757 0.052757
0 0.773754 0.923011 0.071945 0.071945
0 0.489543 0.201405 0.061131 0.061131
0 0.203097 0.907773 0.061131 0.061131
0 0.236231 0.660114 0.057104 0.057104
0 0.372759 0.124938 0.071945 0.071945
0 0.287313 0.868268 0.052757 0.052757
0 0.555370 0.604070 0.104277 0.104277
0 0.589768 0.025217 0.062220 0.062220
0 0.425647 0.420480 0.062220 0.062220
0 0.343520 0.804228 0.057104 0.057104
0 0.263473 0.487028 0.057104 0.057104
0 0.260320 0.326203 0.052757 0.052757
0 0.734069 0.756985 0.052757 0.052757
0 0.371474 0.464466 0.061130 0.061130
0 0.647925 0.146468 0.071945 0.071945
0 0.086343 0.313506 0.061131 0.061131
0 0.673982 0.717796 0.062221 0.062221
0 0.289755 0.956850 0.057104 0.057104
0 0.028555 0.633531 0.052757 0.052757
0 0.675612 0.523284 0.071945 0.071945
0 0.612527 0.753425 0.052757 0.052757
0 0.581337 0.337275 0.061130 0.061130
0 0.599633 0.821287 0.104277 0.104277
0 0.024523 0.909483 0.071945 0.071945
0 0.021469 0.234813 0.062220 0.062220
0 0.314403 0.421489 0.061131 0.061131
0 0.505271 0.844919 0.104277 0.104277
0 0.133618 0.715814 0.071945 0.071945
0 0.363630 0.354942 0.057104 0.057104
0 0.774035 0.276852 0.057104 0.057104
0 0.095742 0.875932 0.057104 0.057104
0 0.429922 0.080450 0.104277 0.104277
0 0.722010 0.024150 0.104278 0.104278
0 0.452198 0.786627 0.061130 0.061130
0 0.587124 0.412150 0.061130 0.061130
0 0.530958 0.917242 0.061130 0.061130
0 0.118848 0.064231 0.071945 0.071945
0 0.100216 0.515650 0.104277 0.104277
0 0.402294 0.881110 0.062220 0.062220
0 0.315726 0.652140 0.062220 0.062220
0 0.132656 0.198645 0.061131 0.061131
0 0.041041 0.986965 0.052757 0.052757
0 0.203633 0.029590 0.062220 0.062220
0 0.726367 0.330854 0.052757 0.052757
0 0.222195 0.269024 0.057104 0.057104
0 0.382798 0.569991 0.071945 0.071945
0 0.345681 0.227648 0.071945 0.071945
0 0.033126 0.054094 0.061131 0.061131
0 0.200352 0.451245 0.062220 0.062220
0 0.793624 0.802226 0.071945 0.071945
0 0.763453 0.106192 0.057104 0.057104
0 0.644393 0.076312 0.057104 0.057104
0 0.501763 0.100198 0.052757 0.052757
0 0.007227 0.452985 0.062220 0.062220
0 0.676790 0.852448 0.071945 0.071945
0 0.251813 0.202072 0.052757 0.052757
0 0.039147 0.385356 0.071945 0.071945
0 0.771171 0.501423 0.104277 0.104277
0 0.282778 0.045229 0.057104 0.057104
0 0.525758 0.533652 0.057104 0.057104
0 0.216581 0.118915 0.057104 0.057104
0 0.079348 0.442282 0.052757 0.052757
0 0.508501 0.673590 0.057104 0.057104
0 0.067800 0.155056 0.071945 0.071945
0 0.517163 0.459953 0.104277 0.104277
0 0.744155 0.209657 0.061130 0.061130
0 0.586496 0.487548 0.104277 0.104277
0 0.600676 0.683806 0.052757 0.052757
0 0.370764 0.043227 0.062220 0.062220
0 0.168157 0.328665 0.061131 0.061131