0 0.045545 0.458226 0.062220 0.062220
0 0.391183 0.797854 0.062220 0.062220
0 0.352957 0.603830 0.062220 0.062220
0 0.842345 0.320657 0.071945 0.071945
0 0.128859 0.911468 0.057103 0.057103
0 0.643958 0.166002 0.104277 0.104277
0 0.851029 0.690989 0.061130 0.061130
0 0.886743 0.076974 0.061130 0.061130
0 0.378937 0.247196 0.052757 0.052757
0 0.913156 0.799081 0.104277 0.104277
0 0.390629 0.333745 0.104277 0.104277
0 0.737093 0.587370 0.104277 0.104277
0 0.149531 0.658117 0.052757 0.052757
0 0.695954 0.708981 0.104277 0.104277
0 0.582470 0.750955 0.071945 0.071945
0 0.626811 0.010912 0.052757 0.052757
0 0.740494 0.340112 0.062220 0.062220
0 0.108722 0.742787 0.062220 0.062220
0 0.013755 0.935769 0.071945 0.071945
0 0.370362 0.159775 0.104277 0.104277
0 0.703118 0.086047 0.071945 0.071945
0 0.452719 0.091573 0.104277 0.104277
0 0.376886 0.060633 0.061130 0.061130
0 0.038674 0.773423 0.104277 0.104277
0 0.765847 0.512370 0.057104 0.057104
0 0.119162 0.464288 0.061130 0.061130
0 0.099578 0.376405 0.052757 0.052757
0 0.775971 0.866980 0.062220 0.062220
0 0.834194 0.494806 0.104277 0.104277
0 0.991856 0.791998 0.062220 0.062220
0 0.719547 0.435868 0.061130 0.061130
0 0.598852 0.477742 0.057104 0.057104
0 0.503827 0.237628 0.104277 0.104277
0 0.288603 0.957351 0.062220 0.062220
0 0.260380 0.377232 0.061130 0.061130
0 0.341224 0.502690 0.062220 0.062220
0 0.994586 0.397068 0.052757 0.052757
0 0.536368 0.584500 0.057104 0.057104
0 0.652344 0.614591 0.104277 0.104277
0 0.446433 0.940646 0.071945 0.071945
0 0.383113 0.410900 0.057104 0.057104
0 0.148449 0.840031 0.061130 0.061130
0 0.961803 0.583936 0.071945 0.071945
0 0.591781 0.823920 0.071945 0.071945
0 0.200911 0.612343 0.062220 0.062220
0 0.299309 0.198555 0.052757 0.052757
0 0.399030 0.868656 0.057104 0.057104
0 0.780991 0.162336 0.052757 0.052757
0 0.419659 0.546343 0.057104 0.057104
0 0.591015 0.085091 0.104277 0.104277
0 0.743649 0.028341 0.052757 0.052757
0 0.231734 0.458444 0.061130 0.061130
0 0.918654 0.300462 0.061131 0.061131
0 0.362874 0.948309 0.052757 0.052757
0 0.441480 0.170723 0.061130 0.061130
0 0.877047 0.228913 0.071945 0.071945
0 0.116311 0.101274 0.104278 0.104278
0 0.665248 0.347462 0.062220 0.062220
0 0.183160 0.079665 0.052757 0.052757
0 0.880193 0.551773 0.057104 0.057104
0 0.196964 0.719475 0.062220 0.062220
0 0.617889 0.688312 0.057104 0.057104
0 0.692915 0.505300 0.104277 0.104277
0 0.322179 0.839670 0.050891 0.050891
0 0.048005 0.855105 0.104277 0.104277
0 0.192621 0.334689 0.057104 0.057104
0 0.486049 0.731976 0.062220 0.062220
0 0.561576 0.199083 0.071945 0.071945
0 0.606868 0.941042 0.057104 0.057104
0 0.207199 0.918692 0.052757 0.052757
0 0.995877 0.306184 0.052757 0.052757
0 0.254830 0.764816 0.062220 0.062220
0 0.350589 0.730735 0.104277 0.104277
0 0.705423 0.265722 0.061130 0.061130
0 0.513496 0.024512 0.057104 0.057104
0 0.975548 0.956322 0.052757 0.052757
0 0.149039 0.202158 0.057104 0.057104
0 0.076314 0.168538 0.071945 0.071945
0 0.978986 0.513294 0.062220 0.062220
0 0.512437 0.859913 0.061130 0.061130
0 0.923409 0.693053 0.104277 0.104277
0 0.515961 0.455031 0.062220 0.062220
0 0.493306 0.308887 0.071945 0.071945
0 0.650860 0.775065 0.062220 0.062220
0 0.014899 0.248104 0.052757 0.052757
0 0.207195 0.243996 0.071945 0.071945
0 0.835404 0.920783 0.052757 0.052757
0 0.223777 0.837625 0.062220 0.062220
0 0.522015 0.963263 0.062220 0.062220
0 0.751502 0.656706 0.062220 0.062220
0 0.625715 0.546053 0.071945 0.071945
0 0.985550 0.171809 0.052757 0.052757
0 0.927026 0.868613 0.061131 0.061131
0 0.805087 0.238196 0.057104 0.057104
0 0.301757 0.662755 0.104277 0.104277
0 0.902351 0.618775 0.104277 0.104277
0 0.086724 0.278889 0.052757 0.052757
0 0.863263 0.427158 0.062220 0.062220
0 0.745789 0.951693 0.061130 0.061130
0 0.891007 0.969828 0.062220 0.062220
0 0.718630 0.193186 0.050559 0.050559
0 0.029612 0.016529 0.104277 0.104277
0 0.847769 0.135965 0.061130 0.061130
0 0.533032 0.667533 0.052757 0.052757
0 0.819253 0.584121 0.071945 0.071945
0 0.687782 0.855178 0.061131 0.061131
0 0.975840 0.050890 0.071945 0.071945
0 0.935302 0.439968 0.104277 0.104277
0 0.068999 0.571457 0.057104 0.057104
0 0.777803 0.784231 0.104277 0.104277
0 0.459807 0.662811 0.052757 0.052757
0 0.493479 0.528197 0.061130 0.061130
0 0.164960 0.547541 0.104277 0.104277
0 0.273792 0.097273 0.104277 0.104277
0 0.813192 0.002954 0.104277 0.104277
0 0.047343 0.092545 0.052757 0.052757
0 0.577685 0.322868 0.052757 0.052757
0 0.313076 0.267533 0.104277 0.104277