0 0.318967 0.918227 0.104277 0.104277
0 0.275419 0.706236 0.061130 0.061130
0 0.678364 0.667945 0.052757 0.052757
0 0.208512 0.566565 0.104277 0.104277
0 0.270338 0.475517 0.071945 0.071945
0 0.469257 0.915903 0.062220 0.062220
0 0.422151 0.461127 0.071945 0.071945
0 0.500904 0.667985 0.104277 0.104277
0 0.176190 0.668134 0.052757 0.052757
0 0.578768 0.714510 0.071945 0.071945
0 0.473057 0.010161 0.104277 0.104277
0 0.505537 0.351430 0.061131 0.061131
0 0.214221 0.338618 0.104277 0.104277
0 0.707348 0.170937 0.057104 0.057104
0 0.833801 0.375897 0.062221 0.062221
0 0.722707 0.338902 0.104277 0.104277
0 0.799733 0.132816 0.104277 0.104277
0 0.832515 0.906378 0.047276 0.047276
0 0.536652 0.087825 0.104277 0.104277
0 0.313091 0.833042 0.057104 0.057104
0 0.084284 0.511074 0.062220 0.062220
0 0.342293 0.274589 0.052757 0.052757
0 0.823754 0.648011 0.071945 0.071945
0 0.253097 0.632773 0.061131 0.061131
0 0.529101 0.963391 0.052757 0.052757
0 0.286231 0.385114 0.057104 0.057104
0 0.590377 0.911906 0.057103 0.057103
0 0.337313 0.593268 0.052757 0.052757
0 0.605370 0.329070 0.104277 0.104277
0 0.011355 0.422622 0.052757 0.052757
0 0.475647 0.145480 0.062220 0.062220
0 0.393520 0.529228 0.057104 0.057104
0 0.313473 0.212028 0.057104 0.057104
0 0.310320 0.051203 0.052757 0.052757
0 0.784069 0.481985 0.052757 0.052757
0 0.505993 0.751239 0.036679 0.036679
0 0.421474 0.189466 0.061130 0.061130
0 0.136343 0.038506 0.061131 0.061131
0 0.723982 0.442796 0.062221 0.062221
0 0.339755 0.681850 0.057104 0.057104
0 0.078555 0.358531 0.052757 0.052757
0 0.725612 0.248284 0.071945 0.071945
0 0.662527 0.478425 0.052757 0.052757
0 0.631337 0.062275 0.061130 0.061130
0 0.649633 0.546287 0.104277 0.104277
0 0.074523 0.634483 0.071945 0.071945
0 0.364403 0.146489 0.061131 0.061131
0 0.555271 0.569919 0.104277 0.104277
0 0.183618 0.440814 0.071945 0.071945
0 0.413630 0.079942 0.057104 0.057104
0 0.838401 0.795376 0.057104 0.057104
0 0.646176 0.737394 0.062220 0.062220
0 0.092475 0.950069 0.071945 0.071945
0 0.824035 0.001852 0.057104 0.057104
0 0.145742 0.600932 0.057104 0.057104
0 0.502198 0.511627 0.061130 0.061130
0 0.637124 0.137150 0.061130 0.061130
0 0.754839 0.898245 0.062220 0.062220
0 0.580958 0.642242 0.061130 0.061130
0 0.150216 0.240650 0.104277 0.104277
0 0.452294 0.606110 0.062220 0.062220
0 0.061575 0.776118 0.104277 0.104277
0 0.224980 0.873991 0.071945 0.071945
0 0.365726 0.377140 0.062220 0.062220
0 0.729423 0.753318 0.104277 0.104277
0 0.112136 0.824655 0.104277 0.104277
0 0.091041 0.711965 0.052757 0.052757
0 0.397957 0.751653 0.062220 0.062220
0 0.776367 0.055854 0.052757 0.052757
0 0.432798 0.294991 0.071945 0.071945
0 0.042677 0.278119 0.052757 0.052757
0 0.035444 0.048456 0.062220 0.062220
0 0.540168 0.834349 0.104277 0.104277
0 0.216105 0.957907 0.057104 0.057104
0 0.000209 0.112074 0.104278 0.104278
0 0.453620 0.799571 0.071945 0.071945
0 0.171974 0.780715 0.052757 0.052757
0 0.026280 0.932162 0.057104 0.057104
0 0.250352 0.176245 0.062220 0.062220
0 0.843624 0.527226 0.071945 0.071945
0 0.057227 0.177985 0.062220 0.062220
0 0.594515 0.789718 0.061131 0.061131
0 0.726790 0.577448 0.071945 0.071945
0 0.089147 0.110356 0.071945 0.071945
0 0.002727 0.346917 0.062220 0.062220
0 0.821171 0.226423 0.104277 0.104277
0 0.575758 0.258652 0.057104 0.057104
0 0.129348 0.167282 0.052757 0.052757
0 0.558501 0.398590 0.057104 0.057104
0 0.002286 0.498467 0.061131 0.061131
0 0.567163 0.184953 0.104277 0.104277
0 0.687183 0.826715 0.071945 0.071945
0 0.636496 0.212548 0.104277 0.104277
0 0.650676 0.408806 0.052757 0.052757
0 0.390576 0.879470 0.057104 0.057104
0 0.218157 0.053665 0.061131 0.061131
0 0.660327 0.962201 0.061131 0.061131