0 0.604410 0.583302 0.062220 0.062220
0 0.528967 0.810518 0.052757 0.052757
0 0.523237 0.047731 0.104277 0.104277
0 0.551295 0.457687 0.057103 0.057103
0 0.720348 0.704978 0.071945 0.071945
0 0.184895 0.430973 0.104277 0.104277
0 0.767596 0.767417 0.061130 0.061130
0 0.322641 0.503332 0.052757 0.052757
0 0.945730 0.891372 0.052757 0.052757
0 0.699115 0.980457 0.057104 0.057104
0 0.786046 0.976714 0.057104 0.057104
0 0.096365 0.785397 0.104278 0.104278
0 0.756100 0.207877 0.057104 0.057104
0 0.483415 0.279825 0.104277 0.104277
0 0.467457 0.722012 0.071945 0.071945
0 0.397212 0.714927 0.057104 0.057104
0 0.977728 0.112597 0.061131 0.061131
0 0.292176 0.212884 0.104277 0.104277
0 0.665265 0.880919 0.057104 0.057104
0 0.502812 0.143974 0.057104 0.057104
0 0.150011 0.234715 0.062220 0.062220
0 0.161676 0.124937 0.062220 0.062220
0 0.693865 0.363008 0.057104 0.057104
0 0.451382 0.092843 0.104277 0.104277
0 0.223321 0.271236 0.062220 0.062220
0 0.812454 0.645110 0.061130 0.061130
0 0.066222 0.265990 0.104278 0.104278
0 0.727029 0.124304 0.104277 0.104277
0 0.613888 0.405443 0.052757 0.052757
0 0.367063 0.428785 0.062220 0.062220
0 0.066410 0.376745 0.071945 0.071945
0 0.539129 0.208473 0.057104 0.057104
0 0.696283 0.457508 0.057104 0.057104
0 0.598388 0.844871 0.104277 0.104277
0 0.462428 0.623049 0.057104 0.057104
0 0.704144 0.624796 0.057104 0.057104
0 0.369783 0.800178 0.057104 0.057104
0 0.066474 0.027880 0.052757 0.052757
0 0.744673 0.286837 0.052757 0.052757
0 0.815864 0.355918 0.104277 0.104277
0 0.572710 0.739133 0.104277 0.104277
0 0.856753 0.856536 0.052757 0.052757
0 0.216012 0.003260 0.061130 0.061130
0 0.155328 0.569236 0.062220 0.062220
0 0.587803 0.931433 0.104277 0.104277
0 0.377267 0.632432 0.052757 0.052757
0 0.571968 0.644402 0.052757 0.052757
0 0.388879 0.563723 0.061130 0.061130
0 0.757332 0.557895 0.104277 0.104277
0 0.892641 0.441092 0.061130 0.061130
0 0.582612 0.083940 0.052757 0.052757
0 0.628554 0.295523 0.057104 0.057104
0 0.457833 0.478541 0.071945 0.071945
0 0.975127 0.338880 0.104277 0.104277
0 0.295847 0.891164 0.061130 0.061130
0 0.880052 0.176243 0.062220 0.062220
0 0.662720 0.807172 0.062220 0.062220
0 0.440632 0.219691 0.052757 0.052757
0 0.977052 0.746869 0.052757 0.052757
0 0.969819 0.517206 0.062220 0.062220
0 0.173473 0.955315 0.061130 0.061130
0 0.236994 0.340892 0.057104 0.057104
0 0.772996 0.431616 0.061130 0.061130
0 0.300524 0.083902 0.057104 0.057104
0 0.934584 0.580824 0.104278 0.104278
0 0.937867 0.053023 0.052757 0.052757
0 0.315030 0.591868 0.061130 0.061130
0 0.098979 0.095044 0.061130 0.061130
0 0.281642 0.429054 0.062220 0.062220
0 0.459460 0.827664 0.057104 0.057104
0 0.769968 0.836571 0.057104 0.057104
0 0.188951 0.874727 0.057104 0.057104
0 0.261656 0.769838 0.104277 0.104277
0 0.991602 0.646735 0.062220 0.062220
0 0.072132 0.572750 0.061130 0.061130
0 0.870159 0.761311 0.057104 0.057104
0 0.815918 0.078438 0.104277 0.104277
0 0.594436 0.158425 0.061130 0.061130
0 0.459224 0.905773 0.061130 0.061130
0 0.389061 0.893052 0.062220 0.062220
0 0.734076 0.911036 0.048997 0.048997
0 0.113348 0.500758 0.061130 0.061130
0 0.305047 0.351119 0.057104 0.057104
0 0.937102 0.815667 0.062220 0.062220
0 0.160580 0.716430 0.104277 0.104277
0 0.603872 0.007430 0.071945 0.071945
0 0.163415 0.358468 0.052757 0.052757
0 0.834435 0.233872 0.061130 0.061130
0 0.670745 0.542218 0.057104 0.057104
0 0.869161 0.538904 0.104277 0.104277
0 0.545503 0.532567 0.104277 0.104277
0 0.119122 0.873775 0.057104 0.057104
0 0.875194 0.306785 0.061130 0.061130
0 0.237028 0.131580 0.062220 0.062220
0 0.936661 0.967217 0.061131 0.061131
0 0.357622 0.977592 0.071945 0.071945
0 0.569630 0.337644 0.062220 0.062220
0 0.920640 0.245595 0.071945 0.071945
0 0.198962 0.506440 0.071945 0.071945
0 0.668823 0.032586 0.057104 0.057104
0 0.277561 0.970516 0.071945 0.071945
0 0.267812 0.693375 0.061130 0.061130
0 0.350900 0.260800 0.104277 0.104277
0 0.469441 0.396499 0.052757 0.052757
0 0.356302 0.141095 0.057104 0.057104
0 0.651877 0.729280 0.057104 0.057104
0 0.416692 0.321956 0.062220 0.062220
0 0.070882 0.662182 0.071945 0.071945
0 0.103433 0.179843 0.061130 0.061130
0 0.235834 0.629565 0.062220 0.062220