0 0.843505 0.709867 0.071945 0.071945
0 0.742239 0.824144 0.062220 0.062220
0 0.875217 0.822091 0.057104 0.057104
0 0.908028 0.747399 0.052757 0.052757
0 0.719974 0.939054 0.104277 0.104277
0 0.974277 0.243543 0.061130 0.061130
0 0.005495 0.479073 0.062220 0.062220
0 0.944706 0.380756 0.061130 0.061130
0 0.554493 0.257212 0.052757 0.052757
0 0.647706 0.204286 0.052757 0.052757
0 0.714976 0.753437 0.052757 0.052757
0 0.805393 0.953342 0.062220 0.062220
0 0.945347 0.845134 0.071945 0.071945
0 0.106143 0.514927 0.070161 0.070161
0 0.868505 0.168780 0.104277 0.104277
0 0.807135 0.773747 0.071945 0.071945
0 0.459517 0.173520 0.062220 0.062220
0 0.975648 0.608483 0.061131 0.061131
0 0.994282 0.783347 0.071945 0.071945
0 0.376057 0.606124 0.071945 0.071945
0 0.657456 0.513500 0.061130 0.061130
0 0.473716 0.293502 0.062220 0.062220
0 0.191850 0.544680 0.062220 0.062220
0 0.646169 0.876872 0.071945 0.071945
0 0.208978 0.846972 0.061131 0.061131
0 0.496618 0.758023 0.061130 0.061130
0 0.521631 0.876898 0.104277 0.104277
0 0.228421 0.608516 0.104277 0.104277
0 0.403616 0.260907 0.052757 0.052757
0 0.142880 0.454151 0.061130 0.061130
0 0.272390 0.743442 0.071945 0.071945
0 0.937635 0.952275 0.104278 0.104278
0 0.530001 0.430344 0.061130 0.061130
0 0.626555 0.409445 0.057104 0.057104
0 0.336606 0.339956 0.071945 0.071945
0 0.123441 0.677743 0.104277 0.104277
0 0.886986 0.521779 0.057104 0.057104
0 0.224305 0.422340 0.057104 0.057104
0 0.225061 0.225196 0.061131 0.061131
0 0.334473 0.992356 0.071945 0.071945
0 0.534500 0.180824 0.057104 0.057104
0 0.689667 0.357397 0.062220 0.062220
0 0.194777 0.324471 0.071945 0.071945
0 0.084232 0.384653 0.071945 0.071945
0 0.015671 0.659404 0.062220 0.062220
0 0.742140 0.614717 0.062220 0.062220
0 0.321896 0.242485 0.052757 0.052757
0 0.705715 0.676284 0.062220 0.062220
0 0.257725 0.487979 0.062220 0.062220
0 0.419258 0.957715 0.062220 0.062220
0 0.802911 0.207500 0.071945 0.071945
0 0.111302 0.910618 0.062220 0.062220
0 0.527410 0.347632 0.061131 0.061131
0 0.001471 0.374818 0.052757 0.052757
0 0.302289 0.671917 0.061131 0.061131
0 0.055154 0.203782 0.071945 0.071945
0 0.918190 0.299032 0.104278 0.104278
0 0.206133 0.709235 0.061131 0.061131
0 0.474674 0.483439 0.071945 0.071945
0 0.386139 0.180700 0.062220 0.062220
0 0.079088 0.285035 0.057104 0.057104
0 0.989354 0.483777 0.061131 0.061131
0 0.169117 0.787398 0.052757 0.052757
0 0.248751 0.982219 0.061131 0.061131
0 0.667867 0.603431 0.052757 0.052757
0 0.466305 0.679761 0.057104 0.057104
0 0.074084 0.587431 0.052757 0.052757
0 0.767408 0.346824 0.052757 0.052757
0 0.321230 0.521094 0.071945 0.071945
0 0.584216 0.496969 0.052757 0.052757
0 0.402404 0.383097 0.071945 0.071945
0 0.835261 0.288302 0.062220 0.062220
0 0.137858 0.171627 0.104277 0.104277
0 0.047168 0.812813 0.104277 0.104277
0 0.604149 0.694337 0.071945 0.071945
0 0.506111 0.608908 0.062220 0.062220
0 0.704827 0.249083 0.071945 0.071945
0 0.837566 0.404339 0.052559 0.052559
0 0.498403 0.973354 0.057104 0.057104
0 0.065685 0.968247 0.061130 0.061130
0 0.332810 0.444144 0.071945 0.071945
0 0.880240 0.640696 0.062220 0.062220
0 0.338055 0.795061 0.104277 0.104277
0 0.404397 0.864498 0.052757 0.052757
0 0.573067 0.632500 0.104277 0.104277
0 0.411552 0.730042 0.071945 0.071945
0 0.425525 0.540056 0.104277 0.104277
0 0.049351 0.725662 0.057104 0.057104
0 0.151890 0.979970 0.071945 0.071945
0 0.156457 0.385705 0.057103 0.057103
0 0.784492 0.484145 0.071945 0.071945
0 0.940369 0.674924 0.104278 0.104278
0 0.628308 0.793242 0.104277 0.104277
0 0.309174 0.172049 0.057104 0.057104
0 0.685085 0.447935 0.052757 0.052757
0 0.291954 0.854198 0.052757 0.052757
0 0.586389 0.971352 0.062220 0.062220
0 0.637781 0.297277 0.061131 0.061131
0 0.707498 0.170692 0.062220 0.062220