0 0.716427 0.888255 0.104278 0.104278
0 0.933512 0.329065 0.104277 0.104277
0 0.995338 0.238017 0.071945 0.071945
0 0.901190 0.430634 0.052757 0.052757
0 0.939221 0.101118 0.104277 0.104277
0 0.445386 0.383731 0.052757 0.052757
0 0.733865 0.999060 0.052757 0.052757
0 0.809284 0.273574 0.062220 0.062220
0 0.369072 0.804912 0.057104 0.057104
0 0.720119 0.458733 0.104277 0.104277
0 0.319592 0.104268 0.052757 0.052757
0 0.978097 0.395273 0.061131 0.061131
0 0.444931 0.591561 0.057104 0.057104
0 0.558221 0.061167 0.061130 0.061130
0 0.736355 0.185122 0.052757 0.052757
0 0.666273 0.799693 0.052757 0.052757
0 0.071963 0.785765 0.071945 0.071945
0 0.210568 0.890287 0.104277 0.104277
0 0.130999 0.959211 0.052757 0.052757
0 0.489740 0.274207 0.057104 0.057104
0 0.803555 0.121031 0.052757 0.052757
0 0.353954 0.959448 0.104277 0.104277
0 0.576671 0.270464 0.057104 0.057104
0 0.799523 0.396983 0.071945 0.071945
0 0.851402 0.791938 0.052757 0.052757
0 0.908618 0.203314 0.071945 0.071945
0 0.043567 0.953409 0.052757 0.052757
0 0.258082 0.015762 0.071945 0.071945
0 0.187837 0.008677 0.057104 0.057104
0 0.455890 0.174669 0.057104 0.057104
0 0.817475 0.712569 0.071945 0.071945
0 0.591152 0.918166 0.061130 0.061130
0 0.482505 0.817008 0.071945 0.071945
0 0.914631 0.947819 0.057104 0.057104
0 0.870742 0.363432 0.057104 0.057104
0 0.002514 0.515883 0.071945 0.071945
0 0.192338 0.698512 0.061130 0.061130
0 0.491253 0.540194 0.071945 0.071945
0 0.471409 0.985301 0.061130 0.061130
0 0.442078 0.901636 0.062220 0.062220
0 0.585848 0.752822 0.062220 0.062220
0 0.701509 0.581822 0.061130 0.061130
0 0.928826 0.825945 0.052757 0.052757
0 0.191369 0.342437 0.071945 0.071945
0 0.145206 0.848290 0.104277 0.104277
0 0.875216 0.003150 0.104277 0.104277
0 0.636821 0.484083 0.061130 0.061130
0 0.607895 0.412348 0.061130 0.061130
0 0.389013 0.138621 0.104277 0.104277
0 0.160408 0.093928 0.057104 0.057104
0 0.786575 0.538618 0.104277 0.104277
0 0.949980 0.636491 0.071945 0.071945
0 0.363335 0.032883 0.104277 0.104277
0 0.647378 0.150286 0.052757 0.052757
0 0.640275 0.690209 0.061130 0.061130
0 0.378428 0.225183 0.104277 0.104277
0 0.202538 0.424135 0.071945 0.071945
0 0.740368 0.782745 0.057104 0.057104
0 0.632517 0.606527 0.104277 0.104277
0 0.839969 0.860361 0.062220 0.062220
0 0.837136 0.587155 0.104277 0.104277
0 0.321825 0.375266 0.052757 0.052757
0 0.816041 0.474465 0.052757 0.052757
0 0.153789 0.506360 0.052757 0.052757
0 0.086472 0.184914 0.061130 0.061130
0 0.528400 0.347952 0.071945 0.071945
0 0.582728 0.994801 0.104277 0.104277
0 0.453345 0.100922 0.062220 0.062220
0 0.077566 0.378793 0.061130 0.061130
0 0.543374 0.848822 0.071945 0.071945
0 0.085516 0.699948 0.104277 0.104277
0 0.786272 0.916450 0.104277 0.104277
0 0.767677 0.040619 0.052757 0.052757
0 0.414277 0.306619 0.104277 0.104277
0 0.941105 0.720407 0.057104 0.057104
0 0.284440 0.912889 0.071945 0.071945
0 0.424312 0.756986 0.050932 0.050932
0 0.561048 0.578100 0.052757 0.052757
0 0.036423 0.610818 0.057104 0.057104
0 0.327185 0.524991 0.071945 0.071945
0 0.537945 0.485160 0.061130 0.061130
0 0.113547 0.449619 0.062220 0.062220
0 0.896974 0.543215 0.052757 0.052757
0 0.751280 0.694662 0.057104 0.057104
0 0.250085 0.121414 0.057104 0.057104
0 0.560593 0.130321 0.057104 0.057104
0 0.052281 0.063588 0.104277 0.104277
0 0.284769 0.811622 0.071945 0.071945
0 0.192406 0.574793 0.104277 0.104277
0 0.660784 0.055061 0.057104 0.057104
0 0.534849 0.645126 0.061130 0.061130
0 0.397214 0.488285 0.071945 0.071945
0 0.249849 0.199523 0.061130 0.061130
0 0.179686 0.186802 0.062220 0.062220
0 0.524701 0.204786 0.048997 0.048997
0 0.727727 0.109417 0.062220 0.062220
0 0.198386 0.796441 0.052757 0.052757
0 0.723709 0.350778 0.062220 0.062220
0 0.980127 0.905424 0.104277 0.104277
0 0.495641 0.741811 0.062220 0.062220
0 0.291396 0.719715 0.062220 0.062220
0 0.727286 0.260967 0.061131 0.061131
0 0.148247 0.271342 0.071945 0.071945
0 0.302060 0.299163 0.104277 0.104277
0 0.068186 0.264266 0.071945 0.071945
0 0.670409 0.958169 0.071945 0.071945
0 0.141164 0.629720 0.071945 0.071945
0 0.236249 0.634689 0.047555 0.047555
0 0.370349 0.659485 0.052757 0.052757
0 0.442502 0.023030 0.057104 0.057104
0 0.000766 0.758490 0.057103 0.057103
0 0.654794 0.357772 0.071945 0.071945
0 0.366069 0.877590 0.071945 0.071945
0 0.450299 0.667366 0.071945 0.071945