0 0.038302 0.003880 0.104278 0.104278
0 0.292345 0.595657 0.071945 0.071945
0 0.567466 0.563636 0.071945 0.071945
0 0.847844 0.303957 0.071945 0.071945
0 0.093958 0.441002 0.104277 0.104277
0 0.599594 0.679006 0.052757 0.052757
0 0.156446 0.165228 0.052757 0.052757
0 0.301029 0.965989 0.061130 0.061130
0 0.837877 0.786160 0.061131 0.061131
0 0.743754 0.902494 0.062220 0.062220
0 0.336743 0.351974 0.061130 0.061130
0 0.743021 0.476951 0.104277 0.104277
0 0.187093 0.862370 0.104277 0.104277
0 0.145954 0.983981 0.104277 0.104277
0 0.769744 0.091104 0.062220 0.062220
0 0.055740 0.114685 0.052757 0.052757
0 0.509687 0.313850 0.071945 0.071945
0 0.076811 0.285912 0.052757 0.052757
0 0.190494 0.615112 0.062220 0.062220
0 0.153118 0.361047 0.071945 0.071945
0 0.619909 0.925290 0.104277 0.104277
0 0.215847 0.787370 0.057104 0.057104
0 0.710017 0.640070 0.104277 0.104277
0 0.665156 0.831189 0.071945 0.071945
0 0.875214 0.723813 0.052757 0.052757
0 0.288534 0.186604 0.104277 0.104277
0 0.588395 0.432708 0.104277 0.104277
0 0.706174 0.243901 0.071945 0.071945
0 0.284194 0.769806 0.104277 0.104277
0 0.701408 0.983948 0.052757 0.052757
0 0.710921 0.175455 0.062220 0.062220
0 0.169547 0.710868 0.061130 0.061130
0 0.048852 0.752742 0.057104 0.057104
0 0.648877 0.371206 0.057104 0.057104
0 0.691844 0.544881 0.062220 0.062220
0 0.444586 0.672068 0.052757 0.052757
0 0.591594 0.302990 0.062220 0.062220
0 0.102344 0.889591 0.104277 0.104277
0 0.411803 0.858936 0.071945 0.071945
0 0.777243 0.275683 0.061130 0.061130
0 0.621807 0.773945 0.102474 0.102474
0 0.230991 0.437336 0.052757 0.052757
0 0.516143 0.766120 0.104277 0.104277
0 0.041015 0.360091 0.104277 0.104277
0 0.193649 0.303341 0.052757 0.052757
0 0.388124 0.054776 0.054783 0.054783
0 0.524967 0.499912 0.062220 0.062220
0 0.368654 0.575462 0.061131 0.061131
0 0.327047 0.503913 0.071945 0.071945
0 0.356226 0.166942 0.071945 0.071945
0 0.115248 0.622462 0.062220 0.062220
0 0.356486 0.237766 0.061130 0.061130
0 0.330193 0.826773 0.057104 0.057104
0 0.067889 0.963312 0.057104 0.057104
0 0.649982 0.055509 0.061131 0.061131
0 0.236506 0.063444 0.057104 0.057104
0 0.142915 0.780300 0.104277 0.104277
0 0.011576 0.474083 0.071945 0.071945
0 0.811489 0.532857 0.045227 0.045227
0 0.445877 0.581184 0.052757 0.052757
0 0.866731 0.015932 0.071945 0.071945
0 0.872113 0.154457 0.104278 0.104278
0 0.155423 0.540722 0.061130 0.061130
0 0.867154 0.436652 0.061130 0.061130
0 0.428986 0.788294 0.062220 0.062220
0 0.373409 0.968053 0.104277 0.104277
0 0.480639 0.155434 0.052757 0.052757
0 0.726671 0.028614 0.062220 0.062220
0 0.168316 0.234651 0.104277 0.104277
0 0.201502 0.931706 0.062220 0.062220
0 0.523503 0.394945 0.052757 0.052757
0 0.075715 0.821053 0.071945 0.071945
0 0.435550 0.446809 0.052757 0.052757
0 0.255087 0.513196 0.057104 0.057104
0 0.108147 0.032075 0.104277 0.104277
0 0.725560 0.380349 0.061131 0.061131
0 0.631197 0.244612 0.057104 0.057104
0 0.352351 0.893775 0.104277 0.104277
0 0.824315 0.879519 0.061131 0.061131
0 0.464484 0.041525 0.104277 0.104277
0 0.522572 0.673245 0.055027 0.055027
0 0.654764 0.474067 0.061131 0.061131
0 0.313263 0.702158 0.062220 0.062220
0 0.732601 0.777423 0.104277 0.104277
0 0.168630 0.468186 0.050559 0.050559
0 0.462852 0.966321 0.052757 0.052757
0 0.297769 0.410965 0.061130 0.061130
0 0.427040 0.231337 0.071945 0.071945
0 0.529027 0.085723 0.057104 0.057104
0 0.569073 0.142861 0.104277 0.104277
0 0.269253 0.859121 0.071945 0.071945
0 0.070272 0.203742 0.061131 0.061131
0 0.425840 0.325890 0.071945 0.071945
0 0.385302 0.714968 0.104277 0.104277
0 0.302002 0.021049 0.104277 0.104277
0 0.549312 0.859225 0.061130 0.061130
0 0.812683 0.393843 0.052757 0.052757
0 0.232485 0.140014 0.071945 0.071945
0 0.538749 0.234465 0.104277 0.104277
0 0.263192 0.277954 0.104277 0.104277
0 0.027685 0.597868 0.052757 0.052757
0 0.814958 0.200010 0.061131 0.061131
0 0.787340 0.726097 0.057104 0.057104
0 0.801290 0.650014 0.088662 0.088662