0 0.290333 0.794363 0.052757 0.052757
0 0.842261 0.533731 0.052757 0.052757
0 0.791910 0.027052 0.062220 0.062220
0 0.765947 0.954912 0.057104 0.057104
0 0.716467 0.254268 0.052757 0.052757
0 0.263252 0.455411 0.071945 0.071945
0 0.841806 0.741561 0.057104 0.057104
0 0.907848 0.148728 0.071945 0.071945
0 0.955096 0.211167 0.061130 0.061130
0 0.256168 0.864608 0.062220 0.062220
0 0.468838 0.935765 0.071945 0.071945
0 0.886615 0.424207 0.057104 0.057104
0 0.973546 0.420464 0.057104 0.057104
0 0.283865 0.229147 0.104278 0.104278
0 0.654957 0.165762 0.071945 0.071945
0 0.584712 0.158677 0.057104 0.057104
0 0.852765 0.324669 0.057104 0.057104
0 0.879380 0.967008 0.071945 0.071945
0 0.253796 0.957778 0.052757 0.052757
0 0.399389 0.665883 0.071945 0.071945
0 0.589213 0.848512 0.061130 0.061130
0 0.392455 0.595427 0.071945 0.071945
0 0.999954 0.088860 0.061130 0.061130
0 0.888128 0.690194 0.071945 0.071945
0 0.982723 0.902822 0.062220 0.062220
0 0.588244 0.492437 0.071945 0.071945
0 0.542081 0.998290 0.104277 0.104277
0 0.785888 0.288621 0.104277 0.104277
0 0.649928 0.066799 0.057104 0.057104
0 0.891644 0.068546 0.057104 0.057104
0 0.557283 0.243928 0.057104 0.057104
0 0.760210 0.182883 0.104277 0.104277
0 0.342828 0.012986 0.062220 0.062220
0 0.775303 0.375183 0.104277 0.104277
0 0.599413 0.574135 0.071945 0.071945
0 0.564767 0.076182 0.052757 0.052757
0 0.759468 0.088152 0.052757 0.052757
0 0.576379 0.007473 0.061130 0.061130
0 0.718700 0.525266 0.052757 0.052757
0 0.944832 0.001645 0.104277 0.104277
0 0.550664 0.656360 0.052757 0.052757
0 0.394300 0.995991 0.052757 0.052757
0 0.483347 0.334914 0.061130 0.061130
0 0.291669 0.716699 0.104278 0.104278
0 0.925275 0.497952 0.071945 0.071945
0 0.850220 0.250922 0.062220 0.062220
0 0.474441 0.528793 0.061130 0.061130
0 0.940249 0.998822 0.071945 0.071945
0 0.482391 0.849948 0.104277 0.104277
0 0.811152 0.456619 0.104277 0.104277
0 0.821187 0.906986 0.050932 0.050932
0 0.360973 0.399065 0.061130 0.061130
0 0.957923 0.728100 0.052757 0.052757
0 0.433298 0.760818 0.057104 0.057104
0 0.724060 0.674991 0.071945 0.071945
0 0.934820 0.635160 0.061130 0.061130
0 0.510422 0.599619 0.062220 0.062220
0 0.502530 0.035618 0.061130 0.061130
0 0.646960 0.271414 0.057104 0.057104
0 0.957468 0.280321 0.057104 0.057104
0 0.376451 0.318477 0.057104 0.057104
0 0.449156 0.213588 0.104277 0.104277
0 0.681644 0.961622 0.071945 0.071945
0 0.589281 0.724793 0.104277 0.104277
0 0.296036 0.524737 0.061130 0.061130
0 0.259632 0.016500 0.061130 0.061130
0 0.931724 0.795126 0.061130 0.061130
0 0.794089 0.638285 0.071945 0.071945
0 0.646724 0.349523 0.061130 0.061130
0 0.576561 0.336802 0.062220 0.062220
0 0.921576 0.354786 0.048997 0.048997
0 0.388378 0.825535 0.062220 0.062220
0 0.348080 0.160180 0.104277 0.104277
0 0.595261 0.946441 0.052757 0.052757
0 0.892516 0.891811 0.062220 0.062220
0 0.688271 0.869715 0.062220 0.062220
0 0.306622 0.317525 0.057104 0.057104
0 0.354068 0.476299 0.057104 0.057104
0 0.545122 0.421342 0.071945 0.071945
0 0.328162 0.921604 0.057104 0.057104
0 0.698935 0.449163 0.104277 0.104277
0 0.465061 0.414266 0.071945 0.071945
0 0.455312 0.137125 0.061130 0.061130
0 0.538039 0.779720 0.071945 0.071945
0 0.633124 0.784689 0.047555 0.047555
0 0.767224 0.809485 0.052757 0.052757
0 0.839377 0.173030 0.057104 0.057104
0 0.258382 0.105932 0.071945 0.071945
0 0.397641 0.908490 0.057103 0.057103
0 0.847174 0.817366 0.071945 0.071945
0 0.294306 0.612953 0.062220 0.062220
0 0.423334 0.073315 0.062220 0.062220