0 0.187208 0.772488 0.052757 0.052757
0 0.739136 0.511856 0.052757 0.052757
0 0.688785 0.005177 0.062220 0.062220
0 0.662822 0.933037 0.057104 0.057104
0 0.613342 0.232393 0.052757 0.052757
0 0.160127 0.433536 0.071945 0.071945
0 0.738681 0.719686 0.057104 0.057104
0 0.804723 0.126853 0.071945 0.071945
0 0.851971 0.189292 0.061130 0.061130
0 0.153043 0.842733 0.062220 0.062220
0 0.960023 0.927818 0.052757 0.052757
0 0.365713 0.913890 0.071945 0.071945
0 0.783490 0.402332 0.057104 0.057104
0 0.870421 0.398589 0.057104 0.057104
0 0.180740 0.207272 0.104278 0.104278
0 0.551832 0.143887 0.071945 0.071945
0 0.481587 0.136802 0.057104 0.057104
0 0.749640 0.302794 0.057104 0.057104
0 0.776255 0.945133 0.071945 0.071945
0 0.150671 0.935903 0.052757 0.052757
0 0.296264 0.644008 0.071945 0.071945
0 0.486088 0.826637 0.061130 0.061130
0 0.289330 0.573552 0.071945 0.071945
0 0.896829 0.066985 0.061130 0.061130
0 0.785003 0.668319 0.071945 0.071945
0 0.879598 0.880947 0.062220 0.062220
0 0.995259 0.709947 0.061130 0.061130
0 0.485119 0.470562 0.071945 0.071945
0 0.438956 0.976415 0.104277 0.104277
0 0.930571 0.612208 0.061130 0.061130
0 0.901645 0.540473 0.061130 0.061130
0 0.682763 0.266746 0.104277 0.104277
0 0.546803 0.044924 0.057104 0.057104
0 0.788519 0.046671 0.057104 0.057104
0 0.454158 0.222053 0.057104 0.057104
0 0.657085 0.161008 0.104277 0.104277
0 0.941128 0.278411 0.052757 0.052757
0 0.934025 0.818334 0.061130 0.061130
0 0.672178 0.353308 0.104277 0.104277
0 0.496288 0.552260 0.071945 0.071945
0 0.926267 0.734652 0.104277 0.104277
0 0.461642 0.054307 0.052757 0.052757
0 0.656343 0.066277 0.052757 0.052757
0 0.615575 0.503391 0.052757 0.052757
0 0.447539 0.634485 0.052757 0.052757
0 0.291175 0.974116 0.052757 0.052757
0 0.380222 0.313039 0.061130 0.061130
0 0.188544 0.694824 0.104278 0.104278
0 0.822150 0.476077 0.071945 0.071945
0 0.747095 0.229047 0.062220 0.062220
0 0.371316 0.506918 0.061130 0.061130
0 0.837124 0.976947 0.071945 0.071945
0 0.379266 0.828073 0.104277 0.104277
0 0.708027 0.434744 0.104277 0.104277
0 0.718062 0.885111 0.050932 0.050932
0 0.257848 0.377190 0.061130 0.061130
0 0.854798 0.706225 0.052757 0.052757
0 0.330173 0.738943 0.057104 0.057104
0 0.620935 0.653116 0.071945 0.071945
0 0.831695 0.613285 0.061130 0.061130
0 0.407297 0.577744 0.062220 0.062220
0 0.399405 0.013743 0.061130 0.061130
0 0.543835 0.249539 0.057104 0.057104
0 0.854343 0.258446 0.057104 0.057104
0 0.273326 0.296602 0.057104 0.057104
0 0.346031 0.191713 0.104277 0.104277
0 0.578519 0.939747 0.071945 0.071945
0 0.486156 0.702918 0.104277 0.104277
0 0.192911 0.502862 0.061130 0.061130
0 0.954534 0.183186 0.057104 0.057104
0 0.828599 0.773251 0.061130 0.061130
0 0.690964 0.616410 0.071945 0.071945
0 0.543599 0.327648 0.061130 0.061130
0 0.473436 0.314927 0.062220 0.062220
0 0.818451 0.332911 0.048997 0.048997
0 0.285253 0.803660 0.062220 0.062220
0 0.244955 0.138305 0.104277 0.104277
0 0.492136 0.924566 0.052757 0.052757
0 0.789391 0.869936 0.062220 0.062220
0 0.585146 0.847840 0.062220 0.062220
0 0.203497 0.295650 0.057104 0.057104
0 0.250943 0.454424 0.057104 0.057104
0 0.441997 0.399467 0.071945 0.071945
0 0.225037 0.899729 0.057104 0.057104
0 0.595810 0.427288 0.104277 0.104277
0 0.361936 0.392391 0.071945 0.071945
0 0.352187 0.115250 0.061130 0.061130
0 0.434914 0.757845 0.071945 0.071945
0 0.529999 0.762814 0.047555 0.047555
0 0.664099 0.787610 0.052757 0.052757
0 0.736252 0.151155 0.057104 0.057104
0 0.155257 0.084057 0.071945 0.071945
0 0.294516 0.886615 0.057103 0.057103
0 0.948544 0.485897 0.071945 0.071945
0 0.744049 0.795491 0.071945 0.071945
0 0.191181 0.591078 0.062220 0.062220
0 0.320209 0.051440 0.062220 0.062220