0 0.641044 0.978111 0.061130 0.061130
0 0.574137 0.838440 0.104277 0.104277
0 0.635963 0.747392 0.071945 0.071945
0 0.787776 0.733002 0.071945 0.071945
0 0.866529 0.939860 0.104277 0.104277
0 0.541815 0.940009 0.052757 0.052757
0 0.944393 0.986385 0.071945 0.071945
0 0.838682 0.282036 0.104277 0.104277
0 0.871162 0.623305 0.061131 0.061131
0 0.579846 0.610493 0.104277 0.104277
0 0.086011 0.893106 0.052757 0.052757
0 0.035660 0.386427 0.062220 0.062220
0 0.991814 0.156321 0.057104 0.057104
0 0.919974 0.007804 0.104277 0.104277
0 0.902277 0.359700 0.104277 0.104277
0 0.449909 0.782949 0.062220 0.062220
0 0.707918 0.546464 0.052757 0.052757
0 0.360744 0.968108 0.104277 0.104277
0 0.905168 0.198280 0.061131 0.061131
0 0.618722 0.904648 0.061131 0.061131
0 0.651856 0.656989 0.057104 0.057104
0 0.151598 0.508103 0.071945 0.071945
0 0.788384 0.121813 0.071945 0.071945
0 0.702938 0.865143 0.052757 0.052757
0 0.198846 0.570542 0.061130 0.061130
0 0.970995 0.600945 0.104277 0.104277
0 0.376980 0.694497 0.052757 0.052757
0 0.841272 0.417355 0.062220 0.062220
0 0.759145 0.801103 0.057104 0.057104
0 0.679098 0.483903 0.057104 0.057104
0 0.675945 0.323078 0.052757 0.052757
0 0.787099 0.461341 0.061130 0.061130
0 0.501968 0.310381 0.061131 0.061131
0 0.130365 0.783582 0.057104 0.057104
0 0.705380 0.953725 0.057104 0.057104
0 0.444180 0.630406 0.052757 0.052757
0 0.217296 0.779839 0.057104 0.057104
0 0.187350 0.011002 0.057104 0.057104
0 0.996962 0.334150 0.061130 0.061130
0 0.440148 0.906358 0.071945 0.071945
0 0.437094 0.231688 0.062220 0.062220
0 0.730028 0.418364 0.061131 0.061131
0 0.920896 0.841794 0.104277 0.104277
0 0.549243 0.712689 0.071945 0.071945
0 0.779255 0.351817 0.057104 0.057104
0 0.096515 0.684044 0.057104 0.057104
0 0.125115 0.166133 0.057104 0.057104
0 0.511367 0.872807 0.057104 0.057104
0 0.845547 0.077325 0.104277 0.104277
0 0.243704 0.448235 0.061130 0.061130
0 0.867823 0.783502 0.061130 0.061130
0 0.946583 0.914117 0.061130 0.061130
0 0.045138 0.208568 0.052757 0.052757
0 0.534473 0.061106 0.071945 0.071945
0 0.515841 0.512525 0.104277 0.104277
0 0.277446 0.993458 0.061130 0.061130
0 0.248520 0.921723 0.061130 0.061130
0 0.127533 0.260633 0.057104 0.057104
0 0.817919 0.877985 0.062220 0.062220
0 0.029638 0.647996 0.104277 0.104277
0 0.135394 0.427921 0.057104 0.057104
0 0.175923 0.089962 0.052757 0.052757
0 0.247114 0.159043 0.104277 0.104277
0 0.003960 0.542258 0.104277 0.104277
0 0.288003 0.659661 0.052757 0.052757
0 0.731351 0.649015 0.062220 0.062220
0 0.019053 0.734558 0.104277 0.104277
0 0.548281 0.195520 0.061131 0.061131
0 0.003218 0.447527 0.052757 0.052757
0 0.188582 0.361020 0.104277 0.104277
0 0.456666 0.983840 0.052757 0.052757
0 0.323891 0.244217 0.061130 0.061130
0 0.059804 0.098648 0.057104 0.057104
0 0.406377 0.142005 0.104277 0.104277
0 0.619258 0.026465 0.062220 0.062220
0 0.637820 0.265899 0.057104 0.057104
0 0.169025 0.857327 0.071945 0.071945
0 0.093970 0.610297 0.062220 0.062220
0 0.798423 0.566866 0.071945 0.071945
0 0.408302 0.549994 0.052757 0.052757
0 0.401069 0.320331 0.062220 0.062220
0 0.054902 0.815994 0.104277 0.104277
0 0.761306 0.224523 0.071945 0.071945
0 0.204246 0.234741 0.061130 0.061130
0 0.365834 0.383949 0.104278 0.104278
0 0.448751 0.050969 0.061131 0.061131
0 0.178570 0.994535 0.061130 0.061130
0 0.615977 0.448120 0.062220 0.062220
0 0.201218 0.639696 0.057104 0.057104
0 0.917388 0.097073 0.052757 0.052757
0 0.422852 0.449860 0.062220 0.062220
0 0.301409 0.564436 0.057104 0.057104
0 0.037839 0.997660 0.071945 0.071945
0 0.667438 0.198947 0.052757 0.052757
0 0.165326 0.714161 0.048997 0.048997
0 0.454772 0.382231 0.071945 0.071945
0 0.368352 0.618792 0.062220 0.062220
0 0.698403 0.042104 0.057104 0.057104
0 0.941383 0.530527 0.057104 0.057104
0 0.265685 0.036997 0.061130 0.061130
0 0.101995 0.345343 0.057104 0.057104
0 0.300411 0.342029 0.104277 0.104277
0 0.632206 0.115790 0.057104 0.057104
0 0.364334 0.860153 0.062220 0.062220
0 0.494973 0.439157 0.052757 0.052757
0 0.924126 0.670465 0.057104 0.057104
0 0.306444 0.109910 0.061130 0.061130
0 0.367911 0.770342 0.061131 0.061131
0 0.483425 0.151931 0.071945 0.071945
0 0.932788 0.456828 0.104277 0.104277
0 0.000880 0.140769 0.062220 0.062220
0 0.351890 0.048720 0.071945 0.071945
0 0.083127 0.532405 0.057104 0.057104
0 0.786389 0.040102 0.062220 0.062220
0 0.295419 0.867147 0.071945 0.071945
0 0.583782 0.325540 0.061131 0.061131