0 0.815380 0.475492 0.071945 0.071945
0 0.610557 0.978911 0.104277 0.104277
0 0.800659 0.943439 0.104277 0.104277
0 0.714114 0.589769 0.062220 0.062220
0 0.847092 0.587716 0.057104 0.057104
0 0.879903 0.513024 0.052757 0.052757
0 0.763689 0.853196 0.057104 0.057104
0 0.691849 0.704679 0.104277 0.104277
0 0.677043 0.895155 0.061131 0.061131
0 0.946152 0.009168 0.061130 0.061130
0 0.916581 0.146381 0.061130 0.061130
0 0.526368 0.022837 0.052757 0.052757
0 0.686851 0.519062 0.052757 0.052757
0 0.560259 0.818688 0.071945 0.071945
0 0.777268 0.718967 0.062220 0.062220
0 0.835425 0.840218 0.071945 0.071945
0 0.917222 0.610759 0.071945 0.071945
0 0.078018 0.280552 0.070161 0.070161
0 0.779010 0.539372 0.071945 0.071945
0 0.208969 0.928563 0.062220 0.062220
0 0.947523 0.374108 0.061131 0.061131
0 0.966157 0.548972 0.071945 0.071945
0 0.347932 0.371749 0.071945 0.071945
0 0.629331 0.279125 0.061130 0.061130
0 0.445591 0.059127 0.062220 0.062220
0 0.163725 0.310305 0.062220 0.062220
0 0.618044 0.642497 0.071945 0.071945
0 0.180853 0.612597 0.061131 0.061131
0 0.468493 0.523648 0.061130 0.061130
0 0.978723 0.472335 0.071945 0.071945
0 0.493506 0.642523 0.104277 0.104277
0 0.200296 0.374141 0.104277 0.104277
0 0.375491 0.026532 0.052757 0.052757
0 0.114755 0.219776 0.061130 0.061130
0 0.961535 0.970602 0.057104 0.057104
0 0.244265 0.509067 0.071945 0.071945
0 0.617422 0.774200 0.104277 0.104277
0 0.909510 0.717900 0.104278 0.104278
0 0.501876 0.195969 0.061130 0.061130
0 0.598430 0.175070 0.057104 0.057104
0 0.308481 0.105581 0.071945 0.071945
0 0.095316 0.443368 0.104277 0.104277
0 0.858861 0.287404 0.057104 0.057104
0 0.196180 0.187965 0.057104 0.057104
0 0.306348 0.757981 0.071945 0.071945
0 0.661542 0.123022 0.062220 0.062220
0 0.166652 0.090096 0.071945 0.071945
0 0.056107 0.150278 0.071945 0.071945
0 0.018989 0.855918 0.104277 0.104277
0 0.320156 0.892395 0.061131 0.061131
0 0.095766 0.941092 0.061130 0.061130
0 0.178252 0.838880 0.104277 0.104277
0 0.714015 0.380342 0.062220 0.062220
0 0.293771 0.008110 0.052757 0.052757
0 0.677590 0.441909 0.062220 0.062220
0 0.229600 0.253604 0.062220 0.062220
0 0.391133 0.723340 0.062220 0.062220
0 0.083177 0.676243 0.062220 0.062220
0 0.409695 0.962774 0.057104 0.057104
0 0.499285 0.113257 0.061131 0.061131
0 0.274164 0.437542 0.061131 0.061131
0 0.890065 0.064657 0.104278 0.104278
0 0.178008 0.474860 0.061131 0.061131
0 0.446549 0.249064 0.071945 0.071945
0 0.050963 0.050660 0.057104 0.057104
0 0.533181 0.921398 0.071945 0.071945
0 0.961229 0.249402 0.061131 0.061131
0 0.140992 0.553023 0.052757 0.052757
0 0.220626 0.747844 0.061131 0.061131
0 0.639742 0.369056 0.052757 0.052757
0 0.438180 0.445386 0.057104 0.057104
0 0.045959 0.353056 0.052757 0.052757
0 0.739283 0.112449 0.052757 0.052757
0 0.293105 0.286719 0.071945 0.071945
0 0.950953 0.799942 0.057104 0.057104
0 0.831893 0.770062 0.057104 0.057104
0 0.556091 0.262594 0.052757 0.052757
0 0.689263 0.793948 0.052757 0.052757
0 0.374279 0.148722 0.071945 0.071945
0 0.807136 0.053927 0.062220 0.062220
0 0.019043 0.578438 0.104277 0.104277
0 0.439313 0.895822 0.052757 0.052757
0 0.576024 0.459962 0.071945 0.071945
0 0.477986 0.374533 0.062220 0.062220
0 0.676702 0.014708 0.071945 0.071945
0 0.809441 0.169964 0.052559 0.052559
0 0.470278 0.738979 0.057104 0.057104
0 0.037560 0.733872 0.061130 0.061130
0 0.304685 0.209769 0.071945 0.071945
0 0.852115 0.406321 0.062220 0.062220
0 0.404081 0.812665 0.057104 0.057104
0 0.309930 0.560686 0.104277 0.104277
0 0.078319 0.806785 0.061130 0.061130
0 0.376272 0.630123 0.052757 0.052757
0 0.255300 0.848806 0.071945 0.071945
0 0.544942 0.398125 0.104277 0.104277
0 0.383427 0.495667 0.071945 0.071945
0 0.397400 0.305681 0.104277 0.104277
0 0.931655 0.903407 0.061130 0.061130
0 0.021226 0.491287 0.057104 0.057104
0 0.123765 0.745595 0.071945 0.071945
0 0.128332 0.151330 0.057103 0.057103
0 0.756367 0.249770 0.071945 0.071945
0 0.912244 0.440549 0.104278 0.104278
0 0.600183 0.558867 0.104277 0.104277
0 0.656960 0.213560 0.052757 0.052757
0 0.263829 0.619823 0.052757 0.052757
0 0.558264 0.736977 0.062220 0.062220
0 0.609656 0.062902 0.061131 0.061131