0 0.250802 0.053880 0.104278 0.104278
0 0.015457 0.928830 0.062220 0.062220
0 0.504845 0.645657 0.071945 0.071945
0 0.779966 0.613636 0.071945 0.071945
0 0.306458 0.491002 0.104277 0.104277
0 0.812094 0.729006 0.052757 0.052757
0 0.368946 0.215228 0.052757 0.052757
0 0.956254 0.952494 0.062220 0.062220
0 0.549243 0.401974 0.061130 0.061130
0 0.955521 0.526951 0.104277 0.104277
0 0.041437 0.572196 0.052757 0.052757
0 0.053129 0.658745 0.104277 0.104277
0 0.399593 0.912370 0.104277 0.104277
0 0.982244 0.141104 0.062220 0.062220
0 0.268240 0.164685 0.052757 0.052757
0 0.722187 0.363850 0.071945 0.071945
0 0.289311 0.335912 0.052757 0.052757
0 0.402994 0.665112 0.062220 0.062220
0 0.032862 0.484775 0.104277 0.104277
0 0.365618 0.411047 0.071945 0.071945
0 0.115219 0.416573 0.104277 0.104277
0 0.832409 0.975290 0.104277 0.104277
0 0.039386 0.385633 0.061130 0.061130
0 0.428347 0.837370 0.057104 0.057104
0 0.922517 0.690070 0.104277 0.104277
0 0.877656 0.881189 0.071945 0.071945
0 0.501034 0.236604 0.104277 0.104277
0 0.800895 0.482708 0.104277 0.104277
0 0.918674 0.293901 0.071945 0.071945
0 0.496694 0.819806 0.104277 0.104277
0 0.923421 0.225455 0.062220 0.062220
0 0.382047 0.760868 0.061130 0.061130
0 0.261352 0.802742 0.057104 0.057104
0 0.166327 0.562628 0.104277 0.104277
0 0.003724 0.827690 0.062220 0.062220
0 0.861377 0.421206 0.057104 0.057104
0 0.904344 0.594881 0.062220 0.062220
0 0.657086 0.722068 0.052757 0.052757
0 0.804094 0.352990 0.062220 0.062220
0 0.198868 0.909500 0.057104 0.057104
0 0.314844 0.939591 0.104277 0.104277
0 0.045613 0.735900 0.057104 0.057104
0 0.684169 0.018147 0.104277 0.104277
0 0.624303 0.908936 0.071945 0.071945
0 0.989743 0.325683 0.061130 0.061130
0 0.834307 0.823945 0.102474 0.102474
0 0.443491 0.487336 0.052757 0.052757
0 0.728643 0.816120 0.104277 0.104277
0 0.082159 0.871343 0.057104 0.057104
0 0.253515 0.410091 0.104277 0.104277
0 0.200812 0.271737 0.057104 0.057104
0 0.406149 0.353341 0.052757 0.052757
0 0.600624 0.104776 0.054783 0.054783
0 0.737467 0.549912 0.062220 0.062220
0 0.581154 0.625462 0.061131 0.061131
0 0.768176 0.038688 0.057103 0.057103
0 0.103980 0.495723 0.061130 0.061130
0 0.539547 0.553913 0.071945 0.071945
0 0.568726 0.216942 0.071945 0.071945
0 0.327748 0.672462 0.062220 0.062220
0 0.568986 0.287766 0.061130 0.061130
0 0.125527 0.083791 0.061130 0.061130
0 0.542693 0.876773 0.057104 0.057104
0 0.183529 0.198329 0.052757 0.052757
0 0.862482 0.105509 0.061131 0.061131
0 0.449006 0.113444 0.057104 0.057104
0 0.355415 0.830300 0.104277 0.104277
0 0.224076 0.524083 0.071945 0.071945
0 0.005784 0.150926 0.061130 0.061130
0 0.658377 0.631184 0.052757 0.052757
0 0.367923 0.590722 0.061130 0.061130
0 0.025822 0.313227 0.052757 0.052757
0 0.175996 0.349512 0.057104 0.057104
0 0.641486 0.838294 0.062220 0.062220
0 0.178461 0.780031 0.062220 0.062220
0 0.155806 0.633887 0.071945 0.071945
0 0.693139 0.205434 0.052757 0.052757
0 0.374344 0.025986 0.062220 0.062220
0 0.939171 0.078614 0.062220 0.062220
0 0.380816 0.284651 0.104277 0.104277
0 0.414002 0.981706 0.062220 0.062220
0 0.736003 0.444945 0.052757 0.052757
0 0.288215 0.871053 0.071945 0.071945
0 0.117103 0.160426 0.104277 0.104277
0 0.648050 0.496809 0.052757 0.052757
0 0.077749 0.014447 0.071945 0.071945
0 0.467587 0.563196 0.057104 0.057104
0 0.320647 0.082075 0.104277 0.104277
0 0.938060 0.430349 0.061131 0.061131
0 0.843697 0.294612 0.057104 0.057104
0 0.564851 0.943775 0.104277 0.104277
0 0.862732 0.029113 0.071945 0.071945
0 0.676984 0.091525 0.104277 0.104277
0 0.735072 0.723245 0.055027 0.055027
0 0.867264 0.524067 0.061131 0.061131
0 0.525763 0.752158 0.062220 0.062220
0 0.945101 0.827423 0.104277 0.104277
0 0.381130 0.518186 0.050559 0.050559
0 0.510269 0.460965 0.061130 0.061130
0 0.639540 0.281337 0.071945 0.071945
0 0.741527 0.135723 0.057104 0.057104
0 0.195532 0.992533 0.052757 0.052757
0 0.781573 0.192861 0.104277 0.104277
0 0.481753 0.909121 0.071945 0.071945
0 0.282772 0.253742 0.061131 0.061131
0 0.129879 0.295067 0.104277 0.104277
0 0.638340 0.375890 0.071945 0.071945
0 0.597802 0.764968 0.104277 0.104277
0 0.587065 0.036822 0.052757 0.052757
0 0.514502 0.071049 0.104277 0.104277
0 0.761812 0.909225 0.061130 0.061130
0 0.122307 0.987811 0.052757 0.052757
0 0.204784 0.123794 0.071945 0.071945
0 0.035777 0.234823 0.061130 0.061130
0 0.444985 0.190014 0.071945 0.071945
0 0.155979 0.853197 0.061130 0.061130
0 0.751249 0.284465 0.104277 0.104277
0 0.475692 0.327954 0.104277 0.104277
0 0.240185 0.647868 0.052757 0.052757
0 0.999840 0.776097 0.057104 0.057104