0 0.181082 0.850705 0.062220 0.062220
0 0.670470 0.567532 0.071945 0.071945
0 0.945591 0.535511 0.071945 0.071945
0 0.472083 0.412877 0.104277 0.104277
0 0.977719 0.650881 0.052757 0.052757
0 0.534571 0.137103 0.052757 0.052757
0 0.679154 0.937864 0.061130 0.061130
0 0.714868 0.323849 0.061130 0.061130
0 0.207062 0.494071 0.052757 0.052757
0 0.218754 0.580620 0.104277 0.104277
0 0.059104 0.128078 0.061130 0.061130
0 0.565218 0.834245 0.104277 0.104277
0 0.524079 0.955856 0.104277 0.104277
0 0.410595 0.997830 0.071945 0.071945
0 0.433865 0.086560 0.052757 0.052757
0 0.887812 0.285725 0.071945 0.071945
0 0.454936 0.257787 0.052757 0.052757
0 0.568619 0.586987 0.062220 0.062220
0 0.198487 0.406650 0.104277 0.104277
0 0.531243 0.332922 0.071945 0.071945
0 0.280844 0.338448 0.104277 0.104277
0 0.998034 0.897165 0.104277 0.104277
0 0.205011 0.307508 0.061130 0.061130
0 0.593972 0.759245 0.057104 0.057104
0 0.112082 0.205465 0.104277 0.104277
0 0.666659 0.158479 0.104277 0.104277
0 0.966520 0.404583 0.104277 0.104277
0 0.662319 0.741681 0.104277 0.104277
0 0.547672 0.682743 0.061130 0.061130
0 0.426977 0.724617 0.057104 0.057104
0 0.331952 0.484503 0.104277 0.104277
0 0.088505 0.624107 0.061130 0.061130
0 0.169349 0.749565 0.062220 0.062220
0 0.822711 0.643943 0.052757 0.052757
0 0.969719 0.274865 0.062220 0.062220
0 0.364493 0.831375 0.057104 0.057104
0 0.480469 0.861466 0.104277 0.104277
0 0.211238 0.657775 0.057104 0.057104
0 0.789928 0.830811 0.071945 0.071945
0 0.029036 0.859218 0.062220 0.062220
0 0.053954 0.046948 0.104277 0.104277
0 0.127434 0.445430 0.052757 0.052757
0 0.999932 0.745820 0.102474 0.102474
0 0.609116 0.409211 0.052757 0.052757
0 0.894268 0.737995 0.104277 0.104277
0 0.247784 0.793218 0.057104 0.057104
0 0.419140 0.331966 0.104277 0.104277
0 0.366437 0.193612 0.057104 0.057104
0 0.571774 0.275216 0.052757 0.052757
0 0.766249 0.026651 0.054783 0.054783
0 0.059859 0.705319 0.061130 0.061130
0 0.903092 0.471787 0.062220 0.062220
0 0.746779 0.547337 0.061131 0.061131
0 0.269605 0.417598 0.061130 0.061130
0 0.705172 0.475788 0.071945 0.071945
0 0.734351 0.138817 0.071945 0.071945
0 0.493373 0.594337 0.062220 0.062220
0 0.734611 0.209641 0.061130 0.061130
0 0.011285 0.326540 0.052757 0.052757
0 0.291152 0.005666 0.061130 0.061130
0 0.708318 0.798648 0.057104 0.057104
0 0.025089 0.966350 0.062220 0.062220
0 0.446014 0.935187 0.057104 0.057104
0 0.349154 0.120204 0.052757 0.052757
0 0.614631 0.035319 0.057104 0.057104
0 0.521040 0.752175 0.104277 0.104277
0 0.020746 0.581564 0.057104 0.057104
0 0.314174 0.978851 0.062220 0.062220
0 0.389701 0.445958 0.071945 0.071945
0 0.171409 0.072801 0.061130 0.061130
0 0.824002 0.553059 0.052757 0.052757
0 0.178714 0.977610 0.104277 0.104277
0 0.533548 0.512597 0.061130 0.061130
0 0.191447 0.235102 0.052757 0.052757
0 0.341621 0.271387 0.057104 0.057104
0 0.807111 0.760169 0.062220 0.062220
0 0.751534 0.939928 0.104277 0.104277
0 0.344086 0.701906 0.062220 0.062220
0 0.321431 0.555762 0.071945 0.071945
0 0.035320 0.490871 0.071945 0.071945
0 0.858764 0.127309 0.052757 0.052757
0 0.546441 0.206526 0.104277 0.104277
0 0.579627 0.903581 0.062220 0.062220
0 0.901628 0.366820 0.052757 0.052757
0 0.453840 0.792928 0.071945 0.071945
0 0.282728 0.082301 0.104277 0.104277
0 0.813675 0.418684 0.052757 0.052757
0 0.633212 0.485071 0.057104 0.057104
0 0.486272 0.003950 0.104277 0.104277
0 0.129882 0.909630 0.104277 0.104277
0 0.730476 0.865650 0.104277 0.104277
0 0.842609 0.013400 0.104277 0.104277
0 0.900697 0.645120 0.055027 0.055027
0 0.691388 0.674033 0.062220 0.062220
0 0.546755 0.440061 0.050559 0.050559
0 0.840977 0.938196 0.052757 0.052757
0 0.675894 0.382840 0.061130 0.061130
0 0.805165 0.203212 0.071945 0.071945
0 0.907152 0.057598 0.057104 0.057104
0 0.361157 0.914408 0.052757 0.052757
0 0.947198 0.114736 0.104277 0.104277
0 0.647378 0.830996 0.071945 0.071945
0 0.448397 0.175617 0.061131 0.061131
0 0.295504 0.216942 0.104277 0.104277
0 0.803965 0.297765 0.071945 0.071945
0 0.763427 0.686843 0.104277 0.104277
0 0.927437 0.831100 0.061130 0.061130
0 0.287932 0.909686 0.052757 0.052757
0 0.370409 0.045669 0.071945 0.071945
0 0.201402 0.156698 0.061130 0.061130
0 0.610610 0.111889 0.071945 0.071945
0 0.321604 0.775072 0.061130 0.061130
0 0.101917 0.344148 0.104277 0.104277
0 0.916874 0.206340 0.104277 0.104277
0 0.641317 0.249829 0.104277 0.104277
0 0.405810 0.569743 0.052757 0.052757
0 0.141201 0.514408 0.104277 0.104277