0 0.150558 0.922854 0.062220 0.062220
0 0.112332 0.728830 0.062220 0.062220
0 0.601720 0.445657 0.071945 0.071945
0 0.876841 0.413636 0.071945 0.071945
0 0.403333 0.291002 0.104277 0.104277
0 0.908969 0.529006 0.052757 0.052757
0 0.465821 0.015228 0.052757 0.052757
0 0.610404 0.815989 0.061130 0.061130
0 0.646118 0.201974 0.061130 0.061130
0 0.138312 0.372196 0.052757 0.052757
0 0.672531 0.924081 0.104277 0.104277
0 0.150004 0.458745 0.104277 0.104277
0 0.496468 0.712370 0.104277 0.104277
0 0.455329 0.833981 0.104277 0.104277
0 0.341845 0.875955 0.071945 0.071945
0 0.819062 0.163850 0.071945 0.071945
0 0.386186 0.135912 0.052757 0.052757
0 0.499869 0.465112 0.062220 0.062220
0 0.129737 0.284775 0.104277 0.104277
0 0.462493 0.211047 0.071945 0.071945
0 0.212094 0.216573 0.104277 0.104277
0 0.929284 0.775290 0.104277 0.104277
0 0.136261 0.185633 0.061130 0.061130
0 0.525222 0.637370 0.057104 0.057104
0 0.974531 0.681189 0.071945 0.071945
0 0.043332 0.083590 0.104277 0.104277
0 0.597909 0.036604 0.104277 0.104277
0 0.897770 0.282708 0.104277 0.104277
0 0.535346 0.991980 0.062220 0.062220
0 0.593569 0.619806 0.104277 0.104277
0 0.751231 0.916998 0.062220 0.062220
0 0.478922 0.560868 0.061130 0.061130
0 0.358227 0.602742 0.057104 0.057104
0 0.263202 0.362628 0.104277 0.104277
0 0.019755 0.502232 0.061130 0.061130
0 0.100599 0.627690 0.062220 0.062220
0 0.958252 0.221206 0.057104 0.057104
0 0.753961 0.522068 0.052757 0.052757
0 0.900969 0.152990 0.062220 0.062220
0 0.295743 0.709500 0.057104 0.057104
0 0.411719 0.739591 0.104277 0.104277
0 0.142488 0.535900 0.057104 0.057104
0 0.872704 0.909818 0.062220 0.062220
0 0.721178 0.708936 0.071945 0.071945
0 0.351156 0.948920 0.071945 0.071945
0 0.058684 0.323555 0.052757 0.052757
0 0.931182 0.623945 0.102474 0.102474
0 0.158405 0.993656 0.057104 0.057104
0 0.972071 0.981065 0.071945 0.071945
0 0.540366 0.287336 0.052757 0.052757
0 0.825518 0.616120 0.104277 0.104277
0 0.179034 0.671343 0.057104 0.057104
0 0.350390 0.210091 0.104277 0.104277
0 0.297687 0.071737 0.057104 0.057104
0 0.503024 0.153341 0.052757 0.052757
0 0.834342 0.349912 0.062220 0.062220
0 0.678029 0.425462 0.061131 0.061131
0 0.200855 0.295723 0.061130 0.061130
0 0.636422 0.353913 0.071945 0.071945
0 0.665601 0.016942 0.071945 0.071945
0 0.424623 0.472462 0.062220 0.062220
0 0.665861 0.087766 0.061130 0.061130
0 0.639568 0.676773 0.057104 0.057104
0 0.377264 0.813312 0.057104 0.057104
0 0.452290 0.630300 0.104277 0.104277
0 0.081554 0.964670 0.050891 0.050891
0 0.245424 0.856976 0.062220 0.062220
0 0.320951 0.324083 0.071945 0.071945
0 0.780172 0.982751 0.062220 0.062220
0 0.755252 0.431184 0.052757 0.052757
0 0.014205 0.889816 0.062220 0.062220
0 0.109964 0.855735 0.104277 0.104277
0 0.464798 0.390722 0.061130 0.061130
0 0.122697 0.113227 0.052757 0.052757
0 0.272871 0.149512 0.057104 0.057104
0 0.738361 0.638294 0.062220 0.062220
0 0.271812 0.984913 0.061130 0.061130
0 0.682784 0.818053 0.104277 0.104277
0 0.275336 0.580031 0.062220 0.062220
0 0.252681 0.433887 0.071945 0.071945
0 0.410235 0.900065 0.062220 0.062220
0 0.790014 0.005434 0.052757 0.052757
0 0.477691 0.084651 0.104277 0.104277
0 0.510877 0.781706 0.062220 0.062220
0 0.832878 0.244945 0.052757 0.052757
0 0.385090 0.671053 0.071945 0.071945
0 0.744925 0.296809 0.052757 0.052757
0 0.686401 0.993613 0.061131 0.061131
0 0.564462 0.363196 0.057104 0.057104
0 0.061132 0.787755 0.104277 0.104277
0 0.940572 0.094612 0.057104 0.057104
0 0.661726 0.743775 0.104277 0.104277
0 0.935842 0.880886 0.052757 0.052757
0 0.831947 0.523245 0.055027 0.055027
0 0.964139 0.324067 0.061131 0.061131
0 0.622638 0.552158 0.062220 0.062220
0 0.478005 0.318186 0.050559 0.050559
0 0.772227 0.816321 0.052757 0.052757
0 0.607144 0.260965 0.061130 0.061130
0 0.736415 0.081337 0.071945 0.071945
0 0.292407 0.792533 0.052757 0.052757
0 0.578628 0.709121 0.071945 0.071945
0 0.379647 0.053742 0.061131 0.061131
0 0.447157 0.980178 0.061131 0.061131
0 0.226754 0.095067 0.104277 0.104277
0 0.735215 0.175890 0.071945 0.071945
0 0.694677 0.564968 0.104277 0.104277
0 0.858687 0.709225 0.061130 0.061130
0 0.537178 0.909231 0.104277 0.104277
0 0.219182 0.787811 0.052757 0.052757
0 0.132652 0.034823 0.061130 0.061130
0 0.252854 0.653197 0.061130 0.061130
0 0.033167 0.222273 0.104277 0.104277
0 0.848124 0.084465 0.104277 0.104277
0 0.572567 0.127954 0.104277 0.104277
0 0.337060 0.447868 0.052757 0.052757
0 0.072451 0.392533 0.104277 0.104277