0 0.782971 0.951118 0.104277 0.104277
0 0.238785 0.727052 0.062220 0.062220
0 0.911043 0.887089 0.052757 0.052757
0 0.163342 0.954268 0.052757 0.052757
0 0.157612 0.191481 0.104277 0.104277
0 0.185670 0.601437 0.057103 0.057103
0 0.854981 0.997614 0.057104 0.057104
0 0.354723 0.848728 0.071945 0.071945
0 0.991509 0.462438 0.071945 0.071945
0 0.401971 0.911167 0.061130 0.061130
0 0.882223 0.824528 0.057104 0.057104
0 0.879070 0.663703 0.052757 0.052757
0 0.990224 0.801966 0.061130 0.061130
0 0.705093 0.651006 0.061131 0.061131
0 0.647305 0.971031 0.052757 0.052757
0 0.390475 0.351627 0.057104 0.057104
0 0.640219 0.572313 0.062220 0.062220
0 0.933153 0.758989 0.061131 0.061131
0 0.117790 0.423575 0.104277 0.104277
0 0.982380 0.692442 0.057104 0.057104
0 0.779182 0.015499 0.071945 0.071945
0 0.101832 0.865762 0.071945 0.071945
0 0.031587 0.858677 0.057104 0.057104
0 0.612103 0.256347 0.061131 0.061131
0 0.899743 0.167398 0.061130 0.061130
0 0.924756 0.286273 0.104277 0.104277
0 0.631546 0.017891 0.104277 0.104277
0 0.137187 0.287724 0.057104 0.057104
0 0.328240 0.506758 0.057104 0.057104
0 0.085757 0.236593 0.104277 0.104277
0 0.675515 0.152817 0.071945 0.071945
0 0.446829 0.788860 0.061130 0.061130
0 0.361404 0.268054 0.104277 0.104277
0 0.248263 0.549193 0.052757 0.052757
0 0.052118 0.105541 0.052757 0.052757
0 0.526566 0.087118 0.104277 0.104277
0 0.319179 0.088902 0.062220 0.062220
0 0.001438 0.572535 0.062220 0.062220
0 0.737598 0.401731 0.071945 0.071945
0 0.718966 0.853150 0.104277 0.104277
0 0.173504 0.352223 0.057104 0.057104
0 0.330658 0.601258 0.057104 0.057104
0 0.232763 0.988621 0.104277 0.104277
0 0.096803 0.766799 0.057104 0.057104
0 0.338519 0.768546 0.057104 0.057104
0 0.004158 0.943928 0.057104 0.057104
0 0.379048 0.430587 0.052757 0.052757
0 0.450239 0.499668 0.104277 0.104277
0 0.418796 0.068779 0.062220 0.062220
0 0.207085 0.882883 0.104277 0.104277
0 0.934476 0.989640 0.062220 0.062220
0 0.011642 0.776182 0.052757 0.052757
0 0.751406 0.536145 0.061131 0.061131
0 0.206343 0.788152 0.052757 0.052757
0 0.023254 0.707473 0.061130 0.061130
0 0.391707 0.701645 0.104277 0.104277
0 0.527016 0.584842 0.061130 0.061130
0 0.216987 0.227690 0.052757 0.052757
0 0.262929 0.439273 0.057104 0.057104
0 0.092208 0.622291 0.071945 0.071945
0 0.609502 0.482630 0.104277 0.104277
0 0.822383 0.367090 0.062220 0.062220
0 0.514427 0.319993 0.062220 0.062220
0 0.840945 0.606524 0.057104 0.057104
0 0.297095 0.950922 0.062220 0.062220
0 0.075007 0.363441 0.052757 0.052757
0 0.705414 0.081292 0.061131 0.061131
0 0.611427 0.890619 0.052757 0.052757
0 0.604194 0.660956 0.062220 0.062220
0 0.609258 0.118610 0.061131 0.061131
0 0.964431 0.565148 0.071945 0.071945
0 0.407371 0.575366 0.061130 0.061130
0 0.568959 0.724574 0.104278 0.104278
0 0.572242 0.196773 0.052757 0.052757
0 0.651876 0.391594 0.061131 0.061131
0 0.869430 0.089136 0.057104 0.057104
0 0.819102 0.788745 0.062220 0.062220
0 0.093835 0.971414 0.057104 0.057104
0 0.404343 0.980321 0.057104 0.057104
0 0.625977 0.790485 0.062220 0.062220
0 0.504534 0.905061 0.057104 0.057104
0 0.450293 0.222188 0.104277 0.104277
0 0.228811 0.302175 0.061130 0.061130
0 0.172662 0.122091 0.104277 0.104277
0 0.870563 0.539572 0.052757 0.052757
0 0.657897 0.722856 0.071945 0.071945
0 0.571477 0.959417 0.062220 0.062220
0 0.355862 0.026754 0.057104 0.057104
0 0.909236 0.018283 0.062220 0.062220
0 0.238247 0.151180 0.071945 0.071945
0 0.901528 0.382729 0.057104 0.057104
0 0.468810 0.377622 0.061130 0.061130
0 0.305120 0.685968 0.057104 0.057104
0 0.503536 0.682654 0.104277 0.104277
0 0.179878 0.676317 0.104277 0.104277
0 0.835331 0.456415 0.057104 0.057104
0 0.741180 0.204436 0.104277 0.104277
0 0.698098 0.779782 0.052757 0.052757
0 0.509569 0.450535 0.061130 0.061130
0 0.807522 0.273873 0.052757 0.052757
0 0.686550 0.492556 0.071945 0.071945
0 0.976192 0.041875 0.104277 0.104277
0 0.814677 0.139417 0.071945 0.071945
0 0.452476 0.135037 0.057104 0.057104
0 0.204005 0.481394 0.062220 0.062220
0 0.555015 0.389345 0.071945 0.071945
0 0.303198 0.176336 0.057104 0.057104
0 0.103816 0.540249 0.052757 0.052757
0 0.286252 0.873030 0.057104 0.057104
0 0.051067 0.465706 0.062220 0.062220
0 0.695079 0.263573 0.052757 0.052757
0 0.989514 0.380727 0.062220 0.062220
0 0.786907 0.666165 0.061131 0.061131