0 0.933512 0.560315 0.104277 0.104277
0 0.995338 0.469267 0.071945 0.071945
0 0.901190 0.661884 0.052757 0.052757
0 0.939221 0.332368 0.104277 0.104277
0 0.445386 0.614981 0.052757 0.052757
0 0.395035 0.108302 0.062220 0.062220
0 0.809284 0.504824 0.062220 0.062220
0 0.720119 0.689983 0.104277 0.104277
0 0.319592 0.335518 0.052757 0.052757
0 0.978097 0.626523 0.061131 0.061131
0 0.444931 0.822811 0.057104 0.057104
0 0.510973 0.229978 0.071945 0.071945
0 0.558221 0.292417 0.061130 0.061130
0 0.113266 0.028332 0.052757 0.052757
0 0.736355 0.416372 0.052757 0.052757
0 0.861343 0.032256 0.061131 0.061131
0 0.489740 0.505457 0.057104 0.057104
0 0.803555 0.352281 0.052757 0.052757
0 0.576671 0.501714 0.057104 0.057104
0 0.799523 0.628233 0.071945 0.071945
0 0.908618 0.434564 0.071945 0.071945
0 0.258082 0.247012 0.071945 0.071945
0 0.187837 0.239927 0.057104 0.057104
0 0.455890 0.405919 0.057104 0.057104
0 0.817475 0.943819 0.071945 0.071945
0 0.870742 0.594682 0.057104 0.057104
0 0.002514 0.747133 0.071945 0.071945
0 0.192338 0.929762 0.061130 0.061130
0 0.603079 0.170110 0.061130 0.061130
0 0.491253 0.771444 0.071945 0.071945
0 0.585848 0.984072 0.062220 0.062220
0 0.701509 0.813072 0.061130 0.061130
0 0.191369 0.573687 0.071945 0.071945
0 0.875216 0.234400 0.104277 0.104277
0 0.636821 0.715333 0.061130 0.061130
0 0.607895 0.643598 0.061130 0.061130
0 0.389013 0.369871 0.104277 0.104277
0 0.253053 0.148049 0.057104 0.057104
0 0.494769 0.149796 0.057104 0.057104
0 0.160408 0.325178 0.057104 0.057104
0 0.786575 0.769868 0.104277 0.104277
0 0.949980 0.867741 0.071945 0.071945
0 0.363335 0.264133 0.104277 0.104277
0 0.647378 0.381536 0.052757 0.052757
0 0.640275 0.921459 0.061130 0.061130
0 0.378428 0.456433 0.104277 0.104277
0 0.202538 0.655385 0.071945 0.071945
0 0.632517 0.837777 0.104277 0.104277
0 0.167892 0.157432 0.052757 0.052757
0 0.362593 0.169402 0.052757 0.052757
0 0.837136 0.818405 0.104277 0.104277
0 0.179504 0.088723 0.061130 0.061130
0 0.321825 0.606516 0.052757 0.052757
0 0.547957 0.082895 0.104277 0.104277
0 0.816041 0.705715 0.052757 0.052757
0 0.153789 0.737610 0.052757 0.052757
0 0.248458 0.003541 0.071945 0.071945
0 0.086472 0.416164 0.061130 0.061130
0 0.528400 0.579202 0.071945 0.071945
0 0.453345 0.332172 0.062220 0.062220
0 0.077566 0.610043 0.061130 0.061130
0 0.085516 0.931198 0.104277 0.104277
0 0.767677 0.271869 0.052757 0.052757
0 0.760444 0.042206 0.062220 0.062220
0 0.414277 0.537869 0.104277 0.104277
0 0.941105 0.951657 0.057104 0.057104
0 0.424312 0.988236 0.050932 0.050932
0 0.561048 0.809350 0.052757 0.052757
0 0.036423 0.842068 0.057104 0.057104
0 0.725209 0.105824 0.104278 0.104278
0 0.327185 0.756241 0.071945 0.071945
0 0.537945 0.716410 0.061130 0.061130
0 0.113547 0.680869 0.062220 0.062220
0 0.896974 0.774465 0.052757 0.052757
0 0.105655 0.116868 0.061130 0.061130
0 0.751280 0.925912 0.057104 0.057104
0 0.975352 0.169995 0.062220 0.062220
0 0.250085 0.352664 0.057104 0.057104
0 0.560593 0.361571 0.057104 0.057104
0 0.052281 0.294838 0.104277 0.104277
0 0.192406 0.806043 0.104277 0.104277
0 0.782227 0.171735 0.062220 0.062220
0 0.660784 0.286311 0.057104 0.057104
0 0.534849 0.876376 0.061130 0.061130
0 0.397214 0.719535 0.071945 0.071945
0 0.249849 0.430773 0.061130 0.061130
0 0.179686 0.418052 0.062220 0.062220
0 0.524701 0.436036 0.048997 0.048997
0 0.814147 0.104106 0.071945 0.071945
0 0.727727 0.340667 0.062220 0.062220
0 0.461370 0.067218 0.057104 0.057104
0 0.659786 0.063904 0.104277 0.104277
0 0.336128 0.057567 0.104277 0.104277
0 0.723709 0.582028 0.062220 0.062220
0 0.854348 0.161032 0.052757 0.052757
0 0.495641 0.973061 0.062220 0.062220
0 0.291396 0.950965 0.062220 0.062220
0 0.727286 0.492217 0.061131 0.061131
0 0.148247 0.502592 0.071945 0.071945
0 0.302060 0.530413 0.104277 0.104277
0 0.068186 0.495516 0.071945 0.071945
0 0.058437 0.218375 0.061130 0.061130
0 0.141164 0.860970 0.071945 0.071945
0 0.236249 0.865939 0.047555 0.047555
0 0.370349 0.890735 0.052757 0.052757
0 0.442502 0.254280 0.057104 0.057104
0 0.000766 0.989740 0.057103 0.057103
0 0.654794 0.589022 0.071945 0.071945
0 0.450299 0.898616 0.071945 0.071945
0 0.026459 0.154565 0.062220 0.062220
0 0.943157 0.047415 0.061131 0.061131