0 0.350217 0.540102 0.104277 0.104277
0 0.306669 0.328111 0.061130 0.061130
0 0.022677 0.747630 0.104278 0.104278
0 0.709614 0.289820 0.052757 0.052757
0 0.239762 0.188440 0.104277 0.104277
0 0.301588 0.097392 0.071945 0.071945
0 0.500507 0.537778 0.062220 0.062220
0 0.453401 0.083002 0.071945 0.071945
0 0.532154 0.289860 0.104277 0.104277
0 0.207440 0.290009 0.052757 0.052757
0 0.140821 0.908978 0.052757 0.052757
0 0.610018 0.336385 0.071945 0.071945
0 0.863765 0.528253 0.047276 0.047276
0 0.754119 0.834854 0.062220 0.062220
0 0.040115 0.858435 0.052757 0.052757
0 0.344341 0.454917 0.057104 0.057104
0 0.115534 0.132949 0.062220 0.062220
0 0.380203 0.641553 0.051819 0.051819
0 0.026369 0.318108 0.104277 0.104277
0 0.855004 0.269886 0.071945 0.071945
0 0.284347 0.254648 0.061131 0.061131
0 0.560351 0.585266 0.052757 0.052757
0 0.317481 0.006989 0.057104 0.057104
0 0.272909 0.930354 0.104277 0.104277
0 0.690549 0.987651 0.071945 0.071945
0 0.621627 0.533781 0.057103 0.057103
0 0.368563 0.215143 0.052757 0.052757
0 0.695296 0.919205 0.062220 0.062220
0 0.042605 0.044497 0.052757 0.052757
0 0.424770 0.151103 0.057104 0.057104
0 0.815319 0.103860 0.052757 0.052757
0 0.537243 0.373114 0.036679 0.036679
0 0.656281 0.651121 0.104277 0.104277
0 0.755232 0.064671 0.062221 0.062221
0 0.371005 0.303725 0.057104 0.057104
0 0.456044 0.711897 0.104277 0.104277
0 0.451181 0.638604 0.071945 0.071945
0 0.693777 0.100300 0.052757 0.052757
0 0.680883 0.168162 0.104277 0.104277
0 0.847773 0.634178 0.071945 0.071945
0 0.105773 0.256358 0.071945 0.071945
0 0.157652 0.651313 0.052757 0.052757
0 0.586521 0.191794 0.104277 0.104277
0 0.214868 0.062689 0.071945 0.071945
0 0.753612 0.665989 0.061131 0.061131
0 0.869651 0.417251 0.057104 0.057104
0 0.372499 0.798526 0.054783 0.054783
0 0.677426 0.359269 0.062220 0.062220
0 0.540051 0.732438 0.057103 0.057103
0 0.340601 0.910692 0.071945 0.071945
0 0.340861 0.981516 0.061130 0.061130
0 0.123725 0.571944 0.071945 0.071945
0 0.634357 0.799259 0.061131 0.061131
0 0.220881 0.807194 0.057104 0.057104
0 0.585535 0.667140 0.061131 0.061131
0 0.176992 0.222807 0.057104 0.057104
0 0.533448 0.133502 0.061130 0.061130
0 0.007759 0.441197 0.061130 0.061130
0 0.851106 0.759682 0.071945 0.071945
0 0.856488 0.898207 0.104278 0.104278
0 0.786089 0.520120 0.062220 0.062220
0 0.612208 0.264117 0.061130 0.061130
0 0.235076 0.685320 0.052757 0.052757
0 0.483544 0.227985 0.062220 0.062220
0 0.092825 0.397993 0.104277 0.104277
0 0.256230 0.495866 0.071945 0.071945
0 0.787693 0.732785 0.104278 0.104278
0 0.465014 0.899184 0.052757 0.052757
0 0.760673 0.375193 0.104277 0.104277
0 0.046618 0.642120 0.057104 0.057104
0 0.146219 0.719736 0.062220 0.062220
0 0.711046 0.772364 0.062220 0.062220
0 0.143386 0.446530 0.104277 0.104277
0 0.122291 0.333840 0.052757 0.052757
0 0.152691 0.978401 0.104277 0.104277
0 0.429207 0.373528 0.062220 0.062220
0 0.092522 0.775825 0.104277 0.104277
0 0.571418 0.456224 0.104277 0.104277
0 0.247355 0.579782 0.057104 0.057104
0 0.615572 0.988362 0.057104 0.057104
0 0.634607 0.722863 0.071945 0.071945
0 0.484870 0.421446 0.071945 0.071945
0 0.203224 0.402590 0.052757 0.052757
0 0.057530 0.554037 0.057104 0.057104
0 0.448859 0.785275 0.104277 0.104277
0 0.874874 0.149101 0.071945 0.071945
0 0.625765 0.411593 0.061131 0.061131
0 0.758040 0.199323 0.071945 0.071945
0 0.411415 0.975087 0.071945 0.071945
0 0.513402 0.829473 0.057104 0.057104
0 0.553448 0.886611 0.104277 0.104277
0 0.054647 0.947492 0.061131 0.061131
0 0.029959 0.210153 0.062220 0.062220
0 0.358940 0.730572 0.052757 0.052757
0 0.286377 0.764799 0.104277 0.104277
0 0.589751 0.020465 0.057104 0.057104
0 0.033536 0.120342 0.061131 0.061131
0 0.718433 0.448590 0.071945 0.071945
0 0.216860 0.883764 0.071945 0.071945
0 0.681926 0.030681 0.052757 0.052757
0 0.523124 0.978215 0.104277 0.104277
0 0.799333 0.943760 0.061131 0.061131
0 0.421826 0.501345 0.057104 0.057104
0 0.691577 0.584076 0.061131 0.061131