0 0.425217 0.321352 0.104277 0.104277
0 0.381669 0.109361 0.061130 0.061130
0 0.097677 0.528880 0.104278 0.104278
0 0.784614 0.071070 0.052757 0.052757
0 0.575507 0.319028 0.062220 0.062220
0 0.607154 0.071110 0.104277 0.104277
0 0.282440 0.071259 0.052757 0.052757
0 0.907219 0.828957 0.071945 0.071945
0 0.153333 0.966002 0.104277 0.104277
0 0.215821 0.690228 0.052757 0.052757
0 0.685018 0.117635 0.071945 0.071945
0 0.396118 0.876974 0.061130 0.061130
0 0.938765 0.309503 0.047276 0.047276
0 0.829119 0.616104 0.062220 0.062220
0 0.115115 0.639685 0.052757 0.052757
0 0.569062 0.838850 0.071945 0.071945
0 0.136186 0.810912 0.052757 0.052757
0 0.419341 0.236167 0.057104 0.057104
0 0.212493 0.886047 0.071945 0.071945
0 0.455203 0.422803 0.051819 0.051819
0 0.101369 0.099358 0.104277 0.104277
0 0.930004 0.051136 0.071945 0.071945
0 0.359347 0.035898 0.061131 0.061131
0 0.635351 0.366516 0.052757 0.052757
0 0.347909 0.711604 0.104277 0.104277
0 0.647770 0.957708 0.104277 0.104277
0 0.765549 0.768901 0.071945 0.071945
0 0.696627 0.315031 0.057103 0.057103
0 0.770296 0.700455 0.062220 0.062220
0 0.708252 0.896206 0.057104 0.057104
0 0.650969 0.827990 0.062220 0.062220
0 0.612243 0.154364 0.036679 0.036679
0 0.047523 0.440318 0.052757 0.052757
0 0.731281 0.432371 0.104277 0.104277
0 0.446005 0.084975 0.057104 0.057104
0 0.531044 0.493147 0.104277 0.104277
0 0.836618 0.800683 0.061130 0.061130
0 0.526181 0.419854 0.071945 0.071945
0 0.922773 0.415428 0.071945 0.071945
0 0.180773 0.037608 0.071945 0.071945
0 0.290366 0.962336 0.052757 0.052757
0 0.232652 0.432563 0.052757 0.052757
0 0.828612 0.447239 0.061131 0.061131
0 0.100390 0.885091 0.104277 0.104277
0 0.047687 0.746737 0.057104 0.057104
0 0.253024 0.828341 0.052757 0.052757
0 0.944651 0.198501 0.057104 0.057104
0 0.447499 0.579776 0.054783 0.054783
0 0.752426 0.140519 0.062220 0.062220
0 0.615051 0.513688 0.057103 0.057103
0 0.415601 0.691942 0.071945 0.071945
0 0.415861 0.762766 0.061130 0.061130
0 0.198725 0.353194 0.071945 0.071945
0 0.030404 0.673329 0.052757 0.052757
0 0.709357 0.580509 0.061131 0.061131
0 0.295881 0.588444 0.057104 0.057104
0 0.660535 0.448390 0.061131 0.061131
0 0.251992 0.004057 0.057104 0.057104
0 0.070951 0.999083 0.071945 0.071945
0 0.082759 0.222447 0.061130 0.061130
0 0.926106 0.540932 0.071945 0.071945
0 0.931488 0.679457 0.104278 0.104278
0 0.861089 0.301370 0.062220 0.062220
0 0.687208 0.045367 0.061130 0.061130
0 0.310076 0.466570 0.052757 0.052757
0 0.926529 0.961652 0.061130 0.061130
0 0.022871 0.824512 0.057104 0.057104
0 0.018071 0.124708 0.061130 0.061130
0 0.558544 0.009235 0.062220 0.062220
0 0.167825 0.179243 0.104277 0.104277
0 0.331230 0.277116 0.071945 0.071945
0 0.862693 0.514035 0.104278 0.104278
0 0.540014 0.680434 0.052757 0.052757
0 0.021525 0.330834 0.061130 0.061130
0 0.835673 0.156443 0.104277 0.104277
0 0.121618 0.423370 0.057104 0.057104
0 0.013767 0.247152 0.104277 0.104277
0 0.221219 0.500986 0.062220 0.062220
0 0.786046 0.553614 0.062220 0.062220
0 0.218386 0.227780 0.104277 0.104277
0 0.197291 0.115090 0.052757 0.052757
0 0.227691 0.759651 0.104277 0.104277
0 0.582878 0.919945 0.052757 0.052757
0 0.504207 0.154778 0.062220 0.062220
0 0.494925 0.971809 0.052757 0.052757
0 0.167522 0.557075 0.104277 0.104277
0 0.646418 0.237474 0.104277 0.104277
0 0.322355 0.361032 0.057104 0.057104
0 0.784935 0.905349 0.061131 0.061131
0 0.690572 0.769612 0.057104 0.057104
0 0.709607 0.504113 0.071945 0.071945
0 0.559870 0.202696 0.071945 0.071945
0 0.278224 0.183840 0.052757 0.052757
0 0.132530 0.335287 0.057104 0.057104
0 0.523859 0.566525 0.104277 0.104277
0 0.714139 0.999067 0.061131 0.061131
0 0.228005 0.993186 0.050559 0.050559
0 0.700765 0.192843 0.061131 0.061131
0 0.357144 0.935965 0.061130 0.061130
0 0.486415 0.756337 0.071945 0.071945
0 0.588402 0.610723 0.057104 0.057104
0 0.628448 0.667861 0.104277 0.104277
0 0.129647 0.728742 0.061131 0.061131
0 0.485215 0.850890 0.071945 0.071945
0 0.433940 0.511822 0.052757 0.052757
0 0.361377 0.546049 0.104277 0.104277
0 0.872058 0.918843 0.052757 0.052757
0 0.051659 0.598794 0.071945 0.071945
0 0.793433 0.229840 0.071945 0.071945
0 0.291860 0.665014 0.071945 0.071945
0 0.598124 0.759465 0.104277 0.104277
0 0.322567 0.802954 0.104277 0.104277
0 0.874333 0.725010 0.061131 0.061131
0 0.496826 0.282595 0.057104 0.057104
0 0.766577 0.365326 0.061131 0.061131