0 0.201795 0.248851 0.062220 0.062220
0 0.547433 0.588479 0.062220 0.062220
0 0.509207 0.394455 0.062220 0.062220
0 0.998595 0.111282 0.071945 0.071945
0 0.285109 0.702093 0.057103 0.057103
0 0.535187 0.037821 0.052757 0.052757
0 0.546879 0.124370 0.104277 0.104277
0 0.893343 0.377995 0.104277 0.104277
0 0.305781 0.448742 0.052757 0.052757
0 0.852204 0.499606 0.104277 0.104277
0 0.738720 0.541580 0.071945 0.071945
0 0.144124 0.303733 0.071945 0.071945
0 0.896744 0.130737 0.062220 0.062220
0 0.264972 0.533412 0.062220 0.062220
0 0.170005 0.726394 0.071945 0.071945
0 0.194924 0.564048 0.104277 0.104277
0 0.922097 0.302995 0.057104 0.057104
0 0.275412 0.254913 0.061130 0.061130
0 0.255828 0.167030 0.052757 0.052757
0 0.046974 0.633211 0.104278 0.104278
0 0.932221 0.657605 0.062220 0.062220
0 0.990444 0.285431 0.104277 0.104277
0 0.875797 0.226493 0.061130 0.061130
0 0.755102 0.268367 0.057104 0.057104
0 0.660077 0.028253 0.104277 0.104277
0 0.444853 0.747976 0.062220 0.062220
0 0.416630 0.167857 0.061130 0.061130
0 0.497474 0.293315 0.062220 0.062220
0 0.692618 0.375125 0.057104 0.057104
0 0.808594 0.405216 0.104277 0.104277
0 0.602683 0.731271 0.071945 0.071945
0 0.539363 0.201525 0.057104 0.057104
0 0.304699 0.630656 0.061130 0.061130
0 0.748031 0.614545 0.071945 0.071945
0 0.357161 0.402968 0.062220 0.062220
0 0.555280 0.659281 0.057104 0.057104
0 0.064148 0.436446 0.062220 0.062220
0 0.575909 0.336968 0.057104 0.057104
0 0.387984 0.249069 0.061130 0.061130
0 0.519124 0.738934 0.052757 0.052757
0 0.821498 0.138087 0.062220 0.062220
0 0.353214 0.510100 0.062220 0.062220
0 0.774139 0.478937 0.057104 0.057104
0 0.849165 0.295925 0.104277 0.104277
0 0.478429 0.630295 0.050891 0.050891
0 0.131851 0.136591 0.062220 0.062220
0 0.204255 0.645730 0.104277 0.104277
0 0.348871 0.125314 0.057104 0.057104
0 0.642299 0.522601 0.062220 0.062220
0 0.763118 0.731667 0.057104 0.057104
0 0.139025 0.468597 0.062220 0.062220
0 0.363449 0.709317 0.052757 0.052757
0 0.411080 0.555441 0.062220 0.062220
0 0.506839 0.521360 0.104277 0.104277
0 0.861673 0.056347 0.061130 0.061130
0 0.014287 0.230473 0.104278 0.104278
0 0.132925 0.223937 0.052757 0.052757
0 0.042108 0.740064 0.071945 0.071945
0 0.668687 0.650538 0.061130 0.061130
0 0.672211 0.245656 0.062220 0.062220
0 0.649556 0.099512 0.071945 0.071945
0 0.807110 0.565690 0.062220 0.062220
0 0.101723 0.693836 0.057104 0.057104
0 0.171149 0.038729 0.052757 0.052757
0 0.363445 0.034621 0.071945 0.071945
0 0.065828 0.278455 0.057104 0.057104
0 0.991654 0.711408 0.052757 0.052757
0 0.380027 0.628250 0.062220 0.062220
0 0.069903 0.024955 0.104277 0.104277
0 0.678265 0.753888 0.062220 0.062220
0 0.907752 0.447331 0.062220 0.062220
0 0.781965 0.336678 0.071945 0.071945
0 0.961337 0.028821 0.057104 0.057104
0 0.031030 0.144480 0.104277 0.104277
0 0.458007 0.453380 0.104277 0.104277
0 0.031304 0.554139 0.061131 0.061131
0 0.242974 0.069514 0.052757 0.052757
0 0.902039 0.742318 0.061130 0.061130
0 0.689282 0.458158 0.052757 0.052757
0 0.975503 0.374746 0.071945 0.071945
0 0.104641 0.569234 0.057104 0.057104
0 0.844032 0.645803 0.061131 0.061131
0 0.225249 0.362082 0.057104 0.057104
0 0.934053 0.574856 0.104277 0.104277
0 0.616057 0.453436 0.052757 0.052757
0 0.649729 0.318822 0.061130 0.061130
0 0.321210 0.338166 0.104277 0.104277
0 0.733935 0.113493 0.052757 0.052757
0 0.469326 0.058158 0.104277 0.104277