0 0.997092 0.777602 0.104277 0.104277
0 0.953544 0.565611 0.061130 0.061130
0 0.669552 0.985130 0.104278 0.104278
0 0.886637 0.425940 0.104277 0.104277
0 0.948463 0.334892 0.071945 0.071945
0 0.854315 0.527509 0.052757 0.052757
0 0.892346 0.197993 0.104277 0.104277
0 0.398511 0.480606 0.052757 0.052757
0 0.991216 0.692417 0.057104 0.057104
0 0.762409 0.370449 0.062220 0.062220
0 0.322197 0.901787 0.057104 0.057104
0 0.673244 0.555608 0.104277 0.104277
0 0.272717 0.201143 0.052757 0.052757
0 0.931222 0.492148 0.061131 0.061131
0 0.398056 0.688436 0.057104 0.057104
0 0.964356 0.244489 0.057104 0.057104
0 0.464098 0.095603 0.071945 0.071945
0 0.511346 0.158042 0.061130 0.061130
0 0.689480 0.281997 0.052757 0.052757
0 0.991598 0.071403 0.057104 0.057104
0 0.619398 0.896568 0.052757 0.052757
0 0.025088 0.882640 0.071945 0.071945
0 0.163693 0.987162 0.104277 0.104277
0 0.442865 0.371082 0.057104 0.057104
0 0.756680 0.217906 0.052757 0.052757
0 0.529796 0.367339 0.057104 0.057104
0 0.752648 0.493858 0.071945 0.071945
0 0.804527 0.888813 0.052757 0.052757
0 0.861743 0.300189 0.071945 0.071945
0 0.211207 0.112637 0.071945 0.071945
0 0.140962 0.105552 0.057104 0.057104
0 0.409015 0.271544 0.057104 0.057104
0 0.770600 0.809444 0.071945 0.071945
0 0.435630 0.913883 0.071945 0.071945
0 0.823867 0.460307 0.057104 0.057104
0 0.145463 0.795387 0.061130 0.061130
0 0.556204 0.035735 0.061130 0.061130
0 0.444378 0.637069 0.071945 0.071945
0 0.395203 0.998511 0.062220 0.062220
0 0.538973 0.849697 0.062220 0.062220
0 0.654634 0.678697 0.061130 0.061130
0 0.881951 0.922820 0.052757 0.052757
0 0.144494 0.439312 0.071945 0.071945
0 0.098331 0.945165 0.104277 0.104277
0 0.828341 0.100025 0.104277 0.104277
0 0.589946 0.580958 0.061130 0.061130
0 0.561020 0.509223 0.061130 0.061130
0 0.342138 0.235496 0.104277 0.104277
0 0.206178 0.013674 0.057104 0.057104
0 0.447894 0.015421 0.057104 0.057104
0 0.113533 0.190803 0.057104 0.057104
0 0.739700 0.635493 0.104277 0.104277
0 0.903105 0.733366 0.071945 0.071945
0 0.316460 0.129758 0.104277 0.104277
0 0.600503 0.247161 0.052757 0.052757
0 0.593400 0.787084 0.061130 0.061130
0 0.331553 0.322058 0.104277 0.104277
0 0.155663 0.521010 0.071945 0.071945
0 0.693493 0.879620 0.057104 0.057104
0 0.585642 0.703402 0.104277 0.104277
0 0.793094 0.957236 0.062220 0.062220
0 0.121017 0.023057 0.052757 0.052757
0 0.315718 0.035027 0.052757 0.052757
0 0.790261 0.684030 0.104277 0.104277
0 0.274950 0.472141 0.052757 0.052757
0 0.769166 0.571340 0.052757 0.052757
0 0.106914 0.603235 0.052757 0.052757
0 0.039597 0.281789 0.061130 0.061130
0 0.481525 0.444827 0.071945 0.071945
0 0.406470 0.197797 0.062220 0.062220
0 0.030691 0.475668 0.061130 0.061130
0 0.496499 0.945697 0.071945 0.071945
0 0.038641 0.796823 0.104277 0.104277
0 0.720802 0.137494 0.052757 0.052757
0 0.367402 0.403494 0.104277 0.104277
0 0.894230 0.817282 0.057104 0.057104
0 0.377437 0.853861 0.050932 0.050932
0 0.514173 0.674975 0.052757 0.052757
0 0.280310 0.621866 0.071945 0.071945
0 0.491070 0.582035 0.061130 0.061130
0 0.066672 0.546494 0.062220 0.062220
0 0.850099 0.640090 0.052757 0.052757
0 0.704405 0.791537 0.057104 0.057104
0 0.928477 0.035620 0.062220 0.062220
0 0.203210 0.218289 0.057104 0.057104
0 0.513718 0.227196 0.057104 0.057104
0 0.005406 0.160463 0.104277 0.104277
0 0.237894 0.908497 0.071945 0.071945
0 0.145531 0.671668 0.104277 0.104277
0 0.735352 0.037360 0.062220 0.062220
0 0.613909 0.151936 0.057104 0.057104
0 0.487974 0.742001 0.061130 0.061130
0 0.350339 0.585160 0.071945 0.071945
0 0.202974 0.296398 0.061130 0.061130
0 0.132811 0.283677 0.062220 0.062220
0 0.477826 0.301661 0.048997 0.048997
0 0.680852 0.206292 0.062220 0.062220
0 0.151511 0.893316 0.052757 0.052757
0 0.676834 0.447653 0.062220 0.062220
0 0.807473 0.026657 0.052757 0.052757
0 0.448766 0.838686 0.062220 0.062220
0 0.244521 0.816590 0.062220 0.062220
0 0.680411 0.357842 0.061131 0.061131
0 0.101372 0.368217 0.071945 0.071945
0 0.255185 0.396038 0.104277 0.104277
0 0.021311 0.361141 0.071945 0.071945
0 0.011562 0.084000 0.061130 0.061130
0 0.094289 0.726595 0.071945 0.071945
0 0.189374 0.731564 0.047555 0.047555
0 0.323474 0.756360 0.052757 0.052757
0 0.395627 0.119905 0.057104 0.057104
0 0.607919 0.454647 0.071945 0.071945
0 0.319194 0.974465 0.071945 0.071945
0 0.403424 0.764241 0.071945 0.071945