0 0.274708 0.275613 0.052757 0.052757
0 0.826636 0.014981 0.052757 0.052757
0 0.740354 0.671828 0.061130 0.061130
0 0.879737 0.950400 0.104277 0.104277
0 0.962094 0.882198 0.104277 0.104277
0 0.886261 0.851258 0.061130 0.061130
0 0.750322 0.436162 0.057104 0.057104
0 0.245184 0.759792 0.062220 0.062220
0 0.793332 0.749215 0.104277 0.104277
0 0.826181 0.222811 0.057104 0.057104
0 0.240543 0.345858 0.062220 0.062220
0 0.465789 0.878549 0.061130 0.061130
0 0.453213 0.417015 0.071945 0.071945
0 0.268260 0.997161 0.104278 0.104278
0 0.591818 0.521537 0.104277 0.104277
0 0.512249 0.590461 0.052757 0.052757
0 0.735204 0.590698 0.104277 0.104277
0 0.808684 0.989180 0.052757 0.052757
0 0.424817 0.584659 0.052757 0.052757
0 0.671159 0.672755 0.052757 0.052757
0 0.950855 0.961348 0.061130 0.061130
0 0.625686 0.891899 0.104278 0.104278
0 0.692535 0.870290 0.052757 0.052757
0 0.972402 0.549416 0.061130 0.061130
0 0.863755 0.448258 0.071945 0.071945
0 0.238171 0.439028 0.052757 0.052757
0 0.383764 0.147133 0.071945 0.071945
0 0.573588 0.329762 0.061130 0.061130
0 0.376830 0.076677 0.071945 0.071945
0 0.872503 0.171444 0.071945 0.071945
0 0.852659 0.616551 0.061130 0.061130
0 0.823328 0.532886 0.062220 0.062220
0 0.967098 0.384072 0.062220 0.062220
0 0.291630 0.681063 0.061130 0.061130
0 0.872697 0.778852 0.052757 0.052757
0 0.658414 0.992783 0.057104 0.057104
0 0.526456 0.479540 0.104277 0.104277
0 0.585689 0.959163 0.071945 0.071945
0 0.989145 0.043598 0.061130 0.061130
0 0.583788 0.055385 0.071945 0.071945
0 0.452531 0.947133 0.057104 0.057104
0 0.703075 0.006516 0.052757 0.052757
0 0.535039 0.137610 0.052757 0.052757
0 0.378675 0.477241 0.052757 0.052757
0 0.276044 0.197949 0.104278 0.104278
0 0.963978 0.626051 0.104277 0.104277
0 0.458816 0.010043 0.061130 0.061130
0 0.924624 0.480072 0.071945 0.071945
0 0.466766 0.331198 0.104277 0.104277
0 0.374609 0.925515 0.071945 0.071945
0 0.665690 0.544139 0.071945 0.071945
0 0.805562 0.388236 0.050932 0.050932
0 0.248778 0.866756 0.057104 0.057104
0 0.942298 0.209350 0.052757 0.052757
0 0.417673 0.242068 0.057104 0.057104
0 0.708435 0.156241 0.071945 0.071945
0 0.919195 0.116410 0.061130 0.061130
0 0.494797 0.080869 0.062220 0.062220
0 0.666019 0.442872 0.071945 0.071945
0 0.573656 0.206043 0.104277 0.104277
0 0.280411 0.005987 0.061130 0.061130
0 0.344879 0.564451 0.104277 0.104277
0 0.355985 0.818518 0.057104 0.057104
0 0.916099 0.276376 0.061130 0.061130
0 0.778464 0.119535 0.071945 0.071945
0 0.538987 0.807154 0.104277 0.104277
0 0.589130 0.651389 0.104277 0.104277
0 0.372753 0.306785 0.062220 0.062220
0 0.976754 0.760692 0.104277 0.104277
0 0.579636 0.427691 0.052757 0.052757
0 0.876891 0.373061 0.062220 0.062220
0 0.672646 0.350965 0.062220 0.062220
0 0.494803 0.726166 0.052757 0.052757
0 0.374032 0.640955 0.104277 0.104277
0 0.463692 0.798802 0.061130 0.061130
0 0.312537 0.402854 0.057104 0.057104
0 0.587035 0.741752 0.062220 0.062220
0 0.653545 0.776794 0.071945 0.071945
0 0.882652 0.700448 0.061130 0.061130
0 0.522414 0.260970 0.071945 0.071945
0 0.291538 0.923234 0.052757 0.052757
0 0.617499 0.265939 0.047555 0.047555
0 0.751599 0.290735 0.052757 0.052757
0 0.783167 0.887898 0.104277 0.104277
0 0.264139 0.583686 0.071945 0.071945
0 0.556718 0.883170 0.052757 0.052757
0 0.382016 0.389740 0.057103 0.057103
0 0.747319 0.508840 0.071945 0.071945
0 0.365727 0.712297 0.104277 0.104277
0 0.831549 0.298616 0.071945 0.071945
0 0.278681 0.094203 0.062220 0.062220