0 0.410660 0.939552 0.062220 0.062220
0 0.580495 0.100948 0.062220 0.062220
0 0.329487 0.403981 0.104277 0.104277
0 0.357545 0.813937 0.057103 0.057103
0 0.128891 0.859582 0.052757 0.052757
0 0.534569 0.159790 0.062220 0.062220
0 0.876968 0.863506 0.061131 0.061131
0 0.681143 0.136802 0.070161 0.070161
0 0.311863 0.128414 0.104278 0.104278
0 0.562350 0.564127 0.057104 0.057104
0 0.812094 0.784813 0.062220 0.062220
0 0.289665 0.636075 0.104277 0.104277
0 0.951057 0.227999 0.071945 0.071945
0 0.470544 0.107926 0.071945 0.071945
0 0.766850 0.166555 0.062220 0.062220
0 0.783978 0.468847 0.061131 0.061131
0 0.098426 0.569134 0.104277 0.104277
0 0.803421 0.230391 0.104277 0.104277
0 0.211959 0.165993 0.071945 0.071945
0 0.717880 0.076026 0.061130 0.061130
0 0.309062 0.500224 0.057104 0.057104
0 0.500115 0.719258 0.057104 0.057104
0 0.257632 0.449093 0.104277 0.104277
0 0.847390 0.365317 0.071945 0.071945
0 0.029571 0.627486 0.062220 0.062220
0 0.308531 0.010705 0.057104 0.057104
0 0.533279 0.480554 0.104277 0.104277
0 0.420138 0.761693 0.052757 0.052757
0 0.223993 0.318041 0.052757 0.052757
0 0.698441 0.299618 0.104277 0.104277
0 0.799305 0.044215 0.057104 0.057104
0 0.491054 0.301402 0.062220 0.062220
0 0.173313 0.785035 0.062220 0.062220
0 0.909473 0.614231 0.071945 0.071945
0 0.076804 0.243619 0.062220 0.062220
0 0.345379 0.564723 0.057104 0.057104
0 0.502533 0.813758 0.057104 0.057104
0 0.268678 0.979299 0.057104 0.057104
0 0.510394 0.981046 0.057104 0.057104
0 0.659232 0.006528 0.071945 0.071945
0 0.550923 0.643087 0.052757 0.052757
0 0.622114 0.712168 0.104277 0.104277
0 0.590671 0.281279 0.062220 0.062220
0 0.022262 0.359510 0.061130 0.061130
0 0.183517 0.988682 0.052757 0.052757
0 0.923281 0.748645 0.061131 0.061131
0 0.195129 0.919973 0.061130 0.061130
0 0.398196 0.204406 0.071945 0.071945
0 0.563582 0.914145 0.104277 0.104277
0 0.698891 0.797342 0.061130 0.061130
0 0.388862 0.440190 0.052757 0.052757
0 0.434804 0.651773 0.057104 0.057104
0 0.264083 0.834791 0.071945 0.071945
0 0.781377 0.695130 0.104277 0.104277
0 0.832725 0.109854 0.062220 0.062220
0 0.994258 0.579590 0.062220 0.062220
0 0.032021 0.020599 0.104277 0.104277
0 0.686302 0.532493 0.062220 0.062220
0 0.089673 0.328101 0.061130 0.061130
0 0.246882 0.575941 0.052757 0.052757
0 0.877289 0.293792 0.061131 0.061131
0 0.776069 0.873456 0.062220 0.062220
0 0.167787 0.267500 0.071945 0.071945
0 0.781133 0.331110 0.061131 0.061131
0 0.129701 0.046860 0.104277 0.104277
0 0.043244 0.697142 0.057104 0.057104
0 0.026214 0.117989 0.057104 0.057104
0 0.579246 0.787866 0.061130 0.061130
0 0.106774 0.440152 0.057104 0.057104
0 0.740834 0.937074 0.104278 0.104278
0 0.744117 0.409273 0.052757 0.052757
0 0.823751 0.604094 0.061131 0.061131
0 0.121280 0.948118 0.061130 0.061130
0 0.649084 0.209306 0.052757 0.052757
0 0.087892 0.785304 0.062220 0.062220
0 0.896230 0.142969 0.071945 0.071945
0 0.977404 0.004972 0.071945 0.071945
0 0.622168 0.434688 0.104277 0.104277
0 0.400686 0.514675 0.061130 0.061130
0 0.344537 0.334591 0.104277 0.104277
0 0.307238 0.205491 0.052757 0.052757
0 0.829772 0.935356 0.071945 0.071945
0 0.111297 0.707369 0.057104 0.057104
0 0.527737 0.239254 0.057104 0.057104
0 0.410122 0.363680 0.071945 0.071945
0 0.486266 0.004117 0.104277 0.104277
0 0.640685 0.590122 0.061130 0.061130
0 0.476995 0.898468 0.057104 0.057104
0 0.907810 0.066019 0.071945 0.071945
0 0.675411 0.895154 0.104277 0.104277
0 0.404259 0.126184 0.056505 0.056505
0 0.351753 0.888817 0.104277 0.104277
0 0.913055 0.416936 0.104277 0.104277
0 0.869973 0.992282 0.052757 0.052757
0 0.681444 0.663035 0.061130 0.061130
0 0.043278 0.487830 0.062220 0.062220
0 0.979397 0.486373 0.052757 0.052757
0 0.858425 0.705056 0.071945 0.071945
0 0.986552 0.351917 0.071945 0.071945
0 0.624351 0.347537 0.057104 0.057104
0 0.398556 0.057495 0.061130 0.061130
0 0.375880 0.693894 0.062220 0.062220
0 0.726890 0.601845 0.071945 0.071945
0 0.005212 0.862690 0.071945 0.071945
0 0.731457 0.007580 0.057103 0.057103
0 0.475073 0.388836 0.057104 0.057104
0 0.198110 0.081297 0.062220 0.062220
0 0.157150 0.617050 0.104277 0.104277
0 0.135373 0.201716 0.057104 0.057104
0 0.275691 0.752749 0.052757 0.052757
0 0.162552 0.497345 0.057104 0.057104
0 0.222942 0.678206 0.062220 0.062220
0 0.866954 0.476073 0.052757 0.052757
0 0.042084 0.985815 0.062220 0.062220
0 0.958782 0.878665 0.061131 0.061131