0 0.709592 0.452602 0.104277 0.104277
0 0.666044 0.240611 0.061130 0.061130
0 0.382052 0.660130 0.104278 0.104278
0 0.599137 0.100940 0.104277 0.104277
0 0.660963 0.009892 0.071945 0.071945
0 0.859882 0.450278 0.062220 0.062220
0 0.891529 0.202360 0.104277 0.104277
0 0.566815 0.202509 0.052757 0.052757
0 0.500196 0.821478 0.052757 0.052757
0 0.969393 0.248885 0.071945 0.071945
0 0.111011 0.155606 0.052757 0.052757
0 0.024729 0.812453 0.061130 0.061130
0 0.399490 0.770935 0.052757 0.052757
0 0.853437 0.970100 0.071945 0.071945
0 0.420561 0.942162 0.052757 0.052757
0 0.703716 0.367417 0.057104 0.057104
0 0.474909 0.045449 0.062220 0.062220
0 0.739578 0.554053 0.051819 0.051819
0 0.170636 0.991883 0.061130 0.061130
0 0.034697 0.576787 0.057104 0.057104
0 0.385744 0.230608 0.104277 0.104277
0 0.643722 0.167148 0.061131 0.061131
0 0.919726 0.497766 0.052757 0.052757
0 0.077707 0.889840 0.104277 0.104277
0 0.110556 0.363436 0.057104 0.057104
0 0.632284 0.842854 0.104277 0.104277
0 0.981002 0.446281 0.057103 0.057103
0 0.727938 0.127643 0.052757 0.052757
0 0.784145 0.063603 0.057104 0.057104
0 0.935344 0.959240 0.062220 0.062220
0 0.896618 0.285614 0.036679 0.036679
0 0.331898 0.571568 0.052757 0.052757
0 0.155365 0.046082 0.057104 0.057104
0 0.730380 0.216225 0.057104 0.057104
0 0.815419 0.624397 0.104277 0.104277
0 0.810556 0.551104 0.071945 0.071945
0 0.019579 0.731323 0.104277 0.104277
0 0.242296 0.042339 0.057104 0.057104
0 0.465148 0.168858 0.071945 0.071945
0 0.517027 0.563813 0.052757 0.052757
0 0.945896 0.104294 0.104277 0.104277
0 0.332062 0.877987 0.057104 0.057104
0 0.537399 0.959591 0.052757 0.052757
0 0.731874 0.711026 0.054783 0.054783
0 0.899426 0.644938 0.057103 0.057103
0 0.699976 0.823192 0.071945 0.071945
0 0.700236 0.894016 0.061130 0.061130
0 0.483100 0.484444 0.071945 0.071945
0 0.256777 0.690041 0.061130 0.061130
0 0.148130 0.588883 0.071945 0.071945
0 0.314779 0.804579 0.052757 0.052757
0 0.993732 0.711759 0.061131 0.061131
0 0.580256 0.719694 0.057104 0.057104
0 0.944910 0.579640 0.061131 0.061131
0 0.536367 0.135307 0.057104 0.057104
0 0.156878 0.312069 0.071945 0.071945
0 0.137034 0.757176 0.061130 0.061130
0 0.107703 0.673511 0.062220 0.062220
0 0.892823 0.046002 0.061130 0.061130
0 0.251473 0.524697 0.062220 0.062220
0 0.367134 0.353697 0.061130 0.061130
0 0.971583 0.176617 0.061130 0.061130
0 0.594451 0.597820 0.052757 0.052757
0 0.157072 0.919477 0.052757 0.052757
0 0.307246 0.955762 0.057104 0.057104
0 0.302446 0.255958 0.061130 0.061130
0 0.273520 0.184223 0.061130 0.061130
0 0.842919 0.140485 0.062220 0.062220
0 0.452200 0.310493 0.104277 0.104277
0 0.615605 0.408366 0.071945 0.071945
0 0.824389 0.811684 0.052757 0.052757
0 0.305900 0.462084 0.061130 0.061130
0 0.405993 0.554620 0.057104 0.057104
0 0.298142 0.378402 0.104277 0.104277
0 0.505594 0.632236 0.062220 0.062220
0 0.502761 0.359030 0.104277 0.104277
0 0.481666 0.246340 0.052757 0.052757
0 0.512066 0.890901 0.104277 0.104277
0 0.788582 0.286028 0.062220 0.062220
0 0.194025 0.119827 0.071945 0.071945
0 0.248353 0.766676 0.104277 0.104277
0 0.208999 0.620697 0.071945 0.071945
0 0.451897 0.688325 0.104277 0.104277
0 0.930793 0.368724 0.104277 0.104277
0 0.079902 0.078494 0.104277 0.104277
0 0.606730 0.492282 0.057104 0.057104
0 0.089937 0.528861 0.050932 0.050932
0 0.974947 0.900862 0.057104 0.057104
0 0.226673 0.349975 0.052757 0.052757
0 0.993982 0.635363 0.071945 0.071945
0 0.844245 0.333946 0.071945 0.071945
0 0.203570 0.257035 0.061130 0.061130
0 0.562599 0.315090 0.052757 0.052757
0 0.416905 0.466537 0.057104 0.057104
0 0.808234 0.697775 0.104277 0.104277
0 0.200474 0.417001 0.061130 0.061130
0 0.062839 0.260160 0.071945 0.071945
0 0.985140 0.324093 0.061131 0.061131
0 0.770790 0.887587 0.071945 0.071945
0 0.872777 0.741973 0.057104 0.057104
0 0.912823 0.799111 0.104277 0.104277
0 0.414022 0.859992 0.061131 0.061131
0 0.261129 0.901317 0.104277 0.104277
0 0.769590 0.982140 0.071945 0.071945
0 0.389334 0.122653 0.062220 0.062220
0 0.718315 0.643072 0.052757 0.052757
0 0.645752 0.677299 0.104277 0.104277
0 0.161266 0.513686 0.062220 0.062220
0 0.392911 0.032842 0.061131 0.061131
0 0.336034 0.730044 0.071945 0.071945
0 0.167027 0.841073 0.061130 0.061130
0 0.576235 0.796264 0.071945 0.071945
0 0.035974 0.431360 0.052757 0.052757
0 0.882499 0.890715 0.104277 0.104277
0 0.606942 0.934204 0.104277 0.104277
0 0.320419 0.129647 0.071945 0.071945
0 0.031694 0.649465 0.071945 0.071945
0 0.781201 0.413845 0.057104 0.057104
0 0.115924 0.439241 0.071945 0.071945