0 0.881005 0.831742 0.071945 0.071945
0 0.779739 0.946019 0.062220 0.062220
0 0.912717 0.943966 0.057104 0.057104
0 0.945528 0.869274 0.052757 0.052757
0 0.042995 0.600948 0.062220 0.062220
0 0.982206 0.502631 0.061130 0.061130
0 0.591993 0.379087 0.052757 0.052757
0 0.685206 0.326161 0.052757 0.052757
0 0.752476 0.875312 0.052757 0.052757
0 0.982847 0.967009 0.071945 0.071945
0 0.143643 0.636802 0.070161 0.070161
0 0.906005 0.290655 0.104277 0.104277
0 0.844635 0.895622 0.071945 0.071945
0 0.497017 0.295395 0.062220 0.062220
0 0.413557 0.727999 0.071945 0.071945
0 0.694956 0.635375 0.061130 0.061130
0 0.511216 0.415377 0.062220 0.062220
0 0.229350 0.666555 0.062220 0.062220
0 0.683669 0.998747 0.071945 0.071945
0 0.246478 0.968847 0.061131 0.061131
0 0.534118 0.879898 0.061130 0.061130
0 0.559131 0.998773 0.104277 0.104277
0 0.265921 0.730391 0.104277 0.104277
0 0.441116 0.382782 0.052757 0.052757
0 0.180380 0.576026 0.061130 0.061130
0 0.309890 0.865317 0.071945 0.071945
0 0.567501 0.552219 0.061130 0.061130
0 0.664055 0.531320 0.057104 0.057104
0 0.374106 0.461831 0.071945 0.071945
0 0.160941 0.799618 0.104277 0.104277
0 0.924486 0.643654 0.057104 0.057104
0 0.261805 0.544215 0.057104 0.057104
0 0.262561 0.347071 0.061131 0.061131
0 0.572000 0.302699 0.057104 0.057104
0 0.727167 0.479272 0.062220 0.062220
0 0.232277 0.446346 0.071945 0.071945
0 0.121732 0.506528 0.071945 0.071945
0 0.053171 0.781279 0.062220 0.062220
0 0.779640 0.736592 0.062220 0.062220
0 0.359396 0.364360 0.052757 0.052757
0 0.743215 0.798159 0.062220 0.062220
0 0.295225 0.609854 0.062220 0.062220
0 0.840411 0.329375 0.071945 0.071945
0 0.564910 0.469507 0.061131 0.061131
0 0.038971 0.496693 0.052757 0.052757
0 0.339789 0.793792 0.061131 0.061131
0 0.092654 0.325657 0.071945 0.071945
0 0.955690 0.420907 0.104278 0.104278
0 0.243633 0.831110 0.061131 0.061131
0 0.512174 0.605314 0.071945 0.071945
0 0.423639 0.302575 0.062220 0.062220
0 0.116588 0.406910 0.057104 0.057104
0 0.206617 0.909273 0.052757 0.052757
0 0.705367 0.725306 0.052757 0.052757
0 0.503805 0.801636 0.057104 0.057104
0 0.111584 0.709306 0.052757 0.052757
0 0.804908 0.468699 0.052757 0.052757
0 0.358730 0.642969 0.071945 0.071945
0 0.621716 0.618844 0.052757 0.052757
0 0.439904 0.504972 0.071945 0.071945
0 0.872761 0.410177 0.062220 0.062220
0 0.175358 0.293502 0.104277 0.104277
0 0.084668 0.934688 0.104277 0.104277
0 0.641649 0.816212 0.071945 0.071945
0 0.543611 0.730783 0.062220 0.062220
0 0.742327 0.370958 0.071945 0.071945
0 0.875066 0.526214 0.052559 0.052559
0 0.370310 0.566019 0.071945 0.071945
0 0.917740 0.762571 0.062220 0.062220
0 0.375555 0.916936 0.104277 0.104277
0 0.441897 0.986373 0.052757 0.052757
0 0.610567 0.754375 0.104277 0.104277
0 0.449052 0.851917 0.071945 0.071945
0 0.463025 0.661931 0.104277 0.104277
0 0.086851 0.847537 0.057104 0.057104
0 0.193957 0.507580 0.057103 0.057103
0 0.821992 0.606020 0.071945 0.071945
0 0.977869 0.796799 0.104278 0.104278
0 0.665808 0.915117 0.104277 0.104277
0 0.346674 0.293924 0.057104 0.057104
0 0.722585 0.569810 0.052757 0.052757
0 0.329454 0.976073 0.052757 0.052757
0 0.675281 0.419152 0.061131 0.061131
0 0.744998 0.292567 0.062220 0.062220