0 0.659592 0.821352 0.104277 0.104277
0 0.616044 0.609361 0.061130 0.061130
0 0.549137 0.469690 0.104277 0.104277
0 0.610963 0.378642 0.071945 0.071945
0 0.809882 0.819028 0.062220 0.062220
0 0.762776 0.364252 0.071945 0.071945
0 0.841529 0.571110 0.104277 0.104277
0 0.516815 0.571259 0.052757 0.052757
0 0.919393 0.617635 0.071945 0.071945
0 0.846162 0.254555 0.061131 0.061131
0 0.554846 0.241743 0.104277 0.104277
0 0.061011 0.524356 0.052757 0.052757
0 0.010660 0.017677 0.062220 0.062220
0 0.653716 0.736167 0.057104 0.057104
0 0.424909 0.414199 0.062220 0.062220
0 0.689578 0.922803 0.051819 0.051819
0 0.682918 0.177714 0.052757 0.052757
0 0.335744 0.599358 0.104277 0.104277
0 0.593722 0.535898 0.061131 0.061131
0 0.869726 0.866516 0.052757 0.052757
0 0.060556 0.732186 0.057104 0.057104
0 0.626856 0.288239 0.057104 0.057104
0 0.126598 0.139353 0.071945 0.071945
0 0.931002 0.815031 0.057103 0.057103
0 0.677938 0.496393 0.052757 0.052757
0 0.173846 0.201792 0.061130 0.061130
0 0.945995 0.232195 0.104277 0.104277
0 0.351980 0.325747 0.052757 0.052757
0 0.816272 0.048605 0.062220 0.062220
0 0.734145 0.432353 0.057104 0.057104
0 0.654098 0.115153 0.057104 0.057104
0 0.846618 0.654364 0.036679 0.036679
0 0.281898 0.940318 0.052757 0.052757
0 0.762099 0.092591 0.061130 0.061130
0 0.965656 0.932371 0.104277 0.104277
0 0.105365 0.414832 0.057104 0.057104
0 0.680380 0.584975 0.057104 0.057104
0 0.765419 0.993147 0.104277 0.104277
0 0.419180 0.261656 0.052757 0.052757
0 0.760556 0.919854 0.071945 0.071945
0 0.192296 0.411089 0.057104 0.057104
0 0.990258 0.449412 0.104277 0.104277
0 0.415148 0.537608 0.071945 0.071945
0 0.705028 0.049614 0.061131 0.061131
0 0.467027 0.932563 0.052757 0.052757
0 0.895896 0.473044 0.104277 0.104277
0 0.524243 0.343939 0.071945 0.071945
0 0.986801 0.640519 0.062220 0.062220
0 0.071515 0.315294 0.057104 0.057104
0 0.433100 0.853194 0.071945 0.071945
0 0.098130 0.957633 0.071945 0.071945
0 0.894910 0.948390 0.061131 0.061131
0 0.486367 0.504057 0.057104 0.057104
0 0.218704 0.079485 0.061130 0.061130
0 0.106878 0.680819 0.071945 0.071945
0 0.842823 0.414752 0.061130 0.061130
0 0.201473 0.893447 0.062220 0.062220
0 0.317134 0.722447 0.061130 0.061130
0 0.977749 0.040275 0.061130 0.061130
0 0.921583 0.545367 0.061130 0.061130
0 0.544451 0.966570 0.052757 0.052757
0 0.490841 0.143775 0.104277 0.104277
0 0.252446 0.624708 0.061130 0.061130
0 0.223520 0.552973 0.061130 0.061130
0 0.792919 0.509235 0.062220 0.062220
0 0.004638 0.279246 0.104277 0.104277
0 0.110394 0.059171 0.057104 0.057104
0 0.402200 0.679243 0.104277 0.104277
0 0.565605 0.777116 0.071945 0.071945
0 0.263003 0.290911 0.052757 0.052757
0 0.706351 0.280265 0.062220 0.062220
0 0.255900 0.830834 0.061130 0.061130
0 0.355993 0.923370 0.057104 0.057104
0 0.248142 0.747152 0.104277 0.104277
0 0.452761 0.727780 0.104277 0.104277
0 0.431666 0.615090 0.052757 0.052757
0 0.738582 0.654778 0.062220 0.062220
0 0.144025 0.488577 0.071945 0.071945
0 0.068970 0.241547 0.062220 0.062220
0 0.158999 0.989447 0.071945 0.071945
0 0.773423 0.198116 0.071945 0.071945
0 0.383302 0.181244 0.052757 0.052757
0 0.880793 0.737474 0.104277 0.104277
0 0.029902 0.447244 0.104277 0.104277
0 0.556730 0.861032 0.057104 0.057104
0 0.039937 0.897611 0.050932 0.050932
0 0.176673 0.718725 0.052757 0.052757
0 0.340834 0.015199 0.104278 0.104278
0 0.794245 0.702696 0.071945 0.071945
0 0.153570 0.625785 0.061130 0.061130
0 0.512599 0.683840 0.052757 0.052757
0 0.366905 0.835287 0.057104 0.057104
0 0.590977 0.079370 0.062220 0.062220
0 0.176218 0.270946 0.057104 0.057104
0 0.397852 0.081110 0.062220 0.062220
0 0.276409 0.195686 0.057104 0.057104
0 0.150474 0.785751 0.061130 0.061130
0 0.012839 0.628910 0.071945 0.071945
0 0.935140 0.692843 0.061131 0.061131
0 0.140326 0.345411 0.048997 0.048997
0 0.429772 0.013481 0.071945 0.071945
0 0.343352 0.250042 0.062220 0.062220
0 0.916383 0.161777 0.057104 0.057104
0 0.339334 0.491403 0.062220 0.062220
0 0.469973 0.070407 0.052757 0.052757
0 0.111266 0.882436 0.062220 0.062220
0 0.899126 0.301715 0.057104 0.057104
0 0.342911 0.401592 0.061131 0.061131
0 0.907788 0.088078 0.104277 0.104277
0 0.977121 0.115673 0.104277 0.104277
0 0.991301 0.311931 0.052757 0.052757
0 0.058127 0.163655 0.057104 0.057104
0 0.270419 0.498397 0.071945 0.071945
0 0.731201 0.782595 0.057104 0.057104
0 0.065924 0.807991 0.071945 0.071945