0 0.651285 0.573927 0.062220 0.062220
0 0.575842 0.801143 0.052757 0.052757
0 0.570112 0.038356 0.104277 0.104277
0 0.598170 0.448312 0.057103 0.057103
0 0.767223 0.695603 0.071945 0.071945
0 0.231770 0.421598 0.104277 0.104277
0 0.814471 0.758042 0.061130 0.061130
0 0.369516 0.493957 0.052757 0.052757
0 0.992605 0.881997 0.052757 0.052757
0 0.745990 0.971082 0.057104 0.057104
0 0.832921 0.967339 0.057104 0.057104
0 0.143240 0.776022 0.104278 0.104278
0 0.802975 0.198502 0.057104 0.057104
0 0.530290 0.270450 0.104277 0.104277
0 0.514332 0.712637 0.071945 0.071945
0 0.444087 0.705552 0.057104 0.057104
0 0.339051 0.203509 0.104277 0.104277
0 0.712140 0.871544 0.057104 0.057104
0 0.549687 0.134599 0.057104 0.057104
0 0.196886 0.225340 0.062220 0.062220
0 0.208551 0.115562 0.062220 0.062220
0 0.740740 0.353633 0.057104 0.057104
0 0.498257 0.083468 0.104277 0.104277
0 0.270196 0.261861 0.062220 0.062220
0 0.859329 0.635735 0.061130 0.061130
0 0.113097 0.256615 0.104278 0.104278
0 0.773904 0.114929 0.104277 0.104277
0 0.660763 0.396068 0.052757 0.052757
0 0.413938 0.419410 0.062220 0.062220
0 0.113285 0.367370 0.071945 0.071945
0 0.586004 0.199098 0.057104 0.057104
0 0.743158 0.448133 0.057104 0.057104
0 0.645263 0.835496 0.104277 0.104277
0 0.509303 0.613674 0.057104 0.057104
0 0.751019 0.615421 0.057104 0.057104
0 0.416658 0.790803 0.057104 0.057104
0 0.113349 0.018505 0.052757 0.052757
0 0.791548 0.277462 0.052757 0.052757
0 0.862739 0.346543 0.104277 0.104277
0 0.619585 0.729758 0.104277 0.104277
0 0.903628 0.847161 0.052757 0.052757
0 0.202203 0.559861 0.062220 0.062220
0 0.634678 0.922058 0.104277 0.104277
0 0.424142 0.623057 0.052757 0.052757
0 0.618843 0.635027 0.052757 0.052757
0 0.435754 0.554348 0.061130 0.061130
0 0.804207 0.548520 0.104277 0.104277
0 0.939516 0.431717 0.061130 0.061130
0 0.629487 0.074565 0.052757 0.052757
0 0.675429 0.286148 0.057104 0.057104
0 0.504708 0.469166 0.071945 0.071945
0 0.342722 0.881789 0.061130 0.061130
0 0.926927 0.166868 0.062220 0.062220
0 0.709595 0.797797 0.062220 0.062220
0 0.487507 0.210316 0.052757 0.052757
0 0.220348 0.945940 0.061130 0.061130
0 0.283869 0.331517 0.057104 0.057104
0 0.819871 0.422241 0.061130 0.061130
0 0.347399 0.074527 0.057104 0.057104
0 0.981459 0.571449 0.104278 0.104278
0 0.984742 0.043648 0.052757 0.052757
0 0.361905 0.582493 0.061130 0.061130
0 0.145854 0.085669 0.061130 0.061130
0 0.328517 0.419679 0.062220 0.062220
0 0.506335 0.818289 0.057104 0.057104
0 0.816843 0.827196 0.057104 0.057104
0 0.235826 0.865352 0.057104 0.057104
0 0.308531 0.760463 0.104277 0.104277
0 0.119007 0.563375 0.061130 0.061130
0 0.917034 0.751936 0.057104 0.057104
0 0.862793 0.069063 0.104277 0.104277
0 0.641311 0.149050 0.061130 0.061130
0 0.506099 0.896398 0.061130 0.061130
0 0.435936 0.883677 0.062220 0.062220
0 0.780951 0.901661 0.048997 0.048997
0 0.160223 0.491383 0.061130 0.061130
0 0.351922 0.341744 0.057104 0.057104
0 0.983977 0.806292 0.062220 0.062220
0 0.207455 0.707055 0.104277 0.104277
0 0.210290 0.349093 0.052757 0.052757
0 0.881310 0.224497 0.061130 0.061130
0 0.717620 0.532843 0.057104 0.057104
0 0.916036 0.529529 0.104277 0.104277
0 0.592378 0.523192 0.104277 0.104277
0 0.165997 0.864400 0.057104 0.057104
0 0.922069 0.297410 0.061130 0.061130
0 0.283903 0.122205 0.062220 0.062220
0 0.983536 0.957842 0.061131 0.061131
0 0.404497 0.968217 0.071945 0.071945
0 0.616505 0.328269 0.062220 0.062220
0 0.967515 0.236220 0.071945 0.071945
0 0.245837 0.497065 0.071945 0.071945
0 0.715698 0.023211 0.057104 0.057104
0 0.558310 0.996038 0.104277 0.104277
0 0.324436 0.961141 0.071945 0.071945
0 0.314687 0.684000 0.061130 0.061130
0 0.397775 0.251425 0.104277 0.104277
0 0.516316 0.387124 0.052757 0.052757
0 0.403177 0.131720 0.057104 0.057104
0 0.698752 0.719905 0.057104 0.057104
0 0.463567 0.312581 0.062220 0.062220
0 0.117757 0.652807 0.071945 0.071945
0 0.150308 0.170468 0.061130 0.061130
0 0.282709 0.620190 0.062220 0.062220