0 0.204713 0.928642 0.071945 0.071945
0 0.356526 0.914252 0.071945 0.071945
0 0.407432 0.463286 0.104277 0.104277
0 0.439912 0.804555 0.061131 0.061131
0 0.597534 0.427814 0.104277 0.104277
0 0.148596 0.791743 0.104277 0.104277
0 0.641723 0.624062 0.057104 0.057104
0 0.510989 0.074144 0.062220 0.062220
0 0.768176 0.829022 0.062221 0.062221
0 0.643967 0.072091 0.057104 0.057104
0 0.657082 0.792027 0.104277 0.104277
0 0.734108 0.585941 0.104277 0.104277
0 0.560564 0.337571 0.057104 0.057104
0 0.488724 0.189054 0.104277 0.104277
0 0.471027 0.540950 0.104277 0.104277
0 0.018659 0.964199 0.062220 0.062220
0 0.276668 0.727714 0.052757 0.052757
0 0.473918 0.379530 0.061131 0.061131
0 0.483726 0.003437 0.052757 0.052757
0 0.220606 0.838239 0.057104 0.057104
0 0.357134 0.303063 0.071945 0.071945
0 0.539745 0.782195 0.104277 0.104277
0 0.574143 0.203342 0.062220 0.062220
0 0.410022 0.598605 0.062220 0.062220
0 0.327895 0.982353 0.057104 0.057104
0 0.247848 0.665153 0.057104 0.057104
0 0.244695 0.504328 0.052757 0.052757
0 0.718444 0.935110 0.052757 0.052757
0 0.355849 0.642591 0.061130 0.061130
0 0.632300 0.324593 0.071945 0.071945
0 0.714097 0.095134 0.071945 0.071945
0 0.070718 0.491631 0.061131 0.061131
0 0.658357 0.895921 0.062221 0.062221
0 0.575885 0.023747 0.071945 0.071945
0 0.012930 0.811656 0.052757 0.052757
0 0.659987 0.701409 0.071945 0.071945
0 0.596902 0.931550 0.052757 0.052757
0 0.565712 0.515400 0.061130 0.061130
0 0.584008 0.999412 0.104277 0.104277
0 0.005844 0.412938 0.062220 0.062220
0 0.298778 0.599614 0.061131 0.061131
0 0.117993 0.893939 0.071945 0.071945
0 0.348005 0.533067 0.057104 0.057104
0 0.763032 0.033347 0.071945 0.071945
0 0.414919 0.126872 0.071945 0.071945
0 0.265368 0.008023 0.061130 0.061130
0 0.290381 0.126898 0.104277 0.104277
0 0.758410 0.454977 0.057104 0.057104
0 0.414297 0.258575 0.104277 0.104277
0 0.706385 0.202275 0.104278 0.104278
0 0.436573 0.964752 0.061130 0.061130
0 0.571499 0.590275 0.061130 0.061130
0 0.103223 0.242356 0.071945 0.071945
0 0.084591 0.693775 0.104277 0.104277
0 0.300101 0.830265 0.062220 0.062220
0 0.117031 0.376770 0.061131 0.061131
0 0.188008 0.207715 0.062220 0.062220
0 0.710742 0.508979 0.052757 0.052757
0 0.206570 0.447149 0.057104 0.057104
0 0.367173 0.748116 0.071945 0.071945
0 0.330056 0.405773 0.071945 0.071945
0 0.017501 0.232219 0.061131 0.061131
0 0.184727 0.629370 0.062220 0.062220
0 0.777999 0.980351 0.071945 0.071945
0 0.747828 0.284317 0.057104 0.057104
0 0.628768 0.254437 0.057104 0.057104
0 0.486138 0.278323 0.052757 0.052757
0 0.236188 0.380197 0.052757 0.052757
0 0.023522 0.563481 0.071945 0.071945
0 0.755546 0.679548 0.104277 0.104277
0 0.267153 0.223354 0.057104 0.057104
0 0.510133 0.711777 0.057104 0.057104
0 0.200956 0.297040 0.057104 0.057104
0 0.106805 0.045061 0.104277 0.104277
0 0.063723 0.620407 0.052757 0.052757
0 0.492876 0.851715 0.057104 0.057104
0 0.173147 0.114498 0.052757 0.052757
0 0.052175 0.333181 0.071945 0.071945
0 0.501538 0.638078 0.104277 0.104277
0 0.728530 0.387782 0.061130 0.061130
0 0.397058 0.043242 0.104277 0.104277
0 0.570871 0.665673 0.104277 0.104277
0 0.585051 0.861931 0.052757 0.052757
0 0.060704 0.104198 0.052757 0.052757
0 0.355139 0.221352 0.062220 0.062220
0 0.152532 0.506790 0.061131 0.061131