0 0.066183 0.838479 0.062220 0.062220
0 0.027957 0.644455 0.062220 0.062220
0 0.517345 0.361282 0.071945 0.071945
0 0.718889 0.971933 0.052757 0.052757
0 0.792466 0.329261 0.071945 0.071945
0 0.318958 0.206627 0.104277 0.104277
0 0.824594 0.444631 0.052757 0.052757
0 0.526029 0.731614 0.061130 0.061130
0 0.968754 0.668119 0.062220 0.062220
0 0.561743 0.117599 0.061130 0.061130
0 0.968021 0.242576 0.104277 0.104277
0 0.053937 0.287821 0.052757 0.052757
0 0.952110 0.838312 0.052757 0.052757
0 0.588156 0.839706 0.104277 0.104277
0 0.065629 0.374370 0.104277 0.104277
0 0.412093 0.627995 0.104277 0.104277
0 0.370954 0.749606 0.104277 0.104277
0 0.257470 0.791580 0.071945 0.071945
0 0.734687 0.079475 0.071945 0.071945
0 0.301811 0.051537 0.052757 0.052757
0 0.415494 0.380737 0.062220 0.062220
0 0.045362 0.200400 0.104277 0.104277
0 0.378118 0.126672 0.071945 0.071945
0 0.127719 0.132198 0.104277 0.104277
0 0.844909 0.690915 0.104277 0.104277
0 0.051886 0.101258 0.061130 0.061130
0 0.440847 0.552995 0.057104 0.057104
0 0.935017 0.405695 0.104277 0.104277
0 0.984367 0.948036 0.061130 0.061130
0 0.890156 0.596814 0.071945 0.071945
0 0.813395 0.198333 0.104277 0.104277
0 0.450971 0.907605 0.062220 0.062220
0 0.931174 0.009526 0.071945 0.071945
0 0.509194 0.535431 0.104277 0.104277
0 0.926408 0.749573 0.052757 0.052757
0 0.666856 0.832623 0.062220 0.062220
0 0.394547 0.476493 0.061130 0.061130
0 0.273852 0.518367 0.057104 0.057104
0 0.178827 0.278253 0.104277 0.104277
0 0.016224 0.543315 0.062220 0.062220
0 0.873877 0.136831 0.057104 0.057104
0 0.916844 0.310506 0.062220 0.062220
0 0.669586 0.437693 0.052757 0.052757
0 0.816594 0.068615 0.062220 0.062220
0 0.211368 0.625125 0.057104 0.057104
0 0.327344 0.655216 0.104277 0.104277
0 0.121433 0.981271 0.071945 0.071945
0 0.058113 0.451525 0.057104 0.057104
0 0.788329 0.825443 0.062220 0.062220
0 0.636803 0.624561 0.071945 0.071945
0 0.266781 0.864545 0.071945 0.071945
0 0.846807 0.539570 0.102474 0.102474
0 0.074030 0.909281 0.057104 0.057104
0 0.887696 0.896690 0.071945 0.071945
0 0.455991 0.202961 0.052757 0.052757
0 0.741143 0.531745 0.104277 0.104277
0 0.094659 0.586968 0.057104 0.057104
0 0.266015 0.125716 0.104277 0.104277
0 0.418649 0.068966 0.052757 0.052757
0 0.789546 0.996484 0.104277 0.104277
0 0.749967 0.265537 0.062220 0.062220
0 0.593654 0.341087 0.061131 0.061131
0 0.037874 0.988934 0.052757 0.052757
0 0.116480 0.211348 0.061130 0.061130
0 0.552047 0.269538 0.071945 0.071945
0 0.340248 0.388087 0.062220 0.062220
0 0.581486 0.003391 0.061130 0.061130
0 0.874193 0.993371 0.104277 0.104277
0 0.555193 0.592398 0.057104 0.057104
0 0.292889 0.728937 0.057104 0.057104
0 0.367915 0.545925 0.104277 0.104277
0 0.161049 0.772601 0.062220 0.062220
0 0.236576 0.239708 0.071945 0.071945
0 0.281868 0.981667 0.057104 0.057104
0 0.695797 0.898376 0.062220 0.062220
0 0.670877 0.346809 0.052757 0.052757
0 0.025589 0.771360 0.104277 0.104277
0 0.380423 0.306347 0.061130 0.061130
0 0.038322 0.028852 0.052757 0.052757
0 0.188496 0.065137 0.057104 0.057104
0 0.650548 0.996947 0.052757 0.052757
0 0.653986 0.553919 0.062220 0.062220
0 0.187437 0.900538 0.061130 0.061130
0 0.598409 0.733678 0.104277 0.104277
0 0.190961 0.495656 0.062220 0.062220
0 0.168306 0.349512 0.071945 0.071945
0 0.325860 0.815690 0.062220 0.062220
0 0.510404 0.961408 0.052757 0.052757
0 0.782391 0.923344 0.052757 0.052757
0 0.393316 0.000276 0.104277 0.104277
0 0.426502 0.697331 0.062220 0.062220
0 0.748503 0.160570 0.052757 0.052757
0 0.300715 0.586678 0.071945 0.071945
0 0.660550 0.212434 0.052757 0.052757
0 0.602026 0.909238 0.061131 0.061131
0 0.480087 0.278821 0.057104 0.057104
0 0.950560 0.145974 0.061131 0.061131
0 0.856197 0.010237 0.057104 0.057104
0 0.577351 0.659400 0.104277 0.104277
0 0.851467 0.796511 0.052757 0.052757
0 0.747572 0.438870 0.055027 0.055027
0 0.879764 0.239692 0.061131 0.061131
0 0.538263 0.467783 0.062220 0.062220
0 0.420789 0.992318 0.061130 0.061130
0 0.957601 0.543048 0.104277 0.104277
0 0.393630 0.233811 0.050559 0.050559
0 0.687852 0.731946 0.052757 0.052757
0 0.522769 0.176590 0.061130 0.061130
0 0.208032 0.708158 0.052757 0.052757
0 0.494253 0.624746 0.071945 0.071945
0 0.362782 0.895803 0.061131 0.061131
0 0.142379 0.010692 0.104277 0.104277
0 0.650840 0.091515 0.071945 0.071945
0 0.610302 0.480593 0.104277 0.104277
0 0.774312 0.624850 0.061130 0.061130
0 0.452803 0.824856 0.104277 0.104277
0 0.134807 0.703436 0.052757 0.052757
0 0.168479 0.568822 0.061130 0.061130
0 0.763749 0.000090 0.104277 0.104277
0 0.488192 0.043579 0.104277 0.104277
0 0.252685 0.363493 0.052757 0.052757