0 0.974755 0.200492 0.071945 0.071945
0 0.769932 0.703911 0.104277 0.104277
0 0.960034 0.668439 0.104277 0.104277
0 0.873489 0.314769 0.062220 0.062220
0 0.923064 0.578196 0.057104 0.057104
0 0.851224 0.429679 0.104277 0.104277
0 0.833527 0.781575 0.104277 0.104277
0 0.639168 0.968339 0.052757 0.052757
0 0.836418 0.620155 0.061131 0.061131
0 0.846226 0.244062 0.052757 0.052757
0 0.082848 0.929978 0.071945 0.071945
0 0.719634 0.543688 0.071945 0.071945
0 0.130096 0.992417 0.061130 0.061130
0 0.936643 0.443967 0.062220 0.062220
0 0.772522 0.839230 0.062220 0.062220
0 0.610348 0.905778 0.057104 0.057104
0 0.607195 0.744953 0.052757 0.052757
0 0.718349 0.883216 0.061130 0.061130
0 0.994800 0.565218 0.071945 0.071945
0 0.090819 0.028540 0.062220 0.062220
0 0.433218 0.732256 0.061131 0.061131
0 0.237393 0.005552 0.070161 0.070161
0 0.938385 0.264372 0.071945 0.071945
0 0.118600 0.432877 0.057104 0.057104
0 0.928212 0.756025 0.061130 0.061130
0 0.368344 0.653563 0.062220 0.062220
0 0.661278 0.840239 0.061131 0.061131
0 0.710505 0.773692 0.057104 0.057104
0 0.507307 0.096749 0.071945 0.071945
0 0.788706 0.004125 0.061130 0.061130
0 0.323100 0.035305 0.062220 0.062220
0 0.777419 0.367497 0.071945 0.071945
0 0.340228 0.337597 0.061131 0.061131
0 0.627868 0.248648 0.061130 0.061130
0 0.652881 0.367523 0.104277 0.104277
0 0.359671 0.099141 0.104277 0.104277
0 0.056365 0.588008 0.057104 0.057104
0 0.403640 0.234067 0.071945 0.071945
0 0.776797 0.499200 0.104277 0.104277
0 0.174954 0.870110 0.061130 0.061130
0 0.933999 0.830900 0.061130 0.061130
0 0.089529 0.349304 0.104277 0.104277
0 0.254691 0.168368 0.104277 0.104277
0 0.047304 0.170152 0.062220 0.062220
0 0.465723 0.482981 0.071945 0.071945
0 0.447091 0.934400 0.104277 0.104277
0 0.058783 0.682508 0.057104 0.057104
0 0.066644 0.849796 0.057104 0.057104
0 0.107173 0.511837 0.052757 0.052757
0 0.178364 0.580918 0.104277 0.104277
0 0.146921 0.150029 0.062220 0.062220
0 0.479531 0.617395 0.061131 0.061131
0 0.119832 0.782895 0.104277 0.104277
0 0.255141 0.666092 0.061130 0.061130
0 0.337627 0.563880 0.104277 0.104277
0 0.873390 0.105342 0.062220 0.062220
0 0.836965 0.166909 0.062220 0.062220
0 0.550508 0.448340 0.062220 0.062220
0 0.242552 0.401243 0.062220 0.062220
0 0.569070 0.687774 0.057104 0.057104
0 0.433539 0.162542 0.061131 0.061131
0 0.729673 0.988741 0.071945 0.071945
0 0.339552 0.971869 0.052757 0.052757
0 0.332319 0.742206 0.062220 0.062220
0 0.337383 0.199860 0.061131 0.061131
0 0.692556 0.646398 0.071945 0.071945
0 0.135496 0.656616 0.061130 0.061130
0 0.297084 0.805824 0.104278 0.104278
0 0.300367 0.278023 0.052757 0.052757
0 0.380001 0.472844 0.061131 0.061131
0 0.799117 0.094056 0.052757 0.052757
0 0.597555 0.170386 0.057104 0.057104
0 0.205334 0.078056 0.052757 0.052757
0 0.547227 0.869995 0.062220 0.062220
0 0.452480 0.011719 0.071945 0.071945
0 0.991268 0.495062 0.057104 0.057104
0 0.848638 0.518948 0.052757 0.052757
0 0.354102 0.871735 0.062220 0.062220
0 0.232659 0.986311 0.057104 0.057104
0 0.178418 0.303438 0.104277 0.104277
0 0.598688 0.620822 0.052757 0.052757
0 0.386022 0.804106 0.071945 0.071945
0 0.735399 0.184962 0.071945 0.071945
0 0.083987 0.108004 0.057104 0.057104
0 0.637361 0.099533 0.062220 0.062220
0 0.629653 0.463979 0.057104 0.057104
0 0.872633 0.952402 0.057104 0.057104
0 0.196935 0.458872 0.061130 0.061130
0 0.033245 0.767218 0.057104 0.057104
0 0.231661 0.763904 0.104277 0.104277
0 0.563456 0.537665 0.057104 0.057104
0 0.469305 0.285686 0.104277 0.104277
0 0.426223 0.861032 0.052757 0.052757
0 0.237694 0.531785 0.061130 0.061130
0 0.535647 0.355123 0.052757 0.052757
0 0.414675 0.573806 0.071945 0.071945
0 0.704317 0.123125 0.104277 0.104277
0 0.542802 0.220667 0.071945 0.071945
0 0.864038 0.878703 0.104277 0.104277
0 0.556775 0.030681 0.104277 0.104277
0 0.180601 0.216287 0.057104 0.057104
0 0.283140 0.470595 0.071945 0.071945
0 0.031323 0.257586 0.057104 0.057104
0 0.759558 0.283867 0.104277 0.104277
0 0.933371 0.906298 0.104277 0.104277
0 0.014377 0.954280 0.057104 0.057104
0 0.423204 0.344823 0.052757 0.052757
0 0.717639 0.461977 0.062220 0.062220
0 0.515032 0.747415 0.061131 0.061131