0 0.952880 0.331742 0.071945 0.071945
0 0.748057 0.835161 0.104277 0.104277
0 0.938159 0.799689 0.104277 0.104277
0 0.982348 0.995937 0.057104 0.057104
0 0.851614 0.446019 0.062220 0.062220
0 0.984592 0.443966 0.057104 0.057104
0 0.901189 0.709446 0.057104 0.057104
0 0.829349 0.560929 0.104277 0.104277
0 0.811652 0.912825 0.104277 0.104277
0 0.814543 0.751405 0.061131 0.061131
0 0.114870 0.100948 0.062220 0.062220
0 0.824351 0.375312 0.052757 0.052757
0 0.697759 0.674938 0.071945 0.071945
0 0.914768 0.575217 0.062220 0.062220
0 0.750647 0.970480 0.062220 0.062220
0 0.585320 0.876203 0.052757 0.052757
0 0.972925 0.696468 0.071945 0.071945
0 0.068944 0.159790 0.062220 0.062220
0 0.411343 0.863506 0.061131 0.061131
0 0.215518 0.136802 0.070161 0.070161
0 0.916510 0.395622 0.071945 0.071945
0 0.096725 0.564127 0.057104 0.057104
0 0.906337 0.887275 0.061130 0.061130
0 0.346469 0.784813 0.062220 0.062220
0 0.639403 0.971489 0.061131 0.061131
0 0.688630 0.904942 0.057104 0.057104
0 0.485432 0.227999 0.071945 0.071945
0 0.766831 0.135375 0.061130 0.061130
0 0.004919 0.107926 0.071945 0.071945
0 0.301225 0.166555 0.062220 0.062220
0 0.755544 0.498747 0.071945 0.071945
0 0.318353 0.468847 0.061131 0.061131
0 0.605993 0.379898 0.061130 0.061130
0 0.631006 0.498773 0.104277 0.104277
0 0.337796 0.230391 0.104277 0.104277
0 0.252255 0.076026 0.061130 0.061130
0 0.034490 0.719258 0.057104 0.057104
0 0.381765 0.365317 0.071945 0.071945
0 0.754922 0.630450 0.104277 0.104277
0 0.912124 0.962150 0.061130 0.061130
0 0.639376 0.052219 0.061130 0.061130
0 0.067654 0.480554 0.104277 0.104277
0 0.735930 0.031320 0.057104 0.057104
0 0.232816 0.299618 0.104277 0.104277
0 0.996361 0.143654 0.057104 0.057104
0 0.333680 0.044215 0.057104 0.057104
0 0.025429 0.301402 0.062220 0.062220
0 0.443848 0.614231 0.071945 0.071945
0 0.036908 0.813758 0.057104 0.057104
0 0.044769 0.981046 0.057104 0.057104
0 0.193607 0.006528 0.071945 0.071945
0 0.085298 0.643087 0.052757 0.052757
0 0.156489 0.712168 0.104277 0.104277
0 0.125046 0.281279 0.062220 0.062220
0 0.457656 0.748645 0.061131 0.061131
0 0.097957 0.914145 0.104277 0.104277
0 0.233266 0.797342 0.061130 0.061130
0 0.315752 0.695130 0.104277 0.104277
0 0.851515 0.236592 0.062220 0.062220
0 0.815090 0.298159 0.062220 0.062220
0 0.367100 0.109854 0.062220 0.062220
0 0.528633 0.579590 0.062220 0.062220
0 0.220677 0.532493 0.062220 0.062220
0 0.547195 0.819024 0.057104 0.057104
0 0.411664 0.293792 0.061131 0.061131
0 0.310444 0.873456 0.062220 0.062220
0 0.315508 0.331110 0.061131 0.061131
0 0.584049 0.105314 0.071945 0.071945
0 0.670681 0.777648 0.071945 0.071945
0 0.113621 0.787866 0.061130 0.061130
0 0.275209 0.937074 0.104278 0.104278
0 0.278492 0.409273 0.052757 0.052757
0 0.358126 0.604094 0.061131 0.061131
0 0.777242 0.225306 0.052757 0.052757
0 0.575680 0.301636 0.057104 0.057104
0 0.183459 0.209306 0.052757 0.052757
0 0.430605 0.142969 0.071945 0.071945
0 0.969393 0.626312 0.057104 0.057104
0 0.693591 0.118844 0.052757 0.052757
0 0.826763 0.650198 0.052757 0.052757
0 0.511779 0.004972 0.071945 0.071945
0 0.156543 0.434688 0.104277 0.104277
0 0.576813 0.752072 0.052757 0.052757
0 0.364147 0.935356 0.071945 0.071945
0 0.713524 0.316212 0.071945 0.071945
0 0.062112 0.239254 0.057104 0.057104
0 0.615486 0.230783 0.062220 0.062220
0 0.020641 0.004117 0.104277 0.104277
0 0.946941 0.026214 0.052559 0.052559
0 0.607778 0.595229 0.057104 0.057104
0 0.175060 0.590122 0.061130 0.061130
0 0.011370 0.898468 0.057104 0.057104
0 0.442185 0.066019 0.071945 0.071945
0 0.209786 0.895154 0.104277 0.104277
0 0.989615 0.262571 0.062220 0.062220
0 0.541581 0.668915 0.057104 0.057104
0 0.447430 0.416936 0.104277 0.104277
0 0.404348 0.992282 0.052757 0.052757
0 0.215819 0.663035 0.061130 0.061130
0 0.513772 0.486373 0.052757 0.052757
0 0.392800 0.705056 0.071945 0.071945
0 0.682442 0.254375 0.104277 0.104277
0 0.520927 0.351917 0.071945 0.071945
0 0.534900 0.161931 0.104277 0.104277
0 0.158726 0.347537 0.057104 0.057104
0 0.261265 0.601845 0.071945 0.071945
0 0.265832 0.007580 0.057103 0.057103
0 0.893867 0.106020 0.071945 0.071945
0 0.009448 0.388836 0.057104 0.057104
0 0.737683 0.415117 0.104277 0.104277
0 0.794460 0.069810 0.052757 0.052757
0 0.401329 0.476073 0.052757 0.052757
0 0.695764 0.593227 0.062220 0.062220
0 0.493157 0.878665 0.061131 0.061131