0 0.304920 0.836351 0.062220 0.062220
0 0.847677 0.107005 0.104278 0.104278
0 0.612332 0.981955 0.062220 0.062220
0 0.903333 0.544127 0.104277 0.104277
0 0.965821 0.268353 0.052757 0.052757
0 0.638312 0.625321 0.052757 0.052757
0 0.650004 0.711870 0.104277 0.104277
0 0.490354 0.259328 0.061130 0.061130
0 0.996468 0.965495 0.104277 0.104277
0 0.247249 0.891233 0.071945 0.071945
0 0.865115 0.217810 0.052757 0.052757
0 0.886186 0.389037 0.052757 0.052757
0 0.999869 0.718237 0.062220 0.062220
0 0.629737 0.537900 0.104277 0.104277
0 0.962493 0.464172 0.071945 0.071945
0 0.712094 0.469698 0.104277 0.104277
0 0.636261 0.438758 0.061130 0.061130
0 0.500322 0.023662 0.057104 0.057104
0 0.101671 0.924359 0.061130 0.061130
0 0.543332 0.336715 0.104277 0.104277
0 0.378537 0.842413 0.061130 0.061130
0 0.358953 0.754530 0.052757 0.052757
0 0.978922 0.813993 0.061130 0.061130
0 0.858227 0.855867 0.057104 0.057104
0 0.763202 0.615753 0.104277 0.104277
0 0.519755 0.755357 0.061130 0.061130
0 0.600599 0.880815 0.062220 0.062220
0 0.215789 0.466049 0.061130 0.061130
0 0.797523 0.018443 0.052757 0.052757
0 0.795743 0.962625 0.057104 0.057104
0 0.203213 0.004515 0.071945 0.071945
0 0.018260 0.584661 0.104278 0.104278
0 0.911719 0.992716 0.104277 0.104277
0 0.341818 0.109037 0.104277 0.104277
0 0.262249 0.177961 0.052757 0.052757
0 0.642488 0.789025 0.057104 0.057104
0 0.460286 0.990468 0.062220 0.062220
0 0.485204 0.178198 0.104277 0.104277
0 0.558684 0.576680 0.052757 0.052757
0 0.982652 0.010688 0.052757 0.052757
0 0.174817 0.172159 0.052757 0.052757
0 0.679034 0.924468 0.057104 0.057104
0 0.421159 0.260255 0.052757 0.052757
0 0.850390 0.463216 0.104277 0.104277
0 0.797687 0.324862 0.057104 0.057104
0 0.491109 0.836569 0.061130 0.061130
0 0.700855 0.548848 0.061130 0.061130
0 0.375686 0.479399 0.104278 0.104278
0 0.924623 0.725587 0.062220 0.062220
0 0.442535 0.457790 0.052757 0.052757
0 0.722402 0.136916 0.061130 0.061130
0 0.613755 0.035758 0.071945 0.071945
0 0.780404 0.251454 0.052757 0.052757
0 0.083644 0.636867 0.062220 0.062220
0 0.952290 0.883425 0.104277 0.104277
0 0.234976 0.724091 0.062220 0.062220
0 0.451996 0.712814 0.057104 0.057104
0 0.820951 0.577208 0.071945 0.071945
0 0.602659 0.204051 0.061130 0.061130
0 0.573328 0.120386 0.062220 0.062220
0 0.041630 0.268563 0.061130 0.061130
0 0.964798 0.643847 0.061130 0.061130
0 0.622697 0.366352 0.052757 0.052757
0 0.772871 0.402637 0.057104 0.057104
0 0.408414 0.580283 0.057104 0.057104
0 0.276456 0.067040 0.104277 0.104277
0 0.117412 0.817973 0.104278 0.104278
0 0.335689 0.546663 0.071945 0.071945
0 0.236050 0.811437 0.052757 0.052757
0 0.775336 0.833156 0.062220 0.062220
0 0.752681 0.687012 0.071945 0.071945
0 0.274274 0.626229 0.052757 0.052757
0 0.466570 0.622121 0.071945 0.071945
0 0.168953 0.865955 0.057104 0.057104
0 0.871618 0.001495 0.057104 0.057104
0 0.971219 0.079111 0.062220 0.062220
0 0.202531 0.534633 0.057104 0.057104
0 0.173028 0.612455 0.104277 0.104277
0 0.977691 0.337776 0.104277 0.104277
0 0.128675 0.064741 0.052757 0.052757
0 0.885090 0.924178 0.071945 0.071945
0 0.713978 0.213551 0.104277 0.104277
0 0.674624 0.067572 0.071945 0.071945
0 0.917522 0.135200 0.104277 0.104277
0 0.134155 0.731980 0.104277 0.104277
0 0.124609 0.513015 0.071945 0.071945
0 0.415690 0.131639 0.071945 0.071945
0 0.346099 0.657014 0.052757 0.052757
0 0.416019 0.030372 0.071945 0.071945
0 0.094879 0.151951 0.104277 0.104277
0 0.105985 0.406018 0.057104 0.057104
0 0.978005 0.571311 0.050559 0.050559
0 0.288987 0.394654 0.104277 0.104277
0 0.339130 0.238889 0.104277 0.104277
0 0.879647 0.306867 0.061131 0.061131
0 0.726754 0.348192 0.104277 0.104277
0 0.329636 0.015191 0.052757 0.052757
0 0.244803 0.313666 0.052757 0.052757
0 0.328374 0.949582 0.057104 0.057104
0 0.049136 0.857969 0.062220 0.062220
0 0.049310 0.785534 0.057104 0.057104
0 0.124032 0.228455 0.104277 0.104277
0 0.213692 0.386302 0.061130 0.061130
0 0.337035 0.329252 0.062220 0.062220
0 0.403545 0.364294 0.071945 0.071945
0 0.801659 0.176919 0.071945 0.071945
0 0.632652 0.287948 0.061130 0.061130
0 0.752854 0.906322 0.061130 0.061130
0 0.041538 0.510734 0.052757 0.052757
0 0.424335 0.925666 0.104277 0.104277
0 0.533167 0.475398 0.104277 0.104277
0 0.014139 0.171186 0.071945 0.071945
0 0.306718 0.470670 0.052757 0.052757
0 0.837060 0.700993 0.052757 0.052757
0 0.497319 0.096340 0.071945 0.071945
0 0.115727 0.299797 0.104277 0.104277
0 0.572451 0.645658 0.104277 0.104277