0 0.554713 0.938017 0.071945 0.071945
0 0.706526 0.923627 0.071945 0.071945
0 0.757432 0.472661 0.104277 0.104277
0 0.789912 0.813930 0.061131 0.061131
0 0.947534 0.437189 0.104277 0.104277
0 0.498596 0.801118 0.104277 0.104277
0 0.991723 0.633437 0.057104 0.057104
0 0.860989 0.083519 0.062220 0.062220
0 0.993967 0.081466 0.057104 0.057104
0 0.910564 0.346946 0.057104 0.057104
0 0.838724 0.198429 0.104277 0.104277
0 0.821027 0.550325 0.104277 0.104277
0 0.368659 0.973574 0.062220 0.062220
0 0.626668 0.737089 0.052757 0.052757
0 0.823918 0.388905 0.061131 0.061131
0 0.833726 0.012812 0.052757 0.052757
0 0.570606 0.847614 0.057104 0.057104
0 0.070348 0.698728 0.071945 0.071945
0 0.707134 0.312438 0.071945 0.071945
0 0.117596 0.761167 0.061130 0.061130
0 0.889745 0.791570 0.104277 0.104277
0 0.924143 0.212717 0.062220 0.062220
0 0.295730 0.885122 0.052757 0.052757
0 0.760022 0.607980 0.062220 0.062220
0 0.677895 0.991728 0.057104 0.057104
0 0.597848 0.674528 0.057104 0.057104
0 0.594695 0.513703 0.052757 0.052757
0 0.705849 0.651966 0.061130 0.061130
0 0.982300 0.333968 0.071945 0.071945
0 0.420718 0.501006 0.061131 0.061131
0 0.049115 0.974207 0.057104 0.057104
0 0.925885 0.033122 0.071945 0.071945
0 0.362930 0.821031 0.052757 0.052757
0 0.136046 0.970464 0.057104 0.057104
0 0.106100 0.201627 0.057104 0.057104
0 0.946902 0.940925 0.052757 0.052757
0 0.915712 0.524775 0.061130 0.061130
0 0.355844 0.422313 0.062220 0.062220
0 0.648778 0.608989 0.061131 0.061131
0 0.467993 0.903314 0.071945 0.071945
0 0.698005 0.542442 0.057104 0.057104
0 0.764919 0.136247 0.071945 0.071945
0 0.327728 0.106347 0.061131 0.061131
0 0.615368 0.017398 0.061130 0.061130
0 0.015265 0.874669 0.057104 0.057104
0 0.640381 0.136273 0.104277 0.104277
0 0.043865 0.356758 0.057104 0.057104
0 0.391140 0.002817 0.071945 0.071945
0 0.764297 0.267950 0.104277 0.104277
0 0.162454 0.638860 0.061130 0.061130
0 0.786573 0.974127 0.061130 0.061130
0 0.921499 0.599650 0.061130 0.061130
0 0.077029 0.118054 0.104277 0.104277
0 0.453223 0.251731 0.071945 0.071945
0 0.434591 0.703150 0.104277 0.104277
0 0.046283 0.451258 0.057104 0.057104
0 0.054144 0.618546 0.057104 0.057104
0 0.094673 0.280587 0.052757 0.052757
0 0.165864 0.349668 0.104277 0.104277
0 0.206753 0.850286 0.052757 0.052757
0 0.650101 0.839640 0.062220 0.062220
0 0.467031 0.386145 0.061131 0.061131
0 0.107332 0.551645 0.104277 0.104277
0 0.242641 0.434842 0.061130 0.061130
0 0.325127 0.332630 0.104277 0.104277
0 0.538008 0.217090 0.062220 0.062220
0 0.230052 0.169993 0.062220 0.062220
0 0.556570 0.456524 0.057104 0.057104
0 0.012720 0.800922 0.062220 0.062220
0 0.717173 0.757491 0.071945 0.071945
0 0.327052 0.740619 0.052757 0.052757
0 0.319819 0.510956 0.062220 0.062220
0 0.680056 0.415148 0.071945 0.071945
0 0.122996 0.425366 0.061130 0.061130
0 0.284584 0.574574 0.104278 0.104278
0 0.287867 0.046773 0.052757 0.052757
0 0.367501 0.241594 0.061131 0.061131
0 0.534727 0.638745 0.062220 0.062220
0 0.119968 0.830321 0.057104 0.057104
0 0.978768 0.263812 0.057104 0.057104
0 0.836138 0.287698 0.052757 0.052757
0 0.341602 0.640485 0.062220 0.062220
0 0.220159 0.755061 0.057104 0.057104
0 0.165918 0.072188 0.104277 0.104277
0 0.586188 0.389572 0.052757 0.052757
0 0.084076 0.904786 0.048997 0.048997
0 0.373522 0.572856 0.071945 0.071945
0 0.287102 0.809417 0.062220 0.062220
0 0.617153 0.232729 0.057104 0.057104
0 0.860133 0.721152 0.057104 0.057104
0 0.184435 0.227622 0.061130 0.061130
0 0.020745 0.535968 0.057104 0.057104
0 0.219161 0.532654 0.104277 0.104277
0 0.550956 0.306415 0.057104 0.057104
0 0.456805 0.054436 0.104277 0.104277
0 0.413723 0.629782 0.052757 0.052757
0 0.842876 0.861090 0.057104 0.057104
0 0.225194 0.300535 0.061130 0.061130
0 0.523147 0.123873 0.052757 0.052757
0 0.286661 0.960967 0.061131 0.061131
0 0.402175 0.342556 0.071945 0.071945
0 0.851538 0.647453 0.104277 0.104277
0 0.270640 0.239345 0.071945 0.071945
0 0.018823 0.026336 0.057104 0.057104
0 0.747058 0.052617 0.104277 0.104277
0 0.920871 0.675048 0.104277 0.104277
0 0.935051 0.871306 0.052757 0.052757
0 0.001877 0.723030 0.057104 0.057104
0 0.410704 0.113573 0.052757 0.052757
0 0.705139 0.230727 0.062220 0.062220
0 0.502532 0.516165 0.061131 0.061131