0 0.084083 0.906863 0.052757 0.052757
0 0.636011 0.646231 0.052757 0.052757
0 0.585660 0.139552 0.062220 0.062220
0 0.999909 0.536074 0.062220 0.062220
0 0.910744 0.721233 0.104277 0.104277
0 0.510217 0.366768 0.052757 0.052757
0 0.057002 0.567911 0.071945 0.071945
0 0.532545 0.013937 0.057103 0.057103
0 0.635556 0.854061 0.057104 0.057104
0 0.701598 0.261228 0.071945 0.071945
0 0.748846 0.323667 0.061130 0.061130
0 0.303891 0.059582 0.052757 0.052757
0 0.049918 0.977108 0.062220 0.062220
0 0.926980 0.447622 0.052757 0.052757
0 0.680365 0.536707 0.057104 0.057104
0 0.994180 0.383531 0.052757 0.052757
0 0.767296 0.532964 0.057104 0.057104
0 0.077615 0.341647 0.104278 0.104278
0 0.990148 0.659483 0.071945 0.071945
0 0.448707 0.278262 0.071945 0.071945
0 0.378462 0.271177 0.057104 0.057104
0 0.646515 0.437169 0.057104 0.057104
0 0.193139 0.778383 0.071945 0.071945
0 0.382963 0.961012 0.061130 0.061130
0 0.186205 0.707927 0.071945 0.071945
0 0.793704 0.201360 0.061130 0.061130
0 0.681878 0.802694 0.071945 0.071945
0 0.892134 0.844322 0.061130 0.061130
0 0.381994 0.604937 0.071945 0.071945
0 0.827446 0.746583 0.061130 0.061130
0 0.798520 0.674848 0.061130 0.061130
0 0.677533 0.013758 0.057104 0.057104
0 0.579638 0.401121 0.104277 0.104277
0 0.443678 0.179299 0.057104 0.057104
0 0.685394 0.181046 0.057104 0.057104
0 0.351033 0.356428 0.057104 0.057104
0 0.977200 0.801118 0.104277 0.104277
0 0.553960 0.295383 0.104277 0.104277
0 0.838003 0.412786 0.052757 0.052757
0 0.136578 0.125486 0.062220 0.062220
0 0.830900 0.952709 0.061130 0.061130
0 0.569053 0.487683 0.104277 0.104277
0 0.393163 0.686635 0.071945 0.071945
0 0.823142 0.869027 0.104277 0.104277
0 0.358517 0.188682 0.052757 0.052757
0 0.553218 0.200652 0.052757 0.052757
0 0.370129 0.119973 0.061130 0.061130
0 0.512450 0.637766 0.052757 0.052757
0 0.738582 0.114145 0.104277 0.104277
0 0.344414 0.768860 0.052757 0.052757
0 0.439083 0.034791 0.071945 0.071945
0 0.277097 0.447414 0.061130 0.061130
0 0.085419 0.829199 0.104278 0.104278
0 0.719025 0.610452 0.071945 0.071945
0 0.643970 0.363422 0.062220 0.062220
0 0.268191 0.641293 0.061130 0.061130
0 0.276141 0.962448 0.104277 0.104277
0 0.958302 0.303119 0.052757 0.052757
0 0.951069 0.073456 0.062220 0.062220
0 0.604902 0.569119 0.104277 0.104277
0 0.154723 0.511565 0.061130 0.061130
0 0.751673 0.840600 0.052757 0.052757
0 0.227048 0.873318 0.057104 0.057104
0 0.915834 0.137074 0.104278 0.104278
0 0.517810 0.787491 0.071945 0.071945
0 0.728570 0.747660 0.061130 0.061130
0 0.304172 0.712119 0.062220 0.062220
0 0.296280 0.148118 0.061130 0.061130
0 0.941905 0.957162 0.057104 0.057104
0 0.440710 0.383914 0.057104 0.057104
0 0.751218 0.392821 0.057104 0.057104
0 0.170201 0.430977 0.057104 0.057104
0 0.242906 0.326088 0.104277 0.104277
0 0.383031 0.837293 0.104277 0.104277
0 0.089786 0.637237 0.061130 0.061130
0 0.972852 0.202985 0.062220 0.062220
0 0.053382 0.129000 0.061130 0.061130
0 0.851409 0.317561 0.057104 0.057104
0 0.725474 0.907626 0.061130 0.061130
0 0.587839 0.750785 0.071945 0.071945
0 0.440474 0.462023 0.061130 0.061130
0 0.370311 0.449302 0.062220 0.062220
0 0.715326 0.467286 0.048997 0.048997
0 0.094598 0.057008 0.061130 0.061130
0 0.918352 0.371917 0.062220 0.062220
0 0.182128 0.938035 0.062220 0.062220
0 0.141830 0.272680 0.104277 0.104277
0 0.651995 0.098468 0.057104 0.057104
0 0.850411 0.095154 0.104277 0.104277
0 0.526753 0.088817 0.104277 0.104277
0 0.914334 0.613278 0.062220 0.062220
0 0.482021 0.982215 0.062220 0.062220
0 0.100372 0.430025 0.057104 0.057104
0 0.147818 0.588799 0.057104 0.057104
0 0.917911 0.523467 0.061131 0.061131
0 0.338872 0.533842 0.071945 0.071945
0 0.180212 0.062690 0.071945 0.071945
0 0.492685 0.561663 0.104277 0.104277
0 0.258811 0.526766 0.071945 0.071945
0 0.249062 0.249625 0.061130 0.061130
0 0.331789 0.892220 0.071945 0.071945
0 0.426874 0.897189 0.047555 0.047555
0 0.560974 0.921985 0.052757 0.052757
0 0.633127 0.285530 0.057104 0.057104
0 0.052132 0.218432 0.071945 0.071945
0 0.845419 0.620272 0.071945 0.071945
0 0.640924 0.929866 0.071945 0.071945
0 0.088056 0.725453 0.062220 0.062220
0 0.217084 0.185815 0.062220 0.062220