0 0.500802 0.166380 0.104278 0.104278
0 0.754845 0.758157 0.071945 0.071945
0 0.556458 0.603502 0.104277 0.104277
0 0.618946 0.327728 0.052757 0.052757
0 0.799243 0.514474 0.061130 0.061130
0 0.291437 0.684696 0.052757 0.052757
0 0.303129 0.771245 0.104277 0.104277
0 0.143479 0.318703 0.061130 0.061130
0 0.518240 0.277185 0.052757 0.052757
0 0.972187 0.476350 0.071945 0.071945
0 0.539311 0.448412 0.052757 0.052757
0 0.652994 0.777612 0.062220 0.062220
0 0.282862 0.597275 0.104277 0.104277
0 0.615618 0.523547 0.071945 0.071945
0 0.365219 0.529073 0.104277 0.104277
0 0.858328 0.060303 0.051819 0.051819
0 0.289386 0.498133 0.061130 0.061130
0 0.153447 0.083037 0.057104 0.057104
0 0.678347 0.949870 0.057104 0.057104
0 0.196457 0.396090 0.104277 0.104277
0 0.031662 0.901788 0.061130 0.061130
0 0.751034 0.349104 0.104277 0.104277
0 0.012078 0.813905 0.052757 0.052757
0 0.746694 0.932306 0.104277 0.104277
0 0.632047 0.873368 0.061130 0.061130
0 0.511352 0.915242 0.057104 0.057104
0 0.416327 0.675128 0.104277 0.104277
0 0.172880 0.814732 0.061130 0.061130
0 0.253724 0.940190 0.062220 0.062220
0 0.907086 0.834568 0.052757 0.052757
0 0.450648 0.077818 0.052757 0.052757
0 0.295613 0.848400 0.057104 0.057104
0 0.934169 0.130647 0.104277 0.104277
0 0.929306 0.057354 0.071945 0.071945
0 0.138329 0.237573 0.104277 0.104277
0 0.211809 0.636055 0.052757 0.052757
0 0.693491 0.599836 0.052757 0.052757
0 0.978643 0.928620 0.104277 0.104277
0 0.635777 0.070063 0.052757 0.052757
0 0.332159 0.983843 0.057104 0.057104
0 0.074284 0.319630 0.052757 0.052757
0 0.503515 0.522591 0.104277 0.104277
0 0.450812 0.384237 0.057104 0.057104
0 0.656149 0.465841 0.052757 0.052757
0 0.850624 0.217276 0.054783 0.054783
0 0.144234 0.895944 0.061130 0.061130
0 0.987467 0.662412 0.062220 0.062220
0 0.831154 0.737962 0.061131 0.061131
0 0.353980 0.608223 0.061130 0.061130
0 0.789547 0.666413 0.071945 0.071945
0 0.818726 0.329442 0.071945 0.071945
0 0.028811 0.538774 0.104278 0.104278
0 0.577748 0.784962 0.062220 0.062220
0 0.818986 0.400266 0.061130 0.061130
0 0.095660 0.517165 0.052757 0.052757
0 0.375527 0.196291 0.061130 0.061130
0 0.792693 0.989273 0.057104 0.057104
0 0.266880 0.095133 0.071945 0.071945
0 0.433529 0.310829 0.052757 0.052757
0 0.699006 0.225944 0.057104 0.057104
0 0.605415 0.942800 0.104277 0.104277
0 0.105121 0.772189 0.057104 0.057104
0 0.474076 0.636583 0.071945 0.071945
0 0.255784 0.263426 0.061130 0.061130
0 0.226453 0.179761 0.062220 0.062220
0 0.908377 0.743684 0.052757 0.052757
0 0.370223 0.030947 0.062220 0.062220
0 0.617923 0.703222 0.061130 0.061130
0 0.713201 0.104070 0.052757 0.052757
0 0.275822 0.425727 0.052757 0.052757
0 0.425996 0.462012 0.057104 0.057104
0 0.061539 0.639658 0.057104 0.057104
0 0.891486 0.950794 0.062220 0.062220
0 0.428461 0.892531 0.062220 0.062220
0 0.405806 0.746387 0.071945 0.071945
0 0.119695 0.681496 0.071945 0.071945
0 0.943139 0.317934 0.052757 0.052757
0 0.524743 0.060870 0.057104 0.057104
0 0.624344 0.138486 0.062220 0.062220
0 0.630816 0.397151 0.104277 0.104277
0 0.986003 0.557445 0.052757 0.052757
0 0.538215 0.983553 0.071945 0.071945
0 0.367103 0.272926 0.104277 0.104277
0 0.898050 0.609309 0.052757 0.052757
0 0.327749 0.126947 0.071945 0.071945
0 0.717587 0.675696 0.057104 0.057104
0 0.570647 0.194575 0.104277 0.104277
0 0.068815 0.191014 0.071945 0.071945
0 0.208687 0.035111 0.050932 0.050932
0 0.926984 0.204025 0.104277 0.104277
0 0.985072 0.835745 0.055027 0.055027
0 0.069144 0.089747 0.071945 0.071945
0 0.775763 0.864658 0.062220 0.062220
0 0.631130 0.630686 0.050559 0.050559
0 0.760269 0.573465 0.061130 0.061130
0 0.889540 0.393837 0.071945 0.071945
0 0.991527 0.248223 0.057104 0.057104
0 0.532772 0.366242 0.061131 0.061131
0 0.379879 0.407567 0.104277 0.104277
0 0.888340 0.488390 0.071945 0.071945
0 0.847802 0.877468 0.104277 0.104277
0 0.837065 0.149322 0.052757 0.052757
0 0.764502 0.183549 0.104277 0.104277
0 0.280016 0.019936 0.062220 0.062220
0 0.056670 0.423669 0.071945 0.071945
0 0.454784 0.236294 0.071945 0.071945
0 0.285777 0.347323 0.061130 0.061130
0 0.694985 0.302514 0.071945 0.071945
0 0.405979 0.965697 0.061130 0.061130
0 0.077460 0.985041 0.104277 0.104277
0 0.186292 0.534773 0.104277 0.104277
0 0.725692 0.440454 0.104277 0.104277
0 0.490185 0.760368 0.052757 0.052757
0 0.150444 0.155715 0.071945 0.071945
0 0.225576 0.705033 0.104277 0.104277