0 0.041183 0.919729 0.062220 0.062220
0 0.002957 0.725705 0.062220 0.062220
0 0.492345 0.442532 0.071945 0.071945
0 0.767466 0.410511 0.071945 0.071945
0 0.293958 0.287877 0.104277 0.104277
0 0.799594 0.525881 0.052757 0.052757
0 0.356446 0.012103 0.052757 0.052757
0 0.501029 0.812864 0.061130 0.061130
0 0.943754 0.749369 0.062220 0.062220
0 0.536743 0.198849 0.061130 0.061130
0 0.943021 0.323826 0.104277 0.104277
0 0.028937 0.369071 0.052757 0.052757
0 0.927110 0.919562 0.052757 0.052757
0 0.563156 0.920956 0.104277 0.104277
0 0.040629 0.455620 0.104277 0.104277
0 0.387093 0.709245 0.104277 0.104277
0 0.345954 0.830856 0.104277 0.104277
0 0.232470 0.872830 0.071945 0.071945
0 0.709687 0.160725 0.071945 0.071945
0 0.276811 0.132787 0.052757 0.052757
0 0.390494 0.461987 0.062220 0.062220
0 0.020362 0.281650 0.104277 0.104277
0 0.353118 0.207922 0.071945 0.071945
0 0.102719 0.213448 0.104277 0.104277
0 0.819909 0.772165 0.104277 0.104277
0 0.026886 0.182508 0.061130 0.061130
0 0.415847 0.634245 0.057104 0.057104
0 0.910017 0.486945 0.104277 0.104277
0 0.865156 0.678064 0.071945 0.071945
0 0.488534 0.033479 0.104277 0.104277
0 0.788395 0.279583 0.104277 0.104277
0 0.425971 0.988855 0.062220 0.062220
0 0.906174 0.090776 0.071945 0.071945
0 0.484194 0.616681 0.104277 0.104277
0 0.901408 0.830823 0.052757 0.052757
0 0.910921 0.022330 0.062220 0.062220
0 0.641856 0.913873 0.062220 0.062220
0 0.369547 0.557743 0.061130 0.061130
0 0.248852 0.599617 0.057104 0.057104
0 0.153827 0.359503 0.104277 0.104277
0 0.848877 0.218081 0.057104 0.057104
0 0.891844 0.391756 0.062220 0.062220
0 0.644586 0.518943 0.052757 0.052757
0 0.791594 0.149865 0.062220 0.062220
0 0.186368 0.706375 0.057104 0.057104
0 0.302344 0.736466 0.104277 0.104277
0 0.033113 0.532775 0.057104 0.057104
0 0.763329 0.906693 0.062220 0.062220
0 0.611803 0.705811 0.071945 0.071945
0 0.241781 0.945795 0.071945 0.071945
0 0.977243 0.122558 0.061130 0.061130
0 0.821807 0.620820 0.102474 0.102474
0 0.049030 0.990531 0.057104 0.057104
0 0.862696 0.977940 0.071945 0.071945
0 0.430991 0.284211 0.052757 0.052757
0 0.716143 0.612995 0.104277 0.104277
0 0.069659 0.668218 0.057104 0.057104
0 0.241015 0.206966 0.104277 0.104277
0 0.188312 0.068612 0.057104 0.057104
0 0.393649 0.150216 0.052757 0.052757
0 0.724967 0.346787 0.062220 0.062220
0 0.568654 0.422337 0.061131 0.061131
0 0.091480 0.292598 0.061130 0.061130
0 0.527047 0.350788 0.071945 0.071945
0 0.556226 0.013817 0.071945 0.071945
0 0.315248 0.469337 0.062220 0.062220
0 0.556486 0.084641 0.061130 0.061130
0 0.530193 0.673648 0.057104 0.057104
0 0.267889 0.810187 0.057104 0.057104
0 0.342915 0.627175 0.104277 0.104277
0 0.136049 0.853851 0.062220 0.062220
0 0.211576 0.320958 0.071945 0.071945
0 0.670797 0.979626 0.062220 0.062220
0 0.645877 0.428059 0.052757 0.052757
0 0.000589 0.852610 0.104277 0.104277
0 0.355423 0.387597 0.061130 0.061130
0 0.013322 0.110102 0.052757 0.052757
0 0.163496 0.146387 0.057104 0.057104
0 0.628986 0.635169 0.062220 0.062220
0 0.162437 0.981788 0.061130 0.061130
0 0.573409 0.814928 0.104277 0.104277
0 0.165961 0.576906 0.062220 0.062220
0 0.143306 0.430762 0.071945 0.071945
0 0.300860 0.896940 0.062220 0.062220
0 0.680639 0.002309 0.052757 0.052757
0 0.368316 0.081526 0.104277 0.104277
0 0.401502 0.778581 0.062220 0.062220
0 0.723503 0.241820 0.052757 0.052757
0 0.275715 0.667928 0.071945 0.071945
0 0.635550 0.293684 0.052757 0.052757
0 0.577026 0.990488 0.061131 0.061131
0 0.455087 0.360071 0.057104 0.057104
0 0.925560 0.227224 0.061131 0.061131
0 0.831197 0.091487 0.057104 0.057104
0 0.552351 0.740650 0.104277 0.104277
0 0.990569 0.877479 0.062221 0.062221
0 0.826467 0.877761 0.052757 0.052757
0 0.722572 0.520120 0.055027 0.055027
0 0.854764 0.320942 0.061131 0.061131
0 0.513263 0.549033 0.062220 0.062220
0 0.932601 0.624298 0.104277 0.104277
0 0.368630 0.315061 0.050559 0.050559
0 0.662852 0.813196 0.052757 0.052757
0 0.497769 0.257840 0.061130 0.061130
0 0.627040 0.078212 0.071945 0.071945
0 0.183032 0.789408 0.052757 0.052757
0 0.469253 0.705996 0.071945 0.071945
0 0.270272 0.050617 0.061131 0.061131
0 0.337782 0.977053 0.061131 0.061131
0 0.117379 0.091942 0.104277 0.104277
0 0.625840 0.172765 0.071945 0.071945
0 0.585302 0.561843 0.104277 0.104277
0 0.749312 0.706100 0.061130 0.061130
0 0.427803 0.906106 0.104277 0.104277
0 0.109807 0.784686 0.052757 0.052757
0 0.023277 0.031698 0.061130 0.061130
0 0.143479 0.650072 0.061130 0.061130
0 0.738749 0.081340 0.104277 0.104277
0 0.463192 0.124829 0.104277 0.104277
0 0.227685 0.444743 0.052757 0.052757
0 0.987340 0.572972 0.057104 0.057104