0 0.874755 0.294242 0.071945 0.071945
0 0.669932 0.797661 0.104277 0.104277
0 0.860034 0.762189 0.104277 0.104277
0 0.904223 0.958437 0.057104 0.057104
0 0.773489 0.408519 0.062220 0.062220
0 0.906467 0.406466 0.057104 0.057104
0 0.996608 0.920316 0.104277 0.104277
0 0.939278 0.331774 0.052757 0.052757
0 0.823064 0.671946 0.057104 0.057104
0 0.751224 0.523429 0.104277 0.104277
0 0.733527 0.875325 0.104277 0.104277
0 0.736418 0.713905 0.061131 0.061131
0 0.036745 0.063448 0.062220 0.062220
0 0.746226 0.337812 0.052757 0.052757
0 0.619634 0.637438 0.071945 0.071945
0 0.836643 0.537717 0.062220 0.062220
0 0.672522 0.932980 0.062220 0.062220
0 0.510348 0.999528 0.057104 0.057104
0 0.507195 0.838703 0.052757 0.052757
0 0.618349 0.976966 0.061130 0.061130
0 0.894800 0.658968 0.071945 0.071945
0 0.976597 0.429509 0.071945 0.071945
0 0.333218 0.826006 0.061131 0.061131
0 0.137393 0.099302 0.070161 0.070161
0 0.838385 0.358122 0.071945 0.071945
0 0.018600 0.526627 0.057104 0.057104
0 0.828212 0.849775 0.061130 0.061130
0 0.268344 0.747313 0.062220 0.062220
0 0.561278 0.933989 0.061131 0.061131
0 0.610505 0.867442 0.057104 0.057104
0 0.407307 0.190499 0.071945 0.071945
0 0.688706 0.097875 0.061130 0.061130
0 0.223100 0.129055 0.062220 0.062220
0 0.677419 0.461247 0.071945 0.071945
0 0.240228 0.431347 0.061131 0.061131
0 0.527868 0.342398 0.061130 0.061130
0 0.552881 0.461273 0.104277 0.104277
0 0.259671 0.192891 0.104277 0.104277
0 0.174130 0.038526 0.061130 0.061130
0 0.303640 0.327817 0.071945 0.071945
0 0.676797 0.592950 0.104277 0.104277
0 0.074954 0.963860 0.061130 0.061130
0 0.968885 0.536650 0.104278 0.104278
0 0.833999 0.924650 0.061130 0.061130
0 0.561251 0.014719 0.061130 0.061130
0 0.154691 0.262118 0.104277 0.104277
0 0.918236 0.106154 0.057104 0.057104
0 0.255555 0.006715 0.057104 0.057104
0 0.365723 0.576731 0.071945 0.071945
0 0.007173 0.605587 0.052757 0.052757
0 0.078364 0.674668 0.104277 0.104277
0 0.046921 0.243779 0.062220 0.062220
0 0.379531 0.711145 0.061131 0.061131
0 0.019832 0.876645 0.104277 0.104277
0 0.155141 0.759842 0.061130 0.061130
0 0.237627 0.657630 0.104277 0.104277
0 0.773390 0.199092 0.062220 0.062220
0 0.736965 0.260659 0.062220 0.062220
0 0.288975 0.072354 0.062220 0.062220
0 0.450508 0.542090 0.062220 0.062220
0 0.973242 0.843354 0.052757 0.052757
0 0.142552 0.494993 0.062220 0.062220
0 0.469070 0.781524 0.057104 0.057104
0 0.333539 0.256292 0.061131 0.061131
0 0.232319 0.835956 0.062220 0.062220
0 0.237383 0.293610 0.061131 0.061131
0 0.505924 0.067814 0.071945 0.071945
0 0.592556 0.740148 0.071945 0.071945
0 0.035496 0.750366 0.061130 0.061130
0 0.197084 0.899574 0.104278 0.104278
0 0.200367 0.371773 0.052757 0.052757
0 0.280001 0.566594 0.061131 0.061131
0 0.699117 0.187806 0.052757 0.052757
0 0.497555 0.264136 0.057104 0.057104
0 0.105334 0.171806 0.052757 0.052757
0 0.447227 0.963745 0.062220 0.062220
0 0.352480 0.105469 0.071945 0.071945
0 0.891268 0.588812 0.057104 0.057104
0 0.615466 0.081344 0.052757 0.052757
0 0.748638 0.612698 0.052757 0.052757
0 0.254102 0.965485 0.062220 0.062220
0 0.078418 0.397188 0.104277 0.104277
0 0.498688 0.714572 0.052757 0.052757
0 0.286022 0.897856 0.071945 0.071945
0 0.635399 0.278712 0.071945 0.071945
0 0.537361 0.193283 0.062220 0.062220
0 0.529653 0.557729 0.057104 0.057104
0 0.096935 0.552622 0.061130 0.061130
0 0.364060 0.028519 0.071945 0.071945
0 0.131661 0.857654 0.104277 0.104277
0 0.911490 0.225071 0.062220 0.062220
0 0.463456 0.631415 0.057104 0.057104
0 0.369305 0.379436 0.104277 0.104277
0 0.326223 0.954782 0.052757 0.052757
0 0.137694 0.625535 0.061130 0.061130
0 0.435647 0.448873 0.052757 0.052757
0 0.314675 0.667556 0.071945 0.071945
0 0.604317 0.216875 0.104277 0.104277
0 0.442802 0.314417 0.071945 0.071945
0 0.764038 0.972453 0.104277 0.104277
0 0.456775 0.124431 0.104277 0.104277
0 0.991030 0.722157 0.061130 0.061130
0 0.080601 0.310037 0.057104 0.057104
0 0.183140 0.564345 0.071945 0.071945
0 0.815742 0.068520 0.071945 0.071945
0 0.971619 0.259299 0.104278 0.104278
0 0.659558 0.377617 0.104277 0.104277
0 0.716335 0.032310 0.052757 0.052757
0 0.323204 0.438573 0.052757 0.052757
0 0.617639 0.555727 0.062220 0.062220
0 0.415032 0.841165 0.061131 0.061131