0 0.435963 0.941142 0.071945 0.071945
0 0.587776 0.926752 0.071945 0.071945
0 0.638682 0.475786 0.104277 0.104277
0 0.671162 0.817055 0.061131 0.061131
0 0.828784 0.440314 0.104277 0.104277
0 0.379846 0.804243 0.104277 0.104277
0 0.872973 0.636562 0.057104 0.057104
0 0.742239 0.086644 0.062220 0.062220
0 0.999426 0.841522 0.062221 0.062221
0 0.875217 0.084591 0.057104 0.057104
0 0.888332 0.804527 0.104277 0.104277
0 0.965358 0.598441 0.104277 0.104277
0 0.908028 0.009899 0.052757 0.052757
0 0.791814 0.350071 0.057104 0.057104
0 0.719974 0.201554 0.104277 0.104277
0 0.702277 0.553450 0.104277 0.104277
0 0.249909 0.976699 0.062220 0.062220
0 0.507918 0.740214 0.052757 0.052757
0 0.705168 0.392030 0.061131 0.061131
0 0.714976 0.015937 0.052757 0.052757
0 0.451856 0.850739 0.057104 0.057104
0 0.588384 0.315563 0.071945 0.071945
0 0.770995 0.794695 0.104277 0.104277
0 0.805393 0.215842 0.062220 0.062220
0 0.176980 0.888247 0.052757 0.052757
0 0.641272 0.611105 0.062220 0.062220
0 0.559145 0.994853 0.057104 0.057104
0 0.479098 0.677653 0.057104 0.057104
0 0.475945 0.516828 0.052757 0.052757
0 0.949694 0.947610 0.052757 0.052757
0 0.587099 0.655091 0.061130 0.061130
0 0.863550 0.337093 0.071945 0.071945
0 0.945347 0.107634 0.071945 0.071945
0 0.301968 0.504131 0.061131 0.061131
0 0.889607 0.908421 0.062221 0.062221
0 0.807135 0.036247 0.071945 0.071945
0 0.244180 0.824156 0.052757 0.052757
0 0.017296 0.973589 0.057104 0.057104
0 0.891237 0.713909 0.071945 0.071945
0 0.828152 0.944050 0.052757 0.052757
0 0.796962 0.527900 0.061130 0.061130
0 0.237094 0.425438 0.062220 0.062220
0 0.530028 0.612114 0.061131 0.061131
0 0.349243 0.906439 0.071945 0.071945
0 0.579255 0.545567 0.057104 0.057104
0 0.994282 0.045847 0.071945 0.071945
0 0.646169 0.139372 0.071945 0.071945
0 0.208978 0.109472 0.061131 0.061131
0 0.496618 0.020523 0.061130 0.061130
0 0.521631 0.139398 0.104277 0.104277
0 0.989660 0.467477 0.057104 0.057104
0 0.272390 0.005942 0.071945 0.071945
0 0.645547 0.271075 0.104277 0.104277
0 0.043704 0.641985 0.061130 0.061130
0 0.937635 0.214775 0.104278 0.104278
0 0.667823 0.977252 0.061130 0.061130
0 0.802749 0.602775 0.061130 0.061130
0 0.334473 0.254856 0.071945 0.071945
0 0.315841 0.706275 0.104277 0.104277
0 0.047114 0.352793 0.104277 0.104277
0 0.088003 0.853411 0.052757 0.052757
0 0.531351 0.842765 0.062220 0.062220
0 0.348281 0.389270 0.061131 0.061131
0 0.123891 0.437967 0.061130 0.061130
0 0.206377 0.335755 0.104277 0.104277
0 0.419258 0.220215 0.062220 0.062220
0 0.941992 0.521479 0.052757 0.052757
0 0.111302 0.173118 0.062220 0.062220
0 0.437820 0.459649 0.057104 0.057104
0 0.598423 0.760616 0.071945 0.071945
0 0.208302 0.743744 0.052757 0.052757
0 0.201069 0.514081 0.062220 0.062220
0 0.561306 0.418273 0.071945 0.071945
0 0.004246 0.428491 0.061130 0.061130
0 0.165834 0.577699 0.104278 0.104278
0 0.169117 0.049898 0.052757 0.052757
0 0.248751 0.244719 0.061131 0.061131
0 0.415977 0.641870 0.062220 0.062220
0 0.001218 0.833446 0.057104 0.057104
0 0.979078 0.296817 0.057104 0.057104
0 0.860018 0.266937 0.057104 0.057104
0 0.717388 0.290823 0.052757 0.052757
0 0.222852 0.643610 0.062220 0.062220
0 0.101409 0.758186 0.057104 0.057104
0 0.047168 0.075313 0.104277 0.104277
0 0.467438 0.392697 0.052757 0.052757
0 0.254772 0.575981 0.071945 0.071945
0 0.168352 0.812542 0.062220 0.062220
0 0.986796 0.692048 0.104277 0.104277
0 0.498403 0.235854 0.057104 0.057104
0 0.741383 0.724277 0.057104 0.057104
0 0.065685 0.230747 0.061130 0.061130
0 0.100411 0.535779 0.104277 0.104277
0 0.432206 0.309540 0.057104 0.057104
0 0.338055 0.057561 0.104277 0.104277
0 0.294973 0.632907 0.052757 0.052757
0 0.724126 0.864215 0.057104 0.057104
0 0.106444 0.303660 0.061130 0.061130
0 0.404397 0.126998 0.052757 0.052757
0 0.167911 0.964092 0.061131 0.061131
0 0.283425 0.345681 0.071945 0.071945
0 0.732788 0.650578 0.104277 0.104277
0 0.959780 0.400282 0.061130 0.061130
0 0.151890 0.242470 0.071945 0.071945
0 0.628308 0.055742 0.104277 0.104277
0 0.802121 0.678173 0.104277 0.104277
0 0.816301 0.874431 0.052757 0.052757
0 0.291954 0.116698 0.052757 0.052757
0 0.586389 0.233852 0.062220 0.062220
0 0.383782 0.519290 0.061131 0.061131