0 0.122433 0.557229 0.062220 0.062220
0 0.084207 0.363205 0.062220 0.062220
0 0.573595 0.080032 0.071945 0.071945
0 0.775139 0.690683 0.052757 0.052757
0 0.848716 0.048011 0.071945 0.071945
0 0.880844 0.163381 0.052757 0.052757
0 0.582279 0.450364 0.061130 0.061130
0 0.110187 0.006571 0.052757 0.052757
0 0.644406 0.558456 0.104277 0.104277
0 0.121879 0.093120 0.104277 0.104277
0 0.468343 0.346745 0.104277 0.104277
0 0.427204 0.468356 0.104277 0.104277
0 0.313720 0.510330 0.071945 0.071945
0 0.471744 0.099487 0.062220 0.062220
0 0.901159 0.409665 0.104277 0.104277
0 0.497097 0.271745 0.057104 0.057104
0 0.991267 0.124445 0.104277 0.104277
0 0.946406 0.315564 0.071945 0.071945
0 0.507221 0.626355 0.062220 0.062220
0 0.565444 0.254181 0.104277 0.104277
0 0.982658 0.468323 0.052757 0.052757
0 0.723106 0.551373 0.062220 0.062220
0 0.450797 0.195243 0.061130 0.061130
0 0.330102 0.237117 0.057104 0.057104
0 0.019853 0.716726 0.062220 0.062220
0 0.072474 0.262065 0.062220 0.062220
0 0.973094 0.029256 0.062220 0.062220
0 0.725836 0.156443 0.052757 0.052757
0 0.267618 0.343875 0.057104 0.057104
0 0.383594 0.373966 0.104277 0.104277
0 0.177683 0.700021 0.071945 0.071945
0 0.114363 0.170275 0.057104 0.057104
0 0.844579 0.544193 0.062220 0.062220
0 0.693053 0.343311 0.071945 0.071945
0 0.323031 0.583295 0.071945 0.071945
0 0.903057 0.258320 0.102474 0.102474
0 0.130280 0.628031 0.057104 0.057104
0 0.943946 0.615440 0.071945 0.071945
0 0.797393 0.250495 0.104277 0.104277
0 0.150909 0.305718 0.057104 0.057104
0 0.845796 0.715234 0.104277 0.104277
0 0.649904 0.059837 0.061131 0.061131
0 0.094124 0.707684 0.052757 0.052757
0 0.396498 0.106837 0.062220 0.062220
0 0.930443 0.712121 0.104277 0.104277
0 0.611443 0.311148 0.057104 0.057104
0 0.349139 0.447687 0.057104 0.057104
0 0.424165 0.264675 0.104277 0.104277
0 0.053429 0.599045 0.050891 0.050891
0 0.217299 0.491351 0.062220 0.062220
0 0.338118 0.700417 0.057104 0.057104
0 0.752047 0.617126 0.062220 0.062220
0 0.727127 0.065559 0.052757 0.052757
0 0.081839 0.490110 0.104277 0.104277
0 0.436673 0.025097 0.061130 0.061130
0 0.706798 0.715697 0.052757 0.052757
0 0.710236 0.272669 0.062220 0.062220
0 0.243687 0.619288 0.061130 0.061130
0 0.654659 0.452428 0.104277 0.104277
0 0.247211 0.214406 0.062220 0.062220
0 0.224556 0.068262 0.071945 0.071945
0 0.382110 0.534440 0.062220 0.062220
0 0.566654 0.680158 0.052757 0.052757
0 0.838641 0.642094 0.052757 0.052757
0 0.253265 0.722638 0.062220 0.062220
0 0.482752 0.416081 0.062220 0.062220
0 0.356965 0.305428 0.071945 0.071945
0 0.658276 0.627988 0.061131 0.061131
0 0.033007 0.422130 0.104277 0.104277
0 0.633601 0.378150 0.104277 0.104277
0 0.907717 0.515261 0.052757 0.052757
0 0.803822 0.157620 0.055027 0.055027
0 0.594513 0.186533 0.062220 0.062220
0 0.477039 0.711068 0.061130 0.061130
0 0.622257 0.729203 0.062220 0.062220
0 0.744102 0.450696 0.052757 0.052757
0 0.264282 0.426908 0.052757 0.052757
0 0.550503 0.343496 0.071945 0.071945
0 0.419032 0.614553 0.061131 0.061131
0 0.666552 0.199343 0.104277 0.104277
0 0.830562 0.343600 0.061130 0.061130
0 0.509053 0.543606 0.104277 0.104277
0 0.191057 0.422186 0.052757 0.052757
0 0.224729 0.287572 0.061130 0.061130
0 0.308935 0.082243 0.052757 0.052757
0 0.044326 0.026908 0.104277 0.104277