0 0.443967 0.346352 0.104277 0.104277
0 0.400419 0.134361 0.061130 0.061130
0 0.116427 0.553880 0.104278 0.104278
0 0.803364 0.096070 0.052757 0.052757
0 0.594257 0.344028 0.062220 0.062220
0 0.625904 0.096110 0.104277 0.104277
0 0.301190 0.096259 0.052757 0.052757
0 0.925969 0.853957 0.071945 0.071945
0 0.172083 0.991002 0.104277 0.104277
0 0.234571 0.715228 0.052757 0.052757
0 0.703768 0.142635 0.071945 0.071945
0 0.414868 0.901974 0.061130 0.061130
0 0.957515 0.334503 0.047276 0.047276
0 0.847869 0.641104 0.062220 0.062220
0 0.133865 0.664685 0.052757 0.052757
0 0.587812 0.863850 0.071945 0.071945
0 0.154936 0.835912 0.052757 0.052757
0 0.438091 0.261167 0.057104 0.057104
0 0.231243 0.911047 0.071945 0.071945
0 0.473953 0.447803 0.051819 0.051819
0 0.120119 0.124358 0.104277 0.104277
0 0.948754 0.076136 0.071945 0.071945
0 0.378097 0.060898 0.061131 0.061131
0 0.654101 0.391516 0.052757 0.052757
0 0.366659 0.736604 0.104277 0.104277
0 0.666520 0.982708 0.104277 0.104277
0 0.784299 0.793901 0.071945 0.071945
0 0.715377 0.340031 0.057103 0.057103
0 0.462313 0.021393 0.052757 0.052757
0 0.789046 0.725455 0.062220 0.062220
0 0.727002 0.921206 0.057104 0.057104
0 0.669719 0.852990 0.062220 0.062220
0 0.630993 0.179364 0.036679 0.036679
0 0.066273 0.465318 0.052757 0.052757
0 0.750031 0.457371 0.104277 0.104277
0 0.464755 0.109975 0.057104 0.057104
0 0.549794 0.518147 0.104277 0.104277
0 0.855368 0.825683 0.061130 0.061130
0 0.544931 0.444854 0.071945 0.071945
0 0.941523 0.440428 0.071945 0.071945
0 0.199523 0.062608 0.071945 0.071945
0 0.309116 0.987336 0.052757 0.052757
0 0.251402 0.457563 0.052757 0.052757
0 0.847362 0.472239 0.061131 0.061131
0 0.119140 0.910091 0.104277 0.104277
0 0.066437 0.771737 0.057104 0.057104
0 0.271774 0.853341 0.052757 0.052757
0 0.963401 0.223501 0.057104 0.057104
0 0.466249 0.604776 0.054783 0.054783
0 0.771176 0.165519 0.062220 0.062220
0 0.633801 0.538688 0.057103 0.057103
0 0.434351 0.716942 0.071945 0.071945
0 0.434611 0.787766 0.061130 0.061130
0 0.217475 0.378194 0.071945 0.071945
0 0.049154 0.698329 0.052757 0.052757
0 0.728107 0.605509 0.061131 0.061131
0 0.314631 0.613444 0.057104 0.057104
0 0.679285 0.473390 0.061131 0.061131
0 0.270742 0.029057 0.057104 0.057104
0 0.101509 0.247447 0.061130 0.061130
0 0.944856 0.565932 0.071945 0.071945
0 0.950238 0.704457 0.104278 0.104278
0 0.879839 0.326370 0.062220 0.062220
0 0.705958 0.070367 0.061130 0.061130
0 0.328826 0.491570 0.052757 0.052757
0 0.945279 0.986652 0.061130 0.061130
0 0.041621 0.849512 0.057104 0.057104
0 0.036821 0.149708 0.061130 0.061130
0 0.007895 0.077973 0.061130 0.061130
0 0.577294 0.034235 0.062220 0.062220
0 0.186575 0.204243 0.104277 0.104277
0 0.349980 0.302116 0.071945 0.071945
0 0.881443 0.539035 0.104278 0.104278
0 0.558764 0.705434 0.052757 0.052757
0 0.040275 0.355834 0.061130 0.061130
0 0.854423 0.181443 0.104277 0.104277
0 0.140368 0.448370 0.057104 0.057104
0 0.032517 0.272152 0.104277 0.104277
0 0.239969 0.525986 0.062220 0.062220
0 0.804796 0.578614 0.062220 0.062220
0 0.237136 0.252780 0.104277 0.104277
0 0.216041 0.140090 0.052757 0.052757
0 0.246441 0.784651 0.104277 0.104277
0 0.601628 0.944945 0.052757 0.052757
0 0.522957 0.179778 0.062220 0.062220
0 0.513675 0.996809 0.052757 0.052757
0 0.186272 0.582075 0.104277 0.104277
0 0.665168 0.262474 0.104277 0.104277
0 0.341105 0.386032 0.057104 0.057104
0 0.803685 0.930349 0.061131 0.061131
0 0.709322 0.794612 0.057104 0.057104
0 0.728357 0.529113 0.071945 0.071945
0 0.578620 0.227696 0.071945 0.071945
0 0.296974 0.208840 0.052757 0.052757
0 0.151280 0.360287 0.057104 0.057104
0 0.542609 0.591525 0.104277 0.104277
0 0.719515 0.217843 0.061131 0.061131
0 0.851790 0.005573 0.071945 0.071945
0 0.375894 0.960965 0.061130 0.061130
0 0.505165 0.781337 0.071945 0.071945
0 0.607152 0.635723 0.057104 0.057104
0 0.647198 0.692861 0.104277 0.104277
0 0.148397 0.753742 0.061131 0.061131
0 0.503965 0.875890 0.071945 0.071945
0 0.123709 0.016403 0.062220 0.062220
0 0.452690 0.536822 0.052757 0.052757
0 0.380127 0.571049 0.104277 0.104277
0 0.890808 0.943843 0.052757 0.052757
0 0.070409 0.623794 0.071945 0.071945
0 0.812183 0.254840 0.071945 0.071945
0 0.310610 0.690014 0.071945 0.071945
0 0.616874 0.784465 0.104277 0.104277
0 0.341317 0.827954 0.104277 0.104277
0 0.893083 0.750010 0.061131 0.061131
0 0.054794 0.023397 0.071945 0.071945
0 0.515576 0.307595 0.057104 0.057104
0 0.785327 0.390326 0.061131 0.061131