0 0.542995 0.388448 0.062220 0.062220
0 0.291987 0.691481 0.104277 0.104277
0 0.497069 0.447290 0.062220 0.062220
0 0.643643 0.424302 0.070161 0.070161
0 0.145729 0.094963 0.062220 0.062220
0 0.274363 0.415914 0.104278 0.104278
0 0.997017 0.082895 0.062220 0.062220
0 0.524850 0.851627 0.057104 0.057104
0 0.393756 0.087321 0.057104 0.057104
0 0.252165 0.923575 0.104277 0.104277
0 0.913557 0.515499 0.071945 0.071945
0 0.433044 0.395426 0.071945 0.071945
0 0.729350 0.454055 0.062220 0.062220
0 0.746478 0.756347 0.061131 0.061131
0 0.407464 0.164006 0.062220 0.062220
0 0.060926 0.856634 0.104277 0.104277
0 0.765921 0.517891 0.104277 0.104277
0 0.941116 0.170282 0.052757 0.052757
0 0.174459 0.453493 0.071945 0.071945
0 0.680380 0.363526 0.061130 0.061130
0 0.271562 0.787724 0.057104 0.057104
0 0.393265 0.246767 0.071945 0.071945
0 0.220132 0.736593 0.104277 0.104277
0 0.809890 0.652817 0.071945 0.071945
0 0.327569 0.185768 0.104277 0.104277
0 0.143810 0.261548 0.104277 0.104277
0 0.271031 0.298205 0.057104 0.057104
0 0.263114 0.161504 0.071945 0.071945
0 0.495779 0.768054 0.104277 0.104277
0 0.874106 0.249331 0.071945 0.071945
0 0.479977 0.117760 0.071945 0.071945
0 0.186493 0.605541 0.052757 0.052757
0 0.660941 0.587118 0.104277 0.104277
0 0.761805 0.331715 0.057104 0.057104
0 0.453554 0.588902 0.062220 0.062220
0 0.762561 0.134571 0.061131 0.061131
0 0.871973 0.901731 0.071945 0.071945
0 0.039304 0.531119 0.062220 0.062220
0 0.307879 0.852223 0.057104 0.057104
0 0.061405 0.170253 0.104277 0.104277
0 0.732277 0.233846 0.071945 0.071945
0 0.621732 0.294028 0.071945 0.071945
0 0.513423 0.930587 0.052757 0.052757
0 0.584614 0.999668 0.104277 0.104277
0 0.553171 0.568779 0.062220 0.062220
0 0.483374 0.229082 0.052757 0.052757
0 0.360696 0.491906 0.071945 0.071945
0 0.351362 0.727690 0.052757 0.052757
0 0.397304 0.939273 0.057104 0.057104
0 0.743877 0.982630 0.104277 0.104277
0 0.859396 0.151860 0.052757 0.052757
0 0.795225 0.397354 0.062220 0.062220
0 0.956758 0.867090 0.062220 0.062220
0 0.065625 0.257688 0.057104 0.057104
0 0.648802 0.819993 0.062220 0.062220
0 0.052173 0.615601 0.061130 0.061130
0 0.209382 0.863441 0.052757 0.052757
0 0.538971 0.284193 0.052757 0.052757
0 0.839789 0.581292 0.061131 0.061131
0 0.592654 0.113157 0.071945 0.071945
0 0.130287 0.555000 0.071945 0.071945
0 0.743633 0.618610 0.061131 0.061131
0 0.092201 0.334360 0.104277 0.104277
0 0.005744 0.984642 0.057104 0.057104
0 0.923639 0.090075 0.062220 0.062220
0 0.616588 0.194410 0.057104 0.057104
0 0.069274 0.727652 0.057104 0.057104
0 0.233098 0.237104 0.062220 0.062220
0 0.303126 0.067684 0.104277 0.104277
0 0.706617 0.696773 0.052757 0.052757
0 0.786251 0.891594 0.061131 0.061131
0 0.611584 0.496806 0.052757 0.052757
0 0.858730 0.430469 0.071945 0.071945
0 0.939904 0.292472 0.071945 0.071945
0 0.675358 0.081002 0.104277 0.104277
0 0.584668 0.722188 0.104277 0.104277
0 0.363186 0.802175 0.061130 0.061130
0 0.307037 0.622091 0.104277 0.104277
0 0.269738 0.492991 0.052757 0.052757
0 0.073797 0.994869 0.057104 0.057104
0 0.490237 0.526754 0.057104 0.057104
0 0.372622 0.651180 0.071945 0.071945
0 0.448766 0.291617 0.104277 0.104277
0 0.603185 0.877622 0.061130 0.061130
0 0.870310 0.353519 0.071945 0.071945
0 0.366759 0.413684 0.056505 0.056505
0 0.969706 0.956415 0.057104 0.057104
0 0.875555 0.704436 0.104277 0.104277
0 0.643944 0.950535 0.061130 0.061130
0 0.005778 0.775330 0.062220 0.062220
0 0.941897 0.773873 0.052757 0.052757
0 0.820925 0.992556 0.071945 0.071945
0 0.949052 0.639417 0.071945 0.071945
0 0.963025 0.449431 0.104277 0.104277
0 0.586851 0.635037 0.057104 0.057104
0 0.361056 0.344995 0.061130 0.061130
0 0.338380 0.981394 0.062220 0.062220
0 0.689390 0.889345 0.071945 0.071945
0 0.693957 0.295080 0.057103 0.057103
0 0.437573 0.676336 0.057104 0.057104
0 0.160610 0.368797 0.062220 0.062220
0 0.071161 0.074740 0.062220 0.062220
0 0.119650 0.904550 0.104277 0.104277
0 0.097873 0.489216 0.057104 0.057104
0 0.125052 0.784845 0.057104 0.057104
0 0.177886 0.156047 0.061130 0.061130
0 0.846674 0.081424 0.057104 0.057104
0 0.185442 0.965706 0.062220 0.062220
0 0.829454 0.763573 0.052757 0.052757