0 0.661011 0.752481 0.052757 0.052757
0 0.610660 0.245802 0.062220 0.062220
0 0.935744 0.827483 0.104277 0.104277
0 0.535217 0.473018 0.052757 0.052757
0 0.082002 0.674161 0.071945 0.071945
0 0.557545 0.120187 0.057103 0.057103
0 0.660556 0.960311 0.057104 0.057104
0 0.726598 0.367478 0.071945 0.071945
0 0.191145 0.093473 0.104277 0.104277
0 0.773846 0.429917 0.061130 0.061130
0 0.328891 0.165832 0.052757 0.052757
0 0.951980 0.553872 0.052757 0.052757
0 0.705365 0.642957 0.057104 0.057104
0 0.792296 0.639214 0.057104 0.057104
0 0.102615 0.447897 0.104278 0.104278
0 0.473707 0.384512 0.071945 0.071945
0 0.403462 0.377427 0.057104 0.057104
0 0.671515 0.543419 0.057104 0.057104
0 0.700115 0.025508 0.057104 0.057104
0 0.218139 0.884633 0.071945 0.071945
0 0.211205 0.814177 0.071945 0.071945
0 0.818704 0.307610 0.061130 0.061130
0 0.706878 0.908944 0.071945 0.071945
0 0.917134 0.950572 0.061130 0.061130
0 0.620138 0.067943 0.052757 0.052757
0 0.406994 0.711187 0.071945 0.071945
0 0.373313 0.091285 0.062220 0.062220
0 0.072660 0.039245 0.071945 0.071945
0 0.852446 0.852833 0.061130 0.061130
0 0.823520 0.781098 0.061130 0.061130
0 0.702533 0.120008 0.057104 0.057104
0 0.604638 0.507371 0.104277 0.104277
0 0.468678 0.285549 0.057104 0.057104
0 0.710394 0.287296 0.057104 0.057104
0 0.376033 0.462678 0.057104 0.057104
0 0.822114 0.018418 0.104277 0.104277
0 0.578960 0.401633 0.104277 0.104277
0 0.863003 0.519036 0.052757 0.052757
0 0.161578 0.231736 0.062220 0.062220
0 0.594053 0.593933 0.104277 0.104277
0 0.418163 0.792885 0.071945 0.071945
0 0.848142 0.975277 0.104277 0.104277
0 0.383517 0.294932 0.052757 0.052757
0 0.578218 0.306902 0.052757 0.052757
0 0.395129 0.226223 0.061130 0.061130
0 0.537450 0.744016 0.052757 0.052757
0 0.763582 0.220395 0.104277 0.104277
0 0.369414 0.875110 0.052757 0.052757
0 0.898891 0.103592 0.061130 0.061130
0 0.464083 0.141041 0.071945 0.071945
0 0.981377 0.001380 0.104277 0.104277
0 0.302097 0.553664 0.061130 0.061130
0 0.110419 0.935449 0.104278 0.104278
0 0.744025 0.716702 0.071945 0.071945
0 0.668970 0.469672 0.062220 0.062220
0 0.293191 0.747543 0.061130 0.061130
0 0.983302 0.409369 0.052757 0.052757
0 0.976069 0.179706 0.062220 0.062220
0 0.629902 0.675369 0.104277 0.104277
0 0.179723 0.617815 0.061130 0.061130
0 0.243244 0.003392 0.057104 0.057104
0 0.776673 0.946850 0.052757 0.052757
0 0.252048 0.979568 0.057104 0.057104
0 0.779246 0.094116 0.061130 0.061130
0 0.940834 0.243324 0.104278 0.104278
0 0.542810 0.893741 0.071945 0.071945
0 0.753570 0.853910 0.061130 0.061130
0 0.329172 0.818369 0.062220 0.062220
0 0.321280 0.254368 0.061130 0.061130
0 0.287892 0.091554 0.062220 0.062220
0 0.465710 0.490164 0.057104 0.057104
0 0.776218 0.499071 0.057104 0.057104
0 0.195201 0.537227 0.057104 0.057104
0 0.267906 0.432338 0.104277 0.104277
0 0.408031 0.943543 0.104277 0.104277
0 0.114786 0.743487 0.061130 0.061130
0 0.997852 0.309235 0.062220 0.062220
0 0.078382 0.235250 0.061130 0.061130
0 0.876409 0.423811 0.057104 0.057104
0 0.612839 0.857035 0.071945 0.071945
0 0.465474 0.568273 0.061130 0.061130
0 0.395311 0.555552 0.062220 0.062220
0 0.740326 0.573536 0.048997 0.048997
0 0.119598 0.163258 0.061130 0.061130
0 0.311297 0.013619 0.057104 0.057104
0 0.943352 0.478167 0.062220 0.062220
0 0.166830 0.378930 0.104277 0.104277
0 0.169665 0.020968 0.052757 0.052757
0 0.676995 0.204718 0.057104 0.057104
0 0.875411 0.201404 0.104277 0.104277
0 0.551753 0.195067 0.104277 0.104277
0 0.939334 0.719528 0.062220 0.062220
0 0.125372 0.536275 0.057104 0.057104
0 0.172818 0.695049 0.057104 0.057104
0 0.942911 0.629717 0.061131 0.061131
0 0.363872 0.640092 0.071945 0.071945
0 0.575880 0.000144 0.062220 0.062220
0 0.205212 0.168940 0.071945 0.071945
0 0.517685 0.667913 0.104277 0.104277
0 0.283811 0.633016 0.071945 0.071945
0 0.274062 0.355875 0.061130 0.061130
0 0.356789 0.998470 0.071945 0.071945
0 0.475691 0.058999 0.052757 0.052757
0 0.658127 0.391780 0.057104 0.057104
0 0.077132 0.324682 0.071945 0.071945
0 0.870419 0.726522 0.071945 0.071945
0 0.113056 0.831703 0.062220 0.062220
0 0.242084 0.292065 0.062220 0.062220