0 0.977880 0.422367 0.071945 0.071945
0 0.773057 0.925786 0.104277 0.104277
0 0.963159 0.890314 0.104277 0.104277
0 0.876614 0.536644 0.062220 0.062220
0 0.926189 0.800071 0.057104 0.057104
0 0.854349 0.651554 0.104277 0.104277
0 0.839543 0.842030 0.061131 0.061131
0 0.139870 0.191573 0.062220 0.062220
0 0.849351 0.465937 0.052757 0.052757
0 0.722759 0.765563 0.071945 0.071945
0 0.939768 0.665842 0.062220 0.062220
0 0.610320 0.966828 0.052757 0.052757
0 0.997925 0.787093 0.071945 0.071945
0 0.093944 0.250415 0.062220 0.062220
0 0.436343 0.954131 0.061131 0.061131
0 0.240518 0.227427 0.070161 0.070161
0 0.941510 0.486247 0.071945 0.071945
0 0.121725 0.654752 0.057104 0.057104
0 0.931337 0.977900 0.061130 0.061130
0 0.371469 0.875438 0.062220 0.062220
0 0.713630 0.995567 0.057104 0.057104
0 0.510432 0.318624 0.071945 0.071945
0 0.791831 0.226000 0.061130 0.061130
0 0.608091 0.006002 0.062220 0.062220
0 0.029919 0.198551 0.071945 0.071945
0 0.326225 0.257180 0.062220 0.062220
0 0.780544 0.589372 0.071945 0.071945
0 0.343353 0.559472 0.061131 0.061131
0 0.630993 0.470523 0.061130 0.061130
0 0.656006 0.589398 0.104277 0.104277
0 0.362796 0.321016 0.104277 0.104277
0 0.277255 0.166651 0.061130 0.061130
0 0.059490 0.809883 0.057104 0.057104
0 0.406765 0.455942 0.071945 0.071945
0 0.779922 0.721075 0.104277 0.104277
0 0.664376 0.142844 0.061130 0.061130
0 0.092654 0.571179 0.104277 0.104277
0 0.760930 0.121945 0.057104 0.057104
0 0.470981 0.052456 0.071945 0.071945
0 0.257816 0.390243 0.104277 0.104277
0 0.358680 0.134840 0.057104 0.057104
0 0.050429 0.392027 0.062220 0.062220
0 0.468848 0.704856 0.071945 0.071945
0 0.061908 0.904383 0.057104 0.057104
0 0.824042 0.069897 0.062220 0.062220
0 0.329152 0.036971 0.071945 0.071945
0 0.218607 0.097153 0.071945 0.071945
0 0.110298 0.733712 0.052757 0.052757
0 0.181489 0.802793 0.104277 0.104277
0 0.150046 0.371904 0.062220 0.062220
0 0.080249 0.032207 0.052757 0.052757
0 0.482656 0.839270 0.061131 0.061131
0 0.258266 0.887967 0.061130 0.061130
0 0.340752 0.785755 0.104277 0.104277
0 0.876515 0.327217 0.062220 0.062220
0 0.840090 0.388784 0.062220 0.062220
0 0.392100 0.200479 0.062220 0.062220
0 0.553633 0.670215 0.062220 0.062220
0 0.245677 0.623118 0.062220 0.062220
0 0.572195 0.909649 0.057104 0.057104
0 0.661785 0.060132 0.061131 0.061131
0 0.135846 0.087318 0.052757 0.052757
0 0.436664 0.384417 0.061131 0.061131
0 0.335444 0.964081 0.062220 0.062220
0 0.340508 0.421735 0.061131 0.061131
0 0.609049 0.195939 0.071945 0.071945
0 0.695681 0.868273 0.071945 0.071945
0 0.138621 0.878491 0.061130 0.061130
0 0.303492 0.499898 0.052757 0.052757
0 0.383126 0.694719 0.061131 0.061131
0 0.802242 0.315931 0.052757 0.052757
0 0.600680 0.392261 0.057104 0.057104
0 0.208459 0.299931 0.052757 0.052757
0 0.901783 0.059324 0.052757 0.052757
0 0.455605 0.233594 0.071945 0.071945
0 0.994393 0.716937 0.057104 0.057104
0 0.718591 0.209469 0.052757 0.052757
0 0.851763 0.740823 0.052757 0.052757
0 0.536779 0.095597 0.071945 0.071945
0 0.969636 0.000802 0.062220 0.062220
0 0.181543 0.525313 0.104277 0.104277
0 0.601813 0.842697 0.052757 0.052757
0 0.738524 0.406837 0.071945 0.071945
0 0.087112 0.329879 0.057104 0.057104
0 0.640486 0.321408 0.062220 0.062220
0 0.045641 0.094742 0.104277 0.104277
0 0.971941 0.116839 0.052559 0.052559
0 0.632778 0.685854 0.057104 0.057104
0 0.200060 0.680747 0.061130 0.061130
0 0.036370 0.989093 0.057104 0.057104
0 0.467185 0.156644 0.071945 0.071945
0 0.234786 0.985779 0.104277 0.104277
0 0.566581 0.759540 0.057104 0.057104
0 0.472430 0.507561 0.104277 0.104277
0 0.240819 0.753660 0.061130 0.061130
0 0.538772 0.576998 0.052757 0.052757
0 0.417800 0.795681 0.071945 0.071945
0 0.707442 0.345000 0.104277 0.104277
0 0.545927 0.442542 0.071945 0.071945
0 0.559900 0.252556 0.104277 0.104277
0 0.183726 0.438162 0.057104 0.057104
0 0.286265 0.692470 0.071945 0.071945
0 0.290832 0.098205 0.057103 0.057103
0 0.918867 0.196645 0.071945 0.071945
0 0.034448 0.479461 0.057104 0.057104
0 0.762683 0.505742 0.104277 0.104277
0 0.819460 0.160435 0.052757 0.052757
0 0.426329 0.566698 0.052757 0.052757
0 0.720764 0.683852 0.062220 0.062220
0 0.772156 0.009777 0.061131 0.061131
0 0.518157 0.969290 0.061131 0.061131