0 0.326588 0.984892 0.071945 0.071945
0 0.734130 0.016117 0.071945 0.071945
0 0.478401 0.970502 0.071945 0.071945
0 0.529307 0.519536 0.104277 0.104277
0 0.561787 0.860805 0.061131 0.061131
0 0.719409 0.484064 0.104277 0.104277
0 0.270471 0.847993 0.104277 0.104277
0 0.763598 0.680312 0.057104 0.057104
0 0.632864 0.130394 0.062220 0.062220
0 0.890051 0.885272 0.062221 0.062221
0 0.765842 0.128341 0.057104 0.057104
0 0.778957 0.848277 0.104277 0.104277
0 0.855983 0.642191 0.104277 0.104277
0 0.798653 0.053649 0.052757 0.052757
0 0.682439 0.393821 0.057104 0.057104
0 0.610599 0.245304 0.104277 0.104277
0 0.592902 0.597200 0.104277 0.104277
0 0.398543 0.783964 0.052757 0.052757
0 0.595793 0.435780 0.061131 0.061131
0 0.605601 0.059687 0.052757 0.052757
0 0.342481 0.894489 0.057104 0.057104
0 0.479009 0.359313 0.071945 0.071945
0 0.661620 0.838445 0.104277 0.104277
0 0.696018 0.259592 0.062220 0.062220
0 0.067605 0.931997 0.052757 0.052757
0 0.531897 0.654855 0.062220 0.062220
0 0.369723 0.721403 0.057104 0.057104
0 0.366570 0.560578 0.052757 0.052757
0 0.840319 0.991360 0.052757 0.052757
0 0.477724 0.698841 0.061130 0.061130
0 0.754175 0.380843 0.071945 0.071945
0 0.835972 0.151384 0.071945 0.071945
0 0.192593 0.547881 0.061131 0.061131
0 0.780232 0.952171 0.062221 0.062221
0 0.697760 0.079997 0.071945 0.071945
0 0.134805 0.867906 0.052757 0.052757
0 0.781862 0.757659 0.071945 0.071945
0 0.718777 0.987800 0.052757 0.052757
0 0.687587 0.571650 0.061130 0.061130
0 0.127719 0.469188 0.062220 0.062220
0 0.420653 0.655864 0.061131 0.061131
0 0.239868 0.950189 0.071945 0.071945
0 0.469880 0.589317 0.057104 0.057104
0 0.884907 0.089597 0.071945 0.071945
0 0.536794 0.183122 0.071945 0.071945
0 0.099603 0.153222 0.061131 0.061131
0 0.387243 0.064273 0.061130 0.061130
0 0.897473 0.012960 0.071945 0.071945
0 0.412256 0.183148 0.104277 0.104277
0 0.880285 0.511227 0.057104 0.057104
0 0.163015 0.049692 0.071945 0.071945
0 0.536172 0.314825 0.104277 0.104277
0 0.828260 0.258525 0.104278 0.104278
0 0.693374 0.646525 0.061130 0.061130
0 0.225098 0.298606 0.071945 0.071945
0 0.206466 0.750025 0.104277 0.104277
0 0.421976 0.886515 0.062220 0.062220
0 0.238906 0.433020 0.061131 0.061131
0 0.014516 0.481717 0.061130 0.061130
0 0.097002 0.379505 0.104277 0.104277
0 0.309883 0.263965 0.062220 0.062220
0 0.832617 0.565229 0.052757 0.052757
0 0.001927 0.216868 0.062220 0.062220
0 0.328445 0.503399 0.057104 0.057104
0 0.489048 0.804366 0.071945 0.071945
0 0.098927 0.787494 0.052757 0.052757
0 0.091694 0.557831 0.062220 0.062220
0 0.096758 0.015485 0.061131 0.061131
0 0.451931 0.462023 0.071945 0.071945
0 0.056459 0.621449 0.104278 0.104278
0 0.059742 0.093648 0.052757 0.052757
0 0.139376 0.288469 0.061131 0.061131
0 0.306602 0.685620 0.062220 0.062220
0 0.869703 0.340567 0.057104 0.057104
0 0.750643 0.310687 0.057104 0.057104
0 0.608013 0.334573 0.052757 0.052757
0 0.113477 0.687360 0.062220 0.062220
0 0.358063 0.436447 0.052757 0.052757
0 0.145397 0.619731 0.071945 0.071945
0 0.058977 0.856292 0.062220 0.062220
0 0.877421 0.735798 0.104277 0.104277
0 0.494774 0.000587 0.071945 0.071945
0 0.389028 0.279604 0.057104 0.057104
0 0.632008 0.768027 0.057104 0.057104
0 0.322831 0.353290 0.057104 0.057104
0 0.228680 0.101311 0.104277 0.104277
0 0.185598 0.676657 0.052757 0.052757
0 0.614751 0.907965 0.057104 0.057104
0 0.295022 0.170748 0.052757 0.052757
0 0.174050 0.389431 0.071945 0.071945
0 0.302177 0.036292 0.071945 0.071945
0 0.623413 0.694328 0.104277 0.104277
0 0.850405 0.444032 0.061130 0.061130
0 0.042515 0.286220 0.071945 0.071945
0 0.518933 0.099492 0.104277 0.104277
0 0.692746 0.721923 0.104277 0.104277
0 0.706926 0.918181 0.052757 0.052757
0 0.182579 0.160448 0.052757 0.052757
0 0.477014 0.277602 0.062220 0.062220
0 0.274407 0.563040 0.061131 0.061131