0 0.938302 0.403880 0.104278 0.104278
0 0.993958 0.841002 0.104277 0.104277
0 0.115333 0.159988 0.052757 0.052757
0 0.728937 0.922196 0.052757 0.052757
0 0.580979 0.556203 0.061130 0.061130
0 0.955740 0.514685 0.052757 0.052757
0 0.976811 0.685912 0.052757 0.052757
0 0.720362 0.834775 0.104277 0.104277
0 0.802719 0.766573 0.104277 0.104277
0 0.726886 0.735633 0.061130 0.061130
0 0.590947 0.320537 0.057104 0.057104
0 0.085809 0.644167 0.062220 0.062220
0 0.633957 0.633590 0.104277 0.104277
0 0.666806 0.107186 0.057104 0.057104
0 0.853827 0.912628 0.104277 0.104277
0 0.081168 0.230233 0.062220 0.062220
0 0.306414 0.762924 0.061130 0.061130
0 0.888148 0.315318 0.052757 0.052757
0 0.293838 0.301390 0.071945 0.071945
0 0.108885 0.881536 0.104278 0.104278
0 0.432443 0.405912 0.104277 0.104277
0 0.352874 0.474836 0.052757 0.052757
0 0.575829 0.475073 0.104277 0.104277
0 0.649309 0.873555 0.052757 0.052757
0 0.265442 0.469034 0.052757 0.052757
0 0.511784 0.557130 0.052757 0.052757
0 0.941015 0.760091 0.104277 0.104277
0 0.888312 0.621737 0.057104 0.057104
0 0.791480 0.845723 0.061130 0.061130
0 0.466311 0.776274 0.104278 0.104278
0 0.533160 0.754665 0.052757 0.052757
0 0.813027 0.433791 0.061130 0.061130
0 0.704380 0.332633 0.071945 0.071945
0 0.871029 0.548329 0.052757 0.052757
0 0.174269 0.933742 0.062220 0.062220
0 0.078796 0.323403 0.052757 0.052757
0 0.224389 0.031508 0.071945 0.071945
0 0.414213 0.214137 0.061130 0.061130
0 0.911576 0.874083 0.071945 0.071945
0 0.713128 0.055819 0.071945 0.071945
0 0.693284 0.500926 0.061130 0.061130
0 0.663953 0.417261 0.062220 0.062220
0 0.807723 0.268447 0.062220 0.062220
0 0.923384 0.097447 0.061130 0.061130
0 0.132255 0.565438 0.061130 0.061130
0 0.713322 0.663227 0.052757 0.052757
0 0.863496 0.699512 0.057104 0.057104
0 0.499039 0.877158 0.057104 0.057104
0 0.367081 0.363915 0.104277 0.104277
0 0.426314 0.843538 0.071945 0.071945
0 0.843306 0.983887 0.071945 0.071945
0 0.364899 0.923104 0.052757 0.052757
0 0.557195 0.918996 0.071945 0.071945
0 0.862150 0.205834 0.061130 0.061130
0 0.083223 0.951578 0.104277 0.104277
0 0.962243 0.298370 0.057104 0.057104
0 0.854392 0.122152 0.104277 0.104277
0 0.293156 0.831508 0.057104 0.057104
0 0.263653 0.909330 0.104277 0.104277
0 0.375664 0.021985 0.052757 0.052757
0 0.219300 0.361616 0.052757 0.052757
0 0.116669 0.082324 0.104278 0.104278
0 0.804603 0.510426 0.104277 0.104277
0 0.765249 0.364447 0.071945 0.071945
0 0.307391 0.215573 0.104277 0.104277
0 0.215234 0.809890 0.071945 0.071945
0 0.506315 0.428514 0.071945 0.071945
0 0.646187 0.272611 0.050932 0.050932
0 0.089403 0.751131 0.057104 0.057104
0 0.782923 0.093725 0.052757 0.052757
0 0.258298 0.126443 0.057104 0.057104
0 0.549060 0.040616 0.071945 0.071945
0 0.759820 0.000785 0.061130 0.061130
0 0.436724 0.953889 0.052757 0.052757
0 0.973155 0.210287 0.057104 0.057104
0 0.506644 0.327247 0.071945 0.071945
0 0.414281 0.090418 0.104277 0.104277
0 0.185504 0.448826 0.104277 0.104277
0 0.196610 0.702893 0.057104 0.057104
0 0.756724 0.160751 0.061130 0.061130
0 0.619089 0.003910 0.071945 0.071945
0 0.379612 0.691529 0.104277 0.104277
0 0.429755 0.535764 0.104277 0.104277
0 0.970272 0.603742 0.061131 0.061131
0 0.213378 0.191160 0.062220 0.062220
0 0.817379 0.645067 0.104277 0.104277
0 0.420261 0.312066 0.052757 0.052757
0 0.717516 0.257436 0.062220 0.062220
0 0.513271 0.235340 0.062220 0.062220
0 0.335428 0.610541 0.052757 0.052757
0 0.214657 0.525330 0.104277 0.104277
0 0.304317 0.683177 0.061130 0.061130
0 0.153162 0.287229 0.057104 0.057104
0 0.427660 0.626127 0.062220 0.062220
0 0.494170 0.661169 0.071945 0.071945
0 0.892284 0.473794 0.071945 0.071945
0 0.723277 0.584823 0.061130 0.061130
0 0.363039 0.145345 0.071945 0.071945
0 0.132163 0.807609 0.052757 0.052757
0 0.458124 0.150314 0.047555 0.047555
0 0.592224 0.175110 0.052757 0.052757
0 0.623792 0.772273 0.104277 0.104277
0 0.104764 0.468061 0.071945 0.071945
0 0.397343 0.767545 0.052757 0.052757
0 0.222641 0.274115 0.057103 0.057103
0 0.927685 0.997868 0.052757 0.052757
0 0.587944 0.393215 0.071945 0.071945
0 0.206352 0.596672 0.104277 0.104277
0 0.672174 0.182991 0.071945 0.071945
0 0.663076 0.942533 0.104277 0.104277