0 0.201720 0.186282 0.071945 0.071945
0 0.764259 0.692984 0.104277 0.104277
0 0.403264 0.796933 0.052757 0.052757
0 0.476841 0.154261 0.071945 0.071945
0 0.003333 0.031627 0.104277 0.104277
0 0.508969 0.269631 0.052757 0.052757
0 0.210404 0.556614 0.061130 0.061130
0 0.747252 0.376785 0.061131 0.061131
0 0.653129 0.493119 0.062220 0.062220
0 0.652396 0.067576 0.104277 0.104277
0 0.636485 0.663312 0.052757 0.052757
0 0.272531 0.664706 0.104277 0.104277
0 0.794307 0.785437 0.052757 0.052757
0 0.096468 0.452995 0.104277 0.104277
0 0.055329 0.574606 0.104277 0.104277
0 0.099869 0.205737 0.062220 0.062220
0 0.529284 0.515915 0.104277 0.104277
0 0.125222 0.377995 0.057104 0.057104
0 0.619392 0.230695 0.104277 0.104277
0 0.668742 0.773036 0.061130 0.061130
0 0.640299 0.844016 0.104277 0.104277
0 0.574531 0.421814 0.071945 0.071945
0 0.784589 0.314438 0.052757 0.052757
0 0.497770 0.023333 0.104277 0.104277
0 0.135346 0.732605 0.062220 0.062220
0 0.193569 0.360431 0.104277 0.104277
0 0.610783 0.574573 0.052757 0.052757
0 0.351231 0.657623 0.062220 0.062220
0 0.078922 0.301493 0.061130 0.061130
0 0.601219 0.135506 0.062220 0.062220
0 0.353961 0.262693 0.052757 0.052757
0 0.011719 0.480216 0.104277 0.104277
0 0.472704 0.650443 0.062220 0.062220
0 0.321178 0.449561 0.071945 0.071945
0 0.531182 0.364570 0.102474 0.102474
0 0.572071 0.721690 0.071945 0.071945
0 0.140366 0.027961 0.052757 0.052757
0 0.425518 0.356745 0.104277 0.104277
0 0.473921 0.821484 0.104277 0.104277
0 0.434342 0.090537 0.062220 0.062220
0 0.278029 0.166087 0.061131 0.061131
0 0.236422 0.094538 0.071945 0.071945
0 0.024623 0.213087 0.062220 0.062220
0 0.558568 0.818371 0.104277 0.104277
0 0.239568 0.417398 0.057104 0.057104
0 0.052290 0.370925 0.104277 0.104277
0 0.720864 0.123482 0.045227 0.045227
0 0.380172 0.723376 0.062220 0.062220
0 0.355252 0.171809 0.052757 0.052757
0 0.064798 0.131347 0.061130 0.061130
0 0.776529 0.027277 0.061130 0.061130
0 0.334923 0.821947 0.052757 0.052757
0 0.338361 0.378919 0.062220 0.062220
0 0.282784 0.558678 0.104277 0.104277
0 0.010235 0.640690 0.062220 0.062220
0 0.194779 0.786408 0.052757 0.052757
0 0.466766 0.748344 0.052757 0.052757
0 0.110877 0.522331 0.062220 0.062220
0 0.344925 0.037434 0.052757 0.052757
0 0.768118 0.594132 0.061131 0.061131
0 0.286401 0.734238 0.061131 0.061131
0 0.164462 0.103821 0.057104 0.057104
0 0.261726 0.484400 0.104277 0.104277
0 0.733690 0.470144 0.061131 0.061131
0 0.699944 0.621229 0.062221 0.062221
0 0.535842 0.621511 0.052757 0.052757
0 0.431947 0.263870 0.055027 0.055027
0 0.564139 0.064692 0.061131 0.061131
0 0.222638 0.292783 0.062220 0.062220
0 0.105164 0.817318 0.061130 0.061130
0 0.641976 0.368048 0.104277 0.104277
0 0.250382 0.835453 0.062220 0.062220
0 0.078005 0.058811 0.050559 0.050559
0 0.372227 0.556946 0.052757 0.052757
0 0.207144 0.001590 0.061130 0.061130
0 0.178628 0.449746 0.071945 0.071945
0 0.047157 0.720803 0.061131 0.061131
0 0.294677 0.305593 0.104277 0.104277
0 0.458687 0.449850 0.061130 0.061130
0 0.137178 0.649856 0.104277 0.104277
0 0.696715 0.316722 0.057104 0.057104
0 0.710665 0.240639 0.088662 0.088662