0 0.176795 0.833226 0.062220 0.062220
0 0.719552 0.103880 0.104278 0.104278
0 0.484207 0.978830 0.062220 0.062220
0 0.973595 0.695657 0.071945 0.071945
0 0.775208 0.541002 0.104277 0.104277
0 0.837696 0.265228 0.052757 0.052757
0 0.510187 0.622196 0.052757 0.052757
0 0.521879 0.708745 0.104277 0.104277
0 0.362229 0.256203 0.061130 0.061130
0 0.868343 0.962370 0.104277 0.104277
0 0.119124 0.888108 0.071945 0.071945
0 0.736990 0.214685 0.052757 0.052757
0 0.758061 0.385912 0.052757 0.052757
0 0.871744 0.715112 0.062220 0.062220
0 0.501612 0.534775 0.104277 0.104277
0 0.834368 0.461047 0.071945 0.071945
0 0.583969 0.466573 0.104277 0.104277
0 0.508136 0.435633 0.061130 0.061130
0 0.372197 0.020537 0.057104 0.057104
0 0.897097 0.887370 0.057104 0.057104
0 0.415207 0.333590 0.104277 0.104277
0 0.250412 0.839288 0.061130 0.061130
0 0.969784 0.286604 0.104277 0.104277
0 0.230828 0.751405 0.052757 0.052757
0 0.965444 0.869806 0.104277 0.104277
0 0.850797 0.810868 0.061130 0.061130
0 0.730102 0.852742 0.057104 0.057104
0 0.635077 0.612628 0.104277 0.104277
0 0.391630 0.752232 0.061130 0.061130
0 0.472474 0.877690 0.062220 0.062220
0 0.087664 0.462924 0.061130 0.061130
0 0.669398 0.015318 0.052757 0.052757
0 0.667618 0.959500 0.057104 0.057104
0 0.075088 0.001390 0.071945 0.071945
0 0.783594 0.989591 0.104277 0.104277
0 0.213693 0.105912 0.104277 0.104277
0 0.134124 0.174836 0.052757 0.052757
0 0.514363 0.785900 0.057104 0.057104
0 0.332161 0.987343 0.062220 0.062220
0 0.357079 0.175073 0.104277 0.104277
0 0.430559 0.573555 0.052757 0.052757
0 0.912241 0.537336 0.052757 0.052757
0 0.854527 0.007563 0.052757 0.052757
0 0.046692 0.169034 0.052757 0.052757
0 0.550909 0.921343 0.057104 0.057104
0 0.293034 0.257130 0.052757 0.052757
0 0.722265 0.460091 0.104277 0.104277
0 0.669562 0.321737 0.057104 0.057104
0 0.874899 0.403341 0.052757 0.052757
0 0.362984 0.833444 0.061130 0.061130
0 0.572730 0.545723 0.061130 0.061130
0 0.247561 0.476274 0.104278 0.104278
0 0.796498 0.722462 0.062220 0.062220
0 0.314410 0.454665 0.052757 0.052757
0 0.594277 0.133791 0.061130 0.061130
0 0.485630 0.032633 0.071945 0.071945
0 0.652279 0.248329 0.052757 0.052757
0 0.917756 0.163444 0.057104 0.057104
0 0.824165 0.880300 0.104277 0.104277
0 0.106851 0.720966 0.062220 0.062220
0 0.323871 0.709689 0.057104 0.057104
0 0.692826 0.574083 0.071945 0.071945
0 0.474534 0.200926 0.061130 0.061130
0 0.445203 0.117261 0.062220 0.062220
0 0.836673 0.640722 0.061130 0.061130
0 0.931951 0.041570 0.052757 0.052757
0 0.494572 0.363227 0.052757 0.052757
0 0.644746 0.399512 0.057104 0.057104
0 0.280289 0.577158 0.057104 0.057104
0 0.148331 0.063915 0.104277 0.104277
0 0.207564 0.543538 0.071945 0.071945
0 0.107925 0.808312 0.052757 0.052757
0 0.647211 0.830031 0.062220 0.062220
0 0.624556 0.683887 0.071945 0.071945
0 0.146149 0.623104 0.052757 0.052757
0 0.338445 0.618996 0.071945 0.071945
0 0.040828 0.862830 0.057104 0.057104
0 0.843094 0.075986 0.062220 0.062220
0 0.074406 0.531508 0.057104 0.057104
0 0.044903 0.609330 0.104277 0.104277
0 0.849566 0.334651 0.104277 0.104277
0 0.000550 0.061616 0.052757 0.052757
0 0.756965 0.921053 0.071945 0.071945
0 0.585853 0.210426 0.104277 0.104277
0 0.546499 0.064447 0.071945 0.071945
0 0.936337 0.613196 0.057104 0.057104
0 0.789397 0.132075 0.104277 0.104277
0 0.006030 0.728855 0.104277 0.104277
0 0.287565 0.128514 0.071945 0.071945
0 0.217974 0.653889 0.052757 0.052757
0 0.287894 0.027247 0.071945 0.071945
0 0.994513 0.802158 0.062220 0.062220
0 0.849880 0.568186 0.050559 0.050559
0 0.160862 0.391529 0.104277 0.104277
0 0.979019 0.510965 0.061130 0.061130
0 0.211005 0.235764 0.104277 0.104277
0 0.950503 0.959121 0.071945 0.071945
0 0.751522 0.303742 0.061131 0.061131
0 0.598629 0.345067 0.104277 0.104277
0 0.201511 0.012066 0.052757 0.052757
0 0.983252 0.121049 0.104277 0.104277
0 0.116678 0.310541 0.052757 0.052757
0 0.200249 0.946457 0.057104 0.057104
0 0.085567 0.383177 0.061130 0.061130
0 0.208910 0.326127 0.062220 0.062220
0 0.275420 0.361169 0.071945 0.071945
0 0.673534 0.173794 0.071945 0.071945
0 0.504527 0.284823 0.061130 0.061130
0 0.913735 0.240014 0.071945 0.071945
0 0.624729 0.903197 0.061130 0.061130
0 0.296210 0.922541 0.104277 0.104277
0 0.405042 0.472273 0.104277 0.104277
0 0.944442 0.377954 0.104277 0.104277
0 0.178593 0.467545 0.052757 0.052757
0 0.708935 0.697868 0.052757 0.052757
0 0.369194 0.093215 0.071945 0.071945
0 0.444326 0.642533 0.104277 0.104277