0 0.188302 0.013255 0.104278 0.104278
0 0.442345 0.605032 0.071945 0.071945
0 0.717466 0.573011 0.071945 0.071945
0 0.997844 0.313332 0.071945 0.071945
0 0.243958 0.450377 0.104277 0.104277
0 0.749594 0.688381 0.052757 0.052757
0 0.306446 0.174603 0.052757 0.052757
0 0.451029 0.975364 0.061130 0.061130
0 0.987877 0.795535 0.061131 0.061131
0 0.893754 0.911869 0.062220 0.062220
0 0.486743 0.361349 0.061130 0.061130
0 0.893021 0.486326 0.104277 0.104277
0 0.337093 0.871745 0.104277 0.104277
0 0.295954 0.993356 0.104277 0.104277
0 0.919744 0.100479 0.062220 0.062220
0 0.205740 0.124060 0.052757 0.052757
0 0.659687 0.323225 0.071945 0.071945
0 0.226811 0.295287 0.052757 0.052757
0 0.340494 0.624487 0.062220 0.062220
0 0.303118 0.370422 0.071945 0.071945
0 0.052719 0.375948 0.104277 0.104277
0 0.769909 0.934665 0.104277 0.104277
0 0.365847 0.796745 0.057104 0.057104
0 0.860017 0.649445 0.104277 0.104277
0 0.815156 0.840564 0.071945 0.071945
0 0.438534 0.195979 0.104277 0.104277
0 0.738395 0.442083 0.104277 0.104277
0 0.856174 0.253276 0.071945 0.071945
0 0.434194 0.779181 0.104277 0.104277
0 0.851408 0.993323 0.052757 0.052757
0 0.860921 0.184830 0.062220 0.062220
0 0.319547 0.720243 0.061130 0.061130
0 0.198852 0.762117 0.057104 0.057104
0 0.103827 0.522003 0.104277 0.104277
0 0.798877 0.380581 0.057104 0.057104
0 0.841844 0.554256 0.062220 0.062220
0 0.594586 0.681443 0.052757 0.052757
0 0.741594 0.312365 0.062220 0.062220
0 0.136368 0.868875 0.057104 0.057104
0 0.252344 0.898966 0.104277 0.104277
0 0.561803 0.868311 0.071945 0.071945
0 0.927243 0.285058 0.061130 0.061130
0 0.771807 0.783320 0.102474 0.102474
0 0.380991 0.446711 0.052757 0.052757
0 0.666143 0.775495 0.104277 0.104277
0 0.019659 0.830718 0.057104 0.057104
0 0.191015 0.369466 0.104277 0.104277
0 0.138312 0.231112 0.057104 0.057104
0 0.343649 0.312716 0.052757 0.052757
0 0.538124 0.064151 0.054783 0.054783
0 0.674967 0.509287 0.062220 0.062220
0 0.518654 0.584837 0.061131 0.061131
0 0.041480 0.455098 0.061130 0.061130
0 0.477047 0.513288 0.071945 0.071945
0 0.506226 0.176317 0.071945 0.071945
0 0.265248 0.631837 0.062220 0.062220
0 0.506486 0.247141 0.061130 0.061130
0 0.063027 0.043166 0.061130 0.061130
0 0.480193 0.836148 0.057104 0.057104
0 0.217889 0.972687 0.057104 0.057104
0 0.121029 0.157704 0.052757 0.052757
0 0.799982 0.064884 0.061131 0.061131
0 0.386506 0.072819 0.057104 0.057104
0 0.292915 0.789675 0.104277 0.104277
0 0.161576 0.483458 0.071945 0.071945
0 0.961489 0.542232 0.045227 0.045227
0 0.595877 0.590559 0.052757 0.052757
0 0.305423 0.550097 0.061130 0.061130
0 0.113496 0.308887 0.057104 0.057104
0 0.578986 0.797669 0.062220 0.062220
0 0.523409 0.977428 0.104277 0.104277
0 0.115961 0.739406 0.062220 0.062220
0 0.093306 0.593262 0.071945 0.071945
0 0.630639 0.164809 0.052757 0.052757
0 0.876671 0.037989 0.062220 0.062220
0 0.318316 0.244026 0.104277 0.104277
0 0.351502 0.941081 0.062220 0.062220
0 0.673503 0.404320 0.052757 0.052757
0 0.225715 0.830428 0.071945 0.071945
0 0.054603 0.119801 0.104277 0.104277
0 0.585550 0.456184 0.052757 0.052757
0 0.405087 0.522571 0.057104 0.057104
0 0.258147 0.041450 0.104277 0.104277
0 0.875560 0.389724 0.061131 0.061131
0 0.781197 0.253987 0.057104 0.057104
0 0.502351 0.903150 0.104277 0.104277
0 0.974315 0.888894 0.061131 0.061131
0 0.614484 0.050900 0.104277 0.104277
0 0.672572 0.682620 0.055027 0.055027
0 0.804764 0.483442 0.061131 0.061131
0 0.463263 0.711533 0.062220 0.062220
0 0.882601 0.786798 0.104277 0.104277
0 0.318630 0.477561 0.050559 0.050559
0 0.612852 0.975696 0.052757 0.052757
0 0.447769 0.420340 0.061130 0.061130
0 0.577040 0.240712 0.071945 0.071945
0 0.679027 0.095098 0.057104 0.057104
0 0.133032 0.951908 0.052757 0.052757
0 0.719073 0.152236 0.104277 0.104277
0 0.419253 0.868496 0.071945 0.071945
0 0.220272 0.213117 0.061131 0.061131
0 0.067379 0.254442 0.104277 0.104277
0 0.575840 0.335265 0.071945 0.071945
0 0.535302 0.724343 0.104277 0.104277
0 0.452002 0.030424 0.104277 0.104277
0 0.699312 0.868600 0.061130 0.061130
0 0.059807 0.947186 0.052757 0.052757
0 0.962683 0.403218 0.052757 0.052757
0 0.142284 0.083169 0.071945 0.071945
0 0.382485 0.149389 0.071945 0.071945
0 0.093479 0.812572 0.061130 0.061130
0 0.688749 0.243840 0.104277 0.104277
0 0.413192 0.287329 0.104277 0.104277
0 0.177685 0.607243 0.052757 0.052757
0 0.964958 0.209385 0.061131 0.061131
0 0.937340 0.735472 0.057104 0.057104
0 0.951290 0.659389 0.088662 0.088662