0 0.379920 0.611351 0.062220 0.062220
0 0.725558 0.950979 0.062220 0.062220
0 0.687332 0.756955 0.062220 0.062220
0 0.978333 0.319127 0.104277 0.104277
0 0.713312 0.400321 0.052757 0.052757
0 0.725004 0.486870 0.104277 0.104277
0 0.565354 0.034328 0.061130 0.061130
0 0.483906 0.811242 0.052757 0.052757
0 0.916845 0.904080 0.071945 0.071945
0 0.322249 0.666233 0.071945 0.071945
0 0.961186 0.164037 0.052757 0.052757
0 0.443097 0.895912 0.062220 0.062220
0 0.704737 0.312900 0.104277 0.104277
0 0.787094 0.244698 0.104277 0.104277
0 0.711261 0.213758 0.061130 0.061130
0 0.373049 0.926548 0.104277 0.104277
0 0.070184 0.122292 0.062220 0.062220
0 0.176671 0.699359 0.061130 0.061130
0 0.618332 0.111715 0.104277 0.104277
0 0.453537 0.617413 0.061130 0.061130
0 0.433953 0.529530 0.052757 0.052757
0 0.225099 0.995711 0.104278 0.104278
0 0.933227 0.630867 0.057104 0.057104
0 0.838202 0.390753 0.104277 0.104277
0 0.594755 0.530357 0.061130 0.061130
0 0.675599 0.655815 0.062220 0.062220
0 0.290789 0.241049 0.061130 0.061130
0 0.870743 0.737625 0.057104 0.057104
0 0.093260 0.359661 0.104278 0.104278
0 0.986719 0.767716 0.104277 0.104277
0 0.717488 0.564025 0.057104 0.057104
0 0.482824 0.993156 0.061130 0.061130
0 0.926156 0.977045 0.071945 0.071945
0 0.535286 0.765468 0.062220 0.062220
0 0.633684 0.351680 0.052757 0.052757
0 0.242273 0.798946 0.062220 0.062220
0 0.754034 0.699468 0.057104 0.057104
0 0.496159 0.035255 0.052757 0.052757
0 0.925390 0.238216 0.104277 0.104277
0 0.872687 0.099862 0.057104 0.057104
0 0.566109 0.611569 0.061130 0.061130
0 0.775855 0.323848 0.061130 0.061130
0 0.450686 0.254399 0.104278 0.104278
0 0.999623 0.500587 0.062220 0.062220
0 0.517535 0.232790 0.052757 0.052757
0 0.531339 0.872600 0.062220 0.062220
0 0.952264 0.841437 0.057104 0.057104
0 0.855404 0.026454 0.052757 0.052757
0 0.158644 0.411867 0.062220 0.062220
0 0.656554 0.992795 0.050891 0.050891
0 0.309976 0.499091 0.062220 0.062220
0 0.526996 0.487814 0.057104 0.057104
0 0.820424 0.885101 0.062220 0.062220
0 0.895951 0.352208 0.071945 0.071945
0 0.317150 0.831097 0.062220 0.062220
0 0.589205 0.917941 0.062220 0.062220
0 0.116630 0.043563 0.061130 0.061130
0 0.684964 0.883860 0.104277 0.104277
0 0.697697 0.141352 0.052757 0.052757
0 0.847871 0.177637 0.057104 0.057104
0 0.483414 0.355283 0.057104 0.057104
0 0.192412 0.592973 0.104278 0.104278
0 0.410689 0.321663 0.071945 0.071945
0 0.311050 0.586437 0.052757 0.052757
0 0.850336 0.608156 0.062220 0.062220
0 0.827681 0.462012 0.071945 0.071945
0 0.985235 0.928190 0.062220 0.062220
0 0.349274 0.401229 0.052757 0.052757
0 0.541570 0.397121 0.071945 0.071945
0 0.067598 0.429703 0.104277 0.104277
0 0.243953 0.640955 0.057104 0.057104
0 0.277531 0.309633 0.057104 0.057104
0 0.558152 0.990750 0.062220 0.062220
0 0.248028 0.387455 0.104277 0.104277
0 0.960090 0.699178 0.071945 0.071945
0 0.209155 0.506980 0.104277 0.104277
0 0.199609 0.288015 0.071945 0.071945
0 0.636132 0.815880 0.104277 0.104277
0 0.073778 0.229256 0.057104 0.057104
0 0.209429 0.916639 0.061131 0.061131
0 0.090565 0.911697 0.057104 0.057104
0 0.421099 0.432014 0.052757 0.052757
0 0.180985 0.181018 0.057104 0.057104
0 0.069724 0.839780 0.062220 0.062220
0 0.363987 0.169654 0.104277 0.104277
0 0.867407 0.820658 0.052757 0.052757
0 0.414130 0.013889 0.104277 0.104277
0 0.282766 0.931734 0.057104 0.057104
0 0.954647 0.081867 0.061131 0.061131
0 0.801754 0.123192 0.104277 0.104277
0 0.319803 0.088666 0.052757 0.052757
0 0.403374 0.724582 0.057104 0.057104
0 0.124136 0.632969 0.062220 0.062220
0 0.124310 0.560534 0.057104 0.057104
0 0.199032 0.003455 0.104277 0.104277
0 0.288692 0.161302 0.061130 0.061130
0 0.794182 0.815936 0.052757 0.052757
0 0.412035 0.104252 0.062220 0.062220
0 0.478545 0.139294 0.071945 0.071945
0 0.707652 0.062948 0.061130 0.061130
0 0.827854 0.681322 0.061130 0.061130
0 0.116538 0.285734 0.052757 0.052757
0 0.499335 0.700666 0.104277 0.104277
0 0.159313 0.824508 0.057104 0.057104
0 0.608167 0.250398 0.104277 0.104277
0 0.381718 0.245670 0.052757 0.052757
0 0.147964 0.968515 0.061130 0.061130
0 0.912060 0.475993 0.052757 0.052757
0 0.190727 0.074797 0.104277 0.104277
0 0.647451 0.420658 0.104277 0.104277
0 0.072053 0.708690 0.057104 0.057104