0 0.215820 0.282509 0.104277 0.104277
0 0.917995 0.594698 0.062220 0.062220
0 0.666987 0.897731 0.104277 0.104277
0 0.872069 0.653540 0.062220 0.062220
0 0.520729 0.301213 0.062220 0.062220
0 0.649363 0.622164 0.104278 0.104278
0 0.768756 0.293571 0.057104 0.057104
0 0.316084 0.436771 0.062220 0.062220
0 0.808044 0.601676 0.071945 0.071945
0 0.782464 0.370256 0.062220 0.062220
0 0.329503 0.677048 0.104277 0.104277
0 0.290509 0.572042 0.071945 0.071945
0 0.549459 0.659743 0.071945 0.071945
0 0.214770 0.509502 0.057104 0.057104
0 0.646562 0.993974 0.057104 0.057104
0 0.768265 0.453017 0.071945 0.071945
0 0.305426 0.974937 0.062220 0.062220
0 0.595132 0.942843 0.104277 0.104277
0 0.702569 0.392018 0.104277 0.104277
0 0.518810 0.467798 0.104277 0.104277
0 0.646031 0.504455 0.057104 0.057104
0 0.638114 0.367754 0.071945 0.071945
0 0.870779 0.974304 0.104277 0.104277
0 0.854977 0.324010 0.071945 0.071945
0 0.561493 0.811791 0.052757 0.052757
0 0.828554 0.795152 0.062220 0.062220
0 0.414304 0.737369 0.062220 0.062220
0 0.436405 0.376503 0.104277 0.104277
0 0.210224 0.877880 0.052757 0.052757
0 0.996732 0.500278 0.071945 0.071945
0 0.928171 0.775029 0.062220 0.062220
0 0.359762 0.853260 0.061130 0.061130
0 0.247542 0.408973 0.071945 0.071945
0 0.858374 0.435332 0.052757 0.052757
0 0.735696 0.698156 0.071945 0.071945
0 0.726362 0.933940 0.052757 0.052757
0 0.211130 0.771668 0.104277 0.104277
0 0.233795 0.615934 0.052757 0.052757
0 0.369521 0.514349 0.104277 0.104277
0 0.440625 0.463938 0.057104 0.057104
0 0.427173 0.821851 0.061130 0.061130
0 0.296347 0.801109 0.061130 0.061130
0 0.913971 0.490443 0.052757 0.052757
0 0.967654 0.319407 0.071945 0.071945
0 0.505287 0.761250 0.071945 0.071945
0 0.467201 0.540610 0.104277 0.104277
0 0.991588 0.400660 0.057104 0.057104
0 0.363714 0.611739 0.057104 0.057104
0 0.444274 0.933902 0.057104 0.057104
0 0.608098 0.443354 0.062220 0.062220
0 0.678126 0.273934 0.104277 0.104277
0 0.986584 0.703056 0.052757 0.052757
0 0.242729 0.945044 0.061130 0.061130
0 0.263377 0.711151 0.104278 0.104278
0 0.959668 0.928438 0.104277 0.104277
0 0.682037 0.828341 0.104277 0.104277
0 0.644738 0.699241 0.052757 0.052757
0 0.865237 0.733004 0.057104 0.057104
0 0.747622 0.857430 0.071945 0.071945
0 0.823766 0.497867 0.104277 0.104277
0 0.282880 0.498894 0.071945 0.071945
0 0.741759 0.619934 0.056505 0.056505
0 0.380778 0.981580 0.062220 0.062220
0 0.961851 0.841287 0.057104 0.057104
0 0.736056 0.551245 0.061130 0.061130
0 0.812573 0.882586 0.057104 0.057104
0 0.535610 0.575047 0.062220 0.062220
0 0.446161 0.280990 0.062220 0.062220
0 0.472873 0.695466 0.057104 0.057104
0 0.500052 0.991095 0.057104 0.057104
0 0.552886 0.362297 0.061130 0.061130
0 0.347541 0.369919 0.057104 0.057104
0 0.321103 0.281062 0.071945 0.071945