0 0.600217 0.771352 0.104277 0.104277
0 0.556669 0.559361 0.061130 0.061130
0 0.272677 0.978880 0.104278 0.104278
0 0.959614 0.521070 0.052757 0.052757
0 0.489762 0.419690 0.104277 0.104277
0 0.551588 0.328642 0.071945 0.071945
0 0.750507 0.769028 0.062220 0.062220
0 0.703401 0.314252 0.071945 0.071945
0 0.782154 0.521110 0.104277 0.104277
0 0.457440 0.521259 0.052757 0.052757
0 0.860018 0.567635 0.071945 0.071945
0 0.786787 0.204555 0.061131 0.061131
0 0.495471 0.191743 0.104277 0.104277
0 0.988598 0.024062 0.057104 0.057104
0 0.001636 0.474356 0.052757 0.052757
0 0.594341 0.686167 0.057104 0.057104
0 0.365534 0.364199 0.062220 0.062220
0 0.630203 0.872803 0.051819 0.051819
0 0.623543 0.127714 0.052757 0.052757
0 0.276369 0.549358 0.104277 0.104277
0 0.534347 0.485898 0.061131 0.061131
0 0.810351 0.816516 0.052757 0.052757
0 0.001181 0.682186 0.057104 0.057104
0 0.567481 0.238239 0.057104 0.057104
0 0.067223 0.089353 0.071945 0.071945
0 0.871627 0.765031 0.057103 0.057103
0 0.618563 0.446393 0.052757 0.052757
0 0.114471 0.151792 0.061130 0.061130
0 0.886620 0.182195 0.104277 0.104277
0 0.292605 0.275747 0.052757 0.052757
0 0.674770 0.382353 0.057104 0.057104
0 0.594723 0.065153 0.057104 0.057104
0 0.787243 0.604364 0.036679 0.036679
0 0.222523 0.890318 0.052757 0.052757
0 0.702724 0.042591 0.061130 0.061130
0 0.906281 0.882371 0.104277 0.104277
0 0.045990 0.364832 0.057104 0.057104
0 0.621005 0.534975 0.057104 0.057104
0 0.706044 0.943147 0.104277 0.104277
0 0.359805 0.211656 0.052757 0.052757
0 0.701181 0.869854 0.071945 0.071945
0 0.132921 0.361089 0.057104 0.057104
0 0.943777 0.331550 0.052757 0.052757
0 0.930883 0.399412 0.104277 0.104277
0 0.355773 0.487608 0.071945 0.071945
0 0.407652 0.882563 0.052757 0.052757
0 0.836521 0.423044 0.104277 0.104277
0 0.464868 0.293939 0.071945 0.071945
0 0.927426 0.590519 0.062220 0.062220
0 0.012140 0.265294 0.057104 0.057104
0 0.790051 0.963688 0.057103 0.057103
0 0.373725 0.803194 0.071945 0.071945
0 0.038755 0.907633 0.071945 0.071945
0 0.835535 0.898390 0.061131 0.061131
0 0.426992 0.454057 0.057104 0.057104
0 0.159329 0.029485 0.061130 0.061130
0 0.047503 0.630819 0.071945 0.071945
0 0.783448 0.364752 0.061130 0.061130
0 0.142098 0.843447 0.062220 0.062220
0 0.257759 0.672447 0.061130 0.061130
0 0.862208 0.495367 0.061130 0.061130
0 0.485076 0.916570 0.052757 0.052757
0 0.431466 0.093775 0.104277 0.104277
0 0.193071 0.574708 0.061130 0.061130
0 0.164145 0.502973 0.061130 0.061130
0 0.733544 0.459235 0.062220 0.062220
0 0.051019 0.009171 0.057104 0.057104
0 0.342825 0.629243 0.104277 0.104277
0 0.506230 0.727116 0.071945 0.071945
0 0.203628 0.240911 0.052757 0.052757
0 0.646976 0.230265 0.062220 0.062220
0 0.196525 0.780834 0.061130 0.061130
0 0.296618 0.873370 0.057104 0.057104
0 0.188767 0.697152 0.104277 0.104277
0 0.396219 0.950986 0.062220 0.062220
0 0.393386 0.677780 0.104277 0.104277
0 0.372291 0.565090 0.052757 0.052757
0 0.679207 0.604778 0.062220 0.062220
0 0.084650 0.438577 0.071945 0.071945
0 0.009595 0.191547 0.062220 0.062220
0 0.099624 0.939447 0.071945 0.071945
0 0.714048 0.148116 0.071945 0.071945
0 0.323927 0.131244 0.052757 0.052757
0 0.821418 0.687474 0.104277 0.104277
0 0.497355 0.811032 0.057104 0.057104
0 0.117298 0.668725 0.052757 0.052757
0 0.884607 0.954113 0.071945 0.071945
0 0.734870 0.652696 0.071945 0.071945
0 0.094195 0.575785 0.061130 0.061130
0 0.453224 0.633840 0.052757 0.052757
0 0.307530 0.785287 0.057104 0.057104
0 0.531602 0.029370 0.062220 0.062220
0 0.116843 0.220946 0.057104 0.057104
0 0.338477 0.031110 0.062220 0.062220
0 0.217034 0.145686 0.057104 0.057104
0 0.091099 0.735751 0.061130 0.061130
0 0.875765 0.642843 0.061131 0.061131
0 0.080951 0.295411 0.048997 0.048997
0 0.283977 0.200042 0.062220 0.062220
0 0.857008 0.111777 0.057104 0.057104
0 0.279959 0.441403 0.062220 0.062220
0 0.608940 0.961822 0.052757 0.052757
0 0.536377 0.996049 0.104277 0.104277
0 0.410598 0.020407 0.052757 0.052757
0 0.051891 0.832436 0.062220 0.062220
0 0.839751 0.251715 0.057104 0.057104
0 0.283536 0.351592 0.061131 0.061131
0 0.848413 0.038078 0.104277 0.104277
0 0.968433 0.679840 0.071945 0.071945
0 0.917746 0.065673 0.104277 0.104277
0 0.931926 0.261931 0.052757 0.052757
0 0.211044 0.448397 0.071945 0.071945
0 0.671826 0.732595 0.057104 0.057104
0 0.006549 0.757991 0.071945 0.071945
0 0.941577 0.815326 0.061131 0.061131