0 0.616910 0.939552 0.062220 0.062220
0 0.786745 0.100948 0.062220 0.062220
0 0.535737 0.403981 0.104277 0.104277
0 0.563795 0.813937 0.057103 0.057103
0 0.197395 0.787223 0.104277 0.104277
0 0.335141 0.859582 0.052757 0.052757
0 0.740819 0.159790 0.062220 0.062220
0 0.887393 0.136802 0.070161 0.070161
0 0.518113 0.128414 0.104278 0.104278
0 0.768600 0.564127 0.057104 0.057104
0 0.495915 0.636075 0.104277 0.104277
0 0.676794 0.107926 0.071945 0.071945
0 0.973100 0.166555 0.062220 0.062220
0 0.990228 0.468847 0.061131 0.061131
0 0.304676 0.569134 0.104277 0.104277
0 0.198253 0.183298 0.104277 0.104277
0 0.159259 0.078292 0.071945 0.071945
0 0.418209 0.165993 0.071945 0.071945
0 0.083520 0.015752 0.057104 0.057104
0 0.924130 0.076026 0.061130 0.061130
0 0.515312 0.500224 0.057104 0.057104
0 0.162511 0.590965 0.062220 0.062220
0 0.174176 0.481187 0.062220 0.062220
0 0.706365 0.719258 0.057104 0.057104
0 0.463882 0.449093 0.104277 0.104277
0 0.235821 0.627486 0.062220 0.062220
0 0.514781 0.010705 0.057104 0.057104
0 0.078722 0.622240 0.104278 0.104278
0 0.739529 0.480554 0.104277 0.104277
0 0.626388 0.761693 0.052757 0.052757
0 0.430243 0.318041 0.052757 0.052757
0 0.904691 0.299618 0.104277 0.104277
0 0.697304 0.301402 0.062220 0.062220
0 0.379563 0.785035 0.062220 0.062220
0 0.078910 0.732995 0.071945 0.071945
0 0.283054 0.243619 0.062220 0.062220
0 0.551629 0.564723 0.057104 0.057104
0 0.708783 0.813758 0.057104 0.057104
0 0.474928 0.979299 0.057104 0.057104
0 0.716644 0.981046 0.057104 0.057104
0 0.078974 0.384130 0.052757 0.052757
0 0.865482 0.006528 0.071945 0.071945
0 0.757173 0.643087 0.052757 0.052757
0 0.828364 0.712168 0.104277 0.104277
0 0.796921 0.281279 0.062220 0.062220
0 0.228512 0.359510 0.061130 0.061130
0 0.167828 0.925486 0.062220 0.062220
0 0.389767 0.988682 0.052757 0.052757
0 0.401379 0.919973 0.061130 0.061130
0 0.604446 0.204406 0.071945 0.071945
0 0.769832 0.914145 0.104277 0.104277
0 0.905141 0.797342 0.061130 0.061130
0 0.595112 0.440190 0.052757 0.052757
0 0.641054 0.651773 0.057104 0.057104
0 0.079880 0.277918 0.104277 0.104277
0 0.470333 0.834791 0.071945 0.071945
0 0.987627 0.695130 0.104277 0.104277
0 0.102545 0.122184 0.052757 0.052757
0 0.238271 0.020599 0.104277 0.104277
0 0.892552 0.532493 0.062220 0.062220
0 0.295923 0.328101 0.061130 0.061130
0 0.165097 0.307359 0.061130 0.061130
0 0.453132 0.575941 0.052757 0.052757
0 0.982319 0.873456 0.062220 0.062220
0 0.374037 0.267500 0.071945 0.071945
0 0.987383 0.331110 0.061131 0.061131
0 0.335951 0.046860 0.104277 0.104277
0 0.249494 0.697142 0.057104 0.057104
0 0.232464 0.117989 0.057104 0.057104
0 0.785496 0.787866 0.061130 0.061130
0 0.313024 0.440152 0.057104 0.057104
0 0.947084 0.937074 0.104278 0.104278
0 0.950367 0.409273 0.052757 0.052757
0 0.327530 0.948118 0.061130 0.061130
0 0.855334 0.209306 0.052757 0.052757
0 0.111479 0.451294 0.061130 0.061130
0 0.294142 0.785304 0.062220 0.062220
0 0.132127 0.217401 0.104278 0.104278
0 0.084632 0.929000 0.061130 0.061130
0 0.828418 0.434688 0.104277 0.104277
0 0.606936 0.514675 0.061130 0.061130
0 0.550787 0.334591 0.104277 0.104277
0 0.513488 0.205491 0.052757 0.052757
0 0.125848 0.857008 0.061130 0.061130
0 0.317547 0.707369 0.057104 0.057104
0 0.733987 0.239254 0.057104 0.057104
0 0.616372 0.363680 0.071945 0.071945
0 0.692516 0.004117 0.104277 0.104277
0 0.175915 0.714718 0.052757 0.052757
0 0.846935 0.590122 0.061130 0.061130
0 0.151630 0.005144 0.071945 0.071945
0 0.683245 0.898468 0.057104 0.057104
0 0.881661 0.895154 0.104277 0.104277
0 0.610509 0.126184 0.056505 0.056505
0 0.558003 0.888817 0.104277 0.104277
0 0.887694 0.663035 0.061130 0.061130
0 0.249528 0.487830 0.062220 0.062220
0 0.830601 0.347537 0.057104 0.057104
0 0.604806 0.057495 0.061130 0.061130
0 0.582130 0.693894 0.062220 0.062220
0 0.933140 0.601845 0.071945 0.071945
0 0.211462 0.862690 0.071945 0.071945
0 0.937707 0.007580 0.057103 0.057103
0 0.681323 0.388836 0.057104 0.057104
0 0.404360 0.081297 0.062220 0.062220
0 0.363400 0.617050 0.104277 0.104277
0 0.341623 0.201716 0.057104 0.057104
0 0.481941 0.752749 0.052757 0.052757
0 0.368802 0.497345 0.057104 0.057104
0 0.429192 0.678206 0.062220 0.062220
0 0.115933 0.536093 0.061130 0.061130
0 0.248334 0.985815 0.062220 0.062220