0 0.286170 0.555101 0.062220 0.062220
0 0.631808 0.894729 0.062220 0.062220
0 0.593582 0.700705 0.062220 0.062220
0 0.884583 0.262877 0.104277 0.104277
0 0.619562 0.344071 0.052757 0.052757
0 0.631254 0.430620 0.104277 0.104277
0 0.977718 0.684245 0.104277 0.104277
0 0.390156 0.754992 0.052757 0.052757
0 0.936579 0.805856 0.104277 0.104277
0 0.823095 0.847830 0.071945 0.071945
0 0.228499 0.609983 0.071945 0.071945
0 0.867436 0.107787 0.052757 0.052757
0 0.981119 0.436987 0.062220 0.062220
0 0.349347 0.839662 0.062220 0.062220
0 0.610987 0.256650 0.104277 0.104277
0 0.943743 0.182922 0.071945 0.071945
0 0.693344 0.188448 0.104277 0.104277
0 0.617511 0.157508 0.061130 0.061130
0 0.279299 0.870298 0.104277 0.104277
0 0.082921 0.643109 0.061130 0.061130
0 0.524582 0.055465 0.104277 0.104277
0 0.359787 0.561163 0.061130 0.061130
0 0.340203 0.473280 0.052757 0.052757
0 0.131349 0.939461 0.104278 0.104278
0 0.960172 0.532743 0.061130 0.061130
0 0.839477 0.574617 0.057104 0.057104
0 0.744452 0.334503 0.104277 0.104277
0 0.501005 0.474107 0.061130 0.061130
0 0.581849 0.599565 0.062220 0.062220
0 0.197039 0.184799 0.061130 0.061130
0 0.776993 0.681375 0.057104 0.057104
0 0.892969 0.711466 0.104277 0.104277
0 0.623738 0.507775 0.057104 0.057104
0 0.389074 0.936906 0.061130 0.061130
0 0.832406 0.920795 0.071945 0.071945
0 0.441536 0.709218 0.062220 0.062220
0 0.539934 0.295430 0.052757 0.052757
0 0.639655 0.965531 0.057104 0.057104
0 0.148523 0.742696 0.062220 0.062220
0 0.660284 0.643218 0.057104 0.057104
0 0.831640 0.181966 0.104277 0.104277
0 0.778937 0.043612 0.057104 0.057104
0 0.984274 0.125216 0.052757 0.052757
0 0.472359 0.555319 0.061130 0.061130
0 0.682105 0.267598 0.061130 0.061130
0 0.356936 0.198149 0.104278 0.104278
0 0.905873 0.444337 0.062220 0.062220
0 0.423785 0.176540 0.052757 0.052757
0 0.437589 0.816350 0.062220 0.062220
0 0.858514 0.785187 0.057104 0.057104
0 0.064894 0.355617 0.062220 0.062220
0 0.933540 0.602175 0.104277 0.104277
0 0.562804 0.936545 0.050891 0.050891
0 0.216226 0.442841 0.062220 0.062220
0 0.288630 0.951980 0.104277 0.104277
0 0.433246 0.431564 0.057104 0.057104
0 0.726674 0.828851 0.062220 0.062220
0 0.802201 0.295958 0.071945 0.071945
0 0.223400 0.774847 0.062220 0.062220
0 0.495455 0.861691 0.062220 0.062220
0 0.591214 0.827610 0.104277 0.104277
0 0.946048 0.362597 0.061130 0.061130
0 0.603947 0.085102 0.052757 0.052757
0 0.754121 0.121387 0.057104 0.057104
0 0.389664 0.299033 0.057104 0.057104
0 0.098662 0.536723 0.104278 0.104278
0 0.316939 0.265413 0.071945 0.071945
0 0.217300 0.530187 0.052757 0.052757
0 0.753062 0.956788 0.061130 0.061130
0 0.756586 0.551906 0.062220 0.062220
0 0.733931 0.405762 0.071945 0.071945
0 0.891485 0.871940 0.062220 0.062220
0 0.255524 0.344979 0.052757 0.052757
0 0.447820 0.340871 0.071945 0.071945
0 0.150203 0.584705 0.057104 0.057104
0 0.183781 0.253383 0.057104 0.057104
0 0.464402 0.934500 0.062220 0.062220
0 0.154278 0.331205 0.104277 0.104277
0 0.958941 0.056526 0.104277 0.104277
0 0.992127 0.753581 0.062220 0.062220
0 0.866340 0.642928 0.071945 0.071945
0 0.115405 0.450730 0.104277 0.104277
0 0.105859 0.231765 0.071945 0.071945
0 0.005558 0.975536 0.104277 0.104277
0 0.542382 0.759630 0.104277 0.104277
0 0.115679 0.860389 0.061131 0.061131
0 0.327349 0.375764 0.052757 0.052757
0 0.087235 0.124768 0.057104 0.057104
0 0.959255 0.290061 0.050559 0.050559
0 0.270237 0.113404 0.104277 0.104277
0 0.773657 0.764408 0.052757 0.052757
0 0.189016 0.875484 0.057104 0.057104
0 0.860897 0.025617 0.061131 0.061131
0 0.928407 0.952053 0.061131 0.061131
0 0.708004 0.066942 0.104277 0.104277
0 0.226053 0.032416 0.052757 0.052757
0 0.309624 0.668332 0.057104 0.057104
0 0.030386 0.576719 0.062220 0.062220
0 0.030560 0.504284 0.057104 0.057104
0 0.194942 0.105052 0.061130 0.061130
0 0.700432 0.759686 0.052757 0.052757
0 0.318285 0.048002 0.062220 0.062220
0 0.384795 0.083044 0.071945 0.071945
0 0.613902 0.006698 0.061130 0.061130
0 0.734104 0.625072 0.061130 0.061130
0 0.022788 0.229484 0.052757 0.052757
0 0.405585 0.644416 0.104277 0.104277
0 0.065563 0.768258 0.057104 0.057104
0 0.514417 0.194148 0.104277 0.104277
0 0.287968 0.189420 0.052757 0.052757
0 0.054214 0.912265 0.061130 0.061130
0 0.818310 0.419743 0.052757 0.052757
0 0.096977 0.018547 0.104277 0.104277
0 0.553701 0.364408 0.104277 0.104277