0 0.250558 0.847854 0.062220 0.062220
0 0.212332 0.653830 0.062220 0.062220
0 0.701720 0.370657 0.071945 0.071945
0 0.903264 0.981308 0.052757 0.052757
0 0.976841 0.338636 0.071945 0.071945
0 0.503333 0.216002 0.104277 0.104277
0 0.710404 0.740989 0.061130 0.061130
0 0.746118 0.126974 0.061130 0.061130
0 0.238312 0.297196 0.052757 0.052757
0 0.772531 0.849081 0.104277 0.104277
0 0.250004 0.383745 0.104277 0.104277
0 0.596468 0.637370 0.104277 0.104277
0 0.008906 0.708117 0.052757 0.052757
0 0.555329 0.758981 0.104277 0.104277
0 0.441845 0.800955 0.071945 0.071945
0 0.919062 0.088850 0.071945 0.071945
0 0.486186 0.060912 0.052757 0.052757
0 0.599869 0.390112 0.062220 0.062220
0 0.229737 0.209775 0.104277 0.104277
0 0.562493 0.136047 0.071945 0.071945
0 0.312094 0.141573 0.104277 0.104277
0 0.236261 0.110633 0.061130 0.061130
0 0.625222 0.562370 0.057104 0.057104
0 0.143332 0.008590 0.104277 0.104277
0 0.997770 0.207708 0.104277 0.104277
0 0.635346 0.916980 0.062220 0.062220
0 0.693569 0.544806 0.104277 0.104277
0 0.851231 0.841998 0.062220 0.062220
0 0.578922 0.485868 0.061130 0.061130
0 0.458227 0.527742 0.057104 0.057104
0 0.363202 0.287628 0.104277 0.104277
0 0.119755 0.427232 0.061130 0.061130
0 0.200599 0.552690 0.062220 0.062220
0 0.853961 0.447068 0.052757 0.052757
0 0.395743 0.634500 0.057104 0.057104
0 0.511719 0.664591 0.104277 0.104277
0 0.305808 0.990646 0.071945 0.071945
0 0.242488 0.460900 0.057104 0.057104
0 0.972704 0.834818 0.062220 0.062220
0 0.007824 0.890031 0.061130 0.061130
0 0.821178 0.633936 0.071945 0.071945
0 0.451156 0.873920 0.071945 0.071945
0 0.060286 0.662343 0.062220 0.062220
0 0.158684 0.248555 0.052757 0.052757
0 0.258405 0.918656 0.057104 0.057104
0 0.640366 0.212336 0.052757 0.052757
0 0.925518 0.541120 0.104277 0.104277
0 0.279034 0.596343 0.057104 0.057104
0 0.450390 0.135091 0.104277 0.104277
0 0.603024 0.078341 0.052757 0.052757
0 0.091109 0.508444 0.061130 0.061130
0 0.934342 0.274912 0.062220 0.062220
0 0.778029 0.350462 0.061131 0.061131
0 0.222249 0.998309 0.052757 0.052757
0 0.300855 0.220723 0.061130 0.061130
0 0.736422 0.278913 0.071945 0.071945
0 0.524623 0.397462 0.062220 0.062220
0 0.765861 0.012766 0.061130 0.061130
0 0.042535 0.129665 0.052757 0.052757
0 0.739568 0.601773 0.057104 0.057104
0 0.056339 0.769475 0.062220 0.062220
0 0.477264 0.738312 0.057104 0.057104
0 0.552290 0.555300 0.104277 0.104277
0 0.181554 0.889670 0.050891 0.050891
0 0.051996 0.384689 0.057104 0.057104
0 0.345424 0.781976 0.062220 0.062220
0 0.420951 0.249083 0.071945 0.071945
0 0.466243 0.991042 0.057104 0.057104
0 0.066574 0.968692 0.052757 0.052757
0 0.880172 0.907751 0.062220 0.062220
0 0.855252 0.356184 0.052757 0.052757
0 0.114205 0.814816 0.062220 0.062220
0 0.209964 0.780735 0.104277 0.104277
0 0.564798 0.315722 0.061130 0.061130
0 0.222697 0.038227 0.052757 0.052757
0 0.372871 0.074512 0.057104 0.057104
0 0.008414 0.252158 0.057104 0.057104
0 0.838361 0.563294 0.062220 0.062220
0 0.371812 0.909913 0.061130 0.061130
0 0.782784 0.743053 0.104277 0.104277
0 0.375336 0.505031 0.062220 0.062220
0 0.352681 0.358887 0.071945 0.071945
0 0.510235 0.825065 0.062220 0.062220
0 0.066570 0.293996 0.071945 0.071945
0 0.694779 0.970783 0.052757 0.052757
0 0.083152 0.887625 0.062220 0.062220
0 0.966766 0.932719 0.052757 0.052757
0 0.577691 0.009651 0.104277 0.104277
0 0.610877 0.706706 0.062220 0.062220
0 0.932878 0.169945 0.052757 0.052757
0 0.485090 0.596053 0.071945 0.071945
0 0.844925 0.221809 0.052757 0.052757
0 0.786401 0.918613 0.061131 0.061131
0 0.664462 0.288196 0.057104 0.057104
0 0.161132 0.712755 0.104277 0.104277
0 0.761726 0.668775 0.104277 0.104277
0 0.931947 0.448245 0.055027 0.055027
0 0.722638 0.477158 0.062220 0.062220
0 0.578005 0.243186 0.050559 0.050559
0 0.872227 0.741321 0.052757 0.052757
0 0.707144 0.185965 0.061130 0.061130
0 0.836415 0.006337 0.071945 0.071945
0 0.392407 0.717533 0.052757 0.052757
0 0.678628 0.634121 0.071945 0.071945
0 0.547157 0.905178 0.061131 0.061131
0 0.326754 0.020067 0.104277 0.104277
0 0.835215 0.100890 0.071945 0.071945
0 0.794677 0.489968 0.104277 0.104277
0 0.958687 0.634225 0.061130 0.061130
0 0.637178 0.834231 0.104277 0.104277
0 0.319182 0.712811 0.052757 0.052757
0 0.003545 0.036169 0.071945 0.071945
0 0.352854 0.578197 0.061130 0.061130
0 0.024335 0.597541 0.104277 0.104277
0 0.133167 0.147273 0.104277 0.104277
0 0.948124 0.009465 0.104277 0.104277
0 0.672567 0.052954 0.104277 0.104277
0 0.437060 0.372868 0.052757 0.052757
0 0.172451 0.317533 0.104277 0.104277