0 0.521120 0.366573 0.062220 0.062220
0 0.270112 0.669606 0.104277 0.104277
0 0.475194 0.425415 0.062220 0.062220
0 0.621768 0.402427 0.070161 0.070161
0 0.123854 0.073088 0.062220 0.062220
0 0.252488 0.394039 0.104278 0.104278
0 0.975142 0.061020 0.062220 0.062220
0 0.502975 0.829752 0.057104 0.057104
0 0.371881 0.065446 0.057104 0.057104
0 0.230290 0.901700 0.104277 0.104277
0 0.891682 0.493624 0.071945 0.071945
0 0.989341 0.181002 0.062220 0.062220
0 0.411169 0.373551 0.071945 0.071945
0 0.707475 0.432180 0.062220 0.062220
0 0.724603 0.734472 0.061131 0.061131
0 0.385589 0.142131 0.062220 0.062220
0 0.039051 0.834759 0.104277 0.104277
0 0.744046 0.496016 0.104277 0.104277
0 0.919241 0.148407 0.052757 0.052757
0 0.152584 0.431618 0.071945 0.071945
0 0.658505 0.341651 0.061130 0.061130
0 0.249687 0.765849 0.057104 0.057104
0 0.371390 0.224892 0.071945 0.071945
0 0.440740 0.984883 0.057104 0.057104
0 0.198257 0.714718 0.104277 0.104277
0 0.788015 0.630942 0.071945 0.071945
0 0.305694 0.163893 0.104277 0.104277
0 0.121935 0.239673 0.104277 0.104277
0 0.249156 0.276330 0.057104 0.057104
0 0.241239 0.139629 0.071945 0.071945
0 0.473904 0.746179 0.104277 0.104277
0 0.852231 0.227456 0.071945 0.071945
0 0.458102 0.095885 0.071945 0.071945
0 0.164618 0.583666 0.052757 0.052757
0 0.639066 0.565243 0.104277 0.104277
0 0.739930 0.309840 0.057104 0.057104
0 0.431679 0.567027 0.062220 0.062220
0 0.740686 0.112696 0.061131 0.061131
0 0.850098 0.879856 0.071945 0.071945
0 0.017429 0.509244 0.062220 0.062220
0 0.286004 0.830348 0.057104 0.057104
0 0.039530 0.148378 0.104277 0.104277
0 0.710402 0.211971 0.071945 0.071945
0 0.599857 0.272153 0.071945 0.071945
0 0.491548 0.908712 0.052757 0.052757
0 0.562739 0.977793 0.104277 0.104277
0 0.531296 0.546904 0.062220 0.062220
0 0.461499 0.207207 0.052757 0.052757
0 0.338821 0.470031 0.071945 0.071945
0 0.329487 0.705815 0.052757 0.052757
0 0.375429 0.917398 0.057104 0.057104
0 0.722002 0.960755 0.104277 0.104277
0 0.837521 0.129985 0.052757 0.052757
0 0.773350 0.375479 0.062220 0.062220
0 0.934883 0.845215 0.062220 0.062220
0 0.043750 0.235813 0.057104 0.057104
0 0.626927 0.798118 0.062220 0.062220
0 0.030298 0.593726 0.061130 0.061130
0 0.187507 0.841566 0.052757 0.052757
0 0.517096 0.262318 0.052757 0.052757
0 0.817914 0.559417 0.061131 0.061131
0 0.570779 0.091282 0.071945 0.071945
0 0.108412 0.533125 0.071945 0.071945
0 0.721758 0.596735 0.061131 0.061131
0 0.070326 0.312485 0.104277 0.104277
0 0.990299 0.370939 0.071945 0.071945
0 0.901764 0.068200 0.062220 0.062220
0 0.594713 0.172535 0.057104 0.057104
0 0.047399 0.705777 0.057104 0.057104
0 0.211223 0.215229 0.062220 0.062220
0 0.281251 0.045809 0.104277 0.104277
0 0.684742 0.674898 0.052757 0.052757
0 0.764376 0.869719 0.061131 0.061131
0 0.981930 0.567261 0.057104 0.057104
0 0.589709 0.474931 0.052757 0.052757
0 0.836855 0.408594 0.071945 0.071945
0 0.918029 0.270597 0.071945 0.071945
0 0.653483 0.059127 0.104277 0.104277
0 0.562793 0.700313 0.104277 0.104277
0 0.341311 0.780300 0.061130 0.061130
0 0.285162 0.600216 0.104277 0.104277
0 0.247863 0.471116 0.052757 0.052757
0 0.051922 0.972994 0.057104 0.057104
0 0.468362 0.504879 0.057104 0.057104
0 0.350747 0.629305 0.071945 0.071945
0 0.426891 0.269742 0.104277 0.104277
0 0.581310 0.855747 0.061130 0.061130
0 0.848435 0.331644 0.071945 0.071945
0 0.344884 0.391809 0.056505 0.056505
0 0.947831 0.934540 0.057104 0.057104
0 0.853680 0.682561 0.104277 0.104277
0 0.622069 0.928660 0.061130 0.061130
0 0.920022 0.751998 0.052757 0.052757
0 0.799050 0.970681 0.071945 0.071945
0 0.927177 0.617542 0.071945 0.071945
0 0.941150 0.427556 0.104277 0.104277
0 0.564976 0.613162 0.057104 0.057104
0 0.339181 0.323120 0.061130 0.061130
0 0.316505 0.959519 0.062220 0.062220
0 0.667515 0.867470 0.071945 0.071945
0 0.672082 0.273205 0.057103 0.057103
0 0.415698 0.654461 0.057104 0.057104
0 0.138735 0.346922 0.062220 0.062220
0 0.049286 0.052865 0.062220 0.062220
0 0.097775 0.882675 0.104277 0.104277
0 0.075998 0.467341 0.057104 0.057104
0 0.103177 0.762970 0.057104 0.057104
0 0.156011 0.134172 0.061130 0.061130
0 0.824799 0.059549 0.057104 0.057104
0 0.163567 0.943831 0.062220 0.062220
0 0.807579 0.741698 0.052757 0.052757