0 0.478342 0.180727 0.104277 0.104277
0 0.150802 0.388255 0.104278 0.104278
0 0.404845 0.980032 0.071945 0.071945
0 0.628632 0.178403 0.062220 0.062220
0 0.679966 0.948011 0.071945 0.071945
0 0.960344 0.688332 0.071945 0.071945
0 0.206458 0.825377 0.104277 0.104277
0 0.268946 0.549603 0.052757 0.052757
0 0.449243 0.736349 0.061130 0.061130
0 0.855521 0.861326 0.104277 0.104277
0 0.991890 0.168878 0.047276 0.047276
0 0.882244 0.475479 0.062220 0.062220
0 0.168240 0.499060 0.052757 0.052757
0 0.622187 0.698225 0.071945 0.071945
0 0.189311 0.670287 0.052757 0.052757
0 0.302994 0.999487 0.062220 0.062220
0 0.472466 0.095542 0.057104 0.057104
0 0.265618 0.745422 0.071945 0.071945
0 0.015219 0.750948 0.104277 0.104277
0 0.508328 0.282178 0.051819 0.051819
0 0.688476 0.225891 0.052757 0.052757
0 0.401034 0.570979 0.104277 0.104277
0 0.700895 0.817083 0.104277 0.104277
0 0.818674 0.628276 0.071945 0.071945
0 0.749752 0.174406 0.057103 0.057103
0 0.823421 0.559830 0.062220 0.062220
0 0.066327 0.897003 0.104277 0.104277
0 0.761377 0.755581 0.057104 0.057104
0 0.804344 0.929256 0.062220 0.062220
0 0.704094 0.687365 0.062220 0.062220
0 0.665368 0.013739 0.036679 0.036679
0 0.100648 0.299693 0.052757 0.052757
0 0.784406 0.291746 0.104277 0.104277
0 0.584169 0.352522 0.104277 0.104277
0 0.889743 0.660058 0.061130 0.061130
0 0.579306 0.279229 0.071945 0.071945
0 0.975898 0.274803 0.071945 0.071945
0 0.343491 0.821711 0.052757 0.052757
0 0.285777 0.291938 0.052757 0.052757
0 0.881737 0.306614 0.061131 0.061131
0 0.153515 0.744466 0.104277 0.104277
0 0.100812 0.606112 0.057104 0.057104
0 0.306149 0.687716 0.052757 0.052757
0 0.997776 0.057876 0.057104 0.057104
0 0.500624 0.439151 0.054783 0.054783
0 0.637467 0.884287 0.062220 0.062220
0 0.481154 0.959837 0.061131 0.061131
0 0.668176 0.373063 0.057103 0.057103
0 0.003980 0.830098 0.061130 0.061130
0 0.439547 0.888288 0.071945 0.071945
0 0.468726 0.551317 0.071945 0.071945
0 0.468986 0.622141 0.061130 0.061130
0 0.251850 0.212569 0.071945 0.071945
0 0.025527 0.418166 0.061130 0.061130
0 0.083529 0.532704 0.052757 0.052757
0 0.762482 0.439884 0.061131 0.061131
0 0.349006 0.447819 0.057104 0.057104
0 0.713660 0.307765 0.061131 0.061131
0 0.124076 0.858458 0.071945 0.071945
0 0.923989 0.917232 0.045227 0.045227
0 0.558377 0.965559 0.052757 0.052757
0 0.020223 0.252822 0.062220 0.062220
0 0.135884 0.081822 0.061130 0.061130
0 0.979231 0.400307 0.071945 0.071945
0 0.984613 0.538832 0.104278 0.104278
0 0.914214 0.160745 0.062220 0.062220
0 0.267923 0.925097 0.061130 0.061130
0 0.363201 0.325945 0.052757 0.052757
0 0.979654 0.821027 0.061130 0.061130
0 0.075996 0.683887 0.057104 0.057104
0 0.055806 0.968262 0.071945 0.071945
0 0.220950 0.038618 0.104277 0.104277
0 0.384355 0.136491 0.071945 0.071945
0 0.915818 0.373410 0.104278 0.104278
0 0.593139 0.539809 0.052757 0.052757
0 0.074650 0.190209 0.061130 0.061130
0 0.888798 0.015818 0.104277 0.104277
0 0.174743 0.282745 0.057104 0.057104
0 0.066892 0.106527 0.104277 0.104277
0 0.274344 0.360361 0.062220 0.062220
0 0.839171 0.412989 0.062220 0.062220
0 0.271511 0.087155 0.104277 0.104277
0 0.280816 0.619026 0.104277 0.104277
0 0.636003 0.779320 0.052757 0.052757
0 0.557332 0.014153 0.062220 0.062220
0 0.017103 0.494801 0.104277 0.104277
0 0.548050 0.831184 0.052757 0.052757
0 0.367587 0.897571 0.057104 0.057104
0 0.220647 0.416450 0.104277 0.104277
0 0.699543 0.096849 0.104277 0.104277
0 0.375480 0.220407 0.057104 0.057104
0 0.838060 0.764724 0.061131 0.061131
0 0.743697 0.628987 0.057104 0.057104
0 0.762732 0.363488 0.071945 0.071945
0 0.612995 0.062071 0.071945 0.071945
0 0.331349 0.043215 0.052757 0.052757
0 0.185655 0.194662 0.057104 0.057104
0 0.576984 0.425900 0.104277 0.104277
0 0.767264 0.858442 0.061131 0.061131
0 0.281130 0.852561 0.050559 0.050559
0 0.753890 0.052218 0.061131 0.061131
0 0.410269 0.795340 0.061130 0.061130
0 0.539540 0.615712 0.071945 0.071945
0 0.641527 0.470098 0.057104 0.057104
0 0.681573 0.527236 0.104277 0.104277
0 0.182772 0.588117 0.061131 0.061131
0 0.029879 0.629442 0.104277 0.104277
0 0.538340 0.710265 0.071945 0.071945
0 0.487065 0.371197 0.052757 0.052757
0 0.414502 0.405424 0.104277 0.104277
0 0.925183 0.778218 0.052757 0.052757
0 0.104784 0.458169 0.071945 0.071945
0 0.846558 0.089215 0.071945 0.071945
0 0.344985 0.524389 0.071945 0.071945
0 0.651249 0.618840 0.104277 0.104277
0 0.375692 0.662329 0.104277 0.104277
0 0.140185 0.982243 0.052757 0.052757
0 0.927458 0.584385 0.061131 0.061131
0 0.549951 0.141970 0.057104 0.057104
0 0.819702 0.224701 0.061131 0.061131