0 0.209083 0.659988 0.052757 0.052757
0 0.761011 0.399356 0.052757 0.052757
0 0.684697 0.820537 0.057104 0.057104
0 0.635217 0.119893 0.052757 0.052757
0 0.182002 0.321036 0.071945 0.071945
0 0.760556 0.607186 0.057104 0.057104
0 0.826598 0.014353 0.071945 0.071945
0 0.873846 0.076792 0.061130 0.061130
0 0.174918 0.730233 0.062220 0.062220
0 0.981898 0.815318 0.052757 0.052757
0 0.387588 0.801390 0.071945 0.071945
0 0.526193 0.905912 0.104277 0.104277
0 0.446624 0.974836 0.052757 0.052757
0 0.805365 0.289832 0.057104 0.057104
0 0.669579 0.975073 0.104277 0.104277
0 0.892296 0.286089 0.057104 0.057104
0 0.202615 0.094772 0.104278 0.104278
0 0.359192 0.969034 0.052757 0.052757
0 0.573707 0.031387 0.071945 0.071945
0 0.503462 0.024302 0.057104 0.057104
0 0.771515 0.190294 0.057104 0.057104
0 0.906777 0.933791 0.061130 0.061130
0 0.798130 0.832633 0.071945 0.071945
0 0.172546 0.823403 0.052757 0.052757
0 0.318139 0.531508 0.071945 0.071945
0 0.507963 0.714137 0.061130 0.061130
0 0.311205 0.461052 0.071945 0.071945
0 0.806878 0.555819 0.071945 0.071945
0 0.757703 0.917261 0.062220 0.062220
0 0.901473 0.768447 0.062220 0.062220
0 0.506994 0.358062 0.071945 0.071945
0 0.460831 0.863915 0.104277 0.104277
0 0.952446 0.499708 0.061130 0.061130
0 0.923520 0.427973 0.061130 0.061130
0 0.704638 0.154246 0.104277 0.104277
0 0.476033 0.109553 0.057104 0.057104
0 0.678960 0.048508 0.104277 0.104277
0 0.963003 0.165911 0.052757 0.052757
0 0.955900 0.705834 0.061130 0.061130
0 0.694053 0.240808 0.104277 0.104277
0 0.518163 0.439760 0.071945 0.071945
0 0.948142 0.622152 0.104277 0.104277
0 0.637450 0.390891 0.052757 0.052757
0 0.469414 0.521985 0.052757 0.052757
0 0.313050 0.861616 0.052757 0.052757
0 0.402097 0.200539 0.061130 0.061130
0 0.210419 0.582324 0.104278 0.104278
0 0.844025 0.363577 0.071945 0.071945
0 0.768970 0.116547 0.062220 0.062220
0 0.393191 0.394418 0.061130 0.061130
0 0.858999 0.864447 0.071945 0.071945
0 0.401141 0.715573 0.104277 0.104277
0 0.729902 0.322244 0.104277 0.104277
0 0.600065 0.928514 0.071945 0.071945
0 0.739937 0.772611 0.050932 0.050932
0 0.279723 0.264690 0.061130 0.061130
0 0.876673 0.593725 0.052757 0.052757
0 0.352048 0.626443 0.057104 0.057104
0 0.642810 0.540616 0.071945 0.071945
0 0.853570 0.500785 0.061130 0.061130
0 0.429172 0.465244 0.062220 0.062220
0 0.565710 0.137039 0.057104 0.057104
0 0.876218 0.145946 0.057104 0.057104
0 0.295201 0.184102 0.057104 0.057104
0 0.367906 0.079213 0.104277 0.104277
0 0.600394 0.827247 0.071945 0.071945
0 0.508031 0.590418 0.104277 0.104277
0 0.214786 0.390362 0.061130 0.061130
0 0.279254 0.948826 0.104277 0.104277
0 0.976409 0.070686 0.057104 0.057104
0 0.850474 0.660751 0.061130 0.061130
0 0.712839 0.503910 0.071945 0.071945
0 0.565474 0.215148 0.061130 0.061130
0 0.495311 0.202427 0.062220 0.062220
0 0.840326 0.220411 0.048997 0.048997
0 0.307128 0.691160 0.062220 0.062220
0 0.266830 0.025805 0.104277 0.104277
0 0.514011 0.812066 0.052757 0.052757
0 0.811266 0.757436 0.062220 0.062220
0 0.607021 0.735340 0.062220 0.062220
0 0.225372 0.183150 0.057104 0.057104
0 0.272818 0.341924 0.057104 0.057104
0 0.463872 0.286967 0.071945 0.071945
0 0.246912 0.787229 0.057104 0.057104
0 0.617685 0.314788 0.104277 0.104277
0 0.383811 0.279891 0.071945 0.071945
0 0.374062 0.002750 0.061130 0.061130
0 0.986034 0.973794 0.071945 0.071945
0 0.456789 0.645345 0.071945 0.071945
0 0.551874 0.650314 0.047555 0.047555
0 0.685974 0.675110 0.052757 0.052757
0 0.758127 0.038655 0.057104 0.057104
0 0.198514 0.968061 0.071945 0.071945
0 0.316391 0.774115 0.057103 0.057103
0 0.970419 0.373397 0.071945 0.071945
0 0.681694 0.893215 0.071945 0.071945
0 0.765924 0.682991 0.071945 0.071945
0 0.213056 0.478578 0.062220 0.062220