0 0.283045 0.833226 0.062220 0.062220
0 0.825802 0.103880 0.104278 0.104278
0 0.590457 0.978830 0.062220 0.062220
0 0.881458 0.541002 0.104277 0.104277
0 0.943946 0.265228 0.052757 0.052757
0 0.616437 0.622196 0.052757 0.052757
0 0.628129 0.708745 0.104277 0.104277
0 0.468479 0.256203 0.061130 0.061130
0 0.974593 0.962370 0.104277 0.104277
0 0.225374 0.888108 0.071945 0.071945
0 0.843240 0.214685 0.052757 0.052757
0 0.864311 0.385912 0.052757 0.052757
0 0.977994 0.715112 0.062220 0.062220
0 0.607862 0.534775 0.104277 0.104277
0 0.940618 0.461047 0.071945 0.071945
0 0.690219 0.466573 0.104277 0.104277
0 0.614386 0.435633 0.061130 0.061130
0 0.478447 0.020537 0.057104 0.057104
0 0.079796 0.921234 0.061130 0.061130
0 0.521457 0.333590 0.104277 0.104277
0 0.356662 0.839288 0.061130 0.061130
0 0.337078 0.751405 0.052757 0.052757
0 0.957047 0.810868 0.061130 0.061130
0 0.836352 0.852742 0.057104 0.057104
0 0.741327 0.612628 0.104277 0.104277
0 0.497880 0.752232 0.061130 0.061130
0 0.578724 0.877690 0.062220 0.062220
0 0.193914 0.462924 0.061130 0.061130
0 0.775648 0.015318 0.052757 0.052757
0 0.773868 0.959500 0.057104 0.057104
0 0.181338 0.001390 0.071945 0.071945
0 0.889844 0.989591 0.104277 0.104277
0 0.319943 0.105912 0.104277 0.104277
0 0.240374 0.174836 0.052757 0.052757
0 0.620613 0.785900 0.057104 0.057104
0 0.438411 0.987343 0.062220 0.062220
0 0.463329 0.175073 0.104277 0.104277
0 0.536809 0.573555 0.052757 0.052757
0 0.960777 0.007563 0.052757 0.052757
0 0.152942 0.169034 0.052757 0.052757
0 0.657159 0.921343 0.057104 0.057104
0 0.399284 0.257130 0.052757 0.052757
0 0.828515 0.460091 0.104277 0.104277
0 0.775812 0.321737 0.057104 0.057104
0 0.981149 0.403341 0.052757 0.052757
0 0.469234 0.833444 0.061130 0.061130
0 0.678980 0.545723 0.061130 0.061130
0 0.353811 0.476274 0.104278 0.104278
0 0.902748 0.722462 0.062220 0.062220
0 0.420660 0.454665 0.052757 0.052757
0 0.700527 0.133791 0.061130 0.061130
0 0.591880 0.032633 0.071945 0.071945
0 0.758529 0.248329 0.052757 0.052757
0 0.061769 0.633742 0.062220 0.062220
0 0.930415 0.880300 0.104277 0.104277
0 0.213101 0.720966 0.062220 0.062220
0 0.430121 0.709689 0.057104 0.057104
0 0.799076 0.574083 0.071945 0.071945
0 0.580784 0.200926 0.061130 0.061130
0 0.551453 0.117261 0.062220 0.062220
0 0.019755 0.265438 0.061130 0.061130
0 0.942923 0.640722 0.061130 0.061130
0 0.600822 0.363227 0.052757 0.052757
0 0.750996 0.399512 0.057104 0.057104
0 0.386539 0.577158 0.057104 0.057104
0 0.254581 0.063915 0.104277 0.104277
0 0.095537 0.814848 0.104278 0.104278
0 0.313814 0.543538 0.071945 0.071945
0 0.214175 0.808312 0.052757 0.052757
0 0.753461 0.830031 0.062220 0.062220
0 0.730806 0.683887 0.071945 0.071945
0 0.252399 0.623104 0.052757 0.052757
0 0.444695 0.618996 0.071945 0.071945
0 0.147078 0.862830 0.057104 0.057104
0 0.949344 0.075986 0.062220 0.062220
0 0.180656 0.531508 0.057104 0.057104
0 0.151153 0.609330 0.104277 0.104277
0 0.955816 0.334651 0.104277 0.104277
0 0.106800 0.061616 0.052757 0.052757
0 0.863215 0.921053 0.071945 0.071945
0 0.692103 0.210426 0.104277 0.104277
0 0.652749 0.064447 0.071945 0.071945
0 0.895647 0.132075 0.104277 0.104277
0 0.112280 0.728855 0.104277 0.104277
0 0.102734 0.509890 0.071945 0.071945
0 0.393815 0.128514 0.071945 0.071945
0 0.324224 0.653889 0.052757 0.052757
0 0.394144 0.027247 0.071945 0.071945
0 0.073004 0.148826 0.104277 0.104277
0 0.084110 0.402893 0.057104 0.057104
0 0.956130 0.568186 0.050559 0.050559
0 0.267112 0.391529 0.104277 0.104277
0 0.317255 0.235764 0.104277 0.104277
0 0.857772 0.303742 0.061131 0.061131
0 0.704879 0.345067 0.104277 0.104277
0 0.307761 0.012066 0.052757 0.052757
0 0.222928 0.310541 0.052757 0.052757
0 0.306499 0.946457 0.057104 0.057104
0 0.027261 0.854844 0.062220 0.062220
0 0.027435 0.782409 0.057104 0.057104
0 0.102157 0.225330 0.104277 0.104277
0 0.191817 0.383177 0.061130 0.061130
0 0.315160 0.326127 0.062220 0.062220
0 0.381670 0.361169 0.071945 0.071945
0 0.779784 0.173794 0.071945 0.071945
0 0.610777 0.284823 0.061130 0.061130
0 0.730979 0.903197 0.061130 0.061130
0 0.019663 0.507609 0.052757 0.052757
0 0.402460 0.922541 0.104277 0.104277
0 0.511292 0.472273 0.104277 0.104277
0 0.284843 0.467545 0.052757 0.052757
0 0.815185 0.697868 0.052757 0.052757
0 0.475444 0.093215 0.071945 0.071945
0 0.093852 0.296672 0.104277 0.104277
0 0.550576 0.642533 0.104277 0.104277