0 0.401720 0.380032 0.071945 0.071945
0 0.964259 0.886734 0.104277 0.104277
0 0.603264 0.990683 0.052757 0.052757
0 0.676841 0.348011 0.071945 0.071945
0 0.957219 0.088332 0.071945 0.071945
0 0.203333 0.225377 0.104277 0.104277
0 0.708969 0.463381 0.052757 0.052757
0 0.410404 0.750364 0.061130 0.061130
0 0.947252 0.570535 0.061131 0.061131
0 0.853129 0.686869 0.062220 0.062220
0 0.446118 0.136349 0.061130 0.061130
0 0.852396 0.261326 0.104277 0.104277
0 0.836485 0.857062 0.052757 0.052757
0 0.472531 0.858456 0.104277 0.104277
0 0.994307 0.979187 0.052757 0.052757
0 0.296468 0.646745 0.104277 0.104277
0 0.255329 0.768356 0.104277 0.104277
0 0.141845 0.810330 0.071945 0.071945
0 0.619062 0.098225 0.071945 0.071945
0 0.186186 0.070287 0.052757 0.052757
0 0.299869 0.399487 0.062220 0.062220
0 0.262493 0.145422 0.071945 0.071945
0 0.012094 0.150948 0.104277 0.104277
0 0.729284 0.709665 0.104277 0.104277
0 0.325222 0.571745 0.057104 0.057104
0 0.819392 0.424445 0.104277 0.104277
0 0.868742 0.966786 0.061130 0.061130
0 0.774531 0.615564 0.071945 0.071945
0 0.984589 0.508188 0.052757 0.052757
0 0.697770 0.217083 0.104277 0.104277
0 0.335346 0.926355 0.062220 0.062220
0 0.815549 0.028276 0.071945 0.071945
0 0.393569 0.554181 0.104277 0.104277
0 0.810783 0.768323 0.052757 0.052757
0 0.551231 0.851373 0.062220 0.062220
0 0.278922 0.495243 0.061130 0.061130
0 0.158227 0.537117 0.057104 0.057104
0 0.063202 0.297003 0.104277 0.104277
0 0.758252 0.155581 0.057104 0.057104
0 0.801219 0.329256 0.062220 0.062220
0 0.553961 0.456443 0.052757 0.052757
0 0.700969 0.087365 0.062220 0.062220
0 0.095743 0.643875 0.057104 0.057104
0 0.211719 0.673966 0.104277 0.104277
0 0.672704 0.844193 0.062220 0.062220
0 0.521178 0.643311 0.071945 0.071945
0 0.151156 0.883295 0.071945 0.071945
0 0.886618 0.060058 0.061130 0.061130
0 0.731182 0.558320 0.102474 0.102474
0 0.772071 0.915440 0.071945 0.071945
0 0.340366 0.221711 0.052757 0.052757
0 0.625518 0.550495 0.104277 0.104277
0 0.150390 0.144466 0.104277 0.104277
0 0.097687 0.006112 0.057104 0.057104
0 0.303024 0.087716 0.052757 0.052757
0 0.634342 0.284287 0.062220 0.062220
0 0.478029 0.359837 0.061131 0.061131
0 0.000855 0.230098 0.061130 0.061130
0 0.436422 0.288288 0.071945 0.071945
0 0.224623 0.406837 0.062220 0.062220
0 0.465861 0.022141 0.061130 0.061130
0 0.439568 0.611148 0.057104 0.057104
0 0.177264 0.747687 0.057104 0.057104
0 0.252290 0.564675 0.104277 0.104277
0 0.045424 0.791351 0.062220 0.062220
0 0.120951 0.258458 0.071945 0.071945
0 0.920864 0.317232 0.045227 0.045227
0 0.580172 0.917126 0.062220 0.062220
0 0.555252 0.365559 0.052757 0.052757
0 0.264798 0.325097 0.061130 0.061130
0 0.976529 0.221027 0.061130 0.061130
0 0.072871 0.083887 0.057104 0.057104
0 0.538361 0.572669 0.062220 0.062220
0 0.071812 0.919288 0.061130 0.061130
0 0.482784 0.752428 0.104277 0.104277
0 0.075336 0.514406 0.062220 0.062220
0 0.052681 0.368262 0.071945 0.071945
0 0.210235 0.834440 0.062220 0.062220
0 0.394779 0.980158 0.052757 0.052757
0 0.666766 0.942094 0.052757 0.052757
0 0.277691 0.019026 0.104277 0.104277
0 0.310877 0.716081 0.062220 0.062220
0 0.632878 0.179320 0.052757 0.052757
0 0.185090 0.605428 0.071945 0.071945
0 0.544925 0.231184 0.052757 0.052757
0 0.968118 0.787882 0.061131 0.061131
0 0.486401 0.927988 0.061131 0.061131
0 0.364462 0.297571 0.057104 0.057104
0 0.834935 0.164724 0.061131 0.061131
0 0.740572 0.028987 0.057104 0.057104
0 0.461726 0.678150 0.104277 0.104277
0 0.933690 0.663894 0.061131 0.061131
0 0.899944 0.814979 0.062221 0.062221
0 0.735842 0.815261 0.052757 0.052757
0 0.631947 0.457620 0.055027 0.055027
0 0.764139 0.258442 0.061131 0.061131
0 0.422638 0.486533 0.062220 0.062220
0 0.841976 0.561798 0.104277 0.104277
0 0.278005 0.252561 0.050559 0.050559
0 0.572227 0.750696 0.052757 0.052757
0 0.407144 0.195340 0.061130 0.061130
0 0.536415 0.015712 0.071945 0.071945
0 0.092407 0.726908 0.052757 0.052757
0 0.378628 0.643496 0.071945 0.071945
0 0.247157 0.914553 0.061131 0.061131
0 0.026754 0.029442 0.104277 0.104277
0 0.535215 0.110265 0.071945 0.071945
0 0.494677 0.499343 0.104277 0.104277
0 0.658687 0.643600 0.061130 0.061130
0 0.337178 0.843606 0.104277 0.104277
0 0.019182 0.722186 0.052757 0.052757
0 0.922058 0.178218 0.052757 0.052757
0 0.052854 0.587572 0.061130 0.061130
0 0.648124 0.018840 0.104277 0.104277
0 0.372567 0.062329 0.104277 0.104277
0 0.137060 0.382243 0.052757 0.052757
0 0.896715 0.510472 0.057104 0.057104
0 0.910665 0.434389 0.088662 0.088662