0 0.420545 0.823851 0.062220 0.062220
0 0.963302 0.094505 0.104278 0.104278
0 0.727957 0.969455 0.062220 0.062220
0 0.753937 0.612821 0.052757 0.052757
0 0.765629 0.699370 0.104277 0.104277
0 0.605979 0.246828 0.061130 0.061130
0 0.362874 0.878733 0.071945 0.071945
0 0.980740 0.205310 0.052757 0.052757
0 0.745362 0.525400 0.104277 0.104277
0 0.827719 0.457198 0.104277 0.104277
0 0.751886 0.426258 0.061130 0.061130
0 0.615947 0.011162 0.057104 0.057104
0 0.110809 0.334792 0.062220 0.062220
0 0.217296 0.911859 0.061130 0.061130
0 0.658957 0.324215 0.104277 0.104277
0 0.494162 0.829913 0.061130 0.061130
0 0.474578 0.742030 0.052757 0.052757
0 0.973852 0.843367 0.057104 0.057104
0 0.878827 0.603253 0.104277 0.104277
0 0.635380 0.742857 0.061130 0.061130
0 0.716224 0.868315 0.062220 0.062220
0 0.331414 0.453549 0.061130 0.061130
0 0.913148 0.005943 0.052757 0.052757
0 0.911368 0.950125 0.057104 0.057104
0 0.133885 0.572161 0.104278 0.104278
0 0.457443 0.096537 0.104277 0.104277
0 0.377874 0.165461 0.052757 0.052757
0 0.758113 0.776525 0.057104 0.057104
0 0.575911 0.977968 0.062220 0.062220
0 0.600829 0.165698 0.104277 0.104277
0 0.674309 0.564180 0.052757 0.052757
0 0.290442 0.159659 0.052757 0.052757
0 0.794659 0.911968 0.057104 0.057104
0 0.536784 0.247755 0.052757 0.052757
0 0.966015 0.450716 0.104277 0.104277
0 0.913312 0.312362 0.057104 0.057104
0 0.606734 0.824069 0.061130 0.061130
0 0.816480 0.536348 0.061130 0.061130
0 0.491311 0.466899 0.104278 0.104278
0 0.558160 0.445290 0.052757 0.052757
0 0.838027 0.124416 0.061130 0.061130
0 0.729380 0.023258 0.071945 0.071945
0 0.896029 0.238954 0.052757 0.052757
0 0.199269 0.624367 0.062220 0.062220
0 0.350601 0.711591 0.062220 0.062220
0 0.103796 0.014028 0.052757 0.052757
0 0.567621 0.700314 0.057104 0.057104
0 0.936576 0.564708 0.071945 0.071945
0 0.718284 0.191551 0.061130 0.061130
0 0.688953 0.107886 0.062220 0.062220
0 0.157255 0.256063 0.061130 0.061130
0 0.738322 0.353852 0.052757 0.052757
0 0.888496 0.390137 0.057104 0.057104
0 0.524039 0.567783 0.057104 0.057104
0 0.392081 0.054540 0.104277 0.104277
0 0.233037 0.805473 0.104278 0.104278
0 0.451314 0.534163 0.071945 0.071945
0 0.351675 0.798937 0.052757 0.052757
0 0.890961 0.820656 0.062220 0.062220
0 0.868306 0.674512 0.071945 0.071945
0 0.389899 0.613729 0.052757 0.052757
0 0.582195 0.609621 0.071945 0.071945
0 0.108223 0.642203 0.104277 0.104277
0 0.284578 0.853455 0.057104 0.057104
0 0.318156 0.522133 0.057104 0.057104
0 0.288653 0.599955 0.104277 0.104277
0 0.244300 0.052241 0.052757 0.052757
0 0.829603 0.201051 0.104277 0.104277
0 0.790249 0.055072 0.071945 0.071945
0 0.249780 0.719480 0.104277 0.104277
0 0.240234 0.500515 0.071945 0.071945
0 0.531315 0.119139 0.071945 0.071945
0 0.114403 0.441756 0.057104 0.057104
0 0.461724 0.644514 0.052757 0.052757
0 0.531644 0.017872 0.071945 0.071945
0 0.210504 0.139451 0.104277 0.104277
0 0.221610 0.393518 0.057104 0.057104
0 0.404612 0.382154 0.104277 0.104277
0 0.454755 0.226389 0.104277 0.104277
0 0.995272 0.294367 0.061131 0.061131
0 0.842379 0.335692 0.104277 0.104277
0 0.445261 0.002691 0.052757 0.052757
0 0.360428 0.301166 0.052757 0.052757
0 0.443999 0.937082 0.057104 0.057104
0 0.164761 0.845469 0.062220 0.062220
0 0.164935 0.773034 0.057104 0.057104
0 0.239657 0.215955 0.104277 0.104277
0 0.329317 0.373802 0.061130 0.061130
0 0.452660 0.316752 0.062220 0.062220
0 0.519170 0.351794 0.071945 0.071945
0 0.917284 0.164419 0.071945 0.071945
0 0.748277 0.275448 0.061130 0.061130
0 0.868479 0.893822 0.061130 0.061130
0 0.157163 0.498234 0.052757 0.052757
0 0.539960 0.913166 0.104277 0.104277
0 0.648792 0.462898 0.104277 0.104277
0 0.129764 0.158686 0.071945 0.071945
0 0.422343 0.458170 0.052757 0.052757
0 0.952685 0.688493 0.052757 0.052757
0 0.612944 0.083840 0.071945 0.071945
0 0.231352 0.287297 0.104277 0.104277
0 0.688076 0.633158 0.104277 0.104277
0 0.112678 0.921190 0.057104 0.057104