0 0.067420 0.336351 0.062220 0.062220
0 0.413058 0.675979 0.062220 0.062220
0 0.374832 0.481955 0.062220 0.062220
0 0.864220 0.198782 0.071945 0.071945
0 0.150734 0.789593 0.057103 0.057103
0 0.665833 0.044127 0.104277 0.104277
0 0.872904 0.569114 0.061130 0.061130
0 0.400812 0.125321 0.052757 0.052757
0 0.935031 0.677206 0.104277 0.104277
0 0.412504 0.211870 0.104277 0.104277
0 0.758968 0.465495 0.104277 0.104277
0 0.171406 0.536242 0.052757 0.052757
0 0.717829 0.587106 0.104277 0.104277
0 0.604345 0.629080 0.071945 0.071945
0 0.009749 0.391233 0.071945 0.071945
0 0.762369 0.218237 0.062220 0.062220
0 0.130597 0.620912 0.062220 0.062220
0 0.035630 0.813894 0.071945 0.071945
0 0.392237 0.037900 0.104277 0.104277
0 0.060549 0.651548 0.104277 0.104277
0 0.787722 0.390495 0.057104 0.057104
0 0.141037 0.342413 0.061130 0.061130
0 0.121453 0.254530 0.052757 0.052757
0 0.797846 0.745105 0.062220 0.062220
0 0.856069 0.372931 0.104277 0.104277
0 0.741422 0.313993 0.061130 0.061130
0 0.620727 0.355867 0.057104 0.057104
0 0.525702 0.115753 0.104277 0.104277
0 0.310478 0.835476 0.062220 0.062220
0 0.282255 0.255357 0.061130 0.061130
0 0.363099 0.380815 0.062220 0.062220
0 0.558243 0.462625 0.057104 0.057104
0 0.674219 0.492716 0.104277 0.104277
0 0.468308 0.818771 0.071945 0.071945
0 0.404988 0.289025 0.057104 0.057104
0 0.170324 0.718156 0.061130 0.061130
0 0.983678 0.462061 0.071945 0.071945
0 0.613656 0.702045 0.071945 0.071945
0 0.222786 0.490468 0.062220 0.062220
0 0.321184 0.076680 0.052757 0.052757
0 0.420905 0.746781 0.057104 0.057104
0 0.802866 0.040461 0.052757 0.052757
0 0.441534 0.424468 0.057104 0.057104
0 0.253609 0.336569 0.061130 0.061130
0 0.940529 0.178587 0.061131 0.061131
0 0.384749 0.826434 0.052757 0.052757
0 0.463355 0.048848 0.061130 0.061130
0 0.898922 0.107038 0.071945 0.071945
0 0.687123 0.225587 0.062220 0.062220
0 0.902068 0.429898 0.057104 0.057104
0 0.218839 0.597600 0.062220 0.062220
0 0.639764 0.566437 0.057104 0.057104
0 0.714790 0.383425 0.104277 0.104277
0 0.344054 0.717795 0.050891 0.050891
0 0.069880 0.733230 0.104277 0.104277
0 0.214496 0.212814 0.057104 0.057104
0 0.507924 0.610101 0.062220 0.062220
0 0.583451 0.077208 0.071945 0.071945
0 0.628743 0.819167 0.057104 0.057104
0 0.004650 0.556097 0.062220 0.062220
0 0.229074 0.796817 0.052757 0.052757
0 0.276705 0.642941 0.062220 0.062220
0 0.372464 0.608860 0.104277 0.104277
0 0.727298 0.143847 0.061130 0.061130
0 0.997423 0.834447 0.052757 0.052757
0 0.170914 0.080283 0.057104 0.057104
0 0.098189 0.046663 0.071945 0.071945
0 0.534312 0.738038 0.061130 0.061130
0 0.945284 0.571178 0.104277 0.104277
0 0.537836 0.333156 0.062220 0.062220
0 0.515181 0.187012 0.071945 0.071945
0 0.672735 0.653190 0.062220 0.062220
0 0.036774 0.126229 0.052757 0.052757
0 0.229070 0.122121 0.071945 0.071945
0 0.857279 0.798908 0.052757 0.052757
0 0.245652 0.715750 0.062220 0.062220
0 0.543890 0.841388 0.062220 0.062220
0 0.773377 0.534831 0.062220 0.062220
0 0.647590 0.424178 0.071945 0.071945
0 0.948901 0.746738 0.061131 0.061131
0 0.826962 0.116321 0.057104 0.057104
0 0.323632 0.540880 0.104277 0.104277
0 0.924226 0.496900 0.104277 0.104277
0 0.108599 0.157014 0.052757 0.052757
0 0.885138 0.305283 0.062220 0.062220
0 0.767664 0.829818 0.061130 0.061130
0 0.912882 0.847953 0.062220 0.062220
0 0.740505 0.071311 0.050559 0.050559
0 0.869644 0.014090 0.061130 0.061130
0 0.554907 0.545658 0.052757 0.052757
0 0.841128 0.462246 0.071945 0.071945
0 0.709657 0.733303 0.061131 0.061131
0 0.957177 0.318093 0.104277 0.104277
0 0.090874 0.449582 0.057104 0.057104
0 0.799678 0.662356 0.104277 0.104277
0 0.481682 0.540936 0.052757 0.052757
0 0.515354 0.406322 0.061130 0.061130
0 0.186835 0.425666 0.104277 0.104277
0 0.599560 0.200993 0.052757 0.052757
0 0.334951 0.145658 0.104277 0.104277