0 0.475217 0.608852 0.104277 0.104277
0 0.431669 0.396861 0.061130 0.061130
0 0.147677 0.816380 0.104278 0.104278
0 0.834614 0.358570 0.052757 0.052757
0 0.364762 0.257190 0.104277 0.104277
0 0.426588 0.166142 0.071945 0.071945
0 0.625507 0.606528 0.062220 0.062220
0 0.578401 0.151752 0.071945 0.071945
0 0.657154 0.358610 0.104277 0.104277
0 0.332440 0.358759 0.052757 0.052757
0 0.265821 0.977728 0.052757 0.052757
0 0.735018 0.405135 0.071945 0.071945
0 0.661787 0.042055 0.061131 0.061131
0 0.370471 0.029243 0.104277 0.104277
0 0.990051 0.066522 0.062221 0.062221
0 0.878957 0.029527 0.104277 0.104277
0 0.988765 0.597003 0.047276 0.047276
0 0.879119 0.903604 0.062220 0.062220
0 0.165115 0.927185 0.052757 0.052757
0 0.469341 0.523667 0.057104 0.057104
0 0.240534 0.201699 0.062220 0.062220
0 0.505203 0.710303 0.051819 0.051819
0 0.151369 0.386858 0.104277 0.104277
0 0.980004 0.338636 0.071945 0.071945
0 0.409347 0.323398 0.061131 0.061131
0 0.685351 0.654016 0.052757 0.052757
0 0.442481 0.075739 0.057104 0.057104
0 0.397909 0.999104 0.104277 0.104277
0 0.746627 0.602531 0.057103 0.057103
0 0.493563 0.283893 0.052757 0.052757
0 0.761620 0.019695 0.104277 0.104277
0 0.820296 0.987955 0.062220 0.062220
0 0.167605 0.113247 0.052757 0.052757
0 0.549770 0.219853 0.057104 0.057104
0 0.940319 0.172610 0.052757 0.052757
0 0.662243 0.441864 0.036679 0.036679
0 0.097523 0.727818 0.052757 0.052757
0 0.781281 0.719871 0.104277 0.104277
0 0.880232 0.133421 0.062221 0.062221
0 0.496005 0.372475 0.057104 0.057104
0 0.581044 0.780647 0.104277 0.104277
0 0.234805 0.049156 0.052757 0.052757
0 0.576181 0.707354 0.071945 0.071945
0 0.007921 0.198589 0.057104 0.057104
0 0.818777 0.169050 0.052757 0.052757
0 0.805883 0.236912 0.104277 0.104277
0 0.972773 0.702928 0.071945 0.071945
0 0.230773 0.325108 0.071945 0.071945
0 0.282652 0.720063 0.052757 0.052757
0 0.711521 0.260544 0.104277 0.104277
0 0.339868 0.131439 0.071945 0.071945
0 0.878612 0.734739 0.061131 0.061131
0 0.994651 0.486001 0.057104 0.057104
0 0.497499 0.867276 0.054783 0.054783
0 0.802426 0.428019 0.062220 0.062220
0 0.665051 0.801188 0.057103 0.057103
0 0.465601 0.979442 0.071945 0.071945
0 0.248725 0.640694 0.071945 0.071945
0 0.022402 0.846291 0.061130 0.061130
0 0.080404 0.960829 0.052757 0.052757
0 0.759357 0.868009 0.061131 0.061131
0 0.345881 0.875944 0.057104 0.057104
0 0.710535 0.735890 0.061131 0.061131
0 0.301992 0.291557 0.057104 0.057104
0 0.658448 0.202252 0.061130 0.061130
0 0.017098 0.680947 0.062220 0.062220
0 0.132759 0.509947 0.061130 0.061130
0 0.976106 0.828432 0.071945 0.071945
0 0.981488 0.966957 0.104278 0.104278
0 0.911089 0.588870 0.062220 0.062220
0 0.737208 0.332867 0.061130 0.061130
0 0.360076 0.754070 0.052757 0.052757
0 0.068071 0.412208 0.061130 0.061130
0 0.039145 0.340473 0.061130 0.061130
0 0.608544 0.296735 0.062220 0.062220
0 0.217825 0.466743 0.104277 0.104277
0 0.381230 0.564616 0.071945 0.071945
0 0.912693 0.801535 0.104278 0.104278
0 0.078628 0.078411 0.052757 0.052757
0 0.521976 0.067765 0.062220 0.062220
0 0.590014 0.967934 0.052757 0.052757
0 0.071525 0.618334 0.061130 0.061130
0 0.885673 0.443943 0.104277 0.104277
0 0.171618 0.710870 0.057104 0.057104
0 0.063767 0.534652 0.104277 0.104277
0 0.271219 0.788486 0.062220 0.062220
0 0.836046 0.841114 0.062220 0.062220
0 0.268386 0.515280 0.104277 0.104277
0 0.247291 0.402590 0.052757 0.052757
0 0.554207 0.442278 0.062220 0.062220
0 0.013978 0.922926 0.104277 0.104277
0 0.217522 0.844575 0.104277 0.104277
0 0.696418 0.524974 0.104277 0.104277
0 0.372355 0.648532 0.057104 0.057104
0 0.759607 0.791613 0.071945 0.071945
0 0.609870 0.490196 0.071945 0.071945
0 0.328224 0.471340 0.052757 0.052757
0 0.182530 0.622787 0.057104 0.057104
0 0.573859 0.854025 0.104277 0.104277
0 0.999874 0.217851 0.071945 0.071945
0 0.750765 0.480343 0.061131 0.061131
0 0.883040 0.268073 0.071945 0.071945
0 0.638402 0.898223 0.057104 0.057104
0 0.678448 0.955361 0.104277 0.104277
0 0.158977 0.037542 0.062220 0.062220
0 0.154959 0.278903 0.062220 0.062220
0 0.483940 0.799322 0.052757 0.052757
0 0.411377 0.833549 0.104277 0.104277
0 0.714751 0.089215 0.057104 0.057104
0 0.158536 0.189092 0.061131 0.061131
0 0.101659 0.886294 0.071945 0.071945
0 0.843433 0.517340 0.071945 0.071945
0 0.341860 0.952514 0.071945 0.071945
0 0.806926 0.099431 0.052757 0.052757
0 0.086044 0.285897 0.071945 0.071945
0 0.546826 0.570095 0.057104 0.057104
0 0.816577 0.652826 0.061131 0.061131