0 0.259570 0.104384 0.104277 0.104277
0 0.961745 0.416573 0.062220 0.062220
0 0.710737 0.719606 0.104277 0.104277
0 0.915819 0.475415 0.062220 0.062220
0 0.564479 0.123088 0.062220 0.062220
0 0.693113 0.444039 0.104278 0.104278
0 0.943600 0.879752 0.057104 0.057104
0 0.812506 0.115446 0.057104 0.057104
0 0.359834 0.258646 0.062220 0.062220
0 0.670915 0.951700 0.104277 0.104277
0 0.851794 0.423551 0.071945 0.071945
0 0.826214 0.192131 0.062220 0.062220
0 0.479676 0.884759 0.104277 0.104277
0 0.373253 0.498923 0.104277 0.104277
0 0.334259 0.393917 0.071945 0.071945
0 0.593209 0.481618 0.071945 0.071945
0 0.258520 0.331377 0.057104 0.057104
0 0.690312 0.815849 0.057104 0.057104
0 0.337511 0.906590 0.062220 0.062220
0 0.812015 0.274892 0.071945 0.071945
0 0.349176 0.796812 0.062220 0.062220
0 0.638882 0.764718 0.104277 0.104277
0 0.410821 0.943111 0.062220 0.062220
0 0.746319 0.213893 0.104277 0.104277
0 0.562560 0.289673 0.104277 0.104277
0 0.689781 0.326330 0.057104 0.057104
0 0.681864 0.189629 0.071945 0.071945
0 0.253722 0.937865 0.104278 0.104278
0 0.914529 0.796179 0.104277 0.104277
0 0.898727 0.145885 0.071945 0.071945
0 0.605243 0.633666 0.052757 0.052757
0 0.872304 0.617027 0.062220 0.062220
0 0.458054 0.559244 0.062220 0.062220
0 0.726629 0.880348 0.057104 0.057104
0 0.480155 0.198378 0.104277 0.104277
0 0.253974 0.699755 0.052757 0.052757
0 0.932173 0.958712 0.052757 0.052757
0 0.971921 0.596904 0.062220 0.062220
0 0.403512 0.675135 0.061130 0.061130
0 0.291292 0.230848 0.071945 0.071945
0 0.902124 0.257207 0.052757 0.052757
0 0.779446 0.520031 0.071945 0.071945
0 0.770112 0.755815 0.052757 0.052757
0 0.816054 0.967398 0.057104 0.057104
0 0.254880 0.593543 0.104277 0.104277
0 0.277545 0.437809 0.052757 0.052757
0 0.413271 0.336224 0.104277 0.104277
0 0.484375 0.285813 0.057104 0.057104
0 0.470923 0.643726 0.061130 0.061130
0 0.340097 0.622984 0.061130 0.061130
0 0.628132 0.891566 0.052757 0.052757
0 0.957721 0.312318 0.052757 0.052757
0 0.549037 0.583125 0.071945 0.071945
0 0.510951 0.362485 0.104277 0.104277
0 0.407464 0.433614 0.057104 0.057104
0 0.488024 0.755777 0.057104 0.057104
0 0.651848 0.265229 0.062220 0.062220
0 0.721876 0.095809 0.104277 0.104277
0 0.286479 0.766919 0.061130 0.061130
0 0.307127 0.533026 0.104278 0.104278
0 0.781936 0.830300 0.061130 0.061130
0 0.725787 0.650216 0.104277 0.104277
0 0.688488 0.521116 0.052757 0.052757
0 0.908987 0.554879 0.057104 0.057104
0 0.791372 0.679305 0.071945 0.071945
0 0.867516 0.319742 0.104277 0.104277
0 0.326630 0.320769 0.071945 0.071945
0 0.785509 0.441809 0.056505 0.056505
0 0.424528 0.803455 0.062220 0.062220
0 0.779806 0.373120 0.061130 0.061130
0 0.856323 0.704461 0.057104 0.057104
0 0.579360 0.396922 0.062220 0.062220
0 0.489911 0.102865 0.062220 0.062220
0 0.538400 0.932675 0.104277 0.104277
0 0.516623 0.517341 0.057104 0.057104
0 0.543802 0.812970 0.057104 0.057104
0 0.596636 0.184172 0.061130 0.061130
0 0.391291 0.191794 0.057104 0.057104
0 0.604192 0.993831 0.062220 0.062220
0 0.364853 0.102937 0.071945 0.071945
0 0.290933 0.851718 0.061130 0.061130