0 0.554761 0.949356 0.052757 0.052757
0 0.504410 0.442677 0.062220 0.062220
0 0.918659 0.839199 0.062220 0.062220
0 0.428967 0.669893 0.052757 0.052757
0 0.451295 0.317062 0.057103 0.057103
0 0.620348 0.564353 0.071945 0.071945
0 0.084895 0.290348 0.104277 0.104277
0 0.667596 0.626792 0.061130 0.061130
0 0.222641 0.362707 0.052757 0.052757
0 0.845730 0.750747 0.052757 0.052757
0 0.970718 0.366631 0.061131 0.061131
0 0.599115 0.839832 0.057104 0.057104
0 0.912930 0.686656 0.052757 0.052757
0 0.686046 0.836089 0.057104 0.057104
0 0.656100 0.067252 0.057104 0.057104
0 0.908898 0.962608 0.071945 0.071945
0 0.905844 0.287938 0.062220 0.062220
0 0.383415 0.139200 0.104277 0.104277
0 0.367457 0.581387 0.071945 0.071945
0 0.297212 0.574302 0.057104 0.057104
0 0.192176 0.072259 0.104277 0.104277
0 0.565265 0.740294 0.057104 0.057104
0 0.402812 0.003349 0.057104 0.057104
0 0.050011 0.094090 0.062220 0.062220
0 0.593865 0.222383 0.057104 0.057104
0 0.980117 0.929057 0.057104 0.057104
0 0.123321 0.130611 0.062220 0.062220
0 0.712454 0.504485 0.061130 0.061130
0 0.513888 0.264818 0.052757 0.052757
0 0.300744 0.908062 0.071945 0.071945
0 0.267063 0.288160 0.062220 0.062220
0 0.984591 0.568775 0.104277 0.104277
0 0.439129 0.067848 0.057104 0.057104
0 0.717270 0.977973 0.061130 0.061130
0 0.596283 0.316883 0.057104 0.057104
0 0.498388 0.704246 0.104277 0.104277
0 0.362428 0.482424 0.057104 0.057104
0 0.604144 0.484171 0.057104 0.057104
0 0.269783 0.659553 0.057104 0.057104
0 0.644673 0.146212 0.052757 0.052757
0 0.715864 0.215293 0.104277 0.104277
0 0.472710 0.598508 0.104277 0.104277
0 0.756753 0.715911 0.052757 0.052757
0 0.055328 0.428611 0.062220 0.062220
0 0.487803 0.790808 0.104277 0.104277
0 0.311913 0.989760 0.071945 0.071945
0 0.277267 0.491807 0.052757 0.052757
0 0.471968 0.503777 0.052757 0.052757
0 0.288879 0.423098 0.061130 0.061130
0 0.431200 0.940891 0.052757 0.052757
0 0.657332 0.417270 0.104277 0.104277
0 0.792641 0.300467 0.061130 0.061130
0 0.528554 0.154898 0.057104 0.057104
0 0.357833 0.337916 0.071945 0.071945
0 0.875127 0.198255 0.104277 0.104277
0 0.195847 0.750539 0.061130 0.061130
0 0.780052 0.035618 0.062220 0.062220
0 0.637775 0.913577 0.071945 0.071945
0 0.562720 0.666547 0.062220 0.062220
0 0.186941 0.944418 0.061130 0.061130
0 0.340632 0.079066 0.052757 0.052757
0 0.877052 0.606244 0.052757 0.052757
0 0.869819 0.376581 0.062220 0.062220
0 0.523652 0.872244 0.104277 0.104277
0 0.073473 0.814690 0.061130 0.061130
0 0.136994 0.200267 0.057104 0.057104
0 0.672996 0.290991 0.061130 0.061130
0 0.834584 0.440199 0.104278 0.104278
0 0.917501 0.107219 0.061131 0.061131
0 0.215030 0.451243 0.061130 0.061130
0 0.181642 0.288429 0.062220 0.062220
0 0.359460 0.687039 0.057104 0.057104
0 0.669968 0.695946 0.057104 0.057104
0 0.088951 0.734102 0.057104 0.057104
0 0.161656 0.629213 0.104277 0.104277
0 0.008536 0.940362 0.061130 0.061130
0 0.891602 0.506110 0.062220 0.062220
0 0.770159 0.620686 0.057104 0.057104
0 0.494436 0.017800 0.061130 0.061130
0 0.359224 0.765148 0.061130 0.061130
0 0.289061 0.752427 0.062220 0.062220
0 0.634076 0.770411 0.048997 0.048997
0 0.013348 0.360133 0.061130 0.061130
0 0.923522 0.438481 0.071945 0.071945
0 0.205047 0.210494 0.057104 0.057104
0 0.837102 0.675042 0.062220 0.062220
0 0.060580 0.575805 0.104277 0.104277
0 0.063415 0.217843 0.052757 0.052757
0 0.734435 0.093247 0.061130 0.061130
0 0.570745 0.401593 0.057104 0.057104
0 0.769161 0.398279 0.104277 0.104277
0 0.445503 0.391942 0.104277 0.104277
0 0.833084 0.916403 0.062220 0.062220
0 0.963723 0.495407 0.052757 0.052757
0 0.019122 0.733150 0.057104 0.057104
0 0.775194 0.166160 0.061130 0.061130
0 0.066568 0.891924 0.057104 0.057104
0 0.836661 0.826592 0.061131 0.061131
0 0.952175 0.208181 0.071945 0.071945
0 0.257622 0.836967 0.071945 0.071945
0 0.469630 0.197019 0.062220 0.062220
0 0.820640 0.104970 0.071945 0.071945
0 0.098962 0.365815 0.071945 0.071945
0 0.411435 0.864788 0.104277 0.104277
0 0.177561 0.829891 0.071945 0.071945
0 0.167812 0.552750 0.061130 0.061130
0 0.250900 0.120175 0.104277 0.104277
0 0.369441 0.255874 0.052757 0.052757
0 0.256302 0.000470 0.057104 0.057104
0 0.551877 0.588655 0.057104 0.057104
0 0.316692 0.181331 0.062220 0.062220
0 0.764169 0.923397 0.071945 0.071945
0 0.003433 0.039218 0.061130 0.061130
0 0.135834 0.488940 0.062220 0.062220