0 0.387919 0.828111 0.061130 0.061130
0 0.790864 0.789820 0.052757 0.052757
0 0.321012 0.688440 0.104277 0.104277
0 0.382838 0.597392 0.071945 0.071945
0 0.534651 0.583002 0.071945 0.071945
0 0.613404 0.789860 0.104277 0.104277
0 0.288690 0.790009 0.052757 0.052757
0 0.691268 0.836385 0.071945 0.071945
0 0.585557 0.132036 0.104277 0.104277
0 0.618037 0.473305 0.061131 0.061131
0 0.775659 0.096564 0.104277 0.104277
0 0.326721 0.460493 0.104277 0.104277
0 0.819848 0.292812 0.057104 0.057104
0 0.946301 0.497772 0.062221 0.062221
0 0.835207 0.460777 0.104277 0.104277
0 0.912233 0.254691 0.104277 0.104277
0 0.738689 0.006321 0.057104 0.057104
0 0.649152 0.209700 0.104277 0.104277
0 0.425591 0.954917 0.057104 0.057104
0 0.196784 0.632949 0.062220 0.062220
0 0.454793 0.396464 0.052757 0.052757
0 0.107619 0.818108 0.104277 0.104277
0 0.936254 0.769886 0.071945 0.071945
0 0.652043 0.048280 0.061131 0.061131
0 0.365597 0.754648 0.061131 0.061131
0 0.398731 0.506989 0.057104 0.057104
0 0.449813 0.715143 0.052757 0.052757
0 0.717870 0.450945 0.104277 0.104277
0 0.123855 0.544497 0.052757 0.052757
0 0.588147 0.267355 0.062220 0.062220
0 0.506020 0.651103 0.057104 0.057104
0 0.425973 0.333903 0.057104 0.057104
0 0.422820 0.173078 0.052757 0.052757
0 0.896569 0.603860 0.052757 0.052757
0 0.618493 0.873114 0.036679 0.036679
0 0.533974 0.311341 0.061130 0.061130
0 0.248843 0.160381 0.061131 0.061131
0 0.836482 0.564671 0.062221 0.062221
0 0.452255 0.803725 0.057104 0.057104
0 0.191055 0.480406 0.052757 0.052757
0 0.838112 0.370159 0.071945 0.071945
0 0.775027 0.600300 0.052757 0.052757
0 0.743837 0.184150 0.061130 0.061130
0 0.762133 0.668162 0.104277 0.104277
0 0.187023 0.756358 0.071945 0.071945
0 0.183969 0.081688 0.062220 0.062220
0 0.476903 0.268364 0.061131 0.061131
0 0.667771 0.691794 0.104277 0.104277
0 0.296118 0.562689 0.071945 0.071945
0 0.526130 0.201817 0.057104 0.057104
0 0.950901 0.917251 0.057104 0.057104
0 0.758676 0.859269 0.062220 0.062220
0 0.936535 0.123727 0.057104 0.057104
0 0.258242 0.722807 0.057104 0.057104
0 0.614698 0.633502 0.061130 0.061130
0 0.089009 0.941197 0.061130 0.061130
0 0.749624 0.259025 0.061130 0.061130
0 0.693458 0.764117 0.061130 0.061130
0 0.262716 0.362525 0.104277 0.104277
0 0.024321 0.843458 0.061130 0.061130
0 0.564794 0.727985 0.062220 0.062220
0 0.174075 0.897993 0.104277 0.104277
0 0.337480 0.995866 0.071945 0.071945
0 0.034878 0.509661 0.052757 0.052757
0 0.478226 0.499015 0.062220 0.062220
0 0.841923 0.875193 0.104277 0.104277
0 0.020017 0.965902 0.104277 0.104277
0 0.295156 0.045520 0.061131 0.061131
0 0.224636 0.946530 0.104277 0.104277
0 0.203541 0.833840 0.052757 0.052757
0 0.070766 0.094217 0.061130 0.061130
0 0.510457 0.873528 0.062220 0.062220
0 0.888867 0.177729 0.052757 0.052757
0 0.384695 0.115899 0.057104 0.057104
0 0.545298 0.416866 0.071945 0.071945
0 0.155177 0.399994 0.052757 0.052757
0 0.147944 0.170331 0.062220 0.062220
0 0.652668 0.956224 0.104277 0.104277
0 0.508181 0.074523 0.071945 0.071945
0 0.112709 0.233949 0.104278 0.104278
0 0.566120 0.921446 0.071945 0.071945
0 0.284474 0.902590 0.052757 0.052757
0 0.362852 0.298120 0.062220 0.062220
0 0.956124 0.649101 0.071945 0.071945
0 0.169727 0.299860 0.062220 0.062220
0 0.048284 0.414436 0.057104 0.057104
0 0.707015 0.911593 0.061131 0.061131
0 0.839290 0.699323 0.071945 0.071945
0 0.414313 0.048947 0.052757 0.052757
0 0.201647 0.232231 0.071945 0.071945
0 0.115227 0.468792 0.062220 0.062220
0 0.933671 0.348298 0.104277 0.104277
0 0.688258 0.380527 0.057104 0.057104
0 0.047286 0.192029 0.104277 0.104277
0 0.111209 0.710153 0.062220 0.062220
0 0.241848 0.289157 0.052757 0.052757
0 0.671001 0.520465 0.057104 0.057104
0 0.114786 0.620342 0.061131 0.061131
0 0.230300 0.001931 0.071945 0.071945
0 0.679663 0.306828 0.104277 0.104277
0 0.906655 0.056532 0.061130 0.061130
0 0.799683 0.948590 0.071945 0.071945
0 0.748996 0.334423 0.104277 0.104277
0 0.763176 0.530681 0.052757 0.052757
0 0.042294 0.717147 0.071945 0.071945
0 0.330657 0.175540 0.061131 0.061131