0 0.199708 0.159988 0.052757 0.052757
0 0.813312 0.922196 0.052757 0.052757
0 0.665354 0.556203 0.061130 0.061130
0 0.804737 0.834775 0.104277 0.104277
0 0.887094 0.766573 0.104277 0.104277
0 0.811261 0.735633 0.061130 0.061130
0 0.675322 0.320537 0.057104 0.057104
0 0.170184 0.644167 0.062220 0.062220
0 0.718332 0.633590 0.104277 0.104277
0 0.751181 0.107186 0.057104 0.057104
0 0.938202 0.912628 0.104277 0.104277
0 0.165543 0.230233 0.062220 0.062220
0 0.390789 0.762924 0.061130 0.061130
0 0.972523 0.315318 0.052757 0.052757
0 0.378213 0.301390 0.071945 0.071945
0 0.193260 0.881536 0.104278 0.104278
0 0.516818 0.405912 0.104277 0.104277
0 0.437249 0.474836 0.052757 0.052757
0 0.660204 0.475073 0.104277 0.104277
0 0.733684 0.873555 0.052757 0.052757
0 0.349817 0.469034 0.052757 0.052757
0 0.596159 0.557130 0.052757 0.052757
0 0.972687 0.621737 0.057104 0.057104
0 0.875855 0.845723 0.061130 0.061130
0 0.550686 0.776274 0.104278 0.104278
0 0.617535 0.754665 0.052757 0.052757
0 0.897402 0.433791 0.061130 0.061130
0 0.788755 0.332633 0.071945 0.071945
0 0.955404 0.548329 0.052757 0.052757
0 0.258644 0.933742 0.062220 0.062220
0 0.163171 0.323403 0.052757 0.052757
0 0.308764 0.031508 0.071945 0.071945
0 0.498588 0.214137 0.061130 0.061130
0 0.995951 0.874083 0.071945 0.071945
0 0.797503 0.055819 0.071945 0.071945
0 0.777659 0.500926 0.061130 0.061130
0 0.748328 0.417261 0.062220 0.062220
0 0.892098 0.268447 0.062220 0.062220
0 0.216630 0.565438 0.061130 0.061130
0 0.797697 0.663227 0.052757 0.052757
0 0.947871 0.699512 0.057104 0.057104
0 0.583414 0.877158 0.057104 0.057104
0 0.451456 0.363915 0.104277 0.104277
0 0.510689 0.843538 0.071945 0.071945
0 0.927681 0.983887 0.071945 0.071945
0 0.449274 0.923104 0.052757 0.052757
0 0.641570 0.918996 0.071945 0.071945
0 0.946525 0.205834 0.061130 0.061130
0 0.167598 0.951578 0.104277 0.104277
0 0.938767 0.122152 0.104277 0.104277
0 0.377531 0.831508 0.057104 0.057104
0 0.348028 0.909330 0.104277 0.104277
0 0.460039 0.021985 0.052757 0.052757
0 0.303675 0.361616 0.052757 0.052757
0 0.201044 0.082324 0.104278 0.104278
0 0.888978 0.510426 0.104277 0.104277
0 0.849624 0.364447 0.071945 0.071945
0 0.391766 0.215573 0.104277 0.104277
0 0.299609 0.809890 0.071945 0.071945
0 0.590690 0.428514 0.071945 0.071945
0 0.730562 0.272611 0.050932 0.050932
0 0.173778 0.751131 0.057104 0.057104
0 0.867298 0.093725 0.052757 0.052757
0 0.342673 0.126443 0.057104 0.057104
0 0.633435 0.040616 0.071945 0.071945
0 0.844195 0.000785 0.061130 0.061130
0 0.521099 0.953889 0.052757 0.052757
0 0.591019 0.327247 0.071945 0.071945
0 0.498656 0.090418 0.104277 0.104277
0 0.269879 0.448826 0.104277 0.104277
0 0.280985 0.702893 0.057104 0.057104
0 0.841099 0.160751 0.061130 0.061130
0 0.703464 0.003910 0.071945 0.071945
0 0.463987 0.691529 0.104277 0.104277
0 0.514130 0.535764 0.104277 0.104277
0 0.297753 0.191160 0.062220 0.062220
0 0.901754 0.645067 0.104277 0.104277
0 0.504636 0.312066 0.052757 0.052757
0 0.801891 0.257436 0.062220 0.062220
0 0.597646 0.235340 0.062220 0.062220
0 0.419803 0.610541 0.052757 0.052757
0 0.299032 0.525330 0.104277 0.104277
0 0.388692 0.683177 0.061130 0.061130
0 0.237537 0.287229 0.057104 0.057104
0 0.512035 0.626127 0.062220 0.062220
0 0.578545 0.661169 0.071945 0.071945
0 0.976659 0.473794 0.071945 0.071945
0 0.807652 0.584823 0.061130 0.061130
0 0.447414 0.145345 0.071945 0.071945
0 0.216538 0.807609 0.052757 0.052757
0 0.542499 0.150314 0.047555 0.047555
0 0.676599 0.175110 0.052757 0.052757
0 0.708167 0.772273 0.104277 0.104277
0 0.189139 0.468061 0.071945 0.071945
0 0.481718 0.767545 0.052757 0.052757
0 0.307016 0.274115 0.057103 0.057103
0 0.672319 0.393215 0.071945 0.071945
0 0.290727 0.596672 0.104277 0.104277
0 0.756549 0.182991 0.071945 0.071945
0 0.747451 0.942533 0.104277 0.104277