0 0.660660 0.639552 0.062220 0.062220
0 0.585217 0.866768 0.052757 0.052757
0 0.579487 0.103981 0.104277 0.104277
0 0.607545 0.513937 0.057103 0.057103
0 0.776598 0.761228 0.071945 0.071945
0 0.241145 0.487223 0.104277 0.104277
0 0.823846 0.823667 0.061130 0.061130
0 0.378891 0.559582 0.052757 0.052757
0 0.152615 0.841647 0.104278 0.104278
0 0.812350 0.264127 0.057104 0.057104
0 0.539665 0.336075 0.104277 0.104277
0 0.523707 0.778262 0.071945 0.071945
0 0.453462 0.771177 0.057104 0.057104
0 0.348426 0.269134 0.104277 0.104277
0 0.721515 0.937169 0.057104 0.057104
0 0.559062 0.200224 0.057104 0.057104
0 0.206261 0.290965 0.062220 0.062220
0 0.217926 0.181187 0.062220 0.062220
0 0.750115 0.419258 0.057104 0.057104
0 0.507632 0.149093 0.104277 0.104277
0 0.279571 0.327486 0.062220 0.062220
0 0.868704 0.701360 0.061130 0.061130
0 0.122472 0.322240 0.104278 0.104278
0 0.783279 0.180554 0.104277 0.104277
0 0.670138 0.461693 0.052757 0.052757
0 0.473993 0.018041 0.052757 0.052757
0 0.741054 0.001402 0.062220 0.062220
0 0.423313 0.485035 0.062220 0.062220
0 0.122660 0.432995 0.071945 0.071945
0 0.595379 0.264723 0.057104 0.057104
0 0.752533 0.513758 0.057104 0.057104
0 0.654638 0.901121 0.104277 0.104277
0 0.518678 0.679299 0.057104 0.057104
0 0.760394 0.681046 0.057104 0.057104
0 0.426033 0.856428 0.057104 0.057104
0 0.122724 0.084130 0.052757 0.052757
0 0.800923 0.343087 0.052757 0.052757
0 0.872114 0.412168 0.104277 0.104277
0 0.628960 0.795383 0.104277 0.104277
0 0.913003 0.912786 0.052757 0.052757
0 0.272262 0.059510 0.061130 0.061130
0 0.211578 0.625486 0.062220 0.062220
0 0.644053 0.987683 0.104277 0.104277
0 0.433517 0.688682 0.052757 0.052757
0 0.628218 0.700652 0.052757 0.052757
0 0.445129 0.619973 0.061130 0.061130
0 0.813582 0.614145 0.104277 0.104277
0 0.948891 0.497342 0.061130 0.061130
0 0.638862 0.140190 0.052757 0.052757
0 0.684804 0.351773 0.057104 0.057104
0 0.514083 0.534791 0.071945 0.071945
0 0.352097 0.947414 0.061130 0.061130
0 0.936302 0.232493 0.062220 0.062220
0 0.339673 0.028101 0.061130 0.061130
0 0.208847 0.007359 0.061130 0.061130
0 0.718970 0.863422 0.062220 0.062220
0 0.496882 0.275941 0.052757 0.052757
0 0.293244 0.397142 0.057104 0.057104
0 0.829246 0.487866 0.061130 0.061130
0 0.356774 0.140152 0.057104 0.057104
0 0.990834 0.637074 0.104278 0.104278
0 0.994117 0.109273 0.052757 0.052757
0 0.371280 0.648118 0.061130 0.061130
0 0.155229 0.151294 0.061130 0.061130
0 0.337892 0.485304 0.062220 0.062220
0 0.515710 0.883914 0.057104 0.057104
0 0.826218 0.892821 0.057104 0.057104
0 0.245201 0.930977 0.057104 0.057104
0 0.317906 0.826088 0.104277 0.104277
0 0.128382 0.629000 0.061130 0.061130
0 0.926409 0.817561 0.057104 0.057104
0 0.872168 0.134688 0.104277 0.104277
0 0.650686 0.214675 0.061130 0.061130
0 0.594537 0.034591 0.104277 0.104277
0 0.515474 0.962023 0.061130 0.061130
0 0.445311 0.949302 0.062220 0.062220
0 0.790326 0.967286 0.048997 0.048997
0 0.169598 0.557008 0.061130 0.061130
0 0.361297 0.407369 0.057104 0.057104
0 0.993352 0.871917 0.062220 0.062220
0 0.216830 0.772680 0.104277 0.104277
0 0.660122 0.063680 0.071945 0.071945
0 0.219665 0.414718 0.052757 0.052757
0 0.890685 0.290122 0.061130 0.061130
0 0.726995 0.598468 0.057104 0.057104
0 0.925411 0.595154 0.104277 0.104277
0 0.601753 0.588817 0.104277 0.104277
0 0.175372 0.930025 0.057104 0.057104
0 0.931444 0.363035 0.061130 0.061130
0 0.293278 0.187830 0.062220 0.062220
0 0.874351 0.047537 0.057104 0.057104
0 0.625880 0.393894 0.062220 0.062220
0 0.976890 0.301845 0.071945 0.071945
0 0.255212 0.562690 0.071945 0.071945
0 0.725073 0.088836 0.057104 0.057104
0 0.324062 0.749625 0.061130 0.061130
0 0.407150 0.317050 0.104277 0.104277
0 0.525691 0.452749 0.052757 0.052757
0 0.412552 0.197345 0.057104 0.057104
0 0.708127 0.785530 0.057104 0.057104
0 0.472942 0.378206 0.062220 0.062220
0 0.127132 0.718432 0.071945 0.071945
0 0.159683 0.236093 0.061130 0.061130
0 0.292084 0.685815 0.062220 0.062220