0 0.756005 0.475492 0.071945 0.071945
0 0.551182 0.978911 0.104277 0.104277
0 0.741284 0.943439 0.104277 0.104277
0 0.654739 0.589769 0.062220 0.062220
0 0.787717 0.587716 0.057104 0.057104
0 0.820528 0.513024 0.052757 0.052757
0 0.704314 0.853196 0.057104 0.057104
0 0.632474 0.704679 0.104277 0.104277
0 0.617668 0.895155 0.061131 0.061131
0 0.886777 0.009168 0.061130 0.061130
0 0.857206 0.146381 0.061130 0.061130
0 0.466993 0.022837 0.052757 0.052757
0 0.627476 0.519062 0.052757 0.052757
0 0.500884 0.818688 0.071945 0.071945
0 0.717893 0.718967 0.062220 0.062220
0 0.776050 0.840218 0.071945 0.071945
0 0.857847 0.610759 0.071945 0.071945
0 0.018643 0.280552 0.070161 0.070161
0 0.719635 0.539372 0.071945 0.071945
0 0.149594 0.928563 0.062220 0.062220
0 0.888148 0.374108 0.061131 0.061131
0 0.906782 0.548972 0.071945 0.071945
0 0.288557 0.371749 0.071945 0.071945
0 0.569956 0.279125 0.061130 0.061130
0 0.386216 0.059127 0.062220 0.062220
0 0.104350 0.310305 0.062220 0.062220
0 0.558669 0.642497 0.071945 0.071945
0 0.121478 0.612597 0.061131 0.061131
0 0.409118 0.523648 0.061130 0.061130
0 0.919348 0.472335 0.071945 0.071945
0 0.434131 0.642523 0.104277 0.104277
0 0.140921 0.374141 0.104277 0.104277
0 0.316116 0.026532 0.052757 0.052757
0 0.055380 0.219776 0.061130 0.061130
0 0.902160 0.970602 0.057104 0.057104
0 0.184890 0.509067 0.071945 0.071945
0 0.558047 0.774200 0.104277 0.104277
0 0.850135 0.717900 0.104278 0.104278
0 0.442501 0.195969 0.061130 0.061130
0 0.539055 0.175070 0.057104 0.057104
0 0.249106 0.105581 0.071945 0.071945
0 0.035941 0.443368 0.104277 0.104277
0 0.799486 0.287404 0.057104 0.057104
0 0.136805 0.187965 0.057104 0.057104
0 0.246973 0.757981 0.071945 0.071945
0 0.602167 0.123022 0.062220 0.062220
0 0.107277 0.090096 0.071945 0.071945
0 0.260781 0.892395 0.061131 0.061131
0 0.036391 0.941092 0.061130 0.061130
0 0.118877 0.838880 0.104277 0.104277
0 0.654640 0.380342 0.062220 0.062220
0 0.234396 0.008110 0.052757 0.052757
0 0.618215 0.441909 0.062220 0.062220
0 0.170225 0.253604 0.062220 0.062220
0 0.331758 0.723340 0.062220 0.062220
0 0.023802 0.676243 0.062220 0.062220
0 0.350320 0.962774 0.057104 0.057104
0 0.439910 0.113257 0.061131 0.061131
0 0.214789 0.437542 0.061131 0.061131
0 0.830690 0.064657 0.104278 0.104278
0 0.118633 0.474860 0.061131 0.061131
0 0.387174 0.249064 0.071945 0.071945
0 0.473806 0.921398 0.071945 0.071945
0 0.901854 0.249402 0.061131 0.061131
0 0.081617 0.553023 0.052757 0.052757
0 0.161251 0.747844 0.061131 0.061131
0 0.580367 0.369056 0.052757 0.052757
0 0.378805 0.445386 0.057104 0.057104
0 0.679908 0.112449 0.052757 0.052757
0 0.233730 0.286719 0.071945 0.071945
0 0.891578 0.799942 0.057104 0.057104
0 0.772518 0.770062 0.057104 0.057104
0 0.496716 0.262594 0.052757 0.052757
0 0.629888 0.793948 0.052757 0.052757
0 0.314904 0.148722 0.071945 0.071945
0 0.747761 0.053927 0.062220 0.062220
0 0.379938 0.895822 0.052757 0.052757
0 0.516649 0.459962 0.071945 0.071945
0 0.418611 0.374533 0.062220 0.062220
0 0.617327 0.014708 0.071945 0.071945
0 0.750066 0.169964 0.052559 0.052559
0 0.410903 0.738979 0.057104 0.057104
0 0.245310 0.209769 0.071945 0.071945
0 0.792740 0.406321 0.062220 0.062220
0 0.344706 0.812665 0.057104 0.057104
0 0.250555 0.560686 0.104277 0.104277
0 0.018944 0.806785 0.061130 0.061130
0 0.316897 0.630123 0.052757 0.052757
0 0.195925 0.848806 0.071945 0.071945
0 0.485567 0.398125 0.104277 0.104277
0 0.324052 0.495667 0.071945 0.071945
0 0.338025 0.305681 0.104277 0.104277
0 0.872280 0.903407 0.061130 0.061130
0 0.064390 0.745595 0.071945 0.071945
0 0.068957 0.151330 0.057103 0.057103
0 0.696992 0.249770 0.071945 0.071945
0 0.852869 0.440549 0.104278 0.104278
0 0.540808 0.558867 0.104277 0.104277
0 0.597585 0.213560 0.052757 0.052757
0 0.204454 0.619823 0.052757 0.052757
0 0.498889 0.736977 0.062220 0.062220
0 0.550281 0.062902 0.061131 0.061131