0 0.361745 0.319698 0.062220 0.062220
0 0.110737 0.622731 0.104277 0.104277
0 0.910743 0.097837 0.052757 0.052757
0 0.944634 0.893688 0.071945 0.071945
0 0.315819 0.378540 0.062220 0.062220
0 0.462393 0.355552 0.070161 0.070161
0 0.093113 0.347164 0.104278 0.104278
0 0.815767 0.014145 0.062220 0.062220
0 0.343600 0.782877 0.057104 0.057104
0 0.212506 0.018571 0.057104 0.057104
0 0.070915 0.854825 0.104277 0.104277
0 0.732307 0.446749 0.071945 0.071945
0 0.829966 0.134127 0.062220 0.062220
0 0.251794 0.326676 0.071945 0.071945
0 0.548100 0.385305 0.062220 0.062220
0 0.565228 0.687597 0.061131 0.061131
0 0.852868 0.598648 0.061130 0.061130
0 0.226214 0.095256 0.062220 0.062220
0 0.877881 0.717523 0.104277 0.104277
0 0.584671 0.449141 0.104277 0.104277
0 0.759866 0.101532 0.052757 0.052757
0 0.499130 0.294776 0.061130 0.061130
0 0.090312 0.718974 0.057104 0.057104
0 0.212015 0.178017 0.071945 0.071945
0 0.281365 0.938008 0.057104 0.057104
0 0.038882 0.667843 0.104277 0.104277
0 0.628640 0.584067 0.071945 0.071945
0 0.146319 0.117018 0.104277 0.104277
0 0.089781 0.229455 0.057104 0.057104
0 0.081864 0.092754 0.071945 0.071945
0 0.886251 0.270969 0.061130 0.061130
0 0.314529 0.699304 0.104277 0.104277
0 0.982805 0.250070 0.057104 0.057104
0 0.692856 0.180581 0.071945 0.071945
0 0.298727 0.049010 0.071945 0.071945
0 0.201388 0.980443 0.052757 0.052757
0 0.005243 0.536791 0.052757 0.052757
0 0.479691 0.518368 0.104277 0.104277
0 0.580555 0.262965 0.057104 0.057104
0 0.272304 0.520152 0.062220 0.062220
0 0.581311 0.065821 0.061131 0.061131
0 0.690723 0.832981 0.071945 0.071945
0 0.126629 0.783473 0.057104 0.057104
0 0.890750 0.021449 0.057104 0.057104
0 0.551027 0.165096 0.071945 0.071945
0 0.440482 0.225278 0.071945 0.071945
0 0.332173 0.861837 0.052757 0.052757
0 0.403364 0.930918 0.104277 0.104277
0 0.371921 0.500029 0.062220 0.062220
0 0.302124 0.160332 0.052757 0.052757
0 0.704531 0.967395 0.061131 0.061131
0 0.179446 0.423156 0.071945 0.071945
0 0.170112 0.658940 0.052757 0.052757
0 0.216054 0.870523 0.057104 0.057104
0 0.562627 0.913880 0.104277 0.104277
0 0.678146 0.083110 0.052757 0.052757
0 0.613975 0.328604 0.062220 0.062220
0 0.775508 0.798340 0.062220 0.062220
0 0.467552 0.751243 0.062220 0.062220
0 0.883660 0.188257 0.061131 0.061131
0 0.028132 0.794691 0.052757 0.052757
0 0.357721 0.215443 0.052757 0.052757
0 0.658539 0.512542 0.061131 0.061131
0 0.411404 0.044407 0.071945 0.071945
0 0.562383 0.549860 0.061131 0.061131
0 0.830924 0.324064 0.071945 0.071945
0 0.742389 0.021325 0.062220 0.062220
0 0.435338 0.125660 0.057104 0.057104
0 0.917556 0.996398 0.071945 0.071945
0 0.051848 0.168354 0.062220 0.062220
0 0.525367 0.628023 0.052757 0.052757
0 0.605001 0.822844 0.061131 0.061131
0 0.822555 0.520386 0.057104 0.057104
0 0.430334 0.428056 0.052757 0.052757
0 0.677480 0.361719 0.071945 0.071945
0 0.940466 0.337594 0.052757 0.052757
0 0.758654 0.223722 0.071945 0.071945
0 0.494108 0.012252 0.104277 0.104277
0 0.403418 0.653438 0.104277 0.104277
0 0.181936 0.733425 0.061130 0.061130
0 0.125787 0.553341 0.104277 0.104277
0 0.088488 0.424241 0.052757 0.052757
0 0.823688 0.970822 0.052757 0.052757
0 0.960399 0.534962 0.071945 0.071945
0 0.308987 0.458004 0.057104 0.057104
0 0.862361 0.449533 0.062220 0.062220
0 0.191372 0.582430 0.071945 0.071945
0 0.267516 0.222867 0.104277 0.104277
0 0.854653 0.813979 0.057104 0.057104
0 0.421935 0.808872 0.061130 0.061130
0 0.689060 0.284769 0.071945 0.071945
0 0.185509 0.344934 0.056505 0.056505
0 0.788456 0.887665 0.057104 0.057104
0 0.694305 0.635686 0.104277 0.104277
0 0.462694 0.881785 0.061130 0.061130
0 0.760647 0.705123 0.052757 0.052757
0 0.639675 0.923806 0.071945 0.071945
0 0.929317 0.473125 0.104277 0.104277
0 0.767802 0.570667 0.071945 0.071945
0 0.781775 0.380681 0.104277 0.104277
0 0.405601 0.566287 0.057104 0.057104
0 0.179806 0.276245 0.061130 0.061130
0 0.157130 0.912644 0.062220 0.062220
0 0.508140 0.820595 0.071945 0.071945
0 0.512707 0.226330 0.057103 0.057103
0 0.256323 0.607586 0.057104 0.057104
0 0.056941 0.971499 0.052757 0.052757
0 0.984558 0.633867 0.104277 0.104277
0 0.665424 0.012674 0.057104 0.057104
0 0.004192 0.896956 0.062220 0.062220
0 0.648204 0.694823 0.052757 0.052757
0 0.942639 0.811977 0.062220 0.062220
0 0.994031 0.137902 0.061131 0.061131