0 0.907052 0.853880 0.104278 0.104278
0 0.084083 0.609988 0.052757 0.052757
0 0.636011 0.349356 0.052757 0.052757
0 0.924490 0.964685 0.052757 0.052757
0 0.999909 0.239199 0.062220 0.062220
0 0.559697 0.770537 0.057104 0.057104
0 0.910744 0.424358 0.104277 0.104277
0 0.510217 0.069893 0.052757 0.052757
0 0.057002 0.271036 0.071945 0.071945
0 0.635556 0.557186 0.057104 0.057104
0 0.748846 0.026792 0.061130 0.061130
0 0.049918 0.680233 0.062220 0.062220
0 0.926980 0.150747 0.052757 0.052757
0 0.856898 0.765318 0.052757 0.052757
0 0.262588 0.751390 0.071945 0.071945
0 0.401193 0.855912 0.104277 0.104277
0 0.321624 0.924836 0.052757 0.052757
0 0.680365 0.239832 0.057104 0.057104
0 0.994180 0.086656 0.052757 0.052757
0 0.544579 0.925073 0.104277 0.104277
0 0.767296 0.236089 0.057104 0.057104
0 0.077615 0.044772 0.104278 0.104278
0 0.990148 0.362608 0.071945 0.071945
0 0.234192 0.919034 0.052757 0.052757
0 0.646515 0.140294 0.057104 0.057104
0 0.781777 0.883791 0.061130 0.061130
0 0.673130 0.782633 0.071945 0.071945
0 0.839779 0.998329 0.052757 0.052757
0 0.047546 0.773403 0.052757 0.052757
0 0.193139 0.481508 0.071945 0.071945
0 0.382963 0.664137 0.061130 0.061130
0 0.186205 0.411052 0.071945 0.071945
0 0.681878 0.505819 0.071945 0.071945
0 0.662034 0.950926 0.061130 0.061130
0 0.632703 0.867261 0.062220 0.062220
0 0.776473 0.718447 0.062220 0.062220
0 0.892134 0.547447 0.061130 0.061130
0 0.381994 0.308062 0.071945 0.071945
0 0.335831 0.813915 0.104277 0.104277
0 0.827446 0.449708 0.061130 0.061130
0 0.798520 0.377973 0.061130 0.061130
0 0.579638 0.104246 0.104277 0.104277
0 0.351033 0.059553 0.057104 0.057104
0 0.977200 0.504243 0.104277 0.104277
0 0.838003 0.115911 0.052757 0.052757
0 0.830900 0.655834 0.061130 0.061130
0 0.569053 0.190808 0.104277 0.104277
0 0.393163 0.389760 0.071945 0.071945
0 0.930993 0.748370 0.057104 0.057104
0 0.823142 0.572152 0.104277 0.104277
0 0.512450 0.340891 0.052757 0.052757
0 0.344414 0.471985 0.052757 0.052757
0 0.188050 0.811616 0.052757 0.052757
0 0.277097 0.150539 0.061130 0.061130
0 0.085419 0.532324 0.104278 0.104278
0 0.719025 0.313577 0.071945 0.071945
0 0.773353 0.960426 0.104277 0.104277
0 0.643970 0.066547 0.062220 0.062220
0 0.268191 0.344418 0.061130 0.061130
0 0.733999 0.814447 0.071945 0.071945
0 0.276141 0.665573 0.104277 0.104277
0 0.976897 0.882075 0.104277 0.104277
0 0.958302 0.006244 0.052757 0.052757
0 0.604902 0.272244 0.104277 0.104277
0 0.475065 0.878514 0.071945 0.071945
0 0.614937 0.722611 0.050932 0.050932
0 0.154723 0.214690 0.061130 0.061130
0 0.751673 0.543725 0.052757 0.052757
0 0.227048 0.576443 0.057104 0.057104
0 0.517810 0.490616 0.071945 0.071945
0 0.728570 0.450785 0.061130 0.061130
0 0.304172 0.415244 0.062220 0.062220
0 0.941905 0.660287 0.057104 0.057104
0 0.440710 0.087039 0.057104 0.057104
0 0.751218 0.095946 0.057104 0.057104
0 0.170201 0.134102 0.057104 0.057104
0 0.242906 0.029213 0.104277 0.104277
0 0.475394 0.777247 0.071945 0.071945
0 0.383031 0.540418 0.104277 0.104277
0 0.089786 0.340362 0.061130 0.061130
0 0.154254 0.898826 0.104277 0.104277
0 0.851409 0.020686 0.057104 0.057104
0 0.725474 0.610751 0.061130 0.061130
0 0.587839 0.453910 0.071945 0.071945
0 0.440474 0.165148 0.061130 0.061130
0 0.370311 0.152427 0.062220 0.062220
0 0.398505 0.985764 0.104277 0.104277
0 0.715326 0.170411 0.048997 0.048997
0 0.918352 0.075042 0.062220 0.062220
0 0.182128 0.641160 0.062220 0.062220
0 0.389011 0.762066 0.052757 0.052757
0 0.914334 0.316403 0.062220 0.062220
0 0.686266 0.707436 0.062220 0.062220
0 0.482021 0.685340 0.062220 0.062220
0 0.100372 0.133150 0.057104 0.057104
0 0.147818 0.291924 0.057104 0.057104
0 0.917911 0.226592 0.061131 0.061131
0 0.183407 0.975330 0.104277 0.104277
0 0.338872 0.236967 0.071945 0.071945
0 0.121912 0.737229 0.057104 0.057104
0 0.492685 0.264788 0.104277 0.104277
0 0.258811 0.229891 0.071945 0.071945
0 0.861034 0.923794 0.071945 0.071945
0 0.331789 0.595345 0.071945 0.071945
0 0.426874 0.600314 0.047555 0.047555
0 0.560974 0.625110 0.052757 0.052757
0 0.073514 0.918061 0.071945 0.071945
0 0.191391 0.724115 0.057103 0.057103
0 0.845419 0.323397 0.071945 0.071945
0 0.556694 0.843215 0.071945 0.071945
0 0.640924 0.632991 0.071945 0.071945
0 0.088056 0.428578 0.062220 0.062220