0 0.909592 0.746352 0.104277 0.104277
0 0.866044 0.534361 0.061130 0.061130
0 0.582052 0.953880 0.104278 0.104278
0 0.799137 0.394690 0.104277 0.104277
0 0.860963 0.303642 0.071945 0.071945
0 0.766815 0.496259 0.052757 0.052757
0 0.804846 0.166743 0.104277 0.104277
0 0.311011 0.449356 0.052757 0.052757
0 0.903716 0.661167 0.057104 0.057104
0 0.674909 0.339199 0.062220 0.062220
0 0.939578 0.847803 0.051819 0.051819
0 0.234697 0.870537 0.057104 0.057104
0 0.932918 0.102714 0.052757 0.052757
0 0.585744 0.524358 0.104277 0.104277
0 0.185217 0.169893 0.052757 0.052757
0 0.843722 0.460898 0.061131 0.061131
0 0.310556 0.657186 0.057104 0.057104
0 0.876856 0.213239 0.057104 0.057104
0 0.376598 0.064353 0.071945 0.071945
0 0.927938 0.421393 0.052757 0.052757
0 0.423846 0.126792 0.061130 0.061130
0 0.601980 0.250747 0.052757 0.052757
0 0.984145 0.357353 0.057104 0.057104
0 0.904098 0.040153 0.057104 0.057104
0 0.531898 0.865318 0.052757 0.052757
0 0.076193 0.955912 0.104277 0.104277
0 0.355365 0.339832 0.057104 0.057104
0 0.930380 0.509975 0.057104 0.057104
0 0.669180 0.186656 0.052757 0.052757
0 0.442296 0.336089 0.057104 0.057104
0 0.665148 0.462608 0.071945 0.071945
0 0.717027 0.857563 0.052757 0.052757
0 0.774243 0.268939 0.071945 0.071945
0 0.123707 0.081387 0.071945 0.071945
0 0.053462 0.074302 0.057104 0.057104
0 0.321515 0.240294 0.057104 0.057104
0 0.683100 0.778194 0.071945 0.071945
0 0.456777 0.983791 0.061130 0.061130
0 0.348130 0.882633 0.071945 0.071945
0 0.736367 0.429057 0.057104 0.057104
0 0.057963 0.764137 0.061130 0.061130
0 0.468704 0.004485 0.061130 0.061130
0 0.356878 0.605819 0.071945 0.071945
0 0.307703 0.967261 0.062220 0.062220
0 0.451473 0.818447 0.062220 0.062220
0 0.567134 0.647447 0.061130 0.061130
0 0.794451 0.891570 0.052757 0.052757
0 0.056994 0.408062 0.071945 0.071945
0 0.010831 0.913915 0.104277 0.104277
0 0.740841 0.068775 0.104277 0.104277
0 0.502446 0.549708 0.061130 0.061130
0 0.473520 0.477973 0.061130 0.061130
0 0.254638 0.204246 0.104277 0.104277
0 0.026033 0.159553 0.057104 0.057104
0 0.652200 0.604243 0.104277 0.104277
0 0.815605 0.702116 0.071945 0.071945
0 0.228960 0.098508 0.104277 0.104277
0 0.513003 0.215911 0.052757 0.052757
0 0.956351 0.205265 0.062220 0.062220
0 0.505900 0.755834 0.061130 0.061130
0 0.244053 0.290808 0.104277 0.104277
0 0.068163 0.489760 0.071945 0.071945
0 0.605993 0.848370 0.057104 0.057104
0 0.498142 0.672152 0.104277 0.104277
0 0.705594 0.925986 0.062220 0.062220
0 0.228218 0.003777 0.052757 0.052757
0 0.702761 0.652780 0.104277 0.104277
0 0.187450 0.440891 0.052757 0.052757
0 0.681666 0.540090 0.052757 0.052757
0 0.019414 0.571985 0.052757 0.052757
0 0.988582 0.579778 0.062220 0.062220
0 0.394025 0.413577 0.071945 0.071945
0 0.318970 0.166547 0.062220 0.062220
0 0.408999 0.914447 0.071945 0.071945
0 0.651897 0.982075 0.104277 0.104277
0 0.633302 0.106244 0.052757 0.052757
0 0.279902 0.372244 0.104277 0.104277
0 0.806730 0.786032 0.057104 0.057104
0 0.150065 0.978514 0.071945 0.071945
0 0.289937 0.822611 0.050932 0.050932
0 0.426673 0.643725 0.052757 0.052757
0 0.192810 0.590616 0.071945 0.071945
0 0.403570 0.550785 0.061130 0.061130
0 0.762599 0.608840 0.052757 0.052757
0 0.616905 0.760287 0.057104 0.057104
0 0.840977 0.004370 0.062220 0.062220
0 0.115710 0.187039 0.057104 0.057104
0 0.426218 0.195946 0.057104 0.057104
0 0.150394 0.877247 0.071945 0.071945
0 0.058031 0.640418 0.104277 0.104277
0 0.647852 0.006110 0.062220 0.062220
0 0.526409 0.120686 0.057104 0.057104
0 0.400474 0.710751 0.061130 0.061130
0 0.262839 0.553910 0.071945 0.071945
0 0.115474 0.265148 0.061130 0.061130
0 0.045311 0.252427 0.062220 0.062220
0 0.390326 0.270411 0.048997 0.048997
0 0.593352 0.175042 0.062220 0.062220
0 0.064011 0.862066 0.052757 0.052757
0 0.589334 0.416403 0.062220 0.062220
0 0.918315 0.936822 0.052757 0.052757
0 0.845752 0.971049 0.104277 0.104277
0 0.361266 0.807436 0.062220 0.062220
0 0.157021 0.785340 0.062220 0.062220
0 0.592911 0.326592 0.061131 0.061131
0 0.013872 0.336967 0.071945 0.071945
0 0.167685 0.364788 0.104277 0.104277
0 0.006789 0.695345 0.071945 0.071945
0 0.101874 0.700314 0.047555 0.047555
0 0.235974 0.725110 0.052757 0.052757
0 0.308127 0.088655 0.057104 0.057104
0 0.520419 0.423397 0.071945 0.071945
0 0.231694 0.943215 0.071945 0.071945
0 0.981201 0.707595 0.057104 0.057104
0 0.315924 0.732991 0.071945 0.071945