0 0.688302 0.375755 0.104278 0.104278
0 0.942345 0.967532 0.071945 0.071945
0 0.743958 0.812877 0.104277 0.104277
0 0.806446 0.537103 0.052757 0.052757
0 0.986743 0.723849 0.061130 0.061130
0 0.478937 0.894071 0.052757 0.052757
0 0.490629 0.980620 0.104277 0.104277
0 0.330979 0.528078 0.061130 0.061130
0 0.705740 0.486560 0.052757 0.052757
0 0.726811 0.657787 0.052757 0.052757
0 0.840494 0.986987 0.062220 0.062220
0 0.470362 0.806650 0.104277 0.104277
0 0.803118 0.732922 0.071945 0.071945
0 0.552719 0.738448 0.104277 0.104277
0 0.476886 0.707508 0.061130 0.061130
0 0.340947 0.292412 0.057104 0.057104
0 0.383957 0.605465 0.104277 0.104277
0 0.416806 0.079061 0.057104 0.057104
0 0.938534 0.558479 0.104277 0.104277
0 0.603827 0.884503 0.104277 0.104277
0 0.056414 0.734799 0.061130 0.061130
0 0.638148 0.287193 0.052757 0.052757
0 0.043838 0.273265 0.071945 0.071945
0 0.182443 0.377787 0.104277 0.104277
0 0.102874 0.446711 0.052757 0.052757
0 0.325829 0.446948 0.104277 0.104277
0 0.399309 0.845430 0.052757 0.052757
0 0.880991 0.809211 0.052757 0.052757
0 0.823277 0.279438 0.052757 0.052757
0 0.015442 0.440909 0.052757 0.052757
0 0.261784 0.529005 0.052757 0.052757
0 0.691015 0.731966 0.104277 0.104277
0 0.638312 0.593612 0.057104 0.057104
0 0.843649 0.675216 0.052757 0.052757
0 0.541480 0.817598 0.061130 0.061130
0 0.977047 0.875788 0.071945 0.071945
0 0.216311 0.748149 0.104278 0.104278
0 0.765248 0.994337 0.062220 0.062220
0 0.789350 0.200069 0.071945 0.071945
0 0.283160 0.726540 0.052757 0.052757
0 0.563027 0.405666 0.061130 0.061130
0 0.454380 0.304508 0.071945 0.071945
0 0.621029 0.520204 0.052757 0.052757
0 0.886506 0.435319 0.057104 0.057104
0 0.075601 0.992841 0.062220 0.062220
0 0.292621 0.981564 0.057104 0.057104
0 0.164213 0.186012 0.061130 0.061130
0 0.661576 0.845958 0.071945 0.071945
0 0.463128 0.027694 0.071945 0.071945
0 0.443284 0.472801 0.061130 0.061130
0 0.413953 0.389136 0.062220 0.062220
0 0.557723 0.240322 0.062220 0.062220
0 0.673384 0.069322 0.061130 0.061130
0 0.805423 0.912597 0.061130 0.061130
0 0.900701 0.313445 0.052757 0.052757
0 0.463322 0.635102 0.052757 0.052757
0 0.613496 0.671387 0.057104 0.057104
0 0.249039 0.849033 0.057104 0.057104
0 0.117081 0.335790 0.104277 0.104277
0 0.176314 0.815413 0.071945 0.071945
0 0.593306 0.955762 0.071945 0.071945
0 0.758450 0.026118 0.104277 0.104277
0 0.921855 0.123991 0.071945 0.071945
0 0.114899 0.894979 0.052757 0.052757
0 0.307195 0.890871 0.071945 0.071945
0 0.612150 0.177709 0.061130 0.061130
0 0.712243 0.270245 0.057104 0.057104
0 0.604392 0.094027 0.104277 0.104277
0 0.811844 0.347861 0.062220 0.062220
0 0.043156 0.803383 0.057104 0.057104
0 0.809011 0.074655 0.104277 0.104277
0 0.013653 0.881205 0.104277 0.104277
0 0.818316 0.606526 0.104277 0.104277
0 0.554603 0.482301 0.104277 0.104277
0 0.515249 0.336322 0.071945 0.071945
0 0.057391 0.187448 0.104277 0.104277
0 0.905087 0.885071 0.057104 0.057104
0 0.758147 0.403950 0.104277 0.104277
0 0.912980 0.207907 0.057104 0.057104
0 0.256315 0.400389 0.071945 0.071945
0 0.396187 0.244486 0.050932 0.050932
0 0.532923 0.065600 0.052757 0.052757
0 0.008298 0.098318 0.057104 0.057104
0 0.299060 0.012491 0.071945 0.071945
0 0.186724 0.925764 0.052757 0.052757
0 0.868849 0.030715 0.052757 0.052757
0 0.723155 0.182162 0.057104 0.057104
0 0.256644 0.299122 0.071945 0.071945
0 0.164281 0.062293 0.104277 0.104277
0 0.506724 0.132626 0.061130 0.061130
0 0.818630 0.840061 0.050559 0.050559
0 0.129612 0.663404 0.104277 0.104277
0 0.947769 0.782840 0.061130 0.061130
0 0.179755 0.507639 0.104277 0.104277
0 0.720272 0.575617 0.061131 0.061131
0 0.567379 0.616942 0.104277 0.104277
0 0.170261 0.283941 0.052757 0.052757
0 0.952002 0.392924 0.104277 0.104277
0 0.467516 0.229311 0.062220 0.062220
0 0.263271 0.207215 0.062220 0.062220
0 0.085428 0.582416 0.052757 0.052757
0 0.054317 0.655052 0.061130 0.061130
0 0.177660 0.598002 0.062220 0.062220
0 0.244170 0.633044 0.071945 0.071945
0 0.642284 0.445669 0.071945 0.071945
0 0.473277 0.556698 0.061130 0.061130
0 0.113039 0.117220 0.071945 0.071945
0 0.882485 0.511889 0.071945 0.071945
0 0.208124 0.122189 0.047555 0.047555
0 0.342224 0.146985 0.052757 0.052757
0 0.373792 0.744148 0.104277 0.104277
0 0.913192 0.649829 0.104277 0.104277
0 0.147343 0.739420 0.052757 0.052757
0 0.677685 0.969743 0.052757 0.052757
0 0.337944 0.365090 0.071945 0.071945
0 0.422174 0.154866 0.071945 0.071945
0 0.413076 0.914408 0.104277 0.104277