0 0.241044 0.959361 0.061130 0.061130
0 0.643989 0.921070 0.052757 0.052757
0 0.174137 0.819690 0.104277 0.104277
0 0.235963 0.728642 0.071945 0.071945
0 0.387776 0.714252 0.071945 0.071945
0 0.466529 0.921110 0.104277 0.104277
0 0.141815 0.921259 0.052757 0.052757
0 0.544393 0.967635 0.071945 0.071945
0 0.438682 0.263286 0.104277 0.104277
0 0.471162 0.604555 0.061131 0.061131
0 0.628784 0.227814 0.104277 0.104277
0 0.179846 0.591743 0.104277 0.104277
0 0.672973 0.424062 0.057104 0.057104
0 0.799426 0.629022 0.062221 0.062221
0 0.688332 0.592027 0.104277 0.104277
0 0.765358 0.385941 0.104277 0.104277
0 0.591814 0.137571 0.057104 0.057104
0 0.502277 0.340950 0.104277 0.104277
0 0.049909 0.764199 0.062220 0.062220
0 0.307918 0.527714 0.052757 0.052757
0 0.789379 0.901136 0.071945 0.071945
0 0.505168 0.179530 0.061131 0.061131
0 0.218722 0.885898 0.061131 0.061131
0 0.251856 0.638239 0.057104 0.057104
0 0.388384 0.103063 0.071945 0.071945
0 0.302938 0.846393 0.052757 0.052757
0 0.570995 0.582195 0.104277 0.104277
0 0.605393 0.003342 0.062220 0.062220
0 0.441272 0.398605 0.062220 0.062220
0 0.359145 0.782353 0.057104 0.057104
0 0.279098 0.465153 0.057104 0.057104
0 0.275945 0.304328 0.052757 0.052757
0 0.749694 0.735110 0.052757 0.052757
0 0.387099 0.442591 0.061130 0.061130
0 0.663550 0.124593 0.071945 0.071945
0 0.101968 0.291631 0.061131 0.061131
0 0.689607 0.695921 0.062221 0.062221
0 0.305380 0.934975 0.057104 0.057104
0 0.044180 0.611656 0.052757 0.052757
0 0.691237 0.501409 0.071945 0.071945
0 0.628152 0.731550 0.052757 0.052757
0 0.596962 0.315400 0.061130 0.061130
0 0.615258 0.799412 0.104277 0.104277
0 0.040148 0.887608 0.071945 0.071945
0 0.037094 0.212938 0.062220 0.062220
0 0.330028 0.399614 0.061131 0.061131
0 0.520896 0.823044 0.104277 0.104277
0 0.149243 0.693939 0.071945 0.071945
0 0.379255 0.333067 0.057104 0.057104
0 0.611801 0.990519 0.062220 0.062220
0 0.789660 0.254977 0.057104 0.057104
0 0.111367 0.854057 0.057104 0.057104
0 0.445547 0.058575 0.104277 0.104277
0 0.737635 0.002275 0.104278 0.104278
0 0.467823 0.764752 0.061130 0.061130
0 0.602749 0.390275 0.061130 0.061130
0 0.546583 0.895367 0.061130 0.061130
0 0.134473 0.042356 0.071945 0.071945
0 0.115841 0.493775 0.104277 0.104277
0 0.417919 0.859235 0.062220 0.062220
0 0.331351 0.630265 0.062220 0.062220
0 0.148281 0.176770 0.061131 0.061131
0 0.056666 0.965090 0.052757 0.052757
0 0.006377 0.123255 0.104277 0.104277
0 0.219258 0.007715 0.062220 0.062220
0 0.741992 0.308979 0.052757 0.052757
0 0.237820 0.247149 0.057104 0.057104
0 0.398423 0.548116 0.071945 0.071945
0 0.008302 0.531244 0.052757 0.052757
0 0.001069 0.301581 0.062220 0.062220
0 0.361306 0.205773 0.071945 0.071945
0 0.048751 0.032219 0.061131 0.061131
0 0.215977 0.429370 0.062220 0.062220
0 0.809249 0.780351 0.071945 0.071945
0 0.779078 0.084317 0.057104 0.057104
0 0.660018 0.054437 0.057104 0.057104
0 0.517388 0.078323 0.052757 0.052757
0 0.022852 0.431110 0.062220 0.062220
0 0.692415 0.830573 0.071945 0.071945
0 0.267438 0.180197 0.052757 0.052757
0 0.054772 0.363481 0.071945 0.071945
0 0.786796 0.479548 0.104277 0.104277
0 0.298403 0.023354 0.057104 0.057104
0 0.541383 0.511777 0.057104 0.057104
0 0.232206 0.097040 0.057104 0.057104
0 0.094973 0.420407 0.052757 0.052757
0 0.524126 0.651715 0.057104 0.057104
0 0.083425 0.133181 0.071945 0.071945
0 0.532788 0.438078 0.104277 0.104277
0 0.759780 0.187782 0.061130 0.061130
0 0.602121 0.465673 0.104277 0.104277
0 0.616301 0.661931 0.052757 0.052757
0 0.386389 0.021352 0.062220 0.062220
0 0.183782 0.306790 0.061131 0.061131