0 0.692887 0.925940 0.104277 0.104277
0 0.754713 0.834892 0.071945 0.071945
0 0.906526 0.820502 0.071945 0.071945
0 0.957432 0.369536 0.104277 0.104277
0 0.989912 0.710805 0.061131 0.061131
0 0.698596 0.697993 0.104277 0.104277
0 0.204761 0.980606 0.052757 0.052757
0 0.154410 0.473927 0.062220 0.062220
0 0.568659 0.870449 0.062220 0.062220
0 0.826668 0.633964 0.052757 0.052757
0 0.078967 0.701143 0.052757 0.052757
0 0.737472 0.992148 0.061131 0.061131
0 0.101295 0.348312 0.057103 0.057103
0 0.770606 0.744489 0.057104 0.057104
0 0.270348 0.595603 0.071945 0.071945
0 0.907134 0.209313 0.071945 0.071945
0 0.821688 0.952643 0.052757 0.052757
0 0.317596 0.658042 0.061130 0.061130
0 0.495730 0.781997 0.052757 0.052757
0 0.960022 0.504855 0.062220 0.062220
0 0.877895 0.888603 0.057104 0.057104
0 0.797848 0.571403 0.057104 0.057104
0 0.794695 0.410578 0.052757 0.052757
0 0.905849 0.548841 0.061130 0.061130
0 0.620718 0.397881 0.061131 0.061131
0 0.249115 0.871082 0.057104 0.057104
0 0.562930 0.717906 0.052757 0.052757
0 0.336046 0.867339 0.057104 0.057104
0 0.306100 0.098502 0.057104 0.057104
0 0.558898 0.993858 0.071945 0.071945
0 0.555844 0.319188 0.062220 0.062220
0 0.848778 0.505864 0.061131 0.061131
0 0.667993 0.800189 0.071945 0.071945
0 0.033415 0.170450 0.104277 0.104277
0 0.898005 0.439317 0.057104 0.057104
0 0.017457 0.612637 0.071945 0.071945
0 0.964919 0.033122 0.071945 0.071945
0 0.527728 0.003222 0.061131 0.061131
0 0.215265 0.771544 0.057104 0.057104
0 0.840381 0.033148 0.104277 0.104277
0 0.052812 0.034599 0.057104 0.057104
0 0.243865 0.253633 0.057104 0.057104
0 0.630117 0.960307 0.057104 0.057104
0 0.964297 0.164825 0.104277 0.104277
0 0.362454 0.535735 0.061130 0.061130
0 0.986573 0.871002 0.061130 0.061130
0 0.277029 0.014929 0.104277 0.104277
0 0.163888 0.296068 0.052757 0.052757
0 0.653223 0.148606 0.071945 0.071945
0 0.634591 0.600025 0.104277 0.104277
0 0.089129 0.099098 0.057104 0.057104
0 0.246283 0.348133 0.057104 0.057104
0 0.936669 0.965485 0.062220 0.062220
0 0.148388 0.735496 0.104277 0.104277
0 0.012428 0.513674 0.057104 0.057104
0 0.254144 0.515421 0.057104 0.057104
0 0.294673 0.177462 0.052757 0.052757
0 0.365864 0.246543 0.104277 0.104277
0 0.122710 0.629758 0.104277 0.104277
0 0.406753 0.747161 0.052757 0.052757
0 0.850101 0.736515 0.062220 0.062220
0 0.137803 0.822058 0.104277 0.104277
0 0.667031 0.283020 0.061131 0.061131
0 0.121968 0.535027 0.052757 0.052757
0 0.081200 0.972141 0.052757 0.052757
0 0.307332 0.448520 0.104277 0.104277
0 0.442641 0.331717 0.061130 0.061130
0 0.178554 0.186148 0.057104 0.057104
0 0.007833 0.369166 0.071945 0.071945
0 0.525127 0.229505 0.104277 0.104277
0 0.738008 0.113965 0.062220 0.062220
0 0.430052 0.066868 0.062220 0.062220
0 0.756570 0.353399 0.057104 0.057104
0 0.287775 0.944827 0.071945 0.071945
0 0.212720 0.697797 0.062220 0.062220
0 0.917173 0.654366 0.071945 0.071945
0 0.527052 0.637494 0.052757 0.052757
0 0.519819 0.407831 0.062220 0.062220
0 0.173652 0.903494 0.104277 0.104277
0 0.880056 0.312023 0.071945 0.071945
0 0.322996 0.322241 0.061130 0.061130
0 0.484584 0.471449 0.104278 0.104278
0 0.567501 0.138469 0.061131 0.061131
0 0.734727 0.535620 0.062220 0.062220
0 0.009460 0.718289 0.057104 0.057104
0 0.319968 0.727196 0.057104 0.057104
0 0.541602 0.537360 0.062220 0.062220
0 0.420159 0.651936 0.057104 0.057104
0 0.144436 0.049050 0.061130 0.061130
0 0.009224 0.796398 0.061130 0.061130
0 0.786188 0.286447 0.052757 0.052757
0 0.284076 0.801661 0.048997 0.048997
0 0.573522 0.469731 0.071945 0.071945
0 0.487102 0.706292 0.062220 0.062220
0 0.817153 0.129604 0.057104 0.057104
0 0.384435 0.124497 0.061130 0.061130
0 0.220745 0.432843 0.057104 0.057104
0 0.419161 0.429529 0.104277 0.104277
0 0.095503 0.423192 0.104277 0.104277
0 0.750956 0.203290 0.057104 0.057104
0 0.483084 0.947653 0.062220 0.062220
0 0.613723 0.526657 0.052757 0.052757
0 0.425194 0.197410 0.061130 0.061130
0 0.723147 0.020748 0.052757 0.052757
0 0.486661 0.857842 0.061131 0.061131
0 0.602175 0.239431 0.071945 0.071945
0 0.119630 0.228269 0.062220 0.062220
0 0.470640 0.136220 0.071945 0.071945
0 0.061435 0.896038 0.104277 0.104277
0 0.019441 0.287124 0.052757 0.052757
0 0.201877 0.619905 0.057104 0.057104
0 0.610704 0.010448 0.052757 0.052757
0 0.905139 0.127602 0.062220 0.062220
0 0.414169 0.954647 0.071945 0.071945
0 0.702532 0.413040 0.061131 0.061131