0 0.393967 0.293227 0.104277 0.104277
0 0.350419 0.081236 0.061130 0.061130
0 0.066427 0.500755 0.104278 0.104278
0 0.753364 0.042945 0.052757 0.052757
0 0.544257 0.290903 0.062220 0.062220
0 0.575904 0.042985 0.104277 0.104277
0 0.251190 0.043134 0.052757 0.052757
0 0.875969 0.800832 0.071945 0.071945
0 0.122083 0.937877 0.104277 0.104277
0 0.184571 0.662103 0.052757 0.052757
0 0.653768 0.089510 0.071945 0.071945
0 0.364868 0.848849 0.061130 0.061130
0 0.771146 0.973826 0.104277 0.104277
0 0.907515 0.281378 0.047276 0.047276
0 0.797869 0.587979 0.062220 0.062220
0 0.083865 0.611560 0.052757 0.052757
0 0.537812 0.810725 0.071945 0.071945
0 0.104936 0.782787 0.052757 0.052757
0 0.388091 0.208042 0.057104 0.057104
0 0.181243 0.857922 0.071945 0.071945
0 0.423953 0.394678 0.051819 0.051819
0 0.070119 0.071233 0.104277 0.104277
0 0.898754 0.023011 0.071945 0.071945
0 0.328097 0.007773 0.061131 0.061131
0 0.604101 0.338391 0.052757 0.052757
0 0.316659 0.683479 0.104277 0.104277
0 0.616520 0.929583 0.104277 0.104277
0 0.734299 0.740776 0.071945 0.071945
0 0.665377 0.286906 0.057103 0.057103
0 0.739046 0.672330 0.062220 0.062220
0 0.677002 0.868081 0.057104 0.057104
0 0.619719 0.799865 0.062220 0.062220
0 0.580993 0.126239 0.036679 0.036679
0 0.016273 0.412193 0.052757 0.052757
0 0.700031 0.404246 0.104277 0.104277
0 0.414755 0.056850 0.057104 0.057104
0 0.499794 0.465022 0.104277 0.104277
0 0.805368 0.772558 0.061130 0.061130
0 0.494931 0.391729 0.071945 0.071945
0 0.891523 0.387303 0.071945 0.071945
0 0.149523 0.009483 0.071945 0.071945
0 0.259116 0.934211 0.052757 0.052757
0 0.201402 0.404438 0.052757 0.052757
0 0.797362 0.419114 0.061131 0.061131
0 0.069140 0.856966 0.104277 0.104277
0 0.016437 0.718612 0.057104 0.057104
0 0.221774 0.800216 0.052757 0.052757
0 0.913401 0.170376 0.057104 0.057104
0 0.416249 0.551651 0.054783 0.054783
0 0.721176 0.112394 0.062220 0.062220
0 0.553092 0.996787 0.062220 0.062220
0 0.583801 0.485563 0.057103 0.057103
0 0.384351 0.663817 0.071945 0.071945
0 0.384611 0.734641 0.061130 0.061130
0 0.167475 0.325069 0.071945 0.071945
0 0.678107 0.552384 0.061131 0.061131
0 0.264631 0.560319 0.057104 0.057104
0 0.629285 0.420265 0.061131 0.061131
0 0.039701 0.970958 0.071945 0.071945
0 0.051509 0.194322 0.061130 0.061130
0 0.894856 0.512807 0.071945 0.071945
0 0.900238 0.651332 0.104278 0.104278
0 0.829839 0.273245 0.062220 0.062220
0 0.655958 0.017242 0.061130 0.061130
0 0.278826 0.438445 0.052757 0.052757
0 0.895279 0.933527 0.061130 0.061130
0 0.136575 0.151118 0.104277 0.104277
0 0.299980 0.248991 0.071945 0.071945
0 0.831443 0.485910 0.104278 0.104278
0 0.508764 0.652309 0.052757 0.052757
0 0.804423 0.128318 0.104277 0.104277
0 0.090368 0.395245 0.057104 0.057104
0 0.189969 0.472861 0.062220 0.062220
0 0.754796 0.525489 0.062220 0.062220
0 0.187136 0.199655 0.104277 0.104277
0 0.166041 0.086965 0.052757 0.052757
0 0.196441 0.731526 0.104277 0.104277
0 0.551628 0.891820 0.052757 0.052757
0 0.472957 0.126653 0.062220 0.062220
0 0.463675 0.943684 0.052757 0.052757
0 0.136272 0.528950 0.104277 0.104277
0 0.615168 0.209349 0.104277 0.104277
0 0.291105 0.332907 0.057104 0.057104
0 0.753685 0.877224 0.061131 0.061131
0 0.659322 0.741487 0.057104 0.057104
0 0.678357 0.475988 0.071945 0.071945
0 0.528620 0.174571 0.071945 0.071945
0 0.246974 0.155715 0.052757 0.052757
0 0.101280 0.307162 0.057104 0.057104
0 0.492609 0.538400 0.104277 0.104277
0 0.682889 0.970942 0.061131 0.061131
0 0.196755 0.965061 0.050559 0.050559
0 0.669515 0.164718 0.061131 0.061131
0 0.325894 0.907840 0.061130 0.061130
0 0.455165 0.728212 0.071945 0.071945
0 0.557152 0.582598 0.057104 0.057104
0 0.597198 0.639736 0.104277 0.104277
0 0.098397 0.700617 0.061131 0.061131
0 0.453965 0.822765 0.071945 0.071945
0 0.402690 0.483697 0.052757 0.052757
0 0.330127 0.517924 0.104277 0.104277
0 0.840808 0.890718 0.052757 0.052757
0 0.020409 0.570669 0.071945 0.071945
0 0.762183 0.201715 0.071945 0.071945
0 0.260610 0.636889 0.071945 0.071945
0 0.566874 0.731340 0.104277 0.104277
0 0.291317 0.774829 0.104277 0.104277
0 0.843083 0.696885 0.061131 0.061131
0 0.465576 0.254470 0.057104 0.057104
0 0.735327 0.337201 0.061131 0.061131