0 0.982971 0.838618 0.104277 0.104277
0 0.438785 0.614552 0.062220 0.062220
0 0.363342 0.841768 0.052757 0.052757
0 0.357612 0.078981 0.104277 0.104277
0 0.385670 0.488937 0.057103 0.057103
0 0.554723 0.736228 0.071945 0.071945
0 0.019270 0.462223 0.104277 0.104277
0 0.601971 0.798667 0.061130 0.061130
0 0.157016 0.534582 0.052757 0.052757
0 0.780105 0.922622 0.052757 0.052757
0 0.905093 0.538506 0.061131 0.061131
0 0.847305 0.858531 0.052757 0.052757
0 0.590475 0.239127 0.057104 0.057104
0 0.840219 0.459813 0.062220 0.062220
0 0.952368 0.940814 0.071945 0.071945
0 0.317790 0.311075 0.104277 0.104277
0 0.301832 0.753262 0.071945 0.071945
0 0.231587 0.746177 0.057104 0.057104
0 0.812103 0.143847 0.061131 0.061131
0 0.126551 0.244134 0.104277 0.104277
0 0.499640 0.912169 0.057104 0.057104
0 0.337187 0.175224 0.057104 0.057104
0 0.528240 0.394258 0.057104 0.057104
0 0.285757 0.124093 0.104277 0.104277
0 0.875515 0.040317 0.071945 0.071945
0 0.057696 0.302486 0.062220 0.062220
0 0.646829 0.676360 0.061130 0.061130
0 0.561404 0.155554 0.104277 0.104277
0 0.448263 0.436693 0.052757 0.052757
0 0.201438 0.460035 0.062220 0.062220
0 0.937598 0.289231 0.071945 0.071945
0 0.918966 0.740650 0.104277 0.104277
0 0.373504 0.239723 0.057104 0.057104
0 0.530658 0.488758 0.057104 0.057104
0 0.432763 0.876121 0.104277 0.104277
0 0.296803 0.654299 0.057104 0.057104
0 0.538519 0.656046 0.057104 0.057104
0 0.204158 0.831428 0.057104 0.057104
0 0.579048 0.318087 0.052757 0.052757
0 0.650239 0.387168 0.104277 0.104277
0 0.407085 0.770383 0.104277 0.104277
0 0.691128 0.887786 0.052757 0.052757
0 0.050387 0.034510 0.061130 0.061130
0 0.422178 0.962683 0.104277 0.104277
0 0.211642 0.663682 0.052757 0.052757
0 0.951406 0.423645 0.061131 0.061131
0 0.406343 0.675652 0.052757 0.052757
0 0.223254 0.594973 0.061130 0.061130
0 0.591707 0.589145 0.104277 0.104277
0 0.727016 0.472342 0.061130 0.061130
0 0.416987 0.115190 0.052757 0.052757
0 0.462929 0.326773 0.057104 0.057104
0 0.292208 0.509791 0.071945 0.071945
0 0.809502 0.370130 0.104277 0.104277
0 0.130222 0.922414 0.061130 0.061130
0 0.714427 0.207493 0.062220 0.062220
0 0.117798 0.003101 0.061130 0.061130
0 0.497095 0.838422 0.062220 0.062220
0 0.275007 0.250941 0.052757 0.052757
0 0.811427 0.778119 0.052757 0.052757
0 0.804194 0.548456 0.062220 0.062220
0 0.007848 0.986565 0.061130 0.061130
0 0.809258 0.006110 0.061131 0.061131
0 0.071369 0.372142 0.057104 0.057104
0 0.607371 0.462866 0.061130 0.061130
0 0.134899 0.115152 0.057104 0.057104
0 0.768959 0.612074 0.104278 0.104278
0 0.772242 0.084273 0.052757 0.052757
0 0.851876 0.279094 0.061131 0.061131
0 0.149405 0.623118 0.061130 0.061130
0 0.116017 0.460304 0.062220 0.062220
0 0.293835 0.858914 0.057104 0.057104
0 0.604343 0.867821 0.057104 0.057104
0 0.023326 0.905977 0.057104 0.057104
0 0.096031 0.801088 0.104277 0.104277
0 0.825977 0.677985 0.062220 0.062220
0 0.704534 0.792561 0.057104 0.057104
0 0.650293 0.109688 0.104277 0.104277
0 0.428811 0.189675 0.061130 0.061130
0 0.372662 0.009591 0.104277 0.104277
0 0.293599 0.937023 0.061130 0.061130
0 0.223436 0.924302 0.062220 0.062220
0 0.568451 0.942286 0.048997 0.048997
0 0.857897 0.610356 0.071945 0.071945
0 0.139422 0.382369 0.057104 0.057104
0 0.771477 0.846917 0.062220 0.062220
0 0.438247 0.038680 0.071945 0.071945
0 0.668810 0.265122 0.061130 0.061130
0 0.505120 0.573468 0.057104 0.057104
0 0.703536 0.570154 0.104277 0.104277
0 0.379878 0.563817 0.104277 0.104277
0 0.941180 0.091936 0.104277 0.104277
0 0.898098 0.667282 0.052757 0.052757
0 0.709569 0.338035 0.061130 0.061130
0 0.071403 0.162830 0.062220 0.062220
0 0.771036 0.998467 0.061131 0.061131
0 0.886550 0.380056 0.071945 0.071945
0 0.652476 0.022537 0.057104 0.057104
0 0.404005 0.368894 0.062220 0.062220
0 0.755015 0.276845 0.071945 0.071945
0 0.033337 0.537690 0.071945 0.071945
0 0.503198 0.063836 0.057104 0.057104
0 0.102187 0.724625 0.061130 0.061130
0 0.185275 0.292050 0.104277 0.104277
0 0.303816 0.427749 0.052757 0.052757
0 0.190677 0.172345 0.057104 0.057104
0 0.486252 0.760530 0.057104 0.057104
0 0.251067 0.353206 0.062220 0.062220
0 0.895079 0.151073 0.052757 0.052757
0 0.070209 0.660815 0.062220 0.062220
0 0.986907 0.553665 0.061131 0.061131