0 0.956467 0.493227 0.104277 0.104277
0 0.912919 0.281236 0.061130 0.061130
0 0.628927 0.700755 0.104278 0.104278
0 0.846012 0.141565 0.104277 0.104277
0 0.907838 0.050517 0.071945 0.071945
0 0.813690 0.243134 0.052757 0.052757
0 0.747071 0.862103 0.052757 0.052757
0 0.357886 0.196231 0.052757 0.052757
0 0.271604 0.853078 0.061130 0.061130
0 0.646365 0.811560 0.052757 0.052757
0 0.667436 0.982787 0.052757 0.052757
0 0.950591 0.408042 0.057104 0.057104
0 0.721784 0.086074 0.062220 0.062220
0 0.986453 0.594678 0.051819 0.051819
0 0.281572 0.617412 0.057104 0.057104
0 0.632619 0.271233 0.104277 0.104277
0 0.890597 0.207773 0.061131 0.061131
0 0.324582 0.930465 0.104277 0.104277
0 0.357431 0.404061 0.057104 0.057104
0 0.879159 0.883479 0.104277 0.104277
0 0.974813 0.168268 0.052757 0.052757
0 0.578773 0.612193 0.052757 0.052757
0 0.123068 0.702787 0.104277 0.104277
0 0.043499 0.771711 0.052757 0.052757
0 0.402240 0.086707 0.057104 0.057104
0 0.977255 0.256850 0.057104 0.057104
0 0.266454 0.771948 0.104277 0.104277
0 0.489171 0.082964 0.057104 0.057104
0 0.712023 0.209483 0.071945 0.071945
0 0.763902 0.604438 0.052757 0.052757
0 0.821118 0.015814 0.071945 0.071945
0 0.202409 0.854005 0.052757 0.052757
0 0.578937 0.918612 0.057104 0.057104
0 0.978749 0.751651 0.054783 0.054783
0 0.946851 0.863817 0.071945 0.071945
0 0.947111 0.934641 0.061130 0.061130
0 0.729975 0.525069 0.071945 0.071945
0 0.503652 0.730666 0.061130 0.061130
0 0.395005 0.629508 0.071945 0.071945
0 0.561654 0.845204 0.052757 0.052757
0 0.827131 0.760319 0.057104 0.057104
0 0.783242 0.175932 0.057104 0.057104
0 0.104838 0.511012 0.061130 0.061130
0 0.403753 0.352694 0.071945 0.071945
0 0.383909 0.797801 0.061130 0.061130
0 0.354578 0.714136 0.062220 0.062220
0 0.498348 0.565322 0.062220 0.062220
0 0.614009 0.394322 0.061130 0.061130
0 0.841326 0.638445 0.052757 0.052757
0 0.403947 0.960102 0.052757 0.052757
0 0.554121 0.996387 0.057104 0.057104
0 0.103869 0.154937 0.071945 0.071945
0 0.057706 0.660790 0.104277 0.104277
0 0.549321 0.296583 0.061130 0.061130
0 0.520395 0.224848 0.061130 0.061130
0 0.699075 0.351118 0.104277 0.104277
0 0.862480 0.448991 0.071945 0.071945
0 0.552775 0.502709 0.061130 0.061130
0 0.290928 0.037683 0.104277 0.104277
0 0.115038 0.236635 0.071945 0.071945
0 0.652868 0.595245 0.057104 0.057104
0 0.545017 0.419027 0.104277 0.104277
0 0.752469 0.672861 0.062220 0.062220
0 0.749636 0.399655 0.104277 0.104277
0 0.234325 0.187766 0.052757 0.052757
0 0.728541 0.286965 0.052757 0.052757
0 0.066289 0.318860 0.052757 0.052757
0 0.758941 0.931526 0.104277 0.104277
0 0.440900 0.160452 0.071945 0.071945
0 0.495228 0.807301 0.104277 0.104277
0 0.455874 0.661322 0.071945 0.071945
0 0.698772 0.728950 0.104277 0.104277
0 0.326777 0.119119 0.104277 0.104277
0 0.853605 0.532907 0.057104 0.057104
0 0.196940 0.725389 0.071945 0.071945
0 0.336812 0.569486 0.050932 0.050932
0 0.473548 0.390600 0.052757 0.052757
0 0.239685 0.337491 0.071945 0.071945
0 0.450445 0.297660 0.061130 0.061130
0 0.026047 0.262119 0.062220 0.062220
0 0.809474 0.355715 0.052757 0.052757
0 0.663780 0.507162 0.057104 0.057104
0 0.197269 0.624122 0.071945 0.071945
0 0.104906 0.387293 0.104277 0.104277
0 0.447349 0.457626 0.061130 0.061130
0 0.309714 0.300785 0.071945 0.071945
0 0.070237 0.988404 0.104277 0.104277
0 0.162349 0.012023 0.061130 0.061130
0 0.120380 0.832639 0.104277 0.104277
0 0.437201 0.017286 0.048997 0.048997
0 0.660897 0.900617 0.061131 0.061131
0 0.508004 0.941942 0.104277 0.104277
0 0.110886 0.608941 0.052757 0.052757
0 0.636209 0.163278 0.062220 0.062220
0 0.965190 0.683697 0.052757 0.052757
0 0.892627 0.717924 0.104277 0.104277
0 0.408141 0.554311 0.062220 0.062220
0 0.203896 0.532215 0.062220 0.062220
0 0.026053 0.907416 0.052757 0.052757
0 0.639786 0.073467 0.061131 0.061131
0 0.060747 0.083842 0.071945 0.071945
0 0.214560 0.111663 0.104277 0.104277
0 0.118285 0.923002 0.062220 0.062220
0 0.184795 0.958044 0.071945 0.071945
0 0.582909 0.770669 0.071945 0.071945
0 0.413902 0.881698 0.061130 0.061130
0 0.053664 0.442220 0.071945 0.071945
0 0.823110 0.836889 0.071945 0.071945
0 0.148749 0.447189 0.047555 0.047555
0 0.282849 0.471985 0.052757 0.052757
0 0.853817 0.974829 0.104277 0.104277
0 0.567294 0.170272 0.071945 0.071945
0 0.278569 0.690090 0.071945 0.071945
0 0.362799 0.479866 0.071945 0.071945