0 0.719552 0.357005 0.104278 0.104278
0 0.973595 0.948782 0.071945 0.071945
0 0.775208 0.794127 0.104277 0.104277
0 0.837696 0.518353 0.052757 0.052757
0 0.510187 0.875321 0.052757 0.052757
0 0.521879 0.961870 0.104277 0.104277
0 0.362229 0.509328 0.061130 0.061130
0 0.736990 0.467810 0.052757 0.052757
0 0.758061 0.639037 0.052757 0.052757
0 0.871744 0.968237 0.062220 0.062220
0 0.501612 0.787900 0.104277 0.104277
0 0.834368 0.714172 0.071945 0.071945
0 0.583969 0.719698 0.104277 0.104277
0 0.508136 0.688758 0.061130 0.061130
0 0.372197 0.273662 0.057104 0.057104
0 0.415207 0.586715 0.104277 0.104277
0 0.448056 0.060311 0.057104 0.057104
0 0.969784 0.539729 0.104277 0.104277
0 0.635077 0.865753 0.104277 0.104277
0 0.087664 0.716049 0.061130 0.061130
0 0.669398 0.268443 0.052757 0.052757
0 0.075088 0.254515 0.071945 0.071945
0 0.213693 0.359037 0.104277 0.104277
0 0.134124 0.427961 0.052757 0.052757
0 0.357079 0.428198 0.104277 0.104277
0 0.430559 0.826680 0.052757 0.052757
0 0.912241 0.790461 0.052757 0.052757
0 0.854527 0.260688 0.052757 0.052757
0 0.046692 0.422159 0.052757 0.052757
0 0.293034 0.510255 0.052757 0.052757
0 0.722265 0.713216 0.104277 0.104277
0 0.669562 0.574862 0.057104 0.057104
0 0.874899 0.656466 0.052757 0.052757
0 0.572730 0.798848 0.061130 0.061130
0 0.247561 0.729399 0.104278 0.104278
0 0.796498 0.975587 0.062220 0.062220
0 0.820600 0.181319 0.071945 0.071945
0 0.314410 0.707790 0.052757 0.052757
0 0.594277 0.386916 0.061130 0.061130
0 0.485630 0.285758 0.071945 0.071945
0 0.652279 0.501454 0.052757 0.052757
0 0.917756 0.416569 0.057104 0.057104
0 0.106851 0.974091 0.062220 0.062220
0 0.323871 0.962814 0.057104 0.057104
0 0.195463 0.167262 0.061130 0.061130
0 0.692826 0.827208 0.071945 0.071945
0 0.494378 0.008944 0.071945 0.071945
0 0.474534 0.454051 0.061130 0.061130
0 0.445203 0.370386 0.062220 0.062220
0 0.588973 0.221572 0.062220 0.062220
0 0.704634 0.050572 0.061130 0.061130
0 0.836673 0.893847 0.061130 0.061130
0 0.931951 0.294695 0.052757 0.052757
0 0.494572 0.616352 0.052757 0.052757
0 0.644746 0.652637 0.057104 0.057104
0 0.280289 0.830283 0.057104 0.057104
0 0.148331 0.317040 0.104277 0.104277
0 0.207564 0.796663 0.071945 0.071945
0 0.624556 0.937012 0.071945 0.071945
0 0.789700 0.007368 0.104277 0.104277
0 0.953105 0.105241 0.071945 0.071945
0 0.146149 0.876229 0.052757 0.052757
0 0.338445 0.872121 0.071945 0.071945
0 0.643400 0.158959 0.061130 0.061130
0 0.743493 0.251495 0.057104 0.057104
0 0.635642 0.075277 0.104277 0.104277
0 0.843094 0.329111 0.062220 0.062220
0 0.074406 0.784633 0.057104 0.057104
0 0.840261 0.055905 0.104277 0.104277
0 0.044903 0.862455 0.104277 0.104277
0 0.849566 0.587776 0.104277 0.104277
0 0.000550 0.314741 0.052757 0.052757
0 0.585853 0.463551 0.104277 0.104277
0 0.546499 0.317572 0.071945 0.071945
0 0.088641 0.168698 0.104277 0.104277
0 0.936337 0.866321 0.057104 0.057104
0 0.789397 0.385200 0.104277 0.104277
0 0.944230 0.189157 0.057104 0.057104
0 0.006030 0.981980 0.104277 0.104277
0 0.287565 0.381639 0.071945 0.071945
0 0.427437 0.225736 0.050932 0.050932
0 0.564173 0.046850 0.052757 0.052757
0 0.039548 0.079568 0.057104 0.057104
0 0.217974 0.907014 0.052757 0.052757
0 0.900099 0.011965 0.052757 0.052757
0 0.754405 0.163412 0.057104 0.057104
0 0.287894 0.280372 0.071945 0.071945
0 0.195531 0.043543 0.104277 0.104277
0 0.537974 0.113876 0.061130 0.061130
0 0.849880 0.821311 0.050559 0.050559
0 0.160862 0.644654 0.104277 0.104277
0 0.979019 0.764090 0.061130 0.061130
0 0.211005 0.488889 0.104277 0.104277
0 0.751522 0.556867 0.061131 0.061131
0 0.598629 0.598192 0.104277 0.104277
0 0.201511 0.265191 0.052757 0.052757
0 0.983252 0.374174 0.104277 0.104277
0 0.498766 0.210561 0.062220 0.062220
0 0.294521 0.188465 0.062220 0.062220
0 0.116678 0.563666 0.052757 0.052757
0 0.085567 0.636302 0.061130 0.061130
0 0.208910 0.579252 0.062220 0.062220
0 0.275420 0.614294 0.071945 0.071945
0 0.673534 0.426919 0.071945 0.071945
0 0.504527 0.537948 0.061130 0.061130
0 0.144289 0.098470 0.071945 0.071945
0 0.913735 0.493139 0.071945 0.071945
0 0.239374 0.103439 0.047555 0.047555
0 0.373474 0.128235 0.052757 0.052757
0 0.405042 0.725398 0.104277 0.104277
0 0.944442 0.631079 0.104277 0.104277
0 0.178593 0.720670 0.052757 0.052757
0 0.003891 0.227240 0.057103 0.057103
0 0.708935 0.950993 0.052757 0.052757
0 0.369194 0.346340 0.071945 0.071945
0 0.453424 0.136116 0.071945 0.071945
0 0.444326 0.895658 0.104277 0.104277