0 0.411745 0.319698 0.062220 0.062220
0 0.160737 0.622731 0.104277 0.104277
0 0.960743 0.097837 0.052757 0.052757
0 0.994634 0.893688 0.071945 0.071945
0 0.365819 0.378540 0.062220 0.062220
0 0.512393 0.355552 0.070161 0.070161
0 0.014479 0.026213 0.062220 0.062220
0 0.143113 0.347164 0.104278 0.104278
0 0.865767 0.014145 0.062220 0.062220
0 0.393600 0.782877 0.057104 0.057104
0 0.262506 0.018571 0.057104 0.057104
0 0.120915 0.854825 0.104277 0.104277
0 0.782307 0.446749 0.071945 0.071945
0 0.879966 0.134127 0.062220 0.062220
0 0.301794 0.326676 0.071945 0.071945
0 0.598100 0.385305 0.062220 0.062220
0 0.615228 0.687597 0.061131 0.061131
0 0.902868 0.598648 0.061130 0.061130
0 0.276214 0.095256 0.062220 0.062220
0 0.927881 0.717523 0.104277 0.104277
0 0.634671 0.449141 0.104277 0.104277
0 0.809866 0.101532 0.052757 0.052757
0 0.043209 0.384743 0.071945 0.071945
0 0.549130 0.294776 0.061130 0.061130
0 0.140312 0.718974 0.057104 0.057104
0 0.262015 0.178017 0.071945 0.071945
0 0.331365 0.938008 0.057104 0.057104
0 0.088882 0.667843 0.104277 0.104277
0 0.678640 0.584067 0.071945 0.071945
0 0.196319 0.117018 0.104277 0.104277
0 0.012560 0.192798 0.104277 0.104277
0 0.139781 0.229455 0.057104 0.057104
0 0.131864 0.092754 0.071945 0.071945
0 0.936251 0.270969 0.061130 0.061130
0 0.364529 0.699304 0.104277 0.104277
0 0.742856 0.180581 0.071945 0.071945
0 0.348727 0.049010 0.071945 0.071945
0 0.251388 0.980443 0.052757 0.052757
0 0.055243 0.536791 0.052757 0.052757
0 0.529691 0.518368 0.104277 0.104277
0 0.630555 0.262965 0.057104 0.057104
0 0.322304 0.520152 0.062220 0.062220
0 0.631311 0.065821 0.061131 0.061131
0 0.740723 0.832981 0.071945 0.071945
0 0.176629 0.783473 0.057104 0.057104
0 0.940750 0.021449 0.057104 0.057104
0 0.601027 0.165096 0.071945 0.071945
0 0.490482 0.225278 0.071945 0.071945
0 0.382173 0.861837 0.052757 0.052757
0 0.453364 0.930918 0.104277 0.104277
0 0.421921 0.500029 0.062220 0.062220
0 0.352124 0.160332 0.052757 0.052757
0 0.754531 0.967395 0.061131 0.061131
0 0.229446 0.423156 0.071945 0.071945
0 0.220112 0.658940 0.052757 0.052757
0 0.266054 0.870523 0.057104 0.057104
0 0.612627 0.913880 0.104277 0.104277
0 0.728146 0.083110 0.052757 0.052757
0 0.663975 0.328604 0.062220 0.062220
0 0.825508 0.798340 0.062220 0.062220
0 0.517552 0.751243 0.062220 0.062220
0 0.933660 0.188257 0.061131 0.061131
0 0.078132 0.794691 0.052757 0.052757
0 0.407721 0.215443 0.052757 0.052757
0 0.708539 0.512542 0.061131 0.061131
0 0.461404 0.044407 0.071945 0.071945
0 0.612383 0.549860 0.061131 0.061131
0 0.880924 0.324064 0.071945 0.071945
0 0.792389 0.021325 0.062220 0.062220
0 0.485338 0.125660 0.057104 0.057104
0 0.967556 0.996398 0.071945 0.071945
0 0.101848 0.168354 0.062220 0.062220
0 0.575367 0.628023 0.052757 0.052757
0 0.655001 0.822844 0.061131 0.061131
0 0.872555 0.520386 0.057104 0.057104
0 0.480334 0.428056 0.052757 0.052757
0 0.727480 0.361719 0.071945 0.071945
0 0.990466 0.337594 0.052757 0.052757
0 0.808654 0.223722 0.071945 0.071945
0 0.544108 0.012252 0.104277 0.104277
0 0.453418 0.653438 0.104277 0.104277
0 0.231936 0.733425 0.061130 0.061130
0 0.175787 0.553341 0.104277 0.104277
0 0.138488 0.424241 0.052757 0.052757
0 0.873688 0.970822 0.052757 0.052757
0 0.358987 0.458004 0.057104 0.057104
0 0.912361 0.449533 0.062220 0.062220
0 0.241372 0.582430 0.071945 0.071945
0 0.317516 0.222867 0.104277 0.104277
0 0.904653 0.813979 0.057104 0.057104
0 0.471935 0.808872 0.061130 0.061130
0 0.739060 0.284769 0.071945 0.071945
0 0.235509 0.344934 0.056505 0.056505
0 0.838456 0.887665 0.057104 0.057104
0 0.744305 0.635686 0.104277 0.104277
0 0.512694 0.881785 0.061130 0.061130
0 0.810647 0.705123 0.052757 0.052757
0 0.689675 0.923806 0.071945 0.071945
0 0.979317 0.473125 0.104277 0.104277
0 0.817802 0.570667 0.071945 0.071945
0 0.831775 0.380681 0.104277 0.104277
0 0.455601 0.566287 0.057104 0.057104
0 0.229806 0.276245 0.061130 0.061130
0 0.207130 0.912644 0.062220 0.062220
0 0.558140 0.820595 0.071945 0.071945
0 0.562707 0.226330 0.057103 0.057103
0 0.306323 0.607586 0.057104 0.057104
0 0.029360 0.300047 0.062220 0.062220
0 0.106941 0.971499 0.052757 0.052757
0 0.046636 0.087297 0.061130 0.061130
0 0.715424 0.012674 0.057104 0.057104
0 0.054192 0.896956 0.062220 0.062220
0 0.698204 0.694823 0.052757 0.052757
0 0.992639 0.811977 0.062220 0.062220