0 0.348670 0.383226 0.062220 0.062220
0 0.694308 0.722854 0.062220 0.062220
0 0.656082 0.528830 0.062220 0.062220
0 0.431984 0.836468 0.057103 0.057103
0 0.947083 0.091002 0.104277 0.104277
0 0.682062 0.172196 0.052757 0.052757
0 0.693754 0.258745 0.104277 0.104277
0 0.452656 0.583117 0.052757 0.052757
0 0.999079 0.633981 0.104277 0.104277
0 0.885595 0.675955 0.071945 0.071945
0 0.290999 0.438108 0.071945 0.071945
0 0.411847 0.667787 0.062220 0.062220
0 0.316880 0.860769 0.071945 0.071945
0 0.673487 0.084775 0.104277 0.104277
0 0.755844 0.016573 0.104277 0.104277
0 0.341799 0.698423 0.104277 0.104277
0 0.145421 0.471234 0.061130 0.061130
0 0.422287 0.389288 0.061130 0.061130
0 0.402703 0.301405 0.052757 0.052757
0 0.193849 0.767586 0.104278 0.104278
0 0.901977 0.402742 0.057104 0.057104
0 0.806952 0.162628 0.104277 0.104277
0 0.591728 0.882351 0.062220 0.062220
0 0.563505 0.302232 0.061130 0.061130
0 0.644349 0.427690 0.062220 0.062220
0 0.259539 0.012924 0.061130 0.061130
0 0.839493 0.509500 0.057104 0.057104
0 0.062010 0.131536 0.104278 0.104278
0 0.955469 0.539591 0.104277 0.104277
0 0.749558 0.865646 0.071945 0.071945
0 0.686238 0.335900 0.057104 0.057104
0 0.451574 0.765031 0.061130 0.061130
0 0.894906 0.748920 0.071945 0.071945
0 0.504036 0.537343 0.062220 0.062220
0 0.602434 0.123555 0.052757 0.052757
0 0.702155 0.793656 0.057104 0.057104
0 0.211023 0.570821 0.062220 0.062220
0 0.722784 0.471343 0.057104 0.057104
0 0.894140 0.010091 0.104277 0.104277
0 0.534859 0.383444 0.061130 0.061130
0 0.665999 0.873309 0.052757 0.052757
0 0.744605 0.095723 0.061130 0.061130
0 0.419436 0.026274 0.104278 0.104278
0 0.968373 0.272462 0.062220 0.062220
0 0.486285 0.004665 0.052757 0.052757
0 0.500089 0.644475 0.062220 0.062220
0 0.921014 0.613312 0.057104 0.057104
0 0.127394 0.183742 0.062220 0.062220
0 0.996040 0.430300 0.104277 0.104277
0 0.625304 0.764670 0.050891 0.050891
0 0.278726 0.270966 0.062220 0.062220
0 0.351130 0.780105 0.104277 0.104277
0 0.495746 0.259689 0.057104 0.057104
0 0.789174 0.656976 0.062220 0.062220
0 0.864701 0.124083 0.071945 0.071945
0 0.909993 0.866042 0.057104 0.057104
0 0.285900 0.602972 0.062220 0.062220
0 0.510324 0.843692 0.052757 0.052757
0 0.557955 0.689816 0.062220 0.062220
0 0.653714 0.655735 0.104277 0.104277
0 0.452164 0.127158 0.057104 0.057104
0 0.161162 0.364848 0.104278 0.104278
0 0.379439 0.093538 0.071945 0.071945
0 0.279800 0.358312 0.052757 0.052757
0 0.188983 0.874439 0.071945 0.071945
0 0.098371 0.880114 0.052757 0.052757
0 0.815562 0.784913 0.061130 0.061130
0 0.819086 0.380031 0.062220 0.062220
0 0.796431 0.233887 0.071945 0.071945
0 0.953985 0.700065 0.062220 0.062220
0 0.248598 0.828211 0.057104 0.057104
0 0.318024 0.173104 0.052757 0.052757
0 0.510320 0.168996 0.071945 0.071945
0 0.036348 0.201578 0.104277 0.104277
0 0.212703 0.412830 0.057104 0.057104
0 0.246281 0.081508 0.057104 0.057104
0 0.526902 0.762625 0.062220 0.062220
0 0.216778 0.159330 0.104277 0.104277
0 0.825140 0.888263 0.062220 0.062220
0 0.928840 0.471053 0.071945 0.071945
0 0.177905 0.278855 0.104277 0.104277
0 0.168359 0.059890 0.071945 0.071945
0 0.068058 0.803661 0.104277 0.104277
0 0.604882 0.587755 0.104277 0.104277
0 0.042528 0.001131 0.057104 0.057104
0 0.178179 0.688514 0.061131 0.061131
0 0.059315 0.683572 0.057104 0.057104
0 0.389849 0.203889 0.052757 0.052757
0 0.038474 0.611655 0.062220 0.062220
0 0.836157 0.592533 0.052757 0.052757
0 0.251516 0.703609 0.057104 0.057104
0 0.990907 0.780178 0.061131 0.061131
0 0.372124 0.496457 0.057104 0.057104
0 0.092886 0.404844 0.062220 0.062220
0 0.093060 0.332409 0.057104 0.057104
0 0.762932 0.587811 0.052757 0.052757
0 0.796604 0.453197 0.061130 0.061130
0 0.085288 0.057609 0.052757 0.052757
0 0.468085 0.472541 0.104277 0.104277
0 0.128063 0.596383 0.057104 0.057104
0 0.576917 0.022273 0.104277 0.104277
0 0.350468 0.017545 0.052757 0.052757
0 0.116714 0.740390 0.061130 0.061130
0 0.880810 0.247868 0.052757 0.052757
0 0.616201 0.192533 0.104277 0.104277
0 0.040803 0.480565 0.057104 0.057104