0 0.881467 0.818227 0.104277 0.104277
0 0.837919 0.606236 0.061130 0.061130
0 0.771012 0.466565 0.104277 0.104277
0 0.832838 0.375517 0.071945 0.071945
0 0.984651 0.361127 0.071945 0.071945
0 0.738690 0.568134 0.052757 0.052757
0 0.776721 0.238618 0.104277 0.104277
0 0.282886 0.521231 0.052757 0.052757
0 0.232535 0.014552 0.062220 0.062220
0 0.875591 0.733042 0.057104 0.057104
0 0.646784 0.411074 0.062220 0.062220
0 0.911453 0.919678 0.051819 0.051819
0 0.206572 0.942412 0.057104 0.057104
0 0.904793 0.174589 0.052757 0.052757
0 0.557619 0.596233 0.104277 0.104277
0 0.157092 0.241768 0.052757 0.052757
0 0.815597 0.532773 0.061131 0.061131
0 0.282431 0.729061 0.057104 0.057104
0 0.848731 0.285114 0.057104 0.057104
0 0.348473 0.136228 0.071945 0.071945
0 0.899813 0.493268 0.052757 0.052757
0 0.395721 0.198667 0.061130 0.061130
0 0.573855 0.322622 0.052757 0.052757
0 0.956020 0.429228 0.057104 0.057104
0 0.875973 0.112028 0.057104 0.057104
0 0.503773 0.937193 0.052757 0.052757
0 0.983974 0.089466 0.061130 0.061130
0 0.327240 0.411707 0.057104 0.057104
0 0.902255 0.581850 0.057104 0.057104
0 0.987294 0.990022 0.104277 0.104277
0 0.641055 0.258531 0.052757 0.052757
0 0.982431 0.916729 0.071945 0.071945
0 0.414171 0.407964 0.057104 0.057104
0 0.637023 0.534483 0.071945 0.071945
0 0.926903 0.046489 0.061131 0.061131
0 0.688902 0.929438 0.052757 0.052757
0 0.746118 0.340814 0.071945 0.071945
0 0.095582 0.153262 0.071945 0.071945
0 0.025337 0.146177 0.057104 0.057104
0 0.293390 0.312169 0.057104 0.057104
0 0.654975 0.850069 0.071945 0.071945
0 0.320005 0.954508 0.071945 0.071945
0 0.708242 0.500932 0.057104 0.057104
0 0.029838 0.836012 0.061130 0.061130
0 0.440579 0.076360 0.061130 0.061130
0 0.328753 0.677694 0.071945 0.071945
0 0.423348 0.890322 0.062220 0.062220
0 0.539009 0.719322 0.061130 0.061130
0 0.766326 0.963445 0.052757 0.052757
0 0.028869 0.479937 0.071945 0.071945
0 0.712716 0.140650 0.104277 0.104277
0 0.474321 0.621583 0.061130 0.061130
0 0.445395 0.549848 0.061130 0.061130
0 0.226513 0.276121 0.104277 0.104277
0 0.090553 0.054299 0.057104 0.057104
0 0.332269 0.056046 0.057104 0.057104
0 0.624075 0.676118 0.104277 0.104277
0 0.787480 0.773991 0.071945 0.071945
0 0.200835 0.170383 0.104277 0.104277
0 0.484878 0.287786 0.052757 0.052757
0 0.928226 0.277140 0.062220 0.062220
0 0.477775 0.827709 0.061130 0.061130
0 0.215928 0.362683 0.104277 0.104277
0 0.040038 0.561635 0.071945 0.071945
0 0.577868 0.920245 0.057104 0.057104
0 0.470017 0.744027 0.104277 0.104277
0 0.677469 0.997861 0.062220 0.062220
0 0.005392 0.063682 0.052757 0.052757
0 0.200093 0.075652 0.052757 0.052757
0 0.674636 0.724655 0.104277 0.104277
0 0.159325 0.512766 0.052757 0.052757
0 0.653541 0.611965 0.052757 0.052757
0 0.960457 0.651653 0.062220 0.062220
0 0.365900 0.485452 0.071945 0.071945
0 0.290845 0.238422 0.062220 0.062220
0 0.380874 0.986322 0.071945 0.071945
0 0.995298 0.194991 0.071945 0.071945
0 0.605177 0.178119 0.052757 0.052757
0 0.251777 0.444119 0.104277 0.104277
0 0.778605 0.857907 0.057104 0.057104
0 0.261812 0.894486 0.050932 0.050932
0 0.398548 0.715600 0.052757 0.052757
0 0.562709 0.012074 0.104278 0.104278
0 0.164685 0.662491 0.071945 0.071945
0 0.375445 0.622660 0.061130 0.061130
0 0.734474 0.680715 0.052757 0.052757
0 0.588780 0.832162 0.057104 0.057104
0 0.812852 0.076245 0.062220 0.062220
0 0.087585 0.258914 0.057104 0.057104
0 0.398093 0.267821 0.057104 0.057104
0 0.122269 0.949122 0.071945 0.071945
0 0.029906 0.712293 0.104277 0.104277
0 0.619727 0.077985 0.062220 0.062220
0 0.498284 0.192561 0.057104 0.057104
0 0.372349 0.782626 0.061130 0.061130
0 0.234714 0.625785 0.071945 0.071945
0 0.087349 0.337023 0.061130 0.061130
0 0.017186 0.324302 0.062220 0.062220
0 0.362201 0.342286 0.048997 0.048997
0 0.651647 0.010356 0.071945 0.071945
0 0.565227 0.246917 0.062220 0.062220
0 0.035886 0.933941 0.052757 0.052757
0 0.561209 0.488278 0.062220 0.062220
0 0.691848 0.067282 0.052757 0.052757
0 0.333141 0.879311 0.062220 0.062220
0 0.128896 0.857215 0.062220 0.062220
0 0.564786 0.398467 0.061131 0.061131
0 0.139560 0.436663 0.104277 0.104277
0 0.073749 0.772189 0.047555 0.047555
0 0.207849 0.796985 0.052757 0.052757
0 0.280002 0.160530 0.057104 0.057104
0 0.492294 0.495272 0.071945 0.071945
0 0.953076 0.779470 0.057104 0.057104
0 0.287799 0.804866 0.071945 0.071945