0 0.164220 0.545657 0.071945 0.071945
0 0.439341 0.513636 0.071945 0.071945
0 0.719719 0.253957 0.071945 0.071945
0 0.471469 0.629006 0.052757 0.052757
0 0.028321 0.115228 0.052757 0.052757
0 0.172904 0.915989 0.061130 0.061130
0 0.709752 0.736160 0.061131 0.061131
0 0.615629 0.852494 0.062220 0.062220
0 0.208618 0.301974 0.061130 0.061130
0 0.614896 0.426951 0.104277 0.104277
0 0.058968 0.812370 0.104277 0.104277
0 0.017829 0.933981 0.104277 0.104277
0 0.641619 0.041104 0.062220 0.062220
0 0.381562 0.263850 0.071945 0.071945
0 0.062369 0.565112 0.062220 0.062220
0 0.024993 0.311047 0.071945 0.071945
0 0.491784 0.875290 0.104277 0.104277
0 0.087722 0.737370 0.057104 0.057104
0 0.581892 0.590070 0.104277 0.104277
0 0.537031 0.781189 0.071945 0.071945
0 0.747089 0.673813 0.052757 0.052757
0 0.160409 0.136604 0.104277 0.104277
0 0.460270 0.382708 0.104277 0.104277
0 0.578049 0.193901 0.071945 0.071945
0 0.156069 0.719806 0.104277 0.104277
0 0.573283 0.933948 0.052757 0.052757
0 0.582796 0.125455 0.062220 0.062220
0 0.041422 0.660868 0.061130 0.061130
0 0.520752 0.321206 0.057104 0.057104
0 0.563719 0.494881 0.062220 0.062220
0 0.316461 0.622068 0.052757 0.052757
0 0.463469 0.252990 0.062220 0.062220
0 0.283678 0.808936 0.071945 0.071945
0 0.649118 0.225683 0.061130 0.061130
0 0.493682 0.723945 0.102474 0.102474
0 0.102866 0.387336 0.052757 0.052757
0 0.388018 0.716120 0.104277 0.104277
0 0.065524 0.253341 0.052757 0.052757
0 0.259999 0.004776 0.054783 0.054783
0 0.396842 0.449912 0.062220 0.062220
0 0.240529 0.525462 0.061131 0.061131
0 0.198922 0.453913 0.071945 0.071945
0 0.228101 0.116942 0.071945 0.071945
0 0.228361 0.187766 0.061130 0.061130
0 0.202068 0.776773 0.057104 0.057104
0 0.521857 0.005509 0.061131 0.061131
0 0.108381 0.013444 0.057104 0.057104
0 0.014790 0.730300 0.104277 0.104277
0 0.683364 0.482857 0.045227 0.045227
0 0.317752 0.531184 0.052757 0.052757
0 0.743988 0.104457 0.104278 0.104278
0 0.027298 0.490722 0.061130 0.061130
0 0.739029 0.386652 0.061130 0.061130
0 0.300861 0.738294 0.062220 0.062220
0 0.245284 0.918053 0.104277 0.104277
0 0.352514 0.105434 0.052757 0.052757
0 0.040191 0.184651 0.104277 0.104277
0 0.073377 0.881706 0.062220 0.062220
0 0.395378 0.344945 0.052757 0.052757
0 0.307425 0.396809 0.052757 0.052757
0 0.730618 0.953507 0.061131 0.061131
0 0.126962 0.463196 0.057104 0.057104
0 0.597435 0.330349 0.061131 0.061131
0 0.503072 0.194612 0.057104 0.057104
0 0.224226 0.843775 0.104277 0.104277
0 0.696190 0.829519 0.061131 0.061131
0 0.662444 0.980604 0.062221 0.062221
0 0.498342 0.980886 0.052757 0.052757
0 0.394447 0.623245 0.055027 0.055027
0 0.526639 0.424067 0.061131 0.061131
0 0.185138 0.652158 0.062220 0.062220
0 0.604476 0.727423 0.104277 0.104277
0 0.040505 0.418186 0.050559 0.050559
0 0.334727 0.916321 0.052757 0.052757
0 0.169644 0.360965 0.061130 0.061130
0 0.298915 0.181337 0.071945 0.071945
0 0.400902 0.035723 0.057104 0.057104
0 0.440948 0.092861 0.104277 0.104277
0 0.141128 0.809121 0.071945 0.071945
0 0.297715 0.275890 0.071945 0.071945
0 0.257177 0.664968 0.104277 0.104277
0 0.421187 0.809225 0.061130 0.061130
0 0.684558 0.343843 0.052757 0.052757
0 0.104360 0.090014 0.071945 0.071945
0 0.410624 0.184465 0.104277 0.104277
0 0.135067 0.227954 0.104277 0.104277
0 0.686833 0.150010 0.061131 0.061131
0 0.659215 0.676097 0.057104 0.057104
0 0.673165 0.600014 0.088662 0.088662