0 0.243458 0.488113 0.052757 0.052757
0 0.795386 0.227481 0.052757 0.052757
0 0.709104 0.884328 0.061130 0.061130
0 0.719072 0.648662 0.057104 0.057104
0 0.213934 0.972292 0.062220 0.062220
0 0.216377 0.149161 0.071945 0.071945
0 0.762082 0.961715 0.104277 0.104277
0 0.794931 0.435311 0.057104 0.057104
0 0.209293 0.558358 0.062220 0.062220
0 0.421963 0.629515 0.071945 0.071945
0 0.560568 0.734037 0.104277 0.104277
0 0.480999 0.802961 0.052757 0.052757
0 0.839740 0.117957 0.057104 0.057104
0 0.703954 0.803198 0.104277 0.104277
0 0.926671 0.114214 0.057104 0.057104
0 0.393567 0.797159 0.052757 0.052757
0 0.639909 0.885255 0.052757 0.052757
0 0.805890 0.018419 0.057104 0.057104
0 0.941152 0.761916 0.061130 0.061130
0 0.832505 0.660758 0.071945 0.071945
0 0.999154 0.876454 0.052757 0.052757
0 0.206921 0.651528 0.052757 0.052757
0 0.352514 0.359633 0.071945 0.071945
0 0.542338 0.542262 0.061130 0.061130
0 0.345580 0.289177 0.071945 0.071945
0 0.841253 0.383944 0.071945 0.071945
0 0.821409 0.829051 0.061130 0.061130
0 0.792078 0.745386 0.062220 0.062220
0 0.935848 0.596572 0.062220 0.062220
0 0.260380 0.893563 0.061130 0.061130
0 0.841447 0.991352 0.052757 0.052757
0 0.541369 0.186187 0.071945 0.071945
0 0.495206 0.692040 0.104277 0.104277
0 0.986821 0.327833 0.061130 0.061130
0 0.957895 0.256098 0.061130 0.061130
0 0.990275 0.533959 0.061130 0.061130
0 0.728428 0.068933 0.104277 0.104277
0 0.552538 0.267885 0.071945 0.071945
0 0.982517 0.450277 0.104277 0.104277
0 0.671825 0.219016 0.052757 0.052757
0 0.503789 0.350110 0.052757 0.052757
0 0.347425 0.689741 0.052757 0.052757
0 0.436472 0.028664 0.061130 0.061130
0 0.244794 0.410449 0.104278 0.104278
0 0.878400 0.191702 0.071945 0.071945
0 0.932728 0.838551 0.104277 0.104277
0 0.427566 0.222543 0.061130 0.061130
0 0.893374 0.692572 0.071945 0.071945
0 0.435516 0.543698 0.104277 0.104277
0 0.764277 0.150369 0.104277 0.104277
0 0.634440 0.756639 0.071945 0.071945
0 0.774312 0.600736 0.050932 0.050932
0 0.314098 0.092815 0.061130 0.061130
0 0.911048 0.421850 0.052757 0.052757
0 0.386423 0.454568 0.057104 0.057104
0 0.677185 0.368741 0.071945 0.071945
0 0.887945 0.328910 0.061130 0.061130
0 0.463547 0.293369 0.062220 0.062220
0 0.329576 0.012227 0.057104 0.057104
0 0.634769 0.655372 0.071945 0.071945
0 0.542406 0.418543 0.104277 0.104277
0 0.249161 0.218487 0.061130 0.061130
0 0.313629 0.776951 0.104277 0.104277
0 0.884849 0.488876 0.061130 0.061130
0 0.747214 0.332035 0.071945 0.071945
0 0.599849 0.043273 0.061130 0.061130
0 0.529686 0.030552 0.062220 0.062220
0 0.557880 0.863889 0.104277 0.104277
0 0.874701 0.048536 0.048997 0.048997
0 0.341503 0.519285 0.062220 0.062220
0 0.945504 0.973192 0.104277 0.104277
0 0.548386 0.640191 0.052757 0.052757
0 0.845641 0.585561 0.062220 0.062220
0 0.641396 0.563465 0.062220 0.062220
0 0.463553 0.938666 0.052757 0.052757
0 0.259747 0.011275 0.057104 0.057104
0 0.307193 0.170049 0.057104 0.057104
0 0.342782 0.853455 0.104277 0.104277
0 0.498247 0.115092 0.071945 0.071945
0 0.281287 0.615354 0.057104 0.057104
0 0.652060 0.142913 0.104277 0.104277
0 0.555785 0.954252 0.062220 0.062220
0 0.418186 0.108016 0.071945 0.071945
0 0.622295 0.989294 0.071945 0.071945
0 0.851402 0.912948 0.061130 0.061130
0 0.491164 0.473470 0.071945 0.071945
0 0.586249 0.478439 0.047555 0.047555
0 0.720349 0.503235 0.052757 0.052757
0 0.232889 0.796186 0.071945 0.071945
0 0.350766 0.602240 0.057103 0.057103
0 0.716069 0.721340 0.071945 0.071945
0 0.334477 0.924797 0.104277 0.104277
0 0.800299 0.511116 0.071945 0.071945
0 0.247431 0.306703 0.062220 0.062220