0 0.076795 0.742601 0.062220 0.062220
0 0.619552 0.013255 0.104278 0.104278
0 0.384207 0.888205 0.062220 0.062220
0 0.873595 0.605032 0.071945 0.071945
0 0.675208 0.450377 0.104277 0.104277
0 0.737696 0.174603 0.052757 0.052757
0 0.882279 0.975364 0.061130 0.061130
0 0.917993 0.361349 0.061130 0.061130
0 0.410187 0.531571 0.052757 0.052757
0 0.421879 0.618120 0.104277 0.104277
0 0.262229 0.165578 0.061130 0.061130
0 0.768343 0.871745 0.104277 0.104277
0 0.180781 0.942492 0.052757 0.052757
0 0.727204 0.993356 0.104277 0.104277
0 0.019124 0.797483 0.071945 0.071945
0 0.636990 0.124060 0.052757 0.052757
0 0.658061 0.295287 0.052757 0.052757
0 0.771744 0.624487 0.062220 0.062220
0 0.401612 0.444150 0.104277 0.104277
0 0.734368 0.370422 0.071945 0.071945
0 0.483969 0.375948 0.104277 0.104277
0 0.408136 0.345008 0.061130 0.061130
0 0.797097 0.796745 0.057104 0.057104
0 0.315207 0.242965 0.104277 0.104277
0 0.150412 0.748663 0.061130 0.061130
0 0.869784 0.195979 0.104277 0.104277
0 0.130828 0.660780 0.052757 0.052757
0 0.865444 0.779181 0.104277 0.104277
0 0.750797 0.720243 0.061130 0.061130
0 0.630102 0.762117 0.057104 0.057104
0 0.535077 0.522003 0.104277 0.104277
0 0.291630 0.661607 0.061130 0.061130
0 0.372474 0.787065 0.062220 0.062220
0 0.567618 0.868875 0.057104 0.057104
0 0.683594 0.898966 0.104277 0.104277
0 0.113693 0.015287 0.104277 0.104277
0 0.034124 0.084211 0.052757 0.052757
0 0.414363 0.695275 0.057104 0.057104
0 0.993053 0.868311 0.071945 0.071945
0 0.232161 0.896718 0.062220 0.062220
0 0.257079 0.084448 0.104277 0.104277
0 0.330559 0.482930 0.052757 0.052757
0 0.812241 0.446711 0.052757 0.052757
0 0.450909 0.830718 0.057104 0.057104
0 0.193034 0.166505 0.052757 0.052757
0 0.622265 0.369466 0.104277 0.104277
0 0.569562 0.231112 0.057104 0.057104
0 0.774899 0.312716 0.052757 0.052757
0 0.969374 0.064151 0.054783 0.054783
0 0.262984 0.742819 0.061130 0.061130
0 0.949904 0.584837 0.061131 0.061131
0 0.472730 0.455098 0.061130 0.061130
0 0.908297 0.513288 0.071945 0.071945
0 0.937476 0.176317 0.071945 0.071945
0 0.147561 0.385649 0.104278 0.104278
0 0.696498 0.631837 0.062220 0.062220
0 0.937736 0.247141 0.061130 0.061130
0 0.214410 0.364040 0.052757 0.052757
0 0.494277 0.043166 0.061130 0.061130
0 0.911443 0.836148 0.057104 0.057104
0 0.649139 0.972687 0.057104 0.057104
0 0.552279 0.157704 0.052757 0.052757
0 0.817756 0.072819 0.057104 0.057104
0 0.724165 0.789675 0.104277 0.104277
0 0.006851 0.630341 0.062220 0.062220
0 0.223871 0.619064 0.057104 0.057104
0 0.592826 0.483458 0.071945 0.071945
0 0.374534 0.110301 0.061130 0.061130
0 0.345203 0.026636 0.062220 0.062220
0 0.014025 0.962347 0.062220 0.062220
0 0.736673 0.550097 0.061130 0.061130
0 0.394572 0.272602 0.052757 0.052757
0 0.544746 0.308887 0.057104 0.057104
0 0.180289 0.486533 0.057104 0.057104
0 0.107564 0.452913 0.071945 0.071945
0 0.007925 0.717687 0.052757 0.052757
0 0.954659 0.977428 0.104277 0.104277
0 0.547211 0.739406 0.062220 0.062220
0 0.524556 0.593262 0.071945 0.071945
0 0.046149 0.532479 0.052757 0.052757
0 0.238445 0.528371 0.071945 0.071945
0 0.749566 0.244026 0.104277 0.104277
0 0.782752 0.941081 0.062220 0.062220
0 0.656965 0.830428 0.071945 0.071945
0 0.485853 0.119801 0.104277 0.104277
0 0.836337 0.522571 0.057104 0.057104
0 0.689397 0.041450 0.104277 0.104277
0 0.187565 0.037889 0.071945 0.071945
0 0.333007 0.947130 0.104277 0.104277
0 0.933601 0.903150 0.104277 0.104277
0 0.117974 0.563264 0.052757 0.052757
0 0.894513 0.711533 0.062220 0.062220
0 0.749880 0.477561 0.050559 0.050559
0 0.060862 0.300904 0.104277 0.104277
0 0.879019 0.420340 0.061130 0.061130
0 0.564282 0.951908 0.052757 0.052757
0 0.111005 0.145139 0.104277 0.104277
0 0.850503 0.868496 0.071945 0.071945
0 0.651522 0.213117 0.061131 0.061131
0 0.498629 0.254442 0.104277 0.104277
0 0.966552 0.724343 0.104277 0.104277
0 0.883252 0.030424 0.104277 0.104277
0 0.016678 0.219916 0.052757 0.052757
0 0.100249 0.855832 0.057104 0.057104
0 0.491057 0.947186 0.052757 0.052757
0 0.108910 0.235502 0.062220 0.062220
0 0.175420 0.270544 0.071945 0.071945
0 0.573534 0.083169 0.071945 0.071945
0 0.404527 0.194198 0.061130 0.061130
0 0.813735 0.149389 0.071945 0.071945
0 0.524729 0.812572 0.061130 0.061130
0 0.196210 0.831916 0.104277 0.104277
0 0.305042 0.381648 0.104277 0.104277
0 0.844442 0.287329 0.104277 0.104277
0 0.078593 0.376920 0.052757 0.052757
0 0.608935 0.607243 0.052757 0.052757
0 0.269194 0.002590 0.071945 0.071945
0 0.344326 0.551908 0.104277 0.104277