0 0.697677 0.391380 0.104278 0.104278
0 0.951720 0.983157 0.071945 0.071945
0 0.753333 0.828502 0.104277 0.104277
0 0.815821 0.552728 0.052757 0.052757
0 0.996118 0.739474 0.061130 0.061130
0 0.488312 0.909696 0.052757 0.052757
0 0.500004 0.996245 0.104277 0.104277
0 0.340354 0.543703 0.061130 0.061130
0 0.715115 0.502185 0.052757 0.052757
0 0.736186 0.673412 0.052757 0.052757
0 0.479737 0.822275 0.104277 0.104277
0 0.812493 0.748547 0.071945 0.071945
0 0.562094 0.754073 0.104277 0.104277
0 0.486261 0.723133 0.061130 0.061130
0 0.350322 0.308037 0.057104 0.057104
0 0.393332 0.621090 0.104277 0.104277
0 0.426181 0.094686 0.057104 0.057104
0 0.947909 0.574104 0.104277 0.104277
0 0.613202 0.900128 0.104277 0.104277
0 0.065789 0.750424 0.061130 0.061130
0 0.647523 0.302818 0.052757 0.052757
0 0.053213 0.288890 0.071945 0.071945
0 0.191818 0.393412 0.104277 0.104277
0 0.112249 0.462336 0.052757 0.052757
0 0.335204 0.462573 0.104277 0.104277
0 0.408684 0.861055 0.052757 0.052757
0 0.890366 0.824836 0.052757 0.052757
0 0.832652 0.295063 0.052757 0.052757
0 0.024817 0.456534 0.052757 0.052757
0 0.271159 0.544630 0.052757 0.052757
0 0.700390 0.747591 0.104277 0.104277
0 0.647687 0.609237 0.057104 0.057104
0 0.853024 0.690841 0.052757 0.052757
0 0.550855 0.833223 0.061130 0.061130
0 0.986422 0.891413 0.071945 0.071945
0 0.225686 0.763774 0.104278 0.104278
0 0.798725 0.215694 0.071945 0.071945
0 0.292535 0.742165 0.052757 0.052757
0 0.572402 0.421291 0.061130 0.061130
0 0.463755 0.320133 0.071945 0.071945
0 0.630404 0.535829 0.052757 0.052757
0 0.895881 0.450944 0.057104 0.057104
0 0.301996 0.997189 0.057104 0.057104
0 0.173588 0.201637 0.061130 0.061130
0 0.670951 0.861583 0.071945 0.071945
0 0.472503 0.043319 0.071945 0.071945
0 0.452659 0.488426 0.061130 0.061130
0 0.423328 0.404761 0.062220 0.062220
0 0.567098 0.255947 0.062220 0.062220
0 0.682759 0.084947 0.061130 0.061130
0 0.814798 0.928222 0.061130 0.061130
0 0.910076 0.329070 0.052757 0.052757
0 0.472697 0.650727 0.052757 0.052757
0 0.622871 0.687012 0.057104 0.057104
0 0.258414 0.864658 0.057104 0.057104
0 0.126456 0.351415 0.104277 0.104277
0 0.185689 0.831038 0.071945 0.071945
0 0.602681 0.971387 0.071945 0.071945
0 0.767825 0.041743 0.104277 0.104277
0 0.931230 0.139616 0.071945 0.071945
0 0.124274 0.910604 0.052757 0.052757
0 0.316570 0.906496 0.071945 0.071945
0 0.621525 0.193334 0.061130 0.061130
0 0.721618 0.285870 0.057104 0.057104
0 0.613767 0.109652 0.104277 0.104277
0 0.821219 0.363486 0.062220 0.062220
0 0.052531 0.819008 0.057104 0.057104
0 0.818386 0.090280 0.104277 0.104277
0 0.023028 0.896830 0.104277 0.104277
0 0.135039 0.009485 0.052757 0.052757
0 0.827691 0.622151 0.104277 0.104277
0 0.563978 0.497926 0.104277 0.104277
0 0.524624 0.351947 0.071945 0.071945
0 0.066766 0.203073 0.104277 0.104277
0 0.914462 0.900696 0.057104 0.057104
0 0.767522 0.419575 0.104277 0.104277
0 0.922355 0.223532 0.057104 0.057104
0 0.265690 0.416014 0.071945 0.071945
0 0.405562 0.260111 0.050932 0.050932
0 0.542298 0.081225 0.052757 0.052757
0 0.017673 0.113943 0.057104 0.057104
0 0.308435 0.028116 0.071945 0.071945
0 0.196099 0.941389 0.052757 0.052757
0 0.878224 0.046340 0.052757 0.052757
0 0.732530 0.197787 0.057104 0.057104
0 0.266019 0.314747 0.071945 0.071945
0 0.173656 0.077918 0.104277 0.104277
0 0.516099 0.148251 0.061130 0.061130
0 0.828005 0.855686 0.050559 0.050559
0 0.138987 0.679029 0.104277 0.104277
0 0.957144 0.798465 0.061130 0.061130
0 0.189130 0.523264 0.104277 0.104277
0 0.729647 0.591242 0.061131 0.061131
0 0.576754 0.632567 0.104277 0.104277
0 0.179636 0.299566 0.052757 0.052757
0 0.961377 0.408549 0.104277 0.104277
0 0.476891 0.244936 0.062220 0.062220
0 0.272646 0.222840 0.062220 0.062220
0 0.094803 0.598041 0.052757 0.052757
0 0.063692 0.670677 0.061130 0.061130
0 0.187035 0.613627 0.062220 0.062220
0 0.253545 0.648669 0.071945 0.071945
0 0.651659 0.461294 0.071945 0.071945
0 0.482652 0.572323 0.061130 0.061130
0 0.122414 0.132845 0.071945 0.071945
0 0.891860 0.527514 0.071945 0.071945
0 0.217499 0.137814 0.047555 0.047555
0 0.351599 0.162610 0.052757 0.052757
0 0.383167 0.759773 0.104277 0.104277
0 0.922567 0.665454 0.104277 0.104277
0 0.156718 0.755045 0.052757 0.052757
0 0.687060 0.985368 0.052757 0.052757
0 0.347319 0.380715 0.071945 0.071945
0 0.431549 0.170491 0.071945 0.071945
0 0.422451 0.930033 0.104277 0.104277