0 0.725217 0.474477 0.104277 0.104277
0 0.681669 0.262486 0.061130 0.061130
0 0.397677 0.682005 0.104278 0.104278
0 0.614762 0.122815 0.104277 0.104277
0 0.676588 0.031767 0.071945 0.071945
0 0.875507 0.472153 0.062220 0.062220
0 0.828401 0.017377 0.071945 0.071945
0 0.907154 0.224235 0.104277 0.104277
0 0.582440 0.224384 0.052757 0.052757
0 0.515821 0.843353 0.052757 0.052757
0 0.985018 0.270760 0.071945 0.071945
0 0.126636 0.177481 0.052757 0.052757
0 0.040354 0.834328 0.061130 0.061130
0 0.415115 0.792810 0.052757 0.052757
0 0.869062 0.991975 0.071945 0.071945
0 0.436186 0.964037 0.052757 0.052757
0 0.719341 0.389292 0.057104 0.057104
0 0.490534 0.067324 0.062220 0.062220
0 0.755203 0.575928 0.051819 0.051819
0 0.050322 0.598662 0.057104 0.057104
0 0.401369 0.252483 0.104277 0.104277
0 0.659347 0.189023 0.061131 0.061131
0 0.935351 0.519641 0.052757 0.052757
0 0.093332 0.911715 0.104277 0.104277
0 0.126181 0.385311 0.057104 0.057104
0 0.647909 0.864729 0.104277 0.104277
0 0.996627 0.468156 0.057103 0.057103
0 0.743563 0.149518 0.052757 0.052757
0 0.799770 0.085478 0.057104 0.057104
0 0.950969 0.981115 0.062220 0.062220
0 0.912243 0.307489 0.036679 0.036679
0 0.347523 0.593443 0.052757 0.052757
0 0.170990 0.067957 0.057104 0.057104
0 0.746005 0.238100 0.057104 0.057104
0 0.831044 0.646272 0.104277 0.104277
0 0.826181 0.572979 0.071945 0.071945
0 0.035204 0.753198 0.104277 0.104277
0 0.257921 0.064214 0.057104 0.057104
0 0.480773 0.190733 0.071945 0.071945
0 0.532652 0.585688 0.052757 0.052757
0 0.961521 0.126169 0.104277 0.104277
0 0.347687 0.899862 0.057104 0.057104
0 0.553024 0.981466 0.052757 0.052757
0 0.747499 0.732901 0.054783 0.054783
0 0.915051 0.666813 0.057103 0.057103
0 0.715601 0.845067 0.071945 0.071945
0 0.715861 0.915891 0.061130 0.061130
0 0.498725 0.506319 0.071945 0.071945
0 0.272402 0.711916 0.061130 0.061130
0 0.163755 0.610758 0.071945 0.071945
0 0.330404 0.826454 0.052757 0.052757
0 0.595881 0.741569 0.057104 0.057104
0 0.960535 0.601515 0.061131 0.061131
0 0.551992 0.157182 0.057104 0.057104
0 0.172503 0.333944 0.071945 0.071945
0 0.152659 0.779051 0.061130 0.061130
0 0.123328 0.695386 0.062220 0.062220
0 0.908448 0.067877 0.061130 0.061130
0 0.267098 0.546572 0.062220 0.062220
0 0.382759 0.375572 0.061130 0.061130
0 0.987208 0.198492 0.061130 0.061130
0 0.610076 0.619695 0.052757 0.052757
0 0.172697 0.941352 0.052757 0.052757
0 0.322871 0.977637 0.057104 0.057104
0 0.318071 0.277833 0.061130 0.061130
0 0.289145 0.206098 0.061130 0.061130
0 0.858544 0.162360 0.062220 0.062220
0 0.467825 0.332368 0.104277 0.104277
0 0.631230 0.430241 0.071945 0.071945
0 0.840014 0.833559 0.052757 0.052757
0 0.321525 0.483959 0.061130 0.061130
0 0.059678 0.018933 0.104277 0.104277
0 0.421618 0.576495 0.057104 0.057104
0 0.313767 0.400277 0.104277 0.104277
0 0.521219 0.654111 0.062220 0.062220
0 0.518386 0.380905 0.104277 0.104277
0 0.003075 0.169016 0.052757 0.052757
0 0.497291 0.268215 0.052757 0.052757
0 0.527691 0.912776 0.104277 0.104277
0 0.804207 0.307903 0.062220 0.062220
0 0.209650 0.141702 0.071945 0.071945
0 0.263978 0.788551 0.104277 0.104277
0 0.224624 0.642572 0.071945 0.071945
0 0.467522 0.710200 0.104277 0.104277
0 0.946418 0.390599 0.104277 0.104277
0 0.095527 0.100369 0.104277 0.104277
0 0.622355 0.514157 0.057104 0.057104
0 0.105562 0.550736 0.050932 0.050932
0 0.990572 0.922737 0.057104 0.057104
0 0.242298 0.371850 0.052757 0.052757
0 0.008435 0.318741 0.071945 0.071945
0 0.859870 0.355821 0.071945 0.071945
0 0.219195 0.278910 0.061130 0.061130
0 0.578224 0.336965 0.052757 0.052757
0 0.432530 0.488412 0.057104 0.057104
0 0.823859 0.719650 0.104277 0.104277
0 0.216099 0.438876 0.061130 0.061130
0 0.078464 0.282035 0.071945 0.071945
0 0.786415 0.909462 0.071945 0.071945
0 0.888402 0.763848 0.057104 0.057104
0 0.928448 0.820986 0.104277 0.104277
0 0.429647 0.881867 0.061131 0.061131
0 0.276754 0.923192 0.104277 0.104277
0 0.404959 0.144528 0.062220 0.062220
0 0.733940 0.664947 0.052757 0.052757
0 0.661377 0.699174 0.104277 0.104277
0 0.176891 0.535561 0.062220 0.062220
0 0.408536 0.054717 0.061131 0.061131
0 0.351659 0.751919 0.071945 0.071945
0 0.182652 0.862948 0.061130 0.061130
0 0.591860 0.818139 0.071945 0.071945
0 0.051599 0.453235 0.052757 0.052757
0 0.898124 0.912590 0.104277 0.104277
0 0.622567 0.956079 0.104277 0.104277
0 0.336044 0.151522 0.071945 0.071945
0 0.047319 0.671340 0.071945 0.071945
0 0.796826 0.435720 0.057104 0.057104
0 0.131549 0.461116 0.071945 0.071945