0 0.250802 0.103880 0.104278 0.104278
0 0.015457 0.978830 0.062220 0.062220
0 0.504845 0.695657 0.071945 0.071945
0 0.779966 0.663636 0.071945 0.071945
0 0.306458 0.541002 0.104277 0.104277
0 0.812094 0.779006 0.052757 0.052757
0 0.368946 0.265228 0.052757 0.052757
0 0.549243 0.451974 0.061130 0.061130
0 0.955521 0.576951 0.104277 0.104277
0 0.041437 0.622196 0.052757 0.052757
0 0.053129 0.708745 0.104277 0.104277
0 0.399593 0.962370 0.104277 0.104277
0 0.982244 0.191104 0.062220 0.062220
0 0.268240 0.214685 0.052757 0.052757
0 0.722187 0.413850 0.071945 0.071945
0 0.289311 0.385912 0.052757 0.052757
0 0.402994 0.715112 0.062220 0.062220
0 0.032862 0.534775 0.104277 0.104277
0 0.365618 0.461047 0.071945 0.071945
0 0.115219 0.466573 0.104277 0.104277
0 0.039386 0.435633 0.061130 0.061130
0 0.428347 0.887370 0.057104 0.057104
0 0.922517 0.740070 0.104277 0.104277
0 0.877656 0.931189 0.071945 0.071945
0 0.501034 0.286604 0.104277 0.104277
0 0.800895 0.532708 0.104277 0.104277
0 0.918674 0.343901 0.071945 0.071945
0 0.496694 0.869806 0.104277 0.104277
0 0.923421 0.275455 0.062220 0.062220
0 0.382047 0.810868 0.061130 0.061130
0 0.261352 0.852742 0.057104 0.057104
0 0.166327 0.612628 0.104277 0.104277
0 0.003724 0.877690 0.062220 0.062220
0 0.861377 0.471206 0.057104 0.057104
0 0.904344 0.644881 0.062220 0.062220
0 0.657086 0.772068 0.052757 0.052757
0 0.804094 0.402990 0.062220 0.062220
0 0.200648 0.015318 0.052757 0.052757
0 0.198868 0.959500 0.057104 0.057104
0 0.884406 0.007371 0.104277 0.104277
0 0.314844 0.989591 0.104277 0.104277
0 0.045613 0.785900 0.057104 0.057104
0 0.684169 0.068147 0.104277 0.104277
0 0.624303 0.958936 0.071945 0.071945
0 0.989743 0.375683 0.061130 0.061130
0 0.834307 0.873945 0.102474 0.102474
0 0.443491 0.537336 0.052757 0.052757
0 0.728643 0.866120 0.104277 0.104277
0 0.385777 0.007563 0.052757 0.052757
0 0.082159 0.921343 0.057104 0.057104
0 0.981737 0.022239 0.061131 0.061131
0 0.253515 0.460091 0.104277 0.104277
0 0.200812 0.321737 0.057104 0.057104
0 0.406149 0.403341 0.052757 0.052757
0 0.600624 0.154776 0.054783 0.054783
0 0.737467 0.599912 0.062220 0.062220
0 0.581154 0.675462 0.061131 0.061131
0 0.768176 0.088688 0.057103 0.057103
0 0.103980 0.545723 0.061130 0.061130
0 0.539547 0.603913 0.071945 0.071945
0 0.568726 0.266942 0.071945 0.071945
0 0.327748 0.722462 0.062220 0.062220
0 0.568986 0.337766 0.061130 0.061130
0 0.125527 0.133791 0.061130 0.061130
0 0.542693 0.926773 0.057104 0.057104
0 0.016880 0.032633 0.071945 0.071945
0 0.183529 0.248329 0.052757 0.052757
0 0.862482 0.155509 0.061131 0.061131
0 0.449006 0.163444 0.057104 0.057104
0 0.813660 0.023390 0.061131 0.061131
0 0.355415 0.880300 0.104277 0.104277
0 0.224076 0.574083 0.071945 0.071945
0 0.005784 0.200926 0.061130 0.061130
0 0.658377 0.681184 0.052757 0.052757
0 0.367923 0.640722 0.061130 0.061130
0 0.463201 0.041570 0.052757 0.052757
0 0.025822 0.363227 0.052757 0.052757
0 0.175996 0.399512 0.057104 0.057104
0 0.641486 0.888294 0.062220 0.062220
0 0.178461 0.830031 0.062220 0.062220
0 0.155806 0.683887 0.071945 0.071945
0 0.693139 0.255434 0.052757 0.052757
0 0.374344 0.075986 0.062220 0.062220
0 0.939171 0.128614 0.062220 0.062220
0 0.380816 0.334651 0.104277 0.104277
0 0.736003 0.494945 0.052757 0.052757
0 0.288215 0.921053 0.071945 0.071945
0 0.117103 0.210426 0.104277 0.104277
0 0.648050 0.546809 0.052757 0.052757
0 0.077749 0.064447 0.071945 0.071945
0 0.467587 0.613196 0.057104 0.057104
0 0.320647 0.132075 0.104277 0.104277
0 0.938060 0.480349 0.061131 0.061131
0 0.843697 0.344612 0.057104 0.057104
0 0.564851 0.993775 0.104277 0.104277
0 0.862732 0.079113 0.071945 0.071945
0 0.676984 0.141525 0.104277 0.104277
0 0.735072 0.773245 0.055027 0.055027
0 0.867264 0.574067 0.061131 0.061131
0 0.525763 0.802158 0.062220 0.062220
0 0.945101 0.877423 0.104277 0.104277
0 0.381130 0.568186 0.050559 0.050559
0 0.510269 0.510965 0.061130 0.061130
0 0.639540 0.331337 0.071945 0.071945
0 0.741527 0.185723 0.057104 0.057104
0 0.781573 0.242861 0.104277 0.104277
0 0.481753 0.959121 0.071945 0.071945
0 0.282772 0.303742 0.061131 0.061131
0 0.129879 0.345067 0.104277 0.104277
0 0.638340 0.425890 0.071945 0.071945
0 0.597802 0.814968 0.104277 0.104277
0 0.587065 0.086822 0.052757 0.052757
0 0.514502 0.121049 0.104277 0.104277
0 0.761812 0.959225 0.061130 0.061130
0 0.204784 0.173794 0.071945 0.071945
0 0.035777 0.284823 0.061130 0.061130
0 0.444985 0.240014 0.071945 0.071945
0 0.155979 0.903197 0.061130 0.061130
0 0.751249 0.334465 0.104277 0.104277
0 0.475692 0.377954 0.104277 0.104277
0 0.240185 0.697868 0.052757 0.052757
0 0.999840 0.826097 0.057104 0.057104