0 0.380495 0.332198 0.062220 0.062220
0 0.129487 0.635231 0.104277 0.104277
0 0.929493 0.110337 0.052757 0.052757
0 0.963384 0.906188 0.071945 0.071945
0 0.334569 0.391040 0.062220 0.062220
0 0.481143 0.368052 0.070161 0.070161
0 0.111863 0.359664 0.104278 0.104278
0 0.834517 0.026645 0.062220 0.062220
0 0.362350 0.795377 0.057104 0.057104
0 0.231256 0.031071 0.057104 0.057104
0 0.089665 0.867325 0.104277 0.104277
0 0.751057 0.459249 0.071945 0.071945
0 0.848716 0.146627 0.062220 0.062220
0 0.270544 0.339176 0.071945 0.071945
0 0.566850 0.397805 0.062220 0.062220
0 0.583978 0.700097 0.061131 0.061131
0 0.871618 0.611148 0.061130 0.061130
0 0.244964 0.107756 0.062220 0.062220
0 0.896631 0.730023 0.104277 0.104277
0 0.603421 0.461641 0.104277 0.104277
0 0.778616 0.114032 0.052757 0.052757
0 0.011959 0.397243 0.071945 0.071945
0 0.517880 0.307276 0.061130 0.061130
0 0.109062 0.731474 0.057104 0.057104
0 0.230765 0.190517 0.071945 0.071945
0 0.300115 0.950508 0.057104 0.057104
0 0.057632 0.680343 0.104277 0.104277
0 0.647390 0.596567 0.071945 0.071945
0 0.165069 0.129518 0.104277 0.104277
0 0.108531 0.241955 0.057104 0.057104
0 0.100614 0.105254 0.071945 0.071945
0 0.905001 0.283469 0.061130 0.061130
0 0.333279 0.711804 0.104277 0.104277
0 0.711606 0.193081 0.071945 0.071945
0 0.317477 0.061510 0.071945 0.071945
0 0.220138 0.992943 0.052757 0.052757
0 0.023993 0.549291 0.052757 0.052757
0 0.498441 0.530868 0.104277 0.104277
0 0.599305 0.275465 0.057104 0.057104
0 0.291054 0.532652 0.062220 0.062220
0 0.600061 0.078321 0.061131 0.061131
0 0.709473 0.845481 0.071945 0.071945
0 0.145379 0.795973 0.057104 0.057104
0 0.909500 0.033949 0.057104 0.057104
0 0.569777 0.177596 0.071945 0.071945
0 0.459232 0.237778 0.071945 0.071945
0 0.350923 0.874337 0.052757 0.052757
0 0.422114 0.943418 0.104277 0.104277
0 0.390671 0.512529 0.062220 0.062220
0 0.320874 0.172832 0.052757 0.052757
0 0.723281 0.979895 0.061131 0.061131
0 0.198196 0.435656 0.071945 0.071945
0 0.188862 0.671440 0.052757 0.052757
0 0.234804 0.883023 0.057104 0.057104
0 0.581377 0.926380 0.104277 0.104277
0 0.696896 0.095610 0.052757 0.052757
0 0.632725 0.341104 0.062220 0.062220
0 0.794258 0.810840 0.062220 0.062220
0 0.486302 0.763743 0.062220 0.062220
0 0.902410 0.200757 0.061131 0.061131
0 0.046882 0.807191 0.052757 0.052757
0 0.376471 0.227943 0.052757 0.052757
0 0.677289 0.525042 0.061131 0.061131
0 0.430154 0.056907 0.071945 0.071945
0 0.581133 0.562360 0.061131 0.061131
0 0.849674 0.336564 0.071945 0.071945
0 0.761139 0.033825 0.062220 0.062220
0 0.454088 0.138160 0.057104 0.057104
0 0.070598 0.180854 0.062220 0.062220
0 0.140626 0.011434 0.104277 0.104277
0 0.544117 0.640523 0.052757 0.052757
0 0.623751 0.835344 0.061131 0.061131
0 0.841305 0.532886 0.057104 0.057104
0 0.449084 0.440556 0.052757 0.052757
0 0.696230 0.374219 0.071945 0.071945
0 0.959216 0.350094 0.052757 0.052757
0 0.777404 0.236222 0.071945 0.071945
0 0.512858 0.024752 0.104277 0.104277
0 0.422168 0.665938 0.104277 0.104277
0 0.200686 0.745925 0.061130 0.061130
0 0.144537 0.565841 0.104277 0.104277
0 0.107238 0.436741 0.052757 0.052757
0 0.842438 0.983322 0.052757 0.052757
0 0.979149 0.547462 0.071945 0.071945
0 0.327737 0.470504 0.057104 0.057104
0 0.881111 0.462033 0.062220 0.062220
0 0.210122 0.594930 0.071945 0.071945
0 0.286266 0.235367 0.104277 0.104277
0 0.873403 0.826479 0.057104 0.057104
0 0.440685 0.821372 0.061130 0.061130
0 0.707810 0.297269 0.071945 0.071945
0 0.204259 0.357434 0.056505 0.056505
0 0.807206 0.900165 0.057104 0.057104
0 0.713055 0.648186 0.104277 0.104277
0 0.481444 0.894285 0.061130 0.061130
0 0.779397 0.717623 0.052757 0.052757
0 0.658425 0.936306 0.071945 0.071945
0 0.948067 0.485625 0.104277 0.104277
0 0.786552 0.583167 0.071945 0.071945
0 0.800525 0.393181 0.104277 0.104277
0 0.424351 0.578787 0.057104 0.057104
0 0.198556 0.288745 0.061130 0.061130
0 0.175880 0.925144 0.062220 0.062220
0 0.526890 0.833095 0.071945 0.071945
0 0.531457 0.238830 0.057103 0.057103
0 0.275073 0.620086 0.057104 0.057104
0 0.075691 0.983999 0.052757 0.052757
0 0.015386 0.099797 0.061130 0.061130
0 0.684174 0.025174 0.057104 0.057104
0 0.022942 0.909456 0.062220 0.062220
0 0.666954 0.707323 0.052757 0.052757
0 0.961389 0.824477 0.062220 0.062220