0 0.762255 0.797367 0.071945 0.071945
0 0.660989 0.911644 0.062220 0.062220
0 0.793967 0.909591 0.057104 0.057104
0 0.826778 0.834899 0.052757 0.052757
0 0.893027 0.331043 0.061130 0.061130
0 0.863456 0.468256 0.061130 0.061130
0 0.473243 0.344712 0.052757 0.052757
0 0.566456 0.291786 0.052757 0.052757
0 0.633726 0.840937 0.052757 0.052757
0 0.864097 0.932634 0.071945 0.071945
0 0.024893 0.602427 0.070161 0.070161
0 0.787255 0.256280 0.104277 0.104277
0 0.725885 0.861247 0.071945 0.071945
0 0.378267 0.261020 0.062220 0.062220
0 0.894398 0.695983 0.061131 0.061131
0 0.913032 0.870847 0.071945 0.071945
0 0.294807 0.693624 0.071945 0.071945
0 0.576206 0.601000 0.061130 0.061130
0 0.392466 0.381002 0.062220 0.062220
0 0.110600 0.632180 0.062220 0.062220
0 0.564919 0.964372 0.071945 0.071945
0 0.127728 0.934472 0.061131 0.061131
0 0.415368 0.845523 0.061130 0.061130
0 0.925598 0.794210 0.071945 0.071945
0 0.440381 0.964398 0.104277 0.104277
0 0.147171 0.696016 0.104277 0.104277
0 0.322366 0.348407 0.052757 0.052757
0 0.061630 0.541651 0.061130 0.061130
0 0.191140 0.830942 0.071945 0.071945
0 0.448751 0.517844 0.061130 0.061130
0 0.545305 0.496945 0.057104 0.057104
0 0.255356 0.427456 0.071945 0.071945
0 0.042191 0.765243 0.104277 0.104277
0 0.805736 0.609279 0.057104 0.057104
0 0.143055 0.509840 0.057104 0.057104
0 0.143811 0.312696 0.061131 0.061131
0 0.453250 0.268324 0.057104 0.057104
0 0.608417 0.444897 0.062220 0.062220
0 0.113527 0.411971 0.071945 0.071945
0 0.002982 0.472153 0.071945 0.071945
0 0.660890 0.702217 0.062220 0.062220
0 0.240646 0.329985 0.052757 0.052757
0 0.624465 0.763784 0.062220 0.062220
0 0.176475 0.575479 0.062220 0.062220
0 0.721661 0.295000 0.071945 0.071945
0 0.030052 0.998118 0.062220 0.062220
0 0.446160 0.435132 0.061131 0.061131
0 0.221039 0.759417 0.061131 0.061131
0 0.836940 0.386532 0.104278 0.104278
0 0.124883 0.796735 0.061131 0.061131
0 0.393424 0.570939 0.071945 0.071945
0 0.304889 0.268200 0.062220 0.062220
0 0.908104 0.571277 0.061131 0.061131
0 0.087867 0.874898 0.052757 0.052757
0 0.586617 0.690931 0.052757 0.052757
0 0.385055 0.767261 0.057104 0.057104
0 0.686158 0.434324 0.052757 0.052757
0 0.239980 0.608594 0.071945 0.071945
0 0.502966 0.584469 0.052757 0.052757
0 0.321154 0.470597 0.071945 0.071945
0 0.754011 0.375802 0.062220 0.062220
0 0.056608 0.259127 0.104277 0.104277
0 0.522899 0.781837 0.071945 0.071945
0 0.424861 0.696408 0.062220 0.062220
0 0.623577 0.336583 0.071945 0.071945
0 0.756316 0.491839 0.052559 0.052559
0 0.251560 0.531644 0.071945 0.071945
0 0.798990 0.728196 0.062220 0.062220
0 0.256805 0.882561 0.104277 0.104277
0 0.323147 0.951998 0.052757 0.052757
0 0.491817 0.720000 0.104277 0.104277
0 0.330302 0.817542 0.071945 0.071945
0 0.344275 0.627556 0.104277 0.104277
0 0.075207 0.473205 0.057103 0.057103
0 0.703242 0.571645 0.071945 0.071945
0 0.859119 0.762424 0.104278 0.104278
0 0.547058 0.880742 0.104277 0.104277
0 0.227924 0.259549 0.057104 0.057104
0 0.603835 0.535435 0.052757 0.052757
0 0.210704 0.941698 0.052757 0.052757
0 0.556531 0.384777 0.061131 0.061131
0 0.626248 0.258192 0.062220 0.062220