0 0.746012 0.975940 0.104277 0.104277
0 0.807838 0.884892 0.071945 0.071945
0 0.959651 0.870502 0.071945 0.071945
0 0.751721 0.747993 0.104277 0.104277
0 0.207535 0.523927 0.062220 0.062220
0 0.621784 0.920449 0.062220 0.062220
0 0.879793 0.683964 0.052757 0.052757
0 0.132092 0.751143 0.052757 0.052757
0 0.154420 0.398312 0.057103 0.057103
0 0.823731 0.794489 0.057104 0.057104
0 0.323473 0.645603 0.071945 0.071945
0 0.960259 0.259313 0.071945 0.071945
0 0.370721 0.708042 0.061130 0.061130
0 0.548855 0.831997 0.052757 0.052757
0 0.931020 0.938603 0.057104 0.057104
0 0.850973 0.621403 0.057104 0.057104
0 0.847820 0.460578 0.052757 0.052757
0 0.958974 0.598841 0.061130 0.061130
0 0.673843 0.447881 0.061131 0.061131
0 0.302240 0.921082 0.057104 0.057104
0 0.616055 0.767906 0.052757 0.052757
0 0.389171 0.917339 0.057104 0.057104
0 0.359225 0.148502 0.057104 0.057104
0 0.608969 0.369188 0.062220 0.062220
0 0.901903 0.555864 0.061131 0.061131
0 0.721118 0.850189 0.071945 0.071945
0 0.086540 0.220450 0.104277 0.104277
0 0.951130 0.489317 0.057104 0.057104
0 0.070582 0.662637 0.071945 0.071945
0 0.000337 0.655552 0.057104 0.057104
0 0.580853 0.053222 0.061131 0.061131
0 0.268390 0.821544 0.057104 0.057104
0 0.893506 0.083148 0.104277 0.104277
0 0.105937 0.084599 0.057104 0.057104
0 0.296990 0.303633 0.057104 0.057104
0 0.054507 0.033468 0.104277 0.104277
0 0.415579 0.585735 0.061130 0.061130
0 0.330154 0.064929 0.104277 0.104277
0 0.217013 0.346068 0.052757 0.052757
0 0.003869 0.989312 0.071945 0.071945
0 0.706348 0.198606 0.071945 0.071945
0 0.687716 0.650025 0.104277 0.104277
0 0.142254 0.149098 0.057104 0.057104
0 0.299408 0.398133 0.057104 0.057104
0 0.201513 0.785496 0.104277 0.104277
0 0.065553 0.563674 0.057104 0.057104
0 0.307269 0.565421 0.057104 0.057104
0 0.347798 0.227462 0.052757 0.052757
0 0.418989 0.296543 0.104277 0.104277
0 0.175835 0.679758 0.104277 0.104277
0 0.459878 0.797161 0.052757 0.052757
0 0.903226 0.786515 0.062220 0.062220
0 0.190928 0.872058 0.104277 0.104277
0 0.720156 0.333020 0.061131 0.061131
0 0.175093 0.585027 0.052757 0.052757
0 0.360457 0.498520 0.104277 0.104277
0 0.495766 0.381717 0.061130 0.061130
0 0.185737 0.024565 0.052757 0.052757
0 0.231679 0.236148 0.057104 0.057104
0 0.060958 0.419166 0.071945 0.071945
0 0.578252 0.279505 0.104277 0.104277
0 0.791133 0.163965 0.062220 0.062220
0 0.483177 0.116868 0.062220 0.062220
0 0.809695 0.403399 0.057104 0.057104
0 0.340900 0.994827 0.071945 0.071945
0 0.265845 0.747797 0.062220 0.062220
0 0.043757 0.160316 0.052757 0.052757
0 0.970298 0.704366 0.071945 0.071945
0 0.580177 0.687494 0.052757 0.052757
0 0.572944 0.457831 0.062220 0.062220
0 0.226777 0.953494 0.104277 0.104277
0 0.933181 0.362023 0.071945 0.071945
0 0.376121 0.372241 0.061130 0.061130
0 0.537709 0.521449 0.104278 0.104278
0 0.620626 0.188469 0.061131 0.061131
0 0.787852 0.585620 0.062220 0.062220
0 0.062585 0.768289 0.057104 0.057104
0 0.373093 0.777196 0.057104 0.057104
0 0.594727 0.587360 0.062220 0.062220
0 0.473284 0.701936 0.057104 0.057104
0 0.419043 0.019063 0.104277 0.104277
0 0.197561 0.099050 0.061130 0.061130
0 0.062349 0.846398 0.061130 0.061130
0 0.839313 0.336447 0.052757 0.052757
0 0.337201 0.851661 0.048997 0.048997
0 0.626647 0.519731 0.071945 0.071945
0 0.540227 0.756292 0.062220 0.062220
0 0.870278 0.179604 0.057104 0.057104
0 0.437560 0.174497 0.061130 0.061130
0 0.273870 0.482843 0.057104 0.057104
0 0.472286 0.479529 0.104277 0.104277
0 0.148628 0.473192 0.104277 0.104277
0 0.804081 0.253290 0.057104 0.057104
0 0.536209 0.997653 0.062220 0.062220
0 0.709930 0.001311 0.104277 0.104277
0 0.666848 0.576657 0.052757 0.052757
0 0.478319 0.247410 0.061130 0.061130
0 0.776272 0.070748 0.052757 0.052757
0 0.539786 0.907842 0.061131 0.061131
0 0.655300 0.289431 0.071945 0.071945
0 0.172755 0.278269 0.062220 0.062220
0 0.523765 0.186220 0.071945 0.071945
0 0.114560 0.946038 0.104277 0.104277
0 0.072566 0.337124 0.052757 0.052757
0 0.255002 0.669905 0.057104 0.057104
0 0.019817 0.262581 0.062220 0.062220
0 0.663829 0.060448 0.052757 0.052757
0 0.958264 0.177602 0.062220 0.062220
0 0.755657 0.463040 0.061131 0.061131