0 0.154845 0.595657 0.071945 0.071945
0 0.429966 0.563636 0.071945 0.071945
0 0.710344 0.303957 0.071945 0.071945
0 0.462094 0.679006 0.052757 0.052757
0 0.018946 0.165228 0.052757 0.052757
0 0.163529 0.965989 0.061130 0.061130
0 0.700377 0.786160 0.061131 0.061131
0 0.606254 0.902494 0.062220 0.062220
0 0.199243 0.351974 0.061130 0.061130
0 0.605521 0.476951 0.104277 0.104277
0 0.049593 0.862370 0.104277 0.104277
0 0.008454 0.983981 0.104277 0.104277
0 0.632244 0.091104 0.062220 0.062220
0 0.372187 0.313850 0.071945 0.071945
0 0.052994 0.615112 0.062220 0.062220
0 0.015618 0.361047 0.071945 0.071945
0 0.482409 0.925290 0.104277 0.104277
0 0.078347 0.787370 0.057104 0.057104
0 0.572517 0.640070 0.104277 0.104277
0 0.527656 0.831189 0.071945 0.071945
0 0.737714 0.723813 0.052757 0.052757
0 0.151034 0.186604 0.104277 0.104277
0 0.450895 0.432708 0.104277 0.104277
0 0.568674 0.243901 0.071945 0.071945
0 0.146694 0.769806 0.104277 0.104277
0 0.563908 0.983948 0.052757 0.052757
0 0.573421 0.175455 0.062220 0.062220
0 0.032047 0.710868 0.061130 0.061130
0 0.511377 0.371206 0.057104 0.057104
0 0.554344 0.544881 0.062220 0.062220
0 0.307086 0.672068 0.052757 0.052757
0 0.454094 0.302990 0.062220 0.062220
0 0.274303 0.858936 0.071945 0.071945
0 0.639743 0.275683 0.061130 0.061130
0 0.484307 0.773945 0.102474 0.102474
0 0.093491 0.437336 0.052757 0.052757
0 0.378643 0.766120 0.104277 0.104277
0 0.056149 0.303341 0.052757 0.052757
0 0.250624 0.054776 0.054783 0.054783
0 0.387467 0.499912 0.062220 0.062220
0 0.231154 0.575462 0.061131 0.061131
0 0.189547 0.503913 0.071945 0.071945
0 0.218726 0.166942 0.071945 0.071945
0 0.218986 0.237766 0.061130 0.061130
0 0.192693 0.826773 0.057104 0.057104
0 0.512482 0.055509 0.061131 0.061131
0 0.099006 0.063444 0.057104 0.057104
0 0.005415 0.780300 0.104277 0.104277
0 0.673989 0.532857 0.045227 0.045227
0 0.308377 0.581184 0.052757 0.052757
0 0.729231 0.015932 0.071945 0.071945
0 0.734613 0.154457 0.104278 0.104278
0 0.017923 0.540722 0.061130 0.061130
0 0.729654 0.436652 0.061130 0.061130
0 0.291486 0.788294 0.062220 0.062220
0 0.235909 0.968053 0.104277 0.104277
0 0.343139 0.155434 0.052757 0.052757
0 0.589171 0.028614 0.062220 0.062220
0 0.030816 0.234651 0.104277 0.104277
0 0.064002 0.931706 0.062220 0.062220
0 0.386003 0.394945 0.052757 0.052757
0 0.298050 0.446809 0.052757 0.052757
0 0.117587 0.513196 0.057104 0.057104
0 0.588060 0.380349 0.061131 0.061131
0 0.493697 0.244612 0.057104 0.057104
0 0.214851 0.893775 0.104277 0.104277
0 0.686815 0.879519 0.061131 0.061131
0 0.326984 0.041525 0.104277 0.104277
0 0.385072 0.673245 0.055027 0.055027
0 0.517264 0.474067 0.061131 0.061131
0 0.175763 0.702158 0.062220 0.062220
0 0.595101 0.777423 0.104277 0.104277
0 0.031130 0.468186 0.050559 0.050559
0 0.325352 0.966321 0.052757 0.052757
0 0.160269 0.410965 0.061130 0.061130
0 0.289540 0.231337 0.071945 0.071945
0 0.391527 0.085723 0.057104 0.057104
0 0.431573 0.142861 0.104277 0.104277
0 0.131753 0.859121 0.071945 0.071945
0 0.288340 0.325890 0.071945 0.071945
0 0.247802 0.714968 0.104277 0.104277
0 0.164502 0.021049 0.104277 0.104277
0 0.411812 0.859225 0.061130 0.061130
0 0.675183 0.393843 0.052757 0.052757
0 0.094985 0.140014 0.071945 0.071945
0 0.401249 0.234465 0.104277 0.104277
0 0.125692 0.277954 0.104277 0.104277
0 0.677458 0.200010 0.061131 0.061131
0 0.649840 0.726097 0.057104 0.057104
0 0.663790 0.650014 0.088662 0.088662