0 0.932864 0.717894 0.062220 0.062220
0 0.982439 0.981321 0.057104 0.057104
0 0.910599 0.832804 0.104277 0.104277
0 0.196120 0.372823 0.062220 0.062220
0 0.745118 0.150962 0.052757 0.052757
0 0.838331 0.098036 0.052757 0.052757
0 0.905601 0.647187 0.052757 0.052757
0 0.779009 0.946813 0.071945 0.071945
0 0.996018 0.847092 0.062220 0.062220
0 0.150194 0.431665 0.062220 0.062220
0 0.296768 0.408677 0.070161 0.070161
0 0.997760 0.667497 0.071945 0.071945
0 0.650142 0.067270 0.062220 0.062220
0 0.177975 0.836002 0.057104 0.057104
0 0.046881 0.071696 0.057104 0.057104
0 0.566682 0.499874 0.071945 0.071945
0 0.848081 0.407250 0.061130 0.061130
0 0.664341 0.187252 0.062220 0.062220
0 0.086169 0.379801 0.071945 0.071945
0 0.382475 0.438430 0.062220 0.062220
0 0.836794 0.770622 0.071945 0.071945
0 0.399603 0.740722 0.061131 0.061131
0 0.687243 0.651773 0.061130 0.061130
0 0.060589 0.148381 0.062220 0.062220
0 0.712256 0.770648 0.104277 0.104277
0 0.419046 0.502266 0.104277 0.104277
0 0.594241 0.154657 0.052757 0.052757
0 0.333505 0.347901 0.061130 0.061130
0 0.046390 0.231142 0.071945 0.071945
0 0.115740 0.991133 0.057104 0.057104
0 0.463015 0.637192 0.071945 0.071945
0 0.836172 0.902325 0.104277 0.104277
0 0.720626 0.324094 0.061130 0.061130
0 0.148904 0.752429 0.104277 0.104277
0 0.817180 0.303195 0.057104 0.057104
0 0.527231 0.233706 0.071945 0.071945
0 0.133102 0.102135 0.071945 0.071945
0 0.314066 0.571493 0.104277 0.104277
0 0.414930 0.316090 0.057104 0.057104
0 0.106679 0.573277 0.062220 0.062220
0 0.415686 0.118946 0.061131 0.061131
0 0.525098 0.886106 0.071945 0.071945
0 0.725125 0.074574 0.057104 0.057104
0 0.880292 0.251147 0.062220 0.062220
0 0.385402 0.218221 0.071945 0.071945
0 0.274857 0.278403 0.071945 0.071945
0 0.166548 0.914962 0.052757 0.052757
0 0.237739 0.984043 0.104277 0.104277
0 0.206296 0.553154 0.062220 0.062220
0 0.136499 0.213457 0.052757 0.052757
0 0.013821 0.476281 0.071945 0.071945
0 0.004487 0.712065 0.052757 0.052757
0 0.050429 0.923648 0.057104 0.057104
0 0.397002 0.967005 0.104277 0.104277
0 0.932765 0.508467 0.062220 0.062220
0 0.512521 0.136235 0.052757 0.052757
0 0.896340 0.570034 0.062220 0.062220
0 0.448350 0.381729 0.062220 0.062220
0 0.609883 0.851465 0.062220 0.062220
0 0.993536 0.101250 0.071945 0.071945
0 0.301927 0.804368 0.062220 0.062220
0 0.718035 0.241382 0.061131 0.061131
0 0.192096 0.268568 0.052757 0.052757
0 0.492914 0.565667 0.061131 0.061131
0 0.245779 0.097532 0.071945 0.071945
0 0.396758 0.602985 0.061131 0.061131
0 0.665299 0.377189 0.071945 0.071945
0 0.576764 0.074450 0.062220 0.062220
0 0.269713 0.178785 0.057104 0.057104
0 0.359742 0.681148 0.052757 0.052757
0 0.439376 0.875969 0.061131 0.061131
0 0.858492 0.497181 0.052757 0.052757
0 0.656930 0.573511 0.057104 0.057104
0 0.264709 0.481181 0.052757 0.052757
0 0.958033 0.240574 0.052757 0.052757
0 0.511855 0.414844 0.071945 0.071945
0 0.774841 0.390719 0.052757 0.052757
0 0.908013 0.922073 0.052757 0.052757
0 0.593029 0.276847 0.071945 0.071945
0 0.328483 0.065377 0.104277 0.104277
0 0.237793 0.706563 0.104277 0.104277
0 0.016311 0.786550 0.061130 0.061130
0 0.794774 0.588087 0.071945 0.071945
0 0.143362 0.511129 0.057104 0.057104
0 0.696736 0.502658 0.062220 0.062220
0 0.025747 0.635555 0.071945 0.071945
0 0.101891 0.275992 0.104277 0.104277
0 0.895452 0.142833 0.071945 0.071945
0 0.689028 0.867104 0.057104 0.057104
0 0.256310 0.861997 0.061130 0.061130
0 0.523435 0.337894 0.071945 0.071945
0 0.019884 0.398059 0.056505 0.056505
0 0.622831 0.940790 0.057104 0.057104
0 0.528680 0.688811 0.104277 0.104277
0 0.297069 0.934910 0.061130 0.061130
0 0.595022 0.758248 0.052757 0.052757
0 0.474050 0.976931 0.071945 0.071945
0 0.763692 0.526250 0.104277 0.104277
0 0.602177 0.623792 0.071945 0.071945
0 0.616150 0.433806 0.104277 0.104277
0 0.239976 0.619412 0.057104 0.057104
0 0.014181 0.329370 0.061130 0.061130
0 0.342515 0.873720 0.071945 0.071945
0 0.347082 0.279455 0.057103 0.057103
0 0.975117 0.377895 0.071945 0.071945
0 0.090698 0.660711 0.057104 0.057104
0 0.818933 0.686992 0.104277 0.104277
0 0.499799 0.065799 0.057104 0.057104
0 0.875710 0.341685 0.052757 0.052757
0 0.482579 0.747948 0.052757 0.052757
0 0.777014 0.865102 0.062220 0.062220
0 0.828406 0.191027 0.061131 0.061131
0 0.898123 0.064442 0.062220 0.062220