0 0.729410 0.989552 0.062220 0.062220
0 0.899245 0.150948 0.062220 0.062220
0 0.648237 0.453981 0.104277 0.104277
0 0.676295 0.863937 0.057103 0.057103
0 0.309895 0.837223 0.104277 0.104277
0 0.447641 0.909582 0.052757 0.052757
0 0.853319 0.209790 0.062220 0.062220
0 0.999893 0.186802 0.070161 0.070161
0 0.630613 0.178414 0.104278 0.104278
0 0.881100 0.614127 0.057104 0.057104
0 0.608415 0.686075 0.104277 0.104277
0 0.789294 0.157926 0.071945 0.071945
0 0.417176 0.619134 0.104277 0.104277
0 0.310753 0.233298 0.104277 0.104277
0 0.271759 0.128292 0.071945 0.071945
0 0.530709 0.215993 0.071945 0.071945
0 0.196020 0.065752 0.057104 0.057104
0 0.627812 0.550224 0.057104 0.057104
0 0.275011 0.640965 0.062220 0.062220
0 0.749515 0.009267 0.071945 0.071945
0 0.286676 0.531187 0.062220 0.062220
0 0.818865 0.769258 0.057104 0.057104
0 0.576382 0.499093 0.104277 0.104277
0 0.348321 0.677486 0.062220 0.062220
0 0.500060 0.024048 0.104277 0.104277
0 0.627281 0.060705 0.057104 0.057104
0 0.191222 0.672240 0.104278 0.104278
0 0.852029 0.530554 0.104277 0.104277
0 0.738888 0.811693 0.052757 0.052757
0 0.542743 0.368041 0.052757 0.052757
0 0.809804 0.351402 0.062220 0.062220
0 0.492063 0.835035 0.062220 0.062220
0 0.191410 0.782995 0.071945 0.071945
0 0.395554 0.293619 0.062220 0.062220
0 0.664129 0.614723 0.057104 0.057104
0 0.821283 0.863758 0.057104 0.057104
0 0.191474 0.434130 0.052757 0.052757
0 0.977982 0.056528 0.071945 0.071945
0 0.869673 0.693087 0.052757 0.052757
0 0.940864 0.762168 0.104277 0.104277
0 0.909421 0.331279 0.062220 0.062220
0 0.341012 0.409510 0.061130 0.061130
0 0.280328 0.975486 0.062220 0.062220
0 0.513879 0.969973 0.061130 0.061130
0 0.716946 0.254406 0.071945 0.071945
0 0.882332 0.964145 0.104277 0.104277
0 0.707612 0.490190 0.052757 0.052757
0 0.753554 0.701773 0.057104 0.057104
0 0.192380 0.327918 0.104277 0.104277
0 0.582833 0.884791 0.071945 0.071945
0 0.215045 0.172184 0.052757 0.052757
0 0.350771 0.070599 0.104277 0.104277
0 0.421875 0.020188 0.057104 0.057104
0 0.408423 0.378101 0.061130 0.061130
0 0.277597 0.357359 0.061130 0.061130
0 0.565632 0.625941 0.052757 0.052757
0 0.895221 0.046693 0.052757 0.052757
0 0.486537 0.317500 0.071945 0.071945
0 0.448451 0.096860 0.104277 0.104277
0 0.361994 0.747142 0.057104 0.057104
0 0.344964 0.167989 0.057104 0.057104
0 0.897996 0.837866 0.061130 0.061130
0 0.425524 0.490152 0.057104 0.057104
0 0.440030 0.998118 0.061130 0.061130
0 0.967834 0.259306 0.052757 0.052757
0 0.223979 0.501294 0.061130 0.061130
0 0.406642 0.835304 0.062220 0.062220
0 0.244627 0.267401 0.104278 0.104278
0 0.197132 0.979000 0.061130 0.061130
0 0.940918 0.484688 0.104277 0.104277
0 0.719436 0.564675 0.061130 0.061130
0 0.663287 0.384591 0.104277 0.104277
0 0.625988 0.255491 0.052757 0.052757
0 0.238348 0.907008 0.061130 0.061130
0 0.430047 0.757369 0.057104 0.057104
0 0.846487 0.289254 0.057104 0.057104
0 0.728872 0.413680 0.071945 0.071945
0 0.805016 0.054117 0.104277 0.104277
0 0.288415 0.764718 0.052757 0.052757
0 0.959435 0.640122 0.061130 0.061130
0 0.264130 0.055144 0.071945 0.071945
0 0.795745 0.948468 0.057104 0.057104
0 0.994161 0.945154 0.104277 0.104277
0 0.723009 0.176184 0.056505 0.056505
0 0.670503 0.938817 0.104277 0.104277
0 0.362028 0.537830 0.062220 0.062220
0 0.943101 0.397537 0.057104 0.057104
0 0.717306 0.107495 0.061130 0.061130
0 0.694630 0.743894 0.062220 0.062220
0 0.323962 0.912690 0.071945 0.071945
0 0.793823 0.438836 0.057104 0.057104
0 0.516860 0.131297 0.062220 0.062220
0 0.475900 0.667050 0.104277 0.104277
0 0.454123 0.251716 0.057104 0.057104
0 0.594441 0.802749 0.052757 0.052757
0 0.481302 0.547345 0.057104 0.057104
0 0.541692 0.728206 0.062220 0.062220
0 0.228433 0.586093 0.061130 0.061130