0 0.367995 0.488448 0.062220 0.062220
0 0.116987 0.791481 0.104277 0.104277
0 0.916993 0.266587 0.052757 0.052757
0 0.322069 0.547290 0.062220 0.062220
0 0.468643 0.524302 0.070161 0.070161
0 0.099363 0.515914 0.104278 0.104278
0 0.822017 0.182895 0.062220 0.062220
0 0.349850 0.951627 0.057104 0.057104
0 0.218756 0.187321 0.057104 0.057104
0 0.738557 0.615499 0.071945 0.071945
0 0.836216 0.302877 0.062220 0.062220
0 0.258044 0.495426 0.071945 0.071945
0 0.554350 0.554055 0.062220 0.062220
0 0.571478 0.856347 0.061131 0.061131
0 0.859118 0.767398 0.061130 0.061130
0 0.232464 0.264006 0.062220 0.062220
0 0.884131 0.886273 0.104277 0.104277
0 0.590921 0.617891 0.104277 0.104277
0 0.766116 0.270282 0.052757 0.052757
0 0.505380 0.463526 0.061130 0.061130
0 0.096562 0.887724 0.057104 0.057104
0 0.218265 0.346767 0.071945 0.071945
0 0.045132 0.836593 0.104277 0.104277
0 0.634890 0.752817 0.071945 0.071945
0 0.152569 0.285768 0.104277 0.104277
0 0.096031 0.398205 0.057104 0.057104
0 0.088114 0.261504 0.071945 0.071945
0 0.892501 0.439719 0.061130 0.061130
0 0.320779 0.868054 0.104277 0.104277
0 0.989055 0.418820 0.057104 0.057104
0 0.699106 0.349331 0.071945 0.071945
0 0.304977 0.217760 0.071945 0.071945
0 0.011493 0.705541 0.052757 0.052757
0 0.485941 0.687118 0.104277 0.104277
0 0.586805 0.431715 0.057104 0.057104
0 0.278554 0.688902 0.062220 0.062220
0 0.587561 0.234571 0.061131 0.061131
0 0.132879 0.952223 0.057104 0.057104
0 0.897000 0.190199 0.057104 0.057104
0 0.557277 0.333846 0.071945 0.071945
0 0.446732 0.394028 0.071945 0.071945
0 0.378171 0.668779 0.062220 0.062220
0 0.308374 0.329082 0.052757 0.052757
0 0.185696 0.591906 0.071945 0.071945
0 0.176362 0.827690 0.052757 0.052757
0 0.684396 0.251860 0.052757 0.052757
0 0.620225 0.497354 0.062220 0.062220
0 0.781758 0.967090 0.062220 0.062220
0 0.473802 0.919993 0.062220 0.062220
0 0.889910 0.357007 0.061131 0.061131
0 0.034382 0.963441 0.052757 0.052757
0 0.363971 0.384193 0.052757 0.052757
0 0.664789 0.681292 0.061131 0.061131
0 0.417654 0.213157 0.071945 0.071945
0 0.568633 0.718610 0.061131 0.061131
0 0.837174 0.492814 0.071945 0.071945
0 0.748639 0.190075 0.062220 0.062220
0 0.441588 0.294410 0.057104 0.057104
0 0.058098 0.337104 0.062220 0.062220
0 0.128126 0.167684 0.104277 0.104277
0 0.531617 0.796773 0.052757 0.052757
0 0.611251 0.991594 0.061131 0.061131
0 0.828805 0.689136 0.057104 0.057104
0 0.436584 0.596806 0.052757 0.052757
0 0.683730 0.530469 0.071945 0.071945
0 0.946716 0.506344 0.052757 0.052757
0 0.764904 0.392472 0.071945 0.071945
0 0.500358 0.181002 0.104277 0.104277
0 0.409668 0.822188 0.104277 0.104277
0 0.188186 0.902175 0.061130 0.061130
0 0.132037 0.722091 0.104277 0.104277
0 0.094738 0.592991 0.052757 0.052757
0 0.966649 0.703712 0.071945 0.071945
0 0.315237 0.626754 0.057104 0.057104
0 0.868611 0.618283 0.062220 0.062220
0 0.197622 0.751180 0.071945 0.071945
0 0.273766 0.391617 0.104277 0.104277
0 0.860903 0.982729 0.057104 0.057104
0 0.428185 0.977622 0.061130 0.061130
0 0.695310 0.453519 0.071945 0.071945
0 0.191759 0.513684 0.056505 0.056505
0 0.700555 0.804436 0.104277 0.104277
0 0.766897 0.873873 0.052757 0.052757
0 0.935567 0.641875 0.104277 0.104277
0 0.774052 0.739417 0.071945 0.071945
0 0.788025 0.549431 0.104277 0.104277
0 0.411851 0.735037 0.057104 0.057104
0 0.186056 0.444995 0.061130 0.061130
0 0.514390 0.989345 0.071945 0.071945
0 0.518957 0.395080 0.057103 0.057103
0 0.262573 0.776336 0.057104 0.057104
0 0.002886 0.256047 0.061130 0.061130
0 0.990808 0.802617 0.104277 0.104277
0 0.671674 0.181424 0.057104 0.057104
0 0.654454 0.863573 0.052757 0.052757
0 0.948889 0.980727 0.062220 0.062220