0 0.853364 0.967945 0.052757 0.052757
0 0.383512 0.866565 0.104277 0.104277
0 0.445338 0.775517 0.071945 0.071945
0 0.597151 0.761127 0.071945 0.071945
0 0.675904 0.967985 0.104277 0.104277
0 0.351190 0.968134 0.052757 0.052757
0 0.648057 0.310161 0.104277 0.104277
0 0.680537 0.651430 0.061131 0.061131
0 0.838159 0.274689 0.104277 0.104277
0 0.389221 0.638618 0.104277 0.104277
0 0.882348 0.470937 0.057104 0.057104
0 0.897707 0.638902 0.104277 0.104277
0 0.974733 0.432816 0.104277 0.104277
0 0.801189 0.184446 0.057104 0.057104
0 0.729349 0.035929 0.104277 0.104277
0 0.711652 0.387825 0.104277 0.104277
0 0.259284 0.811074 0.062220 0.062220
0 0.517293 0.574589 0.052757 0.052757
0 0.170119 0.996233 0.104277 0.104277
0 0.998754 0.948011 0.071945 0.071945
0 0.714543 0.226405 0.061131 0.061131
0 0.428097 0.932773 0.061131 0.061131
0 0.461231 0.685114 0.057104 0.057104
0 0.597759 0.149938 0.071945 0.071945
0 0.512313 0.893268 0.052757 0.052757
0 0.008221 0.598667 0.061130 0.061130
0 0.780370 0.629070 0.104277 0.104277
0 0.814768 0.050217 0.062220 0.062220
0 0.186355 0.722622 0.052757 0.052757
0 0.650647 0.445480 0.062220 0.062220
0 0.568520 0.829228 0.057104 0.057104
0 0.488473 0.512028 0.057104 0.057104
0 0.485320 0.351203 0.052757 0.052757
0 0.959069 0.781985 0.052757 0.052757
0 0.596474 0.489466 0.061130 0.061130
0 0.872925 0.171468 0.071945 0.071945
0 0.311343 0.338506 0.061131 0.061131
0 0.898982 0.742796 0.062221 0.062221
0 0.514755 0.981850 0.057104 0.057104
0 0.253555 0.658531 0.052757 0.052757
0 0.026671 0.807964 0.057104 0.057104
0 0.900612 0.548284 0.071945 0.071945
0 0.837527 0.778425 0.052757 0.052757
0 0.806337 0.362275 0.061130 0.061130
0 0.824633 0.846287 0.104277 0.104277
0 0.249523 0.934483 0.071945 0.071945
0 0.246469 0.259813 0.062220 0.062220
0 0.539403 0.446489 0.061131 0.061131
0 0.730271 0.869919 0.104277 0.104277
0 0.358618 0.740814 0.071945 0.071945
0 0.588630 0.379942 0.057104 0.057104
0 0.999035 0.301852 0.057104 0.057104
0 0.320742 0.900932 0.057104 0.057104
0 0.654922 0.105450 0.104277 0.104277
0 0.053079 0.476360 0.061130 0.061130
0 0.947010 0.049150 0.104278 0.104278
0 0.677198 0.811627 0.061130 0.061130
0 0.812124 0.437150 0.061130 0.061130
0 0.755958 0.942242 0.061130 0.061130
0 0.343848 0.089231 0.071945 0.071945
0 0.325216 0.540650 0.104277 0.104277
0 0.057895 0.949848 0.061130 0.061130
0 0.627294 0.906110 0.062220 0.062220
0 0.056489 0.187168 0.104277 0.104277
0 0.097378 0.687786 0.052757 0.052757
0 0.540726 0.677140 0.062220 0.062220
0 0.357656 0.223645 0.061131 0.061131
0 0.133266 0.272342 0.061130 0.061130
0 0.215752 0.170130 0.104277 0.104277
0 0.428633 0.054590 0.062220 0.062220
0 0.951367 0.355854 0.052757 0.052757
0 0.120677 0.007493 0.062220 0.062220
0 0.447195 0.294024 0.057104 0.057104
0 0.607798 0.594991 0.071945 0.071945
0 0.217677 0.578119 0.052757 0.052757
0 0.210444 0.348456 0.062220 0.062220
0 0.570681 0.252648 0.071945 0.071945
0 0.013621 0.262866 0.061130 0.061130
0 0.175209 0.412074 0.104278 0.104278
0 0.258126 0.079094 0.061131 0.061131
0 0.425352 0.476245 0.062220 0.062220
0 0.010593 0.667821 0.057104 0.057104
0 0.988453 0.131192 0.057104 0.057104
0 0.869393 0.101312 0.057104 0.057104
0 0.726763 0.125198 0.052757 0.052757
0 0.232227 0.477985 0.062220 0.062220
0 0.110784 0.592561 0.057104 0.057104
0 0.901790 0.877448 0.071945 0.071945
0 0.476813 0.227072 0.052757 0.052757
0 0.264147 0.410356 0.071945 0.071945
0 0.177727 0.646917 0.062220 0.062220
0 0.996171 0.526423 0.104277 0.104277
0 0.507778 0.070229 0.057104 0.057104
0 0.750758 0.558652 0.057104 0.057104
0 0.075060 0.065122 0.061130 0.061130
0 0.109786 0.370154 0.104277 0.104277
0 0.441581 0.143915 0.057104 0.057104
0 0.173709 0.888278 0.062220 0.062220
0 0.304348 0.467282 0.052757 0.052757
0 0.733501 0.698590 0.057104 0.057104
0 0.115819 0.138035 0.061130 0.061130
0 0.177286 0.798467 0.061131 0.061131
0 0.292800 0.180056 0.071945 0.071945
0 0.742163 0.484953 0.104277 0.104277
0 0.969155 0.234657 0.061130 0.061130
0 0.161265 0.076845 0.071945 0.071945
0 0.811496 0.512548 0.104277 0.104277
0 0.825676 0.708806 0.052757 0.052757
0 0.595764 0.068227 0.062220 0.062220
0 0.104794 0.895272 0.071945 0.071945
0 0.393157 0.353665 0.061131 0.061131