0 0.709592 0.955727 0.104277 0.104277
0 0.666044 0.743736 0.061130 0.061130
0 0.599137 0.604065 0.104277 0.104277
0 0.660963 0.513017 0.071945 0.071945
0 0.859882 0.953403 0.062220 0.062220
0 0.812776 0.498627 0.071945 0.071945
0 0.891529 0.705485 0.104277 0.104277
0 0.566815 0.705634 0.052757 0.052757
0 0.969393 0.752010 0.071945 0.071945
0 0.863682 0.047661 0.104277 0.104277
0 0.896162 0.388930 0.061131 0.061131
0 0.604846 0.376118 0.104277 0.104277
0 0.111011 0.658731 0.052757 0.052757
0 0.060660 0.152052 0.062220 0.062220
0 0.927277 0.125325 0.104277 0.104277
0 0.703716 0.870542 0.057104 0.057104
0 0.474909 0.548574 0.062220 0.062220
0 0.732918 0.312089 0.052757 0.052757
0 0.385744 0.733733 0.104277 0.104277
0 0.643722 0.670273 0.061131 0.061131
0 0.007545 0.026437 0.057103 0.057103
0 0.110556 0.866561 0.057104 0.057104
0 0.676856 0.422614 0.057104 0.057104
0 0.176598 0.273728 0.071945 0.071945
0 0.981002 0.949406 0.057103 0.057103
0 0.727938 0.630768 0.052757 0.052757
0 0.223846 0.336167 0.061130 0.061130
0 0.995995 0.366570 0.104277 0.104277
0 0.401980 0.460122 0.052757 0.052757
0 0.866272 0.182980 0.062220 0.062220
0 0.784145 0.566728 0.057104 0.057104
0 0.704098 0.249528 0.057104 0.057104
0 0.700945 0.088703 0.052757 0.052757
0 0.896618 0.788739 0.036679 0.036679
0 0.812099 0.226966 0.061130 0.061130
0 0.526968 0.076006 0.061131 0.061131
0 0.155365 0.549207 0.057104 0.057104
0 0.730380 0.719350 0.057104 0.057104
0 0.469180 0.396031 0.052757 0.052757
0 0.242296 0.545464 0.057104 0.057104
0 0.465148 0.671983 0.071945 0.071945
0 0.755028 0.183989 0.061131 0.061131
0 0.945896 0.607419 0.104277 0.104277
0 0.574243 0.478314 0.071945 0.071945
0 0.804255 0.117442 0.057104 0.057104
0 0.121515 0.449669 0.057104 0.057104
0 0.483100 0.987569 0.071945 0.071945
0 0.536367 0.638432 0.057104 0.057104
0 0.268704 0.213860 0.061130 0.061130
0 0.156878 0.815194 0.071945 0.071945
0 0.892823 0.549127 0.061130 0.061130
0 0.367134 0.856822 0.061130 0.061130
0 0.971583 0.679742 0.061130 0.061130
0 0.540841 0.278150 0.104277 0.104277
0 0.302446 0.759083 0.061130 0.061130
0 0.273520 0.687348 0.061130 0.061130
0 0.152533 0.026258 0.057104 0.057104
0 0.842919 0.643610 0.062220 0.062220
0 0.054638 0.413621 0.104277 0.104277
0 0.160394 0.193546 0.057104 0.057104
0 0.452200 0.813618 0.104277 0.104277
0 0.615605 0.911491 0.071945 0.071945
0 0.028960 0.307883 0.104277 0.104277
0 0.313003 0.425286 0.052757 0.052757
0 0.756351 0.414640 0.062220 0.062220
0 0.305900 0.965209 0.061130 0.061130
0 0.044053 0.500183 0.104277 0.104277
0 0.298142 0.881527 0.104277 0.104277
0 0.028218 0.213152 0.052757 0.052757
0 0.502761 0.862155 0.104277 0.104277
0 0.213582 0.126645 0.104277 0.104277
0 0.481666 0.749465 0.052757 0.052757
0 0.348891 0.009842 0.061130 0.061130
0 0.788582 0.789153 0.062220 0.062220
0 0.662820 0.031524 0.057104 0.057104
0 0.194025 0.622952 0.071945 0.071945
0 0.118970 0.375922 0.062220 0.062220
0 0.823423 0.332491 0.071945 0.071945
0 0.433302 0.315619 0.052757 0.052757
0 0.426069 0.085956 0.062220 0.062220
0 0.930793 0.871849 0.104277 0.104277
0 0.079902 0.581619 0.104277 0.104277
0 0.606730 0.995407 0.057104 0.057104
0 0.226673 0.853100 0.052757 0.052757
0 0.229246 0.000366 0.061130 0.061130
0 0.390834 0.149574 0.104278 0.104278
0 0.844245 0.837071 0.071945 0.071945
0 0.203570 0.760160 0.061130 0.061130
0 0.562599 0.818215 0.052757 0.052757
0 0.416905 0.969662 0.057104 0.057104
0 0.640977 0.213745 0.062220 0.062220
0 0.226218 0.405321 0.057104 0.057104
0 0.447852 0.215485 0.062220 0.062220
0 0.326409 0.330061 0.057104 0.057104
0 0.200474 0.920126 0.061130 0.061130
0 0.062839 0.763285 0.071945 0.071945
0 0.985140 0.827218 0.061131 0.061131
0 0.190326 0.479786 0.048997 0.048997
0 0.479772 0.147856 0.071945 0.071945
0 0.393352 0.384417 0.062220 0.062220
0 0.966383 0.296152 0.057104 0.057104
0 0.126995 0.110968 0.057104 0.057104
0 0.325411 0.107654 0.104277 0.104277
0 0.001753 0.101317 0.104277 0.104277
0 0.389334 0.625778 0.062220 0.062220
0 0.519973 0.204782 0.052757 0.052757
0 0.949126 0.436090 0.057104 0.057104
0 0.392911 0.535967 0.061131 0.061131
0 0.957788 0.222453 0.104277 0.104277
0 0.035974 0.934485 0.052757 0.052757
0 0.108127 0.298030 0.057104 0.057104
0 0.320419 0.632772 0.071945 0.071945
0 0.781201 0.916970 0.057104 0.057104
0 0.115924 0.942366 0.071945 0.071945
0 0.608782 0.091165 0.061131 0.061131