0 0.367420 0.420726 0.062220 0.062220
0 0.713058 0.760354 0.062220 0.062220
0 0.674832 0.566330 0.062220 0.062220
0 0.450734 0.873968 0.057103 0.057103
0 0.965833 0.128502 0.104277 0.104277
0 0.700812 0.209696 0.052757 0.052757
0 0.712504 0.296245 0.104277 0.104277
0 0.471406 0.620617 0.052757 0.052757
0 0.904345 0.713455 0.071945 0.071945
0 0.309749 0.475608 0.071945 0.071945
0 0.430597 0.705287 0.062220 0.062220
0 0.335630 0.898269 0.071945 0.071945
0 0.692237 0.122275 0.104277 0.104277
0 0.774594 0.054073 0.104277 0.104277
0 0.698761 0.023133 0.061130 0.061130
0 0.360549 0.735923 0.104277 0.104277
0 0.164171 0.508734 0.061130 0.061130
0 0.441037 0.426788 0.061130 0.061130
0 0.421453 0.338905 0.052757 0.052757
0 0.212599 0.805086 0.104278 0.104278
0 0.920727 0.440242 0.057104 0.057104
0 0.825702 0.200128 0.104277 0.104277
0 0.610478 0.919851 0.062220 0.062220
0 0.582255 0.339732 0.061130 0.061130
0 0.663099 0.465190 0.062220 0.062220
0 0.278289 0.050424 0.061130 0.061130
0 0.858243 0.547000 0.057104 0.057104
0 0.080760 0.169036 0.104278 0.104278
0 0.974219 0.577091 0.104277 0.104277
0 0.768308 0.903146 0.071945 0.071945
0 0.704988 0.373400 0.057104 0.057104
0 0.470324 0.802531 0.061130 0.061130
0 0.913656 0.786420 0.071945 0.071945
0 0.522786 0.574843 0.062220 0.062220
0 0.621184 0.161055 0.052757 0.052757
0 0.720905 0.831156 0.057104 0.057104
0 0.229773 0.608321 0.062220 0.062220
0 0.741534 0.508843 0.057104 0.057104
0 0.912890 0.047591 0.104277 0.104277
0 0.553609 0.420944 0.061130 0.061130
0 0.684749 0.910809 0.052757 0.052757
0 0.763355 0.133223 0.061130 0.061130
0 0.438186 0.063774 0.104278 0.104278
0 0.987123 0.309962 0.062220 0.062220
0 0.505035 0.042165 0.052757 0.052757
0 0.518839 0.681975 0.062220 0.062220
0 0.939764 0.650812 0.057104 0.057104
0 0.146144 0.221242 0.062220 0.062220
0 0.644054 0.802170 0.050891 0.050891
0 0.297476 0.308466 0.062220 0.062220
0 0.369880 0.817605 0.104277 0.104277
0 0.514496 0.297189 0.057104 0.057104
0 0.807924 0.694476 0.062220 0.062220
0 0.883451 0.161583 0.071945 0.071945
0 0.928743 0.903542 0.057104 0.057104
0 0.304650 0.640472 0.062220 0.062220
0 0.529074 0.881192 0.052757 0.052757
0 0.576705 0.727316 0.062220 0.062220
0 0.672464 0.693235 0.104277 0.104277
0 0.470914 0.164658 0.057104 0.057104
0 0.179912 0.402348 0.104278 0.104278
0 0.398189 0.131038 0.071945 0.071945
0 0.298550 0.395812 0.052757 0.052757
0 0.207733 0.911939 0.071945 0.071945
0 0.117121 0.917614 0.052757 0.052757
0 0.834312 0.822413 0.061130 0.061130
0 0.837836 0.417531 0.062220 0.062220
0 0.815181 0.271387 0.071945 0.071945
0 0.972735 0.737565 0.062220 0.062220
0 0.267348 0.865711 0.057104 0.057104
0 0.336774 0.210604 0.052757 0.052757
0 0.529070 0.206496 0.071945 0.071945
0 0.055098 0.239078 0.104277 0.104277
0 0.231453 0.450330 0.057104 0.057104
0 0.265031 0.119008 0.057104 0.057104
0 0.545652 0.800125 0.062220 0.062220
0 0.235528 0.196830 0.104277 0.104277
0 0.843890 0.925763 0.062220 0.062220
0 0.947590 0.508553 0.071945 0.071945
0 0.196655 0.316355 0.104277 0.104277
0 0.187109 0.097390 0.071945 0.071945
0 0.086808 0.841161 0.104277 0.104277
0 0.623632 0.625255 0.104277 0.104277
0 0.061278 0.038631 0.057104 0.057104
0 0.196929 0.726014 0.061131 0.061131
0 0.078065 0.721072 0.057104 0.057104
0 0.408599 0.241389 0.052757 0.052757
0 0.057224 0.649155 0.062220 0.062220
0 0.854907 0.630033 0.052757 0.052757
0 0.270266 0.741109 0.057104 0.057104
0 0.390874 0.533957 0.057104 0.057104
0 0.111636 0.442344 0.062220 0.062220
0 0.111810 0.369909 0.057104 0.057104
0 0.781682 0.625311 0.052757 0.052757
0 0.815354 0.490697 0.061130 0.061130
0 0.104038 0.095109 0.052757 0.052757
0 0.486835 0.510041 0.104277 0.104277
0 0.146813 0.633883 0.057104 0.057104
0 0.595667 0.059773 0.104277 0.104277
0 0.369218 0.055045 0.052757 0.052757
0 0.135464 0.777890 0.061130 0.061130
0 0.899560 0.285368 0.052757 0.052757
0 0.634951 0.230033 0.104277 0.104277
0 0.059553 0.518065 0.057104 0.057104