0 0.038058 0.535354 0.062220 0.062220
0 0.489220 0.058157 0.071945 0.071945
0 0.690764 0.668808 0.052757 0.052757
0 0.764341 0.026136 0.071945 0.071945
0 0.796469 0.141506 0.052757 0.052757
0 0.497904 0.428489 0.061130 0.061130
0 0.940629 0.364994 0.062220 0.062220
0 0.923985 0.535187 0.052757 0.052757
0 0.560031 0.536581 0.104277 0.104277
0 0.037504 0.071245 0.104277 0.104277
0 0.383968 0.324870 0.104277 0.104277
0 0.342829 0.446481 0.104277 0.104277
0 0.229345 0.488455 0.071945 0.071945
0 0.387369 0.077612 0.062220 0.062220
0 0.816784 0.387790 0.104277 0.104277
0 0.412722 0.249870 0.057104 0.057104
0 0.906892 0.102570 0.104277 0.104277
0 0.956242 0.644911 0.061130 0.061130
0 0.927799 0.715891 0.104277 0.104277
0 0.862031 0.293689 0.071945 0.071945
0 0.422846 0.604480 0.062220 0.062220
0 0.481069 0.232306 0.104277 0.104277
0 0.898283 0.446448 0.052757 0.052757
0 0.638731 0.529498 0.062220 0.062220
0 0.366422 0.173368 0.061130 0.061130
0 0.245727 0.215242 0.057104 0.057104
0 0.888719 0.007381 0.062220 0.062220
0 0.641461 0.134568 0.052757 0.052757
0 0.183243 0.322000 0.057104 0.057104
0 0.299219 0.352091 0.104277 0.104277
0 0.093308 0.678146 0.071945 0.071945
0 0.029988 0.148400 0.057104 0.057104
0 0.760204 0.522318 0.062220 0.062220
0 0.608678 0.321436 0.071945 0.071945
0 0.238656 0.561420 0.071945 0.071945
0 0.818682 0.236445 0.102474 0.102474
0 0.045905 0.606156 0.057104 0.057104
0 0.859571 0.593565 0.071945 0.071945
0 0.713018 0.228620 0.104277 0.104277
0 0.066534 0.283843 0.057104 0.057104
0 0.761421 0.693359 0.104277 0.104277
0 0.565529 0.037962 0.061131 0.061131
0 0.009749 0.685809 0.052757 0.052757
0 0.312123 0.084962 0.062220 0.062220
0 0.846068 0.690246 0.104277 0.104277
0 0.527068 0.289273 0.057104 0.057104
0 0.264764 0.425812 0.057104 0.057104
0 0.339790 0.242800 0.104277 0.104277
0 0.132924 0.469476 0.062220 0.062220
0 0.253743 0.678542 0.057104 0.057104
0 0.667672 0.595251 0.062220 0.062220
0 0.642752 0.043684 0.052757 0.052757
0 0.352298 0.003222 0.061130 0.061130
0 0.622423 0.693822 0.052757 0.052757
0 0.625861 0.250794 0.062220 0.062220
0 0.159312 0.597413 0.061130 0.061130
0 0.570284 0.430553 0.104277 0.104277
0 0.162836 0.192531 0.062220 0.062220
0 0.140181 0.046387 0.071945 0.071945
0 0.297735 0.512565 0.062220 0.062220
0 0.482279 0.658283 0.052757 0.052757
0 0.754266 0.620219 0.052757 0.052757
0 0.168890 0.700763 0.062220 0.062220
0 0.398377 0.394206 0.062220 0.062220
0 0.272590 0.283553 0.071945 0.071945
0 0.573901 0.606113 0.061131 0.061131
0 0.549226 0.356275 0.104277 0.104277
0 0.987444 0.493104 0.062221 0.062221
0 0.823342 0.493386 0.052757 0.052757
0 0.719447 0.135745 0.055027 0.055027
0 0.510138 0.164658 0.062220 0.062220
0 0.392664 0.689193 0.061130 0.061130
0 0.929476 0.239923 0.104277 0.104277
0 0.537882 0.707328 0.062220 0.062220
0 0.659727 0.428821 0.052757 0.052757
0 0.179907 0.405033 0.052757 0.052757
0 0.466128 0.321621 0.071945 0.071945
0 0.334657 0.592678 0.061131 0.061131
0 0.582177 0.177468 0.104277 0.104277
0 0.746187 0.321725 0.061130 0.061130
0 0.424678 0.521731 0.104277 0.104277
0 0.106682 0.400311 0.052757 0.052757
0 0.140354 0.265697 0.061130 0.061130
0 0.224560 0.060368 0.052757 0.052757
0 0.984215 0.188597 0.057104 0.057104
0 0.998165 0.112514 0.088662 0.088662