0 0.941427 0.588255 0.104278 0.104278
0 0.118458 0.344363 0.052757 0.052757
0 0.670386 0.083731 0.052757 0.052757
0 0.584104 0.740578 0.061130 0.061130
0 0.958865 0.699060 0.052757 0.052757
0 0.979936 0.870287 0.052757 0.052757
0 0.805844 0.950948 0.104277 0.104277
0 0.730011 0.920008 0.061130 0.061130
0 0.594072 0.504912 0.057104 0.057104
0 0.945119 0.158733 0.104277 0.104277
0 0.088934 0.828542 0.062220 0.062220
0 0.091377 0.005411 0.071945 0.071945
0 0.637082 0.817965 0.104277 0.104277
0 0.669931 0.291561 0.057104 0.057104
0 0.084293 0.414608 0.062220 0.062220
0 0.309539 0.947299 0.061130 0.061130
0 0.891273 0.499693 0.052757 0.052757
0 0.296963 0.485765 0.071945 0.071945
0 0.435568 0.590287 0.104277 0.104277
0 0.355999 0.659211 0.052757 0.052757
0 0.578954 0.659448 0.104277 0.104277
0 0.268567 0.653409 0.052757 0.052757
0 0.514909 0.741505 0.052757 0.052757
0 0.944140 0.944466 0.104277 0.104277
0 0.891437 0.806112 0.057104 0.057104
0 0.469436 0.960649 0.104278 0.104278
0 0.536285 0.939040 0.052757 0.052757
0 0.816152 0.618166 0.061130 0.061130
0 0.707505 0.517008 0.071945 0.071945
0 0.874154 0.732704 0.052757 0.052757
0 0.081921 0.507778 0.052757 0.052757
0 0.227514 0.215883 0.071945 0.071945
0 0.417338 0.398512 0.061130 0.061130
0 0.220580 0.145427 0.071945 0.071945
0 0.716253 0.240194 0.071945 0.071945
0 0.696409 0.685301 0.061130 0.061130
0 0.667078 0.601636 0.062220 0.062220
0 0.810848 0.452822 0.062220 0.062220
0 0.926509 0.281822 0.061130 0.061130
0 0.135380 0.749813 0.061130 0.061130
0 0.716447 0.847602 0.052757 0.052757
0 0.866621 0.883887 0.057104 0.057104
0 0.416369 0.042437 0.071945 0.071945
0 0.370206 0.548290 0.104277 0.104277
0 0.861821 0.184083 0.061130 0.061130
0 0.832895 0.112348 0.061130 0.061130
0 0.865275 0.390209 0.061130 0.061130
0 0.427538 0.124135 0.071945 0.071945
0 0.965368 0.482745 0.057104 0.057104
0 0.857517 0.306527 0.104277 0.104277
0 0.546825 0.075266 0.052757 0.052757
0 0.378789 0.206360 0.052757 0.052757
0 0.222425 0.545991 0.052757 0.052757
0 0.119794 0.266699 0.104278 0.104278
0 0.753400 0.047952 0.071945 0.071945
0 0.807728 0.694801 0.104277 0.104277
0 0.302566 0.078793 0.061130 0.061130
0 0.768374 0.548822 0.071945 0.071945
0 0.310516 0.399948 0.104277 0.104277
0 0.639277 0.006619 0.104277 0.104277
0 0.218359 0.994265 0.071945 0.071945
0 0.509440 0.612889 0.071945 0.071945
0 0.649312 0.456986 0.050932 0.050932
0 0.092528 0.935506 0.057104 0.057104
0 0.786048 0.278100 0.052757 0.052757
0 0.261423 0.310818 0.057104 0.057104
0 0.552185 0.224991 0.071945 0.071945
0 0.762945 0.185160 0.061130 0.061130
0 0.338547 0.149619 0.062220 0.062220
0 0.976280 0.394662 0.057104 0.057104
0 0.509769 0.511622 0.071945 0.071945
0 0.417406 0.274793 0.104277 0.104277
0 0.124161 0.074737 0.061130 0.061130
0 0.188629 0.633201 0.104277 0.104277
0 0.199735 0.887268 0.057104 0.057104
0 0.759849 0.345126 0.061130 0.061130
0 0.622214 0.188285 0.071945 0.071945
0 0.382737 0.875904 0.104277 0.104277
0 0.432880 0.720139 0.104277 0.104277
0 0.973397 0.788117 0.061131 0.061131
0 0.216503 0.375535 0.062220 0.062220
0 0.820504 0.829442 0.104277 0.104277
0 0.423386 0.496441 0.052757 0.052757
0 0.948709 0.050778 0.062220 0.062220
0 0.720641 0.441811 0.062220 0.062220
0 0.516396 0.419715 0.062220 0.062220
0 0.338553 0.794916 0.052757 0.052757
0 0.182193 0.026299 0.057104 0.057104
0 0.217782 0.709705 0.104277 0.104277
0 0.307442 0.867552 0.061130 0.061130
0 0.156287 0.471604 0.057104 0.057104
0 0.430785 0.810502 0.062220 0.062220
0 0.497295 0.845544 0.071945 0.071945
0 0.895409 0.658169 0.071945 0.071945
0 0.726402 0.769198 0.061130 0.061130
0 0.366164 0.329720 0.071945 0.071945
0 0.135288 0.991984 0.052757 0.052757
0 0.461249 0.334689 0.047555 0.047555
0 0.595349 0.359485 0.052757 0.052757
0 0.626917 0.956648 0.104277 0.104277
0 0.107889 0.652436 0.071945 0.071945
0 0.400468 0.951920 0.052757 0.052757
0 0.225766 0.458490 0.057103 0.057103
0 0.879794 0.057772 0.071945 0.071945
0 0.591069 0.577590 0.071945 0.071945
0 0.209477 0.781047 0.104277 0.104277
0 0.675299 0.367366 0.071945 0.071945
0 0.122431 0.162953 0.062220 0.062220