0 0.200419 0.921861 0.061130 0.061130
0 0.603364 0.883570 0.052757 0.052757
0 0.133512 0.782190 0.104277 0.104277
0 0.195338 0.691142 0.071945 0.071945
0 0.347151 0.676752 0.071945 0.071945
0 0.425904 0.883610 0.104277 0.104277
0 0.101190 0.883759 0.052757 0.052757
0 0.503768 0.930135 0.071945 0.071945
0 0.398057 0.225786 0.104277 0.104277
0 0.430537 0.567055 0.061131 0.061131
0 0.588159 0.190314 0.104277 0.104277
0 0.139221 0.554243 0.104277 0.104277
0 0.632348 0.386562 0.057104 0.057104
0 0.758801 0.591522 0.062221 0.062221
0 0.647707 0.554527 0.104277 0.104277
0 0.724733 0.348441 0.104277 0.104277
0 0.551189 0.100071 0.057104 0.057104
0 0.461652 0.303450 0.104277 0.104277
0 0.009284 0.726699 0.062220 0.062220
0 0.267293 0.490214 0.052757 0.052757
0 0.748754 0.863636 0.071945 0.071945
0 0.464543 0.142030 0.061131 0.061131
0 0.178097 0.848398 0.061131 0.061131
0 0.211231 0.600739 0.057104 0.057104
0 0.347759 0.065563 0.071945 0.071945
0 0.262313 0.808893 0.052757 0.052757
0 0.530370 0.544695 0.104277 0.104277
0 0.400647 0.361105 0.062220 0.062220
0 0.318520 0.744853 0.057104 0.057104
0 0.238473 0.427653 0.057104 0.057104
0 0.235320 0.266828 0.052757 0.052757
0 0.709069 0.697610 0.052757 0.052757
0 0.430993 0.966864 0.036679 0.036679
0 0.346474 0.405091 0.061130 0.061130
0 0.622925 0.087093 0.071945 0.071945
0 0.061343 0.254131 0.061131 0.061131
0 0.648982 0.658421 0.062221 0.062221
0 0.264755 0.897475 0.057104 0.057104
0 0.003555 0.574156 0.052757 0.052757
0 0.650612 0.463909 0.071945 0.071945
0 0.587527 0.694050 0.052757 0.052757
0 0.556337 0.277900 0.061130 0.061130
0 0.574633 0.761912 0.104277 0.104277
0 0.289403 0.362114 0.061131 0.061131
0 0.480271 0.785544 0.104277 0.104277
0 0.108618 0.656439 0.071945 0.071945
0 0.338630 0.295567 0.057104 0.057104
0 0.571176 0.953019 0.062220 0.062220
0 0.749035 0.217477 0.057104 0.057104
0 0.070742 0.816557 0.057104 0.057104
0 0.404922 0.021075 0.104277 0.104277
0 0.427198 0.727252 0.061130 0.061130
0 0.562124 0.352775 0.061130 0.061130
0 0.505958 0.857867 0.061130 0.061130
0 0.093848 0.004856 0.071945 0.071945
0 0.075216 0.456275 0.104277 0.104277
0 0.377294 0.821735 0.062220 0.062220
0 0.290726 0.592765 0.062220 0.062220
0 0.654423 0.968943 0.104277 0.104277
0 0.107656 0.139270 0.061131 0.061131
0 0.016041 0.927590 0.052757 0.052757
0 0.322957 0.967278 0.062220 0.062220
0 0.701367 0.271479 0.052757 0.052757
0 0.197195 0.209649 0.057104 0.057104
0 0.357798 0.510616 0.071945 0.071945
0 0.320681 0.168273 0.071945 0.071945
0 0.096974 0.996340 0.052757 0.052757
0 0.175352 0.391870 0.062220 0.062220
0 0.768624 0.742851 0.071945 0.071945
0 0.738453 0.046817 0.057104 0.057104
0 0.619393 0.016937 0.057104 0.057104
0 0.476763 0.040823 0.052757 0.052757
0 0.651790 0.793073 0.071945 0.071945
0 0.226813 0.142697 0.052757 0.052757
0 0.014147 0.325981 0.071945 0.071945
0 0.746171 0.442048 0.104277 0.104277
0 0.500758 0.474277 0.057104 0.057104
0 0.191581 0.059540 0.057104 0.057104
0 0.054348 0.382907 0.052757 0.052757
0 0.483501 0.614215 0.057104 0.057104
0 0.042800 0.095681 0.071945 0.071945
0 0.492163 0.400578 0.104277 0.104277
0 0.719155 0.150282 0.061130 0.061130
0 0.561496 0.428173 0.104277 0.104277
0 0.575676 0.624431 0.052757 0.052757
0 0.143157 0.269290 0.061131 0.061131