0 0.403342 0.561977 0.104277 0.104277
0 0.359794 0.349986 0.061130 0.061130
0 0.075802 0.769505 0.104278 0.104278
0 0.762739 0.311695 0.052757 0.052757
0 0.292887 0.210315 0.104277 0.104277
0 0.354713 0.119267 0.071945 0.071945
0 0.553632 0.559653 0.062220 0.062220
0 0.506526 0.104877 0.071945 0.071945
0 0.585279 0.311735 0.104277 0.104277
0 0.260565 0.311884 0.052757 0.052757
0 0.193946 0.930853 0.052757 0.052757
0 0.663143 0.358260 0.071945 0.071945
0 0.918176 0.019647 0.062221 0.062221
0 0.916890 0.550128 0.047276 0.047276
0 0.807244 0.856729 0.062220 0.062220
0 0.093240 0.880310 0.052757 0.052757
0 0.397466 0.476792 0.057104 0.057104
0 0.168659 0.154824 0.062220 0.062220
0 0.433328 0.663428 0.051819 0.051819
0 0.079494 0.339983 0.104277 0.104277
0 0.908129 0.291761 0.071945 0.071945
0 0.337472 0.276523 0.061131 0.061131
0 0.613476 0.607141 0.052757 0.052757
0 0.370606 0.028864 0.057104 0.057104
0 0.326034 0.952229 0.104277 0.104277
0 0.674752 0.555656 0.057103 0.057103
0 0.421688 0.237018 0.052757 0.052757
0 0.748421 0.941080 0.062220 0.062220
0 0.095730 0.066372 0.052757 0.052757
0 0.477895 0.172978 0.057104 0.057104
0 0.868444 0.125735 0.052757 0.052757
0 0.590368 0.394989 0.036679 0.036679
0 0.025648 0.680943 0.052757 0.052757
0 0.709406 0.672996 0.104277 0.104277
0 0.808357 0.086546 0.062221 0.062221
0 0.424130 0.325600 0.057104 0.057104
0 0.509169 0.733772 0.104277 0.104277
0 0.162930 0.002281 0.052757 0.052757
0 0.504306 0.660479 0.071945 0.071945
0 0.746902 0.122175 0.052757 0.052757
0 0.734008 0.190037 0.104277 0.104277
0 0.900898 0.656053 0.071945 0.071945
0 0.158898 0.278233 0.071945 0.071945
0 0.210777 0.673188 0.052757 0.052757
0 0.639646 0.213669 0.104277 0.104277
0 0.267993 0.084564 0.071945 0.071945
0 0.806737 0.687864 0.061131 0.061131
0 0.025812 0.987362 0.057104 0.057104
0 0.922776 0.439126 0.057104 0.057104
0 0.425624 0.820401 0.054783 0.054783
0 0.730551 0.381144 0.062220 0.062220
0 0.593176 0.754313 0.057103 0.057103
0 0.393726 0.932567 0.071945 0.071945
0 0.176850 0.593819 0.071945 0.071945
0 0.008529 0.913954 0.052757 0.052757
0 0.687482 0.821134 0.061131 0.061131
0 0.274006 0.829069 0.057104 0.057104
0 0.638660 0.689015 0.061131 0.061131
0 0.230117 0.244682 0.057104 0.057104
0 0.586573 0.155377 0.061130 0.061130
0 0.060884 0.463072 0.061130 0.061130
0 0.904231 0.781557 0.071945 0.071945
0 0.909613 0.920082 0.104278 0.104278
0 0.839214 0.541995 0.062220 0.062220
0 0.665333 0.285992 0.061130 0.061130
0 0.288201 0.707195 0.052757 0.052757
0 0.536669 0.249860 0.062220 0.062220
0 0.145950 0.419868 0.104277 0.104277
0 0.309355 0.517741 0.071945 0.071945
0 0.840818 0.754660 0.104278 0.104278
0 0.006753 0.031536 0.052757 0.052757
0 0.450101 0.020890 0.062220 0.062220
0 0.518139 0.921059 0.052757 0.052757
0 0.813798 0.397068 0.104277 0.104277
0 0.099743 0.663995 0.057104 0.057104
0 0.199344 0.741611 0.062220 0.062220
0 0.764171 0.794239 0.062220 0.062220
0 0.196511 0.468405 0.104277 0.104277
0 0.175416 0.355715 0.052757 0.052757
0 0.482332 0.395403 0.062220 0.062220
0 0.145647 0.797700 0.104277 0.104277
0 0.624543 0.478099 0.104277 0.104277
0 0.300480 0.601657 0.057104 0.057104
0 0.687732 0.744738 0.071945 0.071945
0 0.537995 0.443321 0.071945 0.071945
0 0.256349 0.424465 0.052757 0.052757
0 0.110655 0.575912 0.057104 0.057104
0 0.501984 0.807150 0.104277 0.104277
0 0.927999 0.170976 0.071945 0.071945
0 0.678890 0.433468 0.061131 0.061131
0 0.811165 0.221198 0.071945 0.071945
0 0.464540 0.996962 0.071945 0.071945
0 0.566527 0.851348 0.057104 0.057104
0 0.606573 0.908486 0.104277 0.104277
0 0.107772 0.969367 0.061131 0.061131
0 0.083084 0.232028 0.062220 0.062220
0 0.412065 0.752447 0.052757 0.052757
0 0.339502 0.786674 0.104277 0.104277
0 0.642876 0.042340 0.057104 0.057104
0 0.086661 0.142217 0.061131 0.061131
0 0.029784 0.839419 0.071945 0.071945
0 0.771558 0.470465 0.071945 0.071945
0 0.269985 0.905639 0.071945 0.071945
0 0.735051 0.052556 0.052757 0.052757
0 0.852458 0.965635 0.061131 0.061131
0 0.014169 0.239022 0.071945 0.071945
0 0.474951 0.523220 0.057104 0.057104
0 0.744702 0.605951 0.061131 0.061131