0 0.893967 0.521352 0.104277 0.104277
0 0.850419 0.309361 0.061130 0.061130
0 0.566427 0.728880 0.104278 0.104278
0 0.783512 0.169690 0.104277 0.104277
0 0.845338 0.078642 0.071945 0.071945
0 0.997151 0.064252 0.071945 0.071945
0 0.751190 0.271259 0.052757 0.052757
0 0.684571 0.890228 0.052757 0.052757
0 0.295386 0.224356 0.052757 0.052757
0 0.209104 0.881203 0.061130 0.061130
0 0.583865 0.839685 0.052757 0.052757
0 0.888091 0.436167 0.057104 0.057104
0 0.659284 0.114199 0.062220 0.062220
0 0.923953 0.622803 0.051819 0.051819
0 0.219072 0.645537 0.057104 0.057104
0 0.570119 0.299358 0.104277 0.104277
0 0.828097 0.235898 0.061131 0.061131
0 0.262082 0.958590 0.104277 0.104277
0 0.294931 0.432186 0.057104 0.057104
0 0.816659 0.911604 0.104277 0.104277
0 0.912313 0.196393 0.052757 0.052757
0 0.586355 0.025747 0.052757 0.052757
0 0.968520 0.132353 0.057104 0.057104
0 0.516273 0.640318 0.052757 0.052757
0 0.060568 0.730912 0.104277 0.104277
0 0.339740 0.114832 0.057104 0.057104
0 0.914755 0.284975 0.057104 0.057104
0 0.999794 0.693147 0.104277 0.104277
0 0.994931 0.619854 0.071945 0.071945
0 0.203954 0.800073 0.104277 0.104277
0 0.426671 0.111089 0.057104 0.057104
0 0.649523 0.237608 0.071945 0.071945
0 0.701402 0.632563 0.052757 0.052757
0 0.758618 0.043939 0.071945 0.071945
0 0.139909 0.882130 0.052757 0.052757
0 0.516437 0.946737 0.057104 0.057104
0 0.916249 0.779776 0.054783 0.054783
0 0.305890 0.015294 0.057104 0.057104
0 0.884351 0.891942 0.071945 0.071945
0 0.884611 0.962766 0.061130 0.061130
0 0.667475 0.553194 0.071945 0.071945
0 0.441152 0.758791 0.061130 0.061130
0 0.332505 0.657633 0.071945 0.071945
0 0.499154 0.873329 0.052757 0.052757
0 0.764631 0.788444 0.057104 0.057104
0 0.720742 0.204057 0.057104 0.057104
0 0.042338 0.539137 0.061130 0.061130
0 0.341253 0.380819 0.071945 0.071945
0 0.321409 0.825926 0.061130 0.061130
0 0.292078 0.742261 0.062220 0.062220
0 0.435848 0.593447 0.062220 0.062220
0 0.551509 0.422447 0.061130 0.061130
0 0.778826 0.666570 0.052757 0.052757
0 0.341447 0.988227 0.052757 0.052757
0 0.041369 0.183062 0.071945 0.071945
0 0.486821 0.324708 0.061130 0.061130
0 0.457895 0.252973 0.061130 0.061130
0 0.636575 0.379243 0.104277 0.104277
0 0.799980 0.477116 0.071945 0.071945
0 0.490275 0.530834 0.061130 0.061130
0 0.228428 0.065808 0.104277 0.104277
0 0.052538 0.264760 0.071945 0.071945
0 0.590368 0.623370 0.057104 0.057104
0 0.482517 0.447152 0.104277 0.104277
0 0.689969 0.700986 0.062220 0.062220
0 0.687136 0.427780 0.104277 0.104277
0 0.171825 0.215891 0.052757 0.052757
0 0.666041 0.315090 0.052757 0.052757
0 0.003789 0.346985 0.052757 0.052757
0 0.696441 0.959651 0.104277 0.104277
0 0.972957 0.354778 0.062220 0.062220
0 0.378400 0.188577 0.071945 0.071945
0 0.432728 0.835426 0.104277 0.104277
0 0.393374 0.689447 0.071945 0.071945
0 0.636272 0.757075 0.104277 0.104277
0 0.264277 0.147244 0.104277 0.104277
0 0.791105 0.561032 0.057104 0.057104
0 0.134440 0.753514 0.071945 0.071945
0 0.274312 0.597611 0.050932 0.050932
0 0.411048 0.418725 0.052757 0.052757
0 0.177185 0.365616 0.071945 0.071945
0 0.387945 0.325785 0.061130 0.061130
0 0.746974 0.383840 0.052757 0.052757
0 0.601280 0.535287 0.057104 0.057104
0 0.992609 0.766525 0.104277 0.104277
0 0.134769 0.652247 0.071945 0.071945
0 0.042406 0.415418 0.104277 0.104277
0 0.384849 0.485751 0.061130 0.061130
0 0.247214 0.328910 0.071945 0.071945
0 0.099849 0.040148 0.061130 0.061130
0 0.955165 0.956337 0.071945 0.071945
0 0.029686 0.027427 0.062220 0.062220
0 0.057880 0.860764 0.104277 0.104277
0 0.374701 0.045411 0.048997 0.048997
0 0.598397 0.928742 0.061131 0.061131
0 0.445504 0.970067 0.104277 0.104277
0 0.048386 0.637066 0.052757 0.052757
0 0.573709 0.191403 0.062220 0.062220
0 0.902690 0.711822 0.052757 0.052757
0 0.830127 0.746049 0.104277 0.104277
0 0.345641 0.582436 0.062220 0.062220
0 0.141396 0.560340 0.062220 0.062220
0 0.577286 0.101592 0.061131 0.061131
0 0.152060 0.139788 0.104277 0.104277
0 0.055785 0.951127 0.062220 0.062220
0 0.122295 0.986169 0.071945 0.071945
0 0.520409 0.798794 0.071945 0.071945
0 0.351402 0.909823 0.061130 0.061130
0 0.760610 0.865014 0.071945 0.071945
0 0.086249 0.475314 0.047555 0.047555
0 0.220349 0.500110 0.052757 0.052757
0 0.504794 0.198397 0.071945 0.071945
0 0.216069 0.718215 0.071945 0.071945
0 0.965576 0.482595 0.057104 0.057104
0 0.300299 0.507991 0.071945 0.071945