0 0.307970 0.180032 0.071945 0.071945
0 0.870509 0.686734 0.104277 0.104277
0 0.509514 0.790683 0.052757 0.052757
0 0.583091 0.148011 0.071945 0.071945
0 0.109583 0.025377 0.104277 0.104277
0 0.615219 0.263381 0.052757 0.052757
0 0.316654 0.550364 0.061130 0.061130
0 0.853502 0.370535 0.061131 0.061131
0 0.759379 0.486869 0.062220 0.062220
0 0.758646 0.061326 0.104277 0.104277
0 0.742735 0.657062 0.052757 0.052757
0 0.378781 0.658456 0.104277 0.104277
0 0.900557 0.779187 0.052757 0.052757
0 0.202718 0.446745 0.104277 0.104277
0 0.161579 0.568356 0.104277 0.104277
0 0.048095 0.610330 0.071945 0.071945
0 0.206119 0.199487 0.062220 0.062220
0 0.635534 0.509665 0.104277 0.104277
0 0.231472 0.371745 0.057104 0.057104
0 0.725642 0.224445 0.104277 0.104277
0 0.774992 0.766786 0.061130 0.061130
0 0.746549 0.837766 0.104277 0.104277
0 0.680781 0.415564 0.071945 0.071945
0 0.890839 0.308188 0.052757 0.052757
0 0.604020 0.017083 0.104277 0.104277
0 0.241596 0.726355 0.062220 0.062220
0 0.299819 0.354181 0.104277 0.104277
0 0.717033 0.568323 0.052757 0.052757
0 0.457481 0.651373 0.062220 0.062220
0 0.185172 0.295243 0.061130 0.061130
0 0.064477 0.337117 0.057104 0.057104
0 0.707469 0.129256 0.062220 0.062220
0 0.460211 0.256443 0.052757 0.052757
0 0.001993 0.443875 0.057104 0.057104
0 0.117969 0.473966 0.104277 0.104277
0 0.578954 0.644193 0.062220 0.062220
0 0.427428 0.443311 0.071945 0.071945
0 0.057406 0.683295 0.071945 0.071945
0 0.637432 0.358320 0.102474 0.102474
0 0.678321 0.715440 0.071945 0.071945
0 0.246616 0.021711 0.052757 0.052757
0 0.531768 0.350495 0.104277 0.104277
0 0.580171 0.815234 0.104277 0.104277
0 0.540592 0.084287 0.062220 0.062220
0 0.384279 0.159837 0.061131 0.061131
0 0.342672 0.088288 0.071945 0.071945
0 0.130873 0.206837 0.062220 0.062220
0 0.664818 0.812121 0.104277 0.104277
0 0.345818 0.411148 0.057104 0.057104
0 0.083514 0.547687 0.057104 0.057104
0 0.158540 0.364675 0.104277 0.104277
0 0.027201 0.058458 0.071945 0.071945
0 0.072493 0.800417 0.057104 0.057104
0 0.827114 0.117232 0.045227 0.045227
0 0.486422 0.717126 0.062220 0.062220
0 0.461502 0.165559 0.052757 0.052757
0 0.171048 0.125097 0.061130 0.061130
0 0.882779 0.021027 0.061130 0.061130
0 0.441173 0.815697 0.052757 0.052757
0 0.444611 0.372669 0.062220 0.062220
0 0.389034 0.552428 0.104277 0.104277
0 0.116485 0.634440 0.062220 0.062220
0 0.301029 0.780158 0.052757 0.052757
0 0.573016 0.742094 0.052757 0.052757
0 0.217127 0.516081 0.062220 0.062220
0 0.091340 0.405428 0.071945 0.071945
0 0.451175 0.031184 0.052757 0.052757
0 0.874368 0.587882 0.061131 0.061131
0 0.392651 0.727988 0.061131 0.061131
0 0.270712 0.097571 0.057104 0.057104
0 0.367976 0.478150 0.104277 0.104277
0 0.839940 0.463894 0.061131 0.061131
0 0.806194 0.614979 0.062221 0.062221
0 0.642092 0.615261 0.052757 0.052757
0 0.538197 0.257620 0.055027 0.055027
0 0.670389 0.058442 0.061131 0.061131
0 0.328888 0.286533 0.062220 0.062220
0 0.211414 0.811068 0.061130 0.061130
0 0.748226 0.361798 0.104277 0.104277
0 0.356632 0.829203 0.062220 0.062220
0 0.184255 0.052561 0.050559 0.050559
0 0.478477 0.550696 0.052757 0.052757
0 0.284878 0.443496 0.071945 0.071945
0 0.153407 0.714553 0.061131 0.061131
0 0.400927 0.299343 0.104277 0.104277
0 0.564937 0.443600 0.061130 0.061130
0 0.243428 0.643606 0.104277 0.104277
0 0.043310 0.182243 0.052757 0.052757
0 0.802965 0.310472 0.057104 0.057104
0 0.816915 0.234389 0.088662 0.088662