0 0.709130 0.081742 0.071945 0.071945
0 0.504307 0.585161 0.104277 0.104277
0 0.536787 0.926430 0.061131 0.061131
0 0.694409 0.549689 0.104277 0.104277
0 0.245471 0.913618 0.104277 0.104277
0 0.738598 0.745937 0.057104 0.057104
0 0.607864 0.196019 0.062220 0.062220
0 0.865051 0.950897 0.062221 0.062221
0 0.740842 0.193966 0.057104 0.057104
0 0.753957 0.913902 0.104277 0.104277
0 0.830983 0.707816 0.104277 0.104277
0 0.773653 0.119274 0.052757 0.052757
0 0.657439 0.459446 0.057104 0.057104
0 0.585599 0.310929 0.104277 0.104277
0 0.567902 0.662825 0.104277 0.104277
0 0.373543 0.849589 0.052757 0.052757
0 0.570793 0.501405 0.061131 0.061131
0 0.580601 0.125312 0.052757 0.052757
0 0.317481 0.960114 0.057104 0.057104
0 0.454009 0.424938 0.071945 0.071945
0 0.636620 0.904070 0.104277 0.104277
0 0.671018 0.325217 0.062220 0.062220
0 0.042605 0.997622 0.052757 0.052757
0 0.506897 0.720480 0.062220 0.062220
0 0.344723 0.787028 0.057104 0.057104
0 0.341570 0.626203 0.052757 0.052757
0 0.452724 0.764466 0.061130 0.061130
0 0.729175 0.446468 0.071945 0.071945
0 0.810972 0.217009 0.071945 0.071945
0 0.167593 0.613506 0.061131 0.061131
0 0.672760 0.145622 0.071945 0.071945
0 0.109805 0.933531 0.052757 0.052757
0 0.756862 0.823284 0.071945 0.071945
0 0.662587 0.637275 0.061130 0.061130
0 0.102719 0.534813 0.062220 0.062220
0 0.395653 0.721489 0.061131 0.061131
0 0.444880 0.654942 0.057104 0.057104
0 0.859907 0.155222 0.071945 0.071945
0 0.511794 0.248747 0.071945 0.071945
0 0.074603 0.218847 0.061131 0.061131
0 0.362243 0.129898 0.061130 0.061130
0 0.872473 0.078585 0.071945 0.071945
0 0.387256 0.248773 0.104277 0.104277
0 0.855285 0.576852 0.057104 0.057104
0 0.138015 0.115317 0.071945 0.071945
0 0.511172 0.380450 0.104277 0.104277
0 0.803260 0.324150 0.104278 0.104278
0 0.668374 0.712150 0.061130 0.061130
0 0.200098 0.364231 0.071945 0.071945
0 0.181466 0.815650 0.104277 0.104277
0 0.396976 0.952140 0.062220 0.062220
0 0.213906 0.498645 0.061131 0.061131
0 0.072002 0.445130 0.104277 0.104277
0 0.571340 0.048159 0.062220 0.062220
0 0.284883 0.329590 0.062220 0.062220
0 0.807617 0.630854 0.052757 0.052757
0 0.303445 0.569024 0.057104 0.057104
0 0.167914 0.043792 0.061131 0.061131
0 0.464048 0.869991 0.071945 0.071945
0 0.073927 0.853119 0.052757 0.052757
0 0.066694 0.623456 0.062220 0.062220
0 0.071758 0.081110 0.061131 0.061131
0 0.426931 0.527648 0.071945 0.071945
0 0.031459 0.687074 0.104278 0.104278
0 0.034742 0.159273 0.052757 0.052757
0 0.114376 0.354094 0.061131 0.061131
0 0.331930 0.051636 0.057104 0.057104
0 0.281602 0.751245 0.062220 0.062220
0 0.844703 0.406192 0.057104 0.057104
0 0.725643 0.376312 0.057104 0.057104
0 0.583013 0.400198 0.052757 0.052757
0 0.088477 0.752985 0.062220 0.062220
0 0.333063 0.502072 0.052757 0.052757
0 0.120397 0.685356 0.071945 0.071945
0 0.033977 0.921917 0.062220 0.062220
0 0.852421 0.801423 0.104277 0.104277
0 0.469774 0.066212 0.071945 0.071945
0 0.364028 0.345229 0.057104 0.057104
0 0.607008 0.833652 0.057104 0.057104
0 0.745865 0.012571 0.062220 0.062220
0 0.297831 0.418915 0.057104 0.057104
0 0.203680 0.166936 0.104277 0.104277
0 0.160598 0.742282 0.052757 0.052757
0 0.589751 0.973590 0.057104 0.057104
0 0.270022 0.236373 0.052757 0.052757
0 0.149050 0.455056 0.071945 0.071945
0 0.438692 0.004375 0.104277 0.104277
0 0.277177 0.101917 0.071945 0.071945
0 0.598413 0.759953 0.104277 0.104277
0 0.825405 0.509657 0.061130 0.061130
0 0.017515 0.351845 0.071945 0.071945
0 0.805994 0.046799 0.104278 0.104278
0 0.493933 0.165117 0.104277 0.104277
0 0.667746 0.787548 0.104277 0.104277
0 0.681926 0.983806 0.052757 0.052757
0 0.157579 0.226073 0.052757 0.052757
0 0.452014 0.343227 0.062220 0.062220
0 0.249407 0.628665 0.061131 0.061131