0 0.632886 0.896231 0.052757 0.052757
0 0.582535 0.389552 0.062220 0.062220
0 0.996784 0.786074 0.062220 0.062220
0 0.907619 0.971233 0.104277 0.104277
0 0.507092 0.616768 0.052757 0.052757
0 0.053877 0.817911 0.071945 0.071945
0 0.529420 0.263937 0.057103 0.057103
0 0.698473 0.511228 0.071945 0.071945
0 0.163020 0.237223 0.104277 0.104277
0 0.745721 0.573667 0.061130 0.061130
0 0.300766 0.309582 0.052757 0.052757
0 0.923855 0.697622 0.052757 0.052757
0 0.677240 0.786707 0.057104 0.057104
0 0.991055 0.633531 0.052757 0.052757
0 0.764171 0.782964 0.057104 0.057104
0 0.074490 0.591647 0.104278 0.104278
0 0.734225 0.014127 0.057104 0.057104
0 0.987023 0.909483 0.071945 0.071945
0 0.983969 0.234813 0.062220 0.062220
0 0.461540 0.086075 0.104277 0.104277
0 0.445582 0.528262 0.071945 0.071945
0 0.375337 0.521177 0.057104 0.057104
0 0.270301 0.019134 0.104277 0.104277
0 0.643390 0.687169 0.057104 0.057104
0 0.128136 0.040965 0.062220 0.062220
0 0.671990 0.169258 0.057104 0.057104
0 0.201446 0.077486 0.062220 0.062220
0 0.183080 0.957927 0.071945 0.071945
0 0.790579 0.451360 0.061130 0.061130
0 0.044347 0.072240 0.104278 0.104278
0 0.592013 0.211693 0.052757 0.052757
0 0.378869 0.854937 0.071945 0.071945
0 0.345188 0.235035 0.062220 0.062220
0 0.044535 0.182995 0.071945 0.071945
0 0.824321 0.996583 0.061130 0.061130
0 0.517254 0.014723 0.057104 0.057104
0 0.795395 0.924848 0.061130 0.061130
0 0.674408 0.263758 0.057104 0.057104
0 0.576513 0.651121 0.104277 0.104277
0 0.440553 0.429299 0.057104 0.057104
0 0.682269 0.431046 0.057104 0.057104
0 0.347908 0.606428 0.057104 0.057104
0 0.722798 0.093087 0.052757 0.052757
0 0.793989 0.162168 0.104277 0.104277
0 0.550835 0.545383 0.104277 0.104277
0 0.834878 0.662786 0.052757 0.052757
0 0.133453 0.375486 0.062220 0.062220
0 0.565928 0.737683 0.104277 0.104277
0 0.390038 0.936635 0.071945 0.071945
0 0.355392 0.438682 0.052757 0.052757
0 0.550093 0.450652 0.052757 0.052757
0 0.367004 0.369973 0.061130 0.061130
0 0.509325 0.887766 0.052757 0.052757
0 0.735457 0.364145 0.104277 0.104277
0 0.870766 0.247342 0.061130 0.061130
0 0.606679 0.101773 0.057104 0.057104
0 0.435958 0.284791 0.071945 0.071945
0 0.953252 0.145130 0.104277 0.104277
0 0.273972 0.697414 0.061130 0.061130
0 0.715900 0.860452 0.071945 0.071945
0 0.640845 0.613422 0.062220 0.062220
0 0.265066 0.891293 0.061130 0.061130
0 0.418757 0.025941 0.052757 0.052757
0 0.955177 0.553119 0.052757 0.052757
0 0.947944 0.323456 0.062220 0.062220
0 0.601777 0.819119 0.104277 0.104277
0 0.151598 0.761565 0.061130 0.061130
0 0.215119 0.147142 0.057104 0.057104
0 0.751121 0.237866 0.061130 0.061130
0 0.912709 0.387074 0.104278 0.104278
0 0.995626 0.054094 0.061131 0.061131
0 0.725445 0.997660 0.061130 0.061130
0 0.301047 0.962119 0.062220 0.062220
0 0.293155 0.398118 0.061130 0.061130
0 0.259767 0.235304 0.062220 0.062220
0 0.437585 0.633914 0.057104 0.057104
0 0.748093 0.642821 0.057104 0.057104
0 0.167076 0.680977 0.057104 0.057104
0 0.239781 0.576088 0.104277 0.104277
0 0.086661 0.887237 0.061130 0.061130
0 0.969727 0.452985 0.062220 0.062220
0 0.050257 0.379000 0.061130 0.061130
0 0.848284 0.567561 0.057104 0.057104
0 0.437349 0.712023 0.061130 0.061130
0 0.367186 0.699302 0.062220 0.062220
0 0.712201 0.717286 0.048997 0.048997
0 0.091473 0.307008 0.061130 0.061130
0 0.283172 0.157369 0.057104 0.057104
0 0.915227 0.621917 0.062220 0.062220
0 0.138705 0.522680 0.104277 0.104277
0 0.141540 0.164718 0.052757 0.052757
0 0.812560 0.040122 0.061130 0.061130
0 0.648870 0.348468 0.057104 0.057104
0 0.847286 0.345154 0.104277 0.104277
0 0.523628 0.338817 0.104277 0.104277
0 0.911209 0.863278 0.062220 0.062220
0 0.097247 0.680025 0.057104 0.057104
0 0.853319 0.113035 0.061130 0.061130
0 0.144693 0.838799 0.057104 0.057104
0 0.914786 0.773467 0.061131 0.061131
0 0.335747 0.783842 0.071945 0.071945
0 0.547755 0.143894 0.062220 0.062220
0 0.898765 0.051845 0.071945 0.071945
0 0.177087 0.312690 0.071945 0.071945
0 0.489560 0.811663 0.104277 0.104277
0 0.255686 0.776766 0.071945 0.071945
0 0.245937 0.499625 0.061130 0.061130
0 0.329025 0.067050 0.104277 0.104277
0 0.447566 0.202749 0.052757 0.052757
0 0.630002 0.535530 0.057104 0.057104
0 0.394817 0.128206 0.062220 0.062220
0 0.049007 0.468432 0.071945 0.071945
0 0.842294 0.870272 0.071945 0.071945
0 0.084931 0.975453 0.062220 0.062220
0 0.213959 0.435815 0.062220 0.062220