0 0.732535 0.620802 0.062220 0.062220
0 0.657092 0.848018 0.052757 0.052757
0 0.651362 0.085231 0.104277 0.104277
0 0.679420 0.495187 0.057103 0.057103
0 0.848473 0.742478 0.071945 0.071945
0 0.313020 0.468473 0.104277 0.104277
0 0.895721 0.804917 0.061130 0.061130
0 0.450766 0.540832 0.052757 0.052757
0 0.224490 0.822897 0.104278 0.104278
0 0.884225 0.245377 0.057104 0.057104
0 0.611540 0.317325 0.104277 0.104277
0 0.595582 0.759512 0.071945 0.071945
0 0.525337 0.752427 0.057104 0.057104
0 0.420301 0.250384 0.104277 0.104277
0 0.793390 0.918419 0.057104 0.057104
0 0.630937 0.181474 0.057104 0.057104
0 0.278136 0.272215 0.062220 0.062220
0 0.289801 0.162437 0.062220 0.062220
0 0.821990 0.400508 0.057104 0.057104
0 0.579507 0.130343 0.104277 0.104277
0 0.351446 0.308736 0.062220 0.062220
0 0.940579 0.682610 0.061130 0.061130
0 0.194347 0.303490 0.104278 0.104278
0 0.855154 0.161804 0.104277 0.104277
0 0.742013 0.442943 0.052757 0.052757
0 0.495188 0.466285 0.062220 0.062220
0 0.194535 0.414245 0.071945 0.071945
0 0.667254 0.245973 0.057104 0.057104
0 0.824408 0.495008 0.057104 0.057104
0 0.726513 0.882371 0.104277 0.104277
0 0.590553 0.660549 0.057104 0.057104
0 0.832269 0.662296 0.057104 0.057104
0 0.497908 0.837678 0.057104 0.057104
0 0.194599 0.065380 0.052757 0.052757
0 0.872798 0.324337 0.052757 0.052757
0 0.943989 0.393418 0.104277 0.104277
0 0.700835 0.776633 0.104277 0.104277
0 0.984878 0.894036 0.052757 0.052757
0 0.344137 0.040760 0.061130 0.061130
0 0.283453 0.606736 0.062220 0.062220
0 0.715928 0.968933 0.104277 0.104277
0 0.505392 0.669932 0.052757 0.052757
0 0.700093 0.681902 0.052757 0.052757
0 0.517004 0.601223 0.061130 0.061130
0 0.885457 0.595395 0.104277 0.104277
0 0.710737 0.121440 0.052757 0.052757
0 0.756679 0.333023 0.057104 0.057104
0 0.585958 0.516041 0.071945 0.071945
0 0.423972 0.928664 0.061130 0.061130
0 0.411548 0.009351 0.061130 0.061130
0 0.790845 0.844672 0.062220 0.062220
0 0.568757 0.257191 0.052757 0.052757
0 0.301598 0.992815 0.061130 0.061130
0 0.365119 0.378392 0.057104 0.057104
0 0.901121 0.469116 0.061130 0.061130
0 0.428649 0.121402 0.057104 0.057104
0 0.443155 0.629368 0.061130 0.061130
0 0.227104 0.132544 0.061130 0.061130
0 0.409767 0.466554 0.062220 0.062220
0 0.587585 0.865164 0.057104 0.057104
0 0.898093 0.874071 0.057104 0.057104
0 0.317076 0.912227 0.057104 0.057104
0 0.389781 0.807338 0.104277 0.104277
0 0.200257 0.610250 0.061130 0.061130
0 0.998284 0.798811 0.057104 0.057104
0 0.944043 0.115938 0.104277 0.104277
0 0.722561 0.195925 0.061130 0.061130
0 0.666412 0.015841 0.104277 0.104277
0 0.587349 0.943273 0.061130 0.061130
0 0.517186 0.930552 0.062220 0.062220
0 0.862201 0.948536 0.048997 0.048997
0 0.241473 0.538258 0.061130 0.061130
0 0.433172 0.388619 0.057104 0.057104
0 0.288705 0.753930 0.104277 0.104277
0 0.731997 0.044930 0.071945 0.071945
0 0.291540 0.395968 0.052757 0.052757
0 0.962560 0.271372 0.061130 0.061130
0 0.798870 0.579718 0.057104 0.057104
0 0.997286 0.576404 0.104277 0.104277
0 0.673628 0.570067 0.104277 0.104277
0 0.247247 0.911275 0.057104 0.057104
0 0.365153 0.169080 0.062220 0.062220
0 0.946226 0.028787 0.057104 0.057104
0 0.697755 0.375144 0.062220 0.062220
0 0.327087 0.543940 0.071945 0.071945
0 0.796948 0.070086 0.057104 0.057104
0 0.395937 0.730875 0.061130 0.061130
0 0.479025 0.298300 0.104277 0.104277
0 0.597566 0.433999 0.052757 0.052757
0 0.484427 0.178595 0.057104 0.057104
0 0.780002 0.766780 0.057104 0.057104
0 0.544817 0.359456 0.062220 0.062220
0 0.199007 0.699682 0.071945 0.071945
0 0.231558 0.217343 0.061130 0.061130
0 0.363959 0.667065 0.062220 0.062220