0 0.000558 0.744729 0.062220 0.062220
0 0.451720 0.267532 0.071945 0.071945
0 0.653264 0.878183 0.052757 0.052757
0 0.726841 0.235511 0.071945 0.071945
0 0.253333 0.112877 0.104277 0.104277
0 0.758969 0.350881 0.052757 0.052757
0 0.460404 0.637864 0.061130 0.061130
0 0.997252 0.458035 0.061131 0.061131
0 0.903129 0.574369 0.062220 0.062220
0 0.496118 0.023849 0.061130 0.061130
0 0.902396 0.148826 0.104277 0.104277
0 0.886485 0.744562 0.052757 0.052757
0 0.522531 0.745956 0.104277 0.104277
0 0.000004 0.280620 0.104277 0.104277
0 0.346468 0.534245 0.104277 0.104277
0 0.305329 0.655856 0.104277 0.104277
0 0.191845 0.697830 0.071945 0.071945
0 0.349869 0.286987 0.062220 0.062220
0 0.312493 0.032922 0.071945 0.071945
0 0.062094 0.038448 0.104277 0.104277
0 0.779284 0.597165 0.104277 0.104277
0 0.375222 0.459245 0.057104 0.057104
0 0.869392 0.311945 0.104277 0.104277
0 0.918742 0.854286 0.061130 0.061130
0 0.890299 0.925266 0.104277 0.104277
0 0.824531 0.503064 0.071945 0.071945
0 0.747770 0.104583 0.104277 0.104277
0 0.385346 0.813855 0.062220 0.062220
0 0.443569 0.441681 0.104277 0.104277
0 0.860783 0.655823 0.052757 0.052757
0 0.601231 0.738873 0.062220 0.062220
0 0.328922 0.382743 0.061130 0.061130
0 0.208227 0.424617 0.057104 0.057104
0 0.113202 0.184503 0.104277 0.104277
0 0.808252 0.043081 0.057104 0.057104
0 0.851219 0.216756 0.062220 0.062220
0 0.603961 0.343943 0.052757 0.052757
0 0.145743 0.531375 0.057104 0.057104
0 0.261719 0.561466 0.104277 0.104277
0 0.055808 0.887521 0.071945 0.071945
0 0.722704 0.731693 0.062220 0.062220
0 0.571178 0.530811 0.071945 0.071945
0 0.201156 0.770795 0.071945 0.071945
0 0.781182 0.445820 0.102474 0.102474
0 0.008405 0.815531 0.057104 0.057104
0 0.822071 0.802940 0.071945 0.071945
0 0.390366 0.109211 0.052757 0.052757
0 0.675518 0.437995 0.104277 0.104277
0 0.029034 0.493218 0.057104 0.057104
0 0.200390 0.031966 0.104277 0.104277
0 0.723921 0.902734 0.104277 0.104277
0 0.684342 0.171787 0.062220 0.062220
0 0.528029 0.247337 0.061131 0.061131
0 0.050855 0.117598 0.061130 0.061130
0 0.486422 0.175788 0.071945 0.071945
0 0.274623 0.294337 0.062220 0.062220
0 0.808568 0.899621 0.104277 0.104277
0 0.489568 0.498648 0.057104 0.057104
0 0.227264 0.635187 0.057104 0.057104
0 0.302290 0.452175 0.104277 0.104277
0 0.095424 0.678851 0.062220 0.062220
0 0.170951 0.145958 0.071945 0.071945
0 0.216243 0.887917 0.057104 0.057104
0 0.970864 0.204732 0.045227 0.045227
0 0.630172 0.804626 0.062220 0.062220
0 0.605252 0.253059 0.052757 0.052757
0 0.314798 0.212597 0.061130 0.061130
0 0.584923 0.903197 0.052757 0.052757
0 0.588361 0.460169 0.062220 0.062220
0 0.121812 0.806788 0.061130 0.061130
0 0.532784 0.639928 0.104277 0.104277
0 0.125336 0.401906 0.062220 0.062220
0 0.102681 0.255762 0.071945 0.071945
0 0.260235 0.721940 0.062220 0.062220
0 0.444779 0.867658 0.052757 0.052757
0 0.716766 0.829594 0.052757 0.052757
0 0.131390 0.910138 0.062220 0.062220
0 0.360877 0.603581 0.062220 0.062220
0 0.682878 0.066820 0.052757 0.052757
0 0.235090 0.492928 0.071945 0.071945
0 0.594925 0.118684 0.052757 0.052757
0 0.536401 0.815488 0.061131 0.061131
0 0.414462 0.185071 0.057104 0.057104
0 0.884935 0.052224 0.061131 0.061131
0 0.511726 0.565650 0.104277 0.104277
0 0.983690 0.551394 0.061131 0.061131
0 0.949944 0.702479 0.062221 0.062221
0 0.785842 0.702761 0.052757 0.052757
0 0.681947 0.345120 0.055027 0.055027
0 0.814139 0.145942 0.061131 0.061131
0 0.472638 0.374033 0.062220 0.062220
0 0.355164 0.898568 0.061130 0.061130
0 0.891976 0.449298 0.104277 0.104277
0 0.500382 0.916703 0.062220 0.062220
0 0.328005 0.140061 0.050559 0.050559
0 0.622227 0.638196 0.052757 0.052757
0 0.457144 0.082840 0.061130 0.061130
0 0.142407 0.614408 0.052757 0.052757
0 0.428628 0.530996 0.071945 0.071945
0 0.297157 0.802053 0.061131 0.061131
0 0.544677 0.386843 0.104277 0.104277
0 0.708687 0.531100 0.061130 0.061130
0 0.387178 0.731106 0.104277 0.104277
0 0.069182 0.609686 0.052757 0.052757
0 0.972058 0.065718 0.052757 0.052757
0 0.102854 0.475072 0.061130 0.061130
0 0.187060 0.269743 0.052757 0.052757
0 0.946715 0.397972 0.057104 0.057104
0 0.960665 0.321889 0.088662 0.088662