0 0.368967 0.908852 0.104277 0.104277
0 0.325419 0.696861 0.061130 0.061130
0 0.728364 0.658570 0.052757 0.052757
0 0.258512 0.557190 0.104277 0.104277
0 0.320338 0.466142 0.071945 0.071945
0 0.519257 0.906528 0.062220 0.062220
0 0.472151 0.451752 0.071945 0.071945
0 0.550904 0.658610 0.104277 0.104277
0 0.226190 0.658759 0.052757 0.052757
0 0.628768 0.705135 0.071945 0.071945
0 0.523057 0.000786 0.104277 0.104277
0 0.555537 0.342055 0.061131 0.061131
0 0.264221 0.329243 0.104277 0.104277
0 0.757348 0.161562 0.057104 0.057104
0 0.883801 0.366522 0.062221 0.062221
0 0.772707 0.329527 0.104277 0.104277
0 0.849733 0.123441 0.104277 0.104277
0 0.882515 0.897003 0.047276 0.047276
0 0.586652 0.078450 0.104277 0.104277
0 0.363091 0.823667 0.057104 0.057104
0 0.134284 0.501699 0.062220 0.062220
0 0.392293 0.265214 0.052757 0.052757
0 0.045119 0.686858 0.104277 0.104277
0 0.873754 0.638636 0.071945 0.071945
0 0.303097 0.623398 0.061131 0.061131
0 0.579101 0.954016 0.052757 0.052757
0 0.336231 0.375739 0.057104 0.057104
0 0.640377 0.902531 0.057103 0.057103
0 0.387313 0.583893 0.052757 0.052757
0 0.655370 0.319695 0.104277 0.104277
0 0.061355 0.413247 0.052757 0.052757
0 0.525647 0.136105 0.062220 0.062220
0 0.443520 0.519853 0.057104 0.057104
0 0.363473 0.202653 0.057104 0.057104
0 0.360320 0.041828 0.052757 0.052757
0 0.834069 0.472610 0.052757 0.052757
0 0.555993 0.741864 0.036679 0.036679
0 0.471474 0.180091 0.061130 0.061130
0 0.186343 0.029131 0.061131 0.061131
0 0.773982 0.433421 0.062221 0.062221
0 0.389755 0.672475 0.057104 0.057104
0 0.128555 0.349156 0.052757 0.052757
0 0.775612 0.238909 0.071945 0.071945
0 0.712527 0.469050 0.052757 0.052757
0 0.681337 0.052900 0.061130 0.061130
0 0.699633 0.536912 0.104277 0.104277
0 0.124523 0.625108 0.071945 0.071945
0 0.414403 0.137114 0.061131 0.061131
0 0.605271 0.560544 0.104277 0.104277
0 0.233618 0.431439 0.071945 0.071945
0 0.463630 0.070567 0.057104 0.057104
0 0.888401 0.786001 0.057104 0.057104
0 0.696176 0.728019 0.062220 0.062220
0 0.142475 0.940694 0.071945 0.071945
0 0.195742 0.591557 0.057104 0.057104
0 0.552198 0.502252 0.061130 0.061130
0 0.026509 0.809947 0.061130 0.061130
0 0.687124 0.127775 0.061130 0.061130
0 0.804839 0.888870 0.062220 0.062220
0 0.630958 0.632867 0.061130 0.061130
0 0.200216 0.231275 0.104277 0.104277
0 0.502294 0.596735 0.062220 0.062220
0 0.111575 0.766743 0.104277 0.104277
0 0.274980 0.864616 0.071945 0.071945
0 0.415726 0.367765 0.062220 0.062220
0 0.779423 0.743943 0.104277 0.104277
0 0.162136 0.815280 0.104277 0.104277
0 0.141041 0.702590 0.052757 0.052757
0 0.447957 0.742278 0.062220 0.062220
0 0.826367 0.046479 0.052757 0.052757
0 0.482798 0.285616 0.071945 0.071945
0 0.092677 0.268744 0.052757 0.052757
0 0.085444 0.039081 0.062220 0.062220
0 0.590168 0.824974 0.104277 0.104277
0 0.266105 0.948532 0.057104 0.057104
0 0.050209 0.102699 0.104278 0.104278
0 0.503620 0.790196 0.071945 0.071945
0 0.221974 0.771340 0.052757 0.052757
0 0.076280 0.922787 0.057104 0.057104
0 0.300352 0.166870 0.062220 0.062220
0 0.893624 0.517851 0.071945 0.071945
0 0.107227 0.168610 0.062220 0.062220
0 0.644515 0.780343 0.061131 0.061131
0 0.776790 0.568073 0.071945 0.071945
0 0.139147 0.100981 0.071945 0.071945
0 0.052727 0.337542 0.062220 0.062220
0 0.871171 0.217048 0.104277 0.104277
0 0.625758 0.249277 0.057104 0.057104
0 0.048709 0.578903 0.062220 0.062220
0 0.179348 0.157907 0.052757 0.052757
0 0.608501 0.389215 0.057104 0.057104
0 0.052286 0.489092 0.061131 0.061131
0 0.617163 0.175578 0.104277 0.104277
0 0.737183 0.817340 0.071945 0.071945
0 0.686496 0.203173 0.104277 0.104277
0 0.700676 0.399431 0.052757 0.052757
0 0.440576 0.870095 0.057104 0.057104
0 0.268157 0.044290 0.061131 0.061131
0 0.710327 0.952826 0.061131 0.061131