0 0.778927 0.694505 0.104278 0.104278
0 0.996012 0.135315 0.104277 0.104277
0 0.963690 0.236884 0.052757 0.052757
0 0.897071 0.855853 0.052757 0.052757
0 0.507886 0.189981 0.052757 0.052757
0 0.421604 0.846828 0.061130 0.061130
0 0.796365 0.805310 0.052757 0.052757
0 0.817436 0.976537 0.052757 0.052757
0 0.871784 0.079824 0.062220 0.062220
0 0.431572 0.611162 0.057104 0.057104
0 0.782619 0.264983 0.104277 0.104277
0 0.474582 0.924215 0.104277 0.104277
0 0.507431 0.397811 0.057104 0.057104
0 0.728773 0.605943 0.052757 0.052757
0 0.134463 0.592015 0.071945 0.071945
0 0.273068 0.696537 0.104277 0.104277
0 0.193499 0.765461 0.052757 0.052757
0 0.552240 0.080457 0.057104 0.057104
0 0.416454 0.765698 0.104277 0.104277
0 0.639171 0.076714 0.057104 0.057104
0 0.862023 0.203233 0.071945 0.071945
0 0.913902 0.598188 0.052757 0.052757
0 0.971118 0.009564 0.071945 0.071945
0 0.106067 0.759659 0.052757 0.052757
0 0.352409 0.847755 0.052757 0.052757
0 0.728937 0.912362 0.057104 0.057104
0 0.934274 0.993966 0.052757 0.052757
0 0.879975 0.518819 0.071945 0.071945
0 0.653652 0.724416 0.061130 0.061130
0 0.545005 0.623258 0.071945 0.071945
0 0.711654 0.838954 0.052757 0.052757
0 0.977131 0.754069 0.057104 0.057104
0 0.933242 0.169682 0.057104 0.057104
0 0.065014 0.322133 0.071945 0.071945
0 0.254838 0.504762 0.061130 0.061130
0 0.058080 0.251677 0.071945 0.071945
0 0.553753 0.346444 0.071945 0.071945
0 0.533909 0.791551 0.061130 0.061130
0 0.504578 0.707886 0.062220 0.062220
0 0.648348 0.559072 0.062220 0.062220
0 0.764009 0.388072 0.061130 0.061130
0 0.991326 0.632195 0.052757 0.052757
0 0.553947 0.953852 0.052757 0.052757
0 0.704121 0.990137 0.057104 0.057104
0 0.253869 0.148687 0.071945 0.071945
0 0.207706 0.654540 0.104277 0.104277
0 0.699321 0.290333 0.061130 0.061130
0 0.670395 0.218598 0.061130 0.061130
0 0.849075 0.344868 0.104277 0.104277
0 0.702775 0.496459 0.061130 0.061130
0 0.440928 0.031433 0.104277 0.104277
0 0.265038 0.230385 0.071945 0.071945
0 0.802868 0.588995 0.057104 0.057104
0 0.695017 0.412777 0.104277 0.104277
0 0.902469 0.666611 0.062220 0.062220
0 0.899636 0.393405 0.104277 0.104277
0 0.384325 0.181516 0.052757 0.052757
0 0.878541 0.280715 0.052757 0.052757
0 0.216289 0.312610 0.052757 0.052757
0 0.908941 0.925276 0.104277 0.104277
0 0.059925 0.652241 0.052757 0.052757
0 0.590900 0.154202 0.071945 0.071945
0 0.645228 0.801051 0.104277 0.104277
0 0.140066 0.185043 0.061130 0.061130
0 0.605874 0.655072 0.071945 0.071945
0 0.148016 0.506198 0.104277 0.104277
0 0.848772 0.722700 0.104277 0.104277
0 0.476777 0.112869 0.104277 0.104277
0 0.346940 0.719139 0.071945 0.071945
0 0.486812 0.563236 0.050932 0.050932
0 0.026598 0.055315 0.061130 0.061130
0 0.623548 0.384350 0.052757 0.052757
0 0.098923 0.417068 0.057104 0.057104
0 0.389685 0.331241 0.071945 0.071945
0 0.600445 0.291410 0.061130 0.061130
0 0.176047 0.255869 0.062220 0.062220
0 0.959474 0.349465 0.052757 0.052757
0 0.813780 0.500912 0.057104 0.057104
0 0.347269 0.617872 0.071945 0.071945
0 0.254906 0.381043 0.104277 0.104277
0 0.026129 0.739451 0.104277 0.104277
0 0.037235 0.993518 0.057104 0.057104
0 0.597349 0.451376 0.061130 0.061130
0 0.459714 0.294535 0.071945 0.071945
0 0.220237 0.982154 0.104277 0.104277
0 0.312349 0.005773 0.061130 0.061130
0 0.270380 0.826389 0.104277 0.104277
0 0.587201 0.011036 0.048997 0.048997
0 0.810897 0.894367 0.061131 0.061131
0 0.054003 0.481785 0.062220 0.062220
0 0.658004 0.935692 0.104277 0.104277
0 0.260886 0.602691 0.052757 0.052757
0 0.786209 0.157028 0.062220 0.062220
0 0.558141 0.548061 0.062220 0.062220
0 0.353896 0.525965 0.062220 0.062220
0 0.176053 0.901166 0.052757 0.052757
0 0.019693 0.132549 0.057104 0.057104
0 0.789786 0.067217 0.061131 0.061131
0 0.055282 0.815955 0.104277 0.104277
0 0.144942 0.973802 0.061130 0.061130
0 0.210747 0.077592 0.071945 0.071945
0 0.364560 0.105413 0.104277 0.104277
0 0.268285 0.916752 0.062220 0.062220
0 0.130686 0.070516 0.071945 0.071945
0 0.334795 0.951794 0.071945 0.071945
0 0.732909 0.764419 0.071945 0.071945
0 0.563902 0.875448 0.061130 0.061130
0 0.203664 0.435970 0.071945 0.071945
0 0.973110 0.830639 0.071945 0.071945
0 0.298749 0.440939 0.047555 0.047555
0 0.432849 0.465735 0.052757 0.052757
0 0.063266 0.564740 0.057103 0.057103
0 0.717294 0.164022 0.071945 0.071945
0 0.428569 0.683840 0.071945 0.071945
0 0.046977 0.887297 0.104277 0.104277
0 0.512799 0.473616 0.071945 0.071945