0 0.226588 0.966142 0.071945 0.071945
0 0.378401 0.951752 0.071945 0.071945
0 0.429307 0.500786 0.104277 0.104277
0 0.461787 0.842055 0.061131 0.061131
0 0.619409 0.465314 0.104277 0.104277
0 0.170471 0.829243 0.104277 0.104277
0 0.663598 0.661562 0.057104 0.057104
0 0.532864 0.111644 0.062220 0.062220
0 0.790051 0.866522 0.062221 0.062221
0 0.665842 0.109591 0.057104 0.057104
0 0.678957 0.829527 0.104277 0.104277
0 0.755983 0.623441 0.104277 0.104277
0 0.698653 0.034899 0.052757 0.052757
0 0.582439 0.375071 0.057104 0.057104
0 0.510599 0.226554 0.104277 0.104277
0 0.492902 0.578450 0.104277 0.104277
0 0.298543 0.765214 0.052757 0.052757
0 0.495793 0.417030 0.061131 0.061131
0 0.505601 0.040937 0.052757 0.052757
0 0.242481 0.875739 0.057104 0.057104
0 0.379009 0.340563 0.071945 0.071945
0 0.561620 0.819695 0.104277 0.104277
0 0.596018 0.240842 0.062220 0.062220
0 0.431897 0.636105 0.062220 0.062220
0 0.269723 0.702653 0.057104 0.057104
0 0.266570 0.541828 0.052757 0.052757
0 0.740319 0.972610 0.052757 0.052757
0 0.377724 0.680091 0.061130 0.061130
0 0.654175 0.362093 0.071945 0.071945
0 0.735972 0.132634 0.071945 0.071945
0 0.092593 0.529131 0.061131 0.061131
0 0.680232 0.933421 0.062221 0.062221
0 0.597760 0.061247 0.071945 0.071945
0 0.034805 0.849156 0.052757 0.052757
0 0.681862 0.738909 0.071945 0.071945
0 0.618777 0.969050 0.052757 0.052757
0 0.587587 0.552900 0.061130 0.061130
0 0.027719 0.450438 0.062220 0.062220
0 0.320653 0.637114 0.061131 0.061131
0 0.139868 0.931439 0.071945 0.071945
0 0.369880 0.570567 0.057104 0.057104
0 0.784907 0.070847 0.071945 0.071945
0 0.436794 0.164372 0.071945 0.071945
0 0.287243 0.045523 0.061130 0.061130
0 0.312256 0.164398 0.104277 0.104277
0 0.780285 0.492477 0.057104 0.057104
0 0.063015 0.030942 0.071945 0.071945
0 0.436172 0.296075 0.104277 0.104277
0 0.728260 0.239775 0.104278 0.104278
0 0.593374 0.627775 0.061130 0.061130
0 0.125098 0.279856 0.071945 0.071945
0 0.106466 0.731275 0.104277 0.104277
0 0.321976 0.867765 0.062220 0.062220
0 0.138906 0.414270 0.061131 0.061131
0 0.209883 0.245215 0.062220 0.062220
0 0.732617 0.546479 0.052757 0.052757
0 0.228445 0.484649 0.057104 0.057104
0 0.389048 0.785616 0.071945 0.071945
0 0.351931 0.443273 0.071945 0.071945
0 0.039376 0.269719 0.061131 0.061131
0 0.206602 0.666870 0.062220 0.062220
0 0.769703 0.321817 0.057104 0.057104
0 0.650643 0.291937 0.057104 0.057104
0 0.508013 0.315823 0.052757 0.052757
0 0.013477 0.668610 0.062220 0.062220
0 0.258063 0.417697 0.052757 0.052757
0 0.045397 0.600981 0.071945 0.071945
0 0.777421 0.717048 0.104277 0.104277
0 0.289028 0.260854 0.057104 0.057104
0 0.532008 0.749277 0.057104 0.057104
0 0.222831 0.334540 0.057104 0.057104
0 0.128680 0.082561 0.104277 0.104277
0 0.085598 0.657907 0.052757 0.052757
0 0.514751 0.889215 0.057104 0.057104
0 0.195022 0.151998 0.052757 0.052757
0 0.074050 0.370681 0.071945 0.071945
0 0.202177 0.017542 0.071945 0.071945
0 0.523413 0.675578 0.104277 0.104277
0 0.750405 0.425282 0.061130 0.061130
0 0.418933 0.080742 0.104277 0.104277
0 0.592746 0.703173 0.104277 0.104277
0 0.606926 0.899431 0.052757 0.052757
0 0.082579 0.141698 0.052757 0.052757
0 0.377014 0.258852 0.062220 0.062220
0 0.174407 0.544290 0.061131 0.061131