0 0.876182 0.978911 0.104277 0.104277
0 0.979739 0.589769 0.062220 0.062220
0 0.957474 0.704679 0.104277 0.104277
0 0.942668 0.895155 0.061131 0.061131
0 0.242995 0.244698 0.062220 0.062220
0 0.020045 0.957687 0.057103 0.057103
0 0.791993 0.022837 0.052757 0.052757
0 0.952476 0.519062 0.052757 0.052757
0 0.825884 0.818688 0.071945 0.071945
0 0.197069 0.303540 0.062220 0.062220
0 0.343643 0.280552 0.070161 0.070161
0 0.224850 0.707877 0.057104 0.057104
0 0.474594 0.928563 0.062220 0.062220
0 0.613557 0.371749 0.071945 0.071945
0 0.894956 0.279125 0.061130 0.061130
0 0.711216 0.059127 0.062220 0.062220
0 0.133044 0.251676 0.071945 0.071945
0 0.429350 0.310305 0.062220 0.062220
0 0.883669 0.642497 0.071945 0.071945
0 0.446478 0.612597 0.061131 0.061131
0 0.734118 0.523648 0.061130 0.061130
0 0.107464 0.020256 0.062220 0.062220
0 0.759131 0.642523 0.104277 0.104277
0 0.465921 0.374141 0.104277 0.104277
0 0.641116 0.026532 0.052757 0.052757
0 0.380380 0.219776 0.061130 0.061130
0 0.093265 0.103017 0.071945 0.071945
0 0.162615 0.863008 0.057104 0.057104
0 0.509890 0.509067 0.071945 0.071945
0 0.883047 0.774200 0.104277 0.104277
0 0.027569 0.042018 0.104277 0.104277
0 0.767501 0.195969 0.061130 0.061130
0 0.195779 0.624304 0.104277 0.104277
0 0.864055 0.175070 0.057104 0.057104
0 0.574106 0.105581 0.071945 0.071945
0 0.082638 0.905443 0.052757 0.052757
0 0.360941 0.443368 0.104277 0.104277
0 0.461805 0.187965 0.057104 0.057104
0 0.153554 0.445152 0.062220 0.062220
0 0.571973 0.757981 0.071945 0.071945
0 0.007879 0.708473 0.057104 0.057104
0 0.165033 0.957508 0.057104 0.057104
0 0.927167 0.123022 0.062220 0.062220
0 0.432277 0.090096 0.071945 0.071945
0 0.321732 0.150278 0.071945 0.071945
0 0.213423 0.786837 0.052757 0.052757
0 0.284614 0.855918 0.104277 0.104277
0 0.253171 0.425029 0.062220 0.062220
0 0.183374 0.085332 0.052757 0.052757
0 0.585781 0.892395 0.061131 0.061131
0 0.060696 0.348156 0.071945 0.071945
0 0.361391 0.941092 0.061130 0.061130
0 0.051362 0.583940 0.052757 0.052757
0 0.097304 0.795523 0.057104 0.057104
0 0.443877 0.838880 0.104277 0.104277
0 0.979640 0.380342 0.062220 0.062220
0 0.559396 0.008110 0.052757 0.052757
0 0.943215 0.441909 0.062220 0.062220
0 0.495225 0.253604 0.062220 0.062220
0 0.656758 0.723340 0.062220 0.062220
0 0.348802 0.676243 0.062220 0.062220
0 0.675320 0.962774 0.057104 0.057104
0 0.764910 0.113257 0.061131 0.061131
0 0.238971 0.140443 0.052757 0.052757
0 0.539789 0.437542 0.061131 0.061131
0 0.443633 0.474860 0.061131 0.061131
0 0.712174 0.249064 0.071945 0.071945
0 0.316588 0.050660 0.057104 0.057104
0 0.798806 0.921398 0.071945 0.071945
0 0.241746 0.931616 0.061130 0.061130
0 0.406617 0.553023 0.052757 0.052757
0 0.486251 0.747844 0.061131 0.061131
0 0.905367 0.369056 0.052757 0.052757
0 0.703805 0.445386 0.057104 0.057104
0 0.311584 0.353056 0.052757 0.052757
0 0.558730 0.286719 0.071945 0.071945
0 0.821716 0.262594 0.052757 0.052757
0 0.954888 0.793948 0.052757 0.052757
0 0.639904 0.148722 0.071945 0.071945
0 0.284668 0.578438 0.104277 0.104277
0 0.063186 0.658425 0.061130 0.061130
0 0.007037 0.478341 0.104277 0.104277
0 0.704938 0.895822 0.052757 0.052757
0 0.841649 0.459962 0.071945 0.071945
0 0.190237 0.383004 0.057104 0.057104
0 0.743611 0.374533 0.062220 0.062220
0 0.072622 0.507430 0.071945 0.071945
0 0.148766 0.147867 0.104277 0.104277
0 0.942327 0.014708 0.071945 0.071945
0 0.735903 0.738979 0.057104 0.057104
0 0.303185 0.733872 0.061130 0.061130
0 0.570310 0.209769 0.071945 0.071945
0 0.066759 0.269934 0.056505 0.056505
0 0.669706 0.812665 0.057104 0.057104
0 0.575555 0.560686 0.104277 0.104277
0 0.343944 0.806785 0.061130 0.061130
0 0.641897 0.630123 0.052757 0.052757
0 0.520925 0.848806 0.071945 0.071945
0 0.810567 0.398125 0.104277 0.104277
0 0.649052 0.495667 0.071945 0.071945
0 0.663025 0.305681 0.104277 0.104277
0 0.286851 0.491287 0.057104 0.057104
0 0.061056 0.201245 0.061130 0.061130
0 0.038380 0.837644 0.062220 0.062220
0 0.389390 0.745595 0.071945 0.071945
0 0.393957 0.151330 0.057103 0.057103
0 0.137573 0.532586 0.057104 0.057104
0 0.865808 0.558867 0.104277 0.104277
0 0.922585 0.213560 0.052757 0.052757
0 0.529454 0.619823 0.052757 0.052757
0 0.823889 0.736977 0.062220 0.062220
0 0.875281 0.062902 0.061131 0.061131