0 0.625217 0.096352 0.104277 0.104277
0 0.297677 0.303880 0.104278 0.104278
0 0.551720 0.895657 0.071945 0.071945
0 0.775507 0.094028 0.062220 0.062220
0 0.826841 0.863636 0.071945 0.071945
0 0.353333 0.741002 0.104277 0.104277
0 0.858969 0.979006 0.052757 0.052757
0 0.415821 0.465228 0.052757 0.052757
0 0.596118 0.651974 0.061130 0.061130
0 0.088312 0.822196 0.052757 0.052757
0 0.100004 0.908745 0.104277 0.104277
0 0.315115 0.414685 0.052757 0.052757
0 0.769062 0.613850 0.071945 0.071945
0 0.336186 0.585912 0.052757 0.052757
0 0.449869 0.915112 0.062220 0.062220
0 0.079737 0.734775 0.104277 0.104277
0 0.619341 0.011167 0.057104 0.057104
0 0.412493 0.661047 0.071945 0.071945
0 0.162094 0.666573 0.104277 0.104277
0 0.655203 0.197803 0.051819 0.051819
0 0.086261 0.635633 0.061130 0.061130
0 0.969392 0.940070 0.104277 0.104277
0 0.835351 0.141516 0.052757 0.052757
0 0.026181 0.007186 0.057104 0.057104
0 0.547909 0.486604 0.104277 0.104277
0 0.847770 0.732708 0.104277 0.104277
0 0.965549 0.543901 0.071945 0.071945
0 0.896627 0.090031 0.057103 0.057103
0 0.970296 0.475455 0.062220 0.062220
0 0.213202 0.812628 0.104277 0.104277
0 0.908252 0.671206 0.057104 0.057104
0 0.951219 0.844881 0.062220 0.062220
0 0.703961 0.972068 0.052757 0.052757
0 0.850969 0.602990 0.062220 0.062220
0 0.247523 0.215318 0.052757 0.052757
0 0.931281 0.207371 0.104277 0.104277
0 0.092488 0.985900 0.057104 0.057104
0 0.731044 0.268147 0.104277 0.104277
0 0.726181 0.194854 0.071945 0.071945
0 0.008684 0.773555 0.052757 0.052757
0 0.490366 0.737336 0.052757 0.052757
0 0.432652 0.207563 0.052757 0.052757
0 0.300390 0.660091 0.104277 0.104277
0 0.247687 0.521737 0.057104 0.057104
0 0.453024 0.603341 0.052757 0.052757
0 0.647499 0.354776 0.054783 0.054783
0 0.784342 0.799912 0.062220 0.062220
0 0.628029 0.875462 0.061131 0.061131
0 0.815051 0.288688 0.057103 0.057103
0 0.150855 0.745723 0.061130 0.061130
0 0.586422 0.803913 0.071945 0.071945
0 0.615601 0.466942 0.071945 0.071945
0 0.374623 0.922462 0.062220 0.062220
0 0.615861 0.537766 0.061130 0.061130
0 0.398725 0.128194 0.071945 0.071945
0 0.172402 0.333791 0.061130 0.061130
0 0.063755 0.232633 0.071945 0.071945
0 0.230404 0.448329 0.052757 0.052757
0 0.909357 0.355509 0.061131 0.061131
0 0.495881 0.363444 0.057104 0.057104
0 0.860535 0.223390 0.061131 0.061131
0 0.270951 0.774083 0.071945 0.071945
0 0.052659 0.400926 0.061130 0.061130
0 0.023328 0.317261 0.062220 0.062220
0 0.705252 0.881184 0.052757 0.052757
0 0.167098 0.168447 0.062220 0.062220
0 0.414798 0.840722 0.061130 0.061130
0 0.510076 0.241570 0.052757 0.052757
0 0.072697 0.563227 0.052757 0.052757
0 0.222871 0.599512 0.057104 0.057104
0 0.202681 0.883887 0.071945 0.071945
0 0.531230 0.052116 0.071945 0.071945
0 0.740014 0.455434 0.052757 0.052757
0 0.221525 0.105834 0.061130 0.061130
0 0.321618 0.198370 0.057104 0.057104
0 0.213767 0.022152 0.104277 0.104277
0 0.421219 0.275986 0.062220 0.062220
0 0.986046 0.328614 0.062220 0.062220
0 0.418386 0.002780 0.104277 0.104277
0 0.427691 0.534651 0.104277 0.104277
0 0.782878 0.694945 0.052757 0.052757
0 0.163978 0.410426 0.104277 0.104277
0 0.694925 0.746809 0.052757 0.052757
0 0.124624 0.264447 0.071945 0.071945
0 0.514462 0.813196 0.057104 0.057104
0 0.367522 0.332075 0.104277 0.104277
0 0.846418 0.012474 0.104277 0.104277
0 0.522355 0.136032 0.057104 0.057104
0 0.005562 0.172611 0.050932 0.050932
0 0.984935 0.680349 0.061131 0.061131
0 0.890572 0.544612 0.057104 0.057104
0 0.909607 0.279113 0.071945 0.071945
0 0.332530 0.110287 0.057104 0.057104
0 0.723859 0.341525 0.104277 0.104277
0 0.781947 0.973245 0.055027 0.055027
0 0.914139 0.774067 0.061131 0.061131
0 0.116099 0.060751 0.061130 0.061130
0 0.428005 0.768186 0.050559 0.050559
0 0.557144 0.710965 0.061130 0.061130
0 0.686415 0.531337 0.071945 0.071945
0 0.788402 0.385723 0.057104 0.057104
0 0.828448 0.442861 0.104277 0.104277
0 0.329647 0.503742 0.061131 0.061131
0 0.176754 0.545067 0.104277 0.104277
0 0.685215 0.625890 0.071945 0.071945
0 0.633940 0.286822 0.052757 0.052757
0 0.561377 0.321049 0.104277 0.104277
0 0.076891 0.157436 0.062220 0.062220
0 0.251659 0.373794 0.071945 0.071945
0 0.082652 0.484823 0.061130 0.061130
0 0.993433 0.004840 0.071945 0.071945
0 0.491860 0.440014 0.071945 0.071945
0 0.798124 0.534465 0.104277 0.104277
0 0.522567 0.577954 0.104277 0.104277
0 0.287060 0.897868 0.052757 0.052757
0 0.696826 0.057595 0.057104 0.057104
0 0.031549 0.082991 0.071945 0.071945
0 0.022451 0.842533 0.104277 0.104277
0 0.966577 0.140326 0.061131 0.061131