0 0.847677 0.547630 0.104278 0.104278
0 0.903333 0.984752 0.104277 0.104277
0 0.965821 0.708978 0.052757 0.052757
0 0.024708 0.303738 0.052757 0.052757
0 0.576636 0.043106 0.052757 0.052757
0 0.490354 0.699953 0.061130 0.061130
0 0.865115 0.658435 0.052757 0.052757
0 0.886186 0.829662 0.052757 0.052757
0 0.629737 0.978525 0.104277 0.104277
0 0.962493 0.904797 0.071945 0.071945
0 0.712094 0.910323 0.104277 0.104277
0 0.636261 0.879383 0.061130 0.061130
0 0.500322 0.464287 0.057104 0.057104
0 0.851369 0.118108 0.104277 0.104277
0 0.543332 0.777340 0.104277 0.104277
0 0.576181 0.250936 0.057104 0.057104
0 0.215789 0.906674 0.061130 0.061130
0 0.797523 0.459068 0.052757 0.052757
0 0.203213 0.445140 0.071945 0.071945
0 0.341818 0.549662 0.104277 0.104277
0 0.262249 0.618586 0.052757 0.052757
0 0.485204 0.618823 0.104277 0.104277
0 0.930773 0.056358 0.071945 0.071945
0 0.982652 0.451313 0.052757 0.052757
0 0.174817 0.612784 0.052757 0.052757
0 0.421159 0.700880 0.052757 0.052757
0 0.850390 0.903841 0.104277 0.104277
0 0.797687 0.765487 0.057104 0.057104
0 0.700855 0.989473 0.061130 0.061130
0 0.375686 0.920024 0.104278 0.104278
0 0.948725 0.371944 0.071945 0.071945
0 0.442535 0.898415 0.052757 0.052757
0 0.722402 0.577541 0.061130 0.061130
0 0.613755 0.476383 0.071945 0.071945
0 0.780404 0.692079 0.052757 0.052757
0 0.133764 0.175258 0.071945 0.071945
0 0.323588 0.357887 0.061130 0.061130
0 0.126830 0.104802 0.071945 0.071945
0 0.622503 0.199569 0.071945 0.071945
0 0.602659 0.644676 0.061130 0.061130
0 0.573328 0.561011 0.062220 0.062220
0 0.717098 0.412197 0.062220 0.062220
0 0.832759 0.241197 0.061130 0.061130
0 0.041630 0.709188 0.061130 0.061130
0 0.622697 0.806977 0.052757 0.052757
0 0.772871 0.843262 0.057104 0.057104
0 0.322619 0.001812 0.071945 0.071945
0 0.276456 0.507665 0.104277 0.104277
0 0.768071 0.143458 0.061130 0.061130
0 0.335689 0.987288 0.071945 0.071945
0 0.739145 0.071723 0.061130 0.061130
0 0.917825 0.197993 0.104277 0.104277
0 0.771525 0.349584 0.061130 0.061130
0 0.333788 0.083510 0.071945 0.071945
0 0.871618 0.442120 0.057104 0.057104
0 0.763767 0.265902 0.104277 0.104277
0 0.971219 0.519736 0.062220 0.062220
0 0.202531 0.975258 0.057104 0.057104
0 0.968386 0.246530 0.104277 0.104277
0 0.453075 0.034641 0.052757 0.052757
0 0.947291 0.133840 0.052757 0.052757
0 0.285039 0.165735 0.052757 0.052757
0 0.977691 0.778401 0.104277 0.104277
0 0.128675 0.505366 0.052757 0.052757
0 0.026044 0.226074 0.104278 0.104278
0 0.659650 0.007327 0.071945 0.071945
0 0.713978 0.654176 0.104277 0.104277
0 0.208816 0.038168 0.061130 0.061130
0 0.674624 0.508197 0.071945 0.071945
0 0.216766 0.359323 0.104277 0.104277
0 0.917522 0.575825 0.104277 0.104277
0 0.124609 0.953640 0.071945 0.071945
0 0.415690 0.572264 0.071945 0.071945
0 0.555562 0.416361 0.050932 0.050932
0 0.692298 0.237475 0.052757 0.052757
0 0.167673 0.270193 0.057104 0.057104
0 0.458435 0.184366 0.071945 0.071945
0 0.669195 0.144535 0.061130 0.061130
0 0.244797 0.108994 0.062220 0.062220
0 0.882530 0.354037 0.057104 0.057104
0 0.416019 0.470997 0.071945 0.071945
0 0.323656 0.234168 0.104277 0.104277
0 0.030411 0.034112 0.061130 0.061130
0 0.094879 0.592576 0.104277 0.104277
0 0.105985 0.846643 0.057104 0.057104
0 0.666099 0.304501 0.061130 0.061130
0 0.528464 0.147660 0.071945 0.071945
0 0.288987 0.835279 0.104277 0.104277
0 0.339130 0.679514 0.104277 0.104277
0 0.879647 0.747492 0.061131 0.061131
0 0.122753 0.334910 0.062220 0.062220
0 0.726754 0.788817 0.104277 0.104277
0 0.329636 0.455816 0.052757 0.052757
0 0.854959 0.010153 0.062220 0.062220
0 0.626891 0.401186 0.062220 0.062220
0 0.422646 0.379090 0.062220 0.062220
0 0.244803 0.754291 0.052757 0.052757
0 0.124032 0.669080 0.104277 0.104277
0 0.213692 0.826927 0.061130 0.061130
0 0.062537 0.430979 0.057104 0.057104
0 0.337035 0.769877 0.062220 0.062220
0 0.403545 0.804919 0.071945 0.071945
0 0.801659 0.617544 0.071945 0.071945
0 0.632652 0.728573 0.061130 0.061130
0 0.272414 0.289095 0.071945 0.071945
0 0.041538 0.951359 0.052757 0.052757
0 0.367499 0.294064 0.047555 0.047555
0 0.501599 0.318860 0.052757 0.052757
0 0.533167 0.916023 0.104277 0.104277
0 0.014139 0.611811 0.071945 0.071945
0 0.306718 0.911295 0.052757 0.052757
0 0.132016 0.417865 0.057103 0.057103
0 0.786044 0.017147 0.071945 0.071945
0 0.497319 0.536965 0.071945 0.071945
0 0.115727 0.740422 0.104277 0.104277
0 0.581549 0.326741 0.071945 0.071945
0 0.028681 0.122328 0.062220 0.062220