0 0.245545 0.376976 0.062220 0.062220
0 0.591183 0.716604 0.062220 0.062220
0 0.552957 0.522580 0.062220 0.062220
0 0.328859 0.830218 0.057103 0.057103
0 0.843958 0.084752 0.104277 0.104277
0 0.578937 0.165946 0.052757 0.052757
0 0.590629 0.252495 0.104277 0.104277
0 0.937093 0.506120 0.104277 0.104277
0 0.349531 0.576867 0.052757 0.052757
0 0.895954 0.627731 0.104277 0.104277
0 0.782470 0.669705 0.071945 0.071945
0 0.187874 0.431858 0.071945 0.071945
0 0.940494 0.258862 0.062220 0.062220
0 0.308722 0.661537 0.062220 0.062220
0 0.213755 0.854519 0.071945 0.071945
0 0.570362 0.078525 0.104277 0.104277
0 0.903118 0.004797 0.071945 0.071945
0 0.652719 0.010323 0.104277 0.104277
0 0.238674 0.692173 0.104277 0.104277
0 0.965847 0.431120 0.057104 0.057104
0 0.042296 0.464984 0.061130 0.061130
0 0.319162 0.383038 0.061130 0.061130
0 0.299578 0.295155 0.052757 0.052757
0 0.090724 0.761336 0.104278 0.104278
0 0.975971 0.785730 0.062220 0.062220
0 0.919547 0.354618 0.061130 0.061130
0 0.798852 0.396492 0.057104 0.057104
0 0.703827 0.156378 0.104277 0.104277
0 0.488603 0.876101 0.062220 0.062220
0 0.460380 0.295982 0.061130 0.061130
0 0.541224 0.421440 0.062220 0.062220
0 0.156414 0.006674 0.061130 0.061130
0 0.736368 0.503250 0.057104 0.057104
0 0.852344 0.533341 0.104277 0.104277
0 0.646433 0.859396 0.071945 0.071945
0 0.583113 0.329650 0.057104 0.057104
0 0.348449 0.758781 0.061130 0.061130
0 0.791781 0.742670 0.071945 0.071945
0 0.400911 0.531093 0.062220 0.062220
0 0.499309 0.117305 0.052757 0.052757
0 0.599030 0.787406 0.057104 0.057104
0 0.980991 0.081086 0.052757 0.052757
0 0.107898 0.564571 0.062220 0.062220
0 0.619659 0.465093 0.057104 0.057104
0 0.791015 0.003841 0.104277 0.104277
0 0.431734 0.377194 0.061130 0.061130
0 0.562874 0.867059 0.052757 0.052757
0 0.641480 0.089473 0.061130 0.061130
0 0.316311 0.020024 0.104278 0.104278
0 0.865248 0.266212 0.062220 0.062220
0 0.396964 0.638225 0.062220 0.062220
0 0.817889 0.607062 0.057104 0.057104
0 0.024269 0.177492 0.062220 0.062220
0 0.892915 0.424050 0.104277 0.104277
0 0.522179 0.758420 0.050891 0.050891
0 0.175601 0.264716 0.062220 0.062220
0 0.248005 0.773855 0.104277 0.104277
0 0.392621 0.253439 0.057104 0.057104
0 0.686049 0.650726 0.062220 0.062220
0 0.761576 0.117833 0.071945 0.071945
0 0.806868 0.859792 0.057104 0.057104
0 0.182775 0.596722 0.062220 0.062220
0 0.407199 0.837442 0.052757 0.052757
0 0.454830 0.683566 0.062220 0.062220
0 0.550589 0.649485 0.104277 0.104277
0 0.905423 0.184472 0.061130 0.061130
0 0.349039 0.120908 0.057104 0.057104
0 0.058037 0.358598 0.104278 0.104278
0 0.276314 0.087288 0.071945 0.071945
0 0.176675 0.352062 0.052757 0.052757
0 0.085858 0.868189 0.071945 0.071945
0 0.712437 0.778663 0.061130 0.061130
0 0.715961 0.373781 0.062220 0.062220
0 0.693306 0.227637 0.071945 0.071945
0 0.850860 0.693815 0.062220 0.062220
0 0.145473 0.821961 0.057104 0.057104
0 0.214899 0.166854 0.052757 0.052757
0 0.407195 0.162746 0.071945 0.071945
0 0.109578 0.406580 0.057104 0.057104
0 0.143156 0.075258 0.057104 0.057104
0 0.423777 0.756375 0.062220 0.062220
0 0.113653 0.153080 0.104277 0.104277
0 0.722015 0.882013 0.062220 0.062220
0 0.951502 0.575456 0.062220 0.062220
0 0.825715 0.464803 0.071945 0.071945
0 0.074780 0.272605 0.104277 0.104277
0 0.065234 0.053640 0.071945 0.071945
0 0.501757 0.581505 0.104277 0.104277
0 0.075054 0.682264 0.061131 0.061131
0 0.286724 0.197639 0.052757 0.052757
0 0.945789 0.870443 0.061130 0.061130
0 0.918630 0.111936 0.050559 0.050559
0 0.733032 0.586283 0.052757 0.052757
0 0.148391 0.697359 0.057104 0.057104
0 0.887782 0.773928 0.061131 0.061131
0 0.268999 0.490207 0.057104 0.057104
0 0.977803 0.702981 0.104277 0.104277
0 0.659807 0.581561 0.052757 0.052757
0 0.693479 0.446947 0.061130 0.061130
0 0.364960 0.466291 0.104277 0.104277
0 0.024938 0.590133 0.057104 0.057104
0 0.473792 0.016023 0.104277 0.104277
0 0.247343 0.011295 0.052757 0.052757
0 0.013589 0.734140 0.061130 0.061130
0 0.777685 0.241618 0.052757 0.052757
0 0.513076 0.186283 0.104277 0.104277