0 0.668967 0.011977 0.104277 0.104277
0 0.341427 0.219505 0.104278 0.104278
0 0.595470 0.811282 0.071945 0.071945
0 0.819257 0.009653 0.062220 0.062220
0 0.870591 0.779261 0.071945 0.071945
0 0.397083 0.656627 0.104277 0.104277
0 0.902719 0.894631 0.052757 0.052757
0 0.459571 0.380853 0.052757 0.052757
0 0.639868 0.567599 0.061130 0.061130
0 0.132062 0.737821 0.052757 0.052757
0 0.143754 0.824370 0.104277 0.104277
0 0.358865 0.330310 0.052757 0.052757
0 0.812812 0.529475 0.071945 0.071945
0 0.379936 0.501537 0.052757 0.052757
0 0.493619 0.830737 0.062220 0.062220
0 0.123487 0.650400 0.104277 0.104277
0 0.456243 0.576672 0.071945 0.071945
0 0.205844 0.582198 0.104277 0.104277
0 0.698953 0.113428 0.051819 0.051819
0 0.130011 0.551258 0.061130 0.061130
0 0.879101 0.057141 0.052757 0.052757
0 0.037082 0.449215 0.104277 0.104277
0 0.591659 0.402229 0.104277 0.104277
0 0.891520 0.648333 0.104277 0.104277
0 0.940377 0.005656 0.057103 0.057103
0 0.587319 0.985431 0.104277 0.104277
0 0.472672 0.926493 0.061130 0.061130
0 0.351977 0.968367 0.057104 0.057104
0 0.256952 0.728253 0.104277 0.104277
0 0.013505 0.867857 0.061130 0.061130
0 0.094349 0.993315 0.062220 0.062220
0 0.952002 0.586831 0.057104 0.057104
0 0.994969 0.760506 0.062220 0.062220
0 0.747711 0.887693 0.052757 0.052757
0 0.894719 0.518615 0.062220 0.062220
0 0.291273 0.130943 0.052757 0.052757
0 0.975031 0.122996 0.104277 0.104277
0 0.136238 0.901525 0.057104 0.057104
0 0.774794 0.183772 0.104277 0.104277
0 0.769931 0.110479 0.071945 0.071945
0 0.052434 0.689180 0.052757 0.052757
0 0.924932 0.989570 0.102474 0.102474
0 0.534116 0.652961 0.052757 0.052757
0 0.819268 0.981745 0.104277 0.104277
0 0.476402 0.123188 0.052757 0.052757
0 0.344140 0.575716 0.104277 0.104277
0 0.291437 0.437362 0.057104 0.057104
0 0.496774 0.518966 0.052757 0.052757
0 0.691249 0.270401 0.054783 0.054783
0 0.828092 0.715537 0.062220 0.062220
0 0.671779 0.791087 0.061131 0.061131
0 0.858801 0.204313 0.057103 0.057103
0 0.194605 0.661348 0.061130 0.061130
0 0.630172 0.719538 0.071945 0.071945
0 0.659351 0.382567 0.071945 0.071945
0 0.418373 0.838087 0.062220 0.062220
0 0.659611 0.453391 0.061130 0.061130
0 0.442475 0.043819 0.071945 0.071945
0 0.216152 0.249416 0.061130 0.061130
0 0.107505 0.148258 0.071945 0.071945
0 0.274154 0.363954 0.052757 0.052757
0 0.953107 0.271134 0.061131 0.061131
0 0.539631 0.279069 0.057104 0.057104
0 0.904285 0.139015 0.061131 0.061131
0 0.446040 0.995925 0.104277 0.104277
0 0.314701 0.689708 0.071945 0.071945
0 0.096409 0.316551 0.061130 0.061130
0 0.067078 0.232886 0.062220 0.062220
0 0.749002 0.796809 0.052757 0.052757
0 0.210848 0.084072 0.062220 0.062220
0 0.458548 0.756347 0.061130 0.061130
0 0.553826 0.157195 0.052757 0.052757
0 0.116447 0.478852 0.052757 0.052757
0 0.266621 0.515137 0.057104 0.057104
0 0.269086 0.945656 0.062220 0.062220
0 0.246431 0.799512 0.071945 0.071945
0 0.783764 0.371059 0.052757 0.052757
0 0.265275 0.021459 0.061130 0.061130
0 0.365368 0.113995 0.057104 0.057104
0 0.464969 0.191611 0.062220 0.062220
0 0.471441 0.450276 0.104277 0.104277
0 0.826628 0.610570 0.052757 0.052757
0 0.207728 0.326051 0.104277 0.104277
0 0.738675 0.662434 0.052757 0.052757
0 0.168374 0.180072 0.071945 0.071945
0 0.558212 0.728821 0.057104 0.057104
0 0.411272 0.247700 0.104277 0.104277
0 0.566105 0.051657 0.057104 0.057104
0 0.049312 0.088236 0.050932 0.050932
0 0.934322 0.460237 0.057104 0.057104
0 0.953357 0.194738 0.071945 0.071945
0 0.376280 0.025912 0.057104 0.057104
0 0.767609 0.257150 0.104277 0.104277
0 0.825697 0.888870 0.055027 0.055027
0 0.957889 0.689692 0.061131 0.061131
0 0.616388 0.917783 0.062220 0.062220
0 0.471755 0.683811 0.050559 0.050559
0 0.600894 0.626590 0.061130 0.061130
0 0.730165 0.446962 0.071945 0.071945
0 0.832152 0.301348 0.057104 0.057104
0 0.872198 0.358486 0.104277 0.104277
0 0.373397 0.419367 0.061131 0.061131
0 0.220504 0.460692 0.104277 0.104277
0 0.728965 0.541515 0.071945 0.071945
0 0.688427 0.930593 0.104277 0.104277
0 0.677690 0.202447 0.052757 0.052757
0 0.605127 0.236674 0.104277 0.104277
0 0.120641 0.073061 0.062220 0.062220
0 0.295409 0.289419 0.071945 0.071945
0 0.126402 0.400448 0.061130 0.061130
0 0.535610 0.355639 0.071945 0.071945
0 0.026917 0.587898 0.104277 0.104277
0 0.841874 0.450090 0.104277 0.104277
0 0.566317 0.493579 0.104277 0.104277
0 0.330810 0.813493 0.052757 0.052757
0 0.066201 0.758158 0.104277 0.104277