0 0.145470 0.270657 0.071945 0.071945
0 0.708009 0.777359 0.104277 0.104277
0 0.347014 0.881308 0.052757 0.052757
0 0.420591 0.238636 0.071945 0.071945
0 0.452719 0.354006 0.052757 0.052757
0 0.154154 0.640989 0.061130 0.061130
0 0.691002 0.461160 0.061131 0.061131
0 0.596879 0.577494 0.062220 0.062220
0 0.189868 0.026974 0.061130 0.061130
0 0.596146 0.151951 0.104277 0.104277
0 0.580235 0.747687 0.052757 0.052757
0 0.216281 0.749081 0.104277 0.104277
0 0.738057 0.869812 0.052757 0.052757
0 0.040218 0.537370 0.104277 0.104277
0 0.043619 0.290112 0.062220 0.062220
0 0.006243 0.036047 0.071945 0.071945
0 0.473034 0.600290 0.104277 0.104277
0 0.068972 0.462370 0.057104 0.057104
0 0.563142 0.315070 0.104277 0.104277
0 0.612492 0.857411 0.061130 0.061130
0 0.584049 0.928391 0.104277 0.104277
0 0.518281 0.506189 0.071945 0.071945
0 0.728339 0.398813 0.052757 0.052757
0 0.441520 0.107708 0.104277 0.104277
0 0.079096 0.816980 0.062220 0.062220
0 0.137319 0.444806 0.104277 0.104277
0 0.554533 0.658948 0.052757 0.052757
0 0.294981 0.741998 0.062220 0.062220
0 0.022672 0.385868 0.061130 0.061130
0 0.502002 0.046206 0.057104 0.057104
0 0.544969 0.219881 0.062220 0.062220
0 0.297711 0.347068 0.052757 0.052757
0 0.416454 0.734818 0.062220 0.062220
0 0.264928 0.533936 0.071945 0.071945
0 0.474932 0.448945 0.102474 0.102474
0 0.515821 0.806065 0.071945 0.071945
0 0.084116 0.112336 0.052757 0.052757
0 0.369268 0.441120 0.104277 0.104277
0 0.417671 0.905859 0.104277 0.104277
0 0.378092 0.174912 0.062220 0.062220
0 0.221779 0.250462 0.061131 0.061131
0 0.180172 0.178913 0.071945 0.071945
0 0.502318 0.902746 0.104277 0.104277
0 0.183318 0.501773 0.057104 0.057104
0 0.664614 0.207857 0.045227 0.045227
0 0.323922 0.807751 0.062220 0.062220
0 0.299002 0.256184 0.052757 0.052757
0 0.008548 0.215722 0.061130 0.061130
0 0.720279 0.111652 0.061130 0.061130
0 0.278673 0.906322 0.052757 0.052757
0 0.282111 0.463294 0.062220 0.062220
0 0.226534 0.643053 0.104277 0.104277
0 0.138529 0.870783 0.052757 0.052757
0 0.410516 0.832719 0.052757 0.052757
0 0.054627 0.606706 0.062220 0.062220
0 0.376628 0.069945 0.052757 0.052757
0 0.288675 0.121809 0.052757 0.052757
0 0.711868 0.678507 0.061131 0.061131
0 0.230151 0.818613 0.061131 0.061131
0 0.108212 0.188196 0.057104 0.057104
0 0.578685 0.055349 0.061131 0.061131
0 0.205476 0.568775 0.104277 0.104277
0 0.677440 0.554519 0.061131 0.061131
0 0.643694 0.705604 0.062221 0.062221
0 0.479592 0.705886 0.052757 0.052757
0 0.375697 0.348245 0.055027 0.055027
0 0.507889 0.149067 0.061131 0.061131
0 0.166388 0.377158 0.062220 0.062220
0 0.048914 0.901693 0.061130 0.061130
0 0.585726 0.452423 0.104277 0.104277
0 0.194132 0.919828 0.062220 0.062220
0 0.021755 0.143186 0.050559 0.050559
0 0.315977 0.641321 0.052757 0.052757
0 0.150894 0.085965 0.061130 0.061130
0 0.122378 0.534121 0.071945 0.071945
0 0.278965 0.000890 0.071945 0.071945
0 0.238427 0.389968 0.104277 0.104277
0 0.402437 0.534225 0.061130 0.061130
0 0.080928 0.734231 0.104277 0.104277
0 0.665808 0.068843 0.052757 0.052757
0 0.640465 0.401097 0.057104 0.057104
0 0.654415 0.325014 0.088662 0.088662