0 0.236170 0.948851 0.062220 0.062220
0 0.778927 0.219505 0.104278 0.104278
0 0.834583 0.656627 0.104277 0.104277
0 0.897071 0.380853 0.052757 0.052757
0 0.569562 0.737821 0.052757 0.052757
0 0.581254 0.824370 0.104277 0.104277
0 0.421604 0.371828 0.061130 0.061130
0 0.796365 0.330310 0.052757 0.052757
0 0.817436 0.501537 0.052757 0.052757
0 0.931119 0.830737 0.062220 0.062220
0 0.560987 0.650400 0.104277 0.104277
0 0.893743 0.576672 0.071945 0.071945
0 0.643344 0.582198 0.104277 0.104277
0 0.567511 0.551258 0.061130 0.061130
0 0.431572 0.136162 0.057104 0.057104
0 0.474582 0.449215 0.104277 0.104277
0 0.309787 0.954913 0.061130 0.061130
0 0.290203 0.867030 0.052757 0.052757
0 0.910172 0.926493 0.061130 0.061130
0 0.789477 0.968367 0.057104 0.057104
0 0.694452 0.728253 0.104277 0.104277
0 0.451005 0.867857 0.061130 0.061130
0 0.531849 0.993315 0.062220 0.062220
0 0.147039 0.578549 0.061130 0.061130
0 0.728773 0.130943 0.052757 0.052757
0 0.134463 0.117015 0.071945 0.071945
0 0.273068 0.221537 0.104277 0.104277
0 0.193499 0.290461 0.052757 0.052757
0 0.573738 0.901525 0.057104 0.057104
0 0.416454 0.290698 0.104277 0.104277
0 0.489934 0.689180 0.052757 0.052757
0 0.971616 0.652961 0.052757 0.052757
0 0.913902 0.123188 0.052757 0.052757
0 0.106067 0.284659 0.052757 0.052757
0 0.352409 0.372755 0.052757 0.052757
0 0.781640 0.575716 0.104277 0.104277
0 0.728937 0.437362 0.057104 0.057104
0 0.934274 0.518966 0.052757 0.052757
0 0.422359 0.949069 0.061130 0.061130
0 0.632105 0.661348 0.061130 0.061130
0 0.306936 0.591899 0.104278 0.104278
0 0.855873 0.838087 0.062220 0.062220
0 0.879975 0.043819 0.071945 0.071945
0 0.373785 0.570290 0.052757 0.052757
0 0.653652 0.249416 0.061130 0.061130
0 0.545005 0.148258 0.071945 0.071945
0 0.711654 0.363954 0.052757 0.052757
0 0.977131 0.279069 0.057104 0.057104
0 0.014894 0.749367 0.062220 0.062220
0 0.883540 0.995925 0.104277 0.104277
0 0.166226 0.836591 0.062220 0.062220
0 0.383246 0.825314 0.057104 0.057104
0 0.254838 0.029762 0.061130 0.061130
0 0.752201 0.689708 0.071945 0.071945
0 0.533909 0.316551 0.061130 0.061130
0 0.504578 0.232886 0.062220 0.062220
0 0.648348 0.084072 0.062220 0.062220
0 0.896048 0.756347 0.061130 0.061130
0 0.991326 0.157195 0.052757 0.052757
0 0.553947 0.478852 0.052757 0.052757
0 0.704121 0.515137 0.057104 0.057104
0 0.339664 0.692783 0.057104 0.057104
0 0.207706 0.179540 0.104277 0.104277
0 0.048662 0.930473 0.104278 0.104278
0 0.266939 0.659163 0.071945 0.071945
0 0.167300 0.923937 0.052757 0.052757
0 0.706586 0.945656 0.062220 0.062220
0 0.683931 0.799512 0.071945 0.071945
0 0.205524 0.738729 0.052757 0.052757
0 0.397820 0.734621 0.071945 0.071945
0 0.702775 0.021459 0.061130 0.061130
0 0.100203 0.978455 0.057104 0.057104
0 0.802868 0.113995 0.057104 0.057104
0 0.902469 0.191611 0.062220 0.062220
0 0.133781 0.647133 0.057104 0.057104
0 0.104278 0.724955 0.104277 0.104277
0 0.908941 0.450276 0.104277 0.104277
0 0.059925 0.177241 0.052757 0.052757
0 0.645228 0.326051 0.104277 0.104277
0 0.605874 0.180072 0.071945 0.071945
0 0.148016 0.031198 0.104277 0.104277
0 0.995712 0.728821 0.057104 0.057104
0 0.848772 0.247700 0.104277 0.104277
0 0.065405 0.844480 0.104277 0.104277
0 0.055859 0.625515 0.071945 0.071945
0 0.346940 0.244139 0.071945 0.071945
0 0.486812 0.088236 0.050932 0.050932
0 0.277349 0.769514 0.052757 0.052757
0 0.813780 0.025912 0.057104 0.057104
0 0.347269 0.142872 0.071945 0.071945
0 0.026129 0.264451 0.104277 0.104277
0 0.037235 0.518518 0.057104 0.057104
0 0.909255 0.683811 0.050559 0.050559
0 0.220237 0.507154 0.104277 0.104277
0 0.270380 0.351389 0.104277 0.104277
0 0.810897 0.419367 0.061131 0.061131
0 0.054003 0.006785 0.062220 0.062220
0 0.658004 0.460692 0.104277 0.104277
0 0.260886 0.127691 0.052757 0.052757
0 0.558141 0.073061 0.062220 0.062220
0 0.353896 0.050965 0.062220 0.062220
0 0.176053 0.426166 0.052757 0.052757
0 0.055282 0.340955 0.104277 0.104277
0 0.144942 0.498802 0.061130 0.061130
0 0.268285 0.441752 0.062220 0.062220
0 0.334795 0.476794 0.071945 0.071945
0 0.732909 0.289419 0.071945 0.071945
0 0.563902 0.400448 0.061130 0.061130
0 0.973110 0.355639 0.071945 0.071945
0 0.464417 0.587898 0.104277 0.104277
0 0.237968 0.583170 0.052757 0.052757
0 0.063266 0.089740 0.057103 0.057103
0 0.768310 0.813493 0.052757 0.052757
0 0.428569 0.208840 0.071945 0.071945
0 0.046977 0.412297 0.104277 0.104277
0 0.503701 0.758158 0.104277 0.104277