0 0.847677 0.272630 0.104278 0.104278
0 0.903333 0.709752 0.104277 0.104277
0 0.965821 0.433978 0.052757 0.052757
0 0.024708 0.028738 0.052757 0.052757
0 0.638312 0.790946 0.052757 0.052757
0 0.650004 0.877495 0.104277 0.104277
0 0.490354 0.424953 0.061130 0.061130
0 0.865115 0.383435 0.052757 0.052757
0 0.886186 0.554662 0.052757 0.052757
0 0.999869 0.883862 0.062220 0.062220
0 0.629737 0.703525 0.104277 0.104277
0 0.962493 0.629797 0.071945 0.071945
0 0.712094 0.635323 0.104277 0.104277
0 0.636261 0.604383 0.061130 0.061130
0 0.500322 0.189287 0.057104 0.057104
0 0.543332 0.502340 0.104277 0.104277
0 0.358953 0.920155 0.052757 0.052757
0 0.978922 0.979618 0.061130 0.061130
0 0.763202 0.781378 0.104277 0.104277
0 0.519755 0.920982 0.061130 0.061130
0 0.215789 0.631674 0.061130 0.061130
0 0.797523 0.184068 0.052757 0.052757
0 0.203213 0.170140 0.071945 0.071945
0 0.018260 0.750286 0.104278 0.104278
0 0.341818 0.274662 0.104277 0.104277
0 0.262249 0.343586 0.052757 0.052757
0 0.642488 0.954650 0.057104 0.057104
0 0.485204 0.343823 0.104277 0.104277
0 0.558684 0.742305 0.052757 0.052757
0 0.982652 0.176313 0.052757 0.052757
0 0.174817 0.337784 0.052757 0.052757
0 0.421159 0.425880 0.052757 0.052757
0 0.850390 0.628841 0.104277 0.104277
0 0.797687 0.490487 0.057104 0.057104
0 0.700855 0.714473 0.061130 0.061130
0 0.375686 0.645024 0.104278 0.104278
0 0.924623 0.891212 0.062220 0.062220
0 0.948725 0.096944 0.071945 0.071945
0 0.442535 0.623415 0.052757 0.052757
0 0.722402 0.302541 0.061130 0.061130
0 0.613755 0.201383 0.071945 0.071945
0 0.780404 0.417079 0.052757 0.052757
0 0.083644 0.802492 0.062220 0.062220
0 0.234976 0.889716 0.062220 0.062220
0 0.451996 0.878439 0.057104 0.057104
0 0.323588 0.082887 0.061130 0.061130
0 0.820951 0.742833 0.071945 0.071945
0 0.602659 0.369676 0.061130 0.061130
0 0.573328 0.286011 0.062220 0.062220
0 0.717098 0.137197 0.062220 0.062220
0 0.041630 0.434188 0.061130 0.061130
0 0.964798 0.809472 0.061130 0.061130
0 0.622697 0.531977 0.052757 0.052757
0 0.772871 0.568262 0.057104 0.057104
0 0.408414 0.745908 0.057104 0.057104
0 0.276456 0.232665 0.104277 0.104277
0 0.117412 0.983598 0.104278 0.104278
0 0.335689 0.712288 0.071945 0.071945
0 0.236050 0.977062 0.052757 0.052757
0 0.775336 0.998781 0.062220 0.062220
0 0.752681 0.852637 0.071945 0.071945
0 0.274274 0.791854 0.052757 0.052757
0 0.466570 0.787746 0.071945 0.071945
0 0.771525 0.074584 0.061130 0.061130
0 0.871618 0.167120 0.057104 0.057104
0 0.971219 0.244736 0.062220 0.062220
0 0.202531 0.700258 0.057104 0.057104
0 0.173028 0.778080 0.104277 0.104277
0 0.977691 0.503401 0.104277 0.104277
0 0.128675 0.230366 0.052757 0.052757
0 0.713978 0.379176 0.104277 0.104277
0 0.674624 0.233197 0.071945 0.071945
0 0.216766 0.084323 0.104277 0.104277
0 0.917522 0.300825 0.104277 0.104277
0 0.134155 0.897605 0.104277 0.104277
0 0.124609 0.678640 0.071945 0.071945
0 0.415690 0.297264 0.071945 0.071945
0 0.555562 0.141361 0.050932 0.050932
0 0.346099 0.822639 0.052757 0.052757
0 0.882530 0.079037 0.057104 0.057104
0 0.416019 0.195997 0.071945 0.071945
0 0.094879 0.317576 0.104277 0.104277
0 0.105985 0.571643 0.057104 0.057104
0 0.666099 0.029501 0.061130 0.061130
0 0.978005 0.736936 0.050559 0.050559
0 0.288987 0.560279 0.104277 0.104277
0 0.339130 0.404514 0.104277 0.104277
0 0.879647 0.472492 0.061131 0.061131
0 0.122753 0.059910 0.062220 0.062220
0 0.726754 0.513817 0.104277 0.104277
0 0.329636 0.180816 0.052757 0.052757
0 0.626891 0.126186 0.062220 0.062220
0 0.422646 0.104090 0.062220 0.062220
0 0.244803 0.479291 0.052757 0.052757
0 0.049310 0.951159 0.057104 0.057104
0 0.124032 0.394080 0.104277 0.104277
0 0.213692 0.551927 0.061130 0.061130
0 0.062537 0.155979 0.057104 0.057104
0 0.337035 0.494877 0.062220 0.062220
0 0.403545 0.529919 0.071945 0.071945
0 0.801659 0.342544 0.071945 0.071945
0 0.632652 0.453573 0.061130 0.061130
0 0.272414 0.014095 0.071945 0.071945
0 0.041538 0.676359 0.052757 0.052757
0 0.367499 0.019064 0.047555 0.047555
0 0.501599 0.043860 0.052757 0.052757
0 0.533167 0.641023 0.104277 0.104277
0 0.014139 0.336811 0.071945 0.071945
0 0.306718 0.636295 0.052757 0.052757
0 0.132016 0.142865 0.057103 0.057103
0 0.837060 0.866618 0.052757 0.052757
0 0.497319 0.261965 0.071945 0.071945
0 0.115727 0.465422 0.104277 0.104277
0 0.581549 0.051741 0.071945 0.071945
0 0.572451 0.811283 0.104277 0.104277