0 0.330495 0.532198 0.062220 0.062220
0 0.079487 0.835231 0.104277 0.104277
0 0.879493 0.310337 0.052757 0.052757
0 0.972706 0.257411 0.052757 0.052757
0 0.284569 0.591040 0.062220 0.062220
0 0.431143 0.568052 0.070161 0.070161
0 0.061863 0.559664 0.104278 0.104278
0 0.784517 0.226645 0.062220 0.062220
0 0.312350 0.995377 0.057104 0.057104
0 0.181256 0.231071 0.057104 0.057104
0 0.701057 0.659249 0.071945 0.071945
0 0.982456 0.566625 0.061130 0.061130
0 0.798716 0.346627 0.062220 0.062220
0 0.220544 0.539176 0.071945 0.071945
0 0.516850 0.597805 0.062220 0.062220
0 0.971169 0.929997 0.071945 0.071945
0 0.533978 0.900097 0.061131 0.061131
0 0.821618 0.811148 0.061130 0.061130
0 0.194964 0.307756 0.062220 0.062220
0 0.846631 0.930023 0.104277 0.104277
0 0.553421 0.661641 0.104277 0.104277
0 0.728616 0.314032 0.052757 0.052757
0 0.467880 0.507276 0.061130 0.061130
0 0.059062 0.931474 0.057104 0.057104
0 0.180765 0.390517 0.071945 0.071945
0 0.007632 0.880343 0.104277 0.104277
0 0.597390 0.796567 0.071945 0.071945
0 0.115069 0.329518 0.104277 0.104277
0 0.058531 0.441955 0.057104 0.057104
0 0.050614 0.305254 0.071945 0.071945
0 0.855001 0.483469 0.061130 0.061130
0 0.283279 0.911804 0.104277 0.104277
0 0.951555 0.462570 0.057104 0.057104
0 0.661606 0.393081 0.071945 0.071945
0 0.267477 0.261510 0.071945 0.071945
0 0.448441 0.730868 0.104277 0.104277
0 0.549305 0.475465 0.057104 0.057104
0 0.241054 0.732652 0.062220 0.062220
0 0.550061 0.278321 0.061131 0.061131
0 0.095379 0.995973 0.057104 0.057104
0 0.859500 0.233949 0.057104 0.057104
0 0.519777 0.377596 0.071945 0.071945
0 0.409232 0.437778 0.071945 0.071945
0 0.340671 0.712529 0.062220 0.062220
0 0.270874 0.372832 0.052757 0.052757
0 0.148196 0.635656 0.071945 0.071945
0 0.138862 0.871440 0.052757 0.052757
0 0.646896 0.295610 0.052757 0.052757
0 0.582725 0.541104 0.062220 0.062220
0 0.436302 0.963743 0.062220 0.062220
0 0.852410 0.400757 0.061131 0.061131
0 0.326471 0.427943 0.052757 0.052757
0 0.627289 0.725042 0.061131 0.061131
0 0.380154 0.256907 0.071945 0.071945
0 0.531133 0.762360 0.061131 0.061131
0 0.799674 0.536564 0.071945 0.071945
0 0.711139 0.233825 0.062220 0.062220
0 0.404088 0.338160 0.057104 0.057104
0 0.020598 0.380854 0.062220 0.062220
0 0.090626 0.211434 0.104277 0.104277
0 0.494117 0.840523 0.052757 0.052757
0 0.992867 0.656556 0.052757 0.052757
0 0.791305 0.732886 0.057104 0.057104
0 0.399084 0.640556 0.052757 0.052757
0 0.646230 0.574219 0.071945 0.071945
0 0.909216 0.550094 0.052757 0.052757
0 0.727404 0.436222 0.071945 0.071945
0 0.462858 0.224752 0.104277 0.104277
0 0.372168 0.865938 0.104277 0.104277
0 0.150686 0.945925 0.061130 0.061130
0 0.094537 0.765841 0.104277 0.104277
0 0.057238 0.636741 0.052757 0.052757
0 0.929149 0.747462 0.071945 0.071945
0 0.277737 0.670504 0.057104 0.057104
0 0.831111 0.662033 0.062220 0.062220
0 0.160122 0.794930 0.071945 0.071945
0 0.236266 0.435367 0.104277 0.104277
0 0.657810 0.497269 0.071945 0.071945
0 0.154259 0.557434 0.056505 0.056505
0 0.663055 0.848186 0.104277 0.104277
0 0.729397 0.917623 0.052757 0.052757
0 0.898067 0.685625 0.104277 0.104277
0 0.736552 0.783167 0.071945 0.071945
0 0.750525 0.593181 0.104277 0.104277
0 0.374351 0.778787 0.057104 0.057104
0 0.148556 0.488745 0.061130 0.061130
0 0.481457 0.438830 0.057103 0.057103
0 0.225073 0.820086 0.057104 0.057104
0 0.953308 0.846367 0.104277 0.104277
0 0.634174 0.225174 0.057104 0.057104
0 0.616954 0.907323 0.052757 0.052757
0 0.962781 0.350402 0.061131 0.061131