0 0.103927 0.166380 0.104278 0.104278
0 0.357970 0.758157 0.071945 0.071945
0 0.633091 0.726136 0.071945 0.071945
0 0.913469 0.466457 0.071945 0.071945
0 0.159583 0.603502 0.104277 0.104277
0 0.665219 0.841506 0.052757 0.052757
0 0.222071 0.327728 0.052757 0.052757
0 0.903502 0.948660 0.061131 0.061131
0 0.402368 0.514474 0.061130 0.061130
0 0.808646 0.639451 0.104277 0.104277
0 0.835369 0.253604 0.062220 0.062220
0 0.121365 0.277185 0.052757 0.052757
0 0.575312 0.476350 0.071945 0.071945
0 0.142436 0.448412 0.052757 0.052757
0 0.256119 0.777612 0.062220 0.062220
0 0.218743 0.523547 0.071945 0.071945
0 0.461453 0.060303 0.051819 0.051819
0 0.281472 0.949870 0.057104 0.057104
0 0.775642 0.802570 0.104277 0.104277
0 0.730781 0.993689 0.071945 0.071945
0 0.940839 0.886313 0.052757 0.052757
0 0.641601 0.004016 0.052757 0.052757
0 0.354159 0.349104 0.104277 0.104277
0 0.654020 0.595208 0.104277 0.104277
0 0.771799 0.406401 0.071945 0.071945
0 0.349819 0.932306 0.104277 0.104277
0 0.776546 0.337955 0.062220 0.062220
0 0.235172 0.873368 0.061130 0.061130
0 0.114477 0.915242 0.057104 0.057104
0 0.019452 0.675128 0.104277 0.104277
0 0.714502 0.533706 0.057104 0.057104
0 0.757469 0.707381 0.062220 0.062220
0 0.510211 0.834568 0.052757 0.052757
0 0.657219 0.465490 0.062220 0.062220
0 0.053773 0.077818 0.052757 0.052757
0 0.737531 0.069871 0.104277 0.104277
0 0.537294 0.130647 0.104277 0.104277
0 0.842868 0.438183 0.061130 0.061130
0 0.532431 0.057354 0.071945 0.071945
0 0.687432 0.936445 0.102474 0.102474
0 0.929023 0.052928 0.071945 0.071945
0 0.296616 0.599836 0.052757 0.052757
0 0.581768 0.928620 0.104277 0.104277
0 0.238902 0.070063 0.052757 0.052757
0 0.834862 0.084739 0.061131 0.061131
0 0.106640 0.522591 0.104277 0.104277
0 0.053937 0.384237 0.057104 0.057104
0 0.259274 0.465841 0.052757 0.052757
0 0.453749 0.217276 0.054783 0.054783
0 0.590592 0.662412 0.062220 0.062220
0 0.434279 0.737962 0.061131 0.061131
0 0.621301 0.151188 0.057103 0.057103
0 0.392672 0.666413 0.071945 0.071945
0 0.421851 0.329442 0.071945 0.071945
0 0.180873 0.784962 0.062220 0.062220
0 0.422111 0.400266 0.061130 0.061130
0 0.395818 0.989273 0.057104 0.057104
0 0.036654 0.310829 0.052757 0.052757
0 0.715607 0.218009 0.061131 0.061131
0 0.302131 0.225944 0.057104 0.057104
0 0.666785 0.085890 0.061131 0.061131
0 0.208540 0.942800 0.104277 0.104277
0 0.077201 0.636583 0.071945 0.071945
0 0.877114 0.695357 0.045227 0.045227
0 0.511502 0.743684 0.052757 0.052757
0 0.932356 0.178432 0.071945 0.071945
0 0.937738 0.316957 0.104278 0.104278
0 0.221048 0.703222 0.061130 0.061130
0 0.316326 0.104070 0.052757 0.052757
0 0.932779 0.599152 0.061130 0.061130
0 0.029121 0.462012 0.057104 0.057104
0 0.494611 0.950794 0.062220 0.062220
0 0.031586 0.892531 0.062220 0.062220
0 0.008931 0.746387 0.071945 0.071945
0 0.868943 0.151535 0.104278 0.104278
0 0.546264 0.317934 0.052757 0.052757
0 0.127868 0.060870 0.057104 0.057104
0 0.227469 0.138486 0.062220 0.062220
0 0.792296 0.191114 0.062220 0.062220
0 0.233941 0.397151 0.104277 0.104277
0 0.589128 0.557445 0.052757 0.052757
0 0.141340 0.983553 0.071945 0.071945
0 0.501175 0.609309 0.052757 0.052757
0 0.320712 0.675696 0.057104 0.057104
0 0.173772 0.194575 0.104277 0.104277
0 0.791185 0.542849 0.061131 0.061131
0 0.696822 0.407112 0.057104 0.057104
0 0.715857 0.141613 0.071945 0.071945
0 0.530109 0.204025 0.104277 0.104277
0 0.588197 0.835745 0.055027 0.055027
0 0.720389 0.636567 0.061131 0.061131
0 0.378888 0.864658 0.062220 0.062220
0 0.798226 0.939923 0.104277 0.104277
0 0.234255 0.630686 0.050559 0.050559
0 0.363394 0.573465 0.061130 0.061130
0 0.492665 0.393837 0.071945 0.071945
0 0.594652 0.248223 0.057104 0.057104
0 0.634698 0.305361 0.104277 0.104277
0 0.135897 0.366242 0.061131 0.061131
0 0.491465 0.488390 0.071945 0.071945
0 0.450927 0.877468 0.104277 0.104277
0 0.440190 0.149322 0.052757 0.052757
0 0.367627 0.183549 0.104277 0.104277
0 0.878308 0.556343 0.052757 0.052757
0 0.057909 0.236294 0.071945 0.071945
0 0.298110 0.302514 0.071945 0.071945
0 0.009104 0.965697 0.061130 0.061130
0 0.604374 0.396965 0.104277 0.104277
0 0.328817 0.440454 0.104277 0.104277
0 0.093310 0.760368 0.052757 0.052757
0 0.880583 0.362510 0.061131 0.061131
0 0.852965 0.888597 0.057104 0.057104
0 0.866915 0.812514 0.088662 0.088662
0 0.772827 0.002826 0.061131 0.061131