0 0.843505 0.350492 0.071945 0.071945
0 0.638682 0.853911 0.104277 0.104277
0 0.828784 0.818439 0.104277 0.104277
0 0.742239 0.464769 0.062220 0.062220
0 0.875217 0.462716 0.057104 0.057104
0 0.965358 0.976566 0.104277 0.104277
0 0.908028 0.388024 0.052757 0.052757
0 0.791814 0.728196 0.057104 0.057104
0 0.719974 0.579679 0.104277 0.104277
0 0.702277 0.931575 0.104277 0.104277
0 0.705168 0.770155 0.061131 0.061131
0 0.005495 0.119698 0.062220 0.062220
0 0.944706 0.021381 0.061130 0.061130
0 0.714976 0.394062 0.052757 0.052757
0 0.588384 0.693688 0.071945 0.071945
0 0.805393 0.593967 0.062220 0.062220
0 0.641272 0.989230 0.062220 0.062220
0 0.475945 0.894953 0.052757 0.052757
0 0.863550 0.715218 0.071945 0.071945
0 0.945347 0.485759 0.071945 0.071945
0 0.301968 0.882256 0.061131 0.061131
0 0.106143 0.155552 0.070161 0.070161
0 0.807135 0.414372 0.071945 0.071945
0 0.796962 0.906025 0.061130 0.061130
0 0.237094 0.803563 0.062220 0.062220
0 0.975648 0.249108 0.061131 0.061131
0 0.530028 0.990239 0.061131 0.061131
0 0.579255 0.923692 0.057104 0.057104
0 0.994282 0.423972 0.071945 0.071945
0 0.376057 0.246749 0.071945 0.071945
0 0.657456 0.154125 0.061130 0.061130
0 0.191850 0.185305 0.062220 0.062220
0 0.646169 0.517497 0.071945 0.071945
0 0.208978 0.487597 0.061131 0.061131
0 0.496618 0.398648 0.061130 0.061130
0 0.521631 0.517523 0.104277 0.104277
0 0.228421 0.249141 0.104277 0.104277
0 0.142880 0.094776 0.061130 0.061130
0 0.989660 0.845602 0.057104 0.057104
0 0.272390 0.384067 0.071945 0.071945
0 0.645547 0.649200 0.104277 0.104277
0 0.937635 0.592900 0.104278 0.104278
0 0.802749 0.980900 0.061130 0.061130
0 0.530001 0.070969 0.061130 0.061130
0 0.626555 0.050070 0.057104 0.057104
0 0.123441 0.318368 0.104277 0.104277
0 0.886986 0.162404 0.057104 0.057104
0 0.224305 0.062965 0.057104 0.057104
0 0.334473 0.632981 0.071945 0.071945
0 0.084232 0.025278 0.071945 0.071945
0 0.047114 0.730918 0.104277 0.104277
0 0.015671 0.300029 0.062220 0.062220
0 0.348281 0.767395 0.061131 0.061131
0 0.123891 0.816092 0.061130 0.061130
0 0.206377 0.713880 0.104277 0.104277
0 0.742140 0.255342 0.062220 0.062220
0 0.705715 0.316909 0.062220 0.062220
0 0.257725 0.128604 0.062220 0.062220
0 0.419258 0.598340 0.062220 0.062220
0 0.941992 0.899604 0.052757 0.052757
0 0.111302 0.551243 0.062220 0.062220
0 0.437820 0.837774 0.057104 0.057104
0 0.001471 0.015443 0.052757 0.052757
0 0.302289 0.312542 0.061131 0.061131
0 0.201069 0.892206 0.062220 0.062220
0 0.206133 0.349860 0.061131 0.061131
0 0.474674 0.124064 0.071945 0.071945
0 0.561306 0.796398 0.071945 0.071945
0 0.004246 0.806616 0.061130 0.061130
0 0.165834 0.955824 0.104278 0.104278
0 0.989354 0.124402 0.061131 0.061131
0 0.169117 0.428023 0.052757 0.052757
0 0.248751 0.622844 0.061131 0.061131
0 0.667867 0.244056 0.052757 0.052757
0 0.466305 0.320386 0.057104 0.057104
0 0.074084 0.228056 0.052757 0.052757
0 0.321230 0.161719 0.071945 0.071945
0 0.979078 0.674942 0.057104 0.057104
0 0.860018 0.645062 0.057104 0.057104
0 0.584216 0.137594 0.052757 0.052757
0 0.717388 0.668948 0.052757 0.052757
0 0.402404 0.023722 0.071945 0.071945
0 0.047168 0.453438 0.104277 0.104277
0 0.467438 0.770822 0.052757 0.052757
0 0.254772 0.954106 0.071945 0.071945
0 0.604149 0.334962 0.071945 0.071945
0 0.506111 0.249533 0.062220 0.062220
0 0.837566 0.044964 0.052559 0.052559
0 0.498403 0.613979 0.057104 0.057104
0 0.065685 0.608872 0.061130 0.061130
0 0.332810 0.084769 0.071945 0.071945
0 0.100411 0.913904 0.104277 0.104277
0 0.880240 0.281321 0.062220 0.062220
0 0.432206 0.687665 0.057104 0.057104
0 0.338055 0.435686 0.104277 0.104277
0 0.106444 0.681785 0.061130 0.061130
0 0.404397 0.505123 0.052757 0.052757
0 0.283425 0.723806 0.071945 0.071945
0 0.573067 0.273125 0.104277 0.104277
0 0.411552 0.370667 0.071945 0.071945
0 0.425525 0.180681 0.104277 0.104277
0 0.959780 0.778407 0.061130 0.061130
0 0.049351 0.366287 0.057104 0.057104
0 0.151890 0.620595 0.071945 0.071945
0 0.156457 0.026330 0.057103 0.057103
0 0.784492 0.124770 0.071945 0.071945
0 0.940369 0.315549 0.104278 0.104278
0 0.628308 0.433867 0.104277 0.104277
0 0.685085 0.088560 0.052757 0.052757
0 0.291954 0.494823 0.052757 0.052757
0 0.586389 0.611977 0.062220 0.062220
0 0.383782 0.897415 0.061131 0.061131