0 0.119552 0.022630 0.104278 0.104278
0 0.373595 0.614407 0.071945 0.071945
0 0.648716 0.582386 0.071945 0.071945
0 0.929094 0.322707 0.071945 0.071945
0 0.175208 0.459752 0.104277 0.104277
0 0.680844 0.697756 0.052757 0.052757
0 0.237696 0.183978 0.052757 0.052757
0 0.382279 0.984739 0.061130 0.061130
0 0.919127 0.804910 0.061131 0.061131
0 0.825004 0.921244 0.062220 0.062220
0 0.417993 0.370724 0.061130 0.061130
0 0.824271 0.495701 0.104277 0.104277
0 0.268343 0.881120 0.104277 0.104277
0 0.850994 0.109854 0.062220 0.062220
0 0.136990 0.133435 0.052757 0.052757
0 0.590937 0.332600 0.071945 0.071945
0 0.158061 0.304662 0.052757 0.052757
0 0.271744 0.633862 0.062220 0.062220
0 0.234368 0.379797 0.071945 0.071945
0 0.701159 0.944040 0.104277 0.104277
0 0.297097 0.806120 0.057104 0.057104
0 0.791267 0.658820 0.104277 0.104277
0 0.746406 0.849939 0.071945 0.071945
0 0.956464 0.742563 0.052757 0.052757
0 0.369784 0.205354 0.104277 0.104277
0 0.669645 0.451458 0.104277 0.104277
0 0.787424 0.262651 0.071945 0.071945
0 0.365444 0.788556 0.104277 0.104277
0 0.792171 0.194205 0.062220 0.062220
0 0.250797 0.729618 0.061130 0.061130
0 0.130102 0.771492 0.057104 0.057104
0 0.035077 0.531378 0.104277 0.104277
0 0.730127 0.389956 0.057104 0.057104
0 0.773094 0.563631 0.062220 0.062220
0 0.525836 0.690818 0.052757 0.052757
0 0.672844 0.321740 0.062220 0.062220
0 0.067618 0.878250 0.057104 0.057104
0 0.183594 0.908341 0.104277 0.104277
0 0.493053 0.877686 0.071945 0.071945
0 0.858493 0.294433 0.061130 0.061130
0 0.703057 0.792695 0.102474 0.102474
0 0.312241 0.456086 0.052757 0.052757
0 0.597393 0.784870 0.104277 0.104277
0 0.122265 0.378841 0.104277 0.104277
0 0.069562 0.240487 0.057104 0.057104
0 0.274899 0.322091 0.052757 0.052757
0 0.469374 0.073526 0.054783 0.054783
0 0.606217 0.518662 0.062220 0.062220
0 0.449904 0.594212 0.061131 0.061131
0 0.636926 0.007438 0.057103 0.057103
0 0.408297 0.522663 0.071945 0.071945
0 0.437476 0.185692 0.071945 0.071945
0 0.196498 0.641212 0.062220 0.062220
0 0.437736 0.256516 0.061130 0.061130
0 0.411443 0.845523 0.057104 0.057104
0 0.149139 0.982062 0.057104 0.057104
0 0.052279 0.167079 0.052757 0.052757
0 0.731232 0.074259 0.061131 0.061131
0 0.317756 0.082194 0.057104 0.057104
0 0.224165 0.799050 0.104277 0.104277
0 0.092826 0.492833 0.071945 0.071945
0 0.892739 0.551607 0.045227 0.045227
0 0.527127 0.599934 0.052757 0.052757
0 0.947981 0.034682 0.071945 0.071945
0 0.953363 0.173207 0.104278 0.104278
0 0.236673 0.559472 0.061130 0.061130
0 0.948404 0.455402 0.061130 0.061130
0 0.044746 0.318262 0.057104 0.057104
0 0.510236 0.807044 0.062220 0.062220
0 0.454659 0.986803 0.104277 0.104277
0 0.047211 0.748781 0.062220 0.062220
0 0.024556 0.602637 0.071945 0.071945
0 0.884568 0.007785 0.104278 0.104278
0 0.561889 0.174184 0.052757 0.052757
0 0.807921 0.047364 0.062220 0.062220
0 0.249566 0.253401 0.104277 0.104277
0 0.282752 0.950456 0.062220 0.062220
0 0.604753 0.413695 0.052757 0.052757
0 0.156965 0.839803 0.071945 0.071945
0 0.516800 0.465559 0.052757 0.052757
0 0.336337 0.531946 0.057104 0.057104
0 0.189397 0.050825 0.104277 0.104277
0 0.806810 0.399099 0.061131 0.061131
0 0.712447 0.263362 0.057104 0.057104
0 0.433601 0.912525 0.104277 0.104277
0 0.905565 0.898269 0.061131 0.061131
0 0.545734 0.060275 0.104277 0.104277
0 0.603822 0.691995 0.055027 0.055027
0 0.736014 0.492817 0.061131 0.061131
0 0.394513 0.720908 0.062220 0.062220
0 0.813851 0.796173 0.104277 0.104277
0 0.249880 0.486936 0.050559 0.050559
0 0.544102 0.985071 0.052757 0.052757
0 0.379019 0.429715 0.061130 0.061130
0 0.508290 0.250087 0.071945 0.071945
0 0.610277 0.104473 0.057104 0.057104
0 0.064282 0.961283 0.052757 0.052757
0 0.650323 0.161611 0.104277 0.104277
0 0.350503 0.877871 0.071945 0.071945
0 0.151522 0.222492 0.061131 0.061131
0 0.507090 0.344640 0.071945 0.071945
0 0.466552 0.733718 0.104277 0.104277
0 0.455815 0.005572 0.052757 0.052757
0 0.383252 0.039799 0.104277 0.104277
0 0.630562 0.877975 0.061130 0.061130
0 0.893933 0.412593 0.052757 0.052757
0 0.073534 0.092544 0.071945 0.071945
0 0.313735 0.158764 0.071945 0.071945
0 0.024729 0.821947 0.061130 0.061130
0 0.619999 0.253215 0.104277 0.104277
0 0.344442 0.296704 0.104277 0.104277
0 0.108935 0.616618 0.052757 0.052757
0 0.896208 0.218760 0.061131 0.061131
0 0.868590 0.744847 0.057104 0.057104
0 0.882540 0.668764 0.088662 0.088662