0 0.895471 0.951118 0.104277 0.104277
0 0.351285 0.727052 0.062220 0.062220
0 0.275842 0.954268 0.052757 0.052757
0 0.270112 0.191481 0.104277 0.104277
0 0.298170 0.601437 0.057103 0.057103
0 0.967481 0.997614 0.057104 0.057104
0 0.467223 0.848728 0.071945 0.071945
0 0.514471 0.911167 0.061130 0.061130
0 0.069516 0.647082 0.052757 0.052757
0 0.994723 0.824528 0.057104 0.057104
0 0.991570 0.663703 0.052757 0.052757
0 0.817593 0.651006 0.061131 0.061131
0 0.759805 0.971031 0.052757 0.052757
0 0.502975 0.351627 0.057104 0.057104
0 0.752719 0.572313 0.062220 0.062220
0 0.230290 0.423575 0.104277 0.104277
0 0.891682 0.015499 0.071945 0.071945
0 0.214332 0.865762 0.071945 0.071945
0 0.144087 0.858677 0.057104 0.057104
0 0.724603 0.256347 0.061131 0.061131
0 0.039051 0.356634 0.104277 0.104277
0 0.744046 0.017891 0.104277 0.104277
0 0.249687 0.287724 0.057104 0.057104
0 0.440740 0.506758 0.057104 0.057104
0 0.198257 0.236593 0.104277 0.104277
0 0.788015 0.152817 0.071945 0.071945
0 0.559329 0.788860 0.061130 0.061130
0 0.473904 0.268054 0.104277 0.104277
0 0.360763 0.549193 0.052757 0.052757
0 0.164618 0.105541 0.052757 0.052757
0 0.639066 0.087118 0.104277 0.104277
0 0.431679 0.088902 0.062220 0.062220
0 0.113938 0.572535 0.062220 0.062220
0 0.850098 0.401731 0.071945 0.071945
0 0.831466 0.853150 0.104277 0.104277
0 0.017429 0.031119 0.062220 0.062220
0 0.286004 0.352223 0.057104 0.057104
0 0.443158 0.601258 0.057104 0.057104
0 0.345263 0.988621 0.104277 0.104277
0 0.209303 0.766799 0.057104 0.057104
0 0.451019 0.768546 0.057104 0.057104
0 0.116658 0.943928 0.057104 0.057104
0 0.491548 0.430587 0.052757 0.052757
0 0.562739 0.499668 0.104277 0.104277
0 0.531296 0.068779 0.062220 0.062220
0 0.319585 0.882883 0.104277 0.104277
0 0.124142 0.776182 0.052757 0.052757
0 0.863906 0.536145 0.061131 0.061131
0 0.318843 0.788152 0.052757 0.052757
0 0.135754 0.707473 0.061130 0.061130
0 0.504207 0.701645 0.104277 0.104277
0 0.639516 0.584842 0.061130 0.061130
0 0.329487 0.227690 0.052757 0.052757
0 0.375429 0.439273 0.057104 0.057104
0 0.204708 0.622291 0.071945 0.071945
0 0.722002 0.482630 0.104277 0.104277
0 0.934883 0.367090 0.062220 0.062220
0 0.626927 0.319993 0.062220 0.062220
0 0.953445 0.606524 0.057104 0.057104
0 0.030298 0.115601 0.061130 0.061130
0 0.409595 0.950922 0.062220 0.062220
0 0.187507 0.363441 0.052757 0.052757
0 0.817914 0.081292 0.061131 0.061131
0 0.723927 0.890619 0.052757 0.052757
0 0.716694 0.660956 0.062220 0.062220
0 0.108412 0.055000 0.071945 0.071945
0 0.721758 0.118610 0.061131 0.061131
0 0.519871 0.575366 0.061130 0.061130
0 0.047399 0.227652 0.057104 0.057104
0 0.681459 0.724574 0.104278 0.104278
0 0.684742 0.196773 0.052757 0.052757
0 0.764376 0.391594 0.061131 0.061131
0 0.981930 0.089136 0.057104 0.057104
0 0.061905 0.735618 0.061130 0.061130
0 0.028517 0.572804 0.062220 0.062220
0 0.931602 0.788745 0.062220 0.062220
0 0.206335 0.971414 0.057104 0.057104
0 0.516843 0.980321 0.057104 0.057104
0 0.008531 0.913588 0.104277 0.104277
0 0.738477 0.790485 0.062220 0.062220
0 0.617034 0.905061 0.057104 0.057104
0 0.562793 0.222188 0.104277 0.104277
0 0.341311 0.302175 0.061130 0.061130
0 0.285162 0.122091 0.104277 0.104277
0 0.983063 0.539572 0.052757 0.052757
0 0.770397 0.722856 0.071945 0.071945
0 0.051922 0.494869 0.057104 0.057104
0 0.683977 0.959417 0.062220 0.062220
0 0.468362 0.026754 0.057104 0.057104
0 0.350747 0.151180 0.071945 0.071945
0 0.581310 0.377622 0.061130 0.061130
0 0.417620 0.685968 0.057104 0.057104
0 0.616036 0.682654 0.104277 0.104277
0 0.292378 0.676317 0.104277 0.104277
0 0.947831 0.456415 0.057104 0.057104
0 0.853680 0.204436 0.104277 0.104277
0 0.810598 0.779782 0.052757 0.052757
0 0.622069 0.450535 0.061130 0.061130
0 0.920022 0.273873 0.052757 0.052757
0 0.799050 0.492556 0.071945 0.071945
0 0.927177 0.139417 0.071945 0.071945
0 0.564976 0.135037 0.057104 0.057104
0 0.316505 0.481394 0.062220 0.062220
0 0.667515 0.389345 0.071945 0.071945
0 0.415698 0.176336 0.057104 0.057104
0 0.014687 0.837125 0.061130 0.061130
0 0.097775 0.404550 0.104277 0.104277
0 0.216316 0.540249 0.052757 0.052757
0 0.103177 0.284845 0.057104 0.057104
0 0.398752 0.873030 0.057104 0.057104
0 0.163567 0.465706 0.062220 0.062220
0 0.807579 0.263573 0.052757 0.052757
0 0.899407 0.666165 0.061131 0.061131