0 0.306808 0.954104 0.062220 0.062220
0 0.268582 0.760080 0.062220 0.062220
0 0.757970 0.476907 0.071945 0.071945
0 0.559583 0.322252 0.104277 0.104277
0 0.622071 0.046478 0.052757 0.052757
0 0.766654 0.847239 0.061130 0.061130
0 0.802368 0.233224 0.061130 0.061130
0 0.294562 0.403446 0.052757 0.052757
0 0.828781 0.955331 0.104277 0.104277
0 0.306254 0.489995 0.104277 0.104277
0 0.146604 0.037453 0.061130 0.061130
0 0.652718 0.743620 0.104277 0.104277
0 0.065156 0.814367 0.052757 0.052757
0 0.611579 0.865231 0.104277 0.104277
0 0.498095 0.907205 0.071945 0.071945
0 0.975312 0.195100 0.071945 0.071945
0 0.542436 0.167162 0.052757 0.052757
0 0.656119 0.496362 0.062220 0.062220
0 0.024347 0.899037 0.062220 0.062220
0 0.285987 0.316025 0.104277 0.104277
0 0.618743 0.242297 0.071945 0.071945
0 0.368344 0.247823 0.104277 0.104277
0 0.292511 0.216883 0.061130 0.061130
0 0.681472 0.668620 0.057104 0.057104
0 0.199582 0.114840 0.104277 0.104277
0 0.034787 0.620538 0.061130 0.061130
0 0.754159 0.067854 0.104277 0.104277
0 0.015203 0.532655 0.052757 0.052757
0 0.749819 0.651056 0.104277 0.104277
0 0.907481 0.948248 0.062220 0.062220
0 0.635172 0.592118 0.061130 0.061130
0 0.514477 0.633992 0.057104 0.057104
0 0.419452 0.393878 0.104277 0.104277
0 0.176005 0.533482 0.061130 0.061130
0 0.256849 0.658940 0.062220 0.062220
0 0.910211 0.553318 0.052757 0.052757
0 0.451993 0.740750 0.057104 0.057104
0 0.567969 0.770841 0.104277 0.104277
0 0.298738 0.567150 0.057104 0.057104
0 0.064074 0.996281 0.061130 0.061130
0 0.877428 0.740186 0.071945 0.071945
0 0.507406 0.980170 0.071945 0.071945
0 0.116536 0.768593 0.062220 0.062220
0 0.214934 0.354805 0.052757 0.052757
0 0.696616 0.318586 0.052757 0.052757
0 0.981768 0.647370 0.104277 0.104277
0 0.335284 0.702593 0.057104 0.057104
0 0.077409 0.038380 0.052757 0.052757
0 0.506640 0.241341 0.104277 0.104277
0 0.453937 0.102987 0.057104 0.057104
0 0.659274 0.184591 0.052757 0.052757
0 0.147359 0.614694 0.061130 0.061130
0 0.990592 0.381162 0.062220 0.062220
0 0.834279 0.456712 0.061131 0.061131
0 0.357105 0.326973 0.061130 0.061130
0 0.792672 0.385163 0.071945 0.071945
0 0.821851 0.048192 0.071945 0.071945
0 0.031936 0.257524 0.104278 0.104278
0 0.580873 0.503712 0.062220 0.062220
0 0.822111 0.119016 0.061130 0.061130
0 0.098785 0.235915 0.052757 0.052757
0 0.795818 0.708023 0.057104 0.057104
0 0.112589 0.875725 0.062220 0.062220
0 0.533514 0.844562 0.057104 0.057104
0 0.436654 0.029579 0.052757 0.052757
0 0.608540 0.661550 0.104277 0.104277
0 0.237804 0.995920 0.050891 0.050891
0 0.108246 0.490939 0.057104 0.057104
0 0.401674 0.888226 0.062220 0.062220
0 0.477201 0.355333 0.071945 0.071945
0 0.911502 0.462434 0.052757 0.052757
0 0.170455 0.921066 0.062220 0.062220
0 0.266214 0.886985 0.104277 0.104277
0 0.621048 0.421972 0.061130 0.061130
0 0.278947 0.144477 0.052757 0.052757
0 0.429121 0.180762 0.057104 0.057104
0 0.064664 0.358408 0.057104 0.057104
0 0.894611 0.669544 0.062220 0.062220
0 0.839034 0.849303 0.104277 0.104277
0 0.431586 0.611281 0.062220 0.062220
0 0.408931 0.465137 0.071945 0.071945
0 0.566485 0.931315 0.062220 0.062220
0 0.122820 0.400246 0.071945 0.071945
0 0.946264 0.036684 0.052757 0.052757
0 0.139402 0.993875 0.062220 0.062220
0 0.633941 0.115901 0.104277 0.104277
0 0.667127 0.812956 0.062220 0.062220
0 0.989128 0.276195 0.052757 0.052757
0 0.541340 0.702303 0.071945 0.071945
0 0.901175 0.328059 0.052757 0.052757
0 0.720712 0.394446 0.057104 0.057104
0 0.217382 0.819005 0.104277 0.104277
0 0.817976 0.775025 0.104277 0.104277
0 0.002349 0.435139 0.052757 0.052757
0 0.988197 0.554495 0.055027 0.055027
0 0.778888 0.583408 0.062220 0.062220
0 0.634255 0.349436 0.050559 0.050559
0 0.928477 0.847571 0.052757 0.052757
0 0.763394 0.292215 0.061130 0.061130
0 0.892665 0.112587 0.071945 0.071945
0 0.448657 0.823783 0.052757 0.052757
0 0.734878 0.740371 0.071945 0.071945
0 0.535897 0.084992 0.061131 0.061131
0 0.383004 0.126317 0.104277 0.104277
0 0.891465 0.207140 0.071945 0.071945
0 0.850927 0.596218 0.104277 0.104277
0 0.693428 0.940481 0.104277 0.104277
0 0.375432 0.819061 0.052757 0.052757
0 0.059795 0.142419 0.071945 0.071945
0 0.288902 0.066073 0.061130 0.061130
0 0.698110 0.021264 0.071945 0.071945
0 0.409104 0.684447 0.061130 0.061130
0 0.080585 0.703791 0.104277 0.104277
0 0.189417 0.253523 0.104277 0.104277
0 0.728817 0.159204 0.104277 0.104277
0 0.493310 0.479118 0.052757 0.052757
0 0.228701 0.423783 0.104277 0.104277