0 0.849245 0.269698 0.062220 0.062220
0 0.598237 0.572731 0.104277 0.104277
0 0.626295 0.982687 0.057103 0.057103
0 0.259895 0.955973 0.104277 0.104277
0 0.803319 0.328540 0.062220 0.062220
0 0.949893 0.305552 0.070161 0.070161
0 0.580613 0.297164 0.104278 0.104278
0 0.831100 0.732877 0.057104 0.057104
0 0.247334 0.111771 0.062220 0.062220
0 0.558415 0.804825 0.104277 0.104277
0 0.739294 0.276676 0.071945 0.071945
0 0.713714 0.045256 0.062220 0.062220
0 0.367176 0.737884 0.104277 0.104277
0 0.260753 0.352048 0.104277 0.104277
0 0.221759 0.247042 0.071945 0.071945
0 0.480709 0.334743 0.071945 0.071945
0 0.146020 0.184502 0.057104 0.057104
0 0.986630 0.244776 0.061130 0.061130
0 0.577812 0.668974 0.057104 0.057104
0 0.225011 0.759715 0.062220 0.062220
0 0.699515 0.128017 0.071945 0.071945
0 0.236676 0.649937 0.062220 0.062220
0 0.768865 0.888008 0.057104 0.057104
0 0.526382 0.617843 0.104277 0.104277
0 0.298321 0.796236 0.062220 0.062220
0 0.633819 0.067018 0.104277 0.104277
0 0.450060 0.142798 0.104277 0.104277
0 0.577281 0.179455 0.057104 0.057104
0 0.569364 0.042754 0.071945 0.071945
0 0.141222 0.790990 0.104278 0.104278
0 0.802029 0.649304 0.104277 0.104277
0 0.688888 0.930443 0.052757 0.052757
0 0.492743 0.486791 0.052757 0.052757
0 0.967191 0.468368 0.104277 0.104277
0 0.759804 0.470152 0.062220 0.062220
0 0.442063 0.953785 0.062220 0.062220
0 0.141410 0.901745 0.071945 0.071945
0 0.345554 0.412369 0.062220 0.062220
0 0.614129 0.733473 0.057104 0.057104
0 0.771283 0.982508 0.057104 0.057104
0 0.367655 0.051503 0.104277 0.104277
0 0.141474 0.552880 0.052757 0.052757
0 0.927982 0.175278 0.071945 0.071945
0 0.819673 0.811837 0.052757 0.052757
0 0.890864 0.880918 0.104277 0.104277
0 0.859421 0.450029 0.062220 0.062220
0 0.291012 0.528260 0.061130 0.061130
0 0.178792 0.083973 0.071945 0.071945
0 0.789624 0.110332 0.052757 0.052757
0 0.666946 0.373156 0.071945 0.071945
0 0.967641 0.966092 0.061130 0.061130
0 0.657612 0.608940 0.052757 0.052757
0 0.703554 0.820523 0.057104 0.057104
0 0.142380 0.446668 0.104277 0.104277
0 0.165045 0.290934 0.052757 0.052757
0 0.300771 0.189349 0.104277 0.104277
0 0.371875 0.138938 0.057104 0.057104
0 0.955052 0.701243 0.062220 0.062220
0 0.358423 0.496851 0.061130 0.061130
0 0.227597 0.476109 0.061130 0.061130
0 0.515632 0.744691 0.052757 0.052757
0 0.845221 0.165443 0.052757 0.052757
0 0.436537 0.436250 0.071945 0.071945
0 0.398451 0.215610 0.104277 0.104277
0 0.311994 0.865892 0.057104 0.057104
0 0.922838 0.075660 0.057104 0.057104
0 0.294964 0.286739 0.057104 0.057104
0 0.847996 0.956616 0.061130 0.061130
0 0.375524 0.608902 0.057104 0.057104
0 0.539348 0.118354 0.062220 0.062220
0 0.917834 0.378056 0.052757 0.052757
0 0.173979 0.620044 0.061130 0.061130
0 0.356642 0.954054 0.062220 0.062220
0 0.194627 0.386151 0.104278 0.104278
0 0.890918 0.603438 0.104277 0.104277
0 0.669436 0.683425 0.061130 0.061130
0 0.613287 0.503341 0.104277 0.104277
0 0.575988 0.374241 0.052757 0.052757
0 0.380047 0.876119 0.057104 0.057104
0 0.796487 0.408004 0.057104 0.057104
0 0.678872 0.532430 0.071945 0.071945
0 0.755016 0.172867 0.104277 0.104277
0 0.238415 0.883468 0.052757 0.052757
0 0.909435 0.758872 0.061130 0.061130
0 0.214130 0.173894 0.071945 0.071945
0 0.673009 0.294934 0.056505 0.056505
0 0.950194 0.831785 0.061130 0.061130
0 0.312028 0.656580 0.062220 0.062220
0 0.893101 0.516287 0.057104 0.057104
0 0.667306 0.226245 0.061130 0.061130
0 0.644630 0.862644 0.062220 0.062220
0 0.995640 0.770595 0.071945 0.071945
0 0.743823 0.557586 0.057104 0.057104
0 0.466860 0.250047 0.062220 0.062220
0 0.425900 0.785800 0.104277 0.104277
0 0.404123 0.370466 0.057104 0.057104
0 0.544441 0.921499 0.052757 0.052757
0 0.431302 0.666095 0.057104 0.057104
0 0.484136 0.037297 0.061130 0.061130
0 0.278791 0.044919 0.057104 0.057104
0 0.491692 0.846956 0.062220 0.062220
0 0.178433 0.704843 0.061130 0.061130