0 0.781467 0.905727 0.104277 0.104277
0 0.737919 0.693736 0.061130 0.061130
0 0.671012 0.554065 0.104277 0.104277
0 0.732838 0.463017 0.071945 0.071945
0 0.931757 0.903403 0.062220 0.062220
0 0.884651 0.448627 0.071945 0.071945
0 0.963404 0.655485 0.104277 0.104277
0 0.638690 0.655634 0.052757 0.052757
0 0.968037 0.338930 0.061131 0.061131
0 0.676721 0.326118 0.104277 0.104277
0 0.182886 0.608731 0.052757 0.052757
0 0.132535 0.102052 0.062220 0.062220
0 0.999152 0.075325 0.104277 0.104277
0 0.775591 0.820542 0.057104 0.057104
0 0.546784 0.498574 0.062220 0.062220
0 0.804793 0.262089 0.052757 0.052757
0 0.457619 0.683733 0.104277 0.104277
0 0.057092 0.329268 0.052757 0.052757
0 0.715597 0.620273 0.061131 0.061131
0 0.991601 0.950891 0.052757 0.052757
0 0.182431 0.816561 0.057104 0.057104
0 0.748731 0.372614 0.057104 0.057104
0 0.248473 0.223728 0.071945 0.071945
0 0.799813 0.580768 0.052757 0.052757
0 0.295721 0.286167 0.061130 0.061130
0 0.473855 0.410122 0.052757 0.052757
0 0.938147 0.132980 0.062220 0.062220
0 0.856020 0.516728 0.057104 0.057104
0 0.775973 0.199528 0.057104 0.057104
0 0.772820 0.038703 0.052757 0.052757
0 0.968493 0.738739 0.036679 0.036679
0 0.883974 0.176966 0.061130 0.061130
0 0.598843 0.026006 0.061131 0.061131
0 0.227240 0.499207 0.057104 0.057104
0 0.802255 0.669350 0.057104 0.057104
0 0.541055 0.346031 0.052757 0.052757
0 0.314171 0.495464 0.057104 0.057104
0 0.537023 0.621983 0.071945 0.071945
0 0.826903 0.133989 0.061131 0.061131
0 0.646118 0.428314 0.071945 0.071945
0 0.876130 0.067442 0.057104 0.057104
0 0.193390 0.399669 0.057104 0.057104
0 0.554975 0.937569 0.071945 0.071945
0 0.608242 0.588432 0.057104 0.057104
0 0.340579 0.163860 0.061130 0.061130
0 0.228753 0.765194 0.071945 0.071945
0 0.964698 0.499127 0.061130 0.061130
0 0.323348 0.977822 0.062220 0.062220
0 0.439009 0.806822 0.061130 0.061130
0 0.612716 0.228150 0.104277 0.104277
0 0.374321 0.709083 0.061130 0.061130
0 0.345395 0.637348 0.061130 0.061130
0 0.914794 0.593610 0.062220 0.062220
0 0.126513 0.363621 0.104277 0.104277
0 0.232269 0.143546 0.057104 0.057104
0 0.524075 0.763618 0.104277 0.104277
0 0.687480 0.861491 0.071945 0.071945
0 0.100835 0.257883 0.104277 0.104277
0 0.384878 0.375286 0.052757 0.052757
0 0.828226 0.364640 0.062220 0.062220
0 0.377775 0.915209 0.061130 0.061130
0 0.115928 0.450183 0.104277 0.104277
0 0.370017 0.831527 0.104277 0.104277
0 0.100093 0.163152 0.052757 0.052757
0 0.574636 0.812155 0.104277 0.104277
0 0.059325 0.600266 0.052757 0.052757
0 0.285457 0.076645 0.104277 0.104277
0 0.553541 0.699465 0.052757 0.052757
0 0.860457 0.739153 0.062220 0.062220
0 0.265900 0.572952 0.071945 0.071945
0 0.190845 0.325922 0.062220 0.062220
0 0.895298 0.282491 0.071945 0.071945
0 0.505177 0.265619 0.052757 0.052757
0 0.497944 0.035956 0.062220 0.062220
0 0.151777 0.531619 0.104277 0.104277
0 0.678605 0.945407 0.057104 0.057104
0 0.161812 0.981986 0.050932 0.050932
0 0.298548 0.803100 0.052757 0.052757
0 0.462709 0.099574 0.104278 0.104278
0 0.064685 0.749991 0.071945 0.071945
0 0.916120 0.787071 0.071945 0.071945
0 0.275445 0.710160 0.061130 0.061130
0 0.634474 0.768215 0.052757 0.052757
0 0.488780 0.919662 0.057104 0.057104
0 0.712852 0.163745 0.062220 0.062220
0 0.298093 0.355321 0.057104 0.057104
0 0.519727 0.165485 0.062220 0.062220
0 0.398284 0.280061 0.057104 0.057104
0 0.272349 0.870126 0.061130 0.061130
0 0.134714 0.713285 0.071945 0.071945
0 0.262201 0.429786 0.048997 0.048997
0 0.551647 0.097856 0.071945 0.071945
0 0.465227 0.334417 0.062220 0.062220
0 0.198870 0.060968 0.057104 0.057104
0 0.397286 0.057654 0.104277 0.104277
0 0.073628 0.051317 0.104277 0.104277
0 0.461209 0.575778 0.062220 0.062220
0 0.591848 0.154782 0.052757 0.052757
0 0.233141 0.966811 0.062220 0.062220
0 0.028896 0.944715 0.062220 0.062220
0 0.464786 0.485967 0.061131 0.061131
0 0.039560 0.524163 0.104277 0.104277
0 0.107849 0.884485 0.052757 0.052757
0 0.180002 0.248030 0.057104 0.057104
0 0.392294 0.582772 0.071945 0.071945
0 0.853076 0.866970 0.057104 0.057104
0 0.187799 0.892366 0.071945 0.071945
0 0.680657 0.041165 0.061131 0.061131