0 0.637717 0.677602 0.104277 0.104277
0 0.594169 0.465611 0.061130 0.061130
0 0.310177 0.885130 0.104278 0.104278
0 0.997114 0.427320 0.052757 0.052757
0 0.527262 0.325940 0.104277 0.104277
0 0.589088 0.234892 0.071945 0.071945
0 0.788007 0.675278 0.062220 0.062220
0 0.740901 0.220502 0.071945 0.071945
0 0.819654 0.427360 0.104277 0.104277
0 0.494940 0.427509 0.052757 0.052757
0 0.897518 0.473885 0.071945 0.071945
0 0.824287 0.110805 0.061131 0.061131
0 0.532971 0.097993 0.104277 0.104277
0 0.039136 0.380606 0.052757 0.052757
0 0.327615 0.995935 0.052757 0.052757
0 0.631841 0.592417 0.057104 0.057104
0 0.403034 0.270449 0.062220 0.062220
0 0.667703 0.779053 0.051819 0.051819
0 0.661043 0.033964 0.052757 0.052757
0 0.313869 0.455608 0.104277 0.104277
0 0.571847 0.392148 0.061131 0.061131
0 0.847851 0.722766 0.052757 0.052757
0 0.038681 0.588436 0.057104 0.057104
0 0.604981 0.144489 0.057104 0.057104
0 0.909127 0.671281 0.057103 0.057103
0 0.656063 0.352643 0.052757 0.052757
0 0.151971 0.058042 0.061130 0.061130
0 0.924120 0.088445 0.104277 0.104277
0 0.330105 0.181997 0.052757 0.052757
0 0.712270 0.288603 0.057104 0.057104
0 0.824743 0.510614 0.036679 0.036679
0 0.260023 0.796568 0.052757 0.052757
0 0.943781 0.788621 0.104277 0.104277
0 0.083490 0.271082 0.057104 0.057104
0 0.658505 0.441225 0.057104 0.057104
0 0.743544 0.849397 0.104277 0.104277
0 0.397305 0.117906 0.052757 0.052757
0 0.738681 0.776104 0.071945 0.071945
0 0.170421 0.267339 0.057104 0.057104
0 0.981277 0.237800 0.052757 0.052757
0 0.968383 0.305662 0.104277 0.104277
0 0.393273 0.393858 0.071945 0.071945
0 0.445152 0.788813 0.052757 0.052757
0 0.874021 0.329294 0.104277 0.104277
0 0.502368 0.200189 0.071945 0.071945
0 0.659999 0.936026 0.054783 0.054783
0 0.964926 0.496769 0.062220 0.062220
0 0.049640 0.171544 0.057104 0.057104
0 0.827551 0.869938 0.057103 0.057103
0 0.411225 0.709444 0.071945 0.071945
0 0.184902 0.915041 0.061130 0.061130
0 0.076255 0.813883 0.071945 0.071945
0 0.921857 0.936759 0.061131 0.061131
0 0.508381 0.944694 0.057104 0.057104
0 0.873035 0.804640 0.061131 0.061131
0 0.464492 0.360307 0.057104 0.057104
0 0.085003 0.537069 0.071945 0.071945
0 0.065159 0.982176 0.061130 0.061130
0 0.035828 0.898511 0.062220 0.062220
0 0.820948 0.271002 0.061130 0.061130
0 0.179598 0.749697 0.062220 0.062220
0 0.295259 0.578697 0.061130 0.061130
0 0.899708 0.401617 0.061130 0.061130
0 0.522576 0.822820 0.052757 0.052757
0 0.468966 0.000025 0.104277 0.104277
0 0.230571 0.480958 0.061130 0.061130
0 0.201645 0.409223 0.061130 0.061130
0 0.771044 0.365485 0.062220 0.062220
0 0.380325 0.535493 0.104277 0.104277
0 0.543730 0.633366 0.071945 0.071945
0 0.241128 0.147161 0.052757 0.052757
0 0.684476 0.136515 0.062220 0.062220
0 0.234025 0.687084 0.061130 0.061130
0 0.334118 0.779620 0.057104 0.057104
0 0.226267 0.603402 0.104277 0.104277
0 0.433719 0.857236 0.062220 0.062220
0 0.998546 0.909864 0.062220 0.062220
0 0.430886 0.584030 0.104277 0.104277
0 0.409791 0.471340 0.052757 0.052757
0 0.716707 0.511028 0.062220 0.062220
0 0.122150 0.344827 0.071945 0.071945
0 0.176478 0.991676 0.104277 0.104277
0 0.047095 0.097797 0.062220 0.062220
0 0.137124 0.845697 0.071945 0.071945
0 0.751548 0.054366 0.071945 0.071945
0 0.380022 0.913325 0.104277 0.104277
0 0.361427 0.037494 0.052757 0.052757
0 0.858918 0.593724 0.104277 0.104277
0 0.008027 0.303494 0.104277 0.104277
0 0.534855 0.717282 0.057104 0.057104
0 0.018062 0.753861 0.050932 0.050932
0 0.154798 0.574975 0.052757 0.052757
0 0.922107 0.860363 0.071945 0.071945
0 0.772370 0.558946 0.071945 0.071945
0 0.131695 0.482035 0.061130 0.061130
0 0.490724 0.540090 0.052757 0.052757
0 0.345030 0.691537 0.057104 0.057104
0 0.736359 0.922775 0.104277 0.104277
0 0.154343 0.127196 0.057104 0.057104
0 0.254534 0.051936 0.057104 0.057104
0 0.128599 0.642001 0.061130 0.061130
0 0.913265 0.549093 0.061131 0.061131
0 0.800902 0.966973 0.057104 0.057104
0 0.118451 0.201661 0.048997 0.048997
0 0.321477 0.106292 0.062220 0.062220
0 0.894508 0.018027 0.057104 0.057104
0 0.317459 0.347653 0.062220 0.062220
0 0.646440 0.868072 0.052757 0.052757
0 0.573877 0.902299 0.104277 0.104277
0 0.089391 0.738686 0.062220 0.062220
0 0.877251 0.157965 0.057104 0.057104
0 0.321036 0.257842 0.061131 0.061131
0 0.264159 0.955044 0.071945 0.071945
0 0.969426 0.168181 0.052757 0.052757
0 0.036252 0.019905 0.057104 0.057104
0 0.248544 0.354647 0.071945 0.071945
0 0.709326 0.638845 0.057104 0.057104
0 0.044049 0.664241 0.071945 0.071945
0 0.979077 0.721576 0.061131 0.061131