0 0.354845 0.489407 0.071945 0.071945
0 0.917384 0.996109 0.104277 0.104277
0 0.629966 0.457386 0.071945 0.071945
0 0.910344 0.197707 0.071945 0.071945
0 0.156458 0.334752 0.104277 0.104277
0 0.662094 0.572756 0.052757 0.052757
0 0.218946 0.058978 0.052757 0.052757
0 0.363529 0.859739 0.061130 0.061130
0 0.900377 0.679910 0.061131 0.061131
0 0.806254 0.796244 0.062220 0.062220
0 0.399243 0.245724 0.061130 0.061130
0 0.805521 0.370701 0.104277 0.104277
0 0.789610 0.966437 0.052757 0.052757
0 0.425656 0.967831 0.104277 0.104277
0 0.249593 0.756120 0.104277 0.104277
0 0.208454 0.877731 0.104277 0.104277
0 0.094970 0.919705 0.071945 0.071945
0 0.118240 0.008435 0.052757 0.052757
0 0.572187 0.207600 0.071945 0.071945
0 0.139311 0.179662 0.052757 0.052757
0 0.252994 0.508862 0.062220 0.062220
0 0.215618 0.254797 0.071945 0.071945
0 0.682409 0.819040 0.104277 0.104277
0 0.278347 0.681120 0.057104 0.057104
0 0.772517 0.533820 0.104277 0.104277
0 0.727656 0.724939 0.071945 0.071945
0 0.937714 0.617563 0.052757 0.052757
0 0.351034 0.080354 0.104277 0.104277
0 0.650895 0.326458 0.104277 0.104277
0 0.768674 0.137651 0.071945 0.071945
0 0.346694 0.663556 0.104277 0.104277
0 0.763908 0.877698 0.052757 0.052757
0 0.773421 0.069205 0.062220 0.062220
0 0.504356 0.960748 0.062220 0.062220
0 0.232047 0.604618 0.061130 0.061130
0 0.111352 0.646492 0.057104 0.057104
0 0.016327 0.406378 0.104277 0.104277
0 0.711377 0.264956 0.057104 0.057104
0 0.754344 0.438631 0.062220 0.062220
0 0.507086 0.565818 0.052757 0.052757
0 0.654094 0.196740 0.062220 0.062220
0 0.048868 0.753250 0.057104 0.057104
0 0.164844 0.783341 0.104277 0.104277
0 0.625829 0.953568 0.062220 0.062220
0 0.474303 0.752686 0.071945 0.071945
0 0.104281 0.992670 0.071945 0.071945
0 0.839743 0.169433 0.061130 0.061130
0 0.684307 0.667695 0.102474 0.102474
0 0.293491 0.331086 0.052757 0.052757
0 0.578643 0.659870 0.104277 0.104277
0 0.103515 0.253841 0.104277 0.104277
0 0.050812 0.115487 0.057104 0.057104
0 0.256149 0.197091 0.052757 0.052757
0 0.587467 0.393662 0.062220 0.062220
0 0.431154 0.469212 0.061131 0.061131
0 0.389547 0.397663 0.071945 0.071945
0 0.418726 0.060692 0.071945 0.071945
0 0.177748 0.516212 0.062220 0.062220
0 0.418986 0.131516 0.061130 0.061130
0 0.392693 0.720523 0.057104 0.057104
0 0.130389 0.857062 0.057104 0.057104
0 0.033529 0.042079 0.052757 0.052757
0 0.205415 0.674050 0.104277 0.104277
0 0.074076 0.367833 0.071945 0.071945
0 0.873989 0.426607 0.045227 0.045227
0 0.508377 0.474934 0.052757 0.052757
0 0.934613 0.048207 0.104278 0.104278
0 0.217923 0.434472 0.061130 0.061130
0 0.929654 0.330402 0.061130 0.061130
0 0.025996 0.193262 0.057104 0.057104
0 0.491486 0.682044 0.062220 0.062220
0 0.435909 0.861803 0.104277 0.104277
0 0.028461 0.623781 0.062220 0.062220
0 0.005806 0.477637 0.071945 0.071945
0 0.163360 0.943815 0.062220 0.062220
0 0.543139 0.049184 0.052757 0.052757
0 0.230816 0.128401 0.104277 0.104277
0 0.264002 0.825456 0.062220 0.062220
0 0.586003 0.288695 0.052757 0.052757
0 0.138215 0.714803 0.071945 0.071945
0 0.498050 0.340559 0.052757 0.052757
0 0.921243 0.897257 0.061131 0.061131
0 0.317587 0.406946 0.057104 0.057104
0 0.788060 0.274099 0.061131 0.061131
0 0.693697 0.138362 0.057104 0.057104
0 0.414851 0.787525 0.104277 0.104277
0 0.886815 0.773269 0.061131 0.061131
0 0.853069 0.924354 0.062221 0.062221
0 0.688967 0.924636 0.052757 0.052757
0 0.585072 0.566995 0.055027 0.055027
0 0.717264 0.367817 0.061131 0.061131
0 0.375763 0.595908 0.062220 0.062220
0 0.795101 0.671173 0.104277 0.104277
0 0.231130 0.361936 0.050559 0.050559
0 0.525352 0.860071 0.052757 0.052757
0 0.360269 0.304715 0.061130 0.061130
0 0.489540 0.125087 0.071945 0.071945
0 0.045532 0.836283 0.052757 0.052757
0 0.631573 0.036611 0.104277 0.104277
0 0.331753 0.752871 0.071945 0.071945
0 0.132772 0.097492 0.061131 0.061131
0 0.488340 0.219640 0.071945 0.071945
0 0.447802 0.608718 0.104277 0.104277
0 0.611812 0.752975 0.061130 0.061130
0 0.290303 0.952981 0.104277 0.104277
0 0.875183 0.287593 0.052757 0.052757
0 0.294985 0.033764 0.071945 0.071945
0 0.005979 0.696947 0.061130 0.061130
0 0.601249 0.128215 0.104277 0.104277
0 0.325692 0.171704 0.104277 0.104277
0 0.090185 0.491618 0.052757 0.052757
0 0.877458 0.093760 0.061131 0.061131
0 0.849840 0.619847 0.057104 0.057104
0 0.863790 0.543764 0.088662 0.088662