0 0.395545 0.373851 0.062220 0.062220
0 0.741183 0.713479 0.062220 0.062220
0 0.702957 0.519455 0.062220 0.062220
0 0.478859 0.827093 0.057103 0.057103
0 0.993958 0.081627 0.104277 0.104277
0 0.728937 0.162821 0.052757 0.052757
0 0.740629 0.249370 0.104277 0.104277
0 0.499531 0.573742 0.052757 0.052757
0 0.932470 0.666580 0.071945 0.071945
0 0.337874 0.428733 0.071945 0.071945
0 0.458722 0.658412 0.062220 0.062220
0 0.363755 0.851394 0.071945 0.071945
0 0.720362 0.075400 0.104277 0.104277
0 0.802719 0.007198 0.104277 0.104277
0 0.388674 0.689048 0.104277 0.104277
0 0.192296 0.461859 0.061130 0.061130
0 0.469162 0.379913 0.061130 0.061130
0 0.449578 0.292030 0.052757 0.052757
0 0.240724 0.758211 0.104278 0.104278
0 0.948852 0.393367 0.057104 0.057104
0 0.853827 0.153253 0.104277 0.104277
0 0.638603 0.872976 0.062220 0.062220
0 0.610380 0.292857 0.061130 0.061130
0 0.691224 0.418315 0.062220 0.062220
0 0.306414 0.003549 0.061130 0.061130
0 0.886368 0.500125 0.057104 0.057104
0 0.108885 0.122161 0.104278 0.104278
0 0.796433 0.856271 0.071945 0.071945
0 0.733113 0.326525 0.057104 0.057104
0 0.498449 0.755656 0.061130 0.061130
0 0.941781 0.739545 0.071945 0.071945
0 0.550911 0.527968 0.062220 0.062220
0 0.649309 0.114180 0.052757 0.052757
0 0.749030 0.784281 0.057104 0.057104
0 0.257898 0.561446 0.062220 0.062220
0 0.769659 0.461968 0.057104 0.057104
0 0.941015 0.000716 0.104277 0.104277
0 0.581734 0.374069 0.061130 0.061130
0 0.712874 0.863934 0.052757 0.052757
0 0.791480 0.086348 0.061130 0.061130
0 0.466311 0.016899 0.104278 0.104278
0 0.546964 0.635100 0.062220 0.062220
0 0.967889 0.603937 0.057104 0.057104
0 0.174269 0.174367 0.062220 0.062220
0 0.672179 0.755295 0.050891 0.050891
0 0.325601 0.261591 0.062220 0.062220
0 0.398005 0.770730 0.104277 0.104277
0 0.542621 0.250314 0.057104 0.057104
0 0.836049 0.647601 0.062220 0.062220
0 0.911576 0.114708 0.071945 0.071945
0 0.956868 0.856667 0.057104 0.057104
0 0.332775 0.593597 0.062220 0.062220
0 0.557199 0.834317 0.052757 0.052757
0 0.604830 0.680441 0.062220 0.062220
0 0.700589 0.646360 0.104277 0.104277
0 0.499039 0.117783 0.057104 0.057104
0 0.208037 0.355473 0.104278 0.104278
0 0.426314 0.084163 0.071945 0.071945
0 0.326675 0.348937 0.052757 0.052757
0 0.235858 0.865064 0.071945 0.071945
0 0.145246 0.870739 0.052757 0.052757
0 0.862437 0.775538 0.061130 0.061130
0 0.865961 0.370656 0.062220 0.062220
0 0.843306 0.224512 0.071945 0.071945
0 0.295473 0.818836 0.057104 0.057104
0 0.364899 0.163729 0.052757 0.052757
0 0.557195 0.159621 0.071945 0.071945
0 0.083223 0.192203 0.104277 0.104277
0 0.259578 0.403455 0.057104 0.057104
0 0.293156 0.072133 0.057104 0.057104
0 0.573777 0.753250 0.062220 0.062220
0 0.263653 0.149955 0.104277 0.104277
0 0.872015 0.878888 0.062220 0.062220
0 0.975715 0.461678 0.071945 0.071945
0 0.224780 0.269480 0.104277 0.104277
0 0.215234 0.050515 0.071945 0.071945
0 0.114933 0.794286 0.104277 0.104277
0 0.651757 0.578380 0.104277 0.104277
0 0.225054 0.679139 0.061131 0.061131
0 0.106190 0.674197 0.057104 0.057104
0 0.436724 0.194514 0.052757 0.052757
0 0.085349 0.602280 0.062220 0.062220
0 0.883032 0.583158 0.052757 0.052757
0 0.298391 0.694234 0.057104 0.057104
0 0.418999 0.487082 0.057104 0.057104
0 0.139761 0.395469 0.062220 0.062220
0 0.139935 0.323034 0.057104 0.057104
0 0.809807 0.578436 0.052757 0.052757
0 0.843479 0.443822 0.061130 0.061130
0 0.132163 0.048234 0.052757 0.052757
0 0.514960 0.463166 0.104277 0.104277
0 0.174938 0.587008 0.057104 0.057104
0 0.623792 0.012898 0.104277 0.104277
0 0.397343 0.008170 0.052757 0.052757
0 0.163589 0.731015 0.061130 0.061130
0 0.927685 0.238493 0.052757 0.052757
0 0.663076 0.183158 0.104277 0.104277
0 0.087678 0.471190 0.057104 0.057104