0 0.040820 0.120009 0.104277 0.104277
0 0.742995 0.432198 0.062220 0.062220
0 0.491987 0.735231 0.104277 0.104277
0 0.697069 0.491040 0.062220 0.062220
0 0.843643 0.468052 0.070161 0.070161
0 0.345729 0.138713 0.062220 0.062220
0 0.474363 0.459664 0.104278 0.104278
0 0.724850 0.895377 0.057104 0.057104
0 0.593756 0.131071 0.057104 0.057104
0 0.141084 0.274271 0.062220 0.062220
0 0.452165 0.967325 0.104277 0.104277
0 0.633044 0.439176 0.071945 0.071945
0 0.929350 0.497805 0.062220 0.062220
0 0.946478 0.800097 0.061131 0.061131
0 0.607464 0.207756 0.062220 0.062220
0 0.260926 0.900384 0.104277 0.104277
0 0.154503 0.514548 0.104277 0.104277
0 0.115509 0.409542 0.071945 0.071945
0 0.965921 0.561641 0.104277 0.104277
0 0.374459 0.497243 0.071945 0.071945
0 0.039770 0.347002 0.057104 0.057104
0 0.880380 0.407276 0.061130 0.061130
0 0.471562 0.831474 0.057104 0.057104
0 0.118761 0.922215 0.062220 0.062220
0 0.593265 0.290517 0.071945 0.071945
0 0.130426 0.812437 0.062220 0.062220
0 0.420132 0.780343 0.104277 0.104277
0 0.192071 0.958736 0.062220 0.062220
0 0.527569 0.229518 0.104277 0.104277
0 0.343810 0.305298 0.104277 0.104277
0 0.471031 0.341955 0.057104 0.057104
0 0.463114 0.205254 0.071945 0.071945
0 0.034972 0.953490 0.104278 0.104278
0 0.695779 0.811804 0.104277 0.104277
0 0.679977 0.161510 0.071945 0.071945
0 0.386493 0.649291 0.052757 0.052757
0 0.860941 0.630868 0.104277 0.104277
0 0.961805 0.375465 0.057104 0.057104
0 0.653554 0.632652 0.062220 0.062220
0 0.962561 0.178321 0.061131 0.061131
0 0.239304 0.574869 0.062220 0.062220
0 0.507879 0.895973 0.057104 0.057104
0 0.261405 0.214003 0.104277 0.104277
0 0.932277 0.277596 0.071945 0.071945
0 0.035224 0.715380 0.052757 0.052757
0 0.821732 0.337778 0.071945 0.071945
0 0.713423 0.974337 0.052757 0.052757
0 0.753171 0.612529 0.062220 0.062220
0 0.184762 0.690760 0.061130 0.061130
0 0.072542 0.246473 0.071945 0.071945
0 0.683374 0.272832 0.052757 0.052757
0 0.560696 0.535656 0.071945 0.071945
0 0.551362 0.771440 0.052757 0.052757
0 0.597304 0.983023 0.057104 0.057104
0 0.036130 0.609168 0.104277 0.104277
0 0.058795 0.453434 0.052757 0.052757
0 0.995225 0.441104 0.062220 0.062220
0 0.194521 0.351849 0.104277 0.104277
0 0.265625 0.301438 0.057104 0.057104
0 0.848802 0.863743 0.062220 0.062220
0 0.252173 0.659351 0.061130 0.061130
0 0.121347 0.638609 0.061130 0.061130
0 0.409382 0.907191 0.052757 0.052757
0 0.738971 0.327943 0.052757 0.052757
0 0.792654 0.156907 0.071945 0.071945
0 0.330287 0.598750 0.071945 0.071945
0 0.943633 0.662360 0.061131 0.061131
0 0.292201 0.378110 0.104277 0.104277
0 0.816588 0.238160 0.057104 0.057104
0 0.188714 0.449239 0.057104 0.057104
0 0.269274 0.771402 0.057104 0.057104
0 0.433098 0.280854 0.062220 0.062220
0 0.503126 0.111434 0.104277 0.104277
0 0.906617 0.740523 0.052757 0.052757
0 0.986251 0.935344 0.061131 0.061131
0 0.811584 0.540556 0.052757 0.052757
0 0.067729 0.782544 0.061130 0.061130
0 0.088377 0.548651 0.104278 0.104278
0 0.875358 0.124752 0.104277 0.104277
0 0.784668 0.765938 0.104277 0.104277
0 0.563186 0.845925 0.061130 0.061130
0 0.507037 0.665841 0.104277 0.104277
0 0.469738 0.536741 0.052757 0.052757
0 0.690237 0.570504 0.057104 0.057104
0 0.572622 0.694930 0.071945 0.071945
0 0.648766 0.335367 0.104277 0.104277
0 0.803185 0.921372 0.061130 0.061130
0 0.107880 0.336394 0.071945 0.071945
0 0.566759 0.457434 0.056505 0.056505
0 0.843944 0.994285 0.061130 0.061130
0 0.205778 0.819080 0.062220 0.062220
0 0.786851 0.678787 0.057104 0.057104
0 0.561056 0.388745 0.061130 0.061130
0 0.889390 0.933095 0.071945 0.071945
0 0.893957 0.338830 0.057103 0.057103
0 0.637573 0.720086 0.057104 0.057104
0 0.360610 0.412547 0.062220 0.062220
0 0.271161 0.118490 0.062220 0.062220
0 0.319650 0.948300 0.104277 0.104277
0 0.297873 0.532966 0.057104 0.057104
0 0.325052 0.828595 0.057104 0.057104
0 0.377886 0.199797 0.061130 0.061130
0 0.172541 0.207419 0.057104 0.057104
0 0.146103 0.118562 0.071945 0.071945
0 0.072183 0.867343 0.061130 0.061130