0 0.278683 0.682229 0.062220 0.062220
0 0.240457 0.488205 0.062220 0.062220
0 0.729845 0.205032 0.071945 0.071945
0 0.016359 0.795843 0.057103 0.057103
0 0.931389 0.815683 0.052757 0.052757
0 0.531458 0.050377 0.104277 0.104277
0 0.738529 0.575364 0.061130 0.061130
0 0.266437 0.131571 0.052757 0.052757
0 0.800656 0.683456 0.104277 0.104277
0 0.278129 0.218120 0.104277 0.104277
0 0.624593 0.471745 0.104277 0.104277
0 0.037031 0.542492 0.052757 0.052757
0 0.583454 0.593356 0.104277 0.104277
0 0.469970 0.635330 0.071945 0.071945
0 0.627994 0.224487 0.062220 0.062220
0 0.257862 0.044150 0.104277 0.104277
0 0.653347 0.396745 0.057104 0.057104
0 0.006662 0.348663 0.061130 0.061130
0 0.663471 0.751355 0.062220 0.062220
0 0.721694 0.379181 0.104277 0.104277
0 0.879356 0.676373 0.062220 0.062220
0 0.607047 0.320243 0.061130 0.061130
0 0.486352 0.362117 0.057104 0.057104
0 0.391327 0.122003 0.104277 0.104277
0 0.176103 0.841726 0.062220 0.062220
0 0.147880 0.261607 0.061130 0.061130
0 0.228724 0.387065 0.062220 0.062220
0 0.882086 0.281443 0.052757 0.052757
0 0.423868 0.468875 0.057104 0.057104
0 0.539844 0.498966 0.104277 0.104277
0 0.333933 0.825021 0.071945 0.071945
0 0.270613 0.295275 0.057104 0.057104
0 0.035949 0.724406 0.061130 0.061130
0 0.849303 0.468311 0.071945 0.071945
0 0.479281 0.708295 0.071945 0.071945
0 0.088411 0.496718 0.062220 0.062220
0 0.186809 0.082930 0.052757 0.052757
0 0.286530 0.753031 0.057104 0.057104
0 0.668491 0.046711 0.052757 0.052757
0 0.953643 0.375495 0.104277 0.104277
0 0.307159 0.430718 0.057104 0.057104
0 0.119234 0.342819 0.061130 0.061130
0 0.962467 0.109287 0.062220 0.062220
0 0.806154 0.184837 0.061131 0.061131
0 0.250374 0.832684 0.052757 0.052757
0 0.328980 0.055098 0.061130 0.061130
0 0.764547 0.113288 0.071945 0.071945
0 0.552748 0.231837 0.062220 0.062220
0 0.767693 0.436148 0.057104 0.057104
0 0.084464 0.603850 0.062220 0.062220
0 0.505389 0.572687 0.057104 0.057104
0 0.580415 0.389675 0.104277 0.104277
0 0.209679 0.724045 0.050891 0.050891
0 0.080121 0.219064 0.057104 0.057104
0 0.373549 0.616351 0.062220 0.062220
0 0.449076 0.083458 0.071945 0.071945
0 0.494368 0.825417 0.057104 0.057104
0 0.094699 0.803067 0.052757 0.052757
0 0.908297 0.742126 0.062220 0.062220
0 0.883377 0.190559 0.052757 0.052757
0 0.142330 0.649191 0.062220 0.062220
0 0.238089 0.615110 0.104277 0.104277
0 0.592923 0.150097 0.061130 0.061130
0 0.863048 0.840697 0.052757 0.052757
0 0.036539 0.086533 0.057104 0.057104
0 0.866486 0.397669 0.062220 0.062220
0 0.399937 0.744288 0.061130 0.061130
0 0.810909 0.577428 0.104277 0.104277
0 0.403461 0.339406 0.062220 0.062220
0 0.380806 0.193262 0.071945 0.071945
0 0.538360 0.659440 0.062220 0.062220
0 0.094695 0.128371 0.071945 0.071945
0 0.722904 0.805158 0.052757 0.052757
0 0.111277 0.722000 0.062220 0.062220
0 0.994891 0.767094 0.052757 0.052757
0 0.409515 0.847638 0.062220 0.062220
0 0.639002 0.541081 0.062220 0.062220
0 0.961003 0.004320 0.052757 0.052757
0 0.513215 0.430428 0.071945 0.071945
0 0.873050 0.056184 0.052757 0.052757
0 0.814526 0.752988 0.061131 0.061131
0 0.692587 0.122571 0.057104 0.057104
0 0.189257 0.547130 0.104277 0.104277
0 0.789851 0.503150 0.104277 0.104277
0 0.960072 0.282620 0.055027 0.055027
0 0.750763 0.311533 0.062220 0.062220
0 0.633289 0.836068 0.061130 0.061130
0 0.778507 0.854203 0.062220 0.062220
0 0.606130 0.077561 0.050559 0.050559
0 0.900352 0.575696 0.052757 0.052757
0 0.735269 0.020340 0.061130 0.061130
0 0.420532 0.551908 0.052757 0.052757
0 0.706753 0.468496 0.071945 0.071945
0 0.575282 0.739553 0.061131 0.061131
0 0.822802 0.324343 0.104277 0.104277
0 0.986812 0.468600 0.061130 0.061130
0 0.665303 0.668606 0.104277 0.104277
0 0.347307 0.547186 0.052757 0.052757
0 0.380979 0.412572 0.061130 0.061130
0 0.052460 0.431916 0.104277 0.104277
0 0.465185 0.207243 0.052757 0.052757
0 0.200576 0.151908 0.104277 0.104277