0 0.751721 0.972993 0.104277 0.104277
0 0.207535 0.748927 0.062220 0.062220
0 0.879793 0.908964 0.052757 0.052757
0 0.132092 0.976143 0.052757 0.052757
0 0.126362 0.213356 0.104277 0.104277
0 0.154420 0.623312 0.057103 0.057103
0 0.323473 0.870603 0.071945 0.071945
0 0.960259 0.484313 0.071945 0.071945
0 0.370721 0.933042 0.061130 0.061130
0 0.850973 0.846403 0.057104 0.057104
0 0.847820 0.685578 0.052757 0.052757
0 0.958974 0.823841 0.061130 0.061130
0 0.673843 0.672881 0.061131 0.061131
0 0.616055 0.992906 0.052757 0.052757
0 0.359225 0.373502 0.057104 0.057104
0 0.608969 0.594188 0.062220 0.062220
0 0.901903 0.780864 0.061131 0.061131
0 0.086540 0.445450 0.104277 0.104277
0 0.951130 0.714317 0.057104 0.057104
0 0.747932 0.037374 0.071945 0.071945
0 0.070582 0.887637 0.071945 0.071945
0 0.000337 0.880552 0.057104 0.057104
0 0.580853 0.278222 0.061131 0.061131
0 0.868493 0.189273 0.061130 0.061130
0 0.893506 0.308148 0.104277 0.104277
0 0.600296 0.039766 0.104277 0.104277
0 0.105937 0.309599 0.057104 0.057104
0 0.296990 0.528633 0.057104 0.057104
0 0.054507 0.258468 0.104277 0.104277
0 0.644265 0.174692 0.071945 0.071945
0 0.415579 0.810735 0.061130 0.061130
0 0.330154 0.289929 0.104277 0.104277
0 0.217013 0.571068 0.052757 0.052757
0 0.020868 0.127416 0.052757 0.052757
0 0.495316 0.108993 0.104277 0.104277
0 0.287929 0.110777 0.062220 0.062220
0 0.706348 0.423606 0.071945 0.071945
0 0.687716 0.875025 0.104277 0.104277
0 0.142254 0.374098 0.057104 0.057104
0 0.299408 0.623133 0.057104 0.057104
0 0.065553 0.788674 0.057104 0.057104
0 0.307269 0.790421 0.057104 0.057104
0 0.347798 0.452462 0.052757 0.052757
0 0.418989 0.521543 0.104277 0.104277
0 0.387546 0.090654 0.062220 0.062220
0 0.175835 0.904758 0.104277 0.104277
0 0.720156 0.558020 0.061131 0.061131
0 0.175093 0.810027 0.052757 0.052757
0 0.195071 0.013781 0.071945 0.071945
0 0.360457 0.723520 0.104277 0.104277
0 0.495766 0.606717 0.061130 0.061130
0 0.185737 0.249565 0.052757 0.052757
0 0.231679 0.461148 0.057104 0.057104
0 0.060958 0.644166 0.071945 0.071945
0 0.578252 0.504505 0.104277 0.104277
0 0.791133 0.388965 0.062220 0.062220
0 0.483177 0.341868 0.062220 0.062220
0 0.809695 0.628399 0.057104 0.057104
0 0.265845 0.972797 0.062220 0.062220
0 0.043757 0.385316 0.052757 0.052757
0 0.674164 0.103167 0.061131 0.061131
0 0.970298 0.929366 0.071945 0.071945
0 0.580177 0.912494 0.052757 0.052757
0 0.572944 0.682831 0.062220 0.062220
0 0.578008 0.140485 0.061131 0.061131
0 0.933181 0.587023 0.071945 0.071945
0 0.376121 0.597241 0.061130 0.061130
0 0.537709 0.746449 0.104278 0.104278
0 0.540992 0.218648 0.052757 0.052757
0 0.620626 0.413469 0.061131 0.061131
0 0.838180 0.111011 0.057104 0.057104
0 0.445959 0.018681 0.052757 0.052757
0 0.787852 0.810620 0.062220 0.062220
0 0.062585 0.993289 0.057104 0.057104
0 0.594727 0.812360 0.062220 0.062220
0 0.473284 0.926936 0.057104 0.057104
0 0.419043 0.244063 0.104277 0.104277
0 0.197561 0.324050 0.061130 0.061130
0 0.141412 0.143966 0.104277 0.104277
0 0.104113 0.014866 0.052757 0.052757
0 0.839313 0.561447 0.052757 0.052757
0 0.626647 0.744731 0.071945 0.071945
0 0.540227 0.981292 0.062220 0.062220
0 0.976024 0.125587 0.071945 0.071945
0 0.324612 0.048629 0.057104 0.057104
0 0.877986 0.040158 0.062220 0.062220
0 0.206997 0.173055 0.071945 0.071945
0 0.870278 0.404604 0.057104 0.057104
0 0.437560 0.399497 0.061130 0.061130
0 0.273870 0.707843 0.057104 0.057104
0 0.472286 0.704529 0.104277 0.104277
0 0.148628 0.698192 0.104277 0.104277
0 0.804081 0.478290 0.057104 0.057104
0 0.709930 0.226311 0.104277 0.104277
0 0.666848 0.801657 0.052757 0.052757
0 0.478319 0.472410 0.061130 0.061130
0 0.776272 0.295748 0.052757 0.052757
0 0.655300 0.514431 0.071945 0.071945
0 0.944942 0.063750 0.104277 0.104277
0 0.783427 0.161292 0.071945 0.071945
0 0.421226 0.156912 0.057104 0.057104
0 0.172755 0.503269 0.062220 0.062220
0 0.523765 0.411220 0.071945 0.071945
0 0.271948 0.198211 0.057104 0.057104
0 0.072566 0.562124 0.052757 0.052757
0 0.255002 0.894905 0.057104 0.057104
0 0.019817 0.487581 0.062220 0.062220
0 0.663829 0.285448 0.052757 0.052757
0 0.958264 0.402602 0.062220 0.062220
0 0.755657 0.688040 0.061131 0.061131