0 0.697114 0.996070 0.052757 0.052757
0 0.227262 0.894690 0.104277 0.104277
0 0.289088 0.803642 0.071945 0.071945
0 0.440901 0.789252 0.071945 0.071945
0 0.519654 0.996110 0.104277 0.104277
0 0.194940 0.996259 0.052757 0.052757
0 0.491807 0.338286 0.104277 0.104277
0 0.524287 0.679555 0.061131 0.061131
0 0.681909 0.302814 0.104277 0.104277
0 0.232971 0.666743 0.104277 0.104277
0 0.726098 0.499062 0.057104 0.057104
0 0.852551 0.704022 0.062221 0.062221
0 0.741457 0.667027 0.104277 0.104277
0 0.818483 0.460941 0.104277 0.104277
0 0.644939 0.212571 0.057104 0.057104
0 0.573099 0.064054 0.104277 0.104277
0 0.555402 0.415950 0.104277 0.104277
0 0.103034 0.839199 0.062220 0.062220
0 0.361043 0.602714 0.052757 0.052757
0 0.842504 0.976136 0.071945 0.071945
0 0.558293 0.254530 0.061131 0.061131
0 0.271847 0.960898 0.061131 0.061131
0 0.304981 0.713239 0.057104 0.057104
0 0.441509 0.178063 0.071945 0.071945
0 0.356063 0.921393 0.052757 0.052757
0 0.624120 0.657195 0.104277 0.104277
0 0.658518 0.078342 0.062220 0.062220
0 0.030105 0.750747 0.052757 0.052757
0 0.494397 0.473605 0.062220 0.062220
0 0.412270 0.857353 0.057104 0.057104
0 0.332223 0.540153 0.057104 0.057104
0 0.329070 0.379328 0.052757 0.052757
0 0.802819 0.810110 0.052757 0.052757
0 0.440224 0.517591 0.061130 0.061130
0 0.716675 0.199593 0.071945 0.071945
0 0.155093 0.366631 0.061131 0.061131
0 0.742732 0.770921 0.062221 0.062221
0 0.097305 0.686656 0.052757 0.052757
0 0.744362 0.576409 0.071945 0.071945
0 0.681277 0.806550 0.052757 0.052757
0 0.650087 0.390400 0.061130 0.061130
0 0.668383 0.874412 0.104277 0.104277
0 0.093273 0.962608 0.071945 0.071945
0 0.090219 0.287938 0.062220 0.062220
0 0.383153 0.474614 0.061131 0.061131
0 0.574021 0.898044 0.104277 0.104277
0 0.202368 0.768939 0.071945 0.071945
0 0.432380 0.408067 0.057104 0.057104
0 0.499294 0.001872 0.071945 0.071945
0 0.374756 0.001898 0.104277 0.104277
0 0.842785 0.329977 0.057104 0.057104
0 0.164492 0.929057 0.057104 0.057104
0 0.498672 0.133575 0.104277 0.104277
0 0.790760 0.077275 0.104278 0.104278
0 0.520948 0.839752 0.061130 0.061130
0 0.655874 0.465275 0.061130 0.061130
0 0.599708 0.970367 0.061130 0.061130
0 0.187598 0.117356 0.071945 0.071945
0 0.168966 0.568775 0.104277 0.104277
0 0.471044 0.934235 0.062220 0.062220
0 0.384476 0.705265 0.062220 0.062220
0 0.201406 0.251770 0.061131 0.061131
0 0.059502 0.198255 0.104277 0.104277
0 0.272383 0.082715 0.062220 0.062220
0 0.795117 0.383979 0.052757 0.052757
0 0.290945 0.322149 0.057104 0.057104
0 0.451548 0.623116 0.071945 0.071945
0 0.061427 0.606244 0.052757 0.052757
0 0.054194 0.376581 0.062220 0.062220
0 0.414431 0.280773 0.071945 0.071945
0 0.018959 0.440199 0.104278 0.104278
0 0.101876 0.107219 0.061131 0.061131
0 0.269102 0.504370 0.062220 0.062220
0 0.862374 0.855351 0.071945 0.071945
0 0.832203 0.159317 0.057104 0.057104
0 0.713143 0.129437 0.057104 0.057104
0 0.570513 0.153323 0.052757 0.052757
0 0.075977 0.506110 0.062220 0.062220
0 0.745540 0.905573 0.071945 0.071945
0 0.320563 0.255197 0.052757 0.052757
0 0.107897 0.438481 0.071945 0.071945
0 0.021477 0.675042 0.062220 0.062220
0 0.839921 0.554548 0.104277 0.104277
0 0.351528 0.098354 0.057104 0.057104
0 0.594508 0.586777 0.057104 0.057104
0 0.285331 0.172040 0.057104 0.057104
0 0.017459 0.916403 0.062220 0.062220
0 0.148098 0.495407 0.052757 0.052757
0 0.577251 0.726715 0.057104 0.057104
0 0.021036 0.826592 0.061131 0.061131
0 0.136550 0.208181 0.071945 0.071945
0 0.585913 0.513078 0.104277 0.104277
0 0.812905 0.262782 0.061130 0.061130
0 0.005015 0.104970 0.071945 0.071945
0 0.655246 0.540673 0.104277 0.104277
0 0.669426 0.736931 0.052757 0.052757
0 0.439514 0.096352 0.062220 0.062220
0 0.236907 0.381790 0.061131 0.061131