0 0.323160 0.880177 0.062220 0.062220
0 0.492995 0.041573 0.062220 0.062220
0 0.241987 0.344606 0.104277 0.104277
0 0.270045 0.754562 0.057103 0.057103
0 0.041391 0.800207 0.052757 0.052757
0 0.966598 0.977653 0.057104 0.057104
0 0.963445 0.816828 0.052757 0.052757
0 0.447069 0.100415 0.062220 0.062220
0 0.789468 0.804131 0.061131 0.061131
0 0.593643 0.077427 0.070161 0.070161
0 0.224363 0.069039 0.104278 0.104278
0 0.474850 0.504752 0.057104 0.057104
0 0.724594 0.725438 0.062220 0.062220
0 0.202165 0.576700 0.104277 0.104277
0 0.863557 0.168624 0.071945 0.071945
0 0.383044 0.048551 0.071945 0.071945
0 0.679350 0.107180 0.062220 0.062220
0 0.696478 0.409472 0.061131 0.061131
0 0.984118 0.320523 0.061130 0.061130
0 0.010926 0.509759 0.104277 0.104277
0 0.715921 0.171016 0.104277 0.104277
0 0.124459 0.106618 0.071945 0.071945
0 0.630380 0.016651 0.061130 0.061130
0 0.221562 0.440849 0.057104 0.057104
0 0.412615 0.659883 0.057104 0.057104
0 0.170132 0.389718 0.104277 0.104277
0 0.759890 0.305942 0.071945 0.071945
0 0.531204 0.941985 0.061130 0.061130
0 0.445779 0.421179 0.104277 0.104277
0 0.332638 0.702318 0.052757 0.052757
0 0.136493 0.258666 0.052757 0.052757
0 0.610941 0.240243 0.104277 0.104277
0 0.403554 0.242027 0.062220 0.062220
0 0.085813 0.725660 0.062220 0.062220
0 0.821973 0.554856 0.071945 0.071945
0 0.257879 0.505348 0.057104 0.057104
0 0.415033 0.754383 0.057104 0.057104
0 0.181178 0.919924 0.057104 0.057104
0 0.422894 0.921671 0.057104 0.057104
0 0.463423 0.583712 0.052757 0.052757
0 0.534614 0.652793 0.104277 0.104277
0 0.503171 0.221904 0.062220 0.062220
0 0.096017 0.929307 0.052757 0.052757
0 0.835781 0.689270 0.061131 0.061131
0 0.290718 0.941277 0.052757 0.052757
0 0.107629 0.860598 0.061130 0.061130
0 0.310696 0.145031 0.071945 0.071945
0 0.476082 0.854770 0.104277 0.104277
0 0.611391 0.737967 0.061130 0.061130
0 0.301362 0.380815 0.052757 0.052757
0 0.347304 0.592398 0.057104 0.057104
0 0.176583 0.775416 0.071945 0.071945
0 0.693877 0.635755 0.104277 0.104277
0 0.745225 0.050479 0.062220 0.062220
0 0.906758 0.520215 0.062220 0.062220
0 0.598802 0.473118 0.062220 0.062220
0 0.925320 0.759649 0.057104 0.057104
0 0.002173 0.268726 0.061130 0.061130
0 0.159382 0.516566 0.052757 0.052757
0 0.789789 0.234417 0.061131 0.061131
0 0.688569 0.814081 0.062220 0.062220
0 0.080287 0.208125 0.071945 0.071945
0 0.693633 0.271735 0.061131 0.061131
0 0.962174 0.045939 0.071945 0.071945
0 0.491746 0.728491 0.061130 0.061130
0 0.019274 0.380777 0.057104 0.057104
0 0.653334 0.877699 0.104278 0.104278
0 0.656617 0.349898 0.052757 0.052757
0 0.736251 0.544719 0.061131 0.061131
0 0.953805 0.242261 0.057104 0.057104
0 0.033780 0.888743 0.061130 0.061130
0 0.561584 0.149931 0.052757 0.052757
0 0.000392 0.725929 0.062220 0.062220
0 0.903477 0.941870 0.062220 0.062220
0 0.808730 0.083594 0.071945 0.071945
0 0.710352 0.943610 0.062220 0.062220
0 0.534668 0.375313 0.104277 0.104277
0 0.313186 0.455300 0.061130 0.061130
0 0.257037 0.275216 0.104277 0.104277
0 0.219738 0.146116 0.052757 0.052757
0 0.954938 0.692697 0.052757 0.052757
0 0.742272 0.875981 0.071945 0.071945
0 0.023797 0.647994 0.057104 0.057104
0 0.440237 0.179879 0.057104 0.057104
0 0.993611 0.171408 0.062220 0.062220
0 0.322622 0.304305 0.071945 0.071945
0 0.985903 0.535854 0.057104 0.057104
0 0.553185 0.530747 0.061130 0.061130
0 0.389495 0.839093 0.057104 0.057104
0 0.820310 0.006644 0.071945 0.071945
0 0.587911 0.835779 0.104277 0.104277
0 0.316759 0.066809 0.056505 0.056505
0 0.264253 0.829442 0.104277 0.104277
0 0.919706 0.609540 0.057104 0.057104
0 0.825555 0.357561 0.104277 0.104277
0 0.782473 0.932907 0.052757 0.052757
0 0.593944 0.603660 0.061130 0.061130
0 0.891897 0.426998 0.052757 0.052757
0 0.770925 0.645681 0.071945 0.071945
0 0.899052 0.292542 0.071945 0.071945
0 0.913025 0.102556 0.104277 0.104277
0 0.536851 0.288162 0.057104 0.057104
0 0.288380 0.634519 0.062220 0.062220
0 0.639390 0.542470 0.071945 0.071945
0 0.387573 0.329461 0.057104 0.057104
0 0.110610 0.021922 0.062220 0.062220
0 0.069650 0.557675 0.104277 0.104277
0 0.047873 0.142341 0.057104 0.057104
0 0.188191 0.693374 0.052757 0.052757
0 0.075052 0.437970 0.057104 0.057104
0 0.135442 0.618831 0.062220 0.062220
0 0.779454 0.416698 0.052757 0.052757
0 0.871282 0.819290 0.061131 0.061131