0 0.649245 0.207198 0.062220 0.062220
0 0.398237 0.510231 0.104277 0.104277
0 0.426295 0.920187 0.057103 0.057103
0 0.059895 0.893473 0.104277 0.104277
0 0.197641 0.965832 0.052757 0.052757
0 0.603319 0.266040 0.062220 0.062220
0 0.945718 0.969756 0.061131 0.061131
0 0.749893 0.243052 0.070161 0.070161
0 0.380613 0.234664 0.104278 0.104278
0 0.631100 0.670377 0.057104 0.057104
0 0.880844 0.891063 0.062220 0.062220
0 0.047334 0.049271 0.062220 0.062220
0 0.358415 0.742325 0.104277 0.104277
0 0.539294 0.214176 0.071945 0.071945
0 0.835600 0.272805 0.062220 0.062220
0 0.852728 0.575097 0.061131 0.061131
0 0.167176 0.675384 0.104277 0.104277
0 0.060753 0.289548 0.104277 0.104277
0 0.021759 0.184542 0.071945 0.071945
0 0.872171 0.336641 0.104277 0.104277
0 0.280709 0.272243 0.071945 0.071945
0 0.786630 0.182276 0.061130 0.061130
0 0.377812 0.606474 0.057104 0.057104
0 0.025011 0.697215 0.062220 0.062220
0 0.499515 0.065517 0.071945 0.071945
0 0.036676 0.587437 0.062220 0.062220
0 0.568865 0.825508 0.057104 0.057104
0 0.326382 0.555343 0.104277 0.104277
0 0.916140 0.471567 0.071945 0.071945
0 0.098321 0.733736 0.062220 0.062220
0 0.433819 0.004518 0.104277 0.104277
0 0.250060 0.080298 0.104277 0.104277
0 0.377281 0.116955 0.057104 0.057104
0 0.602029 0.586804 0.104277 0.104277
0 0.980356 0.068081 0.071945 0.071945
0 0.488888 0.867943 0.052757 0.052757
0 0.292743 0.424291 0.052757 0.052757
0 0.767191 0.405868 0.104277 0.104277
0 0.868055 0.150465 0.057104 0.057104
0 0.559804 0.407652 0.062220 0.062220
0 0.242063 0.891285 0.062220 0.062220
0 0.978223 0.720481 0.071945 0.071945
0 0.145554 0.349869 0.062220 0.062220
0 0.414129 0.670973 0.057104 0.057104
0 0.571283 0.920008 0.057104 0.057104
0 0.838527 0.052596 0.071945 0.071945
0 0.727982 0.112778 0.071945 0.071945
0 0.619673 0.749337 0.052757 0.052757
0 0.690864 0.818418 0.104277 0.104277
0 0.659421 0.387529 0.062220 0.062220
0 0.091012 0.465760 0.061130 0.061130
0 0.589624 0.047832 0.052757 0.052757
0 0.992031 0.854895 0.061131 0.061131
0 0.466946 0.310656 0.071945 0.071945
0 0.767641 0.903592 0.061130 0.061130
0 0.457612 0.546440 0.052757 0.052757
0 0.503554 0.758023 0.057104 0.057104
0 0.332833 0.941041 0.071945 0.071945
0 0.850127 0.801380 0.104277 0.104277
0 0.901475 0.216104 0.062220 0.062220
0 0.100771 0.126849 0.104277 0.104277
0 0.171875 0.076438 0.057104 0.057104
0 0.755052 0.638743 0.062220 0.062220
0 0.158423 0.434351 0.061130 0.061130
0 0.027597 0.413609 0.061130 0.061130
0 0.315632 0.682191 0.052757 0.052757
0 0.645221 0.102943 0.052757 0.052757
0 0.946039 0.400042 0.061131 0.061131
0 0.844819 0.979706 0.062220 0.062220
0 0.236537 0.373750 0.071945 0.071945
0 0.849883 0.437360 0.061131 0.061131
0 0.198451 0.153110 0.104277 0.104277
0 0.111994 0.803392 0.057104 0.057104
0 0.722838 0.013160 0.057104 0.057104
0 0.094964 0.224239 0.057104 0.057104
0 0.647996 0.894116 0.061130 0.061130
0 0.175524 0.546402 0.057104 0.057104
0 0.339348 0.055854 0.062220 0.062220
0 0.812867 0.515523 0.052757 0.052757
0 0.892501 0.710344 0.061131 0.061131
0 0.717834 0.315556 0.052757 0.052757
0 0.156642 0.891554 0.062220 0.062220
0 0.964980 0.249219 0.071945 0.071945
0 0.690918 0.540938 0.104277 0.104277
0 0.469436 0.620925 0.061130 0.061130
0 0.413287 0.440841 0.104277 0.104277
0 0.375988 0.311741 0.052757 0.052757
0 0.180047 0.813619 0.057104 0.057104
0 0.596487 0.345504 0.057104 0.057104
0 0.478872 0.469930 0.071945 0.071945
0 0.555016 0.110367 0.104277 0.104277
0 0.038415 0.820968 0.052757 0.052757
0 0.709435 0.696372 0.061130 0.061130
0 0.014130 0.111394 0.071945 0.071945
0 0.976560 0.172269 0.071945 0.071945
0 0.473009 0.232434 0.056505 0.056505
0 0.420503 0.995067 0.104277 0.104277
0 0.981805 0.523186 0.104277 0.104277
0 0.750194 0.769285 0.061130 0.061130
0 0.112028 0.594080 0.062220 0.062220
0 0.927175 0.811306 0.071945 0.071945
0 0.693101 0.453787 0.057104 0.057104
0 0.467306 0.163745 0.061130 0.061130
0 0.444630 0.800144 0.062220 0.062220
0 0.795640 0.708095 0.071945 0.071945
0 0.073962 0.968940 0.071945 0.071945
0 0.800207 0.113830 0.057103 0.057103
0 0.543823 0.495086 0.057104 0.057104
0 0.266860 0.187547 0.062220 0.062220
0 0.225900 0.723300 0.104277 0.104277
0 0.204123 0.307966 0.057104 0.057104
0 0.344441 0.858999 0.052757 0.052757
0 0.231302 0.603595 0.057104 0.057104
0 0.291692 0.784456 0.062220 0.062220
0 0.935704 0.582323 0.052757 0.052757