0 0.716044 0.884361 0.061130 0.061130
0 0.649137 0.744690 0.104277 0.104277
0 0.710963 0.653642 0.071945 0.071945
0 0.862776 0.639252 0.071945 0.071945
0 0.941529 0.846110 0.104277 0.104277
0 0.616815 0.846259 0.052757 0.052757
0 0.913682 0.188286 0.104277 0.104277
0 0.946162 0.529555 0.061131 0.061131
0 0.654846 0.516743 0.104277 0.104277
0 0.161011 0.799356 0.052757 0.052757
0 0.110660 0.292677 0.062220 0.062220
0 0.977277 0.265950 0.104277 0.104277
0 0.524909 0.689199 0.062220 0.062220
0 0.782918 0.452714 0.052757 0.052757
0 0.435744 0.874358 0.104277 0.104277
0 0.980168 0.104530 0.061131 0.061131
0 0.035217 0.519893 0.052757 0.052757
0 0.693722 0.810898 0.061131 0.061131
0 0.057545 0.167062 0.057103 0.057103
0 0.726856 0.563239 0.057104 0.057104
0 0.226598 0.414353 0.071945 0.071945
0 0.863384 0.028063 0.071945 0.071945
0 0.777938 0.771393 0.052757 0.052757
0 0.273846 0.476792 0.061130 0.061130
0 0.451980 0.600747 0.052757 0.052757
0 0.916272 0.323605 0.062220 0.062220
0 0.834145 0.707353 0.057104 0.057104
0 0.754098 0.390153 0.057104 0.057104
0 0.750945 0.229328 0.052757 0.052757
0 0.946618 0.929364 0.036679 0.036679
0 0.862099 0.367591 0.061130 0.061130
0 0.576968 0.216631 0.061131 0.061131
0 0.205365 0.689832 0.057104 0.057104
0 0.780380 0.859975 0.057104 0.057104
0 0.519180 0.536656 0.052757 0.052757
0 0.292296 0.686089 0.057104 0.057104
0 0.515148 0.812608 0.071945 0.071945
0 0.512094 0.137938 0.062220 0.062220
0 0.805028 0.324614 0.061131 0.061131
0 0.995896 0.748044 0.104277 0.104277
0 0.624243 0.618939 0.071945 0.071945
0 0.854255 0.258067 0.057104 0.057104
0 0.171515 0.590294 0.057104 0.057104
0 0.200115 0.072383 0.057104 0.057104
0 0.586367 0.779057 0.057104 0.057104
0 0.318704 0.354485 0.061130 0.061130
0 0.206878 0.955819 0.071945 0.071945
0 0.942823 0.689752 0.061130 0.061130
0 0.417134 0.997447 0.061130 0.061130
0 0.120138 0.114818 0.052757 0.052757
0 0.590841 0.418775 0.104277 0.104277
0 0.352446 0.899708 0.061130 0.061130
0 0.323520 0.827973 0.061130 0.061130
0 0.202533 0.166883 0.057104 0.057104
0 0.892919 0.784235 0.062220 0.062220
0 0.104638 0.554246 0.104277 0.104277
0 0.210394 0.334171 0.057104 0.057104
0 0.322114 0.065293 0.104277 0.104277
0 0.502200 0.954243 0.104277 0.104277
0 0.078960 0.448508 0.104277 0.104277
0 0.363003 0.565911 0.052757 0.052757
0 0.806351 0.555265 0.062220 0.062220
0 0.094053 0.640808 0.104277 0.104277
0 0.623281 0.101770 0.061131 0.061131
0 0.078218 0.353777 0.052757 0.052757
0 0.037450 0.790891 0.052757 0.052757
0 0.263582 0.267270 0.104277 0.104277
0 0.531666 0.890090 0.052757 0.052757
0 0.398891 0.150467 0.061130 0.061130
0 0.134804 0.004898 0.057104 0.057104
0 0.481377 0.048255 0.104277 0.104277
0 0.838582 0.929778 0.062220 0.062220
0 0.712820 0.172149 0.057104 0.057104
0 0.244025 0.763577 0.071945 0.071945
0 0.168970 0.516547 0.062220 0.062220
0 0.873423 0.473116 0.071945 0.071945
0 0.483302 0.456244 0.052757 0.052757
0 0.476069 0.226581 0.062220 0.062220
0 0.129902 0.722244 0.104277 0.104277
0 0.836306 0.130773 0.071945 0.071945
0 0.276673 0.993725 0.052757 0.052757
0 0.279246 0.140991 0.061130 0.061130
0 0.440834 0.290199 0.104278 0.104278
0 0.042810 0.940616 0.071945 0.071945
0 0.894245 0.977696 0.071945 0.071945
0 0.253570 0.900785 0.061130 0.061130
0 0.612599 0.958840 0.052757 0.052757
0 0.690977 0.354370 0.062220 0.062220
0 0.276218 0.545946 0.057104 0.057104
0 0.992388 0.003323 0.052757 0.052757
0 0.497852 0.356110 0.062220 0.062220
0 0.376409 0.470686 0.057104 0.057104
0 0.112839 0.903910 0.071945 0.071945
0 0.742438 0.105197 0.052757 0.052757
0 0.240326 0.620411 0.048997 0.048997
0 0.529772 0.288481 0.071945 0.071945
0 0.443352 0.525042 0.062220 0.062220
0 0.176995 0.251593 0.057104 0.057104
0 0.375411 0.248279 0.104277 0.104277
0 0.051753 0.241942 0.104277 0.104277
0 0.707206 0.022040 0.057104 0.057104
0 0.439334 0.766403 0.062220 0.062220
0 0.569973 0.345407 0.052757 0.052757
0 0.999126 0.576715 0.057104 0.057104
0 0.381444 0.016160 0.061130 0.061130
0 0.442911 0.676592 0.061131 0.061131
0 0.558425 0.058181 0.071945 0.071945
0 0.075880 0.047019 0.062220 0.062220
0 0.017685 0.714788 0.104277 0.104277
0 0.158127 0.438655 0.057104 0.057104
0 0.370419 0.773397 0.071945 0.071945
0 0.658782 0.231790 0.061131 0.061131