0 0.497092 0.974477 0.104277 0.104277
0 0.453544 0.762486 0.061130 0.061130
0 0.856489 0.724195 0.052757 0.052757
0 0.386637 0.622815 0.104277 0.104277
0 0.448463 0.531767 0.071945 0.071945
0 0.647382 0.972153 0.062220 0.062220
0 0.600276 0.517377 0.071945 0.071945
0 0.679029 0.724235 0.104277 0.104277
0 0.354315 0.724384 0.052757 0.052757
0 0.756893 0.770760 0.071945 0.071945
0 0.651182 0.066411 0.104277 0.104277
0 0.683662 0.407680 0.061131 0.061131
0 0.841284 0.030939 0.104277 0.104277
0 0.392346 0.394868 0.104277 0.104277
0 0.885473 0.227187 0.057104 0.057104
0 0.900832 0.395152 0.104277 0.104277
0 0.977858 0.189066 0.104277 0.104277
0 0.714777 0.144075 0.104277 0.104277
0 0.491216 0.889292 0.057104 0.057104
0 0.262409 0.567324 0.062220 0.062220
0 0.520418 0.330839 0.052757 0.052757
0 0.173244 0.752483 0.104277 0.104277
0 0.431222 0.689023 0.061131 0.061131
0 0.464356 0.441364 0.057104 0.057104
0 0.768502 0.968156 0.057103 0.057103
0 0.515438 0.649518 0.052757 0.052757
0 0.011346 0.354917 0.061130 0.061130
0 0.783495 0.385320 0.104277 0.104277
0 0.189480 0.478872 0.052757 0.052757
0 0.653772 0.201730 0.062220 0.062220
0 0.571645 0.585478 0.057104 0.057104
0 0.491598 0.268278 0.057104 0.057104
0 0.488445 0.107453 0.052757 0.052757
0 0.962194 0.538235 0.052757 0.052757
0 0.684118 0.807489 0.036679 0.036679
0 0.599599 0.245716 0.061130 0.061130
0 0.314468 0.094756 0.061131 0.061131
0 0.902107 0.499046 0.062221 0.062221
0 0.517880 0.738100 0.057104 0.057104
0 0.256680 0.414781 0.052757 0.052757
0 0.029796 0.564214 0.057104 0.057104
0 0.903737 0.304534 0.071945 0.071945
0 0.840652 0.534675 0.052757 0.052757
0 0.809462 0.118525 0.061130 0.061130
0 0.827758 0.602537 0.104277 0.104277
0 0.252648 0.690733 0.071945 0.071945
0 0.249594 0.016063 0.062220 0.062220
0 0.542528 0.202739 0.061131 0.061131
0 0.733396 0.626169 0.104277 0.104277
0 0.361743 0.497064 0.071945 0.071945
0 0.591755 0.136192 0.057104 0.057104
0 0.824301 0.793644 0.062220 0.062220
0 0.323867 0.657182 0.057104 0.057104
0 0.056204 0.232610 0.061130 0.061130
0 0.680323 0.567877 0.061130 0.061130
0 0.154634 0.875572 0.061130 0.061130
0 0.815249 0.193400 0.061130 0.061130
0 0.932964 0.954495 0.062220 0.062220
0 0.759083 0.698492 0.061130 0.061130
0 0.328341 0.296900 0.104277 0.104277
0 0.089946 0.777833 0.061130 0.061130
0 0.061020 0.706098 0.061130 0.061130
0 0.630419 0.662360 0.062220 0.062220
0 0.239700 0.832368 0.104277 0.104277
0 0.403105 0.930241 0.071945 0.071945
0 0.100503 0.444036 0.052757 0.052757
0 0.543851 0.433390 0.062220 0.062220
0 0.093400 0.983959 0.061130 0.061130
0 0.907548 0.809568 0.104277 0.104277
0 0.085642 0.900277 0.104277 0.104277
0 0.290261 0.880905 0.104277 0.104277
0 0.001082 0.145395 0.104277 0.104277
0 0.269166 0.768215 0.052757 0.052757
0 0.136391 0.028592 0.061130 0.061130
0 0.576082 0.807903 0.062220 0.062220
0 0.954492 0.112104 0.052757 0.052757
0 0.450320 0.050274 0.057104 0.057104
0 0.610923 0.351241 0.071945 0.071945
0 0.220802 0.334369 0.052757 0.052757
0 0.213569 0.104706 0.062220 0.062220
0 0.718293 0.890599 0.104277 0.104277
0 0.573806 0.008898 0.071945 0.071945
0 0.014173 0.871850 0.052757 0.052757
0 0.016746 0.019116 0.061130 0.061130
0 0.178334 0.168324 0.104278 0.104278
0 0.631745 0.855821 0.071945 0.071945
0 0.350099 0.836965 0.052757 0.052757
0 0.204405 0.988412 0.057104 0.057104
0 0.428477 0.232495 0.062220 0.062220
0 0.013718 0.424071 0.057104 0.057104
0 0.235352 0.234235 0.062220 0.062220
0 0.113909 0.348811 0.057104 0.057104
0 0.772640 0.845968 0.061131 0.061131
0 0.904915 0.633698 0.071945 0.071945
0 0.267272 0.166606 0.071945 0.071945
0 0.180852 0.403167 0.062220 0.062220
0 0.999296 0.282673 0.104277 0.104277
0 0.753883 0.314902 0.057104 0.057104
0 0.112911 0.126404 0.104277 0.104277
0 0.176834 0.644528 0.062220 0.062220
0 0.307473 0.223532 0.052757 0.052757
0 0.736626 0.454840 0.057104 0.057104
0 0.180411 0.554717 0.061131 0.061131
0 0.745288 0.241203 0.104277 0.104277
0 0.865308 0.882965 0.071945 0.071945
0 0.814621 0.268798 0.104277 0.104277
0 0.828801 0.465056 0.052757 0.052757
0 0.107919 0.651522 0.071945 0.071945
0 0.568701 0.935720 0.057104 0.057104
0 0.396282 0.109915 0.061131 0.061131