0 0.208045 0.283226 0.062220 0.062220
0 0.553683 0.622854 0.062220 0.062220
0 0.515457 0.428830 0.062220 0.062220
0 0.291359 0.736468 0.057103 0.057103
0 0.541437 0.072196 0.052757 0.052757
0 0.553129 0.158745 0.104277 0.104277
0 0.899593 0.412370 0.104277 0.104277
0 0.312031 0.483117 0.052757 0.052757
0 0.858454 0.533981 0.104277 0.104277
0 0.744970 0.575955 0.071945 0.071945
0 0.150374 0.338108 0.071945 0.071945
0 0.902994 0.165112 0.062220 0.062220
0 0.271222 0.567787 0.062220 0.062220
0 0.176255 0.760769 0.071945 0.071945
0 0.201174 0.598423 0.104277 0.104277
0 0.928347 0.337370 0.057104 0.057104
0 0.004796 0.371234 0.061130 0.061130
0 0.281662 0.289288 0.061130 0.061130
0 0.262078 0.201405 0.052757 0.052757
0 0.053224 0.667586 0.104278 0.104278
0 0.938471 0.691980 0.062220 0.062220
0 0.996694 0.319806 0.104277 0.104277
0 0.882047 0.260868 0.061130 0.061130
0 0.761352 0.302742 0.057104 0.057104
0 0.666327 0.062628 0.104277 0.104277
0 0.451103 0.782351 0.062220 0.062220
0 0.422880 0.202232 0.061130 0.061130
0 0.503724 0.327690 0.062220 0.062220
0 0.698868 0.409500 0.057104 0.057104
0 0.814844 0.439591 0.104277 0.104277
0 0.608933 0.765646 0.071945 0.071945
0 0.545613 0.235900 0.057104 0.057104
0 0.310949 0.665031 0.061130 0.061130
0 0.754281 0.648920 0.071945 0.071945
0 0.363411 0.437343 0.062220 0.062220
0 0.461809 0.023555 0.052757 0.052757
0 0.561530 0.693656 0.057104 0.057104
0 0.070398 0.470821 0.062220 0.062220
0 0.582159 0.371343 0.057104 0.057104
0 0.394234 0.283444 0.061130 0.061130
0 0.525374 0.773309 0.052757 0.052757
0 0.827748 0.172462 0.062220 0.062220
0 0.359464 0.544475 0.062220 0.062220
0 0.780389 0.513312 0.057104 0.057104
0 0.855415 0.330300 0.104277 0.104277
0 0.484679 0.664670 0.050891 0.050891
0 0.138101 0.170966 0.062220 0.062220
0 0.210505 0.680105 0.104277 0.104277
0 0.355121 0.159689 0.057104 0.057104
0 0.648549 0.556976 0.062220 0.062220
0 0.724076 0.024083 0.071945 0.071945
0 0.769368 0.766042 0.057104 0.057104
0 0.145275 0.502972 0.062220 0.062220
0 0.369699 0.743692 0.052757 0.052757
0 0.417330 0.589816 0.062220 0.062220
0 0.513089 0.555735 0.104277 0.104277
0 0.867923 0.090722 0.061130 0.061130
0 0.311539 0.027158 0.057104 0.057104
0 0.020537 0.264848 0.104278 0.104278
0 0.139175 0.258312 0.052757 0.052757
0 0.048358 0.774439 0.071945 0.071945
0 0.674937 0.684913 0.061130 0.061130
0 0.678461 0.280031 0.062220 0.062220
0 0.655806 0.133887 0.071945 0.071945
0 0.813360 0.600065 0.062220 0.062220
0 0.107973 0.728211 0.057104 0.057104
0 0.177399 0.073104 0.052757 0.052757
0 0.369695 0.068996 0.071945 0.071945
0 0.072078 0.312830 0.057104 0.057104
0 0.997904 0.745783 0.052757 0.052757
0 0.386277 0.662625 0.062220 0.062220
0 0.076153 0.059330 0.104277 0.104277
0 0.684515 0.788263 0.062220 0.062220
0 0.914002 0.481706 0.062220 0.062220
0 0.788215 0.371053 0.071945 0.071945
0 0.967587 0.063196 0.057104 0.057104
0 0.037280 0.178855 0.104277 0.104277
0 0.464257 0.487755 0.104277 0.104277
0 0.037554 0.588514 0.061131 0.061131
0 0.249224 0.103889 0.052757 0.052757
0 0.908289 0.776693 0.061130 0.061130
0 0.881130 0.018186 0.050559 0.050559
0 0.695532 0.492533 0.052757 0.052757
0 0.981753 0.409121 0.071945 0.071945
0 0.110891 0.603609 0.057104 0.057104
0 0.850282 0.680178 0.061131 0.061131
0 0.231499 0.396457 0.057104 0.057104
0 0.940303 0.609231 0.104277 0.104277
0 0.622307 0.487811 0.052757 0.052757
0 0.655979 0.353197 0.061130 0.061130
0 0.327460 0.372541 0.104277 0.104277
0 0.740185 0.147868 0.052757 0.052757
0 0.475576 0.092533 0.104277 0.104277