0 0.712717 0.118227 0.104277 0.104277
0 0.385177 0.325755 0.104278 0.104278
0 0.639220 0.917532 0.071945 0.071945
0 0.863007 0.115903 0.062220 0.062220
0 0.914341 0.885511 0.071945 0.071945
0 0.440833 0.762877 0.104277 0.104277
0 0.503321 0.487103 0.052757 0.052757
0 0.683618 0.673849 0.061130 0.061130
0 0.175812 0.844071 0.052757 0.052757
0 0.187504 0.930620 0.104277 0.104277
0 0.027854 0.478078 0.061130 0.061130
0 0.402615 0.436560 0.052757 0.052757
0 0.856562 0.635725 0.071945 0.071945
0 0.423686 0.607787 0.052757 0.052757
0 0.537369 0.936987 0.062220 0.062220
0 0.167237 0.756650 0.104277 0.104277
0 0.706841 0.033042 0.057104 0.057104
0 0.499993 0.682922 0.071945 0.071945
0 0.249594 0.688448 0.104277 0.104277
0 0.742703 0.219678 0.051819 0.051819
0 0.173761 0.657508 0.061130 0.061130
0 0.037822 0.242412 0.057104 0.057104
0 0.922851 0.163391 0.052757 0.052757
0 0.080832 0.555465 0.104277 0.104277
0 0.113681 0.029061 0.057104 0.057104
0 0.635409 0.508479 0.104277 0.104277
0 0.935270 0.754583 0.104277 0.104277
0 0.984127 0.111906 0.057103 0.057103
0 0.300702 0.834503 0.104277 0.104277
0 0.057255 0.974107 0.061130 0.061130
0 0.995752 0.693081 0.057104 0.057104
0 0.791461 0.993943 0.052757 0.052757
0 0.938469 0.624865 0.062220 0.062220
0 0.335023 0.237193 0.052757 0.052757
0 0.818544 0.290022 0.104277 0.104277
0 0.813681 0.216729 0.071945 0.071945
0 0.022704 0.396948 0.104277 0.104277
0 0.096184 0.795430 0.052757 0.052757
0 0.577866 0.759211 0.052757 0.052757
0 0.520152 0.229438 0.052757 0.052757
0 0.387890 0.681966 0.104277 0.104277
0 0.335187 0.543612 0.057104 0.057104
0 0.540524 0.625216 0.052757 0.052757
0 0.734999 0.376651 0.054783 0.054783
0 0.871842 0.821787 0.062220 0.062220
0 0.715529 0.897337 0.061131 0.061131
0 0.902551 0.310563 0.057103 0.057103
0 0.238355 0.767598 0.061130 0.061130
0 0.673922 0.825788 0.071945 0.071945
0 0.703101 0.488817 0.071945 0.071945
0 0.462123 0.944337 0.062220 0.062220
0 0.703361 0.559641 0.061130 0.061130
0 0.486225 0.150069 0.071945 0.071945
0 0.259902 0.355666 0.061130 0.061130
0 0.151255 0.254508 0.071945 0.071945
0 0.317904 0.470204 0.052757 0.052757
0 0.996857 0.377384 0.061131 0.061131
0 0.583381 0.385319 0.057104 0.057104
0 0.948035 0.245265 0.061131 0.061131
0 0.358451 0.795958 0.071945 0.071945
0 0.140159 0.422801 0.061130 0.061130
0 0.110828 0.339136 0.062220 0.062220
0 0.792752 0.903059 0.052757 0.052757
0 0.254598 0.190322 0.062220 0.062220
0 0.370259 0.019322 0.061130 0.061130
0 0.502298 0.862597 0.061130 0.061130
0 0.597576 0.263445 0.052757 0.052757
0 0.160197 0.585102 0.052757 0.052757
0 0.310371 0.621387 0.057104 0.057104
0 0.290181 0.905762 0.071945 0.071945
0 0.618730 0.073991 0.071945 0.071945
0 0.004070 0.840871 0.071945 0.071945
0 0.827514 0.477309 0.052757 0.052757
0 0.309025 0.127709 0.061130 0.061130
0 0.409118 0.220245 0.057104 0.057104
0 0.301267 0.044027 0.104277 0.104277
0 0.508719 0.297861 0.062220 0.062220
0 0.505886 0.024655 0.104277 0.104277
0 0.515191 0.556526 0.104277 0.104277
0 0.870378 0.716820 0.052757 0.052757
0 0.251478 0.432301 0.104277 0.104277
0 0.782425 0.768684 0.052757 0.052757
0 0.212124 0.286322 0.071945 0.071945
0 0.601962 0.835071 0.057104 0.057104
0 0.455022 0.353950 0.104277 0.104277
0 0.933918 0.034349 0.104277 0.104277
0 0.609855 0.157907 0.057104 0.057104
0 0.093062 0.194486 0.050932 0.050932
0 0.978072 0.566487 0.057104 0.057104
0 0.229798 0.015600 0.052757 0.052757
0 0.997107 0.300988 0.071945 0.071945
0 0.420030 0.132162 0.057104 0.057104
0 0.811359 0.363400 0.104277 0.104277
0 0.869447 0.995120 0.055027 0.055027
0 0.203599 0.082626 0.061130 0.061130
0 0.515505 0.790061 0.050559 0.050559
0 0.644644 0.732840 0.061130 0.061130
0 0.773915 0.553212 0.071945 0.071945
0 0.875902 0.407598 0.057104 0.057104
0 0.915948 0.464736 0.104277 0.104277
0 0.417147 0.525617 0.061131 0.061131
0 0.264254 0.566942 0.104277 0.104277
0 0.772715 0.647765 0.071945 0.071945
0 0.721440 0.308697 0.052757 0.052757
0 0.648877 0.342924 0.104277 0.104277
0 0.164391 0.179311 0.062220 0.062220
0 0.339159 0.395669 0.071945 0.071945
0 0.170152 0.506698 0.061130 0.061130
0 0.579360 0.461889 0.071945 0.071945
0 0.039099 0.096985 0.052757 0.052757
0 0.070667 0.694148 0.104277 0.104277
0 0.885624 0.556340 0.104277 0.104277
0 0.610067 0.599829 0.104277 0.104277
0 0.374560 0.919743 0.052757 0.052757
0 0.034819 0.315090 0.071945 0.071945
0 0.784326 0.079470 0.057104 0.057104
0 0.119049 0.104866 0.071945 0.071945
0 0.109951 0.864408 0.104277 0.104277