0 0.744169 0.934361 0.061130 0.061130
0 0.677262 0.794690 0.104277 0.104277
0 0.739088 0.703642 0.071945 0.071945
0 0.890901 0.689252 0.071945 0.071945
0 0.969654 0.896110 0.104277 0.104277
0 0.644940 0.896259 0.052757 0.052757
0 0.941807 0.238286 0.104277 0.104277
0 0.974287 0.579555 0.061131 0.061131
0 0.682971 0.566743 0.104277 0.104277
0 0.189136 0.849356 0.052757 0.052757
0 0.138785 0.342677 0.062220 0.062220
0 0.553034 0.739199 0.062220 0.062220
0 0.811043 0.502714 0.052757 0.052757
0 0.463869 0.924358 0.104277 0.104277
0 0.063342 0.569893 0.052757 0.052757
0 0.721847 0.860898 0.061131 0.061131
0 0.085670 0.217062 0.057103 0.057103
0 0.754981 0.613239 0.057104 0.057104
0 0.254723 0.464353 0.071945 0.071945
0 0.891509 0.078063 0.071945 0.071945
0 0.806063 0.821393 0.052757 0.052757
0 0.301971 0.526792 0.061130 0.061130
0 0.480105 0.650747 0.052757 0.052757
0 0.944397 0.373605 0.062220 0.062220
0 0.862270 0.757353 0.057104 0.057104
0 0.782223 0.440153 0.057104 0.057104
0 0.779070 0.279328 0.052757 0.052757
0 0.974743 0.979364 0.036679 0.036679
0 0.890224 0.417591 0.061130 0.061130
0 0.605093 0.266631 0.061131 0.061131
0 0.233490 0.739832 0.057104 0.057104
0 0.808505 0.909975 0.057104 0.057104
0 0.547305 0.586656 0.052757 0.052757
0 0.320421 0.736089 0.057104 0.057104
0 0.543273 0.862608 0.071945 0.071945
0 0.540219 0.187938 0.062220 0.062220
0 0.833153 0.374614 0.061131 0.061131
0 0.652368 0.668939 0.071945 0.071945
0 0.017790 0.039200 0.104277 0.104277
0 0.882380 0.308067 0.057104 0.057104
0 0.001832 0.481387 0.071945 0.071945
0 0.199640 0.640294 0.057104 0.057104
0 0.228240 0.122383 0.057104 0.057104
0 0.614492 0.829057 0.057104 0.057104
0 0.948672 0.033575 0.104277 0.104277
0 0.346829 0.404485 0.061130 0.061130
0 0.970948 0.739752 0.061130 0.061130
0 0.148263 0.164818 0.052757 0.052757
0 0.637598 0.017356 0.071945 0.071945
0 0.618966 0.468775 0.104277 0.104277
0 0.380571 0.949708 0.061130 0.061130
0 0.351645 0.877973 0.061130 0.061130
0 0.230658 0.216883 0.057104 0.057104
0 0.921044 0.834235 0.062220 0.062220
0 0.132763 0.604246 0.104277 0.104277
0 0.238519 0.384171 0.057104 0.057104
0 0.279048 0.046212 0.052757 0.052757
0 0.350239 0.115293 0.104277 0.104277
0 0.107085 0.498508 0.104277 0.104277
0 0.391128 0.615911 0.052757 0.052757
0 0.834476 0.605265 0.062220 0.062220
0 0.122178 0.690808 0.104277 0.104277
0 0.651406 0.151770 0.061131 0.061131
0 0.106343 0.403777 0.052757 0.052757
0 0.065575 0.840891 0.052757 0.052757
0 0.291707 0.317270 0.104277 0.104277
0 0.559791 0.940090 0.052757 0.052757
0 0.427016 0.200467 0.061130 0.061130
0 0.162929 0.054898 0.057104 0.057104
0 0.509502 0.098255 0.104277 0.104277
0 0.866707 0.979778 0.062220 0.062220
0 0.740945 0.222149 0.057104 0.057104
0 0.272150 0.813577 0.071945 0.071945
0 0.197095 0.566547 0.062220 0.062220
0 0.901548 0.523116 0.071945 0.071945
0 0.511427 0.506244 0.052757 0.052757
0 0.504194 0.276581 0.062220 0.062220
0 0.158027 0.772244 0.104277 0.104277
0 0.864431 0.180773 0.071945 0.071945
0 0.307371 0.190991 0.061130 0.061130
0 0.468959 0.340199 0.104278 0.104278
0 0.070935 0.990616 0.071945 0.071945
0 0.551876 0.007219 0.061131 0.061131
0 0.281695 0.950785 0.061130 0.061130
0 0.719102 0.404370 0.062220 0.062220
0 0.304343 0.595946 0.057104 0.057104
0 0.525977 0.406110 0.062220 0.062220
0 0.404534 0.520686 0.057104 0.057104
0 0.140964 0.953910 0.071945 0.071945
0 0.770563 0.155197 0.052757 0.052757
0 0.268451 0.670411 0.048997 0.048997
0 0.557897 0.338481 0.071945 0.071945
0 0.471477 0.575042 0.062220 0.062220
0 0.205120 0.301593 0.057104 0.057104
0 0.403536 0.298279 0.104277 0.104277
0 0.079878 0.291942 0.104277 0.104277
0 0.735331 0.072040 0.057104 0.057104
0 0.467459 0.816403 0.062220 0.062220
0 0.598098 0.395407 0.052757 0.052757
0 0.409569 0.066160 0.061130 0.061130
0 0.471036 0.726592 0.061131 0.061131
0 0.586550 0.108181 0.071945 0.071945
0 0.104005 0.097019 0.062220 0.062220
0 0.455015 0.004970 0.071945 0.071945
0 0.045810 0.764788 0.104277 0.104277
0 0.003816 0.155874 0.052757 0.052757
0 0.186252 0.488655 0.057104 0.057104
0 0.398544 0.823397 0.071945 0.071945
0 0.686907 0.281790 0.061131 0.061131