0 0.831005 0.362992 0.071945 0.071945
0 0.626182 0.866411 0.104277 0.104277
0 0.816284 0.830939 0.104277 0.104277
0 0.729739 0.477269 0.062220 0.062220
0 0.862717 0.475216 0.057104 0.057104
0 0.952858 0.989066 0.104277 0.104277
0 0.895528 0.400524 0.052757 0.052757
0 0.779314 0.740696 0.057104 0.057104
0 0.707474 0.592179 0.104277 0.104277
0 0.689777 0.944075 0.104277 0.104277
0 0.692668 0.782655 0.061131 0.061131
0 0.932206 0.033881 0.061130 0.061130
0 0.702476 0.406562 0.052757 0.052757
0 0.575884 0.706188 0.071945 0.071945
0 0.792893 0.606467 0.062220 0.062220
0 0.463445 0.907453 0.052757 0.052757
0 0.851050 0.727718 0.071945 0.071945
0 0.932847 0.498259 0.071945 0.071945
0 0.289468 0.894756 0.061131 0.061131
0 0.093643 0.168052 0.070161 0.070161
0 0.794635 0.426872 0.071945 0.071945
0 0.784462 0.918525 0.061130 0.061130
0 0.224594 0.816063 0.062220 0.062220
0 0.963148 0.261608 0.061131 0.061131
0 0.566755 0.936192 0.057104 0.057104
0 0.981782 0.436472 0.071945 0.071945
0 0.363557 0.259249 0.071945 0.071945
0 0.644956 0.166625 0.061130 0.061130
0 0.179350 0.197805 0.062220 0.062220
0 0.633669 0.529997 0.071945 0.071945
0 0.196478 0.500097 0.061131 0.061131
0 0.484118 0.411148 0.061130 0.061130
0 0.994348 0.359835 0.071945 0.071945
0 0.509131 0.530023 0.104277 0.104277
0 0.215921 0.261641 0.104277 0.104277
0 0.130380 0.107276 0.061130 0.061130
0 0.977160 0.858102 0.057104 0.057104
0 0.259890 0.396567 0.071945 0.071945
0 0.633047 0.661700 0.104277 0.104277
0 0.925135 0.605400 0.104278 0.104278
0 0.790249 0.993400 0.061130 0.061130
0 0.517501 0.083469 0.061130 0.061130
0 0.614055 0.062570 0.057104 0.057104
0 0.110941 0.330868 0.104277 0.104277
0 0.874486 0.174904 0.057104 0.057104
0 0.211805 0.075465 0.057104 0.057104
0 0.321973 0.645481 0.071945 0.071945
0 0.677167 0.010522 0.062220 0.062220
0 0.071732 0.037778 0.071945 0.071945
0 0.034614 0.743418 0.104277 0.104277
0 0.003171 0.312529 0.062220 0.062220
0 0.335781 0.779895 0.061131 0.061131
0 0.111391 0.828592 0.061130 0.061130
0 0.193877 0.726380 0.104277 0.104277
0 0.729640 0.267842 0.062220 0.062220
0 0.693215 0.329409 0.062220 0.062220
0 0.245225 0.141104 0.062220 0.062220
0 0.406758 0.610840 0.062220 0.062220
0 0.929492 0.912104 0.052757 0.052757
0 0.098802 0.563743 0.062220 0.062220
0 0.425320 0.850274 0.057104 0.057104
0 0.514910 0.000757 0.061131 0.061131
0 0.289789 0.325042 0.061131 0.061131
0 0.188569 0.904706 0.062220 0.062220
0 0.193633 0.362360 0.061131 0.061131
0 0.462174 0.136564 0.071945 0.071945
0 0.548806 0.808898 0.071945 0.071945
0 0.153334 0.968324 0.104278 0.104278
0 0.976854 0.136902 0.061131 0.061131
0 0.156617 0.440523 0.052757 0.052757
0 0.236251 0.635344 0.061131 0.061131
0 0.655367 0.256556 0.052757 0.052757
0 0.453805 0.332886 0.057104 0.057104
0 0.061584 0.240556 0.052757 0.052757
0 0.308730 0.174219 0.071945 0.071945
0 0.966578 0.687442 0.057104 0.057104
0 0.847518 0.657562 0.057104 0.057104
0 0.571716 0.150094 0.052757 0.052757
0 0.704888 0.681448 0.052757 0.052757
0 0.389904 0.036222 0.071945 0.071945
0 0.034668 0.465938 0.104277 0.104277
0 0.454938 0.783322 0.052757 0.052757
0 0.242272 0.966606 0.071945 0.071945
0 0.591649 0.347462 0.071945 0.071945
0 0.493611 0.262033 0.062220 0.062220
0 0.825066 0.057464 0.052559 0.052559
0 0.485903 0.626479 0.057104 0.057104
0 0.053185 0.621372 0.061130 0.061130
0 0.320310 0.097269 0.071945 0.071945
0 0.087911 0.926404 0.104277 0.104277
0 0.867740 0.293821 0.062220 0.062220
0 0.419706 0.700165 0.057104 0.057104
0 0.325555 0.448186 0.104277 0.104277
0 0.093944 0.694285 0.061130 0.061130
0 0.391897 0.517623 0.052757 0.052757
0 0.270925 0.736306 0.071945 0.071945
0 0.560567 0.285625 0.104277 0.104277
0 0.399052 0.383167 0.071945 0.071945
0 0.413025 0.193181 0.104277 0.104277
0 0.947280 0.790907 0.061130 0.061130
0 0.036851 0.378787 0.057104 0.057104
0 0.139390 0.633095 0.071945 0.071945
0 0.143957 0.038830 0.057103 0.057103
0 0.771992 0.137270 0.071945 0.071945
0 0.927869 0.328049 0.104278 0.104278
0 0.615808 0.446367 0.104277 0.104277
0 0.672585 0.101060 0.052757 0.052757
0 0.279454 0.507323 0.052757 0.052757
0 0.573889 0.624477 0.062220 0.062220
0 0.371282 0.909915 0.061131 0.061131