0 0.944552 0.810130 0.104278 0.104278
0 0.121583 0.566238 0.052757 0.052757
0 0.673511 0.305606 0.052757 0.052757
0 0.587229 0.962453 0.061130 0.061130
0 0.961990 0.920935 0.052757 0.052757
0 0.597197 0.726787 0.057104 0.057104
0 0.948244 0.380608 0.104277 0.104277
0 0.547717 0.026143 0.052757 0.052757
0 0.094502 0.227286 0.071945 0.071945
0 0.673056 0.513436 0.057104 0.057104
0 0.087418 0.636483 0.062220 0.062220
0 0.964480 0.106997 0.052757 0.052757
0 0.894398 0.721568 0.052757 0.052757
0 0.300088 0.707640 0.071945 0.071945
0 0.438693 0.812162 0.104277 0.104277
0 0.359124 0.881086 0.052757 0.052757
0 0.717865 0.196082 0.057104 0.057104
0 0.582079 0.881323 0.104277 0.104277
0 0.804796 0.192339 0.057104 0.057104
0 0.115115 0.001022 0.104278 0.104278
0 0.271692 0.875284 0.052757 0.052757
0 0.518034 0.963380 0.052757 0.052757
0 0.684015 0.096544 0.057104 0.057104
0 0.819277 0.840041 0.061130 0.061130
0 0.710630 0.738883 0.071945 0.071945
0 0.877279 0.954579 0.052757 0.052757
0 0.085046 0.729653 0.052757 0.052757
0 0.230639 0.437758 0.071945 0.071945
0 0.420463 0.620387 0.061130 0.061130
0 0.223705 0.367302 0.071945 0.071945
0 0.719378 0.462069 0.071945 0.071945
0 0.699534 0.907176 0.061130 0.061130
0 0.670203 0.823511 0.062220 0.062220
0 0.813973 0.674697 0.062220 0.062220
0 0.929634 0.503697 0.061130 0.061130
0 0.138505 0.971688 0.061130 0.061130
0 0.419494 0.264312 0.071945 0.071945
0 0.373331 0.770165 0.104277 0.104277
0 0.864946 0.405958 0.061130 0.061130
0 0.836020 0.334223 0.061130 0.061130
0 0.617138 0.060496 0.104277 0.104277
0 0.388533 0.015803 0.057104 0.057104
0 0.875503 0.072161 0.052757 0.052757
0 0.868400 0.612084 0.061130 0.061130
0 0.606553 0.147058 0.104277 0.104277
0 0.430663 0.346010 0.071945 0.071945
0 0.968493 0.704620 0.057104 0.057104
0 0.860642 0.528402 0.104277 0.104277
0 0.549950 0.297141 0.052757 0.052757
0 0.381914 0.428235 0.052757 0.052757
0 0.225550 0.767866 0.052757 0.052757
0 0.314597 0.106789 0.061130 0.061130
0 0.122919 0.488574 0.104278 0.104278
0 0.756525 0.269827 0.071945 0.071945
0 0.810853 0.916676 0.104277 0.104277
0 0.681470 0.022797 0.062220 0.062220
0 0.305691 0.300668 0.061130 0.061130
0 0.771499 0.770697 0.071945 0.071945
0 0.313641 0.621823 0.104277 0.104277
0 0.642402 0.228494 0.104277 0.104277
0 0.512565 0.834764 0.071945 0.071945
0 0.652437 0.678861 0.050932 0.050932
0 0.192223 0.170940 0.061130 0.061130
0 0.789173 0.499975 0.052757 0.052757
0 0.264548 0.532693 0.057104 0.057104
0 0.555310 0.446866 0.071945 0.071945
0 0.766070 0.407035 0.061130 0.061130
0 0.341672 0.371494 0.062220 0.062220
0 0.979405 0.616537 0.057104 0.057104
0 0.478210 0.043289 0.057104 0.057104
0 0.788718 0.052196 0.057104 0.057104
0 0.207701 0.090352 0.057104 0.057104
0 0.512894 0.733497 0.071945 0.071945
0 0.420531 0.496668 0.104277 0.104277
0 0.127286 0.296612 0.061130 0.061130
0 0.191754 0.855076 0.104277 0.104277
0 0.762974 0.567001 0.061130 0.061130
0 0.625339 0.410160 0.071945 0.071945
0 0.477974 0.121398 0.061130 0.061130
0 0.407811 0.108677 0.062220 0.062220
0 0.436005 0.942014 0.104277 0.104277
0 0.752826 0.126661 0.048997 0.048997
0 0.955852 0.031292 0.062220 0.062220
0 0.219628 0.597410 0.062220 0.062220
0 0.426511 0.718316 0.052757 0.052757
0 0.951834 0.272653 0.062220 0.062220
0 0.723766 0.663686 0.062220 0.062220
0 0.519521 0.641590 0.062220 0.062220
0 0.137872 0.089400 0.057104 0.057104
0 0.185318 0.248174 0.057104 0.057104
0 0.955411 0.182842 0.061131 0.061131
0 0.220907 0.931580 0.104277 0.104277
0 0.376372 0.193217 0.071945 0.071945
0 0.159412 0.693479 0.057104 0.057104
0 0.530185 0.221038 0.104277 0.104277
0 0.296311 0.186141 0.071945 0.071945
0 0.898534 0.880044 0.071945 0.071945
0 0.729527 0.991073 0.061130 0.061130
0 0.369289 0.551595 0.071945 0.071945
0 0.464374 0.556564 0.047555 0.047555
0 0.598474 0.581360 0.052757 0.052757
0 0.111014 0.874311 0.071945 0.071945
0 0.228891 0.680365 0.057103 0.057103
0 0.882919 0.279647 0.071945 0.071945
0 0.594194 0.799465 0.071945 0.071945
0 0.678424 0.589241 0.071945 0.071945
0 0.125556 0.384828 0.062220 0.062220