0 0.265333 0.359988 0.052757 0.052757
0 0.817261 0.099356 0.052757 0.052757
0 0.730979 0.756203 0.061130 0.061130
0 0.952719 0.966573 0.104277 0.104277
0 0.876886 0.935633 0.061130 0.061130
0 0.740947 0.520537 0.057104 0.057104
0 0.235809 0.844167 0.062220 0.062220
0 0.238252 0.021036 0.071945 0.071945
0 0.783957 0.833590 0.104277 0.104277
0 0.816806 0.307186 0.057104 0.057104
0 0.231168 0.430233 0.062220 0.062220
0 0.456414 0.962924 0.061130 0.061130
0 0.443838 0.501390 0.071945 0.071945
0 0.582443 0.605912 0.104277 0.104277
0 0.502874 0.674836 0.052757 0.052757
0 0.725829 0.675073 0.104277 0.104277
0 0.415442 0.669034 0.052757 0.052757
0 0.661784 0.757130 0.052757 0.052757
0 0.616311 0.976274 0.104278 0.104278
0 0.683160 0.954665 0.052757 0.052757
0 0.963027 0.633791 0.061130 0.061130
0 0.854380 0.532633 0.071945 0.071945
0 0.228796 0.523403 0.052757 0.052757
0 0.374389 0.231508 0.071945 0.071945
0 0.564213 0.414137 0.061130 0.061130
0 0.367455 0.161052 0.071945 0.071945
0 0.863128 0.255819 0.071945 0.071945
0 0.843284 0.700926 0.061130 0.061130
0 0.813953 0.617261 0.062220 0.062220
0 0.957723 0.468447 0.062220 0.062220
0 0.282255 0.765438 0.061130 0.061130
0 0.863322 0.863227 0.052757 0.052757
0 0.563244 0.058062 0.071945 0.071945
0 0.517081 0.563915 0.104277 0.104277
0 0.979770 0.127973 0.061130 0.061130
0 0.574413 0.139760 0.071945 0.071945
0 0.693700 0.090891 0.052757 0.052757
0 0.525664 0.221985 0.052757 0.052757
0 0.369300 0.561616 0.052757 0.052757
0 0.266669 0.282324 0.104278 0.104278
0 0.900275 0.063577 0.071945 0.071945
0 0.954603 0.710426 0.104277 0.104277
0 0.449441 0.094418 0.061130 0.061130
0 0.915249 0.564447 0.071945 0.071945
0 0.457391 0.415573 0.104277 0.104277
0 0.786152 0.022244 0.104277 0.104277
0 0.656315 0.628514 0.071945 0.071945
0 0.796187 0.472611 0.050932 0.050932
0 0.239403 0.951131 0.057104 0.057104
0 0.932923 0.293725 0.052757 0.052757
0 0.408298 0.326443 0.057104 0.057104
0 0.699060 0.240616 0.071945 0.071945
0 0.909820 0.200785 0.061130 0.061130
0 0.485422 0.165244 0.062220 0.062220
0 0.656644 0.527247 0.071945 0.071945
0 0.564281 0.290418 0.104277 0.104277
0 0.271036 0.090362 0.061130 0.061130
0 0.335504 0.648826 0.104277 0.104277
0 0.346610 0.902893 0.057104 0.057104
0 0.906724 0.360751 0.061130 0.061130
0 0.769089 0.203910 0.071945 0.071945
0 0.529612 0.891529 0.104277 0.104277
0 0.579755 0.735764 0.104277 0.104277
0 0.363378 0.391160 0.062220 0.062220
0 0.967379 0.845067 0.104277 0.104277
0 0.570261 0.512066 0.052757 0.052757
0 0.867516 0.457436 0.062220 0.062220
0 0.663271 0.435340 0.062220 0.062220
0 0.485428 0.810541 0.052757 0.052757
0 0.329068 0.041924 0.057104 0.057104
0 0.364657 0.725330 0.104277 0.104277
0 0.454317 0.883177 0.061130 0.061130
0 0.303162 0.487229 0.057104 0.057104
0 0.673935 0.014788 0.104277 0.104277
0 0.577660 0.826127 0.062220 0.062220
0 0.644170 0.861169 0.071945 0.071945
0 0.873277 0.784823 0.061130 0.061130
0 0.513039 0.345345 0.071945 0.071945
0 0.608124 0.350314 0.047555 0.047555
0 0.742224 0.375110 0.052757 0.052757
0 0.773792 0.972273 0.104277 0.104277
0 0.254764 0.668061 0.071945 0.071945
0 0.547343 0.967545 0.052757 0.052757
0 0.372641 0.474115 0.057103 0.057103
0 0.737944 0.593215 0.071945 0.071945
0 0.356352 0.796672 0.104277 0.104277
0 0.822174 0.382991 0.071945 0.071945
0 0.269306 0.178578 0.062220 0.062220