0 0.379920 0.989476 0.062220 0.062220
0 0.922677 0.260130 0.104278 0.104278
0 0.978333 0.697252 0.104277 0.104277
0 0.099708 0.016238 0.052757 0.052757
0 0.713312 0.778446 0.052757 0.052757
0 0.725004 0.864995 0.104277 0.104277
0 0.565354 0.412453 0.061130 0.061130
0 0.940115 0.370935 0.052757 0.052757
0 0.961186 0.542162 0.052757 0.052757
0 0.704737 0.691025 0.104277 0.104277
0 0.787094 0.622823 0.104277 0.104277
0 0.711261 0.591883 0.061130 0.061130
0 0.575322 0.176787 0.057104 0.057104
0 0.070184 0.500417 0.062220 0.062220
0 0.618332 0.489840 0.104277 0.104277
0 0.453537 0.995538 0.061130 0.061130
0 0.433953 0.907655 0.052757 0.052757
0 0.838202 0.768878 0.104277 0.104277
0 0.594755 0.908482 0.061130 0.061130
0 0.065543 0.086483 0.062220 0.062220
0 0.290789 0.619174 0.061130 0.061130
0 0.872523 0.171568 0.052757 0.052757
0 0.278213 0.157640 0.071945 0.071945
0 0.093260 0.737786 0.104278 0.104278
0 0.416818 0.262162 0.104277 0.104277
0 0.337249 0.331086 0.052757 0.052757
0 0.717488 0.942150 0.057104 0.057104
0 0.560204 0.331323 0.104277 0.104277
0 0.633684 0.729805 0.052757 0.052757
0 0.249817 0.325284 0.052757 0.052757
0 0.496159 0.413380 0.052757 0.052757
0 0.925390 0.616341 0.104277 0.104277
0 0.872687 0.477987 0.057104 0.057104
0 0.566109 0.989694 0.061130 0.061130
0 0.775855 0.701973 0.061130 0.061130
0 0.450686 0.632524 0.104278 0.104278
0 0.999623 0.878712 0.062220 0.062220
0 0.517535 0.610915 0.052757 0.052757
0 0.797402 0.290041 0.061130 0.061130
0 0.688755 0.188883 0.071945 0.071945
0 0.855404 0.404579 0.052757 0.052757
0 0.158644 0.789992 0.062220 0.062220
0 0.309976 0.877216 0.062220 0.062220
0 0.063171 0.179653 0.052757 0.052757
0 0.526996 0.865939 0.057104 0.057104
0 0.398588 0.070387 0.061130 0.061130
0 0.895951 0.730333 0.071945 0.071945
0 0.677659 0.357176 0.061130 0.061130
0 0.648328 0.273511 0.062220 0.062220
0 0.792098 0.124697 0.062220 0.062220
0 0.116630 0.421688 0.061130 0.061130
0 0.697697 0.519477 0.052757 0.052757
0 0.847871 0.555762 0.057104 0.057104
0 0.483414 0.733408 0.057104 0.057104
0 0.351456 0.220165 0.104277 0.104277
0 0.192412 0.971098 0.104278 0.104278
0 0.410689 0.699788 0.071945 0.071945
0 0.311050 0.964562 0.052757 0.052757
0 0.850336 0.986281 0.062220 0.062220
0 0.827681 0.840137 0.071945 0.071945
0 0.349274 0.779354 0.052757 0.052757
0 0.541570 0.775246 0.071945 0.071945
0 0.846525 0.062084 0.061130 0.061130
0 0.067598 0.807828 0.104277 0.104277
0 0.946618 0.154620 0.057104 0.057104
0 0.277531 0.687758 0.057104 0.057104
0 0.248028 0.765580 0.104277 0.104277
0 0.203675 0.217866 0.052757 0.052757
0 0.788978 0.366676 0.104277 0.104277
0 0.749624 0.220697 0.071945 0.071945
0 0.291766 0.071823 0.104277 0.104277
0 0.992522 0.288325 0.104277 0.104277
0 0.209155 0.885105 0.104277 0.104277
0 0.199609 0.666140 0.071945 0.071945
0 0.490690 0.284764 0.071945 0.071945
0 0.630562 0.128861 0.050932 0.050932
0 0.073778 0.607381 0.057104 0.057104
0 0.421099 0.810139 0.052757 0.052757
0 0.957530 0.066537 0.057104 0.057104
0 0.491019 0.183497 0.071945 0.071945
0 0.169879 0.305076 0.104277 0.104277
0 0.180985 0.559143 0.057104 0.057104
0 0.741099 0.017001 0.061130 0.061130
0 0.363987 0.547779 0.104277 0.104277
0 0.414130 0.392014 0.104277 0.104277
0 0.954647 0.459992 0.061131 0.061131
0 0.197753 0.047410 0.062220 0.062220
0 0.801754 0.501317 0.104277 0.104277
0 0.404636 0.168316 0.052757 0.052757
0 0.701891 0.113686 0.062220 0.062220
0 0.497646 0.091590 0.062220 0.062220
0 0.319803 0.466791 0.052757 0.052757
0 0.124310 0.938659 0.057104 0.057104
0 0.199032 0.381580 0.104277 0.104277
0 0.288692 0.539427 0.061130 0.061130
0 0.137537 0.143479 0.057104 0.057104
0 0.412035 0.482377 0.062220 0.062220
0 0.478545 0.517419 0.071945 0.071945
0 0.876659 0.330044 0.071945 0.071945
0 0.707652 0.441073 0.061130 0.061130
0 0.347414 0.001595 0.071945 0.071945
0 0.116538 0.663859 0.052757 0.052757
0 0.442499 0.006564 0.047555 0.047555
0 0.576599 0.031360 0.052757 0.052757
0 0.608167 0.628523 0.104277 0.104277
0 0.089139 0.324311 0.071945 0.071945
0 0.381718 0.623795 0.052757 0.052757
0 0.207016 0.130365 0.057103 0.057103
0 0.912060 0.854118 0.052757 0.052757
0 0.572319 0.249465 0.071945 0.071945
0 0.190727 0.452922 0.104277 0.104277
0 0.656549 0.039241 0.071945 0.071945
0 0.647451 0.798783 0.104277 0.104277