0 0.728342 0.040102 0.104277 0.104277
0 0.400802 0.247630 0.104278 0.104278
0 0.654845 0.839407 0.071945 0.071945
0 0.878632 0.037778 0.062220 0.062220
0 0.929966 0.807386 0.071945 0.071945
0 0.456458 0.684752 0.104277 0.104277
0 0.962094 0.922756 0.052757 0.052757
0 0.518946 0.408978 0.052757 0.052757
0 0.699243 0.595724 0.061130 0.061130
0 0.191437 0.765946 0.052757 0.052757
0 0.203129 0.852495 0.104277 0.104277
0 0.043479 0.399953 0.061130 0.061130
0 0.418240 0.358435 0.052757 0.052757
0 0.872187 0.557600 0.071945 0.071945
0 0.439311 0.529662 0.052757 0.052757
0 0.552994 0.858862 0.062220 0.062220
0 0.182862 0.678525 0.104277 0.104277
0 0.515618 0.604797 0.071945 0.071945
0 0.265219 0.610323 0.104277 0.104277
0 0.758328 0.141553 0.051819 0.051819
0 0.189386 0.579383 0.061130 0.061130
0 0.053447 0.164287 0.057104 0.057104
0 0.938476 0.085266 0.052757 0.052757
0 0.096457 0.477340 0.104277 0.104277
0 0.651034 0.430354 0.104277 0.104277
0 0.950895 0.676458 0.104277 0.104277
0 0.999752 0.033781 0.057103 0.057103
0 0.532047 0.954618 0.061130 0.061130
0 0.411352 0.996492 0.057104 0.057104
0 0.316327 0.756378 0.104277 0.104277
0 0.072880 0.895982 0.061130 0.061130
0 0.807086 0.915818 0.052757 0.052757
0 0.954094 0.546740 0.062220 0.062220
0 0.350648 0.159068 0.052757 0.052757
0 0.195613 0.929650 0.057104 0.057104
0 0.834169 0.211897 0.104277 0.104277
0 0.829306 0.138604 0.071945 0.071945
0 0.038329 0.318823 0.104277 0.104277
0 0.111809 0.717305 0.052757 0.052757
0 0.593491 0.681086 0.052757 0.052757
0 0.535777 0.151313 0.052757 0.052757
0 0.403515 0.603841 0.104277 0.104277
0 0.350812 0.465487 0.057104 0.057104
0 0.556149 0.547091 0.052757 0.052757
0 0.750624 0.298526 0.054783 0.054783
0 0.044234 0.977194 0.061130 0.061130
0 0.887467 0.743662 0.062220 0.062220
0 0.731154 0.819212 0.061131 0.061131
0 0.918176 0.232438 0.057103 0.057103
0 0.253980 0.689473 0.061130 0.061130
0 0.689547 0.747663 0.071945 0.071945
0 0.718726 0.410692 0.071945 0.071945
0 0.477748 0.866212 0.062220 0.062220
0 0.718986 0.481516 0.061130 0.061130
0 0.501850 0.071944 0.071945 0.071945
0 0.275527 0.277541 0.061130 0.061130
0 0.166880 0.176383 0.071945 0.071945
0 0.333529 0.392079 0.052757 0.052757
0 0.599006 0.307194 0.057104 0.057104
0 0.963660 0.167140 0.061131 0.061131
0 0.005121 0.853439 0.057104 0.057104
0 0.374076 0.717833 0.071945 0.071945
0 0.155784 0.344676 0.061130 0.061130
0 0.126453 0.261011 0.062220 0.062220
0 0.808377 0.824934 0.052757 0.052757
0 0.270223 0.112197 0.062220 0.062220
0 0.517923 0.784472 0.061130 0.061130
0 0.613201 0.185320 0.052757 0.052757
0 0.175822 0.506977 0.052757 0.052757
0 0.325996 0.543262 0.057104 0.057104
0 0.328461 0.973781 0.062220 0.062220
0 0.305806 0.827637 0.071945 0.071945
0 0.019695 0.762746 0.071945 0.071945
0 0.843139 0.399184 0.052757 0.052757
0 0.324650 0.049584 0.061130 0.061130
0 0.424743 0.142120 0.057104 0.057104
0 0.524344 0.219736 0.062220 0.062220
0 0.530816 0.478401 0.104277 0.104277
0 0.886003 0.638695 0.052757 0.052757
0 0.267103 0.354176 0.104277 0.104277
0 0.798050 0.690559 0.052757 0.052757
0 0.227749 0.208197 0.071945 0.071945
0 0.617587 0.756946 0.057104 0.057104
0 0.470647 0.275825 0.104277 0.104277
0 0.625480 0.079782 0.057104 0.057104
0 0.108687 0.116361 0.050932 0.050932
0 0.993697 0.488362 0.057104 0.057104
0 0.435655 0.054037 0.057104 0.057104
0 0.826984 0.285275 0.104277 0.104277
0 0.885072 0.916995 0.055027 0.055027
0 0.675763 0.945908 0.062220 0.062220
0 0.219224 0.004501 0.061130 0.061130
0 0.531130 0.711936 0.050559 0.050559
0 0.660269 0.654715 0.061130 0.061130
0 0.789540 0.475087 0.071945 0.071945
0 0.891527 0.329473 0.057104 0.057104
0 0.931573 0.386611 0.104277 0.104277
0 0.432772 0.447492 0.061131 0.061131
0 0.279879 0.488817 0.104277 0.104277
0 0.788340 0.569640 0.071945 0.071945
0 0.747802 0.958718 0.104277 0.104277
0 0.737065 0.230572 0.052757 0.052757
0 0.664502 0.264799 0.104277 0.104277
0 0.180016 0.101186 0.062220 0.062220
0 0.354784 0.317544 0.071945 0.071945
0 0.185777 0.428573 0.061130 0.061130
0 0.594985 0.383764 0.071945 0.071945
0 0.054724 0.018860 0.052757 0.052757
0 0.086292 0.616023 0.104277 0.104277
0 0.901249 0.478215 0.104277 0.104277
0 0.625692 0.521704 0.104277 0.104277
0 0.390185 0.841618 0.052757 0.052757
0 0.050444 0.236965 0.071945 0.071945
0 0.799951 0.001345 0.057104 0.057104
0 0.134674 0.026741 0.071945 0.071945
0 0.125576 0.786283 0.104277 0.104277