0 0.800217 0.502602 0.104277 0.104277
0 0.756669 0.290611 0.061130 0.061130
0 0.472677 0.710130 0.104278 0.104278
0 0.689762 0.150940 0.104277 0.104277
0 0.751588 0.059892 0.071945 0.071945
0 0.950507 0.500278 0.062220 0.062220
0 0.903401 0.045502 0.071945 0.071945
0 0.982154 0.252360 0.104277 0.104277
0 0.657440 0.252509 0.052757 0.052757
0 0.590821 0.871478 0.052757 0.052757
0 0.201636 0.205606 0.052757 0.052757
0 0.115354 0.862453 0.061130 0.061130
0 0.490115 0.820935 0.052757 0.052757
0 0.511186 0.992162 0.052757 0.052757
0 0.794341 0.417417 0.057104 0.057104
0 0.565534 0.095449 0.062220 0.062220
0 0.830203 0.604053 0.051819 0.051819
0 0.125322 0.626787 0.057104 0.057104
0 0.476369 0.280608 0.104277 0.104277
0 0.734347 0.217148 0.061131 0.061131
0 0.168332 0.939840 0.104277 0.104277
0 0.201181 0.413436 0.057104 0.057104
0 0.722909 0.892854 0.104277 0.104277
0 0.818563 0.177643 0.052757 0.052757
0 0.492605 0.006997 0.052757 0.052757
0 0.874770 0.113603 0.057104 0.057104
0 0.987243 0.335614 0.036679 0.036679
0 0.422523 0.621568 0.052757 0.052757
0 0.245990 0.096082 0.057104 0.057104
0 0.821005 0.266225 0.057104 0.057104
0 0.906044 0.674397 0.104277 0.104277
0 0.901181 0.601104 0.071945 0.071945
0 0.110204 0.781323 0.104277 0.104277
0 0.332921 0.092339 0.057104 0.057104
0 0.555773 0.218858 0.071945 0.071945
0 0.607652 0.613813 0.052757 0.052757
0 0.664868 0.025189 0.071945 0.071945
0 0.046159 0.863380 0.052757 0.052757
0 0.422687 0.927987 0.057104 0.057104
0 0.822499 0.761026 0.054783 0.054783
0 0.990051 0.694938 0.057103 0.057103
0 0.790601 0.873192 0.071945 0.071945
0 0.790861 0.944016 0.061130 0.061130
0 0.573725 0.534444 0.071945 0.071945
0 0.347402 0.740041 0.061130 0.061130
0 0.238755 0.638883 0.071945 0.071945
0 0.405404 0.854579 0.052757 0.052757
0 0.670881 0.769694 0.057104 0.057104
0 0.626992 0.185307 0.057104 0.057104
0 0.247503 0.362069 0.071945 0.071945
0 0.227659 0.807176 0.061130 0.061130
0 0.198328 0.723511 0.062220 0.062220
0 0.983448 0.096002 0.061130 0.061130
0 0.342098 0.574697 0.062220 0.062220
0 0.457759 0.403697 0.061130 0.061130
0 0.685076 0.647820 0.052757 0.052757
0 0.247697 0.969477 0.052757 0.052757
0 0.393071 0.305958 0.061130 0.061130
0 0.364145 0.234223 0.061130 0.061130
0 0.933544 0.190485 0.062220 0.062220
0 0.542825 0.360493 0.104277 0.104277
0 0.706230 0.458366 0.071945 0.071945
0 0.915014 0.861684 0.052757 0.052757
0 0.396525 0.512084 0.061130 0.061130
0 0.134678 0.047058 0.104277 0.104277
0 0.496618 0.604620 0.057104 0.057104
0 0.388767 0.428402 0.104277 0.104277
0 0.596219 0.682236 0.062220 0.062220
0 0.593386 0.409030 0.104277 0.104277
0 0.078075 0.197141 0.052757 0.052757
0 0.572291 0.296340 0.052757 0.052757
0 0.602691 0.940901 0.104277 0.104277
0 0.879207 0.336028 0.062220 0.062220
0 0.284650 0.169827 0.071945 0.071945
0 0.338978 0.816676 0.104277 0.104277
0 0.299624 0.670697 0.071945 0.071945
0 0.542522 0.738325 0.104277 0.104277
0 0.170527 0.128494 0.104277 0.104277
0 0.697355 0.542282 0.057104 0.057104
0 0.040690 0.734764 0.071945 0.071945
0 0.180562 0.578861 0.050932 0.050932
0 0.317298 0.399975 0.052757 0.052757
0 0.083435 0.346866 0.071945 0.071945
0 0.934870 0.383946 0.071945 0.071945
0 0.294195 0.307035 0.061130 0.061130
0 0.653224 0.365090 0.052757 0.052757
0 0.507530 0.516537 0.057104 0.057104
0 0.898859 0.747775 0.104277 0.104277
0 0.041019 0.633497 0.071945 0.071945
0 0.291099 0.467001 0.061130 0.061130
0 0.153464 0.310160 0.071945 0.071945
0 0.006099 0.021398 0.061130 0.061130
0 0.861415 0.937587 0.071945 0.071945
0 0.963402 0.791973 0.057104 0.057104
0 0.280951 0.026661 0.048997 0.048997
0 0.504647 0.909992 0.061131 0.061131
0 0.351754 0.951317 0.104277 0.104277
0 0.479959 0.172653 0.062220 0.062220
0 0.808940 0.693072 0.052757 0.052757
0 0.736377 0.727299 0.104277 0.104277
0 0.251891 0.563686 0.062220 0.062220
0 0.047646 0.541590 0.062220 0.062220
0 0.483536 0.082842 0.061131 0.061131
0 0.058310 0.121038 0.104277 0.104277
0 0.028545 0.967419 0.071945 0.071945
0 0.426659 0.780044 0.071945 0.071945
0 0.257652 0.891073 0.061130 0.061130
0 0.666860 0.846264 0.071945 0.071945
0 0.126599 0.481360 0.052757 0.052757
0 0.973124 0.940715 0.104277 0.104277
0 0.697567 0.984204 0.104277 0.104277
0 0.411044 0.179647 0.071945 0.071945
0 0.122319 0.699465 0.071945 0.071945
0 0.871826 0.463845 0.057104 0.057104
0 0.206549 0.489241 0.071945 0.071945