0 0.763302 0.488255 0.104278 0.104278
0 0.948065 0.030634 0.052757 0.052757
0 0.818958 0.925377 0.104277 0.104277
0 0.881446 0.649603 0.052757 0.052757
0 0.405979 0.640578 0.061130 0.061130
0 0.780740 0.599060 0.052757 0.052757
0 0.801811 0.770287 0.052757 0.052757
0 0.545362 0.919150 0.104277 0.104277
0 0.878118 0.845422 0.071945 0.071945
0 0.627719 0.850948 0.104277 0.104277
0 0.551886 0.820008 0.061130 0.061130
0 0.415947 0.404912 0.057104 0.057104
0 0.766994 0.058733 0.104277 0.104277
0 0.458957 0.717965 0.104277 0.104277
0 0.491806 0.191561 0.057104 0.057104
0 0.678827 0.997003 0.104277 0.104277
0 0.131414 0.847299 0.061130 0.061130
0 0.713148 0.399693 0.052757 0.052757
0 0.118838 0.385765 0.071945 0.071945
0 0.257443 0.490287 0.104277 0.104277
0 0.177874 0.559211 0.052757 0.052757
0 0.400829 0.559448 0.104277 0.104277
0 0.474309 0.957930 0.052757 0.052757
0 0.955991 0.921711 0.052757 0.052757
0 0.898277 0.391938 0.052757 0.052757
0 0.090442 0.553409 0.052757 0.052757
0 0.336784 0.641505 0.052757 0.052757
0 0.766015 0.844466 0.104277 0.104277
0 0.713312 0.706112 0.057104 0.057104
0 0.918649 0.787716 0.052757 0.052757
0 0.616480 0.930098 0.061130 0.061130
0 0.291311 0.860649 0.104278 0.104278
0 0.864350 0.312569 0.071945 0.071945
0 0.358160 0.839040 0.052757 0.052757
0 0.638027 0.518166 0.061130 0.061130
0 0.529380 0.417008 0.071945 0.071945
0 0.696029 0.632704 0.052757 0.052757
0 0.961506 0.547819 0.057104 0.057104
0 0.049389 0.115883 0.071945 0.071945
0 0.239213 0.298512 0.061130 0.061130
0 0.042455 0.045427 0.071945 0.071945
0 0.736576 0.958458 0.071945 0.071945
0 0.538128 0.140194 0.071945 0.071945
0 0.518284 0.585301 0.061130 0.061130
0 0.488953 0.501636 0.062220 0.062220
0 0.632723 0.352822 0.062220 0.062220
0 0.748384 0.181822 0.061130 0.061130
0 0.975701 0.425945 0.052757 0.052757
0 0.538322 0.747602 0.052757 0.052757
0 0.688496 0.783887 0.057104 0.057104
0 0.324039 0.961533 0.057104 0.057104
0 0.192081 0.448290 0.104277 0.104277
0 0.683696 0.084083 0.061130 0.061130
0 0.251314 0.927913 0.071945 0.071945
0 0.654770 0.012348 0.061130 0.061130
0 0.833450 0.138618 0.104277 0.104277
0 0.996855 0.236491 0.071945 0.071945
0 0.687150 0.290209 0.061130 0.061130
0 0.249413 0.024135 0.071945 0.071945
0 0.787243 0.382745 0.057104 0.057104
0 0.679392 0.206527 0.104277 0.104277
0 0.886844 0.460361 0.062220 0.062220
0 0.118156 0.915883 0.057104 0.057104
0 0.884011 0.187155 0.104277 0.104277
0 0.088653 0.993705 0.104277 0.104277
0 0.862916 0.074465 0.052757 0.052757
0 0.200664 0.106360 0.052757 0.052757
0 0.893316 0.719026 0.104277 0.104277
0 0.044300 0.445991 0.052757 0.052757
0 0.629603 0.594801 0.104277 0.104277
0 0.590249 0.448822 0.071945 0.071945
0 0.132391 0.299948 0.104277 0.104277
0 0.980087 0.997571 0.057104 0.057104
0 0.833147 0.516450 0.104277 0.104277
0 0.987980 0.320407 0.057104 0.057104
0 0.040234 0.894265 0.071945 0.071945
0 0.331315 0.512889 0.071945 0.071945
0 0.471187 0.356986 0.050932 0.050932
0 0.607923 0.178100 0.052757 0.052757
0 0.083298 0.210818 0.057104 0.057104
0 0.374060 0.124991 0.071945 0.071945
0 0.584820 0.085160 0.061130 0.061130
0 0.160422 0.049619 0.062220 0.062220
0 0.943849 0.143215 0.052757 0.052757
0 0.798155 0.294662 0.057104 0.057104
0 0.331644 0.411622 0.071945 0.071945
0 0.239281 0.174793 0.104277 0.104277
0 0.010504 0.533201 0.104277 0.104277
0 0.021610 0.787268 0.057104 0.057104
0 0.581724 0.245126 0.061130 0.061130
0 0.444089 0.088285 0.071945 0.071945
0 0.893630 0.952561 0.050559 0.050559
0 0.204612 0.775904 0.104277 0.104277
0 0.254755 0.620139 0.104277 0.104277
0 0.795272 0.688117 0.061131 0.061131
0 0.038378 0.275535 0.062220 0.062220
0 0.642379 0.729442 0.104277 0.104277
0 0.245261 0.396441 0.052757 0.052757
0 0.542516 0.341811 0.062220 0.062220
0 0.338271 0.319715 0.062220 0.062220
0 0.160428 0.694916 0.052757 0.052757
0 0.039657 0.609705 0.104277 0.104277
0 0.129317 0.767552 0.061130 0.061130
0 0.252660 0.710502 0.062220 0.062220
0 0.319170 0.745544 0.071945 0.071945
0 0.717284 0.558169 0.071945 0.071945
0 0.548277 0.669198 0.061130 0.061130
0 0.188039 0.229720 0.071945 0.071945
0 0.957485 0.624389 0.071945 0.071945
0 0.283124 0.234689 0.047555 0.047555
0 0.417224 0.259485 0.052757 0.052757
0 0.448792 0.856648 0.104277 0.104277
0 0.988192 0.762329 0.104277 0.104277
0 0.222343 0.851920 0.052757 0.052757
0 0.047641 0.358490 0.057103 0.057103
0 0.412944 0.477590 0.071945 0.071945
0 0.031352 0.681047 0.104277 0.104277
0 0.497174 0.267366 0.071945 0.071945