0 0.994932 0.757036 0.104277 0.104277
0 0.191910 0.861427 0.062220 0.062220
0 0.361745 0.022823 0.062220 0.062220
0 0.110737 0.325856 0.104277 0.104277
0 0.138795 0.735812 0.057103 0.057103
0 0.307848 0.983103 0.071945 0.071945
0 0.944634 0.596813 0.071945 0.071945
0 0.997522 0.892355 0.062220 0.062220
0 0.835348 0.958903 0.057104 0.057104
0 0.832195 0.798078 0.052757 0.052757
0 0.943349 0.936341 0.061130 0.061130
0 0.315819 0.081665 0.062220 0.062220
0 0.658218 0.785381 0.061131 0.061131
0 0.462393 0.058677 0.070161 0.070161
0 0.093113 0.050289 0.104278 0.104278
0 0.343600 0.486002 0.057104 0.057104
0 0.593344 0.706688 0.062220 0.062220
0 0.886278 0.893364 0.061131 0.061131
0 0.070915 0.557950 0.104277 0.104277
0 0.935505 0.826817 0.057104 0.057104
0 0.732307 0.149874 0.071945 0.071945
0 0.251794 0.029801 0.071945 0.071945
0 0.548100 0.088430 0.062220 0.062220
0 0.565228 0.390722 0.061131 0.061131
0 0.852868 0.301773 0.061130 0.061130
0 0.877881 0.420648 0.104277 0.104277
0 0.584671 0.152266 0.104277 0.104277
0 0.090312 0.422099 0.057104 0.057104
0 0.281365 0.641133 0.057104 0.057104
0 0.038882 0.370968 0.104277 0.104277
0 0.628640 0.287192 0.071945 0.071945
0 0.399954 0.923235 0.061130 0.061130
0 0.314529 0.402429 0.104277 0.104277
0 0.201388 0.683568 0.052757 0.052757
0 0.005243 0.239916 0.052757 0.052757
0 0.479691 0.221493 0.104277 0.104277
0 0.272304 0.223277 0.062220 0.062220
0 0.690723 0.536106 0.071945 0.071945
0 0.672091 0.987525 0.104277 0.104277
0 0.126629 0.486598 0.057104 0.057104
0 0.283783 0.735633 0.057104 0.057104
0 0.049928 0.901174 0.057104 0.057104
0 0.291644 0.902921 0.057104 0.057104
0 0.332173 0.564962 0.052757 0.052757
0 0.403364 0.634043 0.104277 0.104277
0 0.371921 0.203154 0.062220 0.062220
0 0.704531 0.670520 0.061131 0.061131
0 0.159468 0.922527 0.052757 0.052757
0 0.179446 0.126281 0.071945 0.071945
0 0.344832 0.836020 0.104277 0.104277
0 0.480141 0.719217 0.061130 0.061130
0 0.170112 0.362065 0.052757 0.052757
0 0.216054 0.573648 0.057104 0.057104
0 0.045333 0.756666 0.071945 0.071945
0 0.562627 0.617005 0.104277 0.104277
0 0.613975 0.031729 0.062220 0.062220
0 0.775508 0.501465 0.062220 0.062220
0 0.467552 0.454368 0.062220 0.062220
0 0.794070 0.740899 0.057104 0.057104
0 0.028132 0.497816 0.052757 0.052757
0 0.658539 0.215667 0.061131 0.061131
0 0.557319 0.795331 0.062220 0.062220
0 0.562383 0.252985 0.061131 0.061131
0 0.830924 0.027189 0.071945 0.071945
0 0.917556 0.699523 0.071945 0.071945
0 0.360496 0.709741 0.061130 0.061130
0 0.522084 0.858949 0.104278 0.104278
0 0.525367 0.331148 0.052757 0.052757
0 0.605001 0.525969 0.061131 0.061131
0 0.822555 0.223511 0.057104 0.057104
0 0.430334 0.131181 0.052757 0.052757
0 0.772227 0.923120 0.062220 0.062220
0 0.677480 0.064844 0.071945 0.071945
0 0.940466 0.040719 0.052757 0.052757
0 0.579102 0.924860 0.062220 0.062220
0 0.403418 0.356563 0.104277 0.104277
0 0.181936 0.436550 0.061130 0.061130
0 0.125787 0.256466 0.104277 0.104277
0 0.088488 0.127366 0.052757 0.052757
0 0.823688 0.673947 0.052757 0.052757
0 0.611022 0.857231 0.071945 0.071945
0 0.960399 0.238087 0.071945 0.071945
0 0.308987 0.161129 0.057104 0.057104
0 0.862361 0.152658 0.062220 0.062220
0 0.191372 0.285555 0.071945 0.071945
0 0.854653 0.517104 0.057104 0.057104
0 0.421935 0.511997 0.061130 0.061130
0 0.258245 0.820343 0.057104 0.057104
0 0.456661 0.817029 0.104277 0.104277
0 0.185509 0.048059 0.056505 0.056505
0 0.133003 0.810692 0.104277 0.104277
0 0.788456 0.590790 0.057104 0.057104
0 0.694305 0.338811 0.104277 0.104277
0 0.651223 0.914157 0.052757 0.052757
0 0.462694 0.584910 0.061130 0.061130
0 0.760647 0.408248 0.052757 0.052757
0 0.639675 0.626931 0.071945 0.071945
0 0.929317 0.176250 0.104277 0.104277
0 0.767802 0.273792 0.071945 0.071945
0 0.781775 0.083806 0.104277 0.104277
0 0.405601 0.269412 0.057104 0.057104
0 0.157130 0.615769 0.062220 0.062220
0 0.508140 0.523720 0.071945 0.071945
0 0.256323 0.310711 0.057104 0.057104
0 0.056941 0.674624 0.052757 0.052757
0 0.984558 0.336992 0.104277 0.104277
0 0.004192 0.600081 0.062220 0.062220
0 0.648204 0.397948 0.052757 0.052757
0 0.942639 0.515102 0.062220 0.062220
0 0.740032 0.800540 0.061131 0.061131