0 0.068945 0.138759 0.104277 0.104277
0 0.771120 0.450948 0.062220 0.062220
0 0.520112 0.753981 0.104277 0.104277
0 0.725194 0.509790 0.062220 0.062220
0 0.871768 0.486802 0.070161 0.070161
0 0.373854 0.157463 0.062220 0.062220
0 0.502488 0.478414 0.104278 0.104278
0 0.752975 0.914127 0.057104 0.057104
0 0.621881 0.149821 0.057104 0.057104
0 0.169209 0.293021 0.062220 0.062220
0 0.480290 0.986075 0.104277 0.104277
0 0.661169 0.457926 0.071945 0.071945
0 0.957475 0.516555 0.062220 0.062220
0 0.974603 0.818847 0.061131 0.061131
0 0.635589 0.226506 0.062220 0.062220
0 0.289051 0.919134 0.104277 0.104277
0 0.182628 0.533298 0.104277 0.104277
0 0.143634 0.428292 0.071945 0.071945
0 0.994046 0.580391 0.104277 0.104277
0 0.402584 0.515993 0.071945 0.071945
0 0.067895 0.365752 0.057104 0.057104
0 0.908505 0.426026 0.061130 0.061130
0 0.499687 0.850224 0.057104 0.057104
0 0.146886 0.940965 0.062220 0.062220
0 0.621390 0.309267 0.071945 0.071945
0 0.158551 0.831187 0.062220 0.062220
0 0.448257 0.799093 0.104277 0.104277
0 0.220196 0.977486 0.062220 0.062220
0 0.555694 0.248268 0.104277 0.104277
0 0.371935 0.324048 0.104277 0.104277
0 0.499156 0.360705 0.057104 0.057104
0 0.491239 0.224004 0.071945 0.071945
0 0.063097 0.972240 0.104278 0.104278
0 0.723904 0.830554 0.104277 0.104277
0 0.708102 0.180260 0.071945 0.071945
0 0.414618 0.668041 0.052757 0.052757
0 0.889066 0.649618 0.104277 0.104277
0 0.989930 0.394215 0.057104 0.057104
0 0.681679 0.651402 0.062220 0.062220
0 0.990686 0.197071 0.061131 0.061131
0 0.267429 0.593619 0.062220 0.062220
0 0.536004 0.914723 0.057104 0.057104
0 0.289530 0.232753 0.104277 0.104277
0 0.960402 0.296346 0.071945 0.071945
0 0.063349 0.734130 0.052757 0.052757
0 0.849857 0.356528 0.071945 0.071945
0 0.741548 0.993087 0.052757 0.052757
0 0.781296 0.631279 0.062220 0.062220
0 0.212887 0.709510 0.061130 0.061130
0 0.100667 0.265223 0.071945 0.071945
0 0.711499 0.291582 0.052757 0.052757
0 0.588821 0.554406 0.071945 0.071945
0 0.579487 0.790190 0.052757 0.052757
0 0.064255 0.627918 0.104277 0.104277
0 0.086920 0.472184 0.052757 0.052757
0 0.222646 0.370599 0.104277 0.104277
0 0.293750 0.320188 0.057104 0.057104
0 0.876927 0.882493 0.062220 0.062220
0 0.280298 0.678101 0.061130 0.061130
0 0.149472 0.657359 0.061130 0.061130
0 0.437507 0.925941 0.052757 0.052757
0 0.767096 0.346693 0.052757 0.052757
0 0.820779 0.175657 0.071945 0.071945
0 0.358412 0.617500 0.071945 0.071945
0 0.971758 0.681110 0.061131 0.061131
0 0.320326 0.396860 0.104277 0.104277
0 0.844713 0.256910 0.057104 0.057104
0 0.216839 0.467989 0.057104 0.057104
0 0.297399 0.790152 0.057104 0.057104
0 0.461223 0.299604 0.062220 0.062220
0 0.531251 0.130184 0.104277 0.104277
0 0.934742 0.759273 0.052757 0.052757
0 0.839709 0.559306 0.052757 0.052757
0 0.095854 0.801294 0.061130 0.061130
0 0.116502 0.567401 0.104278 0.104278
0 0.903483 0.143502 0.104277 0.104277
0 0.812793 0.784688 0.104277 0.104277
0 0.591311 0.864675 0.061130 0.061130
0 0.535162 0.684591 0.104277 0.104277
0 0.497863 0.555491 0.052757 0.052757
0 0.718362 0.589254 0.057104 0.057104
0 0.600747 0.713680 0.071945 0.071945
0 0.676891 0.354117 0.104277 0.104277
0 0.831310 0.940122 0.061130 0.061130
0 0.136005 0.355144 0.071945 0.071945
0 0.594884 0.476184 0.056505 0.056505
0 0.233903 0.837830 0.062220 0.062220
0 0.814976 0.697537 0.057104 0.057104
0 0.589181 0.407495 0.061130 0.061130
0 0.917515 0.951845 0.071945 0.071945
0 0.922082 0.357580 0.057103 0.057103
0 0.665698 0.738836 0.057104 0.057104
0 0.388735 0.431297 0.062220 0.062220
0 0.299286 0.137240 0.062220 0.062220
0 0.347775 0.967050 0.104277 0.104277
0 0.325998 0.551716 0.057104 0.057104
0 0.353177 0.847345 0.057104 0.057104
0 0.406011 0.218547 0.061130 0.061130
0 0.200666 0.226169 0.057104 0.057104
0 0.174228 0.137312 0.071945 0.071945
0 0.100308 0.886093 0.061130 0.061130