0 0.756467 0.202602 0.104277 0.104277
0 0.428927 0.410130 0.104278 0.104278
0 0.906757 0.200278 0.062220 0.062220
0 0.958091 0.969886 0.071945 0.071945
0 0.484583 0.847252 0.104277 0.104277
0 0.547071 0.571478 0.052757 0.052757
0 0.727368 0.758224 0.061130 0.061130
0 0.219562 0.928446 0.052757 0.052757
0 0.071604 0.562453 0.061130 0.061130
0 0.446365 0.520935 0.052757 0.052757
0 0.900312 0.720100 0.071945 0.071945
0 0.467436 0.692162 0.052757 0.052757
0 0.210987 0.841025 0.104277 0.104277
0 0.750591 0.117417 0.057104 0.057104
0 0.543743 0.767297 0.071945 0.071945
0 0.293344 0.772823 0.104277 0.104277
0 0.786453 0.304053 0.051819 0.051819
0 0.217511 0.741883 0.061130 0.061130
0 0.081572 0.326787 0.057104 0.057104
0 0.966601 0.247766 0.052757 0.052757
0 0.124582 0.639840 0.104277 0.104277
0 0.157431 0.113436 0.057104 0.057104
0 0.679159 0.592854 0.104277 0.104277
0 0.979020 0.838958 0.104277 0.104277
0 0.344452 0.918878 0.104277 0.104277
0 0.982219 0.709240 0.062220 0.062220
0 0.943493 0.035614 0.036679 0.036679
0 0.378773 0.321568 0.052757 0.052757
0 0.862294 0.374397 0.104277 0.104277
0 0.857431 0.301104 0.071945 0.071945
0 0.066454 0.481323 0.104277 0.104277
0 0.139934 0.879805 0.052757 0.052757
0 0.621616 0.843586 0.052757 0.052757
0 0.563902 0.313813 0.052757 0.052757
0 0.002409 0.563380 0.052757 0.052757
0 0.431640 0.766341 0.104277 0.104277
0 0.378937 0.627987 0.057104 0.057104
0 0.584274 0.709591 0.052757 0.052757
0 0.778749 0.461026 0.054783 0.054783
0 0.915592 0.906162 0.062220 0.062220
0 0.759279 0.981712 0.061131 0.061131
0 0.946301 0.394938 0.057103 0.057103
0 0.282105 0.851973 0.061130 0.061130
0 0.717672 0.910163 0.071945 0.071945
0 0.746851 0.573192 0.071945 0.071945
0 0.747111 0.644016 0.061130 0.061130
0 0.529975 0.234444 0.071945 0.071945
0 0.023785 0.760915 0.052757 0.052757
0 0.303652 0.440041 0.061130 0.061130
0 0.195005 0.338883 0.071945 0.071945
0 0.361654 0.554579 0.052757 0.052757
0 0.627131 0.469694 0.057104 0.057104
0 0.991785 0.329640 0.061131 0.061131
0 0.402201 0.880333 0.071945 0.071945
0 0.203753 0.062069 0.071945 0.071945
0 0.183909 0.507176 0.061130 0.061130
0 0.154578 0.423511 0.062220 0.062220
0 0.836502 0.987434 0.052757 0.052757
0 0.298348 0.274697 0.062220 0.062220
0 0.414009 0.103697 0.061130 0.061130
0 0.546048 0.946972 0.061130 0.061130
0 0.641326 0.347820 0.052757 0.052757
0 0.203947 0.669477 0.052757 0.052757
0 0.354121 0.705762 0.057104 0.057104
0 0.349321 0.005958 0.061130 0.061130
0 0.333931 0.990137 0.071945 0.071945
0 0.499075 0.060493 0.104277 0.104277
0 0.662480 0.158366 0.071945 0.071945
0 0.047820 0.925246 0.071945 0.071945
0 0.871264 0.561684 0.052757 0.052757
0 0.352775 0.212084 0.061130 0.061130
0 0.452868 0.304620 0.057104 0.057104
0 0.345017 0.128402 0.104277 0.104277
0 0.552469 0.382236 0.062220 0.062220
0 0.549636 0.109030 0.104277 0.104277
0 0.558941 0.640901 0.104277 0.104277
0 0.914128 0.801195 0.052757 0.052757
0 0.835457 0.036028 0.062220 0.062220
0 0.295228 0.516676 0.104277 0.104277
0 0.826175 0.853059 0.052757 0.052757
0 0.255874 0.370697 0.071945 0.071945
0 0.645712 0.919446 0.057104 0.057104
0 0.498772 0.438325 0.104277 0.104277
0 0.977668 0.118724 0.104277 0.104277
0 0.653605 0.242282 0.057104 0.057104
0 0.136812 0.278861 0.050932 0.050932
0 0.273548 0.099975 0.052757 0.052757
0 0.039685 0.046866 0.071945 0.071945
0 0.891120 0.083946 0.071945 0.071945
0 0.250445 0.007035 0.061130 0.061130
0 0.609474 0.065090 0.052757 0.052757
0 0.463780 0.216537 0.057104 0.057104
0 0.855109 0.447775 0.104277 0.104277
0 0.247349 0.167001 0.061130 0.061130
0 0.109714 0.010160 0.071945 0.071945
0 0.559255 0.874436 0.050559 0.050559
0 0.688394 0.817215 0.061130 0.061130
0 0.817665 0.637587 0.071945 0.071945
0 0.919652 0.491973 0.057104 0.057104
0 0.959698 0.549111 0.104277 0.104277
0 0.460897 0.609992 0.061131 0.061131
0 0.308004 0.651317 0.104277 0.104277
0 0.816465 0.732140 0.071945 0.071945
0 0.765190 0.393072 0.052757 0.052757
0 0.692627 0.427299 0.104277 0.104277
0 0.208141 0.263686 0.062220 0.062220
0 0.003896 0.241590 0.062220 0.062220
0 0.382909 0.480044 0.071945 0.071945
0 0.213902 0.591073 0.061130 0.061130
0 0.623110 0.546264 0.071945 0.071945
0 0.082849 0.181360 0.052757 0.052757
0 0.114417 0.778523 0.104277 0.104277
0 0.929374 0.640715 0.104277 0.104277
0 0.653817 0.684204 0.104277 0.104277
0 0.078569 0.399465 0.071945 0.071945
0 0.828076 0.163845 0.057104 0.057104
0 0.162799 0.189241 0.071945 0.071945
0 0.153701 0.948783 0.104277 0.104277