0 0.865842 0.918227 0.104277 0.104277
0 0.822294 0.706236 0.061130 0.061130
0 0.755387 0.566565 0.104277 0.104277
0 0.817213 0.475517 0.071945 0.071945
0 0.969026 0.461127 0.071945 0.071945
0 0.723065 0.668134 0.052757 0.052757
0 0.761096 0.338618 0.104277 0.104277
0 0.267261 0.621231 0.052757 0.052757
0 0.216910 0.114552 0.062220 0.062220
0 0.859966 0.833042 0.057104 0.057104
0 0.631159 0.511074 0.062220 0.062220
0 0.889168 0.274589 0.052757 0.052757
0 0.541994 0.696233 0.104277 0.104277
0 0.141467 0.341768 0.052757 0.052757
0 0.799972 0.632773 0.061131 0.061131
0 0.266806 0.829061 0.057104 0.057104
0 0.833106 0.385114 0.057104 0.057104
0 0.332848 0.236228 0.071945 0.071945
0 0.884188 0.593268 0.052757 0.052757
0 0.380096 0.298667 0.061130 0.061130
0 0.558230 0.422622 0.052757 0.052757
0 0.940395 0.529228 0.057104 0.057104
0 0.860348 0.212028 0.057104 0.057104
0 0.857195 0.051203 0.052757 0.052757
0 0.968349 0.189466 0.061130 0.061130
0 0.683218 0.038506 0.061131 0.061131
0 0.311615 0.511707 0.057104 0.057104
0 0.886630 0.681850 0.057104 0.057104
0 0.625430 0.358531 0.052757 0.052757
0 0.398546 0.507964 0.057104 0.057104
0 0.621398 0.634483 0.071945 0.071945
0 0.911278 0.146489 0.061131 0.061131
0 0.730493 0.440814 0.071945 0.071945
0 0.960505 0.079942 0.057104 0.057104
0 0.079957 0.253262 0.071945 0.071945
0 0.009712 0.246177 0.057104 0.057104
0 0.277765 0.412169 0.057104 0.057104
0 0.639350 0.950069 0.071945 0.071945
0 0.692617 0.600932 0.057104 0.057104
0 0.014213 0.936012 0.061130 0.061130
0 0.424954 0.176360 0.061130 0.061130
0 0.313128 0.777694 0.071945 0.071945
0 0.407723 0.990322 0.062220 0.062220
0 0.523384 0.819322 0.061130 0.061130
0 0.013244 0.579937 0.071945 0.071945
0 0.697091 0.240650 0.104277 0.104277
0 0.458696 0.721583 0.061130 0.061130
0 0.429770 0.649848 0.061130 0.061130
0 0.999169 0.606110 0.062220 0.062220
0 0.210888 0.376121 0.104277 0.104277
0 0.074928 0.154299 0.057104 0.057104
0 0.316644 0.156046 0.057104 0.057104
0 0.608450 0.776118 0.104277 0.104277
0 0.771855 0.873991 0.071945 0.071945
0 0.185210 0.270383 0.104277 0.104277
0 0.469253 0.387786 0.052757 0.052757
0 0.912601 0.377140 0.062220 0.062220
0 0.462150 0.927709 0.061130 0.061130
0 0.200303 0.462683 0.104277 0.104277
0 0.024413 0.661635 0.071945 0.071945
0 0.454392 0.844027 0.104277 0.104277
0 0.184468 0.175652 0.052757 0.052757
0 0.659011 0.824655 0.104277 0.104277
0 0.001379 0.094973 0.061130 0.061130
0 0.143700 0.612766 0.052757 0.052757
0 0.369832 0.089145 0.104277 0.104277
0 0.637916 0.711965 0.052757 0.052757
0 0.070333 0.009791 0.071945 0.071945
0 0.944832 0.751653 0.062220 0.062220
0 0.350275 0.585452 0.071945 0.071945
0 0.275220 0.338422 0.062220 0.062220
0 0.979673 0.294991 0.071945 0.071945
0 0.589552 0.278119 0.052757 0.052757
0 0.582319 0.048456 0.062220 0.062220
0 0.236152 0.544119 0.104277 0.104277
0 0.762980 0.957907 0.057104 0.057104
0 0.246187 0.994486 0.050932 0.050932
0 0.382923 0.815600 0.052757 0.052757
0 0.547084 0.112074 0.104278 0.104278
0 0.149060 0.762491 0.071945 0.071945
0 0.359820 0.722660 0.061130 0.061130
0 0.718849 0.780715 0.052757 0.052757
0 0.573155 0.932162 0.057104 0.057104
0 0.797227 0.176245 0.062220 0.062220
0 0.071960 0.358914 0.057104 0.057104
0 0.382468 0.367821 0.057104 0.057104
0 0.014281 0.812293 0.104277 0.104277
0 0.604102 0.177985 0.062220 0.062220
0 0.482659 0.292561 0.057104 0.057104
0 0.356724 0.882626 0.061130 0.061130
0 0.219089 0.725785 0.071945 0.071945
0 0.071724 0.437023 0.061130 0.061130
0 0.001561 0.424302 0.062220 0.062220
0 0.346576 0.442286 0.048997 0.048997
0 0.636022 0.110356 0.071945 0.071945
0 0.549602 0.346917 0.062220 0.062220
0 0.283245 0.073468 0.057104 0.057104
0 0.481661 0.070154 0.104277 0.104277
0 0.158003 0.063817 0.104277 0.104277
0 0.545584 0.588278 0.062220 0.062220
0 0.676223 0.167282 0.052757 0.052757
0 0.317516 0.979311 0.062220 0.062220
0 0.113271 0.957215 0.062220 0.062220
0 0.549161 0.498467 0.061131 0.061131
0 0.123935 0.536663 0.104277 0.104277
0 0.058124 0.872189 0.047555 0.047555
0 0.192224 0.896985 0.052757 0.052757
0 0.264377 0.260530 0.057104 0.057104
0 0.476669 0.595272 0.071945 0.071945
0 0.937451 0.879470 0.057104 0.057104
0 0.272174 0.904866 0.071945 0.071945
0 0.765032 0.053665 0.061131 0.061131