0 0.456467 0.515102 0.104277 0.104277
0 0.412919 0.303111 0.061130 0.061130
0 0.128927 0.722630 0.104278 0.104278
0 0.815864 0.264820 0.052757 0.052757
0 0.346012 0.163440 0.104277 0.104277
0 0.407838 0.072392 0.071945 0.071945
0 0.606757 0.512778 0.062220 0.062220
0 0.559651 0.058002 0.071945 0.071945
0 0.638404 0.264860 0.104277 0.104277
0 0.313690 0.265009 0.052757 0.052757
0 0.247071 0.883978 0.052757 0.052757
0 0.716268 0.311385 0.071945 0.071945
0 0.970015 0.503253 0.047276 0.047276
0 0.860369 0.809854 0.062220 0.062220
0 0.146365 0.833435 0.052757 0.052757
0 0.450591 0.429917 0.057104 0.057104
0 0.221784 0.107949 0.062220 0.062220
0 0.486453 0.616553 0.051819 0.051819
0 0.132619 0.293108 0.104277 0.104277
0 0.961254 0.244886 0.071945 0.071945
0 0.390597 0.229648 0.061131 0.061131
0 0.666601 0.560266 0.052757 0.052757
0 0.379159 0.905354 0.104277 0.104277
0 0.796799 0.962651 0.071945 0.071945
0 0.727877 0.508781 0.057103 0.057103
0 0.474813 0.190143 0.052757 0.052757
0 0.801546 0.894205 0.062220 0.062220
0 0.148855 0.019497 0.052757 0.052757
0 0.531020 0.126103 0.057104 0.057104
0 0.921569 0.078860 0.052757 0.052757
0 0.643493 0.348114 0.036679 0.036679
0 0.078773 0.634068 0.052757 0.052757
0 0.762531 0.626121 0.104277 0.104277
0 0.861482 0.039671 0.062221 0.062221
0 0.477255 0.278725 0.057104 0.057104
0 0.562294 0.686897 0.104277 0.104277
0 0.867868 0.994433 0.061130 0.061130
0 0.557431 0.613604 0.071945 0.071945
0 0.800027 0.075300 0.052757 0.052757
0 0.787133 0.143162 0.104277 0.104277
0 0.954023 0.609178 0.071945 0.071945
0 0.212023 0.231358 0.071945 0.071945
0 0.263902 0.626313 0.052757 0.052757
0 0.692771 0.166794 0.104277 0.104277
0 0.321118 0.037689 0.071945 0.071945
0 0.859862 0.640989 0.061131 0.061131
0 0.078937 0.940487 0.057104 0.057104
0 0.975901 0.392251 0.057104 0.057104
0 0.478749 0.773526 0.054783 0.054783
0 0.783676 0.334269 0.062220 0.062220
0 0.646301 0.707438 0.057103 0.057103
0 0.446851 0.885692 0.071945 0.071945
0 0.447111 0.956516 0.061130 0.061130
0 0.229975 0.546944 0.071945 0.071945
0 0.003652 0.752541 0.061130 0.061130
0 0.061654 0.867079 0.052757 0.052757
0 0.740607 0.774259 0.061131 0.061131
0 0.327131 0.782194 0.057104 0.057104
0 0.691785 0.642140 0.061131 0.061131
0 0.283242 0.197807 0.057104 0.057104
0 0.639698 0.108502 0.061130 0.061130
0 0.114009 0.416197 0.061130 0.061130
0 0.957356 0.734682 0.071945 0.071945
0 0.962738 0.873207 0.104278 0.104278
0 0.892339 0.495120 0.062220 0.062220
0 0.718458 0.239117 0.061130 0.061130
0 0.341326 0.660320 0.052757 0.052757
0 0.049321 0.318458 0.061130 0.061130
0 0.020395 0.246723 0.061130 0.061130
0 0.589794 0.202985 0.062220 0.062220
0 0.199075 0.372993 0.104277 0.104277
0 0.362480 0.470866 0.071945 0.071945
0 0.893943 0.707785 0.104278 0.104278
0 0.571264 0.874184 0.052757 0.052757
0 0.052775 0.524584 0.061130 0.061130
0 0.866923 0.350193 0.104277 0.104277
0 0.152868 0.617120 0.057104 0.057104
0 0.045017 0.440902 0.104277 0.104277
0 0.252469 0.694736 0.062220 0.062220
0 0.817296 0.747364 0.062220 0.062220
0 0.249636 0.421530 0.104277 0.104277
0 0.228541 0.308840 0.052757 0.052757
0 0.258941 0.953401 0.104277 0.104277
0 0.535457 0.348528 0.062220 0.062220
0 0.198772 0.750825 0.104277 0.104277
0 0.677668 0.431224 0.104277 0.104277
0 0.353605 0.554782 0.057104 0.057104
0 0.721822 0.963362 0.057104 0.057104
0 0.740857 0.697863 0.071945 0.071945
0 0.591120 0.396446 0.071945 0.071945
0 0.309474 0.377590 0.052757 0.052757
0 0.163780 0.529037 0.057104 0.057104
0 0.555109 0.760275 0.104277 0.104277
0 0.981124 0.124101 0.071945 0.071945
0 0.732015 0.386593 0.061131 0.061131
0 0.864290 0.174323 0.071945 0.071945
0 0.517665 0.950087 0.071945 0.071945
0 0.619652 0.804473 0.057104 0.057104
0 0.659698 0.861611 0.104277 0.104277
0 0.160897 0.922492 0.061131 0.061131
0 0.008004 0.963817 0.104277 0.104277
0 0.136209 0.185153 0.062220 0.062220
0 0.465190 0.705572 0.052757 0.052757
0 0.392627 0.739799 0.104277 0.104277
0 0.139786 0.095342 0.061131 0.061131
0 0.082909 0.792544 0.071945 0.071945
0 0.824683 0.423590 0.071945 0.071945
0 0.323110 0.858764 0.071945 0.071945
0 0.788176 0.005681 0.052757 0.052757
0 0.629374 0.953215 0.104277 0.104277
0 0.353817 0.996704 0.104277 0.104277
0 0.905583 0.918760 0.061131 0.061131
0 0.067294 0.192147 0.071945 0.071945
0 0.528076 0.476345 0.057104 0.057104
0 0.797827 0.559076 0.061131 0.061131