0 0.025558 0.988479 0.062220 0.062220
0 0.476720 0.511282 0.071945 0.071945
0 0.751841 0.479261 0.071945 0.071945
0 0.278333 0.356627 0.104277 0.104277
0 0.783969 0.594631 0.052757 0.052757
0 0.340821 0.080853 0.052757 0.052757
0 0.485404 0.881614 0.061130 0.061130
0 0.928129 0.818119 0.062220 0.062220
0 0.521118 0.267599 0.061130 0.061130
0 0.927396 0.392576 0.104277 0.104277
0 0.013312 0.437821 0.052757 0.052757
0 0.911485 0.988312 0.052757 0.052757
0 0.547531 0.989706 0.104277 0.104277
0 0.025004 0.524370 0.104277 0.104277
0 0.371468 0.777995 0.104277 0.104277
0 0.330329 0.899606 0.104277 0.104277
0 0.954119 0.006729 0.062220 0.062220
0 0.216845 0.941580 0.071945 0.071945
0 0.240115 0.030310 0.052757 0.052757
0 0.694062 0.229475 0.071945 0.071945
0 0.261186 0.201537 0.052757 0.052757
0 0.374869 0.530737 0.062220 0.062220
0 0.004737 0.350400 0.104277 0.104277
0 0.337493 0.276672 0.071945 0.071945
0 0.087094 0.282198 0.104277 0.104277
0 0.804284 0.840915 0.104277 0.104277
0 0.011261 0.251258 0.061130 0.061130
0 0.400222 0.702995 0.057104 0.057104
0 0.894392 0.555695 0.104277 0.104277
0 0.849531 0.746814 0.071945 0.071945
0 0.472909 0.102229 0.104277 0.104277
0 0.772770 0.348333 0.104277 0.104277
0 0.890549 0.159526 0.071945 0.071945
0 0.468569 0.685431 0.104277 0.104277
0 0.885783 0.899573 0.052757 0.052757
0 0.895296 0.091080 0.062220 0.062220
0 0.626231 0.982623 0.062220 0.062220
0 0.353922 0.626493 0.061130 0.061130
0 0.233227 0.668367 0.057104 0.057104
0 0.138202 0.428253 0.104277 0.104277
0 0.833252 0.286831 0.057104 0.057104
0 0.876219 0.460506 0.062220 0.062220
0 0.628961 0.587693 0.052757 0.052757
0 0.775969 0.218615 0.062220 0.062220
0 0.170743 0.775125 0.057104 0.057104
0 0.286719 0.805216 0.104277 0.104277
0 0.017488 0.601525 0.057104 0.057104
0 0.747704 0.975443 0.062220 0.062220
0 0.596178 0.774561 0.071945 0.071945
0 0.961618 0.191308 0.061130 0.061130
0 0.806182 0.689570 0.102474 0.102474
0 0.415366 0.352961 0.052757 0.052757
0 0.700518 0.681745 0.104277 0.104277
0 0.054034 0.736968 0.057104 0.057104
0 0.225390 0.275716 0.104277 0.104277
0 0.172687 0.137362 0.057104 0.057104
0 0.378024 0.218966 0.052757 0.052757
0 0.709342 0.415537 0.062220 0.062220
0 0.553029 0.491087 0.061131 0.061131
0 0.075855 0.361348 0.061130 0.061130
0 0.511422 0.419538 0.071945 0.071945
0 0.540601 0.082567 0.071945 0.071945
0 0.299623 0.538087 0.062220 0.062220
0 0.540861 0.153391 0.061130 0.061130
0 0.514568 0.742398 0.057104 0.057104
0 0.252264 0.878937 0.057104 0.057104
0 0.155404 0.063954 0.052757 0.052757
0 0.327290 0.695925 0.104277 0.104277
0 0.120424 0.922601 0.062220 0.062220
0 0.195951 0.389708 0.071945 0.071945
0 0.995864 0.448482 0.045227 0.045227
0 0.630252 0.496809 0.052757 0.052757
0 0.339798 0.456347 0.061130 0.061130
0 0.147871 0.215137 0.057104 0.057104
0 0.613361 0.703919 0.062220 0.062220
0 0.557784 0.883678 0.104277 0.104277
0 0.150336 0.645656 0.062220 0.062220
0 0.127681 0.499512 0.071945 0.071945
0 0.285235 0.965690 0.062220 0.062220
0 0.665014 0.071059 0.052757 0.052757
0 0.352691 0.150276 0.104277 0.104277
0 0.385877 0.847331 0.062220 0.062220
0 0.707878 0.310570 0.052757 0.052757
0 0.260090 0.736678 0.071945 0.071945
0 0.088978 0.026051 0.104277 0.104277
0 0.619925 0.362434 0.052757 0.052757
0 0.439462 0.428821 0.057104 0.057104
0 0.909935 0.295974 0.061131 0.061131
0 0.815572 0.160237 0.057104 0.057104
0 0.536726 0.809400 0.104277 0.104277
0 0.974944 0.946229 0.062221 0.062221
0 0.810842 0.946511 0.052757 0.052757
0 0.706947 0.588870 0.055027 0.055027
0 0.839139 0.389692 0.061131 0.061131
0 0.497638 0.617783 0.062220 0.062220
0 0.916976 0.693048 0.104277 0.104277
0 0.353005 0.383811 0.050559 0.050559
0 0.647227 0.881946 0.052757 0.052757
0 0.482144 0.326590 0.061130 0.061130
0 0.611415 0.146962 0.071945 0.071945
0 0.713402 0.001348 0.057104 0.057104
0 0.167407 0.858158 0.052757 0.052757
0 0.753448 0.058486 0.104277 0.104277
0 0.453628 0.774746 0.071945 0.071945
0 0.254647 0.119367 0.061131 0.061131
0 0.101754 0.160692 0.104277 0.104277
0 0.610215 0.241515 0.071945 0.071945
0 0.569677 0.630593 0.104277 0.104277
0 0.733687 0.774850 0.061130 0.061130
0 0.412178 0.974856 0.104277 0.104277
0 0.094182 0.853436 0.052757 0.052757
0 0.997058 0.309468 0.052757 0.052757
0 0.007652 0.100448 0.061130 0.061130
0 0.416860 0.055639 0.071945 0.071945
0 0.127854 0.718822 0.061130 0.061130
0 0.723124 0.150090 0.104277 0.104277
0 0.447567 0.193579 0.104277 0.104277
0 0.212060 0.513493 0.052757 0.052757
0 0.999333 0.115635 0.061131 0.061131
0 0.971715 0.641722 0.057104 0.057104
0 0.985665 0.565639 0.088662 0.088662