0 0.134207 0.853830 0.062220 0.062220
0 0.623595 0.570657 0.071945 0.071945
0 0.898716 0.538636 0.071945 0.071945
0 0.425208 0.416002 0.104277 0.104277
0 0.930844 0.654006 0.052757 0.052757
0 0.487696 0.140228 0.052757 0.052757
0 0.632279 0.940989 0.061130 0.061130
0 0.667993 0.326974 0.061130 0.061130
0 0.160187 0.497196 0.052757 0.052757
0 0.171879 0.583745 0.104277 0.104277
0 0.012229 0.131203 0.061130 0.061130
0 0.518343 0.837370 0.104277 0.104277
0 0.477204 0.958981 0.104277 0.104277
0 0.386990 0.089685 0.052757 0.052757
0 0.840937 0.288850 0.071945 0.071945
0 0.408061 0.260912 0.052757 0.052757
0 0.521744 0.590112 0.062220 0.062220
0 0.151612 0.409775 0.104277 0.104277
0 0.484368 0.336047 0.071945 0.071945
0 0.233969 0.341573 0.104277 0.104277
0 0.951159 0.900290 0.104277 0.104277
0 0.158136 0.310633 0.061130 0.061130
0 0.547097 0.762370 0.057104 0.057104
0 0.996406 0.806189 0.071945 0.071945
0 0.065207 0.208590 0.104277 0.104277
0 0.619784 0.161604 0.104277 0.104277
0 0.919645 0.407708 0.104277 0.104277
0 0.615444 0.744806 0.104277 0.104277
0 0.500797 0.685868 0.061130 0.061130
0 0.380102 0.727742 0.057104 0.057104
0 0.285077 0.487628 0.104277 0.104277
0 0.041630 0.627232 0.061130 0.061130
0 0.122474 0.752690 0.062220 0.062220
0 0.980127 0.346206 0.057104 0.057104
0 0.775836 0.647068 0.052757 0.052757
0 0.922844 0.277990 0.062220 0.062220
0 0.317618 0.834500 0.057104 0.057104
0 0.433594 0.864591 0.104277 0.104277
0 0.164363 0.660900 0.057104 0.057104
0 0.743053 0.833936 0.071945 0.071945
0 0.007079 0.050073 0.104277 0.104277
0 0.080559 0.448555 0.052757 0.052757
0 0.953057 0.748945 0.102474 0.102474
0 0.562241 0.412336 0.052757 0.052757
0 0.847393 0.741120 0.104277 0.104277
0 0.200909 0.796343 0.057104 0.057104
0 0.372265 0.335091 0.104277 0.104277
0 0.319562 0.196737 0.057104 0.057104
0 0.524899 0.278341 0.052757 0.052757
0 0.719374 0.029776 0.054783 0.054783
0 0.012984 0.708444 0.061130 0.061130
0 0.856217 0.474912 0.062220 0.062220
0 0.699904 0.550462 0.061131 0.061131
0 0.222730 0.420723 0.061130 0.061130
0 0.658297 0.478913 0.071945 0.071945
0 0.687476 0.141942 0.071945 0.071945
0 0.446498 0.597462 0.062220 0.062220
0 0.687736 0.212766 0.061130 0.061130
0 0.244277 0.008791 0.061130 0.061130
0 0.661443 0.801773 0.057104 0.057104
0 0.399139 0.938312 0.057104 0.057104
0 0.302279 0.123329 0.052757 0.052757
0 0.981232 0.030509 0.061131 0.061131
0 0.567756 0.038444 0.057104 0.057104
0 0.474165 0.755300 0.104277 0.104277
0 0.267299 0.981976 0.062220 0.062220
0 0.342826 0.449083 0.071945 0.071945
0 0.124534 0.075926 0.061130 0.061130
0 0.777127 0.556184 0.052757 0.052757
0 0.131839 0.980735 0.104277 0.104277
0 0.486673 0.515722 0.061130 0.061130
0 0.144572 0.238227 0.052757 0.052757
0 0.294746 0.274512 0.057104 0.057104
0 0.760236 0.763294 0.062220 0.062220
0 0.704659 0.943053 0.104277 0.104277
0 0.297211 0.705031 0.062220 0.062220
0 0.274556 0.558887 0.071945 0.071945
0 0.811889 0.130434 0.052757 0.052757
0 0.499566 0.209651 0.104277 0.104277
0 0.532752 0.906706 0.062220 0.062220
0 0.854753 0.369945 0.052757 0.052757
0 0.406965 0.796053 0.071945 0.071945
0 0.235853 0.085426 0.104277 0.104277
0 0.766800 0.421809 0.052757 0.052757
0 0.586337 0.488196 0.057104 0.057104
0 0.439397 0.007075 0.104277 0.104277
0 0.083007 0.912755 0.104277 0.104277
0 0.962447 0.219612 0.057104 0.057104
0 0.683601 0.868775 0.104277 0.104277
0 0.795734 0.016525 0.104277 0.104277
0 0.853822 0.648245 0.055027 0.055027
0 0.986014 0.449067 0.061131 0.061131
0 0.644513 0.677158 0.062220 0.062220
0 0.499880 0.443186 0.050559 0.050559
0 0.794102 0.941321 0.052757 0.052757
0 0.629019 0.385965 0.061130 0.061130
0 0.758290 0.206337 0.071945 0.071945
0 0.860277 0.060723 0.057104 0.057104
0 0.314282 0.917533 0.052757 0.052757
0 0.900323 0.117861 0.104277 0.104277
0 0.600503 0.834121 0.071945 0.071945
0 0.401522 0.178742 0.061131 0.061131
0 0.248629 0.220067 0.104277 0.104277
0 0.757090 0.300890 0.071945 0.071945
0 0.716552 0.689968 0.104277 0.104277
0 0.880562 0.834225 0.061130 0.061130
0 0.241057 0.912811 0.052757 0.052757
0 0.323534 0.048794 0.071945 0.071945
0 0.154527 0.159823 0.061130 0.061130
0 0.563735 0.115014 0.071945 0.071945
0 0.274729 0.778197 0.061130 0.061130
0 0.055042 0.347273 0.104277 0.104277
0 0.869999 0.209465 0.104277 0.104277
0 0.594442 0.252954 0.104277 0.104277
0 0.358935 0.572868 0.052757 0.052757
0 0.094326 0.517533 0.104277 0.104277