0 0.923489 0.905394 0.062220 0.062220
0 0.186745 0.560323 0.062220 0.062220
0 0.735743 0.338462 0.052757 0.052757
0 0.828956 0.285536 0.052757 0.052757
0 0.896226 0.834687 0.052757 0.052757
0 0.140819 0.619165 0.062220 0.062220
0 0.287393 0.596177 0.070161 0.070161
0 0.988385 0.854997 0.071945 0.071945
0 0.640767 0.254770 0.062220 0.062220
0 0.037506 0.259196 0.057104 0.057104
0 0.557307 0.687374 0.071945 0.071945
0 0.838706 0.594750 0.061130 0.061130
0 0.654966 0.374752 0.062220 0.062220
0 0.076794 0.567301 0.071945 0.071945
0 0.373100 0.625930 0.062220 0.062220
0 0.827419 0.958122 0.071945 0.071945
0 0.390228 0.928222 0.061131 0.061131
0 0.677868 0.839273 0.061130 0.061130
0 0.051214 0.335881 0.062220 0.062220
0 0.702881 0.958148 0.104277 0.104277
0 0.409671 0.689766 0.104277 0.104277
0 0.584866 0.342157 0.052757 0.052757
0 0.324130 0.535401 0.061130 0.061130
0 0.037015 0.418642 0.071945 0.071945
0 0.453640 0.824692 0.071945 0.071945
0 0.711251 0.511594 0.061130 0.061130
0 0.139529 0.939929 0.104277 0.104277
0 0.807805 0.490695 0.057104 0.057104
0 0.517856 0.421206 0.071945 0.071945
0 0.123727 0.289635 0.071945 0.071945
0 0.304691 0.758993 0.104277 0.104277
0 0.405555 0.503590 0.057104 0.057104
0 0.097304 0.760777 0.062220 0.062220
0 0.406311 0.306446 0.061131 0.061131
0 0.715750 0.262074 0.057104 0.057104
0 0.870917 0.438647 0.062220 0.062220
0 0.376027 0.405721 0.071945 0.071945
0 0.265482 0.465903 0.071945 0.071945
0 0.196921 0.740654 0.062220 0.062220
0 0.127124 0.400957 0.052757 0.052757
0 0.004446 0.663781 0.071945 0.071945
0 0.923390 0.695967 0.062220 0.062220
0 0.503146 0.323735 0.052757 0.052757
0 0.886965 0.757534 0.062220 0.062220
0 0.438975 0.569229 0.062220 0.062220
0 0.984161 0.288750 0.071945 0.071945
0 0.292552 0.991868 0.062220 0.062220
0 0.708660 0.428882 0.061131 0.061131
0 0.182721 0.456068 0.052757 0.052757
0 0.483539 0.753167 0.061131 0.061131
0 0.236404 0.285032 0.071945 0.071945
0 0.387383 0.790485 0.061131 0.061131
0 0.655924 0.564689 0.071945 0.071945
0 0.567389 0.261950 0.062220 0.062220
0 0.260338 0.366285 0.057104 0.057104
0 0.350367 0.868648 0.052757 0.052757
0 0.849117 0.684681 0.052757 0.052757
0 0.647555 0.761011 0.057104 0.057104
0 0.255334 0.668681 0.052757 0.052757
0 0.948658 0.428074 0.052757 0.052757
0 0.502480 0.602344 0.071945 0.071945
0 0.765466 0.578219 0.052757 0.052757
0 0.583654 0.464347 0.071945 0.071945
0 0.319108 0.252877 0.104277 0.104277
0 0.228418 0.894063 0.104277 0.104277
0 0.006936 0.974050 0.061130 0.061130
0 0.785399 0.775587 0.071945 0.071945
0 0.133987 0.698629 0.057104 0.057104
0 0.687361 0.690158 0.062220 0.062220
0 0.016372 0.823055 0.071945 0.071945
0 0.092516 0.463492 0.104277 0.104277
0 0.886077 0.330333 0.071945 0.071945
0 0.514060 0.525394 0.071945 0.071945
0 0.010509 0.585559 0.056505 0.056505
0 0.519305 0.876311 0.104277 0.104277
0 0.585647 0.945748 0.052757 0.052757
0 0.754317 0.713750 0.104277 0.104277
0 0.592802 0.811292 0.071945 0.071945
0 0.606775 0.621306 0.104277 0.104277
0 0.230601 0.806912 0.057104 0.057104
0 0.004806 0.516870 0.061130 0.061130
0 0.337707 0.466955 0.057103 0.057103
0 0.965742 0.565395 0.071945 0.071945
0 0.081323 0.848211 0.057104 0.057104
0 0.809558 0.874492 0.104277 0.104277
0 0.490424 0.253299 0.057104 0.057104
0 0.866335 0.529185 0.052757 0.052757
0 0.473204 0.935448 0.052757 0.052757
0 0.819031 0.378527 0.061131 0.061131
0 0.888748 0.251942 0.062220 0.062220