0 0.997114 0.983570 0.052757 0.052757
0 0.527262 0.882190 0.104277 0.104277
0 0.589088 0.791142 0.071945 0.071945
0 0.740901 0.776752 0.071945 0.071945
0 0.819654 0.983610 0.104277 0.104277
0 0.494940 0.983759 0.052757 0.052757
0 0.791807 0.325786 0.104277 0.104277
0 0.824287 0.667055 0.061131 0.061131
0 0.981909 0.290314 0.104277 0.104277
0 0.532971 0.654243 0.104277 0.104277
0 0.039136 0.936856 0.052757 0.052757
0 0.944939 0.200071 0.057104 0.057104
0 0.873099 0.051554 0.104277 0.104277
0 0.855402 0.403450 0.104277 0.104277
0 0.403034 0.826699 0.062220 0.062220
0 0.661043 0.590214 0.052757 0.052757
0 0.858293 0.242030 0.061131 0.061131
0 0.571847 0.948398 0.061131 0.061131
0 0.604981 0.700739 0.057104 0.057104
0 0.104723 0.551853 0.071945 0.071945
0 0.741509 0.165563 0.071945 0.071945
0 0.656063 0.908893 0.052757 0.052757
0 0.151971 0.614292 0.061130 0.061130
0 0.924120 0.644695 0.104277 0.104277
0 0.958518 0.065842 0.062220 0.062220
0 0.330105 0.738247 0.052757 0.052757
0 0.794397 0.461105 0.062220 0.062220
0 0.712270 0.844853 0.057104 0.057104
0 0.632223 0.527653 0.057104 0.057104
0 0.629070 0.366828 0.052757 0.052757
0 0.740224 0.505091 0.061130 0.061130
0 0.455093 0.354131 0.061131 0.061131
0 0.083490 0.827332 0.057104 0.057104
0 0.658505 0.997475 0.057104 0.057104
0 0.397305 0.674156 0.052757 0.052757
0 0.170421 0.823589 0.057104 0.057104
0 0.140475 0.054752 0.057104 0.057104
0 0.981277 0.794050 0.052757 0.052757
0 0.950087 0.377900 0.061130 0.061130
0 0.968383 0.861912 0.104277 0.104277
0 0.393273 0.950108 0.071945 0.071945
0 0.390219 0.275438 0.062220 0.062220
0 0.683153 0.462114 0.061131 0.061131
0 0.874021 0.885544 0.104277 0.104277
0 0.502368 0.756439 0.071945 0.071945
0 0.732380 0.395567 0.057104 0.057104
0 0.049640 0.727794 0.057104 0.057104
0 0.078240 0.209883 0.057104 0.057104
0 0.464492 0.916557 0.057104 0.057104
0 0.798672 0.121075 0.104277 0.104277
0 0.196829 0.491985 0.061130 0.061130
0 0.820948 0.827252 0.061130 0.061130
0 0.955874 0.452775 0.061130 0.061130
0 0.899708 0.957867 0.061130 0.061130
0 0.487598 0.104856 0.071945 0.071945
0 0.468966 0.556275 0.104277 0.104277
0 0.201645 0.965473 0.061130 0.061130
0 0.080658 0.304383 0.057104 0.057104
0 0.771044 0.921735 0.062220 0.062220
0 0.088519 0.471671 0.057104 0.057104
0 0.129048 0.133712 0.052757 0.052757
0 0.200239 0.202793 0.104277 0.104277
0 0.241128 0.703411 0.052757 0.052757
0 0.684476 0.692765 0.062220 0.062220
0 0.501406 0.239270 0.061131 0.061131
0 0.141707 0.404770 0.104277 0.104277
0 0.277016 0.287967 0.061130 0.061130
0 0.012929 0.142398 0.057104 0.057104
0 0.359502 0.185755 0.104277 0.104277
0 0.572383 0.070215 0.062220 0.062220
0 0.264427 0.023118 0.062220 0.062220
0 0.590945 0.309649 0.057104 0.057104
0 0.122150 0.901077 0.071945 0.071945
0 0.047095 0.654047 0.062220 0.062220
0 0.751548 0.610616 0.071945 0.071945
0 0.361427 0.593744 0.052757 0.052757
0 0.354194 0.364081 0.062220 0.062220
0 0.008027 0.859744 0.104277 0.104277
0 0.714431 0.268273 0.071945 0.071945
0 0.157371 0.278491 0.061130 0.061130
0 0.318959 0.427699 0.104278 0.104278
0 0.401876 0.094719 0.061131 0.061131
0 0.569102 0.491870 0.062220 0.062220
0 0.154343 0.683446 0.057104 0.057104
0 0.870513 0.140823 0.052757 0.052757
0 0.375977 0.493610 0.062220 0.062220
0 0.254534 0.608186 0.057104 0.057104
0 0.620563 0.242697 0.052757 0.052757
0 0.118451 0.757911 0.048997 0.048997
0 0.407897 0.425981 0.071945 0.071945
0 0.321477 0.662542 0.062220 0.062220
0 0.651528 0.085854 0.057104 0.057104
0 0.894508 0.574277 0.057104 0.057104
0 0.218810 0.080747 0.061130 0.061130
0 0.055120 0.389093 0.057104 0.057104
0 0.253536 0.385779 0.104277 0.104277
0 0.585331 0.159540 0.057104 0.057104
0 0.317459 0.903903 0.062220 0.062220
0 0.448098 0.482907 0.052757 0.052757
0 0.877251 0.714215 0.057104 0.057104
0 0.259569 0.153660 0.061130 0.061130
0 0.321036 0.814092 0.061131 0.061131
0 0.436550 0.195681 0.071945 0.071945
0 0.885913 0.500578 0.104277 0.104277
0 0.305015 0.092470 0.071945 0.071945
0 0.955246 0.528173 0.104277 0.104277
0 0.969426 0.724431 0.052757 0.052757
0 0.036252 0.576155 0.057104 0.057104
0 0.739514 0.083852 0.062220 0.062220
0 0.248544 0.910897 0.071945 0.071945
0 0.536907 0.369290 0.061131 0.061131