0 0.303342 0.865102 0.104277 0.104277
0 0.259794 0.653111 0.061130 0.061130
0 0.662739 0.614820 0.052757 0.052757
0 0.192887 0.513440 0.104277 0.104277
0 0.254713 0.422392 0.071945 0.071945
0 0.453632 0.862778 0.062220 0.062220
0 0.406526 0.408002 0.071945 0.071945
0 0.485279 0.614860 0.104277 0.104277
0 0.160565 0.615009 0.052757 0.052757
0 0.563143 0.661385 0.071945 0.071945
0 0.489912 0.298305 0.061131 0.061131
0 0.198596 0.285493 0.104277 0.104277
0 0.691723 0.117812 0.057104 0.057104
0 0.818176 0.322772 0.062221 0.062221
0 0.707082 0.285777 0.104277 0.104277
0 0.784108 0.079691 0.104277 0.104277
0 0.816890 0.853253 0.047276 0.047276
0 0.521027 0.034700 0.104277 0.104277
0 0.297466 0.779917 0.057104 0.057104
0 0.068659 0.457949 0.062220 0.062220
0 0.333328 0.966553 0.051819 0.051819
0 0.326668 0.221464 0.052757 0.052757
0 0.808129 0.594886 0.071945 0.071945
0 0.237472 0.579648 0.061131 0.061131
0 0.513476 0.910266 0.052757 0.052757
0 0.270606 0.331989 0.057104 0.057104
0 0.574752 0.858781 0.057103 0.057103
0 0.321688 0.540143 0.052757 0.052757
0 0.589745 0.275945 0.104277 0.104277
0 0.460022 0.092355 0.062220 0.062220
0 0.377895 0.476103 0.057104 0.057104
0 0.297848 0.158903 0.057104 0.057104
0 0.768444 0.428860 0.052757 0.052757
0 0.490368 0.698114 0.036679 0.036679
0 0.405849 0.136341 0.061130 0.061130
0 0.609406 0.976121 0.104277 0.104277
0 0.708357 0.389671 0.062221 0.062221
0 0.324130 0.628725 0.057104 0.057104
0 0.062930 0.305406 0.052757 0.052757
0 0.404306 0.963604 0.071945 0.071945
0 0.709987 0.195159 0.071945 0.071945
0 0.646902 0.425300 0.052757 0.052757
0 0.615712 0.009150 0.061130 0.061130
0 0.634008 0.493162 0.104277 0.104277
0 0.800898 0.959178 0.071945 0.071945
0 0.058898 0.581358 0.071945 0.071945
0 0.348778 0.093364 0.061131 0.061131
0 0.110777 0.976313 0.052757 0.052757
0 0.539646 0.516794 0.104277 0.104277
0 0.167993 0.387689 0.071945 0.071945
0 0.706737 0.990989 0.061131 0.061131
0 0.398005 0.026817 0.057104 0.057104
0 0.822776 0.742251 0.057104 0.057104
0 0.630551 0.684269 0.062220 0.062220
0 0.076850 0.896944 0.071945 0.071945
0 0.538660 0.992140 0.061131 0.061131
0 0.130117 0.547807 0.057104 0.057104
0 0.486573 0.458502 0.061130 0.061130
0 0.621499 0.084025 0.061130 0.061130
0 0.739214 0.845120 0.062220 0.062220
0 0.565333 0.589117 0.061130 0.061130
0 0.134591 0.187525 0.104277 0.104277
0 0.436669 0.552985 0.062220 0.062220
0 0.045950 0.722993 0.104277 0.104277
0 0.209355 0.820866 0.071945 0.071945
0 0.350101 0.324015 0.062220 0.062220
0 0.713798 0.700193 0.104277 0.104277
0 0.096511 0.771530 0.104277 0.104277
0 0.075416 0.658840 0.052757 0.052757
0 0.382332 0.698528 0.062220 0.062220
0 0.760742 0.002729 0.052757 0.052757
0 0.417173 0.241866 0.071945 0.071945
0 0.027052 0.224994 0.052757 0.052757
0 0.524543 0.781224 0.104277 0.104277
0 0.200480 0.904782 0.057104 0.057104
0 0.437995 0.746446 0.071945 0.071945
0 0.156349 0.727590 0.052757 0.052757
0 0.010655 0.879037 0.057104 0.057104
0 0.234727 0.123120 0.062220 0.062220
0 0.827999 0.474101 0.071945 0.071945
0 0.041602 0.124860 0.062220 0.062220
0 0.578890 0.736593 0.061131 0.061131
0 0.711165 0.524323 0.071945 0.071945
0 0.073522 0.057231 0.071945 0.071945
0 0.805546 0.173298 0.104277 0.104277
0 0.560133 0.205527 0.057104 0.057104
0 0.113723 0.114157 0.052757 0.052757
0 0.542876 0.345465 0.057104 0.057104
0 0.551538 0.131828 0.104277 0.104277
0 0.671558 0.773590 0.071945 0.071945
0 0.620871 0.159423 0.104277 0.104277
0 0.635051 0.355681 0.052757 0.052757
0 0.374951 0.826345 0.057104 0.057104
0 0.202532 0.000540 0.061131 0.061131
0 0.644702 0.909076 0.061131 0.061131