0 0.200419 0.824986 0.061130 0.061130
0 0.603364 0.786695 0.052757 0.052757
0 0.133512 0.685315 0.104277 0.104277
0 0.195338 0.594267 0.071945 0.071945
0 0.347151 0.579877 0.071945 0.071945
0 0.425904 0.786735 0.104277 0.104277
0 0.101190 0.786884 0.052757 0.052757
0 0.503768 0.833260 0.071945 0.071945
0 0.398057 0.128911 0.104277 0.104277
0 0.430537 0.470180 0.061131 0.061131
0 0.588159 0.093439 0.104277 0.104277
0 0.139221 0.457368 0.104277 0.104277
0 0.632348 0.289687 0.057104 0.057104
0 0.758801 0.494647 0.062221 0.062221
0 0.647707 0.457652 0.104277 0.104277
0 0.724733 0.251566 0.104277 0.104277
0 0.551189 0.003196 0.057104 0.057104
0 0.461652 0.206575 0.104277 0.104277
0 0.238091 0.951792 0.057104 0.057104
0 0.009284 0.629824 0.062220 0.062220
0 0.267293 0.393339 0.052757 0.052757
0 0.748754 0.766761 0.071945 0.071945
0 0.464543 0.045155 0.061131 0.061131
0 0.178097 0.751523 0.061131 0.061131
0 0.211231 0.503864 0.057104 0.057104
0 0.262313 0.712018 0.052757 0.052757
0 0.530370 0.447820 0.104277 0.104277
0 0.400647 0.264230 0.062220 0.062220
0 0.318520 0.647978 0.057104 0.057104
0 0.238473 0.330778 0.057104 0.057104
0 0.235320 0.169953 0.052757 0.052757
0 0.709069 0.600735 0.052757 0.052757
0 0.430993 0.869989 0.036679 0.036679
0 0.346474 0.308216 0.061130 0.061130
0 0.061343 0.157256 0.061131 0.061131
0 0.648982 0.561546 0.062221 0.062221
0 0.264755 0.800600 0.057104 0.057104
0 0.003555 0.477281 0.052757 0.052757
0 0.650612 0.367034 0.071945 0.071945
0 0.587527 0.597175 0.052757 0.052757
0 0.556337 0.181025 0.061130 0.061130
0 0.574633 0.665037 0.104277 0.104277
0 0.289403 0.265239 0.061131 0.061131
0 0.480271 0.688669 0.104277 0.104277
0 0.108618 0.559564 0.071945 0.071945
0 0.338630 0.198692 0.057104 0.057104
0 0.763401 0.914126 0.057104 0.057104
0 0.571176 0.856144 0.062220 0.062220
0 0.749035 0.120602 0.057104 0.057104
0 0.070742 0.719682 0.057104 0.057104
0 0.427198 0.630377 0.061130 0.061130
0 0.562124 0.255900 0.061130 0.061130
0 0.505958 0.760992 0.061130 0.061130
0 0.075216 0.359400 0.104277 0.104277
0 0.377294 0.724860 0.062220 0.062220
0 0.149980 0.992741 0.071945 0.071945
0 0.290726 0.495890 0.062220 0.062220
0 0.654423 0.872068 0.104277 0.104277
0 0.107656 0.042395 0.061131 0.061131
0 0.037136 0.943405 0.104277 0.104277
0 0.016041 0.830715 0.052757 0.052757
0 0.322957 0.870403 0.062220 0.062220
0 0.701367 0.174604 0.052757 0.052757
0 0.197195 0.112774 0.057104 0.057104
0 0.357798 0.413741 0.071945 0.071945
0 0.465168 0.953099 0.104277 0.104277
0 0.320681 0.071398 0.071945 0.071945
0 0.378620 0.918321 0.071945 0.071945
0 0.096974 0.899465 0.052757 0.052757
0 0.175352 0.294995 0.062220 0.062220
0 0.768624 0.645976 0.071945 0.071945
0 0.519515 0.908468 0.061131 0.061131
0 0.651790 0.696198 0.071945 0.071945
0 0.226813 0.045822 0.052757 0.052757
0 0.014147 0.229106 0.071945 0.071945
0 0.746171 0.345173 0.104277 0.104277
0 0.500758 0.377402 0.057104 0.057104
0 0.054348 0.286032 0.052757 0.052757
0 0.483501 0.517340 0.057104 0.057104
0 0.492163 0.303703 0.104277 0.104277
0 0.719155 0.053407 0.061130 0.061130
0 0.612183 0.945465 0.071945 0.071945
0 0.561496 0.331298 0.104277 0.104277
0 0.575676 0.527556 0.052757 0.052757
0 0.315576 0.998220 0.057104 0.057104
0 0.143157 0.172415 0.061131 0.061131