0 0.072070 0.232509 0.104277 0.104277
0 0.774245 0.544698 0.062220 0.062220
0 0.523237 0.847731 0.104277 0.104277
0 0.728319 0.603540 0.062220 0.062220
0 0.874893 0.580552 0.070161 0.070161
0 0.376979 0.251213 0.062220 0.062220
0 0.505613 0.572164 0.104278 0.104278
0 0.625006 0.243571 0.057104 0.057104
0 0.172334 0.386771 0.062220 0.062220
0 0.664294 0.551676 0.071945 0.071945
0 0.960600 0.610305 0.062220 0.062220
0 0.977728 0.912597 0.061131 0.061131
0 0.638714 0.320256 0.062220 0.062220
0 0.185753 0.627048 0.104277 0.104277
0 0.146759 0.522042 0.071945 0.071945
0 0.997171 0.674141 0.104277 0.104277
0 0.405709 0.609743 0.071945 0.071945
0 0.071020 0.459502 0.057104 0.057104
0 0.911630 0.519776 0.061130 0.061130
0 0.502812 0.943974 0.057104 0.057104
0 0.624515 0.403017 0.071945 0.071945
0 0.161676 0.924937 0.062220 0.062220
0 0.451382 0.892843 0.104277 0.104277
0 0.558819 0.342018 0.104277 0.104277
0 0.375060 0.417798 0.104277 0.104277
0 0.502281 0.454455 0.057104 0.057104
0 0.494364 0.317754 0.071945 0.071945
0 0.727029 0.924304 0.104277 0.104277
0 0.711227 0.274010 0.071945 0.071945
0 0.417743 0.761791 0.052757 0.052757
0 0.892191 0.743368 0.104277 0.104277
0 0.993055 0.487965 0.057104 0.057104
0 0.684804 0.745152 0.062220 0.062220
0 0.993811 0.290821 0.061131 0.061131
0 0.270554 0.687369 0.062220 0.062220
0 0.292655 0.326503 0.104277 0.104277
0 0.963527 0.390096 0.071945 0.071945
0 0.066474 0.827880 0.052757 0.052757
0 0.852982 0.450278 0.071945 0.071945
0 0.784421 0.725029 0.062220 0.062220
0 0.216012 0.803260 0.061130 0.061130
0 0.103792 0.358973 0.071945 0.071945
0 0.714624 0.385332 0.052757 0.052757
0 0.591946 0.648156 0.071945 0.071945
0 0.582612 0.883940 0.052757 0.052757
0 0.067380 0.721668 0.104277 0.104277
0 0.090045 0.565934 0.052757 0.052757
0 0.225771 0.464349 0.104277 0.104277
0 0.296875 0.413938 0.057104 0.057104
0 0.880052 0.976243 0.062220 0.062220
0 0.283423 0.771851 0.061130 0.061130
0 0.152597 0.751109 0.061130 0.061130
0 0.770221 0.440443 0.052757 0.052757
0 0.823904 0.269407 0.071945 0.071945
0 0.361537 0.711250 0.071945 0.071945
0 0.974883 0.774860 0.061131 0.061131
0 0.323451 0.490610 0.104277 0.104277
0 0.847838 0.350660 0.057104 0.057104
0 0.219964 0.561739 0.057104 0.057104
0 0.300524 0.883902 0.057104 0.057104
0 0.464348 0.393354 0.062220 0.062220
0 0.534376 0.223934 0.104277 0.104277
0 0.937867 0.853023 0.052757 0.052757
0 0.842834 0.653056 0.052757 0.052757
0 0.098979 0.895044 0.061130 0.061130
0 0.119627 0.661151 0.104278 0.104278
0 0.906608 0.237252 0.104277 0.104277
0 0.815918 0.878438 0.104277 0.104277
0 0.594436 0.958425 0.061130 0.061130
0 0.538287 0.778341 0.104277 0.104277
0 0.500988 0.649241 0.052757 0.052757
0 0.721487 0.683004 0.057104 0.057104
0 0.603872 0.807430 0.071945 0.071945
0 0.680016 0.447867 0.104277 0.104277
0 0.139130 0.448894 0.071945 0.071945
0 0.598009 0.569934 0.056505 0.056505
0 0.237028 0.931580 0.062220 0.062220
0 0.818101 0.791287 0.057104 0.057104
0 0.592306 0.501245 0.061130 0.061130
0 0.925207 0.451330 0.057103 0.057103
0 0.668823 0.832586 0.057104 0.057104
0 0.391860 0.525047 0.062220 0.062220
0 0.302411 0.230990 0.062220 0.062220
0 0.329123 0.645466 0.057104 0.057104
0 0.356302 0.941095 0.057104 0.057104
0 0.409136 0.312297 0.061130 0.061130
0 0.203791 0.319919 0.057104 0.057104
0 0.177353 0.231062 0.071945 0.071945
0 0.103433 0.979843 0.061130 0.061130