0 0.068458 0.891238 0.052757 0.052757
0 0.620386 0.630606 0.052757 0.052757
0 0.570035 0.123927 0.062220 0.062220
0 0.984284 0.520449 0.062220 0.062220
0 0.895119 0.705608 0.104277 0.104277
0 0.494592 0.351143 0.052757 0.052757
0 0.041377 0.552286 0.071945 0.071945
0 0.619931 0.838436 0.057104 0.057104
0 0.685973 0.245603 0.071945 0.071945
0 0.733221 0.308042 0.061130 0.061130
0 0.288266 0.043957 0.052757 0.052757
0 0.034293 0.961483 0.062220 0.062220
0 0.911355 0.431997 0.052757 0.052757
0 0.664740 0.521082 0.057104 0.057104
0 0.978555 0.367906 0.052757 0.052757
0 0.751671 0.517339 0.057104 0.057104
0 0.061990 0.326022 0.104278 0.104278
0 0.974523 0.643858 0.071945 0.071945
0 0.433082 0.262637 0.071945 0.071945
0 0.362837 0.255552 0.057104 0.057104
0 0.630890 0.421544 0.057104 0.057104
0 0.992475 0.959444 0.071945 0.071945
0 0.177514 0.762758 0.071945 0.071945
0 0.367338 0.945387 0.061130 0.061130
0 0.170580 0.692302 0.071945 0.071945
0 0.778079 0.185735 0.061130 0.061130
0 0.666253 0.787069 0.071945 0.071945
0 0.760848 0.999697 0.062220 0.062220
0 0.876509 0.828697 0.061130 0.061130
0 0.366369 0.589312 0.071945 0.071945
0 0.811821 0.730958 0.061130 0.061130
0 0.782895 0.659223 0.061130 0.061130
0 0.564013 0.385496 0.104277 0.104277
0 0.428053 0.163674 0.057104 0.057104
0 0.669769 0.165421 0.057104 0.057104
0 0.335408 0.340803 0.057104 0.057104
0 0.961575 0.785493 0.104277 0.104277
0 0.538335 0.279758 0.104277 0.104277
0 0.822378 0.397161 0.052757 0.052757
0 0.120953 0.109861 0.062220 0.062220
0 0.815275 0.937084 0.061130 0.061130
0 0.553428 0.472058 0.104277 0.104277
0 0.377538 0.671010 0.071945 0.071945
0 0.807517 0.853402 0.104277 0.104277
0 0.342892 0.173057 0.052757 0.052757
0 0.537593 0.185027 0.052757 0.052757
0 0.354504 0.104348 0.061130 0.061130
0 0.496825 0.622141 0.052757 0.052757
0 0.722957 0.098520 0.104277 0.104277
0 0.991041 0.721340 0.052757 0.052757
0 0.328789 0.753235 0.052757 0.052757
0 0.423458 0.019166 0.071945 0.071945
0 0.261472 0.431789 0.061130 0.061130
0 0.069794 0.813574 0.104278 0.104278
0 0.703400 0.594827 0.071945 0.071945
0 0.628345 0.347797 0.062220 0.062220
0 0.252566 0.625668 0.061130 0.061130
0 0.260516 0.946823 0.104277 0.104277
0 0.942677 0.287494 0.052757 0.052757
0 0.935444 0.057831 0.062220 0.062220
0 0.589277 0.553494 0.104277 0.104277
0 0.139098 0.495940 0.061130 0.061130
0 0.736048 0.824975 0.052757 0.052757
0 0.211423 0.857693 0.057104 0.057104
0 0.900209 0.121449 0.104278 0.104278
0 0.502185 0.771866 0.071945 0.071945
0 0.712945 0.732035 0.061130 0.061130
0 0.288547 0.696494 0.062220 0.062220
0 0.280655 0.132493 0.061130 0.061130
0 0.926280 0.941537 0.057104 0.057104
0 0.425085 0.368289 0.057104 0.057104
0 0.735593 0.377196 0.057104 0.057104
0 0.154576 0.415352 0.057104 0.057104
0 0.227281 0.310463 0.104277 0.104277
0 0.367406 0.821668 0.104277 0.104277
0 0.074161 0.621612 0.061130 0.061130
0 0.957227 0.187360 0.062220 0.062220
0 0.037757 0.113375 0.061130 0.061130
0 0.835784 0.301936 0.057104 0.057104
0 0.709849 0.892001 0.061130 0.061130
0 0.572214 0.735160 0.071945 0.071945
0 0.424849 0.446398 0.061130 0.061130
0 0.354686 0.433677 0.062220 0.062220
0 0.699701 0.451661 0.048997 0.048997
0 0.078973 0.041383 0.061130 0.061130
0 0.989147 0.119731 0.071945 0.071945
0 0.902727 0.356292 0.062220 0.062220
0 0.166503 0.922410 0.062220 0.062220
0 0.126205 0.257055 0.104277 0.104277
0 0.636370 0.082843 0.057104 0.057104
0 0.834786 0.079529 0.104277 0.104277
0 0.511128 0.073192 0.104277 0.104277
0 0.898709 0.597653 0.062220 0.062220
0 0.670641 0.988686 0.062220 0.062220
0 0.466396 0.966590 0.062220 0.062220
0 0.084747 0.414400 0.057104 0.057104
0 0.132193 0.573174 0.057104 0.057104
0 0.902286 0.507842 0.061131 0.061131
0 0.323247 0.518217 0.071945 0.071945
0 0.164587 0.047065 0.071945 0.071945
0 0.477060 0.546038 0.104277 0.104277
0 0.243186 0.511141 0.071945 0.071945
0 0.233437 0.234000 0.061130 0.061130
0 0.316164 0.876595 0.071945 0.071945
0 0.411249 0.881564 0.047555 0.047555
0 0.545349 0.906360 0.052757 0.052757
0 0.617502 0.269905 0.057104 0.057104
0 0.036507 0.202807 0.071945 0.071945
0 0.829794 0.604647 0.071945 0.071945
0 0.625299 0.914241 0.071945 0.071945
0 0.072431 0.709828 0.062220 0.062220
0 0.201459 0.170190 0.062220 0.062220