0 0.961637 0.872815 0.104277 0.104277
0 0.929315 0.974384 0.052757 0.052757
0 0.967346 0.644868 0.104277 0.104277
0 0.473511 0.927481 0.052757 0.052757
0 0.423160 0.420802 0.062220 0.062220
0 0.837409 0.817324 0.062220 0.062220
0 0.347717 0.648018 0.052757 0.052757
0 0.370045 0.295187 0.057103 0.057103
0 0.539098 0.542478 0.071945 0.071945
0 0.003645 0.268473 0.104277 0.104277
0 0.586346 0.604917 0.061130 0.061130
0 0.141391 0.340832 0.052757 0.052757
0 0.764480 0.728872 0.052757 0.052757
0 0.889468 0.344756 0.061131 0.061131
0 0.517865 0.817957 0.057104 0.057104
0 0.831680 0.664781 0.052757 0.052757
0 0.604796 0.814214 0.057104 0.057104
0 0.574850 0.045377 0.057104 0.057104
0 0.827648 0.940733 0.071945 0.071945
0 0.824594 0.266063 0.062220 0.062220
0 0.936743 0.747064 0.071945 0.071945
0 0.302165 0.117325 0.104277 0.104277
0 0.286207 0.559512 0.071945 0.071945
0 0.215962 0.552427 0.057104 0.057104
0 0.110926 0.050384 0.104277 0.104277
0 0.484015 0.718419 0.057104 0.057104
0 0.512615 0.200508 0.057104 0.057104
0 0.898867 0.907182 0.057104 0.057104
0 0.042071 0.108736 0.062220 0.062220
0 0.023705 0.989177 0.071945 0.071945
0 0.631204 0.482610 0.061130 0.061130
0 0.432638 0.242943 0.052757 0.052757
0 0.219494 0.886187 0.071945 0.071945
0 0.185813 0.266285 0.062220 0.062220
0 0.921973 0.095481 0.071945 0.071945
0 0.903341 0.546900 0.104277 0.104277
0 0.357879 0.045973 0.057104 0.057104
0 0.636020 0.956098 0.061130 0.061130
0 0.515033 0.295008 0.057104 0.057104
0 0.417138 0.682371 0.104277 0.104277
0 0.281178 0.460549 0.057104 0.057104
0 0.522894 0.462296 0.057104 0.057104
0 0.188533 0.637678 0.057104 0.057104
0 0.563423 0.124337 0.052757 0.052757
0 0.634614 0.193418 0.104277 0.104277
0 0.391460 0.576633 0.104277 0.104277
0 0.675503 0.694036 0.052757 0.052757
0 0.406553 0.768933 0.104277 0.104277
0 0.230663 0.967885 0.071945 0.071945
0 0.196017 0.469932 0.052757 0.052757
0 0.935781 0.229895 0.061131 0.061131
0 0.390718 0.481902 0.052757 0.052757
0 0.207629 0.401223 0.061130 0.061130
0 0.349950 0.919016 0.052757 0.052757
0 0.576082 0.395395 0.104277 0.104277
0 0.711391 0.278592 0.061130 0.061130
0 0.447304 0.133023 0.057104 0.057104
0 0.276583 0.316041 0.071945 0.071945
0 0.793877 0.176380 0.104277 0.104277
0 0.114597 0.728664 0.061130 0.061130
0 0.698802 0.013743 0.062220 0.062220
0 0.556525 0.891702 0.071945 0.071945
0 0.481470 0.644672 0.062220 0.062220
0 0.105691 0.922543 0.061130 0.061130
0 0.259382 0.057191 0.052757 0.052757
0 0.795802 0.584369 0.052757 0.052757
0 0.788569 0.354706 0.062220 0.062220
0 0.442402 0.850369 0.104277 0.104277
0 0.055744 0.178392 0.057104 0.057104
0 0.591746 0.269116 0.061130 0.061130
0 0.753334 0.418324 0.104278 0.104278
0 0.836251 0.085344 0.061131 0.061131
0 0.141672 0.993369 0.062220 0.062220
0 0.133780 0.429368 0.061130 0.061130
0 0.100392 0.266554 0.062220 0.062220
0 0.278210 0.665164 0.057104 0.057104
0 0.588718 0.674071 0.057104 0.057104
0 0.007701 0.712227 0.057104 0.057104
0 0.080406 0.607338 0.104277 0.104277
0 0.810352 0.484235 0.062220 0.062220
0 0.688909 0.598811 0.057104 0.057104
0 0.277974 0.743273 0.061130 0.061130
0 0.207811 0.730552 0.062220 0.062220
0 0.552826 0.748536 0.048997 0.048997
0 0.842272 0.416606 0.071945 0.071945
0 0.123797 0.188619 0.057104 0.057104
0 0.755852 0.653167 0.062220 0.062220
0 0.653185 0.071372 0.061130 0.061130
0 0.489495 0.379718 0.057104 0.057104
0 0.687911 0.376404 0.104277 0.104277
0 0.364253 0.370067 0.104277 0.104277
0 0.751834 0.894528 0.062220 0.062220
0 0.882473 0.473532 0.052757 0.052757
0 0.693944 0.144285 0.061130 0.061130
0 0.755411 0.804717 0.061131 0.061131
0 0.870925 0.186306 0.071945 0.071945
0 0.176372 0.815092 0.071945 0.071945
0 0.388380 0.175144 0.062220 0.062220
0 0.739390 0.083095 0.071945 0.071945
0 0.017712 0.343940 0.071945 0.071945
0 0.330185 0.842913 0.104277 0.104277
0 0.096311 0.808016 0.071945 0.071945
0 0.086562 0.530875 0.061130 0.061130
0 0.169650 0.098300 0.104277 0.104277
0 0.288191 0.233999 0.052757 0.052757
0 0.470627 0.566780 0.057104 0.057104
0 0.235442 0.159456 0.062220 0.062220
0 0.682919 0.901522 0.071945 0.071945
0 0.054584 0.467065 0.062220 0.062220
0 0.971282 0.359915 0.061131 0.061131