0 0.209083 0.169363 0.052757 0.052757
0 0.822687 0.931571 0.052757 0.052757
0 0.674729 0.565578 0.061130 0.061130
0 0.814112 0.844150 0.104277 0.104277
0 0.896469 0.775948 0.104277 0.104277
0 0.820636 0.745008 0.061130 0.061130
0 0.684697 0.329912 0.057104 0.057104
0 0.179559 0.653542 0.062220 0.062220
0 0.727707 0.642965 0.104277 0.104277
0 0.760556 0.116561 0.057104 0.057104
0 0.947577 0.922003 0.104277 0.104277
0 0.174918 0.239608 0.062220 0.062220
0 0.400164 0.772299 0.061130 0.061130
0 0.981898 0.324693 0.052757 0.052757
0 0.387588 0.310765 0.071945 0.071945
0 0.202635 0.890911 0.104278 0.104278
0 0.526193 0.415287 0.104277 0.104277
0 0.446624 0.484211 0.052757 0.052757
0 0.669579 0.484448 0.104277 0.104277
0 0.743059 0.882930 0.052757 0.052757
0 0.359192 0.478409 0.052757 0.052757
0 0.605534 0.566505 0.052757 0.052757
0 0.982062 0.631112 0.057104 0.057104
0 0.885230 0.855098 0.061130 0.061130
0 0.560061 0.785649 0.104278 0.104278
0 0.626910 0.764040 0.052757 0.052757
0 0.906777 0.443166 0.061130 0.061130
0 0.798130 0.342008 0.071945 0.071945
0 0.964779 0.557704 0.052757 0.052757
0 0.268019 0.943117 0.062220 0.062220
0 0.172546 0.332778 0.052757 0.052757
0 0.318139 0.040883 0.071945 0.071945
0 0.507963 0.223512 0.061130 0.061130
0 0.806878 0.065194 0.071945 0.071945
0 0.787034 0.510301 0.061130 0.061130
0 0.757703 0.426636 0.062220 0.062220
0 0.901473 0.277822 0.062220 0.062220
0 0.226005 0.574813 0.061130 0.061130
0 0.807072 0.672602 0.052757 0.052757
0 0.957246 0.708887 0.057104 0.057104
0 0.592789 0.886533 0.057104 0.057104
0 0.460831 0.373290 0.104277 0.104277
0 0.952446 0.009083 0.061130 0.061130
0 0.520064 0.852913 0.071945 0.071945
0 0.937056 0.993262 0.071945 0.071945
0 0.458649 0.932479 0.052757 0.052757
0 0.650945 0.928371 0.071945 0.071945
0 0.955900 0.215209 0.061130 0.061130
0 0.176973 0.960953 0.104277 0.104277
0 0.948142 0.131527 0.104277 0.104277
0 0.386906 0.840883 0.057104 0.057104
0 0.357403 0.918705 0.104277 0.104277
0 0.469414 0.031360 0.052757 0.052757
0 0.313050 0.370991 0.052757 0.052757
0 0.210419 0.091699 0.104278 0.104278
0 0.898353 0.519801 0.104277 0.104277
0 0.858999 0.373822 0.071945 0.071945
0 0.401141 0.224948 0.104277 0.104277
0 0.308984 0.819265 0.071945 0.071945
0 0.600065 0.437889 0.071945 0.071945
0 0.739937 0.281986 0.050932 0.050932
0 0.183153 0.760506 0.057104 0.057104
0 0.876673 0.103100 0.052757 0.052757
0 0.352048 0.135818 0.057104 0.057104
0 0.642810 0.049991 0.071945 0.071945
0 0.853570 0.010160 0.061130 0.061130
0 0.530474 0.963264 0.052757 0.052757
0 0.600394 0.336622 0.071945 0.071945
0 0.508031 0.099793 0.104277 0.104277
0 0.279254 0.458201 0.104277 0.104277
0 0.290360 0.712268 0.057104 0.057104
0 0.850474 0.170126 0.061130 0.061130
0 0.712839 0.013285 0.071945 0.071945
0 0.473362 0.700904 0.104277 0.104277
0 0.523505 0.545139 0.104277 0.104277
0 0.307128 0.200535 0.062220 0.062220
0 0.911129 0.654442 0.104277 0.104277
0 0.514011 0.321441 0.052757 0.052757
0 0.811266 0.266811 0.062220 0.062220
0 0.607021 0.244715 0.062220 0.062220
0 0.429178 0.619916 0.052757 0.052757
0 0.308407 0.534705 0.104277 0.104277
0 0.398067 0.692552 0.061130 0.061130
0 0.246912 0.296604 0.057104 0.057104
0 0.521410 0.635502 0.062220 0.062220
0 0.587920 0.670544 0.071945 0.071945
0 0.986034 0.483169 0.071945 0.071945
0 0.817027 0.594198 0.061130 0.061130
0 0.456789 0.154720 0.071945 0.071945
0 0.225913 0.816984 0.052757 0.052757
0 0.551874 0.159689 0.047555 0.047555
0 0.685974 0.184485 0.052757 0.052757
0 0.717542 0.781648 0.104277 0.104277
0 0.198514 0.477436 0.071945 0.071945
0 0.491093 0.776920 0.052757 0.052757
0 0.316391 0.283490 0.057103 0.057103
0 0.681694 0.402590 0.071945 0.071945
0 0.300102 0.606047 0.104277 0.104277
0 0.765924 0.192366 0.071945 0.071945
0 0.756826 0.951908 0.104277 0.104277