0 0.894552 0.941380 0.104278 0.104278
0 0.071583 0.697488 0.052757 0.052757
0 0.623511 0.436856 0.052757 0.052757
0 0.987409 0.326699 0.062220 0.062220
0 0.547197 0.858037 0.057104 0.057104
0 0.898244 0.511858 0.104277 0.104277
0 0.497717 0.157393 0.052757 0.052757
0 0.044502 0.358536 0.071945 0.071945
0 0.623056 0.644686 0.057104 0.057104
0 0.689098 0.051853 0.071945 0.071945
0 0.736346 0.114292 0.061130 0.061130
0 0.037418 0.767733 0.062220 0.062220
0 0.914480 0.238247 0.052757 0.052757
0 0.844398 0.852818 0.052757 0.052757
0 0.250088 0.838890 0.071945 0.071945
0 0.388693 0.943412 0.104277 0.104277
0 0.667865 0.327332 0.057104 0.057104
0 0.981680 0.174156 0.052757 0.052757
0 0.754796 0.323589 0.057104 0.057104
0 0.065115 0.132272 0.104278 0.104278
0 0.977648 0.450108 0.071945 0.071945
0 0.436207 0.068887 0.071945 0.071945
0 0.365962 0.061802 0.057104 0.057104
0 0.634015 0.227794 0.057104 0.057104
0 0.995600 0.765694 0.071945 0.071945
0 0.769277 0.971291 0.061130 0.061130
0 0.660630 0.870133 0.071945 0.071945
0 0.035046 0.860903 0.052757 0.052757
0 0.180639 0.569008 0.071945 0.071945
0 0.370463 0.751637 0.061130 0.061130
0 0.173705 0.498552 0.071945 0.071945
0 0.669378 0.593319 0.071945 0.071945
0 0.620203 0.954761 0.062220 0.062220
0 0.763973 0.805947 0.062220 0.062220
0 0.879634 0.634947 0.061130 0.061130
0 0.369494 0.395562 0.071945 0.071945
0 0.323331 0.901415 0.104277 0.104277
0 0.814946 0.537208 0.061130 0.061130
0 0.786020 0.465473 0.061130 0.061130
0 0.567138 0.191746 0.104277 0.104277
0 0.338533 0.147053 0.057104 0.057104
0 0.964700 0.591743 0.104277 0.104277
0 0.541460 0.086008 0.104277 0.104277
0 0.825503 0.203411 0.052757 0.052757
0 0.818400 0.743334 0.061130 0.061130
0 0.556553 0.278308 0.104277 0.104277
0 0.380663 0.477260 0.071945 0.071945
0 0.918493 0.835870 0.057104 0.057104
0 0.810642 0.659652 0.104277 0.104277
0 0.499950 0.428391 0.052757 0.052757
0 0.994166 0.527590 0.052757 0.052757
0 0.331914 0.559485 0.052757 0.052757
0 0.175550 0.899116 0.052757 0.052757
0 0.264597 0.238039 0.061130 0.061130
0 0.072919 0.619824 0.104278 0.104278
0 0.706525 0.401077 0.071945 0.071945
0 0.631470 0.154047 0.062220 0.062220
0 0.255691 0.431918 0.061130 0.061130
0 0.721499 0.901947 0.071945 0.071945
0 0.263641 0.753073 0.104277 0.104277
0 0.964397 0.969575 0.104277 0.104277
0 0.945802 0.093744 0.052757 0.052757
0 0.592402 0.359744 0.104277 0.104277
0 0.462565 0.966014 0.071945 0.071945
0 0.602437 0.810111 0.050932 0.050932
0 0.142223 0.302190 0.061130 0.061130
0 0.739173 0.631225 0.052757 0.052757
0 0.214548 0.663943 0.057104 0.057104
0 0.505310 0.578116 0.071945 0.071945
0 0.716070 0.538285 0.061130 0.061130
0 0.291672 0.502744 0.062220 0.062220
0 0.929405 0.747787 0.057104 0.057104
0 0.428210 0.174539 0.057104 0.057104
0 0.738718 0.183446 0.057104 0.057104
0 0.157701 0.221602 0.057104 0.057104
0 0.230406 0.116713 0.104277 0.104277
0 0.462894 0.864747 0.071945 0.071945
0 0.370531 0.627918 0.104277 0.104277
0 0.077286 0.427862 0.061130 0.061130
0 0.141754 0.986326 0.104277 0.104277
0 0.838909 0.108186 0.057104 0.057104
0 0.712974 0.698251 0.061130 0.061130
0 0.575339 0.541410 0.071945 0.071945
0 0.427974 0.252648 0.061130 0.061130
0 0.357811 0.239927 0.062220 0.062220
0 0.702826 0.257911 0.048997 0.048997
0 0.905852 0.162542 0.062220 0.062220
0 0.169628 0.728660 0.062220 0.062220
0 0.129330 0.063305 0.104277 0.104277
0 0.376511 0.849566 0.052757 0.052757
0 0.901834 0.403903 0.062220 0.062220
0 0.673766 0.794936 0.062220 0.062220
0 0.469521 0.772840 0.062220 0.062220
0 0.087872 0.220650 0.057104 0.057104
0 0.135318 0.379424 0.057104 0.057104
0 0.905411 0.314092 0.061131 0.061131
0 0.326372 0.324467 0.071945 0.071945
0 0.109412 0.824729 0.057104 0.057104
0 0.480185 0.352288 0.104277 0.104277
0 0.246311 0.317391 0.071945 0.071945
0 0.236562 0.040250 0.061130 0.061130
0 0.319289 0.682845 0.071945 0.071945
0 0.414374 0.687814 0.047555 0.047555
0 0.548474 0.712610 0.052757 0.052757
0 0.620627 0.076155 0.057104 0.057104
0 0.039632 0.009057 0.071945 0.071945
0 0.178891 0.811615 0.057103 0.057103
0 0.832919 0.410897 0.071945 0.071945
0 0.544194 0.930715 0.071945 0.071945
0 0.628424 0.720491 0.071945 0.071945
0 0.075556 0.516078 0.062220 0.062220