0 0.905495 0.254073 0.062220 0.062220
0 0.654487 0.557106 0.104277 0.104277
0 0.682545 0.967062 0.057103 0.057103
0 0.316145 0.940348 0.104277 0.104277
0 0.859569 0.312915 0.062220 0.062220
0 0.636863 0.281539 0.104278 0.104278
0 0.887350 0.717252 0.057104 0.057104
0 0.303584 0.096146 0.062220 0.062220
0 0.614665 0.789200 0.104277 0.104277
0 0.795544 0.261051 0.071945 0.071945
0 0.769964 0.029631 0.062220 0.062220
0 0.423426 0.722259 0.104277 0.104277
0 0.317003 0.336423 0.104277 0.104277
0 0.278009 0.231417 0.071945 0.071945
0 0.536959 0.319118 0.071945 0.071945
0 0.202270 0.168877 0.057104 0.057104
0 0.634062 0.653349 0.057104 0.057104
0 0.281261 0.744090 0.062220 0.062220
0 0.755765 0.112392 0.071945 0.071945
0 0.292926 0.634312 0.062220 0.062220
0 0.825115 0.872383 0.057104 0.057104
0 0.582632 0.602218 0.104277 0.104277
0 0.354571 0.780611 0.062220 0.062220
0 0.690069 0.051393 0.104277 0.104277
0 0.506310 0.127173 0.104277 0.104277
0 0.633531 0.163830 0.057104 0.057104
0 0.625614 0.027129 0.071945 0.071945
0 0.197472 0.775365 0.104278 0.104278
0 0.858279 0.633679 0.104277 0.104277
0 0.745138 0.914818 0.052757 0.052757
0 0.548993 0.471166 0.052757 0.052757
0 0.816054 0.454527 0.062220 0.062220
0 0.498313 0.938160 0.062220 0.062220
0 0.197660 0.886120 0.071945 0.071945
0 0.401804 0.396744 0.062220 0.062220
0 0.670379 0.717848 0.057104 0.057104
0 0.827533 0.966883 0.057104 0.057104
0 0.423905 0.035878 0.104277 0.104277
0 0.197724 0.537255 0.052757 0.052757
0 0.984232 0.159653 0.071945 0.071945
0 0.875923 0.796212 0.052757 0.052757
0 0.947114 0.865293 0.104277 0.104277
0 0.915671 0.434404 0.062220 0.062220
0 0.347262 0.512635 0.061130 0.061130
0 0.235042 0.068348 0.071945 0.071945
0 0.845874 0.094707 0.052757 0.052757
0 0.723196 0.357531 0.071945 0.071945
0 0.713862 0.593315 0.052757 0.052757
0 0.759804 0.804898 0.057104 0.057104
0 0.198630 0.431043 0.104277 0.104277
0 0.589083 0.987916 0.071945 0.071945
0 0.221295 0.275309 0.052757 0.052757
0 0.357021 0.173724 0.104277 0.104277
0 0.428125 0.123313 0.057104 0.057104
0 0.414673 0.481226 0.061130 0.061130
0 0.283847 0.460484 0.061130 0.061130
0 0.571882 0.729066 0.052757 0.052757
0 0.901471 0.149818 0.052757 0.052757
0 0.492787 0.420625 0.071945 0.071945
0 0.454701 0.199985 0.104277 0.104277
0 0.368244 0.850267 0.057104 0.057104
0 0.979088 0.060035 0.057104 0.057104
0 0.351214 0.271114 0.057104 0.057104
0 0.904246 0.940991 0.061130 0.061130
0 0.431774 0.593277 0.057104 0.057104
0 0.595598 0.102729 0.062220 0.062220
0 0.974084 0.362431 0.052757 0.052757
0 0.230229 0.604419 0.061130 0.061130
0 0.412892 0.938429 0.062220 0.062220
0 0.250877 0.370526 0.104278 0.104278
0 0.947168 0.587813 0.104277 0.104277
0 0.725686 0.667800 0.061130 0.061130
0 0.669537 0.487716 0.104277 0.104277
0 0.632238 0.358616 0.052757 0.052757
0 0.436297 0.860494 0.057104 0.057104
0 0.852737 0.392379 0.057104 0.057104
0 0.735122 0.516805 0.071945 0.071945
0 0.811266 0.157242 0.104277 0.104277
0 0.294665 0.867843 0.052757 0.052757
0 0.965685 0.743247 0.061130 0.061130
0 0.270380 0.158269 0.071945 0.071945
0 0.729259 0.279309 0.056505 0.056505
0 0.368278 0.640955 0.062220 0.062220
0 0.949351 0.500662 0.057104 0.057104
0 0.723556 0.210620 0.061130 0.061130
0 0.700880 0.847019 0.062220 0.062220
0 0.800073 0.541961 0.057104 0.057104
0 0.523110 0.234422 0.062220 0.062220
0 0.482150 0.770175 0.104277 0.104277
0 0.460373 0.354841 0.057104 0.057104
0 0.600691 0.905874 0.052757 0.052757
0 0.487552 0.650470 0.057104 0.057104
0 0.540386 0.021672 0.061130 0.061130
0 0.335041 0.029294 0.057104 0.057104
0 0.547942 0.831331 0.062220 0.062220
0 0.234683 0.689218 0.061130 0.061130