0 0.212717 0.505727 0.104277 0.104277
0 0.169169 0.293736 0.061130 0.061130
0 0.572114 0.255445 0.052757 0.052757
0 0.102262 0.154065 0.104277 0.104277
0 0.164088 0.063017 0.071945 0.071945
0 0.363007 0.503403 0.062220 0.062220
0 0.315901 0.048627 0.071945 0.071945
0 0.394654 0.255485 0.104277 0.104277
0 0.069940 0.255634 0.052757 0.052757
0 0.003321 0.874603 0.052757 0.052757
0 0.472518 0.302010 0.071945 0.071945
0 0.726265 0.493878 0.047276 0.047276
0 0.616619 0.800479 0.062220 0.062220
0 0.206841 0.420542 0.057104 0.057104
0 0.242703 0.607178 0.051819 0.051819
0 0.717504 0.235511 0.071945 0.071945
0 0.146847 0.220273 0.061131 0.061131
0 0.422851 0.550891 0.052757 0.052757
0 0.135409 0.895979 0.104277 0.104277
0 0.553049 0.953276 0.071945 0.071945
0 0.484127 0.499406 0.057103 0.057103
0 0.231063 0.180768 0.052757 0.052757
0 0.557796 0.884830 0.062220 0.062220
0 0.287270 0.116728 0.057104 0.057104
0 0.677819 0.069485 0.052757 0.052757
0 0.399743 0.338739 0.036679 0.036679
0 0.518781 0.616746 0.104277 0.104277
0 0.617732 0.030296 0.062221 0.062221
0 0.233505 0.269350 0.057104 0.057104
0 0.318544 0.677522 0.104277 0.104277
0 0.624118 0.985058 0.061130 0.061130
0 0.313681 0.604229 0.071945 0.071945
0 0.556277 0.065925 0.052757 0.052757
0 0.543383 0.133787 0.104277 0.104277
0 0.710273 0.599803 0.071945 0.071945
0 0.020152 0.616938 0.052757 0.052757
0 0.449021 0.157419 0.104277 0.104277
0 0.077368 0.028314 0.071945 0.071945
0 0.616112 0.631614 0.061131 0.061131
0 0.732151 0.382876 0.057104 0.057104
0 0.234999 0.764151 0.054783 0.054783
0 0.539926 0.324894 0.062220 0.062220
0 0.402551 0.698063 0.057103 0.057103
0 0.203101 0.876317 0.071945 0.071945
0 0.203361 0.947141 0.061130 0.061130
0 0.496857 0.764884 0.061131 0.061131
0 0.083381 0.772819 0.057104 0.057104
0 0.448035 0.632765 0.061131 0.061131
0 0.039492 0.188432 0.057104 0.057104
0 0.395948 0.099127 0.061130 0.061130
0 0.713606 0.725307 0.071945 0.071945
0 0.718988 0.863832 0.104278 0.104278
0 0.648589 0.485745 0.062220 0.062220
0 0.474708 0.229742 0.061130 0.061130
0 0.097576 0.650945 0.052757 0.052757
0 0.346044 0.193610 0.062220 0.062220
0 0.118730 0.461491 0.071945 0.071945
0 0.650193 0.698410 0.104278 0.104278
0 0.327514 0.864809 0.052757 0.052757
0 0.623173 0.340818 0.104277 0.104277
0 0.008719 0.685361 0.062220 0.062220
0 0.573546 0.737989 0.062220 0.062220
0 0.005886 0.412155 0.104277 0.104277
0 0.015191 0.944026 0.104277 0.104277
0 0.291707 0.339153 0.062220 0.062220
0 0.433918 0.421849 0.104277 0.104277
0 0.109855 0.545407 0.057104 0.057104
0 0.478072 0.953987 0.057104 0.057104
0 0.497107 0.688488 0.071945 0.071945
0 0.347370 0.387071 0.071945 0.071945
0 0.065724 0.368215 0.052757 0.052757
0 0.311359 0.750900 0.104277 0.104277
0 0.737374 0.114726 0.071945 0.071945
0 0.488265 0.377218 0.061131 0.061131
0 0.620540 0.164948 0.071945 0.071945
0 0.273915 0.940712 0.071945 0.071945
0 0.375902 0.795098 0.057104 0.057104
0 0.415948 0.852236 0.104277 0.104277
0 0.221440 0.696197 0.052757 0.052757
0 0.148877 0.730424 0.104277 0.104277
0 0.580933 0.414215 0.071945 0.071945
0 0.079360 0.849389 0.071945 0.071945
0 0.385624 0.943840 0.104277 0.104277
0 0.110067 0.987329 0.104277 0.104277
0 0.661833 0.909385 0.061131 0.061131
0 0.284326 0.466970 0.057104 0.057104
0 0.554077 0.549701 0.061131 0.061131