0 0.007052 0.138255 0.104278 0.104278
0 0.261095 0.730032 0.071945 0.071945
0 0.536216 0.698011 0.071945 0.071945
0 0.816594 0.438332 0.071945 0.071945
0 0.062708 0.575377 0.104277 0.104277
0 0.568344 0.813381 0.052757 0.052757
0 0.125196 0.299603 0.052757 0.052757
0 0.806627 0.920535 0.061131 0.061131
0 0.305493 0.486349 0.061130 0.061130
0 0.711771 0.611326 0.104277 0.104277
0 0.155843 0.996745 0.104277 0.104277
0 0.738494 0.225479 0.062220 0.062220
0 0.024490 0.249060 0.052757 0.052757
0 0.478437 0.448225 0.071945 0.071945
0 0.045561 0.420287 0.052757 0.052757
0 0.159244 0.749487 0.062220 0.062220
0 0.121868 0.495422 0.071945 0.071945
0 0.364578 0.032178 0.051819 0.051819
0 0.184597 0.921745 0.057104 0.057104
0 0.678767 0.774445 0.104277 0.104277
0 0.633906 0.965564 0.071945 0.071945
0 0.843964 0.858188 0.052757 0.052757
0 0.257284 0.320979 0.104277 0.104277
0 0.557145 0.567083 0.104277 0.104277
0 0.674924 0.378276 0.071945 0.071945
0 0.252944 0.904181 0.104277 0.104277
0 0.679671 0.309830 0.062220 0.062220
0 0.138297 0.845243 0.061130 0.061130
0 0.017602 0.887117 0.057104 0.057104
0 0.617627 0.505581 0.057104 0.057104
0 0.660594 0.679256 0.062220 0.062220
0 0.413336 0.806443 0.052757 0.052757
0 0.560344 0.437365 0.062220 0.062220
0 0.640656 0.041746 0.104277 0.104277
0 0.440419 0.102522 0.104277 0.104277
0 0.380553 0.993311 0.071945 0.071945
0 0.745993 0.410058 0.061130 0.061130
0 0.435556 0.029229 0.071945 0.071945
0 0.590557 0.908320 0.102474 0.102474
0 0.832148 0.024803 0.071945 0.071945
0 0.199741 0.571711 0.052757 0.052757
0 0.484893 0.900495 0.104277 0.104277
0 0.142027 0.041938 0.052757 0.052757
0 0.737987 0.056614 0.061131 0.061131
0 0.009765 0.494466 0.104277 0.104277
0 0.162399 0.437716 0.052757 0.052757
0 0.356874 0.189151 0.054783 0.054783
0 0.493717 0.634287 0.062220 0.062220
0 0.337404 0.709837 0.061131 0.061131
0 0.524426 0.123063 0.057103 0.057103
0 0.295797 0.638288 0.071945 0.071945
0 0.324976 0.301317 0.071945 0.071945
0 0.083998 0.756837 0.062220 0.062220
0 0.325236 0.372141 0.061130 0.061130
0 0.298943 0.961148 0.057104 0.057104
0 0.618732 0.189884 0.061131 0.061131
0 0.205256 0.197819 0.057104 0.057104
0 0.569910 0.057765 0.061131 0.061131
0 0.111665 0.914675 0.104277 0.104277
0 0.780239 0.667232 0.045227 0.045227
0 0.414627 0.715559 0.052757 0.052757
0 0.835481 0.150307 0.071945 0.071945
0 0.840863 0.288832 0.104278 0.104278
0 0.124173 0.675097 0.061130 0.061130
0 0.219451 0.075945 0.052757 0.052757
0 0.835904 0.571027 0.061130 0.061130
0 0.397736 0.922669 0.062220 0.062220
0 0.772068 0.123410 0.104278 0.104278
0 0.449389 0.289809 0.052757 0.052757
0 0.030993 0.032745 0.057104 0.057104
0 0.130594 0.110361 0.062220 0.062220
0 0.695421 0.162989 0.062220 0.062220
0 0.137066 0.369026 0.104277 0.104277
0 0.492253 0.529320 0.052757 0.052757
0 0.044465 0.955428 0.071945 0.071945
0 0.404300 0.581184 0.052757 0.052757
0 0.223837 0.647571 0.057104 0.057104
0 0.076897 0.166450 0.104277 0.104277
0 0.694310 0.514724 0.061131 0.061131
0 0.599947 0.378987 0.057104 0.057104
0 0.618982 0.113488 0.071945 0.071945
0 0.433234 0.175900 0.104277 0.104277
0 0.491322 0.807620 0.055027 0.055027
0 0.623514 0.608442 0.061131 0.061131
0 0.282013 0.836533 0.062220 0.062220
0 0.701351 0.911798 0.104277 0.104277
0 0.137380 0.602561 0.050559 0.050559
0 0.266519 0.545340 0.061130 0.061130
0 0.395790 0.365712 0.071945 0.071945
0 0.497777 0.220098 0.057104 0.057104
0 0.537823 0.277236 0.104277 0.104277
0 0.238003 0.993496 0.071945 0.071945
0 0.039022 0.338117 0.061131 0.061131
0 0.394590 0.460265 0.071945 0.071945
0 0.354052 0.849343 0.104277 0.104277
0 0.343315 0.121197 0.052757 0.052757
0 0.270752 0.155424 0.104277 0.104277
0 0.518062 0.993600 0.061130 0.061130
0 0.781433 0.528218 0.052757 0.052757
0 0.201235 0.274389 0.071945 0.071945
0 0.507499 0.368840 0.104277 0.104277
0 0.231942 0.412329 0.104277 0.104277
0 0.783708 0.334385 0.061131 0.061131
0 0.756090 0.860472 0.057104 0.057104
0 0.770040 0.784389 0.088662 0.088662