0 0.464295 0.605101 0.062220 0.062220
0 0.809933 0.944729 0.062220 0.062220
0 0.771707 0.750705 0.062220 0.062220
0 0.797687 0.394071 0.052757 0.052757
0 0.809379 0.480620 0.104277 0.104277
0 0.649729 0.028078 0.061130 0.061130
0 0.568281 0.804992 0.052757 0.052757
0 0.406624 0.659983 0.071945 0.071945
0 0.527472 0.889662 0.062220 0.062220
0 0.789112 0.306650 0.104277 0.104277
0 0.871469 0.238448 0.104277 0.104277
0 0.795636 0.207508 0.061130 0.061130
0 0.457424 0.920298 0.104277 0.104277
0 0.154559 0.116042 0.062220 0.062220
0 0.261046 0.693109 0.061130 0.061130
0 0.702707 0.105465 0.104277 0.104277
0 0.537912 0.611163 0.061130 0.061130
0 0.518328 0.523280 0.052757 0.052757
0 0.309474 0.989461 0.104278 0.104278
0 0.922577 0.384503 0.104277 0.104277
0 0.679130 0.524107 0.061130 0.061130
0 0.759974 0.649565 0.062220 0.062220
0 0.375164 0.234799 0.061130 0.061130
0 0.955118 0.731375 0.057104 0.057104
0 0.177635 0.353411 0.104278 0.104278
0 0.801863 0.557775 0.057104 0.057104
0 0.567199 0.986906 0.061130 0.061130
0 0.619661 0.759218 0.062220 0.062220
0 0.718059 0.345430 0.052757 0.052757
0 0.326648 0.792696 0.062220 0.062220
0 0.838409 0.693218 0.057104 0.057104
0 0.580534 0.029005 0.052757 0.052757
0 0.957062 0.093612 0.057104 0.057104
0 0.650484 0.605319 0.061130 0.061130
0 0.860230 0.317598 0.061130 0.061130
0 0.535061 0.248149 0.104278 0.104278
0 0.601910 0.226540 0.052757 0.052757
0 0.615714 0.866350 0.062220 0.062220
0 0.939779 0.020204 0.052757 0.052757
0 0.243019 0.405617 0.062220 0.062220
0 0.740929 0.986545 0.050891 0.050891
0 0.394351 0.492841 0.062220 0.062220
0 0.611371 0.481564 0.057104 0.057104
0 0.904799 0.878851 0.062220 0.062220
0 0.980326 0.345958 0.071945 0.071945
0 0.401525 0.824847 0.062220 0.062220
0 0.673580 0.911691 0.062220 0.062220
0 0.201005 0.037313 0.061130 0.061130
0 0.769339 0.877610 0.104277 0.104277
0 0.782072 0.135102 0.052757 0.052757
0 0.932246 0.171387 0.057104 0.057104
0 0.567789 0.349033 0.057104 0.057104
0 0.276787 0.586723 0.104278 0.104278
0 0.495064 0.315413 0.071945 0.071945
0 0.395425 0.580187 0.052757 0.052757
0 0.934711 0.601906 0.062220 0.062220
0 0.912056 0.455762 0.071945 0.071945
0 0.433649 0.394979 0.052757 0.052757
0 0.625945 0.390871 0.071945 0.071945
0 0.151973 0.423453 0.104277 0.104277
0 0.328328 0.634705 0.057104 0.057104
0 0.361906 0.303383 0.057104 0.057104
0 0.642527 0.984500 0.062220 0.062220
0 0.332403 0.381205 0.104277 0.104277
0 0.293530 0.500730 0.104277 0.104277
0 0.283984 0.281765 0.071945 0.071945
0 0.720507 0.809630 0.104277 0.104277
0 0.158153 0.223006 0.057104 0.057104
0 0.293804 0.910389 0.061131 0.061131
0 0.174940 0.905447 0.057104 0.057104
0 0.505474 0.425764 0.052757 0.052757
0 0.265360 0.174768 0.057104 0.057104
0 0.154099 0.833530 0.062220 0.062220
0 0.448362 0.163404 0.104277 0.104277
0 0.951782 0.814408 0.052757 0.052757
0 0.498505 0.007639 0.104277 0.104277
0 0.367141 0.925484 0.057104 0.057104
0 0.886129 0.116942 0.104277 0.104277
0 0.404178 0.082416 0.052757 0.052757
0 0.487749 0.718332 0.057104 0.057104
0 0.208511 0.626719 0.062220 0.062220
0 0.208685 0.554284 0.057104 0.057104
0 0.373067 0.155052 0.061130 0.061130
0 0.878557 0.809686 0.052757 0.052757
0 0.496410 0.098002 0.062220 0.062220
0 0.562920 0.133044 0.071945 0.071945
0 0.792027 0.056698 0.061130 0.061130
0 0.912229 0.675072 0.061130 0.061130
0 0.200913 0.279484 0.052757 0.052757
0 0.583710 0.694416 0.104277 0.104277
0 0.243688 0.818258 0.057104 0.057104
0 0.692542 0.244148 0.104277 0.104277
0 0.466093 0.239420 0.052757 0.052757
0 0.232339 0.962265 0.061130 0.061130
0 0.996435 0.469743 0.052757 0.052757
0 0.275102 0.068547 0.104277 0.104277
0 0.731826 0.414408 0.104277 0.104277
0 0.156428 0.702440 0.057104 0.057104