0 0.075802 0.010130 0.104278 0.104278
0 0.329845 0.601907 0.071945 0.071945
0 0.604966 0.569886 0.071945 0.071945
0 0.885344 0.310207 0.071945 0.071945
0 0.131458 0.447252 0.104277 0.104277
0 0.637094 0.685256 0.052757 0.052757
0 0.193946 0.171478 0.052757 0.052757
0 0.338529 0.972239 0.061130 0.061130
0 0.875377 0.792410 0.061131 0.061131
0 0.781254 0.908744 0.062220 0.062220
0 0.374243 0.358224 0.061130 0.061130
0 0.780521 0.483201 0.104277 0.104277
0 0.224593 0.868620 0.104277 0.104277
0 0.183454 0.990231 0.104277 0.104277
0 0.807244 0.097354 0.062220 0.062220
0 0.093240 0.120935 0.052757 0.052757
0 0.547187 0.320100 0.071945 0.071945
0 0.114311 0.292162 0.052757 0.052757
0 0.227994 0.621362 0.062220 0.062220
0 0.190618 0.367297 0.071945 0.071945
0 0.657409 0.931540 0.104277 0.104277
0 0.253347 0.793620 0.057104 0.057104
0 0.747517 0.646320 0.104277 0.104277
0 0.702656 0.837439 0.071945 0.071945
0 0.912714 0.730063 0.052757 0.052757
0 0.326034 0.192854 0.104277 0.104277
0 0.625895 0.438958 0.104277 0.104277
0 0.743674 0.250151 0.071945 0.071945
0 0.321694 0.776056 0.104277 0.104277
0 0.738908 0.990198 0.052757 0.052757
0 0.748421 0.181705 0.062220 0.062220
0 0.207047 0.717118 0.061130 0.061130
0 0.086352 0.758992 0.057104 0.057104
0 0.686377 0.377456 0.057104 0.057104
0 0.729344 0.551131 0.062220 0.062220
0 0.482086 0.678318 0.052757 0.052757
0 0.629094 0.309240 0.062220 0.062220
0 0.023868 0.865750 0.057104 0.057104
0 0.139844 0.895841 0.104277 0.104277
0 0.449303 0.865186 0.071945 0.071945
0 0.814743 0.281933 0.061130 0.061130
0 0.659307 0.780195 0.102474 0.102474
0 0.268491 0.443586 0.052757 0.052757
0 0.553643 0.772370 0.104277 0.104277
0 0.078515 0.366341 0.104277 0.104277
0 0.025812 0.227987 0.057104 0.057104
0 0.231149 0.309591 0.052757 0.052757
0 0.425624 0.061026 0.054783 0.054783
0 0.562467 0.506162 0.062220 0.062220
0 0.406154 0.581712 0.061131 0.061131
0 0.364547 0.510163 0.071945 0.071945
0 0.393726 0.173192 0.071945 0.071945
0 0.152748 0.628712 0.062220 0.062220
0 0.393986 0.244016 0.061130 0.061130
0 0.367693 0.833023 0.057104 0.057104
0 0.105389 0.969562 0.057104 0.057104
0 0.008529 0.154579 0.052757 0.052757
0 0.687482 0.061759 0.061131 0.061131
0 0.274006 0.069694 0.057104 0.057104
0 0.180415 0.786550 0.104277 0.104277
0 0.049076 0.480333 0.071945 0.071945
0 0.848989 0.539107 0.045227 0.045227
0 0.483377 0.587434 0.052757 0.052757
0 0.904231 0.022182 0.071945 0.071945
0 0.909613 0.160707 0.104278 0.104278
0 0.192923 0.546972 0.061130 0.061130
0 0.904654 0.442902 0.061130 0.061130
0 0.000996 0.305762 0.057104 0.057104
0 0.466486 0.794544 0.062220 0.062220
0 0.410909 0.974303 0.104277 0.104277
0 0.003461 0.736281 0.062220 0.062220
0 0.518139 0.161684 0.052757 0.052757
0 0.764171 0.034864 0.062220 0.062220
0 0.205816 0.240901 0.104277 0.104277
0 0.239002 0.937956 0.062220 0.062220
0 0.561003 0.401195 0.052757 0.052757
0 0.113215 0.827303 0.071945 0.071945
0 0.473050 0.453059 0.052757 0.052757
0 0.292587 0.519446 0.057104 0.057104
0 0.145647 0.038325 0.104277 0.104277
0 0.763060 0.386599 0.061131 0.061131
0 0.668697 0.250862 0.057104 0.057104
0 0.389851 0.900025 0.104277 0.104277
0 0.861815 0.885769 0.061131 0.061131
0 0.501984 0.047775 0.104277 0.104277
0 0.560072 0.679495 0.055027 0.055027
0 0.692264 0.480317 0.061131 0.061131
0 0.350763 0.708408 0.062220 0.062220
0 0.770101 0.783673 0.104277 0.104277
0 0.206130 0.474436 0.050559 0.050559
0 0.500352 0.972571 0.052757 0.052757
0 0.335269 0.417215 0.061130 0.061130
0 0.464540 0.237587 0.071945 0.071945
0 0.566527 0.091973 0.057104 0.057104
0 0.020532 0.948783 0.052757 0.052757
0 0.606573 0.149111 0.104277 0.104277
0 0.306753 0.865371 0.071945 0.071945
0 0.107772 0.209992 0.061131 0.061131
0 0.463340 0.332140 0.071945 0.071945
0 0.422802 0.721218 0.104277 0.104277
0 0.339502 0.027299 0.104277 0.104277
0 0.586812 0.865475 0.061130 0.061130
0 0.850183 0.400093 0.052757 0.052757
0 0.029784 0.080044 0.071945 0.071945
0 0.269985 0.146264 0.071945 0.071945
0 0.576249 0.240715 0.104277 0.104277
0 0.300692 0.284204 0.104277 0.104277
0 0.065185 0.604118 0.052757 0.052757
0 0.852458 0.206260 0.061131 0.061131
0 0.824840 0.732347 0.057104 0.057104
0 0.838790 0.656264 0.088662 0.088662