0 0.379920 0.576976 0.062220 0.062220
0 0.725558 0.916604 0.062220 0.062220
0 0.687332 0.722580 0.062220 0.062220
0 0.978333 0.284752 0.104277 0.104277
0 0.713312 0.365946 0.052757 0.052757
0 0.725004 0.452495 0.104277 0.104277
0 0.483906 0.776867 0.052757 0.052757
0 0.916845 0.869705 0.071945 0.071945
0 0.322249 0.631858 0.071945 0.071945
0 0.961186 0.129662 0.052757 0.052757
0 0.443097 0.861537 0.062220 0.062220
0 0.704737 0.278525 0.104277 0.104277
0 0.787094 0.210323 0.104277 0.104277
0 0.711261 0.179383 0.061130 0.061130
0 0.373049 0.892173 0.104277 0.104277
0 0.070184 0.087917 0.062220 0.062220
0 0.176671 0.664984 0.061130 0.061130
0 0.618332 0.077340 0.104277 0.104277
0 0.453537 0.583038 0.061130 0.061130
0 0.433953 0.495155 0.052757 0.052757
0 0.225099 0.961336 0.104278 0.104278
0 0.933227 0.596492 0.057104 0.057104
0 0.838202 0.356378 0.104277 0.104277
0 0.594755 0.495982 0.061130 0.061130
0 0.675599 0.621440 0.062220 0.062220
0 0.290789 0.206674 0.061130 0.061130
0 0.870743 0.703250 0.057104 0.057104
0 0.093260 0.325286 0.104278 0.104278
0 0.986719 0.733341 0.104277 0.104277
0 0.717488 0.529650 0.057104 0.057104
0 0.482824 0.958781 0.061130 0.061130
0 0.926156 0.942670 0.071945 0.071945
0 0.535286 0.731093 0.062220 0.062220
0 0.633684 0.317305 0.052757 0.052757
0 0.733405 0.987406 0.057104 0.057104
0 0.242273 0.764571 0.062220 0.062220
0 0.754034 0.665093 0.057104 0.057104
0 0.496159 0.000880 0.052757 0.052757
0 0.925390 0.203841 0.104277 0.104277
0 0.872687 0.065487 0.057104 0.057104
0 0.566109 0.577194 0.061130 0.061130
0 0.775855 0.289473 0.061130 0.061130
0 0.450686 0.220024 0.104278 0.104278
0 0.999623 0.466212 0.062220 0.062220
0 0.517535 0.198415 0.052757 0.052757
0 0.531339 0.838225 0.062220 0.062220
0 0.952264 0.807062 0.057104 0.057104
0 0.158644 0.377492 0.062220 0.062220
0 0.656554 0.958420 0.050891 0.050891
0 0.309976 0.464716 0.062220 0.062220
0 0.382380 0.973855 0.104277 0.104277
0 0.526996 0.453439 0.057104 0.057104
0 0.820424 0.850726 0.062220 0.062220
0 0.895951 0.317833 0.071945 0.071945
0 0.317150 0.796722 0.062220 0.062220
0 0.589205 0.883566 0.062220 0.062220
0 0.116630 0.009188 0.061130 0.061130
0 0.684964 0.849485 0.104277 0.104277
0 0.697697 0.106977 0.052757 0.052757
0 0.847871 0.143262 0.057104 0.057104
0 0.483414 0.320908 0.057104 0.057104
0 0.192412 0.558598 0.104278 0.104278
0 0.410689 0.287288 0.071945 0.071945
0 0.311050 0.552062 0.052757 0.052757
0 0.846812 0.978663 0.061130 0.061130
0 0.850336 0.573781 0.062220 0.062220
0 0.827681 0.427637 0.071945 0.071945
0 0.985235 0.893815 0.062220 0.062220
0 0.349274 0.366854 0.052757 0.052757
0 0.541570 0.362746 0.071945 0.071945
0 0.067598 0.395328 0.104277 0.104277
0 0.243953 0.606580 0.057104 0.057104
0 0.277531 0.275258 0.057104 0.057104
0 0.558152 0.956375 0.062220 0.062220
0 0.248028 0.353080 0.104277 0.104277
0 0.960090 0.664803 0.071945 0.071945
0 0.209155 0.472605 0.104277 0.104277
0 0.199609 0.253640 0.071945 0.071945
0 0.099308 0.997411 0.104277 0.104277
0 0.636132 0.781505 0.104277 0.104277
0 0.073778 0.194881 0.057104 0.057104
0 0.209429 0.882264 0.061131 0.061131
0 0.090565 0.877322 0.057104 0.057104
0 0.421099 0.397639 0.052757 0.052757
0 0.180985 0.146643 0.057104 0.057104
0 0.069724 0.805405 0.062220 0.062220
0 0.363987 0.135279 0.104277 0.104277
0 0.867407 0.786283 0.052757 0.052757
0 0.282766 0.897359 0.057104 0.057104
0 0.954647 0.047492 0.061131 0.061131
0 0.801754 0.088817 0.104277 0.104277
0 0.319803 0.054291 0.052757 0.052757
0 0.403374 0.690207 0.057104 0.057104
0 0.124136 0.598594 0.062220 0.062220
0 0.124310 0.526159 0.057104 0.057104
0 0.288692 0.126927 0.061130 0.061130
0 0.794182 0.781561 0.052757 0.052757
0 0.412035 0.069877 0.062220 0.062220
0 0.478545 0.104919 0.071945 0.071945
0 0.707652 0.028573 0.061130 0.061130
0 0.827854 0.646947 0.061130 0.061130
0 0.116538 0.251359 0.052757 0.052757
0 0.499335 0.666291 0.104277 0.104277
0 0.159313 0.790133 0.057104 0.057104
0 0.608167 0.216023 0.104277 0.104277
0 0.381718 0.211295 0.052757 0.052757
0 0.147964 0.934140 0.061130 0.061130
0 0.912060 0.441618 0.052757 0.052757
0 0.190727 0.040422 0.104277 0.104277
0 0.647451 0.386283 0.104277 0.104277
0 0.072053 0.674315 0.057104 0.057104