0 0.523463 0.953642 0.071945 0.071945
0 0.675276 0.939252 0.071945 0.071945
0 0.726182 0.488286 0.104277 0.104277
0 0.758662 0.829555 0.061131 0.061131
0 0.916284 0.452814 0.104277 0.104277
0 0.467346 0.816743 0.104277 0.104277
0 0.960473 0.649062 0.057104 0.057104
0 0.829739 0.099144 0.062220 0.062220
0 0.962717 0.097091 0.057104 0.057104
0 0.975832 0.817027 0.104277 0.104277
0 0.995528 0.022399 0.052757 0.052757
0 0.879314 0.362571 0.057104 0.057104
0 0.807474 0.214054 0.104277 0.104277
0 0.789777 0.565950 0.104277 0.104277
0 0.337409 0.989199 0.062220 0.062220
0 0.595418 0.752714 0.052757 0.052757
0 0.792668 0.404530 0.061131 0.061131
0 0.802476 0.028437 0.052757 0.052757
0 0.539356 0.863239 0.057104 0.057104
0 0.039098 0.714353 0.071945 0.071945
0 0.675884 0.328063 0.071945 0.071945
0 0.086346 0.776792 0.061130 0.061130
0 0.858495 0.807195 0.104277 0.104277
0 0.892893 0.228342 0.062220 0.062220
0 0.264480 0.900747 0.052757 0.052757
0 0.728772 0.623605 0.062220 0.062220
0 0.566598 0.690153 0.057104 0.057104
0 0.563445 0.529328 0.052757 0.052757
0 0.674599 0.667591 0.061130 0.061130
0 0.951050 0.349593 0.071945 0.071945
0 0.389468 0.516631 0.061131 0.061131
0 0.017865 0.989832 0.057104 0.057104
0 0.977107 0.920921 0.062221 0.062221
0 0.894635 0.048747 0.071945 0.071945
0 0.331680 0.836656 0.052757 0.052757
0 0.104796 0.986089 0.057104 0.057104
0 0.074850 0.217252 0.057104 0.057104
0 0.978737 0.726409 0.071945 0.071945
0 0.915652 0.956550 0.052757 0.052757
0 0.884462 0.540400 0.061130 0.061130
0 0.324594 0.437938 0.062220 0.062220
0 0.617528 0.624614 0.061131 0.061131
0 0.436743 0.918939 0.071945 0.071945
0 0.666755 0.558067 0.057104 0.057104
0 0.733669 0.151872 0.071945 0.071945
0 0.296478 0.121972 0.061131 0.061131
0 0.584118 0.033023 0.061130 0.061130
0 0.609131 0.151898 0.104277 0.104277
0 0.012615 0.372383 0.057104 0.057104
0 0.359890 0.018442 0.071945 0.071945
0 0.733047 0.283575 0.104277 0.104277
0 0.131204 0.654485 0.061130 0.061130
0 0.755323 0.989752 0.061130 0.061130
0 0.890249 0.615275 0.061130 0.061130
0 0.045779 0.133679 0.104277 0.104277
0 0.421973 0.267356 0.071945 0.071945
0 0.403341 0.718775 0.104277 0.104277
0 0.015033 0.466883 0.057104 0.057104
0 0.022894 0.634171 0.057104 0.057104
0 0.063423 0.296212 0.052757 0.052757
0 0.134614 0.365293 0.104277 0.104277
0 0.175503 0.865911 0.052757 0.052757
0 0.618851 0.855265 0.062220 0.062220
0 0.435781 0.401770 0.061131 0.061131
0 0.076082 0.567270 0.104277 0.104277
0 0.211391 0.450467 0.061130 0.061130
0 0.293877 0.348255 0.104277 0.104277
0 0.506758 0.232715 0.062220 0.062220
0 0.198802 0.185618 0.062220 0.062220
0 0.525320 0.472149 0.057104 0.057104
0 0.685923 0.773116 0.071945 0.071945
0 0.295802 0.756244 0.052757 0.052757
0 0.288569 0.526581 0.062220 0.062220
0 0.648806 0.430773 0.071945 0.071945
0 0.091746 0.440991 0.061130 0.061130
0 0.253334 0.590199 0.104278 0.104278
0 0.256617 0.062398 0.052757 0.052757
0 0.336251 0.257219 0.061131 0.061131
0 0.503477 0.654370 0.062220 0.062220
0 0.088718 0.845946 0.057104 0.057104
0 0.947518 0.279437 0.057104 0.057104
0 0.804888 0.303323 0.052757 0.052757
0 0.310352 0.656110 0.062220 0.062220
0 0.188909 0.770686 0.057104 0.057104
0 0.134668 0.087813 0.104277 0.104277
0 0.554938 0.405197 0.052757 0.052757
0 0.052826 0.920411 0.048997 0.048997
0 0.342272 0.588481 0.071945 0.071945
0 0.255852 0.825042 0.062220 0.062220
0 0.585903 0.248354 0.057104 0.057104
0 0.828883 0.736777 0.057104 0.057104
0 0.153185 0.243247 0.061130 0.061130
0 0.187911 0.548279 0.104277 0.104277
0 0.519706 0.322040 0.057104 0.057104
0 0.425555 0.070061 0.104277 0.104277
0 0.382473 0.645407 0.052757 0.052757
0 0.811626 0.876715 0.057104 0.057104
0 0.193944 0.316160 0.061130 0.061130
0 0.491897 0.139498 0.052757 0.052757
0 0.255411 0.976592 0.061131 0.061131
0 0.370925 0.358181 0.071945 0.071945
0 0.499052 0.005042 0.071945 0.071945
0 0.820288 0.663078 0.104277 0.104277
0 0.136851 0.000662 0.057104 0.057104
0 0.239390 0.254970 0.071945 0.071945
0 0.715808 0.068242 0.104277 0.104277
0 0.889621 0.690673 0.104277 0.104277
0 0.903801 0.886931 0.052757 0.052757
0 0.379454 0.129198 0.052757 0.052757
0 0.673889 0.246352 0.062220 0.062220
0 0.471282 0.531790 0.061131 0.061131