0 0.806005 0.522367 0.071945 0.071945
0 0.791284 0.990314 0.104277 0.104277
0 0.704739 0.636644 0.062220 0.062220
0 0.837717 0.634591 0.057104 0.057104
0 0.870528 0.559899 0.052757 0.052757
0 0.754314 0.900071 0.057104 0.057104
0 0.682474 0.751554 0.104277 0.104277
0 0.667668 0.942030 0.061131 0.061131
0 0.936777 0.056043 0.061130 0.061130
0 0.907206 0.193256 0.061130 0.061130
0 0.516993 0.069712 0.052757 0.052757
0 0.610206 0.016786 0.052757 0.052757
0 0.677476 0.565937 0.052757 0.052757
0 0.550884 0.865563 0.071945 0.071945
0 0.767893 0.765842 0.062220 0.062220
0 0.826050 0.887093 0.071945 0.071945
0 0.907847 0.657634 0.071945 0.071945
0 0.068643 0.327427 0.070161 0.070161
0 0.769635 0.586247 0.071945 0.071945
0 0.199594 0.975438 0.062220 0.062220
0 0.938148 0.420983 0.061131 0.061131
0 0.956782 0.595847 0.071945 0.071945
0 0.338557 0.418624 0.071945 0.071945
0 0.619956 0.326000 0.061130 0.061130
0 0.436216 0.106002 0.062220 0.062220
0 0.154350 0.357180 0.062220 0.062220
0 0.608669 0.689372 0.071945 0.071945
0 0.171478 0.659472 0.061131 0.061131
0 0.459118 0.570523 0.061130 0.061130
0 0.969348 0.519210 0.071945 0.071945
0 0.484131 0.689398 0.104277 0.104277
0 0.190921 0.421016 0.104277 0.104277
0 0.366116 0.073407 0.052757 0.052757
0 0.105380 0.266651 0.061130 0.061130
0 0.234890 0.555942 0.071945 0.071945
0 0.608047 0.821075 0.104277 0.104277
0 0.900135 0.764775 0.104278 0.104278
0 0.492501 0.242844 0.061130 0.061130
0 0.589055 0.221945 0.057104 0.057104
0 0.299106 0.152456 0.071945 0.071945
0 0.085941 0.490243 0.104277 0.104277
0 0.849486 0.334279 0.057104 0.057104
0 0.186805 0.234840 0.057104 0.057104
0 0.187561 0.037696 0.061131 0.061131
0 0.296973 0.804856 0.071945 0.071945
0 0.652167 0.169897 0.062220 0.062220
0 0.157277 0.136971 0.071945 0.071945
0 0.046732 0.197153 0.071945 0.071945
0 0.009614 0.902793 0.104277 0.104277
0 0.310781 0.939270 0.061131 0.061131
0 0.086391 0.987967 0.061130 0.061130
0 0.168877 0.885755 0.104277 0.104277
0 0.704640 0.427217 0.062220 0.062220
0 0.284396 0.054985 0.052757 0.052757
0 0.668215 0.488784 0.062220 0.062220
0 0.220225 0.300479 0.062220 0.062220
0 0.381758 0.770215 0.062220 0.062220
0 0.765411 0.020000 0.071945 0.071945
0 0.073802 0.723118 0.062220 0.062220
0 0.489910 0.160132 0.061131 0.061131
0 0.264789 0.484417 0.061131 0.061131
0 0.017654 0.016282 0.071945 0.071945
0 0.880690 0.111532 0.104278 0.104278
0 0.168633 0.521735 0.061131 0.061131
0 0.437174 0.295939 0.071945 0.071945
0 0.041588 0.097535 0.057104 0.057104
0 0.523806 0.968273 0.071945 0.071945
0 0.951854 0.296277 0.061131 0.061131
0 0.131617 0.599898 0.052757 0.052757
0 0.211251 0.794719 0.061131 0.061131
0 0.630367 0.415931 0.052757 0.052757
0 0.428805 0.492261 0.057104 0.057104
0 0.036584 0.399931 0.052757 0.052757
0 0.729908 0.159324 0.052757 0.052757
0 0.283730 0.333594 0.071945 0.071945
0 0.941578 0.846817 0.057104 0.057104
0 0.822518 0.816937 0.057104 0.057104
0 0.546716 0.309469 0.052757 0.052757
0 0.679888 0.840823 0.052757 0.052757
0 0.364904 0.195597 0.071945 0.071945
0 0.797761 0.100802 0.062220 0.062220
0 0.009668 0.625313 0.104277 0.104277
0 0.429938 0.942697 0.052757 0.052757
0 0.566649 0.506837 0.071945 0.071945
0 0.468611 0.421408 0.062220 0.062220
0 0.667327 0.061583 0.071945 0.071945
0 0.800066 0.216839 0.052559 0.052559
0 0.460903 0.785854 0.057104 0.057104
0 0.028185 0.780747 0.061130 0.061130
0 0.295310 0.256644 0.071945 0.071945
0 0.842740 0.453196 0.062220 0.062220
0 0.394706 0.859540 0.057104 0.057104
0 0.300555 0.607561 0.104277 0.104277
0 0.068944 0.853660 0.061130 0.061130
0 0.366897 0.676998 0.052757 0.052757
0 0.245925 0.895681 0.071945 0.071945
0 0.535567 0.445000 0.104277 0.104277
0 0.374052 0.542542 0.071945 0.071945
0 0.388025 0.352556 0.104277 0.104277
0 0.922280 0.950282 0.061130 0.061130
0 0.011851 0.538162 0.057104 0.057104
0 0.114390 0.792470 0.071945 0.071945
0 0.118957 0.198205 0.057103 0.057103
0 0.746992 0.296645 0.071945 0.071945
0 0.902869 0.487424 0.104278 0.104278
0 0.590808 0.605742 0.104277 0.104277
0 0.647585 0.260435 0.052757 0.052757
0 0.254454 0.666698 0.052757 0.052757
0 0.548889 0.783852 0.062220 0.062220
0 0.600281 0.109777 0.061131 0.061131