0 0.872092 0.658852 0.104277 0.104277
0 0.828544 0.446861 0.061130 0.061130
0 0.544552 0.866380 0.104278 0.104278
0 0.761637 0.307190 0.104277 0.104277
0 0.823463 0.216142 0.071945 0.071945
0 0.975276 0.201752 0.071945 0.071945
0 0.729315 0.408759 0.052757 0.052757
0 0.767346 0.079243 0.104277 0.104277
0 0.273511 0.361856 0.052757 0.052757
0 0.561990 0.977185 0.052757 0.052757
0 0.866216 0.573667 0.057104 0.057104
0 0.637409 0.251699 0.062220 0.062220
0 0.902078 0.760303 0.051819 0.051819
0 0.197197 0.783037 0.057104 0.057104
0 0.895418 0.015214 0.052757 0.052757
0 0.548244 0.436858 0.104277 0.104277
0 0.147717 0.082393 0.052757 0.052757
0 0.806222 0.373398 0.061131 0.061131
0 0.273056 0.569686 0.057104 0.057104
0 0.839356 0.125739 0.057104 0.057104
0 0.890438 0.333893 0.052757 0.052757
0 0.386346 0.039292 0.061130 0.061130
0 0.564480 0.163247 0.052757 0.052757
0 0.946645 0.269853 0.057104 0.057104
0 0.494398 0.777818 0.052757 0.052757
0 0.038693 0.868412 0.104277 0.104277
0 0.317865 0.252332 0.057104 0.057104
0 0.892880 0.422475 0.057104 0.057104
0 0.977919 0.830647 0.104277 0.104277
0 0.631680 0.099156 0.052757 0.052757
0 0.973056 0.757354 0.071945 0.071945
0 0.182079 0.937573 0.104277 0.104277
0 0.404796 0.248589 0.057104 0.057104
0 0.627648 0.375108 0.071945 0.071945
0 0.679527 0.770063 0.052757 0.052757
0 0.736743 0.181439 0.071945 0.071945
0 0.894374 0.917276 0.054783 0.054783
0 0.284015 0.152794 0.057104 0.057104
0 0.645600 0.690694 0.071945 0.071945
0 0.419277 0.896291 0.061130 0.061130
0 0.310630 0.795133 0.071945 0.071945
0 0.742756 0.925944 0.057104 0.057104
0 0.698867 0.341557 0.057104 0.057104
0 0.020463 0.676637 0.061130 0.061130
0 0.319378 0.518319 0.071945 0.071945
0 0.299534 0.963426 0.061130 0.061130
0 0.270203 0.879761 0.062220 0.062220
0 0.413973 0.730947 0.062220 0.062220
0 0.529634 0.559947 0.061130 0.061130
0 0.756951 0.804070 0.052757 0.052757
0 0.019494 0.320562 0.071945 0.071945
0 0.464946 0.462208 0.061130 0.061130
0 0.436020 0.390473 0.061130 0.061130
0 0.217138 0.116746 0.104277 0.104277
0 0.614700 0.516743 0.104277 0.104277
0 0.778105 0.614616 0.071945 0.071945
0 0.191460 0.011008 0.104277 0.104277
0 0.475503 0.128411 0.052757 0.052757
0 0.918851 0.117765 0.062220 0.062220
0 0.468400 0.668334 0.061130 0.061130
0 0.206553 0.203308 0.104277 0.104277
0 0.030663 0.402260 0.071945 0.071945
0 0.568493 0.760870 0.057104 0.057104
0 0.460642 0.584652 0.104277 0.104277
0 0.668094 0.838486 0.062220 0.062220
0 0.665261 0.565280 0.104277 0.104277
0 0.149950 0.353391 0.052757 0.052757
0 0.644166 0.452590 0.052757 0.052757
0 0.951082 0.492278 0.062220 0.062220
0 0.356525 0.326077 0.071945 0.071945
0 0.410853 0.972926 0.104277 0.104277
0 0.281470 0.079047 0.062220 0.062220
0 0.371499 0.826947 0.071945 0.071945
0 0.985923 0.035616 0.071945 0.071945
0 0.614397 0.894575 0.104277 0.104277
0 0.595802 0.018744 0.052757 0.052757
0 0.242402 0.284744 0.104277 0.104277
0 0.769230 0.698532 0.057104 0.057104
0 0.112565 0.891014 0.071945 0.071945
0 0.252437 0.735111 0.050932 0.050932
0 0.389173 0.556225 0.052757 0.052757
0 0.155310 0.503116 0.071945 0.071945
0 0.366070 0.463285 0.061130 0.061130
0 0.725099 0.521340 0.052757 0.052757
0 0.579405 0.672787 0.057104 0.057104
0 0.970734 0.904025 0.104277 0.104277
0 0.078210 0.099539 0.057104 0.057104
0 0.388718 0.108446 0.057104 0.057104
0 0.112894 0.789747 0.071945 0.071945
0 0.020531 0.552918 0.104277 0.104277
0 0.488909 0.033186 0.057104 0.057104
0 0.362974 0.623251 0.061130 0.061130
0 0.225339 0.466410 0.071945 0.071945
0 0.077974 0.177648 0.061130 0.061130
0 0.007811 0.164927 0.062220 0.062220
0 0.036005 0.998264 0.104277 0.104277
0 0.352826 0.182911 0.048997 0.048997
0 0.555852 0.087542 0.062220 0.062220
0 0.026511 0.774566 0.052757 0.052757
0 0.551834 0.328903 0.062220 0.062220
0 0.880815 0.849322 0.052757 0.052757
0 0.808252 0.883549 0.104277 0.104277
0 0.323766 0.719936 0.062220 0.062220
0 0.119521 0.697840 0.062220 0.062220
0 0.555411 0.239092 0.061131 0.061131
0 0.130185 0.277288 0.104277 0.104277
0 0.498534 0.936294 0.071945 0.071945
0 0.064374 0.612814 0.047555 0.047555
0 0.198474 0.637610 0.052757 0.052757
0 0.270627 0.001155 0.057104 0.057104
0 0.482919 0.335897 0.071945 0.071945
0 0.194194 0.855715 0.071945 0.071945
0 0.943701 0.620095 0.057104 0.057104
0 0.278424 0.645491 0.071945 0.071945