0 0.584130 0.150492 0.071945 0.071945
0 0.379307 0.653911 0.104277 0.104277
0 0.411787 0.995180 0.061131 0.061131
0 0.569409 0.618439 0.104277 0.104277
0 0.120471 0.982368 0.104277 0.104277
0 0.613598 0.814687 0.057104 0.057104
0 0.482864 0.264769 0.062220 0.062220
0 0.615842 0.262716 0.057104 0.057104
0 0.628957 0.982652 0.104277 0.104277
0 0.705983 0.776566 0.104277 0.104277
0 0.648653 0.188024 0.052757 0.052757
0 0.532439 0.528196 0.057104 0.057104
0 0.460599 0.379679 0.104277 0.104277
0 0.442902 0.731575 0.104277 0.104277
0 0.248543 0.918339 0.052757 0.052757
0 0.445793 0.570155 0.061131 0.061131
0 0.455601 0.194062 0.052757 0.052757
0 0.329009 0.493688 0.071945 0.071945
0 0.511620 0.972820 0.104277 0.104277
0 0.546018 0.393967 0.062220 0.062220
0 0.381897 0.789230 0.062220 0.062220
0 0.219723 0.855778 0.057104 0.057104
0 0.216570 0.694953 0.052757 0.052757
0 0.327724 0.833216 0.061130 0.061130
0 0.604175 0.515218 0.071945 0.071945
0 0.685972 0.285759 0.071945 0.071945
0 0.042593 0.682256 0.061131 0.061131
0 0.547760 0.214372 0.071945 0.071945
0 0.631862 0.892034 0.071945 0.071945
0 0.537587 0.706025 0.061130 0.061130
0 0.716273 0.049108 0.061131 0.061131
0 0.270653 0.790239 0.061131 0.061131
0 0.319880 0.723692 0.057104 0.057104
0 0.734907 0.223972 0.071945 0.071945
0 0.116682 0.046749 0.071945 0.071945
0 0.386794 0.317497 0.071945 0.071945
0 0.237243 0.198648 0.061130 0.061130
0 0.747473 0.147335 0.071945 0.071945
0 0.262256 0.317523 0.104277 0.104277
0 0.730285 0.645602 0.057104 0.057104
0 0.013015 0.184067 0.071945 0.071945
0 0.386172 0.449200 0.104277 0.104277
0 0.678260 0.392900 0.104278 0.104278
0 0.543374 0.780900 0.061130 0.061130
0 0.075098 0.432981 0.071945 0.071945
0 0.056466 0.884400 0.104277 0.104277
0 0.088906 0.567395 0.061131 0.061131
0 0.482765 0.055342 0.062220 0.062220
0 0.446340 0.116909 0.062220 0.062220
0 0.159883 0.398340 0.062220 0.062220
0 0.682617 0.699604 0.052757 0.052757
0 0.178445 0.637774 0.057104 0.057104
0 0.042914 0.112542 0.061131 0.061131
0 0.339048 0.938741 0.071945 0.071945
0 0.301931 0.596398 0.071945 0.071945
0 0.408492 0.044056 0.052757 0.052757
0 0.206930 0.120386 0.057104 0.057104
0 0.156602 0.819995 0.062220 0.062220
0 0.719703 0.474942 0.057104 0.057104
0 0.600643 0.445062 0.057104 0.057104
0 0.458013 0.468948 0.052757 0.052757
0 0.208063 0.570822 0.052757 0.052757
0 0.727421 0.870173 0.104277 0.104277
0 0.344774 0.134962 0.071945 0.071945
0 0.246736 0.049533 0.062220 0.062220
0 0.239028 0.413979 0.057104 0.057104
0 0.482008 0.902402 0.057104 0.057104
0 0.620865 0.081321 0.062220 0.062220
0 0.172831 0.487665 0.057104 0.057104
0 0.078680 0.235686 0.104277 0.104277
0 0.035598 0.811032 0.052757 0.052757
0 0.145022 0.305123 0.052757 0.052757
0 0.024050 0.523806 0.071945 0.071945
0 0.313692 0.073125 0.104277 0.104277
0 0.152177 0.170667 0.071945 0.071945
0 0.473413 0.828703 0.104277 0.104277
0 0.700405 0.578407 0.061130 0.061130
0 0.680994 0.115549 0.104278 0.104278
0 0.368933 0.233867 0.104277 0.104277
0 0.542746 0.856298 0.104277 0.104277
0 0.032579 0.294823 0.052757 0.052757
0 0.327014 0.411977 0.062220 0.062220
0 0.124407 0.697415 0.061131 0.061131