0 0.153927 0.178880 0.104278 0.104278
0 0.407970 0.770657 0.071945 0.071945
0 0.683091 0.738636 0.071945 0.071945
0 0.963469 0.478957 0.071945 0.071945
0 0.209583 0.616002 0.104277 0.104277
0 0.715219 0.854006 0.052757 0.052757
0 0.272071 0.340228 0.052757 0.052757
0 0.953502 0.961160 0.061131 0.061131
0 0.452368 0.526974 0.061130 0.061130
0 0.858646 0.651951 0.104277 0.104277
0 0.885369 0.266104 0.062220 0.062220
0 0.171365 0.289685 0.052757 0.052757
0 0.625312 0.488850 0.071945 0.071945
0 0.192436 0.460912 0.052757 0.052757
0 0.306119 0.790112 0.062220 0.062220
0 0.268743 0.536047 0.071945 0.071945
0 0.018344 0.541573 0.104277 0.104277
0 0.511453 0.072803 0.051819 0.051819
0 0.331472 0.962370 0.057104 0.057104
0 0.825642 0.815070 0.104277 0.104277
0 0.990839 0.898813 0.052757 0.052757
0 0.691601 0.016516 0.052757 0.052757
0 0.404159 0.361604 0.104277 0.104277
0 0.704020 0.607708 0.104277 0.104277
0 0.821799 0.418901 0.071945 0.071945
0 0.399819 0.944806 0.104277 0.104277
0 0.826546 0.350455 0.062220 0.062220
0 0.285172 0.885868 0.061130 0.061130
0 0.164477 0.927742 0.057104 0.057104
0 0.069452 0.687628 0.104277 0.104277
0 0.764502 0.546206 0.057104 0.057104
0 0.807469 0.719881 0.062220 0.062220
0 0.560211 0.847068 0.052757 0.052757
0 0.707219 0.477990 0.062220 0.062220
0 0.103773 0.090318 0.052757 0.052757
0 0.787531 0.082371 0.104277 0.104277
0 0.587294 0.143147 0.104277 0.104277
0 0.892868 0.450683 0.061130 0.061130
0 0.582431 0.069854 0.071945 0.071945
0 0.737432 0.948945 0.102474 0.102474
0 0.979023 0.065428 0.071945 0.071945
0 0.346616 0.612336 0.052757 0.052757
0 0.631768 0.941120 0.104277 0.104277
0 0.288902 0.082563 0.052757 0.052757
0 0.884862 0.097239 0.061131 0.061131
0 0.156640 0.535091 0.104277 0.104277
0 0.103937 0.396737 0.057104 0.057104
0 0.309274 0.478341 0.052757 0.052757
0 0.503749 0.229776 0.054783 0.054783
0 0.640592 0.674912 0.062220 0.062220
0 0.484279 0.750462 0.061131 0.061131
0 0.671301 0.163688 0.057103 0.057103
0 0.007105 0.620723 0.061130 0.061130
0 0.442672 0.678913 0.071945 0.071945
0 0.471851 0.341942 0.071945 0.071945
0 0.230873 0.797462 0.062220 0.062220
0 0.472111 0.412766 0.061130 0.061130
0 0.254975 0.003194 0.071945 0.071945
0 0.028652 0.208791 0.061130 0.061130
0 0.086654 0.323329 0.052757 0.052757
0 0.765607 0.230509 0.061131 0.061131
0 0.352131 0.238444 0.057104 0.057104
0 0.716785 0.098390 0.061131 0.061131
0 0.258540 0.955300 0.104277 0.104277
0 0.127201 0.649083 0.071945 0.071945
0 0.927114 0.707857 0.045227 0.045227
0 0.561502 0.756184 0.052757 0.052757
0 0.023348 0.043447 0.062220 0.062220
0 0.982356 0.190932 0.071945 0.071945
0 0.987738 0.329457 0.104278 0.104278
0 0.271048 0.715722 0.061130 0.061130
0 0.366326 0.116570 0.052757 0.052757
0 0.982779 0.611652 0.061130 0.061130
0 0.079121 0.474512 0.057104 0.057104
0 0.544611 0.963294 0.062220 0.062220
0 0.081586 0.905031 0.062220 0.062220
0 0.058931 0.758887 0.071945 0.071945
0 0.918943 0.164035 0.104278 0.104278
0 0.596264 0.330434 0.052757 0.052757
0 0.177868 0.073370 0.057104 0.057104
0 0.277469 0.150986 0.062220 0.062220
0 0.842296 0.203614 0.062220 0.062220
0 0.283941 0.409651 0.104277 0.104277
0 0.639128 0.569945 0.052757 0.052757
0 0.191340 0.996053 0.071945 0.071945
0 0.020228 0.285426 0.104277 0.104277
0 0.551175 0.621809 0.052757 0.052757
0 0.370712 0.688196 0.057104 0.057104
0 0.223772 0.207075 0.104277 0.104277
0 0.378605 0.011032 0.057104 0.057104
0 0.841185 0.555349 0.061131 0.061131
0 0.746822 0.419612 0.057104 0.057104
0 0.765857 0.154113 0.071945 0.071945
0 0.580109 0.216525 0.104277 0.104277
0 0.638197 0.848245 0.055027 0.055027
0 0.770389 0.649067 0.061131 0.061131
0 0.428888 0.877158 0.062220 0.062220
0 0.848226 0.952423 0.104277 0.104277
0 0.284255 0.643186 0.050559 0.050559
0 0.413394 0.585965 0.061130 0.061130
0 0.542665 0.406337 0.071945 0.071945
0 0.644652 0.260723 0.057104 0.057104
0 0.684698 0.317861 0.104277 0.104277
0 0.185897 0.378742 0.061131 0.061131
0 0.033004 0.420067 0.104277 0.104277
0 0.541465 0.500890 0.071945 0.071945
0 0.500927 0.889968 0.104277 0.104277
0 0.490190 0.161822 0.052757 0.052757
0 0.417627 0.196049 0.104277 0.104277
0 0.928308 0.568843 0.052757 0.052757
0 0.107909 0.248794 0.071945 0.071945
0 0.348110 0.315014 0.071945 0.071945
0 0.059104 0.978197 0.061130 0.061130
0 0.654374 0.409465 0.104277 0.104277
0 0.378817 0.452954 0.104277 0.104277
0 0.143310 0.772868 0.052757 0.052757
0 0.930583 0.375010 0.061131 0.061131
0 0.902965 0.901097 0.057104 0.057104
0 0.916915 0.825014 0.088662 0.088662
0 0.822827 0.015326 0.061131 0.061131