0 0.302370 0.607198 0.062220 0.062220
0 0.051362 0.910231 0.104277 0.104277
0 0.851368 0.385337 0.052757 0.052757
0 0.944581 0.332411 0.052757 0.052757
0 0.256444 0.666040 0.062220 0.062220
0 0.403018 0.643052 0.070161 0.070161
0 0.033738 0.634664 0.104278 0.104278
0 0.756392 0.301645 0.062220 0.062220
0 0.153131 0.306071 0.057104 0.057104
0 0.672932 0.734249 0.071945 0.071945
0 0.954331 0.641625 0.061130 0.061130
0 0.770591 0.421627 0.062220 0.062220
0 0.192419 0.614176 0.071945 0.071945
0 0.488725 0.672805 0.062220 0.062220
0 0.505853 0.975097 0.061131 0.061131
0 0.793493 0.886148 0.061130 0.061130
0 0.166839 0.382756 0.062220 0.062220
0 0.525296 0.736641 0.104277 0.104277
0 0.700491 0.389032 0.052757 0.052757
0 0.439755 0.582276 0.061130 0.061130
0 0.152640 0.465517 0.071945 0.071945
0 0.569265 0.871567 0.071945 0.071945
0 0.086944 0.404518 0.104277 0.104277
0 0.030406 0.516955 0.057104 0.057104
0 0.022489 0.380254 0.071945 0.071945
0 0.826876 0.558469 0.061130 0.061130
0 0.255154 0.986804 0.104277 0.104277
0 0.923430 0.537570 0.057104 0.057104
0 0.633481 0.468081 0.071945 0.071945
0 0.239352 0.336510 0.071945 0.071945
0 0.420316 0.805868 0.104277 0.104277
0 0.521180 0.550465 0.057104 0.057104
0 0.212929 0.807652 0.062220 0.062220
0 0.521936 0.353321 0.061131 0.061131
0 0.831375 0.308949 0.057104 0.057104
0 0.986542 0.485522 0.062220 0.062220
0 0.491652 0.452596 0.071945 0.071945
0 0.381107 0.512778 0.071945 0.071945
0 0.312546 0.787529 0.062220 0.062220
0 0.242749 0.447832 0.052757 0.052757
0 0.120071 0.710656 0.071945 0.071945
0 0.110737 0.946440 0.052757 0.052757
0 0.618771 0.370610 0.052757 0.052757
0 0.554600 0.616104 0.062220 0.062220
0 0.824285 0.475757 0.061131 0.061131
0 0.298346 0.502943 0.052757 0.052757
0 0.599164 0.800042 0.061131 0.061131
0 0.352029 0.331907 0.071945 0.071945
0 0.503008 0.837360 0.061131 0.061131
0 0.771549 0.611564 0.071945 0.071945
0 0.683014 0.308825 0.062220 0.062220
0 0.375963 0.413160 0.057104 0.057104
0 0.062501 0.286434 0.104277 0.104277
0 0.465992 0.915523 0.052757 0.052757
0 0.964742 0.731556 0.052757 0.052757
0 0.763180 0.807886 0.057104 0.057104
0 0.370959 0.715556 0.052757 0.052757
0 0.618105 0.649219 0.071945 0.071945
0 0.881091 0.625094 0.052757 0.052757
0 0.699279 0.511222 0.071945 0.071945
0 0.434733 0.299752 0.104277 0.104277
0 0.344043 0.940938 0.104277 0.104277
0 0.066412 0.840841 0.104277 0.104277
0 0.029113 0.711741 0.052757 0.052757
0 0.901024 0.822462 0.071945 0.071945
0 0.249612 0.745504 0.057104 0.057104
0 0.802986 0.737033 0.062220 0.062220
0 0.131997 0.869930 0.071945 0.071945
0 0.208141 0.510367 0.104277 0.104277
0 0.629685 0.572269 0.071945 0.071945
0 0.126134 0.632434 0.056505 0.056505
0 0.634930 0.923186 0.104277 0.104277
0 0.701272 0.992623 0.052757 0.052757
0 0.869942 0.760625 0.104277 0.104277
0 0.708427 0.858167 0.071945 0.071945
0 0.722400 0.668181 0.104277 0.104277
0 0.346226 0.853787 0.057104 0.057104
0 0.120431 0.563745 0.061130 0.061130
0 0.453332 0.513830 0.057103 0.057103
0 0.196948 0.895086 0.057104 0.057104
0 0.925183 0.921367 0.104277 0.104277
0 0.606049 0.300174 0.057104 0.057104
0 0.981960 0.576060 0.052757 0.052757
0 0.588829 0.982323 0.052757 0.052757
0 0.934656 0.425402 0.061131 0.061131