0 0.925217 0.218227 0.104277 0.104277
0 0.881669 0.006236 0.061130 0.061130
0 0.597677 0.425755 0.104278 0.104278
0 0.653333 0.862877 0.104277 0.104277
0 0.715821 0.587103 0.052757 0.052757
0 0.896118 0.773849 0.061130 0.061130
0 0.388312 0.944071 0.052757 0.052757
0 0.240354 0.578078 0.061130 0.061130
0 0.615115 0.536560 0.052757 0.052757
0 0.636186 0.707787 0.052757 0.052757
0 0.379737 0.856650 0.104277 0.104277
0 0.919341 0.133042 0.057104 0.057104
0 0.712493 0.782922 0.071945 0.071945
0 0.462094 0.788448 0.104277 0.104277
0 0.955203 0.319678 0.051819 0.051819
0 0.386261 0.757508 0.061130 0.061130
0 0.250322 0.342412 0.057104 0.057104
0 0.293332 0.655465 0.104277 0.104277
0 0.326181 0.129061 0.057104 0.057104
0 0.847909 0.608479 0.104277 0.104277
0 0.513202 0.934503 0.104277 0.104277
0 0.547523 0.337193 0.052757 0.052757
0 0.091818 0.427787 0.104277 0.104277
0 0.012249 0.496711 0.052757 0.052757
0 0.235204 0.496948 0.104277 0.104277
0 0.308684 0.895430 0.052757 0.052757
0 0.790366 0.859211 0.052757 0.052757
0 0.732652 0.329438 0.052757 0.052757
0 0.171159 0.579005 0.052757 0.052757
0 0.600390 0.781966 0.104277 0.104277
0 0.547687 0.643612 0.057104 0.057104
0 0.753024 0.725216 0.052757 0.052757
0 0.947499 0.476651 0.054783 0.054783
0 0.928029 0.997337 0.061131 0.061131
0 0.450855 0.867598 0.061130 0.061130
0 0.886422 0.925788 0.071945 0.071945
0 0.915601 0.588817 0.071945 0.071945
0 0.125686 0.798149 0.104278 0.104278
0 0.915861 0.659641 0.061130 0.061130
0 0.698725 0.250069 0.071945 0.071945
0 0.192535 0.776540 0.052757 0.052757
0 0.472402 0.455666 0.061130 0.061130
0 0.363755 0.354508 0.071945 0.071945
0 0.530404 0.570204 0.052757 0.052757
0 0.795881 0.485319 0.057104 0.057104
0 0.073588 0.236012 0.061130 0.061130
0 0.570951 0.895958 0.071945 0.071945
0 0.372503 0.077694 0.071945 0.071945
0 0.352659 0.522801 0.061130 0.061130
0 0.323328 0.439136 0.062220 0.062220
0 0.467098 0.290322 0.062220 0.062220
0 0.582759 0.119322 0.061130 0.061130
0 0.714798 0.962597 0.061130 0.061130
0 0.810076 0.363445 0.052757 0.052757
0 0.372697 0.685102 0.052757 0.052757
0 0.522871 0.721387 0.057104 0.057104
0 0.158414 0.899033 0.057104 0.057104
0 0.026456 0.385790 0.104277 0.104277
0 0.518071 0.021583 0.061130 0.061130
0 0.085689 0.865413 0.071945 0.071945
0 0.667825 0.076118 0.104277 0.104277
0 0.831230 0.173991 0.071945 0.071945
0 0.024274 0.944979 0.052757 0.052757
0 0.216570 0.940871 0.071945 0.071945
0 0.521525 0.227709 0.061130 0.061130
0 0.621618 0.320245 0.057104 0.057104
0 0.513767 0.144027 0.104277 0.104277
0 0.721219 0.397861 0.062220 0.062220
0 0.718386 0.124655 0.104277 0.104277
0 0.697291 0.011965 0.052757 0.052757
0 0.035039 0.043860 0.052757 0.052757
0 0.727691 0.656526 0.104277 0.104277
0 0.463978 0.532301 0.104277 0.104277
0 0.994925 0.868684 0.052757 0.052757
0 0.424624 0.386322 0.071945 0.071945
0 0.814462 0.935071 0.057104 0.057104
0 0.667522 0.453950 0.104277 0.104277
0 0.822355 0.257907 0.057104 0.057104
0 0.165690 0.450389 0.071945 0.071945
0 0.305562 0.294486 0.050932 0.050932
0 0.442298 0.115600 0.052757 0.052757
0 0.208435 0.062491 0.071945 0.071945
0 0.419195 0.022660 0.061130 0.061130
0 0.096099 0.975764 0.052757 0.052757
0 0.778224 0.080715 0.052757 0.052757
0 0.632530 0.232162 0.057104 0.057104
0 0.166019 0.349122 0.071945 0.071945
0 0.073656 0.112293 0.104277 0.104277
0 0.416099 0.182626 0.061130 0.061130
0 0.278464 0.025785 0.071945 0.071945
0 0.728005 0.890061 0.050559 0.050559
0 0.038987 0.713404 0.104277 0.104277
0 0.857144 0.832840 0.061130 0.061130
0 0.986415 0.653212 0.071945 0.071945
0 0.089130 0.557639 0.104277 0.104277
0 0.629647 0.625617 0.061131 0.061131
0 0.476754 0.666942 0.104277 0.104277
0 0.985215 0.747765 0.071945 0.071945
0 0.079636 0.333941 0.052757 0.052757
0 0.933940 0.408697 0.052757 0.052757
0 0.861377 0.442924 0.104277 0.104277
0 0.376891 0.279311 0.062220 0.062220
0 0.172646 0.257215 0.062220 0.062220
0 0.087035 0.648002 0.062220 0.062220
0 0.153545 0.683044 0.071945 0.071945
0 0.551659 0.495669 0.071945 0.071945
0 0.382652 0.606698 0.061130 0.061130
0 0.022414 0.167220 0.071945 0.071945
0 0.791860 0.561889 0.071945 0.071945
0 0.117499 0.172189 0.047555 0.047555
0 0.251599 0.196985 0.052757 0.052757
0 0.283167 0.794148 0.104277 0.104277
0 0.822567 0.699829 0.104277 0.104277
0 0.056718 0.789420 0.052757 0.052757
0 0.247319 0.415090 0.071945 0.071945
0 0.996826 0.179470 0.057104 0.057104
0 0.331549 0.204866 0.071945 0.071945
0 0.322451 0.964408 0.104277 0.104277