0 0.303544 0.943736 0.061130 0.061130
0 0.706489 0.905445 0.052757 0.052757
0 0.236637 0.804065 0.104277 0.104277
0 0.298463 0.713017 0.071945 0.071945
0 0.450276 0.698627 0.071945 0.071945
0 0.529029 0.905485 0.104277 0.104277
0 0.204315 0.905634 0.052757 0.052757
0 0.606893 0.952010 0.071945 0.071945
0 0.501182 0.247661 0.104277 0.104277
0 0.533662 0.588930 0.061131 0.061131
0 0.691284 0.212189 0.104277 0.104277
0 0.242346 0.576118 0.104277 0.104277
0 0.735473 0.408437 0.057104 0.057104
0 0.861926 0.613397 0.062221 0.062221
0 0.750832 0.576402 0.104277 0.104277
0 0.827858 0.370316 0.104277 0.104277
0 0.654314 0.121946 0.057104 0.057104
0 0.564777 0.325325 0.104277 0.104277
0 0.112409 0.748574 0.062220 0.062220
0 0.370418 0.512089 0.052757 0.052757
0 0.023244 0.933733 0.104277 0.104277
0 0.851879 0.885511 0.071945 0.071945
0 0.567668 0.163905 0.061131 0.061131
0 0.281222 0.870273 0.061131 0.061131
0 0.314356 0.622614 0.057104 0.057104
0 0.450884 0.087438 0.071945 0.071945
0 0.365438 0.830768 0.052757 0.052757
0 0.633495 0.566570 0.104277 0.104277
0 0.039480 0.660122 0.052757 0.052757
0 0.503772 0.382980 0.062220 0.062220
0 0.421645 0.766728 0.057104 0.057104
0 0.341598 0.449528 0.057104 0.057104
0 0.338445 0.288703 0.052757 0.052757
0 0.812194 0.719485 0.052757 0.052757
0 0.534118 0.988739 0.036679 0.036679
0 0.449599 0.426966 0.061130 0.061130
0 0.726050 0.108968 0.071945 0.071945
0 0.164468 0.276006 0.061131 0.061131
0 0.752107 0.680296 0.062221 0.062221
0 0.367880 0.919350 0.057104 0.057104
0 0.106680 0.596031 0.052757 0.052757
0 0.753737 0.485784 0.071945 0.071945
0 0.690652 0.715925 0.052757 0.052757
0 0.659462 0.299775 0.061130 0.061130
0 0.677758 0.783787 0.104277 0.104277
0 0.102648 0.871983 0.071945 0.071945
0 0.099594 0.197313 0.062220 0.062220
0 0.392528 0.383989 0.061131 0.061131
0 0.583396 0.807419 0.104277 0.104277
0 0.211743 0.678314 0.071945 0.071945
0 0.441755 0.317442 0.057104 0.057104
0 0.674301 0.974894 0.062220 0.062220
0 0.852160 0.239352 0.057104 0.057104
0 0.173867 0.838432 0.057104 0.057104
0 0.508047 0.042950 0.104277 0.104277
0 0.530323 0.749127 0.061130 0.061130
0 0.665249 0.374650 0.061130 0.061130
0 0.609083 0.879742 0.061130 0.061130
0 0.196973 0.026731 0.071945 0.071945
0 0.178341 0.478150 0.104277 0.104277
0 0.480419 0.843610 0.062220 0.062220
0 0.393851 0.614640 0.062220 0.062220
0 0.757548 0.990818 0.104277 0.104277
0 0.210781 0.161145 0.061131 0.061131
0 0.119166 0.949465 0.052757 0.052757
0 0.068877 0.107630 0.104277 0.104277
0 0.426082 0.989153 0.062220 0.062220
0 0.804492 0.293354 0.052757 0.052757
0 0.300320 0.231524 0.057104 0.057104
0 0.460923 0.532491 0.071945 0.071945
0 0.070802 0.515619 0.052757 0.052757
0 0.063569 0.285956 0.062220 0.062220
0 0.423806 0.190148 0.071945 0.071945
0 0.028334 0.349574 0.104278 0.104278
0 0.111251 0.016594 0.061131 0.061131
0 0.278477 0.413745 0.062220 0.062220
0 0.871749 0.764726 0.071945 0.071945
0 0.841578 0.068692 0.057104 0.057104
0 0.722518 0.038812 0.057104 0.057104
0 0.579888 0.062698 0.052757 0.052757
0 0.085352 0.415485 0.062220 0.062220
0 0.754915 0.814948 0.071945 0.071945
0 0.329938 0.164572 0.052757 0.052757
0 0.117272 0.347856 0.071945 0.071945
0 0.030852 0.584417 0.062220 0.062220
0 0.849296 0.463923 0.104277 0.104277
0 0.360903 0.007729 0.057104 0.057104
0 0.603883 0.496152 0.057104 0.057104
0 0.294706 0.081415 0.057104 0.057104
0 0.026834 0.825778 0.062220 0.062220
0 0.157473 0.404782 0.052757 0.052757
0 0.586626 0.636090 0.057104 0.057104
0 0.030411 0.735967 0.061131 0.061131
0 0.145925 0.117556 0.071945 0.071945
0 0.595288 0.422453 0.104277 0.104277
0 0.822280 0.172157 0.061130 0.061130
0 0.014390 0.014345 0.071945 0.071945
0 0.664621 0.450048 0.104277 0.104277
0 0.678801 0.646306 0.052757 0.052757
0 0.448889 0.005727 0.062220 0.062220
0 0.246282 0.291165 0.061131 0.061131