0 0.962919 0.903111 0.061130 0.061130
0 0.896012 0.763440 0.104277 0.104277
0 0.957838 0.672392 0.071945 0.071945
0 0.863690 0.865009 0.052757 0.052757
0 0.901721 0.535493 0.104277 0.104277
0 0.407886 0.818106 0.052757 0.052757
0 0.357535 0.311427 0.062220 0.062220
0 0.771784 0.707949 0.062220 0.062220
0 0.682619 0.893108 0.104277 0.104277
0 0.282092 0.538643 0.052757 0.052757
0 0.940597 0.829648 0.061131 0.061131
0 0.304420 0.185812 0.057103 0.057103
0 0.973731 0.581989 0.057104 0.057104
0 0.473473 0.433103 0.071945 0.071945
0 0.520721 0.495542 0.061130 0.061130
0 0.075766 0.231457 0.052757 0.052757
0 0.698855 0.619497 0.052757 0.052757
0 0.997820 0.248078 0.052757 0.052757
0 0.823843 0.235381 0.061131 0.061131
0 0.452240 0.708582 0.057104 0.057104
0 0.766055 0.555406 0.052757 0.052757
0 0.539171 0.704839 0.057104 0.057104
0 0.762023 0.831358 0.071945 0.071945
0 0.758969 0.156688 0.062220 0.062220
0 0.871118 0.637689 0.071945 0.071945
0 0.236540 0.007950 0.104277 0.104277
0 0.220582 0.450137 0.071945 0.071945
0 0.150337 0.443052 0.057104 0.057104
0 0.418390 0.609044 0.057104 0.057104
0 0.446990 0.091133 0.057104 0.057104
0 0.833242 0.797807 0.057104 0.057104
0 0.565579 0.373235 0.061130 0.061130
0 0.453753 0.974569 0.071945 0.071945
0 0.367013 0.133568 0.052757 0.052757
0 0.153869 0.776812 0.071945 0.071945
0 0.120188 0.156910 0.062220 0.062220
0 0.837716 0.437525 0.104277 0.104277
0 0.599321 0.918458 0.061130 0.061130
0 0.570395 0.846723 0.061130 0.061130
0 0.449408 0.185633 0.057104 0.057104
0 0.351513 0.572996 0.104277 0.104277
0 0.215553 0.351174 0.057104 0.057104
0 0.457269 0.352921 0.057104 0.057104
0 0.122908 0.528303 0.057104 0.057104
0 0.497798 0.014962 0.052757 0.052757
0 0.568989 0.084043 0.104277 0.104277
0 0.749075 0.972993 0.104277 0.104277
0 0.325835 0.467258 0.104277 0.104277
0 0.609878 0.584661 0.052757 0.052757
0 0.340928 0.659558 0.104277 0.104277
0 0.165038 0.858510 0.071945 0.071945
0 0.130392 0.360557 0.052757 0.052757
0 0.870156 0.120520 0.061131 0.061131
0 0.325093 0.372527 0.052757 0.052757
0 0.142004 0.291848 0.061130 0.061130
0 0.284325 0.809641 0.052757 0.052757
0 0.510457 0.286020 0.104277 0.104277
0 0.778541 0.908840 0.052757 0.052757
0 0.116289 0.940735 0.052757 0.052757
0 0.645766 0.169217 0.061130 0.061130
0 0.381679 0.023648 0.057104 0.057104
0 0.210958 0.206666 0.071945 0.071945
0 0.728252 0.067005 0.104277 0.104277
0 0.048972 0.619289 0.061130 0.061130
0 0.959695 0.190899 0.057104 0.057104
0 0.490900 0.782327 0.071945 0.071945
0 0.415845 0.535297 0.062220 0.062220
0 0.040066 0.813168 0.061130 0.061130
0 0.730177 0.474994 0.052757 0.052757
0 0.722944 0.245331 0.062220 0.062220
0 0.376777 0.740994 0.104277 0.104277
0 0.526121 0.159741 0.061130 0.061130
0 0.687709 0.308949 0.104278 0.104278
0 0.289685 0.959366 0.071945 0.071945
0 0.500445 0.919535 0.061130 0.061130
0 0.076047 0.883994 0.062220 0.062220
0 0.859474 0.977590 0.052757 0.052757
0 0.068155 0.319993 0.061130 0.061130
0 0.034767 0.157179 0.062220 0.062220
0 0.937852 0.373120 0.062220 0.062220
0 0.212585 0.555789 0.057104 0.057104
0 0.523093 0.564696 0.057104 0.057104
0 0.014781 0.497963 0.104277 0.104277
0 0.744727 0.374860 0.062220 0.062220
0 0.623284 0.489436 0.057104 0.057104
0 0.359714 0.922660 0.071945 0.071945
0 0.212349 0.633898 0.061130 0.061130
0 0.142186 0.621177 0.062220 0.062220
0 0.989313 0.123947 0.052757 0.052757
0 0.487201 0.639161 0.048997 0.048997
0 0.776647 0.307231 0.071945 0.071945
0 0.058172 0.079244 0.057104 0.057104
0 0.690227 0.543792 0.062220 0.062220
0 0.423870 0.270343 0.057104 0.057104
0 0.622286 0.267029 0.104277 0.104277
0 0.298628 0.260692 0.104277 0.104277
0 0.954081 0.040790 0.057104 0.057104
0 0.686209 0.785153 0.062220 0.062220
0 0.816848 0.364157 0.052757 0.052757
0 0.628319 0.034910 0.061130 0.061130
0 0.689786 0.695342 0.061131 0.061131
0 0.805300 0.076931 0.071945 0.071945
0 0.110747 0.705717 0.071945 0.071945
0 0.322755 0.065769 0.062220 0.062220
0 0.264560 0.733538 0.104277 0.104277
0 0.030686 0.698641 0.071945 0.071945
0 0.020937 0.421500 0.061130 0.061130
0 0.222566 0.124624 0.052757 0.052757
0 0.405002 0.457405 0.057104 0.057104
0 0.169817 0.050081 0.062220 0.062220
0 0.617294 0.792147 0.071945 0.071945
0 0.905657 0.250540 0.061131 0.061131