0 0.314295 0.383226 0.062220 0.062220
0 0.659933 0.722854 0.062220 0.062220
0 0.621707 0.528830 0.062220 0.062220
0 0.397609 0.836468 0.057103 0.057103
0 0.912708 0.091002 0.104277 0.104277
0 0.647687 0.172196 0.052757 0.052757
0 0.659379 0.258745 0.104277 0.104277
0 0.418281 0.583117 0.052757 0.052757
0 0.964704 0.633981 0.104277 0.104277
0 0.851220 0.675955 0.071945 0.071945
0 0.256624 0.438108 0.071945 0.071945
0 0.377472 0.667787 0.062220 0.062220
0 0.282505 0.860769 0.071945 0.071945
0 0.639112 0.084775 0.104277 0.104277
0 0.971868 0.011047 0.071945 0.071945
0 0.721469 0.016573 0.104277 0.104277
0 0.307424 0.698423 0.104277 0.104277
0 0.111046 0.471234 0.061130 0.061130
0 0.387912 0.389288 0.061130 0.061130
0 0.368328 0.301405 0.052757 0.052757
0 0.159474 0.767586 0.104278 0.104278
0 0.988297 0.360868 0.061130 0.061130
0 0.867602 0.402742 0.057104 0.057104
0 0.772577 0.162628 0.104277 0.104277
0 0.557353 0.882351 0.062220 0.062220
0 0.529130 0.302232 0.061130 0.061130
0 0.609974 0.427690 0.062220 0.062220
0 0.225164 0.012924 0.061130 0.061130
0 0.805118 0.509500 0.057104 0.057104
0 0.027635 0.131536 0.104278 0.104278
0 0.921094 0.539591 0.104277 0.104277
0 0.715183 0.865646 0.071945 0.071945
0 0.651863 0.335900 0.057104 0.057104
0 0.417199 0.765031 0.061130 0.061130
0 0.860531 0.748920 0.071945 0.071945
0 0.469661 0.537343 0.062220 0.062220
0 0.568059 0.123555 0.052757 0.052757
0 0.667780 0.793656 0.057104 0.057104
0 0.176648 0.570821 0.062220 0.062220
0 0.688409 0.471343 0.057104 0.057104
0 0.859765 0.010091 0.104277 0.104277
0 0.500484 0.383444 0.061130 0.061130
0 0.631624 0.873309 0.052757 0.052757
0 0.710230 0.095723 0.061130 0.061130
0 0.385061 0.026274 0.104278 0.104278
0 0.933998 0.272462 0.062220 0.062220
0 0.451910 0.004665 0.052757 0.052757
0 0.465714 0.644475 0.062220 0.062220
0 0.886639 0.613312 0.057104 0.057104
0 0.093019 0.183742 0.062220 0.062220
0 0.961665 0.430300 0.104277 0.104277
0 0.590929 0.764670 0.050891 0.050891
0 0.244351 0.270966 0.062220 0.062220
0 0.316755 0.780105 0.104277 0.104277
0 0.461371 0.259689 0.057104 0.057104
0 0.754799 0.656976 0.062220 0.062220
0 0.830326 0.124083 0.071945 0.071945
0 0.875618 0.866042 0.057104 0.057104
0 0.251525 0.602972 0.062220 0.062220
0 0.475949 0.843692 0.052757 0.052757
0 0.523580 0.689816 0.062220 0.062220
0 0.619339 0.655735 0.104277 0.104277
0 0.974173 0.190722 0.061130 0.061130
0 0.417789 0.127158 0.057104 0.057104
0 0.126787 0.364848 0.104278 0.104278
0 0.345064 0.093538 0.071945 0.071945
0 0.245425 0.358312 0.052757 0.052757
0 0.154608 0.874439 0.071945 0.071945
0 0.063996 0.880114 0.052757 0.052757
0 0.781187 0.784913 0.061130 0.061130
0 0.784711 0.380031 0.062220 0.062220
0 0.762056 0.233887 0.071945 0.071945
0 0.919610 0.700065 0.062220 0.062220
0 0.214223 0.828211 0.057104 0.057104
0 0.283649 0.173104 0.052757 0.052757
0 0.475945 0.168996 0.071945 0.071945
0 0.001973 0.201578 0.104277 0.104277
0 0.178328 0.412830 0.057104 0.057104
0 0.211906 0.081508 0.057104 0.057104
0 0.492527 0.762625 0.062220 0.062220
0 0.182403 0.159330 0.104277 0.104277
0 0.790765 0.888263 0.062220 0.062220
0 0.894465 0.471053 0.071945 0.071945
0 0.143530 0.278855 0.104277 0.104277
0 0.133984 0.059890 0.071945 0.071945
0 0.033683 0.803661 0.104277 0.104277
0 0.570507 0.587755 0.104277 0.104277
0 0.008153 0.001131 0.057104 0.057104
0 0.143804 0.688514 0.061131 0.061131
0 0.024940 0.683572 0.057104 0.057104
0 0.355474 0.203889 0.052757 0.052757
0 0.987380 0.118186 0.050559 0.050559
0 0.004099 0.611655 0.062220 0.062220
0 0.801782 0.592533 0.052757 0.052757
0 0.217141 0.703609 0.057104 0.057104
0 0.956532 0.780178 0.061131 0.061131
0 0.337749 0.496457 0.057104 0.057104
0 0.058511 0.404844 0.062220 0.062220
0 0.058685 0.332409 0.057104 0.057104
0 0.728557 0.587811 0.052757 0.052757
0 0.762229 0.453197 0.061130 0.061130
0 0.050913 0.057609 0.052757 0.052757
0 0.433710 0.472541 0.104277 0.104277
0 0.093688 0.596383 0.057104 0.057104
0 0.542542 0.022273 0.104277 0.104277
0 0.316093 0.017545 0.052757 0.052757
0 0.082339 0.740390 0.061130 0.061130
0 0.846435 0.247868 0.052757 0.052757
0 0.581826 0.192533 0.104277 0.104277
0 0.006428 0.480565 0.057104 0.057104