0 0.420470 0.336282 0.071945 0.071945
0 0.983009 0.842984 0.104277 0.104277
0 0.622014 0.946933 0.052757 0.052757
0 0.695591 0.304261 0.071945 0.071945
0 0.975969 0.044582 0.071945 0.071945
0 0.222083 0.181627 0.104277 0.104277
0 0.727719 0.419631 0.052757 0.052757
0 0.429154 0.706614 0.061130 0.061130
0 0.966002 0.526785 0.061131 0.061131
0 0.871879 0.643119 0.062220 0.062220
0 0.464868 0.092599 0.061130 0.061130
0 0.871146 0.217576 0.104277 0.104277
0 0.855235 0.813312 0.052757 0.052757
0 0.491281 0.814706 0.104277 0.104277
0 0.315218 0.602995 0.104277 0.104277
0 0.274079 0.724606 0.104277 0.104277
0 0.160595 0.766580 0.071945 0.071945
0 0.637812 0.054475 0.071945 0.071945
0 0.204936 0.026537 0.052757 0.052757
0 0.318619 0.355737 0.062220 0.062220
0 0.281243 0.101672 0.071945 0.071945
0 0.030844 0.107198 0.104277 0.104277
0 0.748034 0.665915 0.104277 0.104277
0 0.343972 0.527995 0.057104 0.057104
0 0.838142 0.380695 0.104277 0.104277
0 0.887492 0.923036 0.061130 0.061130
0 0.859049 0.994016 0.104277 0.104277
0 0.793281 0.571814 0.071945 0.071945
0 0.716520 0.173333 0.104277 0.104277
0 0.354096 0.882605 0.062220 0.062220
0 0.412319 0.510431 0.104277 0.104277
0 0.829533 0.724573 0.052757 0.052757
0 0.569981 0.807623 0.062220 0.062220
0 0.297672 0.451493 0.061130 0.061130
0 0.176977 0.493367 0.057104 0.057104
0 0.081952 0.253253 0.104277 0.104277
0 0.777002 0.111831 0.057104 0.057104
0 0.819969 0.285506 0.062220 0.062220
0 0.572711 0.412693 0.052757 0.052757
0 0.719719 0.043615 0.062220 0.062220
0 0.114493 0.600125 0.057104 0.057104
0 0.230469 0.630216 0.104277 0.104277
0 0.024558 0.956271 0.071945 0.071945
0 0.691454 0.800443 0.062220 0.062220
0 0.539928 0.599561 0.071945 0.071945
0 0.169906 0.839545 0.071945 0.071945
0 0.905368 0.016308 0.061130 0.061130
0 0.749932 0.514570 0.102474 0.102474
0 0.790821 0.871690 0.071945 0.071945
0 0.359116 0.177961 0.052757 0.052757
0 0.644268 0.506745 0.104277 0.104277
0 0.169140 0.100716 0.104277 0.104277
0 0.321774 0.043966 0.052757 0.052757
0 0.692671 0.971484 0.104277 0.104277
0 0.653092 0.240537 0.062220 0.062220
0 0.496779 0.316087 0.061131 0.061131
0 0.019605 0.186348 0.061130 0.061130
0 0.455172 0.244538 0.071945 0.071945
0 0.243373 0.363087 0.062220 0.062220
0 0.777318 0.968371 0.104277 0.104277
0 0.458318 0.567398 0.057104 0.057104
0 0.196014 0.703937 0.057104 0.057104
0 0.271040 0.520925 0.104277 0.104277
0 0.064174 0.747601 0.062220 0.062220
0 0.139701 0.214708 0.071945 0.071945
0 0.184993 0.956667 0.057104 0.057104
0 0.939614 0.273482 0.045227 0.045227
0 0.598922 0.873376 0.062220 0.062220
0 0.574002 0.321809 0.052757 0.052757
0 0.283548 0.281347 0.061130 0.061130
0 0.995279 0.177277 0.061130 0.061130
0 0.091621 0.040137 0.057104 0.057104
0 0.553673 0.971947 0.052757 0.052757
0 0.557111 0.528919 0.062220 0.062220
0 0.090562 0.875538 0.061130 0.061130
0 0.501534 0.708678 0.104277 0.104277
0 0.094086 0.470656 0.062220 0.062220
0 0.071431 0.324512 0.071945 0.071945
0 0.228985 0.790690 0.062220 0.062220
0 0.413529 0.936408 0.052757 0.052757
0 0.685516 0.898344 0.052757 0.052757
0 0.100140 0.978888 0.062220 0.062220
0 0.329627 0.672331 0.062220 0.062220
0 0.651628 0.135570 0.052757 0.052757
0 0.203840 0.561678 0.071945 0.071945
0 0.563675 0.187434 0.052757 0.052757
0 0.986868 0.744132 0.061131 0.061131
0 0.505151 0.884238 0.061131 0.061131
0 0.383212 0.253821 0.057104 0.057104
0 0.853685 0.120974 0.061131 0.061131
0 0.480476 0.634400 0.104277 0.104277
0 0.952440 0.620144 0.061131 0.061131
0 0.918694 0.771229 0.062221 0.062221
0 0.754592 0.771511 0.052757 0.052757
0 0.650697 0.413870 0.055027 0.055027
0 0.782889 0.214692 0.061131 0.061131
0 0.441388 0.442783 0.062220 0.062220
0 0.323914 0.967318 0.061130 0.061130
0 0.860726 0.518048 0.104277 0.104277
0 0.469132 0.985453 0.062220 0.062220
0 0.296755 0.208811 0.050559 0.050559
0 0.590977 0.706946 0.052757 0.052757
0 0.425894 0.151590 0.061130 0.061130
0 0.111157 0.683158 0.052757 0.052757
0 0.397378 0.599746 0.071945 0.071945
0 0.265907 0.870803 0.061131 0.061131
0 0.553965 0.066515 0.071945 0.071945
0 0.513427 0.455593 0.104277 0.104277
0 0.677437 0.599850 0.061130 0.061130
0 0.355928 0.799856 0.104277 0.104277
0 0.037932 0.678436 0.052757 0.052757
0 0.940808 0.134468 0.052757 0.052757
0 0.071604 0.543822 0.061130 0.061130
0 0.391317 0.018579 0.104277 0.104277
0 0.155810 0.338493 0.052757 0.052757
0 0.915465 0.466722 0.057104 0.057104
0 0.929415 0.390639 0.088662 0.088662