0 0.058045 0.280101 0.062220 0.062220
0 0.403683 0.619729 0.062220 0.062220
0 0.365457 0.425705 0.062220 0.062220
0 0.854845 0.142532 0.071945 0.071945
0 0.141359 0.733343 0.057103 0.057103
0 0.863529 0.512864 0.061130 0.061130
0 0.391437 0.069071 0.052757 0.052757
0 0.925656 0.620956 0.104277 0.104277
0 0.403129 0.155620 0.104277 0.104277
0 0.749593 0.409245 0.104277 0.104277
0 0.162031 0.479992 0.052757 0.052757
0 0.708454 0.530856 0.104277 0.104277
0 0.594970 0.572830 0.071945 0.071945
0 0.000374 0.334983 0.071945 0.071945
0 0.752994 0.161987 0.062220 0.062220
0 0.121222 0.564662 0.062220 0.062220
0 0.026255 0.757644 0.071945 0.071945
0 0.051174 0.595298 0.104277 0.104277
0 0.778347 0.334245 0.057104 0.057104
0 0.131662 0.286163 0.061130 0.061130
0 0.112078 0.198280 0.052757 0.052757
0 0.788471 0.688855 0.062220 0.062220
0 0.846694 0.316681 0.104277 0.104277
0 0.732047 0.257743 0.061130 0.061130
0 0.611352 0.299617 0.057104 0.057104
0 0.516327 0.059503 0.104277 0.104277
0 0.301103 0.779226 0.062220 0.062220
0 0.272880 0.199107 0.061130 0.061130
0 0.353724 0.324565 0.062220 0.062220
0 0.548868 0.406375 0.057104 0.057104
0 0.664844 0.436466 0.104277 0.104277
0 0.458933 0.762521 0.071945 0.071945
0 0.395613 0.232775 0.057104 0.057104
0 0.160949 0.661906 0.061130 0.061130
0 0.974303 0.405811 0.071945 0.071945
0 0.604281 0.645795 0.071945 0.071945
0 0.213411 0.434218 0.062220 0.062220
0 0.311809 0.020430 0.052757 0.052757
0 0.411530 0.690531 0.057104 0.057104
0 0.432159 0.368218 0.057104 0.057104
0 0.244234 0.280319 0.061130 0.061130
0 0.931154 0.122337 0.061131 0.061131
0 0.375374 0.770184 0.052757 0.052757
0 0.889547 0.050788 0.071945 0.071945
0 0.677748 0.169337 0.062220 0.062220
0 0.892693 0.373648 0.057104 0.057104
0 0.209464 0.541350 0.062220 0.062220
0 0.630389 0.510187 0.057104 0.057104
0 0.705415 0.327175 0.104277 0.104277
0 0.334679 0.661545 0.050891 0.050891
0 0.060505 0.676980 0.104277 0.104277
0 0.205121 0.156564 0.057104 0.057104
0 0.498549 0.553851 0.062220 0.062220
0 0.574076 0.020958 0.071945 0.071945
0 0.619368 0.762917 0.057104 0.057104
0 0.219699 0.740567 0.052757 0.052757
0 0.267330 0.586691 0.062220 0.062220
0 0.363089 0.552610 0.104277 0.104277
0 0.717923 0.087597 0.061130 0.061130
0 0.988048 0.778197 0.052757 0.052757
0 0.161539 0.024033 0.057104 0.057104
0 0.991486 0.335169 0.062220 0.062220
0 0.524937 0.681788 0.061130 0.061130
0 0.935909 0.514928 0.104277 0.104277
0 0.528461 0.276906 0.062220 0.062220
0 0.505806 0.130762 0.071945 0.071945
0 0.663360 0.596940 0.062220 0.062220
0 0.027399 0.069979 0.052757 0.052757
0 0.219695 0.065871 0.071945 0.071945
0 0.847904 0.742658 0.052757 0.052757
0 0.236277 0.659500 0.062220 0.062220
0 0.534515 0.785138 0.062220 0.062220
0 0.764002 0.478581 0.062220 0.062220
0 0.638215 0.367928 0.071945 0.071945
0 0.939526 0.690488 0.061131 0.061131
0 0.817587 0.060071 0.057104 0.057104
0 0.314257 0.484630 0.104277 0.104277
0 0.914851 0.440650 0.104277 0.104277
0 0.099224 0.100764 0.052757 0.052757
0 0.875763 0.249033 0.062220 0.062220
0 0.758289 0.773568 0.061130 0.061130
0 0.903507 0.791703 0.062220 0.062220
0 0.731130 0.015061 0.050559 0.050559
0 0.545532 0.489408 0.052757 0.052757
0 0.831753 0.405996 0.071945 0.071945
0 0.700282 0.677053 0.061131 0.061131
0 0.947802 0.261843 0.104277 0.104277
0 0.081499 0.393332 0.057104 0.057104
0 0.790303 0.606106 0.104277 0.104277
0 0.472307 0.484686 0.052757 0.052757
0 0.505979 0.350072 0.061130 0.061130
0 0.177460 0.369416 0.104277 0.104277
0 0.590185 0.144743 0.052757 0.052757
0 0.325576 0.089408 0.104277 0.104277