0 0.993967 0.249477 0.104277 0.104277
0 0.950419 0.037486 0.061130 0.061130
0 0.666427 0.457005 0.104278 0.104278
0 0.722083 0.894127 0.104277 0.104277
0 0.784571 0.618353 0.052757 0.052757
0 0.964868 0.805099 0.061130 0.061130
0 0.457062 0.975321 0.052757 0.052757
0 0.309104 0.609328 0.061130 0.061130
0 0.683865 0.567810 0.052757 0.052757
0 0.704936 0.739037 0.052757 0.052757
0 0.448487 0.887900 0.104277 0.104277
0 0.988091 0.164292 0.057104 0.057104
0 0.781243 0.814172 0.071945 0.071945
0 0.530844 0.819698 0.104277 0.104277
0 0.455011 0.788758 0.061130 0.061130
0 0.319072 0.373662 0.057104 0.057104
0 0.670119 0.027483 0.104277 0.104277
0 0.362082 0.686715 0.104277 0.104277
0 0.394931 0.160311 0.057104 0.057104
0 0.916659 0.639729 0.104277 0.104277
0 0.581952 0.965753 0.104277 0.104277
0 0.034539 0.816049 0.061130 0.061130
0 0.616273 0.368443 0.052757 0.052757
0 0.021963 0.354515 0.071945 0.071945
0 0.160568 0.459037 0.104277 0.104277
0 0.080999 0.527961 0.052757 0.052757
0 0.303954 0.528198 0.104277 0.104277
0 0.377434 0.926680 0.052757 0.052757
0 0.859116 0.890461 0.052757 0.052757
0 0.801402 0.360688 0.052757 0.052757
0 0.239909 0.610255 0.052757 0.052757
0 0.669140 0.813216 0.104277 0.104277
0 0.616437 0.674862 0.057104 0.057104
0 0.821774 0.756466 0.052757 0.052757
0 0.519605 0.898848 0.061130 0.061130
0 0.955172 0.957038 0.071945 0.071945
0 0.984351 0.620067 0.071945 0.071945
0 0.194436 0.829399 0.104278 0.104278
0 0.984611 0.690891 0.061130 0.061130
0 0.767475 0.281319 0.071945 0.071945
0 0.261285 0.807790 0.052757 0.052757
0 0.541152 0.486916 0.061130 0.061130
0 0.432505 0.385758 0.071945 0.071945
0 0.599154 0.601454 0.052757 0.052757
0 0.864631 0.516569 0.057104 0.057104
0 0.142338 0.267262 0.061130 0.061130
0 0.639701 0.927208 0.071945 0.071945
0 0.441253 0.108944 0.071945 0.071945
0 0.421409 0.554051 0.061130 0.061130
0 0.392078 0.470386 0.062220 0.062220
0 0.535848 0.321572 0.062220 0.062220
0 0.651509 0.150572 0.061130 0.061130
0 0.783548 0.993847 0.061130 0.061130
0 0.878826 0.394695 0.052757 0.052757
0 0.441447 0.716352 0.052757 0.052757
0 0.591621 0.752637 0.057104 0.057104
0 0.227164 0.930283 0.057104 0.057104
0 0.095206 0.417040 0.104277 0.104277
0 0.586821 0.052833 0.061130 0.061130
0 0.154439 0.896663 0.071945 0.071945
0 0.736575 0.107368 0.104277 0.104277
0 0.899980 0.205241 0.071945 0.071945
0 0.093024 0.976229 0.052757 0.052757
0 0.285320 0.972121 0.071945 0.071945
0 0.590275 0.258959 0.061130 0.061130
0 0.690368 0.351495 0.057104 0.057104
0 0.582517 0.175277 0.104277 0.104277
0 0.789969 0.429111 0.062220 0.062220
0 0.021281 0.884633 0.057104 0.057104
0 0.787136 0.155905 0.104277 0.104277
0 0.766041 0.043215 0.052757 0.052757
0 0.103789 0.075110 0.052757 0.052757
0 0.796441 0.687776 0.104277 0.104277
0 0.532728 0.563551 0.104277 0.104277
0 0.493374 0.417572 0.071945 0.071945
0 0.035516 0.268698 0.104277 0.104277
0 0.883212 0.966321 0.057104 0.057104
0 0.736272 0.485200 0.104277 0.104277
0 0.891105 0.289157 0.057104 0.057104
0 0.234440 0.481639 0.071945 0.071945
0 0.374312 0.325736 0.050932 0.050932
0 0.511048 0.146850 0.052757 0.052757
0 0.277185 0.093741 0.071945 0.071945
0 0.487945 0.053910 0.061130 0.061130
0 0.063547 0.018369 0.062220 0.062220
0 0.846974 0.111965 0.052757 0.052757
0 0.701280 0.263412 0.057104 0.057104
0 0.234769 0.380372 0.071945 0.071945
0 0.142406 0.143543 0.104277 0.104277
0 0.484849 0.213876 0.061130 0.061130
0 0.347214 0.057035 0.071945 0.071945
0 0.796755 0.921311 0.050559 0.050559
0 0.107737 0.744654 0.104277 0.104277
0 0.925894 0.864090 0.061130 0.061130
0 0.157880 0.588889 0.104277 0.104277
0 0.698397 0.656867 0.061131 0.061131
0 0.545504 0.698192 0.104277 0.104277
0 0.148386 0.365191 0.052757 0.052757
0 0.930127 0.474174 0.104277 0.104277
0 0.445641 0.310561 0.062220 0.062220
0 0.241396 0.288465 0.062220 0.062220
0 0.063553 0.663666 0.052757 0.052757
0 0.032442 0.736302 0.061130 0.061130
0 0.155785 0.679252 0.062220 0.062220
0 0.222295 0.714294 0.071945 0.071945
0 0.620409 0.526919 0.071945 0.071945
0 0.451402 0.637948 0.061130 0.061130
0 0.091164 0.198470 0.071945 0.071945
0 0.860610 0.593139 0.071945 0.071945
0 0.186249 0.203439 0.047555 0.047555
0 0.320349 0.228235 0.052757 0.052757
0 0.351917 0.825398 0.104277 0.104277
0 0.891317 0.731079 0.104277 0.104277
0 0.125468 0.820670 0.052757 0.052757
0 0.316069 0.446340 0.071945 0.071945
0 0.400299 0.236116 0.071945 0.071945
0 0.391201 0.995658 0.104277 0.104277