0 0.318967 0.293227 0.104277 0.104277
0 0.275419 0.081236 0.061130 0.061130
0 0.678364 0.042945 0.052757 0.052757
0 0.469257 0.290903 0.062220 0.062220
0 0.500904 0.042985 0.104277 0.104277
0 0.176190 0.043134 0.052757 0.052757
0 0.800969 0.800832 0.071945 0.071945
0 0.047083 0.937877 0.104277 0.104277
0 0.109571 0.662103 0.052757 0.052757
0 0.578768 0.089510 0.071945 0.071945
0 0.289868 0.848849 0.061130 0.061130
0 0.696146 0.973826 0.104277 0.104277
0 0.832515 0.281378 0.047276 0.047276
0 0.722869 0.587979 0.062220 0.062220
0 0.008865 0.611560 0.052757 0.052757
0 0.462812 0.810725 0.071945 0.071945
0 0.029936 0.782787 0.052757 0.052757
0 0.313091 0.208042 0.057104 0.057104
0 0.106243 0.857922 0.071945 0.071945
0 0.348953 0.394678 0.051819 0.051819
0 0.823754 0.023011 0.071945 0.071945
0 0.253097 0.007773 0.061131 0.061131
0 0.529101 0.338391 0.052757 0.052757
0 0.241659 0.683479 0.104277 0.104277
0 0.541520 0.929583 0.104277 0.104277
0 0.659299 0.740776 0.071945 0.071945
0 0.590377 0.286906 0.057103 0.057103
0 0.664046 0.672330 0.062220 0.062220
0 0.602002 0.868081 0.057104 0.057104
0 0.544719 0.799865 0.062220 0.062220
0 0.505993 0.126239 0.036679 0.036679
0 0.625031 0.404246 0.104277 0.104277
0 0.339755 0.056850 0.057104 0.057104
0 0.424794 0.465022 0.104277 0.104277
0 0.730368 0.772558 0.061130 0.061130
0 0.419931 0.391729 0.071945 0.071945
0 0.816523 0.387303 0.071945 0.071945
0 0.074523 0.009483 0.071945 0.071945
0 0.184116 0.934211 0.052757 0.052757
0 0.126402 0.404438 0.052757 0.052757
0 0.722362 0.419114 0.061131 0.061131
0 0.146774 0.800216 0.052757 0.052757
0 0.838401 0.170376 0.057104 0.057104
0 0.341249 0.551651 0.054783 0.054783
0 0.646176 0.112394 0.062220 0.062220
0 0.478092 0.996787 0.062220 0.062220
0 0.508801 0.485563 0.057103 0.057103
0 0.309351 0.663817 0.071945 0.071945
0 0.309611 0.734641 0.061130 0.061130
0 0.092475 0.325069 0.071945 0.071945
0 0.603107 0.552384 0.061131 0.061131
0 0.189631 0.560319 0.057104 0.057104
0 0.554285 0.420265 0.061131 0.061131
0 0.819856 0.512807 0.071945 0.071945
0 0.825238 0.651332 0.104278 0.104278
0 0.754839 0.273245 0.062220 0.062220
0 0.580958 0.017242 0.061130 0.061130
0 0.203826 0.438445 0.052757 0.052757
0 0.820279 0.933527 0.061130 0.061130
0 0.061575 0.151118 0.104277 0.104277
0 0.224980 0.248991 0.071945 0.071945
0 0.756443 0.485910 0.104278 0.104278
0 0.433764 0.652309 0.052757 0.052757
0 0.729423 0.128318 0.104277 0.104277
0 0.015368 0.395245 0.057104 0.057104
0 0.114969 0.472861 0.062220 0.062220
0 0.679796 0.525489 0.062220 0.062220
0 0.112136 0.199655 0.104277 0.104277
0 0.091041 0.086965 0.052757 0.052757
0 0.121441 0.731526 0.104277 0.104277
0 0.476628 0.891820 0.052757 0.052757
0 0.397957 0.126653 0.062220 0.062220
0 0.388675 0.943684 0.052757 0.052757
0 0.061272 0.528950 0.104277 0.104277
0 0.540168 0.209349 0.104277 0.104277
0 0.216105 0.332907 0.057104 0.057104
0 0.678685 0.877224 0.061131 0.061131
0 0.584322 0.741487 0.057104 0.057104
0 0.603357 0.475988 0.071945 0.071945
0 0.453620 0.174571 0.071945 0.071945
0 0.171974 0.155715 0.052757 0.052757
0 0.026280 0.307162 0.057104 0.057104
0 0.417609 0.538400 0.104277 0.104277
0 0.607889 0.970942 0.061131 0.061131
0 0.121755 0.965061 0.050559 0.050559
0 0.594515 0.164718 0.061131 0.061131
0 0.250894 0.907840 0.061130 0.061130
0 0.380165 0.728212 0.071945 0.071945
0 0.482152 0.582598 0.057104 0.057104
0 0.522198 0.639736 0.104277 0.104277
0 0.023397 0.700617 0.061131 0.061131
0 0.378965 0.822765 0.071945 0.071945
0 0.327690 0.483697 0.052757 0.052757
0 0.255127 0.517924 0.104277 0.104277
0 0.765808 0.890718 0.052757 0.052757
0 0.687183 0.201715 0.071945 0.071945
0 0.185610 0.636889 0.071945 0.071945
0 0.491874 0.731340 0.104277 0.104277
0 0.216317 0.774829 0.104277 0.104277
0 0.768083 0.696885 0.061131 0.061131
0 0.390576 0.254470 0.057104 0.057104
0 0.660327 0.337201 0.061131 0.061131