0 0.624755 0.628617 0.071945 0.071945
0 0.523489 0.742894 0.062220 0.062220
0 0.656467 0.740841 0.057104 0.057104
0 0.689278 0.666149 0.052757 0.052757
0 0.501224 0.857804 0.104277 0.104277
0 0.755527 0.162293 0.061130 0.061130
0 0.725956 0.299506 0.061130 0.061130
0 0.335743 0.175962 0.052757 0.052757
0 0.428956 0.123036 0.052757 0.052757
0 0.496226 0.672187 0.052757 0.052757
0 0.369634 0.971813 0.071945 0.071945
0 0.586643 0.872092 0.062220 0.062220
0 0.644800 0.993343 0.071945 0.071945
0 0.726597 0.763884 0.071945 0.071945
0 0.649755 0.087530 0.104277 0.104277
0 0.588385 0.692497 0.071945 0.071945
0 0.240767 0.092270 0.062220 0.062220
0 0.756898 0.527233 0.061131 0.061131
0 0.775532 0.702097 0.071945 0.071945
0 0.157307 0.524874 0.071945 0.071945
0 0.438706 0.432250 0.061130 0.061130
0 0.254966 0.212252 0.062220 0.062220
0 0.427419 0.795622 0.071945 0.071945
0 0.277868 0.676773 0.061130 0.061130
0 0.788098 0.625460 0.071945 0.071945
0 0.302881 0.795648 0.104277 0.104277
0 0.009671 0.527266 0.104277 0.104277
0 0.184866 0.179657 0.052757 0.052757
0 0.053640 0.662192 0.071945 0.071945
0 0.426797 0.927325 0.104277 0.104277
0 0.718885 0.871025 0.104278 0.104278
0 0.311251 0.349094 0.061130 0.061130
0 0.407805 0.328195 0.057104 0.057104
0 0.117856 0.258706 0.071945 0.071945
0 0.668236 0.440529 0.057104 0.057104
0 0.005555 0.341090 0.057104 0.057104
0 0.006311 0.143946 0.061131 0.061131
0 0.115723 0.911106 0.071945 0.071945
0 0.315750 0.099574 0.057104 0.057104
0 0.470917 0.276147 0.062220 0.062220
0 0.523390 0.533467 0.062220 0.062220
0 0.103146 0.161235 0.052757 0.052757
0 0.486965 0.595034 0.062220 0.062220
0 0.038975 0.406729 0.062220 0.062220
0 0.200508 0.876465 0.062220 0.062220
0 0.584161 0.126250 0.071945 0.071945
0 0.308660 0.266382 0.061131 0.061131
0 0.083539 0.590667 0.061131 0.061131
0 0.699440 0.217782 0.104278 0.104278
0 0.255924 0.402189 0.071945 0.071945
0 0.167389 0.099450 0.062220 0.062220
0 0.770604 0.402527 0.061131 0.061131
0 0.030001 0.900969 0.061131 0.061131
0 0.449117 0.522181 0.052757 0.052757
0 0.247555 0.598511 0.057104 0.057104
0 0.548658 0.265574 0.052757 0.052757
0 0.102480 0.439844 0.071945 0.071945
0 0.760328 0.953067 0.057104 0.057104
0 0.641268 0.923187 0.057104 0.057104
0 0.365466 0.415719 0.052757 0.052757
0 0.498638 0.947073 0.052757 0.052757
0 0.183654 0.301847 0.071945 0.071945
0 0.616511 0.207052 0.062220 0.062220
0 0.385399 0.613087 0.071945 0.071945
0 0.287361 0.527658 0.062220 0.062220
0 0.486077 0.167833 0.071945 0.071945
0 0.618816 0.323089 0.052559 0.052559
0 0.279653 0.892104 0.057104 0.057104
0 0.114060 0.362894 0.071945 0.071945
0 0.661490 0.559446 0.062220 0.062220
0 0.213456 0.965790 0.057104 0.057104
0 0.119305 0.713811 0.104277 0.104277
0 0.185647 0.783248 0.052757 0.052757
0 0.354317 0.551250 0.104277 0.104277
0 0.192802 0.648792 0.071945 0.071945
0 0.206775 0.458806 0.104277 0.104277
0 0.565742 0.402895 0.071945 0.071945
0 0.721619 0.593674 0.104278 0.104278
0 0.409558 0.711992 0.104277 0.104277
0 0.090424 0.090799 0.057104 0.057104
0 0.466335 0.366685 0.052757 0.052757
0 0.073204 0.772948 0.052757 0.052757
0 0.367639 0.890102 0.062220 0.062220
0 0.419031 0.216027 0.061131 0.061131
0 0.488748 0.089442 0.062220 0.062220