0 0.672092 0.574477 0.104277 0.104277
0 0.628544 0.362486 0.061130 0.061130
0 0.344552 0.782005 0.104278 0.104278
0 0.561637 0.222815 0.104277 0.104277
0 0.623463 0.131767 0.071945 0.071945
0 0.822382 0.572153 0.062220 0.062220
0 0.775276 0.117377 0.071945 0.071945
0 0.854029 0.324235 0.104277 0.104277
0 0.529315 0.324384 0.052757 0.052757
0 0.462696 0.943353 0.052757 0.052757
0 0.931893 0.370760 0.071945 0.071945
0 0.858662 0.007680 0.061131 0.061131
0 0.073511 0.277481 0.052757 0.052757
0 0.361990 0.892810 0.052757 0.052757
0 0.666216 0.489292 0.057104 0.057104
0 0.437409 0.167324 0.062220 0.062220
0 0.702078 0.675928 0.051819 0.051819
0 0.348244 0.352483 0.104277 0.104277
0 0.606222 0.289023 0.061131 0.061131
0 0.882226 0.619641 0.052757 0.052757
0 0.073056 0.485311 0.057104 0.057104
0 0.639356 0.041364 0.057104 0.057104
0 0.594784 0.964729 0.104277 0.104277
0 0.943502 0.568156 0.057103 0.057103
0 0.690438 0.249518 0.052757 0.052757
0 0.364480 0.078872 0.052757 0.052757
0 0.746645 0.185478 0.057104 0.057104
0 0.859118 0.407489 0.036679 0.036679
0 0.294398 0.693443 0.052757 0.052757
0 0.978156 0.685496 0.104277 0.104277
0 0.117865 0.167957 0.057104 0.057104
0 0.692880 0.338100 0.057104 0.057104
0 0.777919 0.746272 0.104277 0.104277
0 0.431680 0.014781 0.052757 0.052757
0 0.773056 0.672979 0.071945 0.071945
0 0.204796 0.164214 0.057104 0.057104
0 0.427648 0.290733 0.071945 0.071945
0 0.479527 0.685688 0.052757 0.052757
0 0.908396 0.226169 0.104277 0.104277
0 0.536743 0.097064 0.071945 0.071945
0 0.294562 0.999862 0.057104 0.057104
0 0.694374 0.832901 0.054783 0.054783
0 0.999301 0.393644 0.062220 0.062220
0 0.084015 0.068419 0.057104 0.057104
0 0.861926 0.766813 0.057103 0.057103
0 0.662476 0.945067 0.071945 0.071945
0 0.445600 0.606319 0.071945 0.071945
0 0.219277 0.811916 0.061130 0.061130
0 0.110630 0.710758 0.071945 0.071945
0 0.277279 0.926454 0.052757 0.052757
0 0.956232 0.833634 0.061131 0.061131
0 0.542756 0.841569 0.057104 0.057104
0 0.907410 0.701515 0.061131 0.061131
0 0.498867 0.257182 0.057104 0.057104
0 0.119378 0.433944 0.071945 0.071945
0 0.099534 0.879051 0.061130 0.061130
0 0.070203 0.795386 0.062220 0.062220
0 0.855323 0.167877 0.061130 0.061130
0 0.213973 0.646572 0.062220 0.062220
0 0.329634 0.475572 0.061130 0.061130
0 0.934083 0.298492 0.061130 0.061130
0 0.556951 0.719695 0.052757 0.052757
0 0.264946 0.377833 0.061130 0.061130
0 0.236020 0.306098 0.061130 0.061130
0 0.805419 0.262360 0.062220 0.062220
0 0.017138 0.032371 0.104277 0.104277
0 0.414700 0.432368 0.104277 0.104277
0 0.578105 0.530241 0.071945 0.071945
0 0.275503 0.044036 0.052757 0.052757
0 0.718851 0.033390 0.062220 0.062220
0 0.786889 0.933559 0.052757 0.052757
0 0.268400 0.583959 0.061130 0.061130
0 0.006553 0.118933 0.104277 0.104277
0 0.368493 0.676495 0.057104 0.057104
0 0.260642 0.500277 0.104277 0.104277
0 0.468094 0.754111 0.062220 0.062220
0 0.465261 0.480905 0.104277 0.104277
0 0.444166 0.368215 0.052757 0.052757
0 0.751082 0.407903 0.062220 0.062220
0 0.156525 0.241702 0.071945 0.071945
0 0.210853 0.888551 0.104277 0.104277
0 0.171499 0.742572 0.071945 0.071945
0 0.414397 0.810200 0.104277 0.104277
0 0.893293 0.490599 0.104277 0.104277
0 0.042402 0.200369 0.104277 0.104277
0 0.569230 0.614157 0.057104 0.057104
0 0.052437 0.650736 0.050932 0.050932
0 0.189173 0.471850 0.052757 0.052757
0 0.956482 0.757238 0.071945 0.071945
0 0.806745 0.455821 0.071945 0.071945
0 0.166070 0.378910 0.061130 0.061130
0 0.525099 0.436965 0.052757 0.052757
0 0.379405 0.588412 0.057104 0.057104
0 0.770734 0.819650 0.104277 0.104277
0 0.188718 0.024071 0.057104 0.057104
0 0.162974 0.538876 0.061130 0.061130
0 0.025339 0.382035 0.071945 0.071945
0 0.947640 0.445968 0.061131 0.061131
0 0.835277 0.863848 0.057104 0.057104
0 0.152826 0.098536 0.048997 0.048997
0 0.875323 0.920986 0.104277 0.104277
0 0.376522 0.981867 0.061131 0.061131
0 0.355852 0.003167 0.062220 0.062220
0 0.351834 0.244528 0.062220 0.062220
0 0.680815 0.764947 0.052757 0.052757
0 0.608252 0.799174 0.104277 0.104277
0 0.123766 0.635561 0.062220 0.062220
0 0.911626 0.054840 0.057104 0.057104
0 0.355411 0.154717 0.061131 0.061131
0 0.298534 0.851919 0.071945 0.071945
0 0.129527 0.962948 0.061130 0.061130
0 0.538735 0.918139 0.071945 0.071945
0 0.282919 0.251522 0.071945 0.071945
0 0.743701 0.535720 0.057104 0.057104
0 0.078424 0.561116 0.071945 0.071945