0 0.681467 0.168227 0.104277 0.104277
0 0.353927 0.375755 0.104278 0.104278
0 0.607970 0.967532 0.071945 0.071945
0 0.831757 0.165903 0.062220 0.062220
0 0.883091 0.935511 0.071945 0.071945
0 0.409583 0.812877 0.104277 0.104277
0 0.472071 0.537103 0.052757 0.052757
0 0.652368 0.723849 0.061130 0.061130
0 0.144562 0.894071 0.052757 0.052757
0 0.156254 0.980620 0.104277 0.104277
0 0.371365 0.486560 0.052757 0.052757
0 0.825312 0.685725 0.071945 0.071945
0 0.392436 0.657787 0.052757 0.052757
0 0.506119 0.986987 0.062220 0.062220
0 0.135987 0.806650 0.104277 0.104277
0 0.675591 0.083042 0.057104 0.057104
0 0.468743 0.732922 0.071945 0.071945
0 0.218344 0.738448 0.104277 0.104277
0 0.711453 0.269678 0.051819 0.051819
0 0.142511 0.707508 0.061130 0.061130
0 0.006572 0.292412 0.057104 0.057104
0 0.891601 0.213391 0.052757 0.052757
0 0.049582 0.605465 0.104277 0.104277
0 0.082431 0.079061 0.057104 0.057104
0 0.604159 0.558479 0.104277 0.104277
0 0.904020 0.804583 0.104277 0.104277
0 0.952877 0.161906 0.057103 0.057103
0 0.269452 0.884503 0.104277 0.104277
0 0.964502 0.743081 0.057104 0.057104
0 0.907219 0.674865 0.062220 0.062220
0 0.868493 0.001239 0.036679 0.036679
0 0.303773 0.287193 0.052757 0.052757
0 0.987531 0.279246 0.104277 0.104277
0 0.787294 0.340022 0.104277 0.104277
0 0.782431 0.266729 0.071945 0.071945
0 0.064934 0.845430 0.052757 0.052757
0 0.546616 0.809211 0.052757 0.052757
0 0.488902 0.279438 0.052757 0.052757
0 0.356640 0.731966 0.104277 0.104277
0 0.303937 0.593612 0.057104 0.057104
0 0.509274 0.675216 0.052757 0.052757
0 0.703749 0.426651 0.054783 0.054783
0 0.840592 0.871787 0.062220 0.062220
0 0.684279 0.947337 0.061131 0.061131
0 0.871301 0.360563 0.057103 0.057103
0 0.207105 0.817598 0.061130 0.061130
0 0.642672 0.875788 0.071945 0.071945
0 0.671851 0.538817 0.071945 0.071945
0 0.430873 0.994337 0.062220 0.062220
0 0.672111 0.609641 0.061130 0.061130
0 0.454975 0.200069 0.071945 0.071945
0 0.228652 0.405666 0.061130 0.061130
0 0.120005 0.304508 0.071945 0.071945
0 0.286654 0.520204 0.052757 0.052757
0 0.965607 0.427384 0.061131 0.061131
0 0.552131 0.435319 0.057104 0.057104
0 0.916785 0.295265 0.061131 0.061131
0 0.327201 0.845958 0.071945 0.071945
0 0.128753 0.027694 0.071945 0.071945
0 0.108909 0.472801 0.061130 0.061130
0 0.079578 0.389136 0.062220 0.062220
0 0.761502 0.953059 0.052757 0.052757
0 0.223348 0.240322 0.062220 0.062220
0 0.339009 0.069322 0.061130 0.061130
0 0.471048 0.912597 0.061130 0.061130
0 0.566326 0.313445 0.052757 0.052757
0 0.128947 0.635102 0.052757 0.052757
0 0.279121 0.671387 0.057104 0.057104
0 0.258931 0.955762 0.071945 0.071945
0 0.424075 0.026118 0.104277 0.104277
0 0.587480 0.123991 0.071945 0.071945
0 0.796264 0.527309 0.052757 0.052757
0 0.277775 0.177709 0.061130 0.061130
0 0.377868 0.270245 0.057104 0.057104
0 0.270017 0.094027 0.104277 0.104277
0 0.477469 0.347861 0.062220 0.062220
0 0.474636 0.074655 0.104277 0.104277
0 0.483941 0.606526 0.104277 0.104277
0 0.839128 0.766820 0.052757 0.052757
0 0.760457 0.001653 0.062220 0.062220
0 0.220228 0.482301 0.104277 0.104277
0 0.751175 0.818684 0.052757 0.052757
0 0.180874 0.336322 0.071945 0.071945
0 0.570712 0.885071 0.057104 0.057104
0 0.423772 0.403950 0.104277 0.104277
0 0.902668 0.084349 0.104277 0.104277
0 0.578605 0.207907 0.057104 0.057104
0 0.061812 0.244486 0.050932 0.050932
0 0.946822 0.616487 0.057104 0.057104
0 0.198548 0.065600 0.052757 0.052757
0 0.965857 0.350988 0.071945 0.071945
0 0.816120 0.049571 0.071945 0.071945
0 0.534474 0.030715 0.052757 0.052757
0 0.388780 0.182162 0.057104 0.057104
0 0.780109 0.413400 0.104277 0.104277
0 0.970389 0.845942 0.061131 0.061131
0 0.172349 0.132626 0.061130 0.061130
0 0.484255 0.840061 0.050559 0.050559
0 0.957015 0.039718 0.061131 0.061131
0 0.613394 0.782840 0.061130 0.061130
0 0.742665 0.603212 0.071945 0.071945
0 0.844652 0.457598 0.057104 0.057104
0 0.884698 0.514736 0.104277 0.104277
0 0.385897 0.575617 0.061131 0.061131
0 0.233004 0.616942 0.104277 0.104277
0 0.741465 0.697765 0.071945 0.071945
0 0.690190 0.358697 0.052757 0.052757
0 0.617627 0.392924 0.104277 0.104277
0 0.133141 0.229311 0.062220 0.062220
0 0.307909 0.445669 0.071945 0.071945
0 0.138902 0.556698 0.061130 0.061130
0 0.548110 0.511889 0.071945 0.071945
0 0.007849 0.146985 0.052757 0.052757
0 0.039417 0.744148 0.104277 0.104277
0 0.854374 0.606340 0.104277 0.104277
0 0.578817 0.649829 0.104277 0.104277
0 0.343310 0.969743 0.052757 0.052757
0 0.003569 0.365090 0.071945 0.071945
0 0.753076 0.129470 0.057104 0.057104
0 0.087799 0.154866 0.071945 0.071945
0 0.078701 0.914408 0.104277 0.104277