0 0.066427 0.044505 0.104278 0.104278
0 0.320470 0.636282 0.071945 0.071945
0 0.595591 0.604261 0.071945 0.071945
0 0.875969 0.344582 0.071945 0.071945
0 0.122083 0.481627 0.104277 0.104277
0 0.627719 0.719631 0.052757 0.052757
0 0.184571 0.205853 0.052757 0.052757
0 0.866002 0.826785 0.061131 0.061131
0 0.771879 0.943119 0.062220 0.062220
0 0.364868 0.392599 0.061130 0.061130
0 0.771146 0.517576 0.104277 0.104277
0 0.215218 0.902995 0.104277 0.104277
0 0.797869 0.131729 0.062220 0.062220
0 0.083865 0.155310 0.052757 0.052757
0 0.537812 0.354475 0.071945 0.071945
0 0.104936 0.326537 0.052757 0.052757
0 0.218619 0.655737 0.062220 0.062220
0 0.181243 0.401672 0.071945 0.071945
0 0.648034 0.965915 0.104277 0.104277
0 0.243972 0.827995 0.057104 0.057104
0 0.738142 0.680695 0.104277 0.104277
0 0.693281 0.871814 0.071945 0.071945
0 0.903339 0.764438 0.052757 0.052757
0 0.316659 0.227229 0.104277 0.104277
0 0.616520 0.473333 0.104277 0.104277
0 0.734299 0.284526 0.071945 0.071945
0 0.312319 0.810431 0.104277 0.104277
0 0.739046 0.216080 0.062220 0.062220
0 0.197672 0.751493 0.061130 0.061130
0 0.076977 0.793367 0.057104 0.057104
0 0.677002 0.411831 0.057104 0.057104
0 0.719969 0.585506 0.062220 0.062220
0 0.472711 0.712693 0.052757 0.052757
0 0.619719 0.343615 0.062220 0.062220
0 0.014493 0.900125 0.057104 0.057104
0 0.130469 0.930216 0.104277 0.104277
0 0.499794 0.008772 0.104277 0.104277
0 0.439928 0.899561 0.071945 0.071945
0 0.805368 0.316308 0.061130 0.061130
0 0.649932 0.814570 0.102474 0.102474
0 0.259116 0.477961 0.052757 0.052757
0 0.544268 0.806745 0.104277 0.104277
0 0.069140 0.400716 0.104277 0.104277
0 0.016437 0.262362 0.057104 0.057104
0 0.221774 0.343966 0.052757 0.052757
0 0.416249 0.095401 0.054783 0.054783
0 0.553092 0.540537 0.062220 0.062220
0 0.396779 0.616087 0.061131 0.061131
0 0.583801 0.029313 0.057103 0.057103
0 0.355172 0.544538 0.071945 0.071945
0 0.384351 0.207567 0.071945 0.071945
0 0.143373 0.663087 0.062220 0.062220
0 0.384611 0.278391 0.061130 0.061130
0 0.358318 0.867398 0.057104 0.057104
0 0.678107 0.096134 0.061131 0.061131
0 0.264631 0.104069 0.057104 0.057104
0 0.171040 0.820925 0.104277 0.104277
0 0.039701 0.514708 0.071945 0.071945
0 0.839614 0.573482 0.045227 0.045227
0 0.474002 0.621809 0.052757 0.052757
0 0.894856 0.056557 0.071945 0.071945
0 0.900238 0.195082 0.104278 0.104278
0 0.183548 0.581347 0.061130 0.061130
0 0.895279 0.477277 0.061130 0.061130
0 0.457111 0.828919 0.062220 0.062220
0 0.831443 0.029660 0.104278 0.104278
0 0.508764 0.196059 0.052757 0.052757
0 0.189969 0.016611 0.062220 0.062220
0 0.754796 0.069239 0.062220 0.062220
0 0.196441 0.275276 0.104277 0.104277
0 0.229627 0.972331 0.062220 0.062220
0 0.551628 0.435570 0.052757 0.052757
0 0.103840 0.861678 0.071945 0.071945
0 0.463675 0.487434 0.052757 0.052757
0 0.283212 0.553821 0.057104 0.057104
0 0.136272 0.072700 0.104277 0.104277
0 0.753685 0.420974 0.061131 0.061131
0 0.659322 0.285237 0.057104 0.057104
0 0.380476 0.934400 0.104277 0.104277
0 0.852440 0.920144 0.061131 0.061131
0 0.678357 0.019738 0.071945 0.071945
0 0.492609 0.082150 0.104277 0.104277
0 0.550697 0.713870 0.055027 0.055027
0 0.682889 0.514692 0.061131 0.061131
0 0.341388 0.742783 0.062220 0.062220
0 0.760726 0.818048 0.104277 0.104277
0 0.196755 0.508811 0.050559 0.050559
0 0.325894 0.451590 0.061130 0.061130
0 0.455165 0.271962 0.071945 0.071945
0 0.557152 0.126348 0.057104 0.057104
0 0.011157 0.983158 0.052757 0.052757
0 0.597198 0.183486 0.104277 0.104277
0 0.297378 0.899746 0.071945 0.071945
0 0.098397 0.244367 0.061131 0.061131
0 0.453965 0.366515 0.071945 0.071945
0 0.413427 0.755593 0.104277 0.104277
0 0.402690 0.027447 0.052757 0.052757
0 0.330127 0.061674 0.104277 0.104277
0 0.577437 0.899850 0.061130 0.061130
0 0.840808 0.434468 0.052757 0.052757
0 0.020409 0.114419 0.071945 0.071945
0 0.260610 0.180639 0.071945 0.071945
0 0.566874 0.275090 0.104277 0.104277
0 0.291317 0.318579 0.104277 0.104277
0 0.055810 0.638493 0.052757 0.052757
0 0.843083 0.240635 0.061131 0.061131
0 0.815465 0.766722 0.057104 0.057104
0 0.829415 0.690639 0.088662 0.088662