0 0.765380 0.491117 0.071945 0.071945
0 0.560557 0.994536 0.104277 0.104277
0 0.750659 0.959064 0.104277 0.104277
0 0.664114 0.605394 0.062220 0.062220
0 0.797092 0.603341 0.057104 0.057104
0 0.829903 0.528649 0.052757 0.052757
0 0.713689 0.868821 0.057104 0.057104
0 0.641849 0.720304 0.104277 0.104277
0 0.627043 0.910780 0.061131 0.061131
0 0.896152 0.024793 0.061130 0.061130
0 0.866581 0.162006 0.061130 0.061130
0 0.476368 0.038462 0.052757 0.052757
0 0.636851 0.534687 0.052757 0.052757
0 0.510259 0.834313 0.071945 0.071945
0 0.727268 0.734592 0.062220 0.062220
0 0.785425 0.855843 0.071945 0.071945
0 0.867222 0.626384 0.071945 0.071945
0 0.028018 0.296177 0.070161 0.070161
0 0.729010 0.554997 0.071945 0.071945
0 0.158969 0.944188 0.062220 0.062220
0 0.897523 0.389733 0.061131 0.061131
0 0.916157 0.564597 0.071945 0.071945
0 0.297932 0.387374 0.071945 0.071945
0 0.579331 0.294750 0.061130 0.061130
0 0.395591 0.074752 0.062220 0.062220
0 0.113725 0.325930 0.062220 0.062220
0 0.568044 0.658122 0.071945 0.071945
0 0.130853 0.628222 0.061131 0.061131
0 0.418493 0.539273 0.061130 0.061130
0 0.928723 0.487960 0.071945 0.071945
0 0.443506 0.658148 0.104277 0.104277
0 0.150296 0.389766 0.104277 0.104277
0 0.325491 0.042157 0.052757 0.052757
0 0.064755 0.235401 0.061130 0.061130
0 0.911535 0.986227 0.057104 0.057104
0 0.194265 0.524692 0.071945 0.071945
0 0.567422 0.789825 0.104277 0.104277
0 0.859510 0.733525 0.104278 0.104278
0 0.451876 0.211594 0.061130 0.061130
0 0.548430 0.190695 0.057104 0.057104
0 0.258481 0.121206 0.071945 0.071945
0 0.045316 0.458993 0.104277 0.104277
0 0.808861 0.303029 0.057104 0.057104
0 0.146180 0.203590 0.057104 0.057104
0 0.146936 0.006446 0.061131 0.061131
0 0.256348 0.773606 0.071945 0.071945
0 0.611542 0.138647 0.062220 0.062220
0 0.116652 0.105721 0.071945 0.071945
0 0.006107 0.165903 0.071945 0.071945
0 0.270156 0.908020 0.061131 0.061131
0 0.045766 0.956717 0.061130 0.061130
0 0.128252 0.854505 0.104277 0.104277
0 0.664015 0.395967 0.062220 0.062220
0 0.243771 0.023735 0.052757 0.052757
0 0.627590 0.457534 0.062220 0.062220
0 0.179600 0.269229 0.062220 0.062220
0 0.341133 0.738965 0.062220 0.062220
0 0.033177 0.691868 0.062220 0.062220
0 0.359695 0.978399 0.057104 0.057104
0 0.449285 0.128882 0.061131 0.061131
0 0.224164 0.453167 0.061131 0.061131
0 0.840065 0.080282 0.104278 0.104278
0 0.128008 0.490485 0.061131 0.061131
0 0.396549 0.264689 0.071945 0.071945
0 0.000963 0.066285 0.057104 0.057104
0 0.483181 0.937023 0.071945 0.071945
0 0.911229 0.265027 0.061131 0.061131
0 0.090992 0.568648 0.052757 0.052757
0 0.170626 0.763469 0.061131 0.061131
0 0.589742 0.384681 0.052757 0.052757
0 0.388180 0.461011 0.057104 0.057104
0 0.689283 0.128074 0.052757 0.052757
0 0.243105 0.302344 0.071945 0.071945
0 0.900953 0.815567 0.057104 0.057104
0 0.781893 0.785687 0.057104 0.057104
0 0.506091 0.278219 0.052757 0.052757
0 0.639263 0.809573 0.052757 0.052757
0 0.324279 0.164347 0.071945 0.071945
0 0.757136 0.069552 0.062220 0.062220
0 0.389313 0.911447 0.052757 0.052757
0 0.526024 0.475587 0.071945 0.071945
0 0.427986 0.390158 0.062220 0.062220
0 0.626702 0.030333 0.071945 0.071945
0 0.759441 0.185589 0.052559 0.052559
0 0.420278 0.754604 0.057104 0.057104
0 0.254685 0.225394 0.071945 0.071945
0 0.802115 0.421946 0.062220 0.062220
0 0.354081 0.828290 0.057104 0.057104
0 0.259930 0.576311 0.104277 0.104277
0 0.028319 0.822410 0.061130 0.061130
0 0.326272 0.645748 0.052757 0.052757
0 0.205300 0.864431 0.071945 0.071945
0 0.494942 0.413750 0.104277 0.104277
0 0.333427 0.511292 0.071945 0.071945
0 0.347400 0.321306 0.104277 0.104277
0 0.881655 0.919032 0.061130 0.061130
0 0.073765 0.761220 0.071945 0.071945
0 0.078332 0.166955 0.057103 0.057103
0 0.706367 0.265395 0.071945 0.071945
0 0.862244 0.456174 0.104278 0.104278
0 0.550183 0.574492 0.104277 0.104277
0 0.606960 0.229185 0.052757 0.052757
0 0.213829 0.635448 0.052757 0.052757
0 0.508264 0.752602 0.062220 0.062220
0 0.559656 0.078527 0.061131 0.061131