0 0.371120 0.547823 0.062220 0.062220
0 0.120112 0.850856 0.104277 0.104277
0 0.920118 0.325962 0.052757 0.052757
0 0.325194 0.606665 0.062220 0.062220
0 0.471768 0.583677 0.070161 0.070161
0 0.102488 0.575289 0.104278 0.104278
0 0.825142 0.242270 0.062220 0.062220
0 0.221881 0.246696 0.057104 0.057104
0 0.741682 0.674874 0.071945 0.071945
0 0.839341 0.362252 0.062220 0.062220
0 0.261169 0.554801 0.071945 0.071945
0 0.557475 0.613430 0.062220 0.062220
0 0.574603 0.915722 0.061131 0.061131
0 0.862243 0.826773 0.061130 0.061130
0 0.235589 0.323381 0.062220 0.062220
0 0.887256 0.945648 0.104277 0.104277
0 0.594046 0.677266 0.104277 0.104277
0 0.769241 0.329657 0.052757 0.052757
0 0.002584 0.612868 0.071945 0.071945
0 0.508505 0.522901 0.061130 0.061130
0 0.099687 0.947099 0.057104 0.057104
0 0.221390 0.406142 0.071945 0.071945
0 0.048257 0.895968 0.104277 0.104277
0 0.638015 0.812192 0.071945 0.071945
0 0.155694 0.345143 0.104277 0.104277
0 0.099156 0.457580 0.057104 0.057104
0 0.091239 0.320879 0.071945 0.071945
0 0.895626 0.499094 0.061130 0.061130
0 0.323904 0.927429 0.104277 0.104277
0 0.992180 0.478195 0.057104 0.057104
0 0.702231 0.408706 0.071945 0.071945
0 0.308102 0.277135 0.071945 0.071945
0 0.014618 0.764916 0.052757 0.052757
0 0.489066 0.746493 0.104277 0.104277
0 0.589930 0.491090 0.057104 0.057104
0 0.281679 0.748277 0.062220 0.062220
0 0.590686 0.293946 0.061131 0.061131
0 0.900125 0.249574 0.057104 0.057104
0 0.560402 0.393221 0.071945 0.071945
0 0.449857 0.453403 0.071945 0.071945
0 0.381296 0.728154 0.062220 0.062220
0 0.311499 0.388457 0.052757 0.052757
0 0.188821 0.651281 0.071945 0.071945
0 0.179487 0.887065 0.052757 0.052757
0 0.687521 0.311235 0.052757 0.052757
0 0.623350 0.556729 0.062220 0.062220
0 0.476927 0.979368 0.062220 0.062220
0 0.893035 0.416382 0.061131 0.061131
0 0.367096 0.443568 0.052757 0.052757
0 0.667914 0.740667 0.061131 0.061131
0 0.420779 0.272532 0.071945 0.071945
0 0.571758 0.777985 0.061131 0.061131
0 0.840299 0.552189 0.071945 0.071945
0 0.751764 0.249450 0.062220 0.062220
0 0.444713 0.353785 0.057104 0.057104
0 0.061223 0.396479 0.062220 0.062220
0 0.131251 0.227059 0.104277 0.104277
0 0.534742 0.856148 0.052757 0.052757
0 0.831930 0.748511 0.057104 0.057104
0 0.439709 0.656181 0.052757 0.052757
0 0.686855 0.589844 0.071945 0.071945
0 0.949841 0.565719 0.052757 0.052757
0 0.768029 0.451847 0.071945 0.071945
0 0.503483 0.240377 0.104277 0.104277
0 0.412793 0.881563 0.104277 0.104277
0 0.191311 0.961550 0.061130 0.061130
0 0.135162 0.781466 0.104277 0.104277
0 0.097863 0.652366 0.052757 0.052757
0 0.969774 0.763087 0.071945 0.071945
0 0.318362 0.686129 0.057104 0.057104
0 0.871736 0.677658 0.062220 0.062220
0 0.200747 0.810555 0.071945 0.071945
0 0.276891 0.450992 0.104277 0.104277
0 0.698435 0.512894 0.071945 0.071945
0 0.194884 0.573059 0.056505 0.056505
0 0.703680 0.863811 0.104277 0.104277
0 0.770022 0.933248 0.052757 0.052757
0 0.938692 0.701250 0.104277 0.104277
0 0.777177 0.798792 0.071945 0.071945
0 0.791150 0.608806 0.104277 0.104277
0 0.414976 0.794412 0.057104 0.057104
0 0.189181 0.504370 0.061130 0.061130
0 0.522082 0.454455 0.057103 0.057103
0 0.265698 0.835711 0.057104 0.057104
0 0.006011 0.315422 0.061130 0.061130
0 0.993933 0.861992 0.104277 0.104277
0 0.674799 0.240799 0.057104 0.057104
0 0.657579 0.922948 0.052757 0.052757