0 0.234592 0.077602 0.104277 0.104277
0 0.161095 0.876907 0.071945 0.071945
0 0.384882 0.075278 0.062220 0.062220
0 0.436216 0.844886 0.071945 0.071945
0 0.716594 0.585207 0.071945 0.071945
0 0.468344 0.960256 0.052757 0.052757
0 0.025196 0.446478 0.052757 0.052757
0 0.205493 0.633224 0.061130 0.061130
0 0.611771 0.758201 0.104277 0.104277
0 0.748140 0.065753 0.047276 0.047276
0 0.638494 0.372354 0.062220 0.062220
0 0.378437 0.595100 0.071945 0.071945
0 0.059244 0.896362 0.062220 0.062220
0 0.021868 0.642297 0.071945 0.071945
0 0.264578 0.179053 0.051819 0.051819
0 0.578767 0.921320 0.104277 0.104277
0 0.444726 0.122766 0.052757 0.052757
0 0.157284 0.467854 0.104277 0.104277
0 0.457145 0.713958 0.104277 0.104277
0 0.574924 0.525151 0.071945 0.071945
0 0.506002 0.071281 0.057103 0.057103
0 0.579671 0.456705 0.062220 0.062220
0 0.038297 0.992118 0.061130 0.061130
0 0.517627 0.652456 0.057104 0.057104
0 0.560594 0.826131 0.062220 0.062220
0 0.313336 0.953318 0.052757 0.052757
0 0.460344 0.584240 0.062220 0.062220
0 0.540656 0.188621 0.104277 0.104277
0 0.340419 0.249397 0.104277 0.104277
0 0.645993 0.556933 0.061130 0.061130
0 0.335556 0.176104 0.071945 0.071945
0 0.732148 0.171678 0.071945 0.071945
0 0.099741 0.718586 0.052757 0.052757
0 0.042027 0.188813 0.052757 0.052757
0 0.637987 0.203489 0.061131 0.061131
0 0.062399 0.584591 0.052757 0.052757
0 0.256874 0.336026 0.054783 0.054783
0 0.393717 0.781162 0.062220 0.062220
0 0.237404 0.856712 0.061131 0.061131
0 0.424426 0.269938 0.057103 0.057103
0 0.195797 0.785163 0.071945 0.071945
0 0.224976 0.448192 0.071945 0.071945
0 0.225236 0.519016 0.061130 0.061130
0 0.008100 0.109444 0.071945 0.071945
0 0.518732 0.336759 0.061131 0.061131
0 0.105256 0.344694 0.057104 0.057104
0 0.469910 0.204640 0.061131 0.061131
0 0.680239 0.814107 0.045227 0.045227
0 0.314627 0.862434 0.052757 0.052757
0 0.735481 0.297182 0.071945 0.071945
0 0.740863 0.435707 0.104278 0.104278
0 0.670464 0.057620 0.062220 0.062220
0 0.024173 0.821972 0.061130 0.061130
0 0.119451 0.222820 0.052757 0.052757
0 0.735904 0.717902 0.061130 0.061130
0 0.140605 0.033366 0.071945 0.071945
0 0.672068 0.270285 0.104278 0.104278
0 0.349389 0.436684 0.052757 0.052757
0 0.030594 0.257236 0.062220 0.062220
0 0.595421 0.309864 0.062220 0.062220
0 0.037066 0.515901 0.104277 0.104277
0 0.392253 0.676195 0.052757 0.052757
0 0.304300 0.728059 0.052757 0.052757
0 0.123837 0.794446 0.057104 0.057104
0 0.131730 0.117282 0.057104 0.057104
0 0.594310 0.661599 0.061131 0.061131
0 0.499947 0.525862 0.057104 0.057104
0 0.518982 0.260363 0.071945 0.071945
0 0.333234 0.322775 0.104277 0.104277
0 0.391322 0.954495 0.055027 0.055027
0 0.523514 0.755317 0.061131 0.061131
0 0.182013 0.983408 0.062220 0.062220
0 0.037380 0.749436 0.050559 0.050559
0 0.166519 0.692215 0.061130 0.061130
0 0.295790 0.512587 0.071945 0.071945
0 0.397777 0.366973 0.057104 0.057104
0 0.437823 0.424111 0.104277 0.104277
0 0.294590 0.607140 0.071945 0.071945
0 0.254052 0.996218 0.104277 0.104277
0 0.243315 0.268072 0.052757 0.052757
0 0.170752 0.302299 0.104277 0.104277
0 0.681433 0.675093 0.052757 0.052757
0 0.101235 0.421264 0.071945 0.071945
0 0.407499 0.515715 0.104277 0.104277
0 0.131942 0.559204 0.104277 0.104277
0 0.683708 0.481260 0.061131 0.061131
0 0.306201 0.038845 0.057104 0.057104
0 0.670040 0.931264 0.088662 0.088662
0 0.575952 0.121576 0.061131 0.061131