0 0.848463 0.969267 0.071945 0.071945
0 0.792346 0.832368 0.104277 0.104277
0 0.248160 0.608302 0.062220 0.062220
0 0.920418 0.768339 0.052757 0.052757
0 0.172717 0.835518 0.052757 0.052757
0 0.166987 0.072731 0.104277 0.104277
0 0.195045 0.482687 0.057103 0.057103
0 0.864356 0.878864 0.057104 0.057104
0 0.364098 0.729978 0.071945 0.071945
0 0.411346 0.792417 0.061130 0.061130
0 0.589480 0.916372 0.052757 0.052757
0 0.891598 0.705778 0.057104 0.057104
0 0.888445 0.544953 0.052757 0.052757
0 0.999599 0.683216 0.061130 0.061130
0 0.714468 0.532256 0.061131 0.061131
0 0.656680 0.852281 0.052757 0.052757
0 0.399850 0.232877 0.057104 0.057104
0 0.649594 0.453563 0.062220 0.062220
0 0.942528 0.640239 0.061131 0.061131
0 0.761743 0.934564 0.071945 0.071945
0 0.127165 0.304825 0.104277 0.104277
0 0.991755 0.573692 0.057104 0.057104
0 0.111207 0.747012 0.071945 0.071945
0 0.040962 0.739927 0.057104 0.057104
0 0.621478 0.137597 0.061131 0.061131
0 0.909118 0.048648 0.061130 0.061130
0 0.309015 0.905919 0.057104 0.057104
0 0.934131 0.167523 0.104277 0.104277
0 0.146562 0.168974 0.057104 0.057104
0 0.337615 0.388008 0.057104 0.057104
0 0.095132 0.117843 0.104277 0.104277
0 0.684890 0.034067 0.071945 0.071945
0 0.456204 0.670110 0.061130 0.061130
0 0.370779 0.149304 0.104277 0.104277
0 0.257638 0.430443 0.052757 0.052757
0 0.010813 0.453785 0.062220 0.062220
0 0.746973 0.282981 0.071945 0.071945
0 0.728341 0.734400 0.104277 0.104277
0 0.182879 0.233473 0.057104 0.057104
0 0.340033 0.482508 0.057104 0.057104
0 0.242138 0.869871 0.104277 0.104277
0 0.106178 0.648049 0.057104 0.057104
0 0.347894 0.649796 0.057104 0.057104
0 0.013533 0.825178 0.057104 0.057104
0 0.388423 0.311837 0.052757 0.052757
0 0.459614 0.380918 0.104277 0.104277
0 0.216460 0.764133 0.104277 0.104277
0 0.500503 0.881536 0.052757 0.052757
0 0.943851 0.870890 0.062220 0.062220
0 0.231553 0.956433 0.104277 0.104277
0 0.021017 0.657432 0.052757 0.052757
0 0.760781 0.417395 0.061131 0.061131
0 0.215718 0.669402 0.052757 0.052757
0 0.032629 0.588723 0.061130 0.061130
0 0.401082 0.582895 0.104277 0.104277
0 0.536391 0.466092 0.061130 0.061130
0 0.226362 0.108940 0.052757 0.052757
0 0.272304 0.320523 0.057104 0.057104
0 0.101583 0.503541 0.071945 0.071945
0 0.618877 0.363880 0.104277 0.104277
0 0.831758 0.248340 0.062220 0.062220
0 0.523802 0.201243 0.062220 0.062220
0 0.850320 0.487774 0.057104 0.057104
0 0.306470 0.832172 0.062220 0.062220
0 0.084382 0.244691 0.052757 0.052757
0 0.620802 0.771869 0.052757 0.052757
0 0.613569 0.542206 0.062220 0.062220
0 0.973806 0.446398 0.071945 0.071945
0 0.416746 0.456616 0.061130 0.061130
0 0.578334 0.605824 0.104278 0.104278
0 0.581617 0.078023 0.052757 0.052757
0 0.661251 0.272844 0.061131 0.061131
0 0.828477 0.669995 0.062220 0.062220
0 0.103210 0.852664 0.057104 0.057104
0 0.413718 0.861571 0.057104 0.057104
0 0.635352 0.671735 0.062220 0.062220
0 0.513909 0.786311 0.057104 0.057104
0 0.459668 0.103438 0.104277 0.104277
0 0.238186 0.183425 0.061130 0.061130
0 0.182037 0.003341 0.104277 0.104277
0 0.102974 0.930773 0.061130 0.061130
0 0.032811 0.918052 0.062220 0.062220
0 0.879938 0.420822 0.052757 0.052757
0 0.377826 0.936036 0.048997 0.048997
0 0.667272 0.604106 0.071945 0.071945
0 0.580852 0.840667 0.062220 0.062220
0 0.247622 0.032430 0.071945 0.071945
0 0.910903 0.263979 0.057104 0.057104
0 0.478185 0.258872 0.061130 0.061130
0 0.314495 0.567218 0.057104 0.057104
0 0.512911 0.563904 0.104277 0.104277
0 0.189253 0.557567 0.104277 0.104277
0 0.844706 0.337665 0.057104 0.057104
0 0.750555 0.085686 0.104277 0.104277
0 0.707473 0.661032 0.052757 0.052757
0 0.518944 0.331785 0.061130 0.061130
0 0.816897 0.155123 0.052757 0.052757
0 0.580411 0.992217 0.061131 0.061131
0 0.695925 0.373806 0.071945 0.071945
0 0.824052 0.020667 0.071945 0.071945
0 0.461851 0.016287 0.057104 0.057104
0 0.213380 0.362644 0.062220 0.062220
0 0.564390 0.270595 0.071945 0.071945
0 0.312573 0.057586 0.057104 0.057104
0 0.113191 0.421499 0.052757 0.052757
0 0.000052 0.166095 0.057104 0.057104
0 0.295627 0.754280 0.057104 0.057104
0 0.060442 0.346956 0.062220 0.062220
0 0.704454 0.144823 0.052757 0.052757
0 0.998889 0.261977 0.062220 0.062220
0 0.796282 0.547415 0.061131 0.061131