0 0.328683 0.935354 0.062220 0.062220
0 0.290457 0.741330 0.062220 0.062220
0 0.779845 0.458157 0.071945 0.071945
0 0.581458 0.303502 0.104277 0.104277
0 0.643946 0.027728 0.052757 0.052757
0 0.788529 0.828489 0.061130 0.061130
0 0.824243 0.214474 0.061130 0.061130
0 0.316437 0.384696 0.052757 0.052757
0 0.850656 0.936581 0.104277 0.104277
0 0.328129 0.471245 0.104277 0.104277
0 0.168479 0.018703 0.061130 0.061130
0 0.674593 0.724870 0.104277 0.104277
0 0.087031 0.795617 0.052757 0.052757
0 0.633454 0.846481 0.104277 0.104277
0 0.519970 0.888455 0.071945 0.071945
0 0.997187 0.176350 0.071945 0.071945
0 0.564311 0.148412 0.052757 0.052757
0 0.677994 0.477612 0.062220 0.062220
0 0.046222 0.880287 0.062220 0.062220
0 0.307862 0.297275 0.104277 0.104277
0 0.640618 0.223547 0.071945 0.071945
0 0.390219 0.229073 0.104277 0.104277
0 0.314386 0.198133 0.061130 0.061130
0 0.703347 0.649870 0.057104 0.057104
0 0.221457 0.096090 0.104277 0.104277
0 0.056662 0.601788 0.061130 0.061130
0 0.776034 0.049104 0.104277 0.104277
0 0.037078 0.513905 0.052757 0.052757
0 0.771694 0.632306 0.104277 0.104277
0 0.929356 0.929498 0.062220 0.062220
0 0.657047 0.573368 0.061130 0.061130
0 0.536352 0.615242 0.057104 0.057104
0 0.441327 0.375128 0.104277 0.104277
0 0.197880 0.514732 0.061130 0.061130
0 0.278724 0.640190 0.062220 0.062220
0 0.932086 0.534568 0.052757 0.052757
0 0.473868 0.722000 0.057104 0.057104
0 0.589844 0.752091 0.104277 0.104277
0 0.320613 0.548400 0.057104 0.057104
0 0.085949 0.977531 0.061130 0.061130
0 0.899303 0.721436 0.071945 0.071945
0 0.529281 0.961420 0.071945 0.071945
0 0.138411 0.749843 0.062220 0.062220
0 0.236809 0.336055 0.052757 0.052757
0 0.718491 0.299836 0.052757 0.052757
0 0.357159 0.683843 0.057104 0.057104
0 0.099284 0.019630 0.052757 0.052757
0 0.528515 0.222591 0.104277 0.104277
0 0.475812 0.084237 0.057104 0.057104
0 0.681149 0.165841 0.052757 0.052757
0 0.169234 0.595944 0.061130 0.061130
0 0.856154 0.437962 0.061131 0.061131
0 0.378980 0.308223 0.061130 0.061130
0 0.814547 0.366413 0.071945 0.071945
0 0.843726 0.029442 0.071945 0.071945
0 0.053811 0.238774 0.104278 0.104278
0 0.602748 0.484962 0.062220 0.062220
0 0.843986 0.100266 0.061130 0.061130
0 0.120660 0.217165 0.052757 0.052757
0 0.817693 0.689273 0.057104 0.057104
0 0.134464 0.856975 0.062220 0.062220
0 0.555389 0.825812 0.057104 0.057104
0 0.458529 0.010829 0.052757 0.052757
0 0.630415 0.642800 0.104277 0.104277
0 0.259679 0.977170 0.050891 0.050891
0 0.130121 0.472189 0.057104 0.057104
0 0.423549 0.869476 0.062220 0.062220
0 0.499076 0.336583 0.071945 0.071945
0 0.958297 0.995251 0.062220 0.062220
0 0.933377 0.443684 0.052757 0.052757
0 0.192330 0.902316 0.062220 0.062220
0 0.288089 0.868235 0.104277 0.104277
0 0.642923 0.403222 0.061130 0.061130
0 0.300822 0.125727 0.052757 0.052757
0 0.450996 0.162012 0.057104 0.057104
0 0.086539 0.339658 0.057104 0.057104
0 0.013814 0.306038 0.071945 0.071945
0 0.916486 0.650794 0.062220 0.062220
0 0.449937 0.997413 0.061130 0.061130
0 0.860909 0.830553 0.104277 0.104277
0 0.453461 0.592531 0.062220 0.062220
0 0.430806 0.446387 0.071945 0.071945
0 0.588360 0.912565 0.062220 0.062220
0 0.144695 0.381496 0.071945 0.071945
0 0.968139 0.017934 0.052757 0.052757
0 0.161277 0.975125 0.062220 0.062220
0 0.655816 0.097151 0.104277 0.104277
0 0.689002 0.794206 0.062220 0.062220
0 0.563215 0.683553 0.071945 0.071945
0 0.923050 0.309309 0.052757 0.052757
0 0.742587 0.375696 0.057104 0.057104
0 0.239257 0.800255 0.104277 0.104277
0 0.839851 0.756275 0.104277 0.104277
0 0.024224 0.416389 0.052757 0.052757
0 0.800763 0.564658 0.062220 0.062220
0 0.656130 0.330686 0.050559 0.050559
0 0.950352 0.828821 0.052757 0.052757
0 0.785269 0.273465 0.061130 0.061130
0 0.914540 0.093837 0.071945 0.071945
0 0.470532 0.805033 0.052757 0.052757
0 0.756753 0.721621 0.071945 0.071945
0 0.557772 0.066242 0.061131 0.061131
0 0.625282 0.992678 0.061131 0.061131
0 0.404879 0.107567 0.104277 0.104277
0 0.913340 0.188390 0.071945 0.071945
0 0.872802 0.577468 0.104277 0.104277
0 0.006499 0.708957 0.057104 0.057104
0 0.715303 0.921731 0.104277 0.104277
0 0.397307 0.800311 0.052757 0.052757
0 0.015160 0.088627 0.062220 0.062220
0 0.081670 0.123669 0.071945 0.071945
0 0.310777 0.047323 0.061130 0.061130
0 0.719985 0.002514 0.071945 0.071945
0 0.430979 0.665697 0.061130 0.061130
0 0.102460 0.685041 0.104277 0.104277
0 0.211292 0.234773 0.104277 0.104277
0 0.750692 0.140454 0.104277 0.104277
0 0.515185 0.460368 0.052757 0.052757
0 0.250576 0.405033 0.104277 0.104277