0 0.244308 0.554104 0.062220 0.062220
0 0.206082 0.360080 0.062220 0.062220
0 0.695470 0.076907 0.071945 0.071945
0 0.897014 0.687558 0.052757 0.052757
0 0.970591 0.044886 0.071945 0.071945
0 0.704154 0.447239 0.061130 0.061130
0 0.232062 0.003446 0.052757 0.052757
0 0.766281 0.555331 0.104277 0.104277
0 0.243754 0.089995 0.104277 0.104277
0 0.590218 0.343620 0.104277 0.104277
0 0.002656 0.414367 0.052757 0.052757
0 0.549079 0.465231 0.104277 0.104277
0 0.435595 0.507205 0.071945 0.071945
0 0.593619 0.096362 0.062220 0.062220
0 0.618972 0.268620 0.057104 0.057104
0 0.629096 0.623230 0.062220 0.062220
0 0.687319 0.251056 0.104277 0.104277
0 0.844981 0.548248 0.062220 0.062220
0 0.572672 0.192118 0.061130 0.061130
0 0.451977 0.233992 0.057104 0.057104
0 0.141728 0.713601 0.062220 0.062220
0 0.113505 0.133482 0.061130 0.061130
0 0.194349 0.258940 0.062220 0.062220
0 0.847711 0.153318 0.052757 0.052757
0 0.389493 0.340750 0.057104 0.057104
0 0.505469 0.370841 0.104277 0.104277
0 0.299558 0.696896 0.071945 0.071945
0 0.236238 0.167150 0.057104 0.057104
0 0.966454 0.541068 0.062220 0.062220
0 0.001574 0.596281 0.061130 0.061130
0 0.814928 0.340186 0.071945 0.071945
0 0.444906 0.580170 0.071945 0.071945
0 0.054036 0.368593 0.062220 0.062220
0 0.252155 0.624906 0.057104 0.057104
0 0.919268 0.247370 0.104277 0.104277
0 0.272784 0.302593 0.057104 0.057104
0 0.967671 0.712109 0.104277 0.104277
0 0.084859 0.214694 0.061130 0.061130
0 0.771779 0.056712 0.061131 0.061131
0 0.215999 0.704559 0.052757 0.052757
0 0.518373 0.103712 0.062220 0.062220
0 0.733318 0.308023 0.057104 0.057104
0 0.050089 0.475725 0.062220 0.062220
0 0.471014 0.444562 0.057104 0.057104
0 0.546040 0.261550 0.104277 0.104277
0 0.175304 0.595920 0.050891 0.050891
0 0.045746 0.090939 0.057104 0.057104
0 0.339174 0.488226 0.062220 0.062220
0 0.459993 0.697292 0.057104 0.057104
0 0.060324 0.674942 0.052757 0.052757
0 0.873922 0.614001 0.062220 0.062220
0 0.849002 0.062434 0.052757 0.052757
0 0.107955 0.521066 0.062220 0.062220
0 0.203714 0.486985 0.104277 0.104277
0 0.558548 0.021972 0.061130 0.061130
0 0.828673 0.712572 0.052757 0.052757
0 0.832111 0.269544 0.062220 0.062220
0 0.365562 0.616163 0.061130 0.061130
0 0.776534 0.449303 0.104277 0.104277
0 0.369086 0.211281 0.062220 0.062220
0 0.346431 0.065137 0.071945 0.071945
0 0.503985 0.531315 0.062220 0.062220
0 0.060320 0.000246 0.071945 0.071945
0 0.688529 0.677033 0.052757 0.052757
0 0.076902 0.593875 0.062220 0.062220
0 0.960516 0.638969 0.052757 0.052757
0 0.375140 0.719513 0.062220 0.062220
0 0.604627 0.412956 0.062220 0.062220
0 0.478840 0.302303 0.071945 0.071945
0 0.780151 0.624863 0.061131 0.061131
0 0.154882 0.419005 0.104277 0.104277
0 0.755476 0.375025 0.104277 0.104277
0 0.925697 0.154495 0.055027 0.055027
0 0.716388 0.183408 0.062220 0.062220
0 0.598914 0.707943 0.061130 0.061130
0 0.744132 0.726078 0.062220 0.062220
0 0.865977 0.447571 0.052757 0.052757
0 0.386157 0.423783 0.052757 0.052757
0 0.672378 0.340371 0.071945 0.071945
0 0.540907 0.611428 0.061131 0.061131
0 0.788427 0.196218 0.104277 0.104277
0 0.952437 0.340475 0.061130 0.061130
0 0.630928 0.540481 0.104277 0.104277
0 0.312932 0.419061 0.052757 0.052757
0 0.346604 0.284447 0.061130 0.061130
0 0.018085 0.303791 0.104277 0.104277
0 0.430810 0.079118 0.052757 0.052757
0 0.166201 0.023783 0.104277 0.104277