0 0.897092 0.736977 0.104277 0.104277
0 0.853544 0.524986 0.061130 0.061130
0 0.569552 0.944505 0.104278 0.104278
0 0.786637 0.385315 0.104277 0.104277
0 0.848463 0.294267 0.071945 0.071945
0 0.754315 0.486884 0.052757 0.052757
0 0.792346 0.157368 0.104277 0.104277
0 0.298511 0.439981 0.052757 0.052757
0 0.891216 0.651792 0.057104 0.057104
0 0.662409 0.329824 0.062220 0.062220
0 0.927078 0.838428 0.051819 0.051819
0 0.222197 0.861162 0.057104 0.057104
0 0.920418 0.093339 0.052757 0.052757
0 0.573244 0.514983 0.104277 0.104277
0 0.172717 0.160518 0.052757 0.052757
0 0.831222 0.451523 0.061131 0.061131
0 0.298056 0.647811 0.057104 0.057104
0 0.864356 0.203864 0.057104 0.057104
0 0.364098 0.054978 0.071945 0.071945
0 0.915438 0.412018 0.052757 0.052757
0 0.411346 0.117417 0.061130 0.061130
0 0.589480 0.241372 0.052757 0.052757
0 0.971645 0.347978 0.057104 0.057104
0 0.891598 0.030778 0.057104 0.057104
0 0.519398 0.855943 0.052757 0.052757
0 0.999599 0.008216 0.061130 0.061130
0 0.063693 0.946537 0.104277 0.104277
0 0.342865 0.330457 0.057104 0.057104
0 0.917880 0.500600 0.057104 0.057104
0 0.656680 0.177281 0.052757 0.052757
0 0.998056 0.835479 0.071945 0.071945
0 0.429796 0.326714 0.057104 0.057104
0 0.652648 0.453233 0.071945 0.071945
0 0.704527 0.848188 0.052757 0.052757
0 0.761743 0.259564 0.071945 0.071945
0 0.111207 0.072012 0.071945 0.071945
0 0.040962 0.064927 0.057104 0.057104
0 0.919374 0.995401 0.054783 0.054783
0 0.309015 0.230919 0.057104 0.057104
0 0.670600 0.768819 0.071945 0.071945
0 0.444277 0.974416 0.061130 0.061130
0 0.335630 0.873258 0.071945 0.071945
0 0.723867 0.419682 0.057104 0.057104
0 0.045463 0.754762 0.061130 0.061130
0 0.344378 0.596444 0.071945 0.071945
0 0.295203 0.957886 0.062220 0.062220
0 0.438973 0.809072 0.062220 0.062220
0 0.554634 0.638072 0.061130 0.061130
0 0.781951 0.882195 0.052757 0.052757
0 0.044494 0.398687 0.071945 0.071945
0 0.728341 0.059400 0.104277 0.104277
0 0.489946 0.540333 0.061130 0.061130
0 0.461020 0.468598 0.061130 0.061130
0 0.242138 0.194871 0.104277 0.104277
0 0.013533 0.150178 0.057104 0.057104
0 0.639700 0.594868 0.104277 0.104277
0 0.803105 0.692741 0.071945 0.071945
0 0.216460 0.089133 0.104277 0.104277
0 0.500503 0.206536 0.052757 0.052757
0 0.943851 0.195890 0.062220 0.062220
0 0.493400 0.746459 0.061130 0.061130
0 0.231553 0.281433 0.104277 0.104277
0 0.055663 0.480385 0.071945 0.071945
0 0.593493 0.838995 0.057104 0.057104
0 0.485642 0.662777 0.104277 0.104277
0 0.693094 0.916611 0.062220 0.062220
0 0.690261 0.643405 0.104277 0.104277
0 0.174950 0.431516 0.052757 0.052757
0 0.669166 0.530715 0.052757 0.052757
0 0.006914 0.562610 0.052757 0.052757
0 0.976082 0.570403 0.062220 0.062220
0 0.381525 0.404202 0.071945 0.071945
0 0.306470 0.157172 0.062220 0.062220
0 0.396499 0.905072 0.071945 0.071945
0 0.639397 0.972700 0.104277 0.104277
0 0.620802 0.096869 0.052757 0.052757
0 0.267402 0.362869 0.104277 0.104277
0 0.794230 0.776657 0.057104 0.057104
0 0.137565 0.969139 0.071945 0.071945
0 0.277437 0.813236 0.050932 0.050932
0 0.414173 0.634350 0.052757 0.052757
0 0.180310 0.581241 0.071945 0.071945
0 0.391070 0.541410 0.061130 0.061130
0 0.750099 0.599465 0.052757 0.052757
0 0.604405 0.750912 0.057104 0.057104
0 0.995734 0.982150 0.104277 0.104277
0 0.103210 0.177664 0.057104 0.057104
0 0.413718 0.186571 0.057104 0.057104
0 0.137894 0.867872 0.071945 0.071945
0 0.045531 0.631043 0.104277 0.104277
0 0.513909 0.111311 0.057104 0.057104
0 0.387974 0.701376 0.061130 0.061130
0 0.250339 0.544535 0.071945 0.071945
0 0.102974 0.255773 0.061130 0.061130
0 0.032811 0.243052 0.062220 0.062220
0 0.377826 0.261036 0.048997 0.048997
0 0.580852 0.165667 0.062220 0.062220
0 0.051511 0.852691 0.052757 0.052757
0 0.576834 0.407028 0.062220 0.062220
0 0.905815 0.927447 0.052757 0.052757
0 0.833252 0.961674 0.104277 0.104277
0 0.348766 0.798061 0.062220 0.062220
0 0.144521 0.775965 0.062220 0.062220
0 0.580411 0.317217 0.061131 0.061131
0 0.001372 0.327592 0.071945 0.071945
0 0.155185 0.355413 0.104277 0.104277
0 0.089374 0.690939 0.047555 0.047555
0 0.223474 0.715735 0.052757 0.052757
0 0.295627 0.079280 0.057104 0.057104
0 0.507919 0.414022 0.071945 0.071945
0 0.219194 0.933840 0.071945 0.071945
0 0.968701 0.698220 0.057104 0.057104
0 0.303424 0.723616 0.071945 0.071945