0 0.278342 0.871352 0.104277 0.104277
0 0.234794 0.659361 0.061130 0.061130
0 0.637739 0.621070 0.052757 0.052757
0 0.167887 0.519690 0.104277 0.104277
0 0.229713 0.428642 0.071945 0.071945
0 0.428632 0.869028 0.062220 0.062220
0 0.381526 0.414252 0.071945 0.071945
0 0.460279 0.621110 0.104277 0.104277
0 0.135565 0.621259 0.052757 0.052757
0 0.538143 0.667635 0.071945 0.071945
0 0.464912 0.304555 0.061131 0.061131
0 0.173596 0.291743 0.104277 0.104277
0 0.666723 0.124062 0.057104 0.057104
0 0.793176 0.329022 0.062221 0.062221
0 0.682082 0.292027 0.104277 0.104277
0 0.759108 0.085941 0.104277 0.104277
0 0.791890 0.859503 0.047276 0.047276
0 0.496027 0.040950 0.104277 0.104277
0 0.272466 0.786167 0.057104 0.057104
0 0.043659 0.464199 0.062220 0.062220
0 0.308328 0.972803 0.051819 0.051819
0 0.301668 0.227714 0.052757 0.052757
0 0.783129 0.601136 0.071945 0.071945
0 0.212472 0.585898 0.061131 0.061131
0 0.488476 0.916516 0.052757 0.052757
0 0.245606 0.338239 0.057104 0.057104
0 0.549752 0.865031 0.057103 0.057103
0 0.296688 0.546393 0.052757 0.052757
0 0.564745 0.282195 0.104277 0.104277
0 0.435022 0.098605 0.062220 0.062220
0 0.352895 0.482353 0.057104 0.057104
0 0.272848 0.165153 0.057104 0.057104
0 0.269695 0.004328 0.052757 0.052757
0 0.743444 0.435110 0.052757 0.052757
0 0.465368 0.704364 0.036679 0.036679
0 0.380849 0.142591 0.061130 0.061130
0 0.584406 0.982371 0.104277 0.104277
0 0.683357 0.395921 0.062221 0.062221
0 0.299130 0.634975 0.057104 0.057104
0 0.037930 0.311656 0.052757 0.052757
0 0.379306 0.969854 0.071945 0.071945
0 0.684987 0.201409 0.071945 0.071945
0 0.621902 0.431550 0.052757 0.052757
0 0.590712 0.015400 0.061130 0.061130
0 0.609008 0.499412 0.104277 0.104277
0 0.775898 0.965428 0.071945 0.071945
0 0.033898 0.587608 0.071945 0.071945
0 0.323778 0.099614 0.061131 0.061131
0 0.085777 0.982563 0.052757 0.052757
0 0.514646 0.523044 0.104277 0.104277
0 0.142993 0.393939 0.071945 0.071945
0 0.681737 0.997239 0.061131 0.061131
0 0.373005 0.033067 0.057104 0.057104
0 0.797776 0.748501 0.057104 0.057104
0 0.605551 0.690519 0.062220 0.062220
0 0.051850 0.903194 0.071945 0.071945
0 0.513660 0.998390 0.061131 0.061131
0 0.105117 0.554057 0.057104 0.057104
0 0.461573 0.464752 0.061130 0.061130
0 0.596499 0.090275 0.061130 0.061130
0 0.714214 0.851370 0.062220 0.062220
0 0.540333 0.595367 0.061130 0.061130
0 0.109591 0.193775 0.104277 0.104277
0 0.411669 0.559235 0.062220 0.062220
0 0.020950 0.729243 0.104277 0.104277
0 0.184355 0.827116 0.071945 0.071945
0 0.325101 0.330265 0.062220 0.062220
0 0.688798 0.706443 0.104277 0.104277
0 0.071511 0.777780 0.104277 0.104277
0 0.050416 0.665090 0.052757 0.052757
0 0.357332 0.704778 0.062220 0.062220
0 0.735742 0.008979 0.052757 0.052757
0 0.392173 0.248116 0.071945 0.071945
0 0.002052 0.231244 0.052757 0.052757
0 0.499543 0.787474 0.104277 0.104277
0 0.175480 0.911032 0.057104 0.057104
0 0.412995 0.752696 0.071945 0.071945
0 0.131349 0.733840 0.052757 0.052757
0 0.209727 0.129370 0.062220 0.062220
0 0.802999 0.480351 0.071945 0.071945
0 0.016602 0.131110 0.062220 0.062220
0 0.553890 0.742843 0.061131 0.061131
0 0.686165 0.530573 0.071945 0.071945
0 0.048522 0.063481 0.071945 0.071945
0 0.780546 0.179548 0.104277 0.104277
0 0.535133 0.211777 0.057104 0.057104
0 0.088723 0.120407 0.052757 0.052757
0 0.517876 0.351715 0.057104 0.057104
0 0.526538 0.138078 0.104277 0.104277
0 0.646558 0.779840 0.071945 0.071945
0 0.595871 0.165673 0.104277 0.104277
0 0.610051 0.361931 0.052757 0.052757
0 0.349951 0.832595 0.057104 0.057104
0 0.177532 0.006790 0.061131 0.061131
0 0.619702 0.915326 0.061131 0.061131