0 0.624755 0.247367 0.071945 0.071945
0 0.419932 0.750786 0.104277 0.104277
0 0.610034 0.715314 0.104277 0.104277
0 0.654223 0.911562 0.057104 0.057104
0 0.523489 0.361644 0.062220 0.062220
0 0.656467 0.359591 0.057104 0.057104
0 0.746608 0.873441 0.104277 0.104277
0 0.689278 0.284899 0.052757 0.052757
0 0.573064 0.625071 0.057104 0.057104
0 0.501224 0.476554 0.104277 0.104277
0 0.483527 0.828450 0.104277 0.104277
0 0.486418 0.667030 0.061131 0.061131
0 0.496226 0.290937 0.052757 0.052757
0 0.369634 0.590563 0.071945 0.071945
0 0.586643 0.490842 0.062220 0.062220
0 0.422522 0.886105 0.062220 0.062220
0 0.260348 0.952653 0.057104 0.057104
0 0.257195 0.791828 0.052757 0.052757
0 0.368349 0.930091 0.061130 0.061130
0 0.644800 0.612093 0.071945 0.071945
0 0.726597 0.382634 0.071945 0.071945
0 0.083218 0.779131 0.061131 0.061131
0 0.588385 0.311247 0.071945 0.071945
0 0.672487 0.988909 0.071945 0.071945
0 0.578212 0.802900 0.061130 0.061130
0 0.018344 0.700438 0.062220 0.062220
0 0.756898 0.145983 0.061131 0.061131
0 0.311278 0.887114 0.061131 0.061131
0 0.360505 0.820567 0.057104 0.057104
0 0.775532 0.320847 0.071945 0.071945
0 0.157307 0.143624 0.071945 0.071945
0 0.438706 0.051000 0.061130 0.061130
0 0.427419 0.414372 0.071945 0.071945
0 0.277868 0.295523 0.061130 0.061130
0 0.788098 0.244210 0.071945 0.071945
0 0.302881 0.414398 0.104277 0.104277
0 0.009671 0.146016 0.104277 0.104277
0 0.770910 0.742477 0.057104 0.057104
0 0.053640 0.280942 0.071945 0.071945
0 0.426797 0.546075 0.104277 0.104277
0 0.718885 0.489775 0.104278 0.104278
0 0.583999 0.877775 0.061130 0.061130
0 0.668236 0.059279 0.057104 0.057104
0 0.115723 0.529856 0.071945 0.071945
0 0.097091 0.981275 0.104277 0.104277
0 0.129531 0.664270 0.061131 0.061131
0 0.523390 0.152217 0.062220 0.062220
0 0.486965 0.213784 0.062220 0.062220
0 0.038975 0.025479 0.062220 0.062220
0 0.200508 0.495215 0.062220 0.062220
0 0.723242 0.796479 0.052757 0.052757
0 0.219070 0.734649 0.057104 0.057104
0 0.083539 0.209417 0.061131 0.061131
0 0.255924 0.020939 0.071945 0.071945
0 0.342556 0.693273 0.071945 0.071945
0 0.770604 0.021277 0.061131 0.061131
0 0.030001 0.519719 0.061131 0.061131
0 0.449117 0.140931 0.052757 0.052757
0 0.247555 0.217261 0.057104 0.057104
0 0.197227 0.916870 0.062220 0.062220
0 0.102480 0.058594 0.071945 0.071945
0 0.760328 0.571817 0.057104 0.057104
0 0.641268 0.541937 0.057104 0.057104
0 0.365466 0.034469 0.052757 0.052757
0 0.498638 0.565823 0.052757 0.052757
0 0.004102 0.918610 0.062220 0.062220
0 0.248688 0.667697 0.052757 0.052757
0 0.036022 0.850981 0.071945 0.071945
0 0.768046 0.967048 0.104277 0.104277
0 0.385399 0.231837 0.071945 0.071945
0 0.287361 0.146408 0.062220 0.062220
0 0.279653 0.510854 0.057104 0.057104
0 0.522633 0.999277 0.057104 0.057104
0 0.661490 0.178196 0.062220 0.062220
0 0.213456 0.584540 0.057104 0.057104
0 0.119305 0.332561 0.104277 0.104277
0 0.076223 0.907907 0.052757 0.052757
0 0.185647 0.401998 0.052757 0.052757
0 0.064675 0.620681 0.071945 0.071945
0 0.354317 0.170000 0.104277 0.104277
0 0.192802 0.267542 0.071945 0.071945
0 0.514038 0.925578 0.104277 0.104277
0 0.206775 0.077556 0.104277 0.104277
0 0.741030 0.675282 0.061130 0.061130
0 0.565742 0.021645 0.071945 0.071945
0 0.721619 0.212424 0.104278 0.104278
0 0.409558 0.330742 0.104277 0.104277
0 0.583371 0.953173 0.104277 0.104277
0 0.073204 0.391698 0.052757 0.052757
0 0.367639 0.508852 0.062220 0.062220
0 0.165032 0.794290 0.061131 0.061131