0 0.748511 0.818106 0.052757 0.052757
0 0.698160 0.311427 0.062220 0.062220
0 0.622717 0.538643 0.052757 0.052757
0 0.169502 0.739786 0.071945 0.071945
0 0.645045 0.185812 0.057103 0.057103
0 0.814098 0.433103 0.071945 0.071945
0 0.278645 0.159098 0.104277 0.104277
0 0.861346 0.495542 0.061130 0.061130
0 0.416391 0.231457 0.052757 0.052757
0 0.792865 0.708582 0.057104 0.057104
0 0.879796 0.704839 0.057104 0.057104
0 0.190115 0.513522 0.104278 0.104278
0 0.577165 0.007950 0.104277 0.104277
0 0.561207 0.450137 0.071945 0.071945
0 0.490962 0.443052 0.057104 0.057104
0 0.759015 0.609044 0.057104 0.057104
0 0.787615 0.091133 0.057104 0.057104
0 0.305639 0.950258 0.071945 0.071945
0 0.298705 0.879802 0.071945 0.071945
0 0.906204 0.373235 0.061130 0.061130
0 0.794378 0.974569 0.071945 0.071945
0 0.707638 0.133568 0.052757 0.052757
0 0.494494 0.776812 0.071945 0.071945
0 0.460813 0.156910 0.062220 0.062220
0 0.160160 0.104870 0.071945 0.071945
0 0.939946 0.918458 0.061130 0.061130
0 0.911020 0.846723 0.061130 0.061130
0 0.790033 0.185633 0.057104 0.057104
0 0.692138 0.572996 0.104277 0.104277
0 0.556178 0.351174 0.057104 0.057104
0 0.797894 0.352921 0.057104 0.057104
0 0.463533 0.528303 0.057104 0.057104
0 0.838423 0.014962 0.052757 0.052757
0 0.909614 0.084043 0.104277 0.104277
0 0.666460 0.467258 0.104277 0.104277
0 0.950503 0.584661 0.052757 0.052757
0 0.249078 0.297361 0.062220 0.062220
0 0.681553 0.659558 0.104277 0.104277
0 0.505663 0.858510 0.071945 0.071945
0 0.471017 0.360557 0.052757 0.052757
0 0.665718 0.372527 0.052757 0.052757
0 0.482629 0.291848 0.061130 0.061130
0 0.624950 0.809641 0.052757 0.052757
0 0.851082 0.286020 0.104277 0.104277
0 0.456914 0.940735 0.052757 0.052757
0 0.986391 0.169217 0.061130 0.061130
0 0.722304 0.023648 0.057104 0.057104
0 0.551583 0.206666 0.071945 0.071945
0 0.389597 0.619289 0.061130 0.061130
0 0.831525 0.782327 0.071945 0.071945
0 0.756470 0.535297 0.062220 0.062220
0 0.380691 0.813168 0.061130 0.061130
0 0.717402 0.740994 0.104277 0.104277
0 0.267223 0.683440 0.061130 0.061130
0 0.330744 0.069017 0.057104 0.057104
0 0.866746 0.159741 0.061130 0.061130
0 0.630310 0.959366 0.071945 0.071945
0 0.841070 0.919535 0.061130 0.061130
0 0.416672 0.883994 0.062220 0.062220
0 0.408780 0.319993 0.061130 0.061130
0 0.375392 0.157179 0.062220 0.062220
0 0.553210 0.555789 0.057104 0.057104
0 0.863718 0.564696 0.057104 0.057104
0 0.282701 0.602852 0.057104 0.057104
0 0.355406 0.497963 0.104277 0.104277
0 0.202286 0.809112 0.061130 0.061130
0 0.165882 0.300875 0.061130 0.061130
0 0.963909 0.489436 0.057104 0.057104
0 0.700339 0.922660 0.071945 0.071945
0 0.552974 0.633898 0.061130 0.061130
0 0.482811 0.621177 0.062220 0.062220
0 0.827826 0.639161 0.048997 0.048997
0 0.207098 0.228883 0.061130 0.061130
0 0.398797 0.079244 0.057104 0.057104
0 0.254330 0.444555 0.104277 0.104277
0 0.257165 0.086593 0.052757 0.052757
0 0.764495 0.270343 0.057104 0.057104
0 0.962911 0.267029 0.104277 0.104277
0 0.639253 0.260692 0.104277 0.104277
0 0.212872 0.601900 0.057104 0.057104
0 0.968944 0.034910 0.061130 0.061130
0 0.260318 0.760674 0.057104 0.057104
0 0.451372 0.705717 0.071945 0.071945
0 0.663380 0.065769 0.062220 0.062220
0 0.292712 0.234565 0.071945 0.071945
0 0.605185 0.733538 0.104277 0.104277
0 0.371311 0.698641 0.071945 0.071945
0 0.361562 0.421500 0.061130 0.061130
0 0.563191 0.124624 0.052757 0.052757
0 0.745627 0.457405 0.057104 0.057104
0 0.510442 0.050081 0.062220 0.062220
0 0.164632 0.390307 0.071945 0.071945
0 0.957919 0.792147 0.071945 0.071945
0 0.200556 0.897328 0.062220 0.062220
0 0.329584 0.357690 0.062220 0.062220