0 0.311170 0.670726 0.062220 0.062220
0 0.618582 0.816330 0.062220 0.062220
0 0.909583 0.378502 0.104277 0.104277
0 0.972071 0.102728 0.052757 0.052757
0 0.644562 0.459696 0.052757 0.052757
0 0.656254 0.546245 0.104277 0.104277
0 0.496604 0.093703 0.061130 0.061130
0 0.415156 0.870617 0.052757 0.052757
0 0.961579 0.921481 0.104277 0.104277
0 0.848095 0.963455 0.071945 0.071945
0 0.253499 0.725608 0.071945 0.071945
0 0.871365 0.052185 0.052757 0.052757
0 0.892436 0.223412 0.052757 0.052757
0 0.374347 0.955287 0.062220 0.062220
0 0.635987 0.372275 0.104277 0.104277
0 0.968743 0.298547 0.071945 0.071945
0 0.718344 0.304073 0.104277 0.104277
0 0.642511 0.273133 0.061130 0.061130
0 0.304299 0.985923 0.104277 0.104277
0 0.001434 0.181667 0.062220 0.062220
0 0.107921 0.758734 0.061130 0.061130
0 0.549582 0.171090 0.104277 0.104277
0 0.384787 0.676788 0.061130 0.061130
0 0.365203 0.588905 0.052757 0.052757
0 0.985172 0.648368 0.061130 0.061130
0 0.864477 0.690242 0.057104 0.057104
0 0.769452 0.450128 0.104277 0.104277
0 0.526005 0.589732 0.061130 0.061130
0 0.606849 0.715190 0.062220 0.062220
0 0.222039 0.300424 0.061130 0.061130
0 0.801993 0.797000 0.057104 0.057104
0 0.024510 0.419036 0.104278 0.104278
0 0.917969 0.827091 0.104277 0.104277
0 0.268499 0.012336 0.052757 0.052757
0 0.648738 0.623400 0.057104 0.057104
0 0.466536 0.824843 0.062220 0.062220
0 0.491454 0.012573 0.104277 0.104277
0 0.564934 0.411055 0.052757 0.052757
0 0.181067 0.006534 0.052757 0.052757
0 0.173523 0.858321 0.062220 0.062220
0 0.685284 0.758843 0.057104 0.057104
0 0.427409 0.094630 0.052757 0.052757
0 0.856640 0.297591 0.104277 0.104277
0 0.803937 0.159237 0.057104 0.057104
0 0.497359 0.670944 0.061130 0.061130
0 0.707105 0.383223 0.061130 0.061130
0 0.381936 0.313774 0.104278 0.104278
0 0.930873 0.559962 0.062220 0.062220
0 0.448785 0.292165 0.052757 0.052757
0 0.462589 0.931975 0.062220 0.062220
0 0.883514 0.900812 0.057104 0.057104
0 0.786654 0.085829 0.052757 0.052757
0 0.089894 0.471242 0.062220 0.062220
0 0.958540 0.717800 0.104277 0.104277
0 0.241226 0.558466 0.062220 0.062220
0 0.458246 0.547189 0.057104 0.057104
0 0.751674 0.944476 0.062220 0.062220
0 0.827201 0.411583 0.071945 0.071945
0 0.608909 0.038426 0.061130 0.061130
0 0.248400 0.890472 0.062220 0.062220
0 0.520455 0.977316 0.062220 0.062220
0 0.047880 0.102938 0.061130 0.061130
0 0.616214 0.943235 0.104277 0.104277
0 0.971048 0.478222 0.061130 0.061130
0 0.628947 0.200727 0.052757 0.052757
0 0.779121 0.237012 0.057104 0.057104
0 0.414664 0.414658 0.057104 0.057104
0 0.123662 0.652348 0.104278 0.104278
0 0.341939 0.381038 0.071945 0.071945
0 0.242300 0.645812 0.052757 0.052757
0 0.781586 0.667531 0.062220 0.062220
0 0.758931 0.521387 0.071945 0.071945
0 0.916485 0.987565 0.062220 0.062220
0 0.280524 0.460604 0.052757 0.052757
0 0.472820 0.456496 0.071945 0.071945
0 0.175203 0.700330 0.057104 0.057104
0 0.208781 0.369008 0.057104 0.057104
0 0.179278 0.446830 0.104277 0.104277
0 0.983941 0.172151 0.104277 0.104277
0 0.891340 0.758553 0.071945 0.071945
0 0.720228 0.047926 0.104277 0.104277
0 0.140405 0.566355 0.104277 0.104277
0 0.130859 0.347390 0.071945 0.071945
0 0.567382 0.875255 0.104277 0.104277
0 0.005028 0.288631 0.057104 0.057104
0 0.140679 0.976014 0.061131 0.061131
0 0.021815 0.971072 0.057104 0.057104
0 0.352349 0.491389 0.052757 0.052757
0 0.112235 0.240393 0.057104 0.057104
0 0.984255 0.405686 0.050559 0.050559
0 0.000974 0.899155 0.062220 0.062220
0 0.295237 0.229029 0.104277 0.104277
0 0.798657 0.880033 0.052757 0.052757
0 0.345380 0.073264 0.104277 0.104277
0 0.214016 0.991109 0.057104 0.057104
0 0.885897 0.141242 0.061131 0.061131
0 0.733004 0.182567 0.104277 0.104277
0 0.251053 0.148041 0.052757 0.052757
0 0.334624 0.783957 0.057104 0.057104
0 0.055386 0.692344 0.062220 0.062220
0 0.055560 0.619909 0.057104 0.057104
0 0.130282 0.062830 0.104277 0.104277
0 0.219942 0.220677 0.061130 0.061130
0 0.725432 0.875311 0.052757 0.052757
0 0.343285 0.163627 0.062220 0.062220
0 0.409795 0.198669 0.071945 0.071945
0 0.807909 0.011294 0.071945 0.071945
0 0.638902 0.122323 0.061130 0.061130
0 0.759104 0.740697 0.061130 0.061130
0 0.047788 0.345109 0.052757 0.052757
0 0.430585 0.760041 0.104277 0.104277
0 0.090563 0.883883 0.057104 0.057104
0 0.539417 0.309773 0.104277 0.104277
0 0.020389 0.005561 0.071945 0.071945
0 0.312968 0.305045 0.052757 0.052757
0 0.843310 0.535368 0.052757 0.052757
0 0.121977 0.134172 0.104277 0.104277
0 0.578701 0.480033 0.104277 0.104277
0 0.003303 0.768065 0.057104 0.057104