0 0.282535 0.795802 0.062220 0.062220
0 0.954793 0.955839 0.052757 0.052757
0 0.201362 0.260231 0.104277 0.104277
0 0.229420 0.670187 0.057103 0.057103
0 0.398473 0.917478 0.071945 0.071945
0 0.445721 0.979917 0.061130 0.061130
0 0.000766 0.715832 0.052757 0.052757
0 0.925973 0.893278 0.057104 0.057104
0 0.922820 0.732453 0.052757 0.052757
0 0.406444 0.016040 0.062220 0.062220
0 0.748843 0.719756 0.061131 0.061131
0 0.434225 0.420377 0.057104 0.057104
0 0.683969 0.641063 0.062220 0.062220
0 0.976903 0.827739 0.061131 0.061131
0 0.161540 0.492325 0.104277 0.104277
0 0.822932 0.084249 0.071945 0.071945
0 0.145582 0.934512 0.071945 0.071945
0 0.075337 0.927427 0.057104 0.057104
0 0.638725 0.022805 0.062220 0.062220
0 0.655853 0.325097 0.061131 0.061131
0 0.943493 0.236148 0.061130 0.061130
0 0.968506 0.355023 0.104277 0.104277
0 0.675296 0.086641 0.104277 0.104277
0 0.083834 0.022243 0.071945 0.071945
0 0.180937 0.356474 0.057104 0.057104
0 0.371990 0.575508 0.057104 0.057104
0 0.129507 0.305343 0.104277 0.104277
0 0.719265 0.221567 0.071945 0.071945
0 0.490579 0.857610 0.061130 0.061130
0 0.405154 0.336804 0.104277 0.104277
0 0.292013 0.617943 0.052757 0.052757
0 0.095868 0.174291 0.052757 0.052757
0 0.570316 0.155868 0.104277 0.104277
0 0.362929 0.157652 0.062220 0.062220
0 0.045188 0.641285 0.062220 0.062220
0 0.781348 0.470481 0.071945 0.071945
0 0.762716 0.921900 0.104277 0.104277
0 0.217254 0.420973 0.057104 0.057104
0 0.374408 0.670008 0.057104 0.057104
0 0.140553 0.835549 0.057104 0.057104
0 0.382269 0.837296 0.057104 0.057104
0 0.422798 0.499337 0.052757 0.052757
0 0.493989 0.568418 0.104277 0.104277
0 0.462546 0.137529 0.062220 0.062220
0 0.250835 0.951633 0.104277 0.104277
0 0.055392 0.844932 0.052757 0.052757
0 0.795156 0.604895 0.061131 0.061131
0 0.250093 0.856902 0.052757 0.052757
0 0.067004 0.776223 0.061130 0.061130
0 0.270071 0.060656 0.071945 0.071945
0 0.435457 0.770395 0.104277 0.104277
0 0.570766 0.653592 0.061130 0.061130
0 0.260737 0.296440 0.052757 0.052757
0 0.306679 0.508023 0.057104 0.057104
0 0.135958 0.691041 0.071945 0.071945
0 0.653252 0.551380 0.104277 0.104277
0 0.866133 0.435840 0.062220 0.062220
0 0.558177 0.388743 0.062220 0.062220
0 0.884695 0.675274 0.057104 0.057104
0 0.118757 0.432191 0.052757 0.052757
0 0.749164 0.150042 0.061131 0.061131
0 0.655177 0.959369 0.052757 0.052757
0 0.647944 0.729706 0.062220 0.062220
0 0.039662 0.123750 0.071945 0.071945
0 0.653008 0.187360 0.061131 0.061131
0 0.451121 0.644116 0.061130 0.061130
0 0.612709 0.793324 0.104278 0.104278
0 0.615992 0.265523 0.052757 0.052757
0 0.695626 0.460344 0.061131 0.061131
0 0.913180 0.157886 0.057104 0.057104
0 0.520959 0.065556 0.052757 0.052757
0 0.862852 0.857495 0.062220 0.062220
0 0.669727 0.859235 0.062220 0.062220
0 0.548284 0.973811 0.057104 0.057104
0 0.494043 0.290938 0.104277 0.104277
0 0.272561 0.370925 0.061130 0.061130
0 0.216412 0.190841 0.104277 0.104277
0 0.179113 0.061741 0.052757 0.052757
0 0.914313 0.608322 0.052757 0.052757
0 0.701647 0.791606 0.071945 0.071945
0 0.399612 0.095504 0.057104 0.057104
0 0.952986 0.087033 0.062220 0.062220
0 0.281997 0.219930 0.071945 0.071945
0 0.945278 0.451479 0.057104 0.057104
0 0.512560 0.446372 0.061130 0.061130
0 0.348870 0.754718 0.057104 0.057104
0 0.547286 0.751404 0.104277 0.104277
0 0.223628 0.745067 0.104277 0.104277
0 0.879081 0.525165 0.057104 0.057104
0 0.784930 0.273186 0.104277 0.104277
0 0.741848 0.848532 0.052757 0.052757
0 0.553319 0.519285 0.061130 0.061130
0 0.851272 0.342623 0.052757 0.052757
0 0.730300 0.561306 0.071945 0.071945
0 0.858427 0.208167 0.071945 0.071945
0 0.872400 0.018181 0.104277 0.104277
0 0.496226 0.203787 0.057104 0.057104
0 0.247755 0.550144 0.062220 0.062220
0 0.598765 0.458095 0.071945 0.071945
0 0.346948 0.245086 0.057104 0.057104
0 0.029025 0.473300 0.104277 0.104277
0 0.007248 0.057966 0.057104 0.057104
0 0.147566 0.608999 0.052757 0.052757
0 0.034427 0.353595 0.057104 0.057104
0 0.330002 0.941780 0.057104 0.057104
0 0.094817 0.534456 0.062220 0.062220
0 0.738829 0.332323 0.052757 0.052757
0 0.830657 0.734915 0.061131 0.061131