0 0.134570 0.198134 0.104277 0.104277
0 0.836745 0.510323 0.062220 0.062220
0 0.585737 0.813356 0.104277 0.104277
0 0.790819 0.569165 0.062220 0.062220
0 0.937393 0.546177 0.070161 0.070161
0 0.439479 0.216838 0.062220 0.062220
0 0.568113 0.537789 0.104278 0.104278
0 0.818600 0.973502 0.057104 0.057104
0 0.687506 0.209196 0.057104 0.057104
0 0.234834 0.352396 0.062220 0.062220
0 0.726794 0.517301 0.071945 0.071945
0 0.701214 0.285881 0.062220 0.062220
0 0.354676 0.978509 0.104277 0.104277
0 0.248253 0.592673 0.104277 0.104277
0 0.209259 0.487667 0.071945 0.071945
0 0.468209 0.575368 0.071945 0.071945
0 0.133520 0.425127 0.057104 0.057104
0 0.974130 0.485401 0.061130 0.061130
0 0.565312 0.909599 0.057104 0.057104
0 0.687015 0.368642 0.071945 0.071945
0 0.224176 0.890562 0.062220 0.062220
0 0.513882 0.858468 0.104277 0.104277
0 0.621319 0.307643 0.104277 0.104277
0 0.437560 0.383423 0.104277 0.104277
0 0.564781 0.420080 0.057104 0.057104
0 0.556864 0.283379 0.071945 0.071945
0 0.789529 0.889929 0.104277 0.104277
0 0.773727 0.239635 0.071945 0.071945
0 0.480243 0.727416 0.052757 0.052757
0 0.954691 0.708993 0.104277 0.104277
0 0.747304 0.710777 0.062220 0.062220
0 0.333054 0.652994 0.062220 0.062220
0 0.601629 0.974098 0.057104 0.057104
0 0.355155 0.292128 0.104277 0.104277
0 0.128974 0.793505 0.052757 0.052757
0 0.915482 0.415903 0.071945 0.071945
0 0.846921 0.690654 0.062220 0.062220
0 0.278512 0.768885 0.061130 0.061130
0 0.166292 0.324598 0.071945 0.071945
0 0.777124 0.350957 0.052757 0.052757
0 0.654446 0.613781 0.071945 0.071945
0 0.645112 0.849565 0.052757 0.052757
0 0.129880 0.687293 0.104277 0.104277
0 0.152545 0.531559 0.052757 0.052757
0 0.288271 0.429974 0.104277 0.104277
0 0.359375 0.379563 0.057104 0.057104
0 0.942552 0.941868 0.062220 0.062220
0 0.345923 0.737476 0.061130 0.061130
0 0.215097 0.716734 0.061130 0.061130
0 0.503132 0.985316 0.052757 0.052757
0 0.832721 0.406068 0.052757 0.052757
0 0.886404 0.235032 0.071945 0.071945
0 0.424037 0.676875 0.071945 0.071945
0 0.385951 0.456235 0.104277 0.104277
0 0.910338 0.316285 0.057104 0.057104
0 0.282464 0.527364 0.057104 0.057104
0 0.363024 0.849527 0.057104 0.057104
0 0.526848 0.358979 0.062220 0.062220
0 0.596876 0.189559 0.104277 0.104277
0 0.905334 0.618681 0.052757 0.052757
0 0.161479 0.860669 0.061130 0.061130
0 0.182127 0.626776 0.104278 0.104278
0 0.969108 0.202877 0.104277 0.104277
0 0.878418 0.844063 0.104277 0.104277
0 0.656936 0.924050 0.061130 0.061130
0 0.600787 0.743966 0.104277 0.104277
0 0.563488 0.614866 0.052757 0.052757
0 0.783987 0.648629 0.057104 0.057104
0 0.666372 0.773055 0.071945 0.071945
0 0.742516 0.413492 0.104277 0.104277
0 0.896935 0.999497 0.061130 0.061130
0 0.201630 0.414519 0.071945 0.071945
0 0.660509 0.535559 0.056505 0.056505
0 0.299528 0.897205 0.062220 0.062220
0 0.880601 0.756912 0.057104 0.057104
0 0.654806 0.466870 0.061130 0.061130
0 0.987707 0.416955 0.057103 0.057103
0 0.731323 0.798211 0.057104 0.057104
0 0.454360 0.490672 0.062220 0.062220
0 0.364911 0.196615 0.062220 0.062220
0 0.391623 0.611091 0.057104 0.057104
0 0.418802 0.906720 0.057104 0.057104
0 0.471636 0.277922 0.061130 0.061130
0 0.266291 0.285544 0.057104 0.057104
0 0.239853 0.196687 0.071945 0.071945
0 0.165933 0.945468 0.061130 0.061130