0 0.529410 0.552052 0.062220 0.062220
0 0.943659 0.948574 0.062220 0.062220
0 0.453967 0.779268 0.052757 0.052757
0 0.000752 0.980411 0.071945 0.071945
0 0.448237 0.016481 0.104277 0.104277
0 0.476295 0.426437 0.057103 0.057103
0 0.645348 0.673728 0.071945 0.071945
0 0.109895 0.399723 0.104277 0.104277
0 0.692596 0.736167 0.061130 0.061130
0 0.247641 0.472082 0.052757 0.052757
0 0.870730 0.860122 0.052757 0.052757
0 0.995718 0.476006 0.061131 0.061131
0 0.624115 0.949207 0.057104 0.057104
0 0.937930 0.796031 0.052757 0.052757
0 0.711046 0.945464 0.057104 0.057104
0 0.021365 0.754147 0.104278 0.104278
0 0.681100 0.176627 0.057104 0.057104
0 0.930844 0.397313 0.062220 0.062220
0 0.408415 0.248575 0.104277 0.104277
0 0.392457 0.690762 0.071945 0.071945
0 0.322212 0.683677 0.057104 0.057104
0 0.902728 0.081347 0.061131 0.061131
0 0.217176 0.181634 0.104277 0.104277
0 0.590265 0.849669 0.057104 0.057104
0 0.427812 0.112724 0.057104 0.057104
0 0.075011 0.203465 0.062220 0.062220
0 0.086676 0.093687 0.062220 0.062220
0 0.618865 0.331758 0.057104 0.057104
0 0.376382 0.061593 0.104277 0.104277
0 0.148321 0.239986 0.062220 0.062220
0 0.737454 0.613860 0.061130 0.061130
0 0.652029 0.093054 0.104277 0.104277
0 0.538888 0.374193 0.052757 0.052757
0 0.292063 0.397535 0.062220 0.062220
0 0.464129 0.177223 0.057104 0.057104
0 0.621283 0.426258 0.057104 0.057104
0 0.523388 0.813621 0.104277 0.104277
0 0.387428 0.591799 0.057104 0.057104
0 0.629144 0.593546 0.057104 0.057104
0 0.294783 0.768928 0.057104 0.057104
0 0.669673 0.255587 0.052757 0.052757
0 0.740864 0.324668 0.104277 0.104277
0 0.497710 0.707883 0.104277 0.104277
0 0.781753 0.825286 0.052757 0.052757
0 0.080328 0.537986 0.062220 0.062220
0 0.512803 0.900183 0.104277 0.104277
0 0.302267 0.601182 0.052757 0.052757
0 0.496968 0.613152 0.052757 0.052757
0 0.313879 0.532473 0.061130 0.061130
0 0.682332 0.526645 0.104277 0.104277
0 0.817641 0.409842 0.061130 0.061130
0 0.507612 0.052690 0.052757 0.052757
0 0.553554 0.264273 0.057104 0.057104
0 0.382833 0.447291 0.071945 0.071945
0 0.900127 0.307630 0.104277 0.104277
0 0.220847 0.859914 0.061130 0.061130
0 0.805052 0.144993 0.062220 0.062220
0 0.587720 0.775922 0.062220 0.062220
0 0.365632 0.188441 0.052757 0.052757
0 0.902052 0.715619 0.052757 0.052757
0 0.894819 0.485956 0.062220 0.062220
0 0.548652 0.981619 0.104277 0.104277
0 0.098473 0.924065 0.061130 0.061130
0 0.161994 0.309642 0.057104 0.057104
0 0.697996 0.400366 0.061130 0.061130
0 0.225524 0.052652 0.057104 0.057104
0 0.859584 0.549574 0.104278 0.104278
0 0.862867 0.021773 0.052757 0.052757
0 0.942501 0.216594 0.061131 0.061131
0 0.240030 0.560618 0.061130 0.061130
0 0.023979 0.063794 0.061130 0.061130
0 0.206642 0.397804 0.062220 0.062220
0 0.384460 0.796414 0.057104 0.057104
0 0.694968 0.805321 0.057104 0.057104
0 0.113951 0.843477 0.057104 0.057104
0 0.186656 0.738588 0.104277 0.104277
0 0.916602 0.615485 0.062220 0.062220
0 0.795159 0.730061 0.057104 0.057104
0 0.740918 0.047188 0.104277 0.104277
0 0.519436 0.127175 0.061130 0.061130
0 0.384224 0.874523 0.061130 0.061130
0 0.314061 0.861802 0.062220 0.062220
0 0.659076 0.879786 0.048997 0.048997
0 0.038348 0.469508 0.061130 0.061130
0 0.948522 0.547856 0.071945 0.071945
0 0.230047 0.319869 0.057104 0.057104
0 0.862102 0.784417 0.062220 0.062220
0 0.085580 0.685180 0.104277 0.104277
0 0.088415 0.327218 0.052757 0.052757
0 0.759435 0.202622 0.061130 0.061130
0 0.595745 0.510968 0.057104 0.057104
0 0.794161 0.507654 0.104277 0.104277
0 0.470503 0.501317 0.104277 0.104277
0 0.988723 0.604782 0.052757 0.052757
0 0.044122 0.842525 0.057104 0.057104
0 0.800194 0.275535 0.061130 0.061130
0 0.162028 0.100330 0.062220 0.062220
0 0.861661 0.935967 0.061131 0.061131
0 0.977175 0.317556 0.071945 0.071945
0 0.282622 0.946342 0.071945 0.071945
0 0.494630 0.306394 0.062220 0.062220
0 0.845640 0.214345 0.071945 0.071945
0 0.123962 0.475190 0.071945 0.071945
0 0.593823 0.001336 0.057104 0.057104
0 0.436435 0.974163 0.104277 0.104277
0 0.202561 0.939266 0.071945 0.071945
0 0.192812 0.662125 0.061130 0.061130
0 0.275900 0.229550 0.104277 0.104277
0 0.394441 0.365249 0.052757 0.052757
0 0.281302 0.109845 0.057104 0.057104
0 0.576877 0.698030 0.057104 0.057104
0 0.341692 0.290706 0.062220 0.062220
0 0.985704 0.088573 0.052757 0.052757
0 0.028433 0.148593 0.061130 0.061130
0 0.160834 0.598315 0.062220 0.062220