0 0.484592 0.080727 0.104277 0.104277
0 0.157052 0.288255 0.104278 0.104278
0 0.411095 0.880032 0.071945 0.071945
0 0.634882 0.078403 0.062220 0.062220
0 0.686216 0.848011 0.071945 0.071945
0 0.966594 0.588332 0.071945 0.071945
0 0.212708 0.725377 0.104277 0.104277
0 0.718344 0.963381 0.052757 0.052757
0 0.275196 0.449603 0.052757 0.052757
0 0.455493 0.636349 0.061130 0.061130
0 0.861771 0.761326 0.104277 0.104277
0 0.998140 0.068878 0.047276 0.047276
0 0.888494 0.375479 0.062220 0.062220
0 0.174490 0.399060 0.052757 0.052757
0 0.628437 0.598225 0.071945 0.071945
0 0.195561 0.570287 0.052757 0.052757
0 0.309244 0.899487 0.062220 0.062220
0 0.271868 0.645422 0.071945 0.071945
0 0.021469 0.650948 0.104277 0.104277
0 0.514578 0.182178 0.051819 0.051819
0 0.828767 0.924445 0.104277 0.104277
0 0.694726 0.125891 0.052757 0.052757
0 0.407284 0.470979 0.104277 0.104277
0 0.707145 0.717083 0.104277 0.104277
0 0.824924 0.528276 0.071945 0.071945
0 0.756002 0.074406 0.057103 0.057103
0 0.829671 0.459830 0.062220 0.062220
0 0.288297 0.995243 0.061130 0.061130
0 0.072577 0.797003 0.104277 0.104277
0 0.767627 0.655581 0.057104 0.057104
0 0.810594 0.829256 0.062220 0.062220
0 0.563336 0.956443 0.052757 0.052757
0 0.710344 0.587365 0.062220 0.062220
0 0.106898 0.199693 0.052757 0.052757
0 0.790656 0.191746 0.104277 0.104277
0 0.590419 0.252522 0.104277 0.104277
0 0.895993 0.560058 0.061130 0.061130
0 0.585556 0.179229 0.071945 0.071945
0 0.982148 0.174803 0.071945 0.071945
0 0.349741 0.721711 0.052757 0.052757
0 0.292027 0.191938 0.052757 0.052757
0 0.887987 0.206614 0.061131 0.061131
0 0.159765 0.644466 0.104277 0.104277
0 0.107062 0.506112 0.057104 0.057104
0 0.312399 0.587716 0.052757 0.052757
0 0.506874 0.339151 0.054783 0.054783
0 0.643717 0.784287 0.062220 0.062220
0 0.487404 0.859837 0.061131 0.061131
0 0.674426 0.273063 0.057103 0.057103
0 0.010230 0.730098 0.061130 0.061130
0 0.445797 0.788288 0.071945 0.071945
0 0.474976 0.451317 0.071945 0.071945
0 0.233998 0.906837 0.062220 0.062220
0 0.475236 0.522141 0.061130 0.061130
0 0.258100 0.112569 0.071945 0.071945
0 0.031777 0.318166 0.061130 0.061130
0 0.089779 0.432704 0.052757 0.052757
0 0.768732 0.339884 0.061131 0.061131
0 0.355256 0.347819 0.057104 0.057104
0 0.719910 0.207765 0.061131 0.061131
0 0.130326 0.758458 0.071945 0.071945
0 0.930239 0.817232 0.045227 0.045227
0 0.564627 0.865559 0.052757 0.052757
0 0.026473 0.152822 0.062220 0.062220
0 0.985481 0.300307 0.071945 0.071945
0 0.990863 0.438832 0.104278 0.104278
0 0.920464 0.060745 0.062220 0.062220
0 0.274173 0.825097 0.061130 0.061130
0 0.369451 0.225945 0.052757 0.052757
0 0.985904 0.721027 0.061130 0.061130
0 0.082246 0.583887 0.057104 0.057104
0 0.062056 0.868262 0.071945 0.071945
0 0.390605 0.036491 0.071945 0.071945
0 0.922068 0.273410 0.104278 0.104278
0 0.599389 0.439809 0.052757 0.052757
0 0.080900 0.090209 0.061130 0.061130
0 0.180993 0.182745 0.057104 0.057104
0 0.073142 0.006527 0.104277 0.104277
0 0.280594 0.260361 0.062220 0.062220
0 0.845421 0.312989 0.062220 0.062220
0 0.287066 0.519026 0.104277 0.104277
0 0.642253 0.679320 0.052757 0.052757
0 0.023353 0.394801 0.104277 0.104277
0 0.554300 0.731184 0.052757 0.052757
0 0.373837 0.797571 0.057104 0.057104
0 0.226897 0.316450 0.104277 0.104277
0 0.381730 0.120407 0.057104 0.057104
0 0.844310 0.664724 0.061131 0.061131
0 0.749947 0.528987 0.057104 0.057104
0 0.768982 0.263488 0.071945 0.071945
0 0.191905 0.094662 0.057104 0.057104
0 0.583234 0.325900 0.104277 0.104277
0 0.641322 0.957620 0.055027 0.055027
0 0.773514 0.758442 0.061131 0.061131
0 0.432013 0.986533 0.062220 0.062220
0 0.287380 0.752561 0.050559 0.050559
0 0.416519 0.695340 0.061130 0.061130
0 0.545790 0.515712 0.071945 0.071945
0 0.647777 0.370098 0.057104 0.057104
0 0.687823 0.427236 0.104277 0.104277
0 0.189022 0.488117 0.061131 0.061131
0 0.036129 0.529442 0.104277 0.104277
0 0.544590 0.610265 0.071945 0.071945
0 0.504052 0.999343 0.104277 0.104277
0 0.493315 0.271197 0.052757 0.052757
0 0.420752 0.305424 0.104277 0.104277
0 0.931433 0.678218 0.052757 0.052757
0 0.111034 0.358169 0.071945 0.071945
0 0.351235 0.424389 0.071945 0.071945
0 0.657499 0.518840 0.104277 0.104277
0 0.381942 0.562329 0.104277 0.104277
0 0.146435 0.882243 0.052757 0.052757
0 0.933708 0.484385 0.061131 0.061131
0 0.556201 0.041970 0.057104 0.057104
0 0.920040 0.934389 0.088662 0.088662
0 0.825952 0.124701 0.061131 0.061131