0 0.364762 0.954065 0.104277 0.104277
0 0.426588 0.863017 0.071945 0.071945
0 0.578401 0.848627 0.071945 0.071945
0 0.629307 0.397661 0.104277 0.104277
0 0.661787 0.738930 0.061131 0.061131
0 0.819409 0.362189 0.104277 0.104277
0 0.370471 0.726118 0.104277 0.104277
0 0.863598 0.558437 0.057104 0.057104
0 0.732864 0.008519 0.062220 0.062220
0 0.990051 0.763397 0.062221 0.062221
0 0.865842 0.006466 0.057104 0.057104
0 0.878957 0.726402 0.104277 0.104277
0 0.955983 0.520316 0.104277 0.104277
0 0.782439 0.271946 0.057104 0.057104
0 0.710599 0.123429 0.104277 0.104277
0 0.692902 0.475325 0.104277 0.104277
0 0.240534 0.898574 0.062220 0.062220
0 0.498543 0.662089 0.052757 0.052757
0 0.695793 0.313905 0.061131 0.061131
0 0.442481 0.772614 0.057104 0.057104
0 0.579009 0.237438 0.071945 0.071945
0 0.493563 0.980768 0.052757 0.052757
0 0.761620 0.716570 0.104277 0.104277
0 0.796018 0.137717 0.062220 0.062220
0 0.167605 0.810122 0.052757 0.052757
0 0.631897 0.532980 0.062220 0.062220
0 0.549770 0.916728 0.057104 0.057104
0 0.469723 0.599528 0.057104 0.057104
0 0.466570 0.438703 0.052757 0.052757
0 0.940319 0.869485 0.052757 0.052757
0 0.577724 0.576966 0.061130 0.061130
0 0.854175 0.258968 0.071945 0.071945
0 0.935972 0.029509 0.071945 0.071945
0 0.292593 0.426006 0.061131 0.061131
0 0.880232 0.830296 0.062221 0.062221
0 0.234805 0.746031 0.052757 0.052757
0 0.007921 0.895464 0.057104 0.057104
0 0.881862 0.635784 0.071945 0.071945
0 0.818777 0.865925 0.052757 0.052757
0 0.787587 0.449775 0.061130 0.061130
0 0.805883 0.933787 0.104277 0.104277
0 0.227719 0.347313 0.062220 0.062220
0 0.520653 0.533989 0.061131 0.061131
0 0.711521 0.957419 0.104277 0.104277
0 0.339868 0.828314 0.071945 0.071945
0 0.569880 0.467442 0.057104 0.057104
0 0.636794 0.061247 0.071945 0.071945
0 0.199603 0.031347 0.061131 0.061131
0 0.512256 0.061273 0.104277 0.104277
0 0.980285 0.389352 0.057104 0.057104
0 0.301992 0.988432 0.057104 0.057104
0 0.636172 0.192950 0.104277 0.104277
0 0.034329 0.563860 0.061130 0.061130
0 0.928260 0.136650 0.104278 0.104278
0 0.658448 0.899127 0.061130 0.061130
0 0.793374 0.524650 0.061130 0.061130
0 0.325098 0.176731 0.071945 0.071945
0 0.306466 0.628150 0.104277 0.104277
0 0.608544 0.993610 0.062220 0.062220
0 0.037739 0.274668 0.104277 0.104277
0 0.078628 0.775286 0.052757 0.052757
0 0.521976 0.764640 0.062220 0.062220
0 0.338906 0.311145 0.061131 0.061131
0 0.114516 0.359842 0.061130 0.061130
0 0.197002 0.257630 0.104277 0.104277
0 0.409883 0.142090 0.062220 0.062220
0 0.932617 0.443354 0.052757 0.052757
0 0.101927 0.094993 0.062220 0.062220
0 0.428445 0.381524 0.057104 0.057104
0 0.589048 0.682491 0.071945 0.071945
0 0.198927 0.665619 0.052757 0.052757
0 0.191694 0.435956 0.062220 0.062220
0 0.551931 0.340148 0.071945 0.071945
0 0.156459 0.499574 0.104278 0.104278
0 0.239376 0.166594 0.061131 0.061131
0 0.406602 0.563745 0.062220 0.062220
0 0.999874 0.914726 0.071945 0.071945
0 0.969703 0.218692 0.057104 0.057104
0 0.850643 0.188812 0.057104 0.057104
0 0.708013 0.212698 0.052757 0.052757
0 0.213477 0.565485 0.062220 0.062220
0 0.092034 0.680061 0.057104 0.057104
0 0.883040 0.964948 0.071945 0.071945
0 0.458063 0.314572 0.052757 0.052757
0 0.245397 0.497856 0.071945 0.071945
0 0.158977 0.734417 0.062220 0.062220
0 0.977421 0.613923 0.104277 0.104277
0 0.489028 0.157729 0.057104 0.057104
0 0.732008 0.646152 0.057104 0.057104
0 0.056310 0.152622 0.061130 0.061130
0 0.091036 0.457654 0.104277 0.104277
0 0.422831 0.231415 0.057104 0.057104
0 0.154959 0.975778 0.062220 0.062220
0 0.285598 0.554782 0.052757 0.052757
0 0.714751 0.786090 0.057104 0.057104
0 0.097069 0.225535 0.061130 0.061130
0 0.395022 0.048873 0.052757 0.052757
0 0.158536 0.885967 0.061131 0.061131
0 0.274050 0.267556 0.071945 0.071945
0 0.723413 0.572453 0.104277 0.104277
0 0.950405 0.322157 0.061130 0.061130
0 0.142515 0.164345 0.071945 0.071945
0 0.792746 0.600048 0.104277 0.104277
0 0.806926 0.796306 0.052757 0.052757
0 0.282579 0.038573 0.052757 0.052757
0 0.577014 0.155727 0.062220 0.062220
0 0.086044 0.982772 0.071945 0.071945
0 0.374407 0.441165 0.061131 0.061131