0 0.771630 0.072367 0.071945 0.071945
0 0.566807 0.575786 0.104277 0.104277
0 0.599287 0.917055 0.061131 0.061131
0 0.756909 0.540314 0.104277 0.104277
0 0.307971 0.904243 0.104277 0.104277
0 0.801098 0.736562 0.057104 0.057104
0 0.670364 0.186644 0.062220 0.062220
0 0.927551 0.941522 0.062221 0.062221
0 0.803342 0.184591 0.057104 0.057104
0 0.816457 0.904527 0.104277 0.104277
0 0.893483 0.698441 0.104277 0.104277
0 0.836153 0.109899 0.052757 0.052757
0 0.719939 0.450071 0.057104 0.057104
0 0.648099 0.301554 0.104277 0.104277
0 0.630402 0.653450 0.104277 0.104277
0 0.436043 0.840214 0.052757 0.052757
0 0.633293 0.492030 0.061131 0.061131
0 0.643101 0.115937 0.052757 0.052757
0 0.379981 0.950739 0.057104 0.057104
0 0.516509 0.415563 0.071945 0.071945
0 0.699120 0.894695 0.104277 0.104277
0 0.733518 0.315842 0.062220 0.062220
0 0.105105 0.988247 0.052757 0.052757
0 0.569397 0.711105 0.062220 0.062220
0 0.407223 0.777653 0.057104 0.057104
0 0.404070 0.616828 0.052757 0.052757
0 0.515224 0.755091 0.061130 0.061130
0 0.791675 0.437093 0.071945 0.071945
0 0.873472 0.207634 0.071945 0.071945
0 0.230093 0.604131 0.061131 0.061131
0 0.735260 0.136247 0.071945 0.071945
0 0.172305 0.924156 0.052757 0.052757
0 0.819362 0.813909 0.071945 0.071945
0 0.725087 0.627900 0.061130 0.061130
0 0.165219 0.525438 0.062220 0.062220
0 0.458153 0.712114 0.061131 0.061131
0 0.507380 0.645567 0.057104 0.057104
0 0.922407 0.145847 0.071945 0.071945
0 0.574294 0.239372 0.071945 0.071945
0 0.137103 0.209472 0.061131 0.061131
0 0.424743 0.120523 0.061130 0.061130
0 0.934973 0.069210 0.071945 0.071945
0 0.449756 0.239398 0.104277 0.104277
0 0.917785 0.567477 0.057104 0.057104
0 0.200515 0.105942 0.071945 0.071945
0 0.573672 0.371075 0.104277 0.104277
0 0.865760 0.314775 0.104278 0.104278
0 0.730874 0.702775 0.061130 0.061130
0 0.051566 0.040243 0.104277 0.104277
0 0.262598 0.354856 0.071945 0.071945
0 0.243966 0.806275 0.104277 0.104277
0 0.016128 0.953411 0.052757 0.052757
0 0.459476 0.942765 0.062220 0.062220
0 0.276406 0.489270 0.061131 0.061131
0 0.052016 0.537967 0.061130 0.061130
0 0.134502 0.435755 0.104277 0.104277
0 0.633840 0.038784 0.062220 0.062220
0 0.347383 0.320215 0.062220 0.062220
0 0.870117 0.621479 0.052757 0.052757
0 0.039427 0.273118 0.062220 0.062220
0 0.365945 0.559649 0.057104 0.057104
0 0.230414 0.034417 0.061131 0.061131
0 0.526548 0.860616 0.071945 0.071945
0 0.136427 0.843744 0.052757 0.052757
0 0.129194 0.614081 0.062220 0.062220
0 0.134258 0.071735 0.061131 0.061131
0 0.489431 0.518273 0.071945 0.071945
0 0.093959 0.677699 0.104278 0.104278
0 0.097242 0.149898 0.052757 0.052757
0 0.176876 0.344719 0.061131 0.061131
0 0.394430 0.042261 0.057104 0.057104
0 0.344102 0.741870 0.062220 0.062220
0 0.907203 0.396817 0.057104 0.057104
0 0.788143 0.366937 0.057104 0.057104
0 0.645513 0.390823 0.052757 0.052757
0 0.150977 0.743610 0.062220 0.062220
0 0.029534 0.858186 0.057104 0.057104
0 0.395563 0.492697 0.052757 0.052757
0 0.182897 0.675981 0.071945 0.071945
0 0.096477 0.912542 0.062220 0.062220
0 0.914921 0.792048 0.104277 0.104277
0 0.532274 0.056837 0.071945 0.071945
0 0.426528 0.335854 0.057104 0.057104
0 0.669508 0.824277 0.057104 0.057104
0 0.028536 0.635779 0.104277 0.104277
0 0.808365 0.003196 0.062220 0.062220
0 0.360331 0.409540 0.057104 0.057104
0 0.266180 0.157561 0.104277 0.104277
0 0.223098 0.732907 0.052757 0.052757
0 0.652251 0.964215 0.057104 0.057104
0 0.034569 0.403660 0.061130 0.061130
0 0.332522 0.226998 0.052757 0.052757
0 0.211550 0.445681 0.071945 0.071945
0 0.339677 0.092542 0.071945 0.071945
0 0.660913 0.750578 0.104277 0.104277
0 0.887905 0.500282 0.061130 0.061130
0 0.080015 0.342470 0.071945 0.071945
0 0.868494 0.037424 0.104278 0.104278
0 0.556433 0.155742 0.104277 0.104277
0 0.730246 0.778173 0.104277 0.104277
0 0.744426 0.974431 0.052757 0.052757
0 0.220079 0.216698 0.052757 0.052757
0 0.514514 0.333852 0.062220 0.062220
0 0.311907 0.619290 0.061131 0.061131