0 0.304713 0.916142 0.071945 0.071945
0 0.456526 0.901752 0.071945 0.071945
0 0.507432 0.450786 0.104277 0.104277
0 0.539912 0.792055 0.061131 0.061131
0 0.697534 0.415314 0.104277 0.104277
0 0.248596 0.779243 0.104277 0.104277
0 0.741723 0.611562 0.057104 0.057104
0 0.610989 0.061644 0.062220 0.062220
0 0.868176 0.816522 0.062221 0.062221
0 0.743967 0.059591 0.057104 0.057104
0 0.757082 0.779527 0.104277 0.104277
0 0.834108 0.573441 0.104277 0.104277
0 0.660564 0.325071 0.057104 0.057104
0 0.588724 0.176554 0.104277 0.104277
0 0.571027 0.528450 0.104277 0.104277
0 0.118659 0.951699 0.062220 0.062220
0 0.376668 0.715214 0.052757 0.052757
0 0.573918 0.367030 0.061131 0.061131
0 0.320606 0.825739 0.057104 0.057104
0 0.457134 0.290563 0.071945 0.071945
0 0.639745 0.769695 0.104277 0.104277
0 0.674143 0.190842 0.062220 0.062220
0 0.045730 0.863247 0.052757 0.052757
0 0.510022 0.586105 0.062220 0.062220
0 0.427895 0.969853 0.057104 0.057104
0 0.347848 0.652653 0.057104 0.057104
0 0.344695 0.491828 0.052757 0.052757
0 0.818444 0.922610 0.052757 0.052757
0 0.455849 0.630091 0.061130 0.061130
0 0.732300 0.312093 0.071945 0.071945
0 0.814097 0.082634 0.071945 0.071945
0 0.170718 0.479131 0.061131 0.061131
0 0.758357 0.883421 0.062221 0.062221
0 0.675885 0.011247 0.071945 0.071945
0 0.112930 0.799156 0.052757 0.052757
0 0.759987 0.688909 0.071945 0.071945
0 0.696902 0.919050 0.052757 0.052757
0 0.665712 0.502900 0.061130 0.061130
0 0.684008 0.986912 0.104277 0.104277
0 0.105844 0.400438 0.062220 0.062220
0 0.398778 0.587114 0.061131 0.061131
0 0.217993 0.881439 0.071945 0.071945
0 0.448005 0.520567 0.057104 0.057104
0 0.863032 0.020847 0.071945 0.071945
0 0.514919 0.114372 0.071945 0.071945
0 0.077728 0.084472 0.061131 0.061131
0 0.390381 0.114398 0.104277 0.104277
0 0.858410 0.442477 0.057104 0.057104
0 0.514297 0.246075 0.104277 0.104277
0 0.806385 0.189775 0.104278 0.104278
0 0.536573 0.952252 0.061130 0.061130
0 0.671499 0.577775 0.061130 0.061130
0 0.203223 0.229856 0.071945 0.071945
0 0.184591 0.681275 0.104277 0.104277
0 0.400101 0.817765 0.062220 0.062220
0 0.217031 0.364270 0.061131 0.061131
0 0.075127 0.310755 0.104277 0.104277
0 0.288008 0.195215 0.062220 0.062220
0 0.810742 0.496479 0.052757 0.052757
0 0.306570 0.434649 0.057104 0.057104
0 0.467173 0.735616 0.071945 0.071945
0 0.077052 0.718744 0.052757 0.052757
0 0.069819 0.489081 0.062220 0.062220
0 0.430056 0.393273 0.071945 0.071945
0 0.034584 0.552699 0.104278 0.104278
0 0.037867 0.024898 0.052757 0.052757
0 0.117501 0.219719 0.061131 0.061131
0 0.284727 0.616870 0.062220 0.062220
0 0.877999 0.967851 0.071945 0.071945
0 0.847828 0.271817 0.057104 0.057104
0 0.728768 0.241937 0.057104 0.057104
0 0.586138 0.265823 0.052757 0.052757
0 0.091602 0.618610 0.062220 0.062220
0 0.336188 0.367697 0.052757 0.052757
0 0.123522 0.550981 0.071945 0.071945
0 0.037102 0.787542 0.062220 0.062220
0 0.855546 0.667048 0.104277 0.104277
0 0.367153 0.210854 0.057104 0.057104
0 0.610133 0.699277 0.057104 0.057104
0 0.300956 0.284540 0.057104 0.057104
0 0.206805 0.032561 0.104277 0.104277
0 0.163723 0.607907 0.052757 0.052757
0 0.592876 0.839215 0.057104 0.057104
0 0.273147 0.101998 0.052757 0.052757
0 0.036661 0.939092 0.061131 0.061131
0 0.152175 0.320681 0.071945 0.071945
0 0.601538 0.625578 0.104277 0.104277
0 0.828530 0.375282 0.061130 0.061130
0 0.020640 0.217470 0.071945 0.071945
0 0.497058 0.030742 0.104277 0.104277
0 0.670871 0.653173 0.104277 0.104277
0 0.685051 0.849431 0.052757 0.052757
0 0.160704 0.091698 0.052757 0.052757
0 0.455139 0.208852 0.062220 0.062220
0 0.252532 0.494290 0.061131 0.061131