0 0.612717 0.233852 0.104277 0.104277
0 0.569169 0.021861 0.061130 0.061130
0 0.285177 0.441380 0.104278 0.104278
0 0.763007 0.231528 0.062220 0.062220
0 0.340833 0.878502 0.104277 0.104277
0 0.403321 0.602728 0.052757 0.052757
0 0.872518 0.030135 0.071945 0.071945
0 0.583618 0.789474 0.061130 0.061130
0 0.989896 0.914451 0.104277 0.104277
0 0.075812 0.959696 0.052757 0.052757
0 0.302615 0.552185 0.052757 0.052757
0 0.756562 0.751350 0.071945 0.071945
0 0.323686 0.723412 0.052757 0.052757
0 0.067237 0.872275 0.104277 0.104277
0 0.606841 0.148667 0.057104 0.057104
0 0.399993 0.798547 0.071945 0.071945
0 0.149594 0.804073 0.104277 0.104277
0 0.642703 0.335303 0.051819 0.051819
0 0.073761 0.773133 0.061130 0.061130
0 0.288869 0.011858 0.104277 0.104277
0 0.822851 0.279016 0.052757 0.052757
0 0.013681 0.144686 0.057104 0.057104
0 0.535409 0.624104 0.104277 0.104277
0 0.835270 0.870208 0.104277 0.104277
0 0.953049 0.681401 0.071945 0.071945
0 0.884127 0.227531 0.057103 0.057103
0 0.957796 0.612955 0.062220 0.062220
0 0.200702 0.950128 0.104277 0.104277
0 0.895752 0.808706 0.057104 0.057104
0 0.938719 0.982381 0.062220 0.062220
0 0.838469 0.740490 0.062220 0.062220
0 0.799743 0.066864 0.036679 0.036679
0 0.235023 0.352818 0.052757 0.052757
0 0.918781 0.344871 0.104277 0.104277
0 0.718544 0.405647 0.104277 0.104277
0 0.713681 0.332354 0.071945 0.071945
0 0.477866 0.874836 0.052757 0.052757
0 0.420152 0.345063 0.052757 0.052757
0 0.287890 0.797591 0.104277 0.104277
0 0.235187 0.659237 0.057104 0.057104
0 0.440524 0.740841 0.052757 0.052757
0 0.634999 0.492276 0.054783 0.054783
0 0.939926 0.053019 0.062220 0.062220
0 0.771842 0.937412 0.062220 0.062220
0 0.802551 0.426188 0.057103 0.057103
0 0.138355 0.883223 0.061130 0.061130
0 0.573922 0.941413 0.071945 0.071945
0 0.603101 0.604442 0.071945 0.071945
0 0.603361 0.675266 0.061130 0.061130
0 0.386225 0.265694 0.071945 0.071945
0 0.159902 0.471291 0.061130 0.061130
0 0.051255 0.370133 0.071945 0.071945
0 0.217904 0.585829 0.052757 0.052757
0 0.896857 0.493009 0.061131 0.061131
0 0.483381 0.500944 0.057104 0.057104
0 0.848035 0.360890 0.061131 0.061131
0 0.258451 0.911583 0.071945 0.071945
0 0.060003 0.093319 0.071945 0.071945
0 0.040159 0.538426 0.061130 0.061130
0 0.010828 0.454761 0.062220 0.062220
0 0.154598 0.305947 0.062220 0.062220
0 0.270259 0.134947 0.061130 0.061130
0 0.402298 0.978222 0.061130 0.061130
0 0.497576 0.379070 0.052757 0.052757
0 0.060197 0.700727 0.052757 0.052757
0 0.210371 0.737012 0.057104 0.057104
0 0.205571 0.037208 0.061130 0.061130
0 0.355325 0.091743 0.104277 0.104277
0 0.518730 0.189616 0.071945 0.071945
0 0.727514 0.592934 0.052757 0.052757
0 0.209025 0.243334 0.061130 0.061130
0 0.309118 0.335870 0.057104 0.057104
0 0.201267 0.159652 0.104277 0.104277
0 0.408719 0.413486 0.062220 0.062220
0 0.973546 0.466114 0.062220 0.062220
0 0.405886 0.140280 0.104277 0.104277
0 0.384791 0.027590 0.052757 0.052757
0 0.415191 0.672151 0.104277 0.104277
0 0.770378 0.832445 0.052757 0.052757
0 0.691707 0.067278 0.062220 0.062220
0 0.151478 0.547926 0.104277 0.104277
0 0.682425 0.884309 0.052757 0.052757
0 0.112124 0.401947 0.071945 0.071945
0 0.501962 0.950696 0.057104 0.057104
0 0.355022 0.469575 0.104277 0.104277
0 0.833918 0.149974 0.104277 0.104277
0 0.509855 0.273532 0.057104 0.057104
0 0.972435 0.817849 0.061131 0.061131
0 0.878072 0.682112 0.057104 0.057104
0 0.129798 0.131225 0.052757 0.052757
0 0.897107 0.416613 0.071945 0.071945
0 0.747370 0.115196 0.071945 0.071945
0 0.106695 0.038285 0.061130 0.061130
0 0.465724 0.096340 0.052757 0.052757
0 0.320030 0.247787 0.057104 0.057104
0 0.711359 0.479025 0.104277 0.104277
0 0.901639 0.911567 0.061131 0.061131
0 0.103599 0.198251 0.061130 0.061130
0 0.415505 0.905686 0.050559 0.050559
0 0.888265 0.105343 0.061131 0.061131
0 0.544644 0.848465 0.061130 0.061130
0 0.673915 0.668837 0.071945 0.071945
0 0.775902 0.523223 0.057104 0.057104
0 0.815948 0.580361 0.104277 0.104277
0 0.317147 0.641242 0.061131 0.061131
0 0.164254 0.682567 0.104277 0.104277
0 0.672715 0.763390 0.071945 0.071945
0 0.621440 0.424322 0.052757 0.052757
0 0.548877 0.458549 0.104277 0.104277
0 0.064391 0.294936 0.062220 0.062220
0 0.239159 0.511294 0.071945 0.071945
0 0.070152 0.622323 0.061130 0.061130
0 0.980933 0.142340 0.071945 0.071945
0 0.479360 0.577514 0.071945 0.071945
0 0.785624 0.671965 0.104277 0.104277
0 0.510067 0.715454 0.104277 0.104277
0 0.684326 0.195095 0.057104 0.057104
0 0.019049 0.220491 0.071945 0.071945
0 0.009951 0.980033 0.104277 0.104277
0 0.954077 0.277826 0.061131 0.061131