0 0.427370 0.379073 0.062220 0.062220
0 0.176362 0.682106 0.104277 0.104277
0 0.976368 0.157212 0.052757 0.052757
0 0.381444 0.437915 0.062220 0.062220
0 0.528018 0.414927 0.070161 0.070161
0 0.030104 0.085588 0.062220 0.062220
0 0.158738 0.406539 0.104278 0.104278
0 0.881392 0.073520 0.062220 0.062220
0 0.409225 0.842252 0.057104 0.057104
0 0.278131 0.077946 0.057104 0.057104
0 0.136540 0.914200 0.104277 0.104277
0 0.797932 0.506124 0.071945 0.071945
0 0.895591 0.193502 0.062220 0.062220
0 0.317419 0.386051 0.071945 0.071945
0 0.613725 0.444680 0.062220 0.062220
0 0.630853 0.746972 0.061131 0.061131
0 0.918493 0.658023 0.061130 0.061130
0 0.291839 0.154631 0.062220 0.062220
0 0.943506 0.776898 0.104277 0.104277
0 0.650296 0.508516 0.104277 0.104277
0 0.825491 0.160907 0.052757 0.052757
0 0.058834 0.444118 0.071945 0.071945
0 0.564755 0.354151 0.061130 0.061130
0 0.155937 0.778349 0.057104 0.057104
0 0.277640 0.237392 0.071945 0.071945
0 0.346990 0.997383 0.057104 0.057104
0 0.104507 0.727218 0.104277 0.104277
0 0.694265 0.643442 0.071945 0.071945
0 0.211944 0.176393 0.104277 0.104277
0 0.028185 0.252173 0.104277 0.104277
0 0.155406 0.288830 0.057104 0.057104
0 0.147489 0.152129 0.071945 0.071945
0 0.951876 0.330344 0.061130 0.061130
0 0.380154 0.758679 0.104277 0.104277
0 0.758481 0.239956 0.071945 0.071945
0 0.364352 0.108385 0.071945 0.071945
0 0.070868 0.596166 0.052757 0.052757
0 0.545316 0.577743 0.104277 0.104277
0 0.646180 0.322340 0.057104 0.057104
0 0.337929 0.579527 0.062220 0.062220
0 0.646936 0.125196 0.061131 0.061131
0 0.756348 0.892356 0.071945 0.071945
0 0.192254 0.842848 0.057104 0.057104
0 0.956375 0.080824 0.057104 0.057104
0 0.616652 0.224471 0.071945 0.071945
0 0.506107 0.284653 0.071945 0.071945
0 0.397798 0.921212 0.052757 0.052757
0 0.468989 0.990293 0.104277 0.104277
0 0.437546 0.559404 0.062220 0.062220
0 0.367749 0.219707 0.052757 0.052757
0 0.245071 0.482531 0.071945 0.071945
0 0.235737 0.718315 0.052757 0.052757
0 0.281679 0.929898 0.057104 0.057104
0 0.628252 0.973255 0.104277 0.104277
0 0.743771 0.142485 0.052757 0.052757
0 0.679600 0.387979 0.062220 0.062220
0 0.841133 0.857715 0.062220 0.062220
0 0.533177 0.810618 0.062220 0.062220
0 0.949285 0.247632 0.061131 0.061131
0 0.093757 0.854066 0.052757 0.052757
0 0.423346 0.274818 0.052757 0.052757
0 0.724164 0.571917 0.061131 0.061131
0 0.477029 0.103782 0.071945 0.071945
0 0.014662 0.545625 0.071945 0.071945
0 0.628008 0.609235 0.061131 0.061131
0 0.896549 0.383439 0.071945 0.071945
0 0.808014 0.080700 0.062220 0.062220
0 0.500963 0.185035 0.057104 0.057104
0 0.117473 0.227729 0.062220 0.062220
0 0.187501 0.058309 0.104277 0.104277
0 0.590992 0.687398 0.052757 0.052757
0 0.670626 0.882219 0.061131 0.061131
0 0.888180 0.579761 0.057104 0.057104
0 0.495959 0.487431 0.052757 0.052757
0 0.743105 0.421094 0.071945 0.071945
0 0.824279 0.283097 0.071945 0.071945
0 0.559733 0.071627 0.104277 0.104277
0 0.469043 0.712813 0.104277 0.104277
0 0.247561 0.792800 0.061130 0.061130
0 0.191412 0.612716 0.104277 0.104277
0 0.154113 0.483616 0.052757 0.052757
0 0.374612 0.517379 0.057104 0.057104
0 0.927986 0.508908 0.062220 0.062220
0 0.256997 0.641805 0.071945 0.071945
0 0.333141 0.282242 0.104277 0.104277
0 0.920278 0.873354 0.057104 0.057104
0 0.487560 0.868247 0.061130 0.061130
0 0.754685 0.344144 0.071945 0.071945
0 0.251134 0.404309 0.056505 0.056505
0 0.854081 0.947040 0.057104 0.057104
0 0.759930 0.695061 0.104277 0.104277
0 0.528319 0.941160 0.061130 0.061130
0 0.826272 0.764498 0.052757 0.052757
0 0.705300 0.983181 0.071945 0.071945
0 0.994942 0.532500 0.104277 0.104277
0 0.833427 0.630042 0.071945 0.071945
0 0.847400 0.440056 0.104277 0.104277
0 0.471226 0.625662 0.057104 0.057104
0 0.245431 0.335620 0.061130 0.061130
0 0.222755 0.972019 0.062220 0.062220
0 0.573765 0.879970 0.071945 0.071945
0 0.578332 0.285705 0.057103 0.057103
0 0.321948 0.666961 0.057104 0.057104
0 0.044985 0.359422 0.062220 0.062220
0 0.004025 0.895175 0.104277 0.104277
0 0.009427 0.775470 0.057104 0.057104
0 0.062261 0.146672 0.061130 0.061130
0 0.731049 0.072049 0.057104 0.057104
0 0.069817 0.956331 0.062220 0.062220
0 0.713829 0.754198 0.052757 0.052757