0 0.747677 0.378880 0.104278 0.104278
0 0.803333 0.816002 0.104277 0.104277
0 0.865821 0.540228 0.052757 0.052757
0 0.538312 0.897196 0.052757 0.052757
0 0.550004 0.983745 0.104277 0.104277
0 0.390354 0.531203 0.061130 0.061130
0 0.765115 0.489685 0.052757 0.052757
0 0.786186 0.660912 0.052757 0.052757
0 0.899869 0.990112 0.062220 0.062220
0 0.529737 0.809775 0.104277 0.104277
0 0.862493 0.736047 0.071945 0.071945
0 0.612094 0.741573 0.104277 0.104277
0 0.536261 0.710633 0.061130 0.061130
0 0.400322 0.295537 0.057104 0.057104
0 0.443332 0.608590 0.104277 0.104277
0 0.476181 0.082186 0.057104 0.057104
0 0.997909 0.561604 0.104277 0.104277
0 0.663202 0.887628 0.104277 0.104277
0 0.115789 0.737924 0.061130 0.061130
0 0.697523 0.290318 0.052757 0.052757
0 0.103213 0.276390 0.071945 0.071945
0 0.241818 0.380912 0.104277 0.104277
0 0.162249 0.449836 0.052757 0.052757
0 0.385204 0.450073 0.104277 0.104277
0 0.458684 0.848555 0.052757 0.052757
0 0.940366 0.812336 0.052757 0.052757
0 0.882652 0.282563 0.052757 0.052757
0 0.074817 0.444034 0.052757 0.052757
0 0.321159 0.532130 0.052757 0.052757
0 0.750390 0.735091 0.104277 0.104277
0 0.697687 0.596737 0.057104 0.057104
0 0.903024 0.678341 0.052757 0.052757
0 0.600855 0.820723 0.061130 0.061130
0 0.275686 0.751274 0.104278 0.104278
0 0.824623 0.997462 0.062220 0.062220
0 0.848725 0.203194 0.071945 0.071945
0 0.342535 0.729665 0.052757 0.052757
0 0.622402 0.408791 0.061130 0.061130
0 0.513755 0.307633 0.071945 0.071945
0 0.680404 0.523329 0.052757 0.052757
0 0.945881 0.438444 0.057104 0.057104
0 0.134976 0.995966 0.062220 0.062220
0 0.351996 0.984689 0.057104 0.057104
0 0.033764 0.006508 0.071945 0.071945
0 0.223588 0.189137 0.061130 0.061130
0 0.720951 0.849083 0.071945 0.071945
0 0.522503 0.030819 0.071945 0.071945
0 0.502659 0.475926 0.061130 0.061130
0 0.473328 0.392261 0.062220 0.062220
0 0.617098 0.243447 0.062220 0.062220
0 0.732759 0.072447 0.061130 0.061130
0 0.864798 0.915722 0.061130 0.061130
0 0.960076 0.316570 0.052757 0.052757
0 0.522697 0.638227 0.052757 0.052757
0 0.672871 0.674512 0.057104 0.057104
0 0.308414 0.852158 0.057104 0.057104
0 0.176456 0.338915 0.104277 0.104277
0 0.235689 0.818538 0.071945 0.071945
0 0.652681 0.958887 0.071945 0.071945
0 0.817825 0.029243 0.104277 0.104277
0 0.981230 0.127116 0.071945 0.071945
0 0.174274 0.898104 0.052757 0.052757
0 0.366570 0.893996 0.071945 0.071945
0 0.671525 0.180834 0.061130 0.061130
0 0.771618 0.273370 0.057104 0.057104
0 0.663767 0.097152 0.104277 0.104277
0 0.871219 0.350986 0.062220 0.062220
0 0.102531 0.806508 0.057104 0.057104
0 0.868386 0.077780 0.104277 0.104277
0 0.073028 0.884330 0.104277 0.104277
0 0.877691 0.609651 0.104277 0.104277
0 0.028675 0.336616 0.052757 0.052757
0 0.613978 0.485426 0.104277 0.104277
0 0.574624 0.339447 0.071945 0.071945
0 0.116766 0.190573 0.104277 0.104277
0 0.964462 0.888196 0.057104 0.057104
0 0.817522 0.407075 0.104277 0.104277
0 0.972355 0.211032 0.057104 0.057104
0 0.024609 0.784890 0.071945 0.071945
0 0.315690 0.403514 0.071945 0.071945
0 0.455562 0.247611 0.050932 0.050932
0 0.592298 0.068725 0.052757 0.052757
0 0.067673 0.101443 0.057104 0.057104
0 0.358435 0.015616 0.071945 0.071945
0 0.246099 0.928889 0.052757 0.052757
0 0.928224 0.033840 0.052757 0.052757
0 0.782530 0.185287 0.057104 0.057104
0 0.316019 0.302247 0.071945 0.071945
0 0.223656 0.065418 0.104277 0.104277
0 0.005985 0.677893 0.057104 0.057104
0 0.566099 0.135751 0.061130 0.061130
0 0.878005 0.843186 0.050559 0.050559
0 0.188987 0.666529 0.104277 0.104277
0 0.239130 0.510764 0.104277 0.104277
0 0.779647 0.578742 0.061131 0.061131
0 0.022753 0.166160 0.062220 0.062220
0 0.626754 0.620067 0.104277 0.104277
0 0.229636 0.287066 0.052757 0.052757
0 0.526891 0.232436 0.062220 0.062220
0 0.322646 0.210340 0.062220 0.062220
0 0.144803 0.585541 0.052757 0.052757
0 0.024032 0.500330 0.104277 0.104277
0 0.113692 0.658177 0.061130 0.061130
0 0.237035 0.601127 0.062220 0.062220
0 0.303545 0.636169 0.071945 0.071945
0 0.701659 0.448794 0.071945 0.071945
0 0.532652 0.559823 0.061130 0.061130
0 0.172414 0.120345 0.071945 0.071945
0 0.941860 0.515014 0.071945 0.071945
0 0.267499 0.125314 0.047555 0.047555
0 0.401599 0.150110 0.052757 0.052757
0 0.433167 0.747273 0.104277 0.104277
0 0.972567 0.652954 0.104277 0.104277
0 0.206718 0.742545 0.052757 0.052757
0 0.032016 0.249115 0.057103 0.057103
0 0.737060 0.972868 0.052757 0.052757
0 0.397319 0.368215 0.071945 0.071945
0 0.015727 0.571672 0.104277 0.104277
0 0.481549 0.157991 0.071945 0.071945
0 0.472451 0.917533 0.104277 0.104277