0 0.223670 0.526976 0.062220 0.062220
0 0.569308 0.866604 0.062220 0.062220
0 0.531082 0.672580 0.062220 0.062220
0 0.306984 0.980218 0.057103 0.057103
0 0.822083 0.234752 0.104277 0.104277
0 0.557062 0.315946 0.052757 0.052757
0 0.568754 0.402495 0.104277 0.104277
0 0.915218 0.656120 0.104277 0.104277
0 0.327656 0.726867 0.052757 0.052757
0 0.874079 0.777731 0.104277 0.104277
0 0.760595 0.819705 0.071945 0.071945
0 0.165999 0.581858 0.071945 0.071945
0 0.804936 0.079662 0.052757 0.052757
0 0.918619 0.408862 0.062220 0.062220
0 0.286847 0.811537 0.062220 0.062220
0 0.548487 0.228525 0.104277 0.104277
0 0.881243 0.154797 0.071945 0.071945
0 0.630844 0.160323 0.104277 0.104277
0 0.555011 0.129383 0.061130 0.061130
0 0.216799 0.842173 0.104277 0.104277
0 0.943972 0.581120 0.057104 0.057104
0 0.020421 0.614984 0.061130 0.061130
0 0.462082 0.027340 0.104277 0.104277
0 0.297287 0.533038 0.061130 0.061130
0 0.277703 0.445155 0.052757 0.052757
0 0.068849 0.911336 0.104278 0.104278
0 0.954096 0.935730 0.062220 0.062220
0 0.897672 0.504618 0.061130 0.061130
0 0.776977 0.546492 0.057104 0.057104
0 0.681952 0.306378 0.104277 0.104277
0 0.438505 0.445982 0.061130 0.061130
0 0.519349 0.571440 0.062220 0.062220
0 0.134539 0.156674 0.061130 0.061130
0 0.714493 0.653250 0.057104 0.057104
0 0.830469 0.683341 0.104277 0.104277
0 0.561238 0.479650 0.057104 0.057104
0 0.326574 0.908781 0.061130 0.061130
0 0.769906 0.892670 0.071945 0.071945
0 0.379036 0.681093 0.062220 0.062220
0 0.477434 0.267305 0.052757 0.052757
0 0.577155 0.937406 0.057104 0.057104
0 0.959116 0.231086 0.052757 0.052757
0 0.086023 0.714571 0.062220 0.062220
0 0.597784 0.615093 0.057104 0.057104
0 0.769140 0.153841 0.104277 0.104277
0 0.716437 0.015487 0.057104 0.057104
0 0.921774 0.097091 0.052757 0.052757
0 0.409859 0.527194 0.061130 0.061130
0 0.619605 0.239473 0.061130 0.061130
0 0.294436 0.170024 0.104278 0.104278
0 0.843373 0.416212 0.062220 0.062220
0 0.361285 0.148415 0.052757 0.052757
0 0.375089 0.788225 0.062220 0.062220
0 0.796014 0.757062 0.057104 0.057104
0 0.002394 0.327492 0.062220 0.062220
0 0.871040 0.574050 0.104277 0.104277
0 0.500304 0.908420 0.050891 0.050891
0 0.153726 0.414716 0.062220 0.062220
0 0.226130 0.923855 0.104277 0.104277
0 0.370746 0.403439 0.057104 0.057104
0 0.664174 0.800726 0.062220 0.062220
0 0.739701 0.267833 0.071945 0.071945
0 0.160900 0.746722 0.062220 0.062220
0 0.385324 0.987442 0.052757 0.052757
0 0.432955 0.833566 0.062220 0.062220
0 0.528714 0.799485 0.104277 0.104277
0 0.883548 0.334472 0.061130 0.061130
0 0.541447 0.056977 0.052757 0.052757
0 0.691621 0.093262 0.057104 0.057104
0 0.327164 0.270908 0.057104 0.057104
0 0.036162 0.508598 0.104278 0.104278
0 0.254439 0.237288 0.071945 0.071945
0 0.154800 0.502062 0.052757 0.052757
0 0.690562 0.928663 0.061130 0.061130
0 0.694086 0.523781 0.062220 0.062220
0 0.671431 0.377637 0.071945 0.071945
0 0.828985 0.843815 0.062220 0.062220
0 0.123598 0.971961 0.057104 0.057104
0 0.193024 0.316854 0.052757 0.052757
0 0.385320 0.312746 0.071945 0.071945
0 0.087703 0.556580 0.057104 0.057104
0 0.121281 0.225258 0.057104 0.057104
0 0.401902 0.906375 0.062220 0.062220
0 0.091778 0.303080 0.104277 0.104277
0 0.896441 0.028401 0.104277 0.104277
0 0.929627 0.725456 0.062220 0.062220
0 0.803840 0.614803 0.071945 0.071945
0 0.983212 0.306946 0.057104 0.057104
0 0.052905 0.422605 0.104277 0.104277
0 0.043359 0.203640 0.071945 0.071945
0 0.479882 0.731505 0.104277 0.104277
0 0.053179 0.832264 0.061131 0.061131
0 0.264849 0.347639 0.052757 0.052757
0 0.024735 0.096643 0.057104 0.057104
0 0.896755 0.261936 0.050559 0.050559
0 0.207737 0.085279 0.104277 0.104277
0 0.711157 0.736283 0.052757 0.052757
0 0.997378 0.652871 0.071945 0.071945
0 0.126516 0.847359 0.057104 0.057104
0 0.865907 0.923928 0.061131 0.061131
0 0.645504 0.038817 0.104277 0.104277
0 0.163553 0.004291 0.052757 0.052757
0 0.247124 0.640207 0.057104 0.057104
0 0.132442 0.076927 0.061130 0.061130
0 0.955928 0.852981 0.104277 0.104277
0 0.637932 0.731561 0.052757 0.052757
0 0.255785 0.019877 0.062220 0.062220
0 0.322295 0.054919 0.071945 0.071945
0 0.671604 0.596947 0.061130 0.061130
0 0.343085 0.616291 0.104277 0.104277
0 0.003063 0.740133 0.057104 0.057104
0 0.451917 0.166023 0.104277 0.104277
0 0.991317 0.071704 0.104277 0.104277
0 0.225468 0.161295 0.052757 0.052757
0 0.755810 0.391618 0.052757 0.052757
0 0.491201 0.336283 0.104277 0.104277