0 0.328342 0.565102 0.104277 0.104277
0 0.284794 0.353111 0.061130 0.061130
0 0.000802 0.772630 0.104278 0.104278
0 0.687739 0.314820 0.052757 0.052757
0 0.217887 0.213440 0.104277 0.104277
0 0.279713 0.122392 0.071945 0.071945
0 0.478632 0.562778 0.062220 0.062220
0 0.431526 0.108002 0.071945 0.071945
0 0.510279 0.314860 0.104277 0.104277
0 0.185565 0.315009 0.052757 0.052757
0 0.118946 0.933978 0.052757 0.052757
0 0.588143 0.361385 0.071945 0.071945
0 0.843176 0.022772 0.062221 0.062221
0 0.841890 0.553253 0.047276 0.047276
0 0.732244 0.859854 0.062220 0.062220
0 0.018240 0.883435 0.052757 0.052757
0 0.322466 0.479917 0.057104 0.057104
0 0.093659 0.157949 0.062220 0.062220
0 0.358328 0.666553 0.051819 0.051819
0 0.004494 0.343108 0.104277 0.104277
0 0.833129 0.294886 0.071945 0.071945
0 0.262472 0.279648 0.061131 0.061131
0 0.538476 0.610266 0.052757 0.052757
0 0.295606 0.031989 0.057104 0.057104
0 0.251034 0.955354 0.104277 0.104277
0 0.599752 0.558781 0.057103 0.057103
0 0.346688 0.240143 0.052757 0.052757
0 0.673421 0.944205 0.062220 0.062220
0 0.020730 0.069497 0.052757 0.052757
0 0.402895 0.176103 0.057104 0.057104
0 0.793444 0.128860 0.052757 0.052757
0 0.515368 0.398114 0.036679 0.036679
0 0.634406 0.676121 0.104277 0.104277
0 0.733357 0.089671 0.062221 0.062221
0 0.349130 0.328725 0.057104 0.057104
0 0.434169 0.736897 0.104277 0.104277
0 0.087930 0.005406 0.052757 0.052757
0 0.429306 0.663604 0.071945 0.071945
0 0.671902 0.125300 0.052757 0.052757
0 0.659008 0.193162 0.104277 0.104277
0 0.825898 0.659178 0.071945 0.071945
0 0.083898 0.281358 0.071945 0.071945
0 0.135777 0.676313 0.052757 0.052757
0 0.564646 0.216794 0.104277 0.104277
0 0.192993 0.087689 0.071945 0.071945
0 0.731737 0.690989 0.061131 0.061131
0 0.847776 0.442251 0.057104 0.057104
0 0.350624 0.823526 0.054783 0.054783
0 0.655551 0.384269 0.062220 0.062220
0 0.518176 0.757438 0.057103 0.057103
0 0.318726 0.935692 0.071945 0.071945
0 0.101850 0.596944 0.071945 0.071945
0 0.612482 0.824259 0.061131 0.061131
0 0.199006 0.832194 0.057104 0.057104
0 0.563660 0.692140 0.061131 0.061131
0 0.155117 0.247807 0.057104 0.057104
0 0.511573 0.158502 0.061130 0.061130
0 0.829231 0.784682 0.071945 0.071945
0 0.834613 0.923207 0.104278 0.104278
0 0.764214 0.545120 0.062220 0.062220
0 0.590333 0.289117 0.061130 0.061130
0 0.213201 0.710320 0.052757 0.052757
0 0.461669 0.252985 0.062220 0.062220
0 0.070950 0.422993 0.104277 0.104277
0 0.234355 0.520866 0.071945 0.071945
0 0.765818 0.757785 0.104278 0.104278
0 0.375101 0.024015 0.062220 0.062220
0 0.443139 0.924184 0.052757 0.052757
0 0.738798 0.400193 0.104277 0.104277
0 0.024743 0.667120 0.057104 0.057104
0 0.124344 0.744736 0.062220 0.062220
0 0.689171 0.797364 0.062220 0.062220
0 0.121511 0.471530 0.104277 0.104277
0 0.100416 0.358840 0.052757 0.052757
0 0.407332 0.398528 0.062220 0.062220
0 0.070647 0.800825 0.104277 0.104277
0 0.549543 0.481224 0.104277 0.104277
0 0.225480 0.604782 0.057104 0.057104
0 0.612732 0.747863 0.071945 0.071945
0 0.462995 0.446446 0.071945 0.071945
0 0.181349 0.427590 0.052757 0.052757
0 0.035655 0.579037 0.057104 0.057104
0 0.426984 0.810275 0.104277 0.104277
0 0.852999 0.174101 0.071945 0.071945
0 0.603890 0.436593 0.061131 0.061131
0 0.736165 0.224323 0.071945 0.071945
0 0.491527 0.854473 0.057104 0.057104
0 0.531573 0.911611 0.104277 0.104277
0 0.032772 0.972492 0.061131 0.061131
0 0.008084 0.235153 0.062220 0.062220
0 0.337065 0.755572 0.052757 0.052757
0 0.264502 0.789799 0.104277 0.104277
0 0.567876 0.045465 0.057104 0.057104
0 0.011661 0.145342 0.061131 0.061131
0 0.696558 0.473590 0.071945 0.071945
0 0.194985 0.908764 0.071945 0.071945
0 0.660051 0.055681 0.052757 0.052757
0 0.777458 0.968760 0.061131 0.061131
0 0.399951 0.526345 0.057104 0.057104
0 0.669702 0.609076 0.061131 0.061131