0 0.265333 0.156863 0.052757 0.052757
0 0.878937 0.919071 0.052757 0.052757
0 0.730979 0.553078 0.061130 0.061130
0 0.870362 0.831650 0.104277 0.104277
0 0.952719 0.763448 0.104277 0.104277
0 0.876886 0.732508 0.061130 0.061130
0 0.740947 0.317412 0.057104 0.057104
0 0.235809 0.641042 0.062220 0.062220
0 0.783957 0.630465 0.104277 0.104277
0 0.816806 0.104061 0.057104 0.057104
0 0.231168 0.227108 0.062220 0.062220
0 0.456414 0.759799 0.061130 0.061130
0 0.443838 0.298265 0.071945 0.071945
0 0.258885 0.878411 0.104278 0.104278
0 0.582443 0.402787 0.104277 0.104277
0 0.502874 0.471711 0.052757 0.052757
0 0.725829 0.471948 0.104277 0.104277
0 0.799309 0.870430 0.052757 0.052757
0 0.415442 0.465909 0.052757 0.052757
0 0.661784 0.554005 0.052757 0.052757
0 0.941480 0.842598 0.061130 0.061130
0 0.616311 0.773149 0.104278 0.104278
0 0.683160 0.751540 0.052757 0.052757
0 0.963027 0.430666 0.061130 0.061130
0 0.854380 0.329508 0.071945 0.071945
0 0.324269 0.930617 0.062220 0.062220
0 0.228796 0.320278 0.052757 0.052757
0 0.374389 0.028383 0.071945 0.071945
0 0.564213 0.211012 0.061130 0.061130
0 0.863128 0.052694 0.071945 0.071945
0 0.843284 0.497801 0.061130 0.061130
0 0.813953 0.414136 0.062220 0.062220
0 0.957723 0.265322 0.062220 0.062220
0 0.282255 0.562313 0.061130 0.061130
0 0.863322 0.660102 0.052757 0.052757
0 0.649039 0.874033 0.057104 0.057104
0 0.517081 0.360790 0.104277 0.104277
0 0.576314 0.840413 0.071945 0.071945
0 0.993306 0.980762 0.071945 0.071945
0 0.514899 0.919979 0.052757 0.052757
0 0.707195 0.915871 0.071945 0.071945
0 0.233223 0.948453 0.104277 0.104277
0 0.443156 0.828383 0.057104 0.057104
0 0.413653 0.906205 0.104277 0.104277
0 0.525664 0.018860 0.052757 0.052757
0 0.369300 0.358491 0.052757 0.052757
0 0.266669 0.079199 0.104278 0.104278
0 0.954603 0.507301 0.104277 0.104277
0 0.915249 0.361322 0.071945 0.071945
0 0.457391 0.212448 0.104277 0.104277
0 0.365234 0.806765 0.071945 0.071945
0 0.656315 0.425389 0.071945 0.071945
0 0.796187 0.269486 0.050932 0.050932
0 0.239403 0.748006 0.057104 0.057104
0 0.932923 0.090600 0.052757 0.052757
0 0.408298 0.123318 0.057104 0.057104
0 0.699060 0.037491 0.071945 0.071945
0 0.586724 0.950764 0.052757 0.052757
0 0.656644 0.324122 0.071945 0.071945
0 0.564281 0.087293 0.104277 0.104277
0 0.335504 0.445701 0.104277 0.104277
0 0.346610 0.699768 0.057104 0.057104
0 0.906724 0.157626 0.061130 0.061130
0 0.769089 0.000785 0.071945 0.071945
0 0.529612 0.688404 0.104277 0.104277
0 0.579755 0.532639 0.104277 0.104277
0 0.363378 0.188035 0.062220 0.062220
0 0.967379 0.641942 0.104277 0.104277
0 0.570261 0.308941 0.052757 0.052757
0 0.867516 0.254311 0.062220 0.062220
0 0.663271 0.232215 0.062220 0.062220
0 0.485428 0.607416 0.052757 0.052757
0 0.364657 0.522205 0.104277 0.104277
0 0.454317 0.680052 0.061130 0.061130
0 0.303162 0.284104 0.057104 0.057104
0 0.577660 0.623002 0.062220 0.062220
0 0.644170 0.658044 0.071945 0.071945
0 0.873277 0.581698 0.061130 0.061130
0 0.513039 0.142220 0.071945 0.071945
0 0.282163 0.804484 0.052757 0.052757
0 0.608124 0.147189 0.047555 0.047555
0 0.742224 0.171985 0.052757 0.052757
0 0.773792 0.769148 0.104277 0.104277
0 0.254764 0.464936 0.071945 0.071945
0 0.547343 0.764420 0.052757 0.052757
0 0.372641 0.270990 0.057103 0.057103
0 0.737944 0.390090 0.071945 0.071945
0 0.356352 0.593547 0.104277 0.104277
0 0.822174 0.179866 0.071945 0.071945
0 0.813076 0.939408 0.104277 0.104277