0 0.129920 0.983226 0.062220 0.062220
0 0.672677 0.253880 0.104278 0.104278
0 0.926720 0.845657 0.071945 0.071945
0 0.728333 0.691002 0.104277 0.104277
0 0.790821 0.415228 0.052757 0.052757
0 0.971118 0.601974 0.061130 0.061130
0 0.463312 0.772196 0.052757 0.052757
0 0.475004 0.858745 0.104277 0.104277
0 0.315354 0.406203 0.061130 0.061130
0 0.690115 0.364685 0.052757 0.052757
0 0.711186 0.535912 0.052757 0.052757
0 0.824869 0.865112 0.062220 0.062220
0 0.454737 0.684775 0.104277 0.104277
0 0.787493 0.611047 0.071945 0.071945
0 0.537094 0.616573 0.104277 0.104277
0 0.461261 0.585633 0.061130 0.061130
0 0.325322 0.170537 0.057104 0.057104
0 0.368332 0.483590 0.104277 0.104277
0 0.203537 0.989288 0.061130 0.061130
0 0.922909 0.436604 0.104277 0.104277
0 0.183953 0.901405 0.052757 0.052757
0 0.803922 0.960868 0.061130 0.061130
0 0.588202 0.762628 0.104277 0.104277
0 0.344755 0.902232 0.061130 0.061130
0 0.040789 0.612924 0.061130 0.061130
0 0.622523 0.165318 0.052757 0.052757
0 0.028213 0.151390 0.071945 0.071945
0 0.166818 0.255912 0.104277 0.104277
0 0.087249 0.324836 0.052757 0.052757
0 0.467488 0.935900 0.057104 0.057104
0 0.310204 0.325073 0.104277 0.104277
0 0.383684 0.723555 0.052757 0.052757
0 0.865366 0.687336 0.052757 0.052757
0 0.807652 0.157563 0.052757 0.052757
0 0.246159 0.407130 0.052757 0.052757
0 0.675390 0.610091 0.104277 0.104277
0 0.622687 0.471737 0.057104 0.057104
0 0.828024 0.553341 0.052757 0.052757
0 0.316109 0.983444 0.061130 0.061130
0 0.525855 0.695723 0.061130 0.061130
0 0.961422 0.753913 0.071945 0.071945
0 0.990601 0.416942 0.071945 0.071945
0 0.200686 0.626274 0.104278 0.104278
0 0.749623 0.872462 0.062220 0.062220
0 0.990861 0.487766 0.061130 0.061130
0 0.773725 0.078194 0.071945 0.071945
0 0.267535 0.604665 0.052757 0.052757
0 0.547402 0.283791 0.061130 0.061130
0 0.438755 0.182633 0.071945 0.071945
0 0.605404 0.398329 0.052757 0.052757
0 0.870881 0.313444 0.057104 0.057104
0 0.059976 0.870966 0.062220 0.062220
0 0.276996 0.859689 0.057104 0.057104
0 0.148588 0.064137 0.061130 0.061130
0 0.645951 0.724083 0.071945 0.071945
0 0.427659 0.350926 0.061130 0.061130
0 0.398328 0.267261 0.062220 0.062220
0 0.542098 0.118447 0.062220 0.062220
0 0.789798 0.790722 0.061130 0.061130
0 0.885076 0.191570 0.052757 0.052757
0 0.447697 0.513227 0.052757 0.052757
0 0.597871 0.549512 0.057104 0.057104
0 0.233414 0.727158 0.057104 0.057104
0 0.101456 0.213915 0.104277 0.104277
0 0.160689 0.693538 0.071945 0.071945
0 0.061050 0.958312 0.052757 0.052757
0 0.600336 0.980031 0.062220 0.062220
0 0.577681 0.833887 0.071945 0.071945
0 0.906230 0.002116 0.071945 0.071945
0 0.099274 0.773104 0.052757 0.052757
0 0.291570 0.768996 0.071945 0.071945
0 0.596525 0.055834 0.061130 0.061130
0 0.696618 0.148370 0.057104 0.057104
0 0.796219 0.225986 0.062220 0.062220
0 0.027531 0.681508 0.057104 0.057104
0 0.802691 0.484651 0.104277 0.104277
0 0.538978 0.360426 0.104277 0.104277
0 0.499624 0.214447 0.071945 0.071945
0 0.041766 0.065573 0.104277 0.104277
0 0.889462 0.763196 0.057104 0.057104
0 0.742522 0.282075 0.104277 0.104277
0 0.897355 0.086032 0.057104 0.057104
0 0.240690 0.278514 0.071945 0.071945
0 0.380562 0.122611 0.050932 0.050932
0 0.171099 0.803889 0.052757 0.052757
0 0.707530 0.060287 0.057104 0.057104
0 0.241019 0.177247 0.071945 0.071945
0 0.947638 0.952158 0.062220 0.062220
0 0.491099 0.010751 0.061130 0.061130
0 0.803005 0.718186 0.050559 0.050559
0 0.113987 0.541529 0.104277 0.104277
0 0.932144 0.660965 0.061130 0.061130
0 0.164130 0.385764 0.104277 0.104277
0 0.704647 0.453742 0.061131 0.061131
0 0.551754 0.495067 0.104277 0.104277
0 0.154636 0.162066 0.052757 0.052757
0 0.936377 0.271049 0.104277 0.104277
0 0.451891 0.107436 0.062220 0.062220
0 0.247646 0.085340 0.062220 0.062220
0 0.069803 0.460541 0.052757 0.052757
0 0.038692 0.533177 0.061130 0.061130
0 0.162035 0.476127 0.062220 0.062220
0 0.228545 0.511169 0.071945 0.071945
0 0.626659 0.323794 0.071945 0.071945
0 0.457652 0.434823 0.061130 0.061130
0 0.866860 0.390014 0.071945 0.071945
0 0.192499 0.000314 0.047555 0.047555
0 0.326599 0.025110 0.052757 0.052757
0 0.358167 0.622273 0.104277 0.104277
0 0.897567 0.527954 0.104277 0.104277
0 0.131718 0.617545 0.052757 0.052757
0 0.662060 0.847868 0.052757 0.052757
0 0.322319 0.243215 0.071945 0.071945
0 0.406549 0.032991 0.071945 0.071945
0 0.397451 0.792533 0.104277 0.104277