0 0.904739 0.889769 0.062220 0.062220
0 0.167995 0.544698 0.062220 0.062220
0 0.716993 0.322837 0.052757 0.052757
0 0.810206 0.269911 0.052757 0.052757
0 0.877476 0.819062 0.052757 0.052757
0 0.122069 0.603540 0.062220 0.062220
0 0.268643 0.580552 0.070161 0.070161
0 0.969635 0.839372 0.071945 0.071945
0 0.622017 0.239145 0.062220 0.062220
0 0.018756 0.243571 0.057104 0.057104
0 0.538557 0.671749 0.071945 0.071945
0 0.819956 0.579125 0.061130 0.061130
0 0.636216 0.359127 0.062220 0.062220
0 0.058044 0.551676 0.071945 0.071945
0 0.354350 0.610305 0.062220 0.062220
0 0.808669 0.942497 0.071945 0.071945
0 0.371478 0.912597 0.061131 0.061131
0 0.659118 0.823648 0.061130 0.061130
0 0.032464 0.320256 0.062220 0.062220
0 0.684131 0.942523 0.104277 0.104277
0 0.390921 0.674141 0.104277 0.104277
0 0.566116 0.326532 0.052757 0.052757
0 0.305380 0.519776 0.061130 0.061130
0 0.018265 0.403017 0.071945 0.071945
0 0.434890 0.809067 0.071945 0.071945
0 0.692501 0.495969 0.061130 0.061130
0 0.120779 0.924304 0.104277 0.104277
0 0.789055 0.475070 0.057104 0.057104
0 0.499106 0.405581 0.071945 0.071945
0 0.104977 0.274010 0.071945 0.071945
0 0.285941 0.743368 0.104277 0.104277
0 0.386805 0.487965 0.057104 0.057104
0 0.078554 0.745152 0.062220 0.062220
0 0.387561 0.290821 0.061131 0.061131
0 0.697000 0.246449 0.057104 0.057104
0 0.852167 0.423022 0.062220 0.062220
0 0.357277 0.390096 0.071945 0.071945
0 0.246732 0.450278 0.071945 0.071945
0 0.178171 0.725029 0.062220 0.062220
0 0.108374 0.385332 0.052757 0.052757
0 0.904640 0.680342 0.062220 0.062220
0 0.484396 0.308110 0.052757 0.052757
0 0.868215 0.741909 0.062220 0.062220
0 0.420225 0.553604 0.062220 0.062220
0 0.965411 0.273125 0.071945 0.071945
0 0.273802 0.976243 0.062220 0.062220
0 0.689910 0.413257 0.061131 0.061131
0 0.163971 0.440443 0.052757 0.052757
0 0.464789 0.737542 0.061131 0.061131
0 0.217654 0.269407 0.071945 0.071945
0 0.368633 0.774860 0.061131 0.061131
0 0.637174 0.549064 0.071945 0.071945
0 0.548639 0.246325 0.062220 0.062220
0 0.241588 0.350660 0.057104 0.057104
0 0.331617 0.853023 0.052757 0.052757
0 0.830367 0.669056 0.052757 0.052757
0 0.628805 0.745386 0.057104 0.057104
0 0.236584 0.653056 0.052757 0.052757
0 0.929908 0.412449 0.052757 0.052757
0 0.483730 0.586719 0.071945 0.071945
0 0.746716 0.562594 0.052757 0.052757
0 0.564904 0.448722 0.071945 0.071945
0 0.997761 0.353927 0.062220 0.062220
0 0.300358 0.237252 0.104277 0.104277
0 0.209668 0.878438 0.104277 0.104277
0 0.766649 0.759962 0.071945 0.071945
0 0.115237 0.683004 0.057104 0.057104
0 0.668611 0.674533 0.062220 0.062220
0 0.073766 0.447867 0.104277 0.104277
0 0.867327 0.314708 0.071945 0.071945
0 0.495310 0.509769 0.071945 0.071945
0 0.500555 0.860686 0.104277 0.104277
0 0.566897 0.930123 0.052757 0.052757
0 0.735567 0.698125 0.104277 0.104277
0 0.574052 0.795667 0.071945 0.071945
0 0.588025 0.605681 0.104277 0.104277
0 0.211851 0.791287 0.057104 0.057104
0 0.318957 0.451330 0.057103 0.057103
0 0.946992 0.549770 0.071945 0.071945
0 0.062573 0.832586 0.057104 0.057104
0 0.790808 0.858867 0.104277 0.104277
0 0.471674 0.237674 0.057104 0.057104
0 0.847585 0.513560 0.052757 0.052757
0 0.454454 0.919823 0.052757 0.052757
0 0.800281 0.362902 0.061131 0.061131
0 0.869998 0.236317 0.062220 0.062220