0 0.636637 0.988440 0.104277 0.104277
0 0.698463 0.897392 0.071945 0.071945
0 0.850276 0.883002 0.071945 0.071945
0 0.901182 0.432036 0.104277 0.104277
0 0.933662 0.773305 0.061131 0.061131
0 0.642346 0.760493 0.104277 0.104277
0 0.098160 0.536427 0.062220 0.062220
0 0.982474 0.157804 0.104277 0.104277
0 0.964777 0.509700 0.104277 0.104277
0 0.512409 0.932949 0.062220 0.062220
0 0.770418 0.696464 0.052757 0.052757
0 0.967668 0.348280 0.061131 0.061131
0 0.022717 0.763643 0.052757 0.052757
0 0.016987 0.000856 0.104277 0.104277
0 0.045045 0.410812 0.057103 0.057103
0 0.714356 0.806989 0.057104 0.057104
0 0.214098 0.658103 0.071945 0.071945
0 0.850884 0.271813 0.071945 0.071945
0 0.261346 0.720542 0.061130 0.061130
0 0.439480 0.844497 0.052757 0.052757
0 0.903772 0.567355 0.062220 0.062220
0 0.821645 0.951103 0.057104 0.057104
0 0.741598 0.633903 0.057104 0.057104
0 0.738445 0.473078 0.052757 0.052757
0 0.849599 0.611341 0.061130 0.061130
0 0.564468 0.460381 0.061131 0.061131
0 0.192865 0.933582 0.057104 0.057104
0 0.506680 0.780406 0.052757 0.052757
0 0.279796 0.929839 0.057104 0.057104
0 0.249850 0.161002 0.057104 0.057104
0 0.499594 0.381688 0.062220 0.062220
0 0.792528 0.568364 0.061131 0.061131
0 0.983396 0.991794 0.104277 0.104277
0 0.611743 0.862689 0.071945 0.071945
0 0.841755 0.501817 0.057104 0.057104
0 0.908669 0.095622 0.071945 0.071945
0 0.471478 0.065722 0.061131 0.061131
0 0.159015 0.834044 0.057104 0.057104
0 0.784131 0.095648 0.104277 0.104277
0 0.187615 0.316133 0.057104 0.057104
0 0.908047 0.227325 0.104277 0.104277
0 0.306204 0.598235 0.061130 0.061130
0 0.930323 0.933502 0.061130 0.061130
0 0.220779 0.077429 0.104277 0.104277
0 0.107638 0.358568 0.052757 0.052757
0 0.596973 0.211106 0.071945 0.071945
0 0.578341 0.662525 0.104277 0.104277
0 0.032879 0.161598 0.057104 0.057104
0 0.190033 0.410633 0.057104 0.057104
0 0.092138 0.797996 0.104277 0.104277
0 0.197894 0.577921 0.057104 0.057104
0 0.238423 0.239962 0.052757 0.052757
0 0.309614 0.309043 0.104277 0.104277
0 0.066460 0.692258 0.104277 0.104277
0 0.350503 0.809661 0.052757 0.052757
0 0.793851 0.799015 0.062220 0.062220
0 0.081553 0.884558 0.104277 0.104277
0 0.610781 0.345520 0.061131 0.061131
0 0.065718 0.597527 0.052757 0.052757
0 0.251082 0.511020 0.104277 0.104277
0 0.386391 0.394217 0.061130 0.061130
0 0.076362 0.037065 0.052757 0.052757
0 0.122304 0.248648 0.057104 0.057104
0 0.468877 0.292005 0.104277 0.104277
0 0.681758 0.176465 0.062220 0.062220
0 0.373802 0.129368 0.062220 0.062220
0 0.700320 0.415899 0.057104 0.057104
0 0.156470 0.760297 0.062220 0.062220
0 0.860923 0.716866 0.071945 0.071945
0 0.470802 0.699994 0.052757 0.052757
0 0.463569 0.470331 0.062220 0.062220
0 0.117402 0.965994 0.104277 0.104277
0 0.823806 0.374523 0.071945 0.071945
0 0.266746 0.384741 0.061130 0.061130
0 0.428334 0.533949 0.104278 0.104278
0 0.431617 0.006148 0.052757 0.052757
0 0.511251 0.200969 0.061131 0.061131
0 0.678477 0.598120 0.062220 0.062220
0 0.263718 0.789696 0.057104 0.057104
0 0.979888 0.247073 0.052757 0.052757
0 0.485352 0.599860 0.062220 0.062220
0 0.363909 0.714436 0.057104 0.057104
0 0.309668 0.031563 0.104277 0.104277
0 0.088186 0.111550 0.061130 0.061130
0 0.729938 0.348947 0.052757 0.052757
0 0.227826 0.864161 0.048997 0.048997
0 0.517272 0.532231 0.071945 0.071945
0 0.430852 0.768792 0.062220 0.062220
0 0.760903 0.192104 0.057104 0.057104
0 0.328185 0.186997 0.061130 0.061130
0 0.164495 0.495343 0.057104 0.057104
0 0.362911 0.492029 0.104277 0.104277
0 0.039253 0.485692 0.104277 0.104277
0 0.694706 0.265790 0.057104 0.057104
0 0.600555 0.013811 0.104277 0.104277
0 0.557473 0.589157 0.052757 0.052757
0 0.986626 0.820465 0.057104 0.057104
0 0.368944 0.259910 0.061130 0.061130
0 0.666897 0.083248 0.052757 0.052757
0 0.430411 0.920342 0.061131 0.061131
0 0.545925 0.301931 0.071945 0.071945
0 0.995288 0.606828 0.104277 0.104277
0 0.063380 0.290769 0.062220 0.062220
0 0.414390 0.198720 0.071945 0.071945
0 0.005185 0.958538 0.104277 0.104277
0 0.890808 0.011992 0.104277 0.104277
0 0.145627 0.682405 0.057104 0.057104
0 0.554454 0.072948 0.052757 0.052757
0 0.848889 0.190102 0.062220 0.062220
0 0.646282 0.475540 0.061131 0.061131