0 0.704410 0.839552 0.062220 0.062220
0 0.874245 0.000948 0.062220 0.062220
0 0.623237 0.303981 0.104277 0.104277
0 0.651295 0.713937 0.057103 0.057103
0 0.820348 0.961228 0.071945 0.071945
0 0.284895 0.687223 0.104277 0.104277
0 0.422641 0.759582 0.052757 0.052757
0 0.828319 0.059790 0.062220 0.062220
0 0.974893 0.036802 0.070161 0.070161
0 0.605613 0.028414 0.104278 0.104278
0 0.856100 0.464127 0.057104 0.057104
0 0.583415 0.536075 0.104277 0.104277
0 0.567457 0.978262 0.071945 0.071945
0 0.497212 0.971177 0.057104 0.057104
0 0.764294 0.007926 0.071945 0.071945
0 0.392176 0.469134 0.104277 0.104277
0 0.285753 0.083298 0.104277 0.104277
0 0.505709 0.065993 0.071945 0.071945
0 0.602812 0.400224 0.057104 0.057104
0 0.250011 0.490965 0.062220 0.062220
0 0.261676 0.381187 0.062220 0.062220
0 0.793865 0.619258 0.057104 0.057104
0 0.551382 0.349093 0.104277 0.104277
0 0.323321 0.527486 0.062220 0.062220
0 0.912454 0.901360 0.061130 0.061130
0 0.166222 0.522240 0.104278 0.104278
0 0.827029 0.380554 0.104277 0.104277
0 0.713888 0.661693 0.052757 0.052757
0 0.517743 0.218041 0.052757 0.052757
0 0.992191 0.199618 0.104277 0.104277
0 0.784804 0.201402 0.062220 0.062220
0 0.467063 0.685035 0.062220 0.062220
0 0.166410 0.632995 0.071945 0.071945
0 0.370554 0.143619 0.062220 0.062220
0 0.639129 0.464723 0.057104 0.057104
0 0.796283 0.713758 0.057104 0.057104
0 0.562428 0.879299 0.057104 0.057104
0 0.804144 0.881046 0.057104 0.057104
0 0.166474 0.284130 0.052757 0.052757
0 0.844673 0.543087 0.052757 0.052757
0 0.915864 0.612168 0.104277 0.104277
0 0.884421 0.181279 0.062220 0.062220
0 0.672710 0.995383 0.104277 0.104277
0 0.316012 0.259510 0.061130 0.061130
0 0.255328 0.825486 0.062220 0.062220
0 0.477267 0.888682 0.052757 0.052757
0 0.671968 0.900652 0.052757 0.052757
0 0.488879 0.819973 0.061130 0.061130
0 0.691946 0.104406 0.071945 0.071945
0 0.857332 0.814145 0.104277 0.104277
0 0.992641 0.697342 0.061130 0.061130
0 0.682612 0.340190 0.052757 0.052757
0 0.728554 0.551773 0.057104 0.057104
0 0.167380 0.177918 0.104277 0.104277
0 0.557833 0.734791 0.071945 0.071945
0 0.190045 0.022184 0.052757 0.052757
0 0.980052 0.432493 0.062220 0.062220
0 0.383423 0.228101 0.061130 0.061130
0 0.252597 0.207359 0.061130 0.061130
0 0.540632 0.475941 0.052757 0.052757
0 0.461537 0.167500 0.071945 0.071945
0 0.336994 0.597142 0.057104 0.057104
0 0.319964 0.017989 0.057104 0.057104
0 0.872996 0.687866 0.061130 0.061130
0 0.400524 0.340152 0.057104 0.057104
0 0.415030 0.848118 0.061130 0.061130
0 0.942834 0.109306 0.052757 0.052757
0 0.198979 0.351294 0.061130 0.061130
0 0.381642 0.685304 0.062220 0.062220
0 0.219627 0.117401 0.104278 0.104278
0 0.172132 0.829000 0.061130 0.061130
0 0.915918 0.334688 0.104277 0.104277
0 0.694436 0.414675 0.061130 0.061130
0 0.638287 0.234591 0.104277 0.104277
0 0.600988 0.105491 0.052757 0.052757
0 0.213348 0.757008 0.061130 0.061130
0 0.405047 0.607369 0.057104 0.057104
0 0.821487 0.139254 0.057104 0.057104
0 0.260580 0.972680 0.104277 0.104277
0 0.703872 0.263680 0.071945 0.071945
0 0.263415 0.614718 0.052757 0.052757
0 0.934435 0.490122 0.061130 0.061130
0 0.770745 0.798468 0.057104 0.057104
0 0.969161 0.795154 0.104277 0.104277
0 0.698009 0.026184 0.056505 0.056505
0 0.645503 0.788817 0.104277 0.104277
0 0.975194 0.563035 0.061130 0.061130
0 0.337028 0.387830 0.062220 0.062220
0 0.918101 0.247537 0.057104 0.057104
0 0.669630 0.593894 0.062220 0.062220
0 0.298962 0.762690 0.071945 0.071945
0 0.768823 0.288836 0.057104 0.057104
0 0.367812 0.949625 0.061130 0.061130
0 0.450900 0.517050 0.104277 0.104277
0 0.429123 0.101716 0.057104 0.057104
0 0.569441 0.652749 0.052757 0.052757
0 0.456302 0.397345 0.057104 0.057104
0 0.751877 0.985530 0.057104 0.057104
0 0.516692 0.578206 0.062220 0.062220
0 0.170882 0.918432 0.071945 0.071945
0 0.203433 0.436093 0.061130 0.061130
0 0.335834 0.885815 0.062220 0.062220