0 0.822092 0.980727 0.104277 0.104277
0 0.778544 0.768736 0.061130 0.061130
0 0.711637 0.629065 0.104277 0.104277
0 0.773463 0.538017 0.071945 0.071945
0 0.972382 0.978403 0.062220 0.062220
0 0.925276 0.523627 0.071945 0.071945
0 0.679315 0.730634 0.052757 0.052757
0 0.976182 0.072661 0.104277 0.104277
0 0.717346 0.401118 0.104277 0.104277
0 0.223511 0.683731 0.052757 0.052757
0 0.173160 0.177052 0.062220 0.062220
0 0.816216 0.895542 0.057104 0.057104
0 0.587409 0.573574 0.062220 0.062220
0 0.845418 0.337089 0.052757 0.052757
0 0.498244 0.758733 0.104277 0.104277
0 0.097717 0.404268 0.052757 0.052757
0 0.756222 0.695273 0.061131 0.061131
0 0.120045 0.051437 0.057103 0.057103
0 0.223056 0.891561 0.057104 0.057104
0 0.789356 0.447614 0.057104 0.057104
0 0.289098 0.298728 0.071945 0.071945
0 0.840438 0.655768 0.052757 0.052757
0 0.336346 0.361167 0.061130 0.061130
0 0.514480 0.485122 0.052757 0.052757
0 0.978772 0.207980 0.062220 0.062220
0 0.896645 0.591728 0.057104 0.057104
0 0.816598 0.274528 0.057104 0.057104
0 0.813445 0.113703 0.052757 0.052757
0 0.924599 0.251966 0.061130 0.061130
0 0.639468 0.101006 0.061131 0.061131
0 0.267865 0.574207 0.057104 0.057104
0 0.842880 0.744350 0.057104 0.057104
0 0.581680 0.421031 0.052757 0.052757
0 0.354796 0.570464 0.057104 0.057104
0 0.577648 0.696983 0.071945 0.071945
0 0.574594 0.022313 0.062220 0.062220
0 0.867528 0.208989 0.061131 0.061131
0 0.686743 0.503314 0.071945 0.071945
0 0.916755 0.142442 0.057104 0.057104
0 0.036207 0.315762 0.071945 0.071945
0 0.234015 0.474669 0.057104 0.057104
0 0.648867 0.663432 0.057104 0.057104
0 0.381204 0.238860 0.061130 0.061130
0 0.269378 0.840194 0.071945 0.071945
0 0.479634 0.881822 0.061130 0.061130
0 0.653341 0.303150 0.104277 0.104277
0 0.414946 0.784083 0.061130 0.061130
0 0.386020 0.712348 0.061130 0.061130
0 0.265033 0.051258 0.057104 0.057104
0 0.955419 0.668610 0.062220 0.062220
0 0.167138 0.438621 0.104277 0.104277
0 0.031178 0.216799 0.057104 0.057104
0 0.272894 0.218546 0.057104 0.057104
0 0.564700 0.838618 0.104277 0.104277
0 0.728105 0.936491 0.071945 0.071945
0 0.141460 0.332883 0.104277 0.104277
0 0.425503 0.450286 0.052757 0.052757
0 0.868851 0.439640 0.062220 0.062220
0 0.418400 0.990209 0.061130 0.061130
0 0.156553 0.525183 0.104277 0.104277
0 0.410642 0.906527 0.104277 0.104277
0 0.140718 0.238152 0.052757 0.052757
0 0.615261 0.887155 0.104277 0.104277
0 0.099950 0.675266 0.052757 0.052757
0 0.326082 0.151645 0.104277 0.104277
0 0.594166 0.774465 0.052757 0.052757
0 0.461391 0.034842 0.061130 0.061130
0 0.026583 0.072291 0.071945 0.071945
0 0.901082 0.814153 0.062220 0.062220
0 0.775320 0.056524 0.057104 0.057104
0 0.306525 0.647952 0.071945 0.071945
0 0.231470 0.400922 0.062220 0.062220
0 0.935923 0.357491 0.071945 0.071945
0 0.545802 0.340619 0.052757 0.052757
0 0.538569 0.110956 0.062220 0.062220
0 0.192402 0.606619 0.104277 0.104277
0 0.898806 0.015148 0.071945 0.071945
0 0.339173 0.878100 0.052757 0.052757
0 0.341746 0.025366 0.061130 0.061130
0 0.503334 0.174574 0.104278 0.104278
0 0.105310 0.824991 0.071945 0.071945
0 0.956745 0.862071 0.071945 0.071945
0 0.316070 0.785160 0.061130 0.061130
0 0.675099 0.843215 0.052757 0.052757
0 0.529405 0.994662 0.057104 0.057104
0 0.753477 0.238745 0.062220 0.062220
0 0.028210 0.421414 0.057104 0.057104
0 0.338718 0.430321 0.057104 0.057104
0 0.560352 0.240485 0.062220 0.062220
0 0.438909 0.355061 0.057104 0.057104
0 0.312974 0.945126 0.061130 0.061130
0 0.175339 0.788285 0.071945 0.071945
0 0.027974 0.499523 0.061130 0.061130
0 0.302826 0.504786 0.048997 0.048997
0 0.592272 0.172856 0.071945 0.071945
0 0.505852 0.409417 0.062220 0.062220
0 0.239495 0.135968 0.057104 0.057104
0 0.437911 0.132654 0.104277 0.104277
0 0.114253 0.126317 0.104277 0.104277
0 0.501834 0.650778 0.062220 0.062220
0 0.632473 0.229782 0.052757 0.052757
0 0.505411 0.560967 0.061131 0.061131
0 0.080185 0.599163 0.104277 0.104277
0 0.014374 0.934689 0.047555 0.047555
0 0.148474 0.959485 0.052757 0.052757
0 0.220627 0.323030 0.057104 0.057104
0 0.432919 0.657772 0.071945 0.071945
0 0.893701 0.941970 0.057104 0.057104
0 0.228424 0.967366 0.071945 0.071945
0 0.721282 0.116165 0.061131 0.061131