0 0.242345 0.333157 0.071945 0.071945
0 0.804884 0.839859 0.104277 0.104277
0 0.443889 0.943808 0.052757 0.052757
0 0.517466 0.301136 0.071945 0.071945
0 0.797844 0.041457 0.071945 0.071945
0 0.043958 0.178502 0.104277 0.104277
0 0.549594 0.416506 0.052757 0.052757
0 0.251029 0.703489 0.061130 0.061130
0 0.787877 0.523660 0.061131 0.061131
0 0.693754 0.639994 0.062220 0.062220
0 0.286743 0.089474 0.061130 0.061130
0 0.693021 0.214451 0.104277 0.104277
0 0.677110 0.810187 0.052757 0.052757
0 0.313156 0.811581 0.104277 0.104277
0 0.834932 0.932312 0.052757 0.052757
0 0.137093 0.599870 0.104277 0.104277
0 0.095954 0.721481 0.104277 0.104277
0 0.459687 0.051350 0.071945 0.071945
0 0.026811 0.023412 0.052757 0.052757
0 0.140494 0.352612 0.062220 0.062220
0 0.103118 0.098547 0.071945 0.071945
0 0.569909 0.662790 0.104277 0.104277
0 0.165847 0.524870 0.057104 0.057104
0 0.660017 0.377570 0.104277 0.104277
0 0.709367 0.919911 0.061130 0.061130
0 0.680924 0.990891 0.104277 0.104277
0 0.615156 0.568689 0.071945 0.071945
0 0.825214 0.461313 0.052757 0.052757
0 0.538395 0.170208 0.104277 0.104277
0 0.175971 0.879480 0.062220 0.062220
0 0.234194 0.507306 0.104277 0.104277
0 0.651408 0.721448 0.052757 0.052757
0 0.391856 0.804498 0.062220 0.062220
0 0.119547 0.448368 0.061130 0.061130
0 0.598877 0.108706 0.057104 0.057104
0 0.641844 0.282381 0.062220 0.062220
0 0.394586 0.409568 0.052757 0.052757
0 0.541594 0.040490 0.062220 0.062220
0 0.052344 0.627091 0.104277 0.104277
0 0.513329 0.797318 0.062220 0.062220
0 0.361803 0.596436 0.071945 0.071945
0 0.727243 0.013183 0.061130 0.061130
0 0.571807 0.511445 0.102474 0.102474
0 0.612696 0.868565 0.071945 0.071945
0 0.180991 0.174836 0.052757 0.052757
0 0.466143 0.503620 0.104277 0.104277
0 0.143649 0.040841 0.052757 0.052757
0 0.514546 0.968359 0.104277 0.104277
0 0.474967 0.237412 0.062220 0.062220
0 0.318654 0.312962 0.061131 0.061131
0 0.277047 0.241413 0.071945 0.071945
0 0.065248 0.359962 0.062220 0.062220
0 0.599193 0.965246 0.104277 0.104277
0 0.280193 0.564273 0.057104 0.057104
0 0.017889 0.700812 0.057104 0.057104
0 0.092915 0.517800 0.104277 0.104277
0 0.006868 0.953542 0.057104 0.057104
0 0.761489 0.270357 0.045227 0.045227
0 0.420797 0.870251 0.062220 0.062220
0 0.395877 0.318684 0.052757 0.052757
0 0.105423 0.278222 0.061130 0.061130
0 0.817154 0.174152 0.061130 0.061130
0 0.375548 0.968822 0.052757 0.052757
0 0.378986 0.525794 0.062220 0.062220
0 0.323409 0.705553 0.104277 0.104277
0 0.050860 0.787565 0.062220 0.062220
0 0.235404 0.933283 0.052757 0.052757
0 0.507391 0.895219 0.052757 0.052757
0 0.151502 0.669206 0.062220 0.062220
0 0.473503 0.132445 0.052757 0.052757
0 0.025715 0.558553 0.071945 0.071945
0 0.385550 0.184309 0.052757 0.052757
0 0.808743 0.741007 0.061131 0.061131
0 0.327026 0.881113 0.061131 0.061131
0 0.205087 0.250696 0.057104 0.057104
0 0.675560 0.117849 0.061131 0.061131
0 0.302351 0.631275 0.104277 0.104277
0 0.774315 0.617019 0.061131 0.061131
0 0.740569 0.768104 0.062221 0.062221
0 0.576467 0.768386 0.052757 0.052757
0 0.472572 0.410745 0.055027 0.055027
0 0.604764 0.211567 0.061131 0.061131
0 0.263263 0.439658 0.062220 0.062220
0 0.145789 0.964193 0.061130 0.061130
0 0.682601 0.514923 0.104277 0.104277
0 0.291007 0.982328 0.062220 0.062220
0 0.118630 0.205686 0.050559 0.050559
0 0.412852 0.703821 0.052757 0.052757
0 0.247769 0.148465 0.061130 0.061130
0 0.219253 0.596621 0.071945 0.071945
0 0.087782 0.867678 0.061131 0.061131
0 0.375840 0.063390 0.071945 0.071945
0 0.335302 0.452468 0.104277 0.104277
0 0.499312 0.596725 0.061130 0.061130
0 0.177803 0.796731 0.104277 0.104277
0 0.762683 0.131343 0.052757 0.052757
0 0.213192 0.015454 0.104277 0.104277
0 0.737340 0.463597 0.057104 0.057104
0 0.751290 0.387514 0.088662 0.088662