0 0.176795 0.670726 0.062220 0.062220
0 0.484207 0.816330 0.062220 0.062220
0 0.973595 0.533157 0.071945 0.071945
0 0.775208 0.378502 0.104277 0.104277
0 0.837696 0.102728 0.052757 0.052757
0 0.982279 0.903489 0.061130 0.061130
0 0.510187 0.459696 0.052757 0.052757
0 0.521879 0.546245 0.104277 0.104277
0 0.362229 0.093703 0.061130 0.061130
0 0.868343 0.799870 0.104277 0.104277
0 0.280781 0.870617 0.052757 0.052757
0 0.827204 0.921481 0.104277 0.104277
0 0.713720 0.963455 0.071945 0.071945
0 0.119124 0.725608 0.071945 0.071945
0 0.736990 0.052185 0.052757 0.052757
0 0.758061 0.223412 0.052757 0.052757
0 0.871744 0.552612 0.062220 0.062220
0 0.239972 0.955287 0.062220 0.062220
0 0.501612 0.372275 0.104277 0.104277
0 0.834368 0.298547 0.071945 0.071945
0 0.583969 0.304073 0.104277 0.104277
0 0.508136 0.273133 0.061130 0.061130
0 0.169924 0.985923 0.104277 0.104277
0 0.897097 0.724870 0.057104 0.057104
0 0.415207 0.171090 0.104277 0.104277
0 0.250412 0.676788 0.061130 0.061130
0 0.969784 0.124104 0.104277 0.104277
0 0.230828 0.588905 0.052757 0.052757
0 0.965444 0.707306 0.104277 0.104277
0 0.850797 0.648368 0.061130 0.061130
0 0.730102 0.690242 0.057104 0.057104
0 0.635077 0.450128 0.104277 0.104277
0 0.391630 0.589732 0.061130 0.061130
0 0.472474 0.715190 0.062220 0.062220
0 0.087664 0.300424 0.061130 0.061130
0 0.667618 0.797000 0.057104 0.057104
0 0.783594 0.827091 0.104277 0.104277
0 0.134124 0.012336 0.052757 0.052757
0 0.514363 0.623400 0.057104 0.057104
0 0.332161 0.824843 0.062220 0.062220
0 0.357079 0.012573 0.104277 0.104277
0 0.430559 0.411055 0.052757 0.052757
0 0.912241 0.374836 0.052757 0.052757
0 0.046692 0.006534 0.052757 0.052757
0 0.039148 0.858321 0.062220 0.062220
0 0.550909 0.758843 0.057104 0.057104
0 0.293034 0.094630 0.052757 0.052757
0 0.722265 0.297591 0.104277 0.104277
0 0.669562 0.159237 0.057104 0.057104
0 0.874899 0.240841 0.052757 0.052757
0 0.362984 0.670944 0.061130 0.061130
0 0.572730 0.383223 0.061130 0.061130
0 0.247561 0.313774 0.104278 0.104278
0 0.796498 0.559962 0.062220 0.062220
0 0.314410 0.292165 0.052757 0.052757
0 0.328214 0.931975 0.062220 0.062220
0 0.749139 0.900812 0.057104 0.057104
0 0.652279 0.085829 0.052757 0.052757
0 0.917756 0.000944 0.057104 0.057104
0 0.824165 0.717800 0.104277 0.104277
0 0.106851 0.558466 0.062220 0.062220
0 0.323871 0.547189 0.057104 0.057104
0 0.617299 0.944476 0.062220 0.062220
0 0.692826 0.411583 0.071945 0.071945
0 0.474534 0.038426 0.061130 0.061130
0 0.114025 0.890472 0.062220 0.062220
0 0.386080 0.977316 0.062220 0.062220
0 0.481839 0.943235 0.104277 0.104277
0 0.836673 0.478222 0.061130 0.061130
0 0.494572 0.200727 0.052757 0.052757
0 0.644746 0.237012 0.057104 0.057104
0 0.280289 0.414658 0.057104 0.057104
0 0.207564 0.381038 0.071945 0.071945
0 0.107925 0.645812 0.052757 0.052757
0 0.647211 0.667531 0.062220 0.062220
0 0.624556 0.521387 0.071945 0.071945
0 0.782110 0.987565 0.062220 0.062220
0 0.146149 0.460604 0.052757 0.052757
0 0.338445 0.456496 0.071945 0.071945
0 0.040828 0.700330 0.057104 0.057104
0 0.074406 0.369008 0.057104 0.057104
0 0.044903 0.446830 0.104277 0.104277
0 0.849566 0.172151 0.104277 0.104277
0 0.882752 0.869206 0.062220 0.062220
0 0.756965 0.758553 0.071945 0.071945
0 0.585853 0.047926 0.104277 0.104277
0 0.936337 0.450696 0.057104 0.057104
0 0.006030 0.566355 0.104277 0.104277
0 0.433007 0.875255 0.104277 0.104277
0 0.006304 0.976014 0.061131 0.061131
0 0.217974 0.491389 0.052757 0.052757
0 0.994513 0.639658 0.062220 0.062220
0 0.849880 0.405686 0.050559 0.050559
0 0.160862 0.229029 0.104277 0.104277
0 0.979019 0.348465 0.061130 0.061130
0 0.664282 0.880033 0.052757 0.052757
0 0.211005 0.073264 0.104277 0.104277
0 0.950503 0.796621 0.071945 0.071945
0 0.079641 0.991109 0.057104 0.057104
0 0.751522 0.141242 0.061131 0.061131
0 0.598629 0.182567 0.104277 0.104277
0 0.116678 0.148041 0.052757 0.052757
0 0.200249 0.783957 0.057104 0.057104
0 0.085567 0.220677 0.061130 0.061130
0 0.909053 0.996731 0.104277 0.104277
0 0.591057 0.875311 0.052757 0.052757
0 0.208910 0.163627 0.062220 0.062220
0 0.275420 0.198669 0.071945 0.071945
0 0.673534 0.011294 0.071945 0.071945
0 0.504527 0.122323 0.061130 0.061130
0 0.913735 0.077514 0.071945 0.071945
0 0.624729 0.740697 0.061130 0.061130
0 0.296210 0.760041 0.104277 0.104277
0 0.405042 0.309773 0.104277 0.104277
0 0.944442 0.215454 0.104277 0.104277
0 0.178593 0.305045 0.052757 0.052757
0 0.708935 0.535368 0.052757 0.052757
0 0.444326 0.480033 0.104277 0.104277