0 0.182970 0.648782 0.071945 0.071945
0 0.458091 0.616761 0.071945 0.071945
0 0.738469 0.357082 0.071945 0.071945
0 0.490219 0.732131 0.052757 0.052757
0 0.047071 0.218353 0.052757 0.052757
0 0.728502 0.839285 0.061131 0.061131
0 0.634379 0.955619 0.062220 0.062220
0 0.227368 0.405099 0.061130 0.061130
0 0.633646 0.530076 0.104277 0.104277
0 0.077718 0.915495 0.104277 0.104277
0 0.660369 0.144229 0.062220 0.062220
0 0.400312 0.366975 0.071945 0.071945
0 0.081119 0.668237 0.062220 0.062220
0 0.043743 0.414172 0.071945 0.071945
0 0.510534 0.978415 0.104277 0.104277
0 0.106472 0.840495 0.057104 0.057104
0 0.600642 0.693195 0.104277 0.104277
0 0.555781 0.884314 0.071945 0.071945
0 0.765839 0.776938 0.052757 0.052757
0 0.179159 0.239729 0.104277 0.104277
0 0.479020 0.485833 0.104277 0.104277
0 0.596799 0.297026 0.071945 0.071945
0 0.174819 0.822931 0.104277 0.104277
0 0.601546 0.228580 0.062220 0.062220
0 0.060172 0.763993 0.061130 0.061130
0 0.539502 0.424331 0.057104 0.057104
0 0.582469 0.598006 0.062220 0.062220
0 0.335211 0.725193 0.052757 0.052757
0 0.482219 0.356115 0.062220 0.062220
0 0.362294 0.021272 0.104277 0.104277
0 0.302428 0.912061 0.071945 0.071945
0 0.667868 0.328808 0.061130 0.061130
0 0.512432 0.827070 0.102474 0.102474
0 0.121616 0.490461 0.052757 0.052757
0 0.406768 0.819245 0.104277 0.104277
0 0.084274 0.356466 0.052757 0.052757
0 0.278749 0.107901 0.054783 0.054783
0 0.415592 0.553037 0.062220 0.062220
0 0.259279 0.628587 0.061131 0.061131
0 0.446301 0.041813 0.057103 0.057103
0 0.217672 0.557038 0.071945 0.071945
0 0.246851 0.220067 0.071945 0.071945
0 0.005873 0.675587 0.062220 0.062220
0 0.247111 0.290891 0.061130 0.061130
0 0.220818 0.879898 0.057104 0.057104
0 0.540607 0.108634 0.061131 0.061131
0 0.127131 0.116569 0.057104 0.057104
0 0.033540 0.833425 0.104277 0.104277
0 0.702114 0.585982 0.045227 0.045227
0 0.336502 0.634309 0.052757 0.052757
0 0.757356 0.069057 0.071945 0.071945
0 0.762738 0.207582 0.104278 0.104278
0 0.046048 0.593847 0.061130 0.061130
0 0.757779 0.489777 0.061130 0.061130
0 0.319611 0.841419 0.062220 0.062220
0 0.693943 0.042160 0.104278 0.104278
0 0.371264 0.208559 0.052757 0.052757
0 0.052469 0.029111 0.062220 0.062220
0 0.617296 0.081739 0.062220 0.062220
0 0.058941 0.287776 0.104277 0.104277
0 0.092127 0.984831 0.062220 0.062220
0 0.414128 0.448070 0.052757 0.052757
0 0.326175 0.499934 0.052757 0.052757
0 0.145712 0.566321 0.057104 0.057104
0 0.616185 0.433474 0.061131 0.061131
0 0.521822 0.297737 0.057104 0.057104
0 0.242976 0.946900 0.104277 0.104277
0 0.714940 0.932644 0.061131 0.061131
0 0.540857 0.032238 0.071945 0.071945
0 0.355109 0.094650 0.104277 0.104277
0 0.413197 0.726370 0.055027 0.055027
0 0.545389 0.527192 0.061131 0.061131
0 0.203888 0.755283 0.062220 0.062220
0 0.623226 0.830548 0.104277 0.104277
0 0.059255 0.521311 0.050559 0.050559
0 0.188394 0.464090 0.061130 0.061130
0 0.317665 0.284462 0.071945 0.071945
0 0.419652 0.138848 0.057104 0.057104
0 0.459698 0.195986 0.104277 0.104277
0 0.159878 0.912246 0.071945 0.071945
0 0.316465 0.379015 0.071945 0.071945
0 0.275927 0.768093 0.104277 0.104277
0 0.265190 0.039947 0.052757 0.052757
0 0.192627 0.074174 0.104277 0.104277
0 0.439937 0.912350 0.061130 0.061130
0 0.703308 0.446968 0.052757 0.052757
0 0.123110 0.193139 0.071945 0.071945
0 0.429374 0.287590 0.104277 0.104277
0 0.153817 0.331079 0.104277 0.104277
0 0.705583 0.253135 0.061131 0.061131
0 0.677965 0.779222 0.057104 0.057104
0 0.691915 0.703139 0.088662 0.088662