0 0.239295 0.567601 0.062220 0.062220
0 0.584933 0.907229 0.062220 0.062220
0 0.546707 0.713205 0.062220 0.062220
0 0.837708 0.275377 0.104277 0.104277
0 0.572687 0.356571 0.052757 0.052757
0 0.584379 0.443120 0.104277 0.104277
0 0.930843 0.696745 0.104277 0.104277
0 0.343281 0.767492 0.052757 0.052757
0 0.889704 0.818356 0.104277 0.104277
0 0.776220 0.860330 0.071945 0.071945
0 0.181624 0.622483 0.071945 0.071945
0 0.820561 0.120287 0.052757 0.052757
0 0.934244 0.449487 0.062220 0.062220
0 0.302472 0.852162 0.062220 0.062220
0 0.564112 0.269150 0.104277 0.104277
0 0.896868 0.195422 0.071945 0.071945
0 0.646469 0.200948 0.104277 0.104277
0 0.570636 0.170008 0.061130 0.061130
0 0.232424 0.882798 0.104277 0.104277
0 0.959597 0.621745 0.057104 0.057104
0 0.036046 0.655609 0.061130 0.061130
0 0.477707 0.067965 0.104277 0.104277
0 0.312912 0.573663 0.061130 0.061130
0 0.293328 0.485780 0.052757 0.052757
0 0.084474 0.951961 0.104278 0.104278
0 0.969721 0.976355 0.062220 0.062220
0 0.913297 0.545243 0.061130 0.061130
0 0.792602 0.587117 0.057104 0.057104
0 0.697577 0.347003 0.104277 0.104277
0 0.454130 0.486607 0.061130 0.061130
0 0.534974 0.612065 0.062220 0.062220
0 0.150164 0.197299 0.061130 0.061130
0 0.730118 0.693875 0.057104 0.057104
0 0.846094 0.723966 0.104277 0.104277
0 0.576863 0.520275 0.057104 0.057104
0 0.342199 0.949406 0.061130 0.061130
0 0.785531 0.933295 0.071945 0.071945
0 0.394661 0.721718 0.062220 0.062220
0 0.493059 0.307930 0.052757 0.052757
0 0.592780 0.978031 0.057104 0.057104
0 0.974741 0.271711 0.052757 0.052757
0 0.101648 0.755196 0.062220 0.062220
0 0.613409 0.655718 0.057104 0.057104
0 0.784765 0.194466 0.104277 0.104277
0 0.732062 0.056112 0.057104 0.057104
0 0.937399 0.137716 0.052757 0.052757
0 0.425484 0.567819 0.061130 0.061130
0 0.635230 0.280098 0.061130 0.061130
0 0.310061 0.210649 0.104278 0.104278
0 0.858998 0.456837 0.062220 0.062220
0 0.376910 0.189040 0.052757 0.052757
0 0.390714 0.828850 0.062220 0.062220
0 0.811639 0.797687 0.057104 0.057104
0 0.018019 0.368117 0.062220 0.062220
0 0.886665 0.614675 0.104277 0.104277
0 0.515929 0.949045 0.050891 0.050891
0 0.169351 0.455341 0.062220 0.062220
0 0.241755 0.964480 0.104277 0.104277
0 0.386371 0.444064 0.057104 0.057104
0 0.679799 0.841351 0.062220 0.062220
0 0.755326 0.308458 0.071945 0.071945
0 0.176525 0.787347 0.062220 0.062220
0 0.448580 0.874191 0.062220 0.062220
0 0.544339 0.840110 0.104277 0.104277
0 0.899173 0.375097 0.061130 0.061130
0 0.557072 0.097602 0.052757 0.052757
0 0.707246 0.133887 0.057104 0.057104
0 0.342789 0.311533 0.057104 0.057104
0 0.051787 0.549223 0.104278 0.104278
0 0.270064 0.277913 0.071945 0.071945
0 0.170425 0.542687 0.052757 0.052757
0 0.706187 0.969288 0.061130 0.061130
0 0.709711 0.564406 0.062220 0.062220
0 0.687056 0.418262 0.071945 0.071945
0 0.844610 0.884440 0.062220 0.062220
0 0.208649 0.357479 0.052757 0.052757
0 0.400945 0.353371 0.071945 0.071945
0 0.103328 0.597205 0.057104 0.057104
0 0.136906 0.265883 0.057104 0.057104
0 0.417527 0.947000 0.062220 0.062220
0 0.107403 0.343705 0.104277 0.104277
0 0.912066 0.069026 0.104277 0.104277
0 0.945252 0.766081 0.062220 0.062220
0 0.819465 0.655428 0.071945 0.071945
0 0.998837 0.347571 0.057104 0.057104
0 0.068530 0.463230 0.104277 0.104277
0 0.058984 0.244265 0.071945 0.071945
0 0.495507 0.772130 0.104277 0.104277
0 0.068804 0.872889 0.061131 0.061131
0 0.280474 0.388264 0.052757 0.052757
0 0.040360 0.137268 0.057104 0.057104
0 0.912380 0.302561 0.050559 0.050559
0 0.223362 0.125904 0.104277 0.104277
0 0.726782 0.776908 0.052757 0.052757
0 0.142141 0.887984 0.057104 0.057104
0 0.814022 0.038117 0.061131 0.061131
0 0.881532 0.964553 0.061131 0.061131
0 0.661129 0.079442 0.104277 0.104277
0 0.179178 0.044916 0.052757 0.052757
0 0.262749 0.680832 0.057104 0.057104
0 0.148067 0.117552 0.061130 0.061130
0 0.971553 0.893606 0.104277 0.104277
0 0.653557 0.772186 0.052757 0.052757
0 0.271410 0.060502 0.062220 0.062220
0 0.337920 0.095544 0.071945 0.071945
0 0.567027 0.019198 0.061130 0.061130
0 0.687229 0.637572 0.061130 0.061130
0 0.358710 0.656916 0.104277 0.104277
0 0.018688 0.780758 0.057104 0.057104
0 0.467542 0.206648 0.104277 0.104277
0 0.241093 0.201920 0.052757 0.052757
0 0.007339 0.924765 0.061130 0.061130
0 0.771435 0.432243 0.052757 0.052757
0 0.050102 0.031047 0.104277 0.104277
0 0.506826 0.376908 0.104277 0.104277