0 0.237208 0.978738 0.052757 0.052757
0 0.789136 0.718106 0.052757 0.052757
0 0.738785 0.211427 0.062220 0.062220
0 0.663342 0.438643 0.052757 0.052757
0 0.210127 0.639786 0.071945 0.071945
0 0.685670 0.085812 0.057103 0.057103
0 0.788681 0.925936 0.057104 0.057104
0 0.854723 0.333103 0.071945 0.071945
0 0.319270 0.059098 0.104277 0.104277
0 0.901971 0.395542 0.061130 0.061130
0 0.457016 0.131457 0.052757 0.052757
0 0.833490 0.608582 0.057104 0.057104
0 0.920421 0.604839 0.057104 0.057104
0 0.230740 0.413522 0.104278 0.104278
0 0.601832 0.350137 0.071945 0.071945
0 0.531587 0.343052 0.057104 0.057104
0 0.799640 0.509044 0.057104 0.057104
0 0.346264 0.850258 0.071945 0.071945
0 0.339330 0.779802 0.071945 0.071945
0 0.946829 0.273235 0.061130 0.061130
0 0.835003 0.874569 0.071945 0.071945
0 0.748263 0.033568 0.052757 0.052757
0 0.535119 0.676812 0.071945 0.071945
0 0.501438 0.056910 0.062220 0.062220
0 0.200785 0.004870 0.071945 0.071945
0 0.980571 0.818458 0.061130 0.061130
0 0.951645 0.746723 0.061130 0.061130
0 0.830658 0.085633 0.057104 0.057104
0 0.732763 0.472996 0.104277 0.104277
0 0.596803 0.251174 0.057104 0.057104
0 0.838519 0.252921 0.057104 0.057104
0 0.504158 0.428303 0.057104 0.057104
0 0.707085 0.367258 0.104277 0.104277
0 0.991128 0.484661 0.052757 0.052757
0 0.289703 0.197361 0.062220 0.062220
0 0.722178 0.559558 0.104277 0.104277
0 0.546288 0.758510 0.071945 0.071945
0 0.976267 0.940902 0.104277 0.104277
0 0.511642 0.260557 0.052757 0.052757
0 0.706343 0.272527 0.052757 0.052757
0 0.523254 0.191848 0.061130 0.061130
0 0.665575 0.709641 0.052757 0.052757
0 0.891707 0.186020 0.104277 0.104277
0 0.497539 0.840735 0.052757 0.052757
0 0.592208 0.106666 0.071945 0.071945
0 0.430222 0.519289 0.061130 0.061130
0 0.238544 0.901074 0.104278 0.104278
0 0.872150 0.682327 0.071945 0.071945
0 0.797095 0.435297 0.062220 0.062220
0 0.421316 0.713168 0.061130 0.061130
0 0.758027 0.640994 0.104277 0.104277
0 0.307848 0.583440 0.061130 0.061130
0 0.904798 0.912475 0.052757 0.052757
0 0.380173 0.945193 0.057104 0.057104
0 0.907371 0.059741 0.061130 0.061130
0 0.670935 0.859366 0.071945 0.071945
0 0.881695 0.819535 0.061130 0.061130
0 0.457297 0.783994 0.062220 0.062220
0 0.449405 0.219993 0.061130 0.061130
0 0.416017 0.057179 0.062220 0.062220
0 0.593835 0.455789 0.057104 0.057104
0 0.904343 0.464696 0.057104 0.057104
0 0.323326 0.502852 0.057104 0.057104
0 0.396031 0.397963 0.104277 0.104277
0 0.536156 0.909168 0.104277 0.104277
0 0.242911 0.709112 0.061130 0.061130
0 0.206507 0.200875 0.061130 0.061130
0 0.878599 0.979501 0.061130 0.061130
0 0.740964 0.822660 0.071945 0.071945
0 0.593599 0.533898 0.061130 0.061130
0 0.523436 0.521177 0.062220 0.062220
0 0.868451 0.539161 0.048997 0.048997
0 0.247723 0.128883 0.061130 0.061130
0 0.294955 0.344555 0.104277 0.104277
0 0.805120 0.170343 0.057104 0.057104
0 0.679878 0.160692 0.104277 0.104277
0 0.253497 0.501900 0.057104 0.057104
0 0.300943 0.660674 0.057104 0.057104
0 0.491997 0.605717 0.071945 0.071945
0 0.333337 0.134565 0.071945 0.071945
0 0.645810 0.633538 0.104277 0.104277
0 0.411936 0.598641 0.071945 0.071945
0 0.402187 0.321500 0.061130 0.061130
0 0.484914 0.964095 0.071945 0.071945
0 0.603816 0.024624 0.052757 0.052757
0 0.579999 0.969064 0.047555 0.047555
0 0.714099 0.993860 0.052757 0.052757
0 0.786252 0.357405 0.057104 0.057104
0 0.205257 0.290307 0.071945 0.071945
0 0.998544 0.692147 0.071945 0.071945
0 0.241181 0.797328 0.062220 0.062220
0 0.370209 0.257690 0.062220 0.062220