0 0.662717 0.918227 0.104277 0.104277
0 0.619169 0.706236 0.061130 0.061130
0 0.552262 0.566565 0.104277 0.104277
0 0.614088 0.475517 0.071945 0.071945
0 0.813007 0.915903 0.062220 0.062220
0 0.765901 0.461127 0.071945 0.071945
0 0.844654 0.667985 0.104277 0.104277
0 0.519940 0.668134 0.052757 0.052757
0 0.922518 0.714510 0.071945 0.071945
0 0.816807 0.010161 0.104277 0.104277
0 0.849287 0.351430 0.061131 0.061131
0 0.557971 0.338618 0.104277 0.104277
0 0.064136 0.621231 0.052757 0.052757
0 0.013785 0.114552 0.062220 0.062220
0 0.880402 0.087825 0.104277 0.104277
0 0.656841 0.833042 0.057104 0.057104
0 0.428034 0.511074 0.062220 0.062220
0 0.686043 0.274589 0.052757 0.052757
0 0.338869 0.696233 0.104277 0.104277
0 0.596847 0.632773 0.061131 0.061131
0 0.872851 0.963391 0.052757 0.052757
0 0.063681 0.829061 0.057104 0.057104
0 0.629981 0.385114 0.057104 0.057104
0 0.129723 0.236228 0.071945 0.071945
0 0.934127 0.911906 0.057103 0.057103
0 0.681063 0.593268 0.052757 0.052757
0 0.176971 0.298667 0.061130 0.061130
0 0.949120 0.329070 0.104277 0.104277
0 0.355105 0.422622 0.052757 0.052757
0 0.819397 0.145480 0.062220 0.062220
0 0.737270 0.529228 0.057104 0.057104
0 0.657223 0.212028 0.057104 0.057104
0 0.654070 0.051203 0.052757 0.052757
0 0.849743 0.751239 0.036679 0.036679
0 0.765224 0.189466 0.061130 0.061130
0 0.480093 0.038506 0.061131 0.061131
0 0.108490 0.511707 0.057104 0.057104
0 0.683505 0.681850 0.057104 0.057104
0 0.422305 0.358531 0.052757 0.052757
0 0.195421 0.507964 0.057104 0.057104
0 0.975087 0.062275 0.061130 0.061130
0 0.993383 0.546287 0.104277 0.104277
0 0.418273 0.634483 0.071945 0.071945
0 0.708153 0.146489 0.061131 0.061131
0 0.899021 0.569919 0.104277 0.104277
0 0.527368 0.440814 0.071945 0.071945
0 0.757380 0.079942 0.057104 0.057104
0 0.989926 0.737394 0.062220 0.062220
0 0.074640 0.412169 0.057104 0.057104
0 0.436225 0.950069 0.071945 0.071945
0 0.489492 0.600932 0.057104 0.057104
0 0.221829 0.176360 0.061130 0.061130
0 0.110003 0.777694 0.071945 0.071945
0 0.845948 0.511627 0.061130 0.061130
0 0.204598 0.990322 0.062220 0.062220
0 0.320259 0.819322 0.061130 0.061130
0 0.980874 0.137150 0.061130 0.061130
0 0.924708 0.642242 0.061130 0.061130
0 0.493966 0.240650 0.104277 0.104277
0 0.255571 0.721583 0.061130 0.061130
0 0.226645 0.649848 0.061130 0.061130
0 0.796044 0.606110 0.062220 0.062220
0 0.007763 0.376121 0.104277 0.104277
0 0.113519 0.156046 0.057104 0.057104
0 0.405325 0.776118 0.104277 0.104277
0 0.568730 0.873991 0.071945 0.071945
0 0.266128 0.387786 0.052757 0.052757
0 0.709476 0.377140 0.062220 0.062220
0 0.259025 0.927709 0.061130 0.061130
0 0.251267 0.844027 0.104277 0.104277
0 0.455886 0.824655 0.104277 0.104277
0 0.166707 0.089145 0.104277 0.104277
0 0.434791 0.711965 0.052757 0.052757
0 0.741707 0.751653 0.062220 0.062220
0 0.147150 0.585452 0.071945 0.071945
0 0.072095 0.338422 0.062220 0.062220
0 0.776548 0.294991 0.071945 0.071945
0 0.386427 0.278119 0.052757 0.052757
0 0.379194 0.048456 0.062220 0.062220
0 0.883918 0.834349 0.104277 0.104277
0 0.033027 0.544119 0.104277 0.104277
0 0.559855 0.957907 0.057104 0.057104
0 0.043062 0.994486 0.050932 0.050932
0 0.179798 0.815600 0.052757 0.052757
0 0.343959 0.112074 0.104278 0.104278
0 0.797370 0.799571 0.071945 0.071945
0 0.156695 0.722660 0.061130 0.061130
0 0.515724 0.780715 0.052757 0.052757
0 0.370030 0.932162 0.057104 0.057104
0 0.594102 0.176245 0.062220 0.062220
0 0.179343 0.367821 0.057104 0.057104
0 0.400977 0.177985 0.062220 0.062220
0 0.279534 0.292561 0.057104 0.057104
0 0.153599 0.882626 0.061130 0.061130
0 0.015964 0.725785 0.071945 0.071945
0 0.938265 0.789718 0.061131 0.061131
0 0.143451 0.442286 0.048997 0.048997
0 0.432897 0.110356 0.071945 0.071945
0 0.346477 0.346917 0.062220 0.062220
0 0.919508 0.258652 0.057104 0.057104
0 0.080120 0.073468 0.057104 0.057104
0 0.278536 0.070154 0.104277 0.104277
0 0.342459 0.588278 0.062220 0.062220
0 0.473098 0.167282 0.052757 0.052757
0 0.114391 0.979311 0.062220 0.062220
0 0.902251 0.398590 0.057104 0.057104
0 0.346036 0.498467 0.061131 0.061131
0 0.910913 0.184953 0.104277 0.104277
0 0.980246 0.212548 0.104277 0.104277
0 0.994426 0.408806 0.052757 0.052757
0 0.061252 0.260530 0.057104 0.057104
0 0.273544 0.595272 0.071945 0.071945
0 0.734326 0.879470 0.057104 0.057104
0 0.069049 0.904866 0.071945 0.071945
0 0.561907 0.053665 0.061131 0.061131