0 0.678342 0.665102 0.104277 0.104277
0 0.634794 0.453111 0.061130 0.061130
0 0.350802 0.872630 0.104278 0.104278
0 0.567887 0.313440 0.104277 0.104277
0 0.629713 0.222392 0.071945 0.071945
0 0.828632 0.662778 0.062220 0.062220
0 0.781526 0.208002 0.071945 0.071945
0 0.860279 0.414860 0.104277 0.104277
0 0.535565 0.415009 0.052757 0.052757
0 0.938143 0.461385 0.071945 0.071945
0 0.864912 0.098305 0.061131 0.061131
0 0.573596 0.085493 0.104277 0.104277
0 0.079761 0.368106 0.052757 0.052757
0 0.368240 0.983435 0.052757 0.052757
0 0.672466 0.579917 0.057104 0.057104
0 0.443659 0.257949 0.062220 0.062220
0 0.708328 0.766553 0.051819 0.051819
0 0.003447 0.789287 0.057104 0.057104
0 0.701668 0.021464 0.052757 0.052757
0 0.354494 0.443108 0.104277 0.104277
0 0.612472 0.379648 0.061131 0.061131
0 0.888476 0.710266 0.052757 0.052757
0 0.079306 0.575936 0.057104 0.057104
0 0.645606 0.131989 0.057104 0.057104
0 0.949752 0.658781 0.057103 0.057103
0 0.696688 0.340143 0.052757 0.052757
0 0.192596 0.045542 0.061130 0.061130
0 0.964745 0.075945 0.104277 0.104277
0 0.370730 0.169497 0.052757 0.052757
0 0.752895 0.276103 0.057104 0.057104
0 0.865368 0.498114 0.036679 0.036679
0 0.300648 0.784068 0.052757 0.052757
0 0.984406 0.776121 0.104277 0.104277
0 0.124115 0.258582 0.057104 0.057104
0 0.699130 0.428725 0.057104 0.057104
0 0.784169 0.836897 0.104277 0.104277
0 0.437930 0.105406 0.052757 0.052757
0 0.779306 0.763604 0.071945 0.071945
0 0.211046 0.254839 0.057104 0.057104
0 0.433898 0.381358 0.071945 0.071945
0 0.485777 0.776313 0.052757 0.052757
0 0.914646 0.316794 0.104277 0.104277
0 0.542993 0.187689 0.071945 0.071945
0 0.700624 0.923526 0.054783 0.054783
0 0.090265 0.159044 0.057104 0.057104
0 0.868176 0.857438 0.057103 0.057103
0 0.451850 0.696944 0.071945 0.071945
0 0.225527 0.902541 0.061130 0.061130
0 0.116880 0.801383 0.071945 0.071945
0 0.962482 0.924259 0.061131 0.061131
0 0.549006 0.932194 0.057104 0.057104
0 0.913660 0.792140 0.061131 0.061131
0 0.505117 0.347807 0.057104 0.057104
0 0.125628 0.524569 0.071945 0.071945
0 0.105784 0.969676 0.061130 0.061130
0 0.076453 0.886011 0.062220 0.062220
0 0.861573 0.258502 0.061130 0.061130
0 0.220223 0.737197 0.062220 0.062220
0 0.335884 0.566197 0.061130 0.061130
0 0.940333 0.389117 0.061130 0.061130
0 0.563201 0.810320 0.052757 0.052757
0 0.271196 0.468458 0.061130 0.061130
0 0.242270 0.396723 0.061130 0.061130
0 0.811669 0.352985 0.062220 0.062220
0 0.023388 0.122996 0.104277 0.104277
0 0.420950 0.522993 0.104277 0.104277
0 0.584355 0.620866 0.071945 0.071945
0 0.281753 0.134661 0.052757 0.052757
0 0.725101 0.124015 0.062220 0.062220
0 0.274650 0.674584 0.061130 0.061130
0 0.012803 0.209558 0.104277 0.104277
0 0.374743 0.767120 0.057104 0.057104
0 0.266892 0.590902 0.104277 0.104277
0 0.474344 0.844736 0.062220 0.062220
0 0.471511 0.571530 0.104277 0.104277
0 0.450416 0.458840 0.052757 0.052757
0 0.757332 0.498528 0.062220 0.062220
0 0.162775 0.332327 0.071945 0.071945
0 0.217103 0.979176 0.104277 0.104277
0 0.087720 0.085297 0.062220 0.062220
0 0.177749 0.833197 0.071945 0.071945
0 0.792173 0.041866 0.071945 0.071945
0 0.420647 0.900825 0.104277 0.104277
0 0.402052 0.024994 0.052757 0.052757
0 0.899543 0.581224 0.104277 0.104277
0 0.048652 0.290994 0.104277 0.104277
0 0.575480 0.704782 0.057104 0.057104
0 0.058687 0.741361 0.050932 0.050932
0 0.195423 0.562475 0.052757 0.052757
0 0.962732 0.847863 0.071945 0.071945
0 0.812995 0.546446 0.071945 0.071945
0 0.172320 0.469535 0.061130 0.061130
0 0.531349 0.527590 0.052757 0.052757
0 0.385655 0.679037 0.057104 0.057104
0 0.776984 0.910275 0.104277 0.104277
0 0.194968 0.114696 0.057104 0.057104
0 0.295159 0.039436 0.057104 0.057104
0 0.169224 0.629501 0.061130 0.061130
0 0.031589 0.472660 0.071945 0.071945
0 0.953890 0.536593 0.061131 0.061131
0 0.841527 0.954473 0.057104 0.057104
0 0.159076 0.189161 0.048997 0.048997
0 0.362102 0.093792 0.062220 0.062220
0 0.935133 0.005527 0.057104 0.057104
0 0.358084 0.335153 0.062220 0.062220
0 0.687065 0.855572 0.052757 0.052757
0 0.614502 0.889799 0.104277 0.104277
0 0.130016 0.726186 0.062220 0.062220
0 0.917876 0.145465 0.057104 0.057104
0 0.361661 0.245342 0.061131 0.061131
0 0.304784 0.942544 0.071945 0.071945
0 0.004724 0.643860 0.052757 0.052757
0 0.076877 0.007405 0.057104 0.057104
0 0.289169 0.342147 0.071945 0.071945
0 0.000444 0.861965 0.071945 0.071945
0 0.749951 0.626345 0.057104 0.057104
0 0.084674 0.651741 0.071945 0.071945