0 0.208045 0.705101 0.062220 0.062220
0 0.515457 0.850705 0.062220 0.062220
0 0.806458 0.412877 0.104277 0.104277
0 0.868946 0.137103 0.052757 0.052757
0 0.541437 0.494071 0.052757 0.052757
0 0.553129 0.580620 0.104277 0.104277
0 0.393479 0.128078 0.061130 0.061130
0 0.899593 0.834245 0.104277 0.104277
0 0.312031 0.904992 0.052757 0.052757
0 0.858454 0.955856 0.104277 0.104277
0 0.744970 0.997830 0.071945 0.071945
0 0.150374 0.759983 0.071945 0.071945
0 0.768240 0.086560 0.052757 0.052757
0 0.789311 0.257787 0.052757 0.052757
0 0.902994 0.586987 0.062220 0.062220
0 0.271222 0.989662 0.062220 0.062220
0 0.532862 0.406650 0.104277 0.104277
0 0.865618 0.332922 0.071945 0.071945
0 0.615219 0.338448 0.104277 0.104277
0 0.539386 0.307508 0.061130 0.061130
0 0.928347 0.759245 0.057104 0.057104
0 0.004796 0.793109 0.061130 0.061130
0 0.446457 0.205465 0.104277 0.104277
0 0.281662 0.711163 0.061130 0.061130
0 0.262078 0.623280 0.052757 0.052757
0 0.996694 0.741681 0.104277 0.104277
0 0.882047 0.682743 0.061130 0.061130
0 0.761352 0.724617 0.057104 0.057104
0 0.666327 0.484503 0.104277 0.104277
0 0.422880 0.624107 0.061130 0.061130
0 0.503724 0.749565 0.062220 0.062220
0 0.118914 0.334799 0.061130 0.061130
0 0.698868 0.831375 0.057104 0.057104
0 0.814844 0.861466 0.104277 0.104277
0 0.165374 0.046711 0.052757 0.052757
0 0.545613 0.657775 0.057104 0.057104
0 0.363411 0.859218 0.062220 0.062220
0 0.388329 0.046948 0.104277 0.104277
0 0.461809 0.445430 0.052757 0.052757
0 0.943491 0.409211 0.052757 0.052757
0 0.077942 0.040909 0.052757 0.052757
0 0.070398 0.892696 0.062220 0.062220
0 0.582159 0.793218 0.057104 0.057104
0 0.324284 0.129005 0.052757 0.052757
0 0.753515 0.331966 0.104277 0.104277
0 0.700812 0.193612 0.057104 0.057104
0 0.906149 0.275216 0.052757 0.052757
0 0.394234 0.705319 0.061130 0.061130
0 0.603980 0.417598 0.061130 0.061130
0 0.278811 0.348149 0.104278 0.104278
0 0.827748 0.594337 0.062220 0.062220
0 0.345660 0.326540 0.052757 0.052757
0 0.625527 0.005666 0.061130 0.061130
0 0.359464 0.966350 0.062220 0.062220
0 0.780389 0.935187 0.057104 0.057104
0 0.683529 0.120204 0.052757 0.052757
0 0.949006 0.035319 0.057104 0.057104
0 0.855415 0.752175 0.104277 0.104277
0 0.138101 0.592841 0.062220 0.062220
0 0.355121 0.581564 0.057104 0.057104
0 0.648549 0.978851 0.062220 0.062220
0 0.724076 0.445958 0.071945 0.071945
0 0.505784 0.072801 0.061130 0.061130
0 0.145275 0.924847 0.062220 0.062220
0 0.513089 0.977610 0.104277 0.104277
0 0.867923 0.512597 0.061130 0.061130
0 0.525822 0.235102 0.052757 0.052757
0 0.675996 0.271387 0.057104 0.057104
0 0.311539 0.449033 0.057104 0.057104
0 0.020537 0.686723 0.104278 0.104278
0 0.238814 0.415413 0.071945 0.071945
0 0.139175 0.680187 0.052757 0.052757
0 0.678461 0.701906 0.062220 0.062220
0 0.655806 0.555762 0.071945 0.071945
0 0.177399 0.494979 0.052757 0.052757
0 0.369695 0.490871 0.071945 0.071945
0 0.072078 0.734705 0.057104 0.057104
0 0.105656 0.403383 0.057104 0.057104
0 0.076153 0.481205 0.104277 0.104277
0 0.880816 0.206526 0.104277 0.104277
0 0.914002 0.903581 0.062220 0.062220
0 0.788215 0.792928 0.071945 0.071945
0 0.617103 0.082301 0.104277 0.104277
0 0.967587 0.485071 0.057104 0.057104
0 0.820647 0.003950 0.104277 0.104277
0 0.037280 0.600730 0.104277 0.104277
0 0.027734 0.381765 0.071945 0.071945
0 0.318815 0.000389 0.071945 0.071945
0 0.464257 0.909630 0.104277 0.104277
0 0.249224 0.525764 0.052757 0.052757
0 0.009110 0.274768 0.057104 0.057104
0 0.881130 0.440061 0.050559 0.050559
0 0.192112 0.263404 0.104277 0.104277
0 0.695532 0.914408 0.052757 0.052757
0 0.242255 0.107639 0.104277 0.104277
0 0.981753 0.830996 0.071945 0.071945
0 0.782772 0.175617 0.061131 0.061131
0 0.629879 0.216942 0.104277 0.104277
0 0.147928 0.182416 0.052757 0.052757
0 0.231499 0.818332 0.057104 0.057104
0 0.027157 0.097205 0.104277 0.104277
0 0.116817 0.255052 0.061130 0.061130
0 0.622307 0.909686 0.052757 0.052757
0 0.240160 0.198002 0.062220 0.062220
0 0.306670 0.233044 0.071945 0.071945
0 0.704784 0.045669 0.071945 0.071945
0 0.535777 0.156698 0.061130 0.061130
0 0.944985 0.111889 0.071945 0.071945
0 0.655979 0.775072 0.061130 0.061130
0 0.327460 0.794416 0.104277 0.104277
0 0.436292 0.344148 0.104277 0.104277
0 0.975692 0.249829 0.104277 0.104277
0 0.209843 0.339420 0.052757 0.052757
0 0.740185 0.569743 0.052757 0.052757
0 0.018852 0.168547 0.104277 0.104277
0 0.475576 0.514408 0.104277 0.104277