0 0.084207 0.856955 0.062220 0.062220
0 0.573595 0.573782 0.071945 0.071945
0 0.848716 0.541761 0.071945 0.071945
0 0.375208 0.419127 0.104277 0.104277
0 0.880844 0.657131 0.052757 0.052757
0 0.437696 0.143353 0.052757 0.052757
0 0.582279 0.944114 0.061130 0.061130
0 0.617993 0.330099 0.061130 0.061130
0 0.110187 0.500321 0.052757 0.052757
0 0.121879 0.586870 0.104277 0.104277
0 0.468343 0.840495 0.104277 0.104277
0 0.427204 0.962106 0.104277 0.104277
0 0.336990 0.092810 0.052757 0.052757
0 0.790937 0.291975 0.071945 0.071945
0 0.358061 0.264037 0.052757 0.052757
0 0.471744 0.593237 0.062220 0.062220
0 0.101612 0.412900 0.104277 0.104277
0 0.434368 0.339172 0.071945 0.071945
0 0.183969 0.344698 0.104277 0.104277
0 0.901159 0.903415 0.104277 0.104277
0 0.108136 0.313758 0.061130 0.061130
0 0.497097 0.765495 0.057104 0.057104
0 0.991267 0.618195 0.104277 0.104277
0 0.946406 0.809314 0.071945 0.071945
0 0.015207 0.211715 0.104277 0.104277
0 0.569784 0.164729 0.104277 0.104277
0 0.869645 0.410833 0.104277 0.104277
0 0.987424 0.222026 0.071945 0.071945
0 0.565444 0.747931 0.104277 0.104277
0 0.982658 0.962073 0.052757 0.052757
0 0.992171 0.153580 0.062220 0.062220
0 0.450797 0.688993 0.061130 0.061130
0 0.330102 0.730867 0.057104 0.057104
0 0.235077 0.490753 0.104277 0.104277
0 0.072474 0.755815 0.062220 0.062220
0 0.930127 0.349331 0.057104 0.057104
0 0.973094 0.523006 0.062220 0.062220
0 0.725836 0.650193 0.052757 0.052757
0 0.872844 0.281115 0.062220 0.062220
0 0.267618 0.837625 0.057104 0.057104
0 0.383594 0.867716 0.104277 0.104277
0 0.114363 0.664025 0.057104 0.057104
0 0.693053 0.837061 0.071945 0.071945
0 0.030559 0.451680 0.052757 0.052757
0 0.903057 0.752070 0.102474 0.102474
0 0.512241 0.415461 0.052757 0.052757
0 0.797393 0.744245 0.104277 0.104277
0 0.150909 0.799468 0.057104 0.057104
0 0.322265 0.338216 0.104277 0.104277
0 0.269562 0.199862 0.057104 0.057104
0 0.474899 0.281466 0.052757 0.052757
0 0.669374 0.032901 0.054783 0.054783
0 0.806217 0.478037 0.062220 0.062220
0 0.649904 0.553587 0.061131 0.061131
0 0.172730 0.423848 0.061130 0.061130
0 0.608297 0.482038 0.071945 0.071945
0 0.637476 0.145067 0.071945 0.071945
0 0.396498 0.600587 0.062220 0.062220
0 0.637736 0.215891 0.061130 0.061130
0 0.194277 0.011916 0.061130 0.061130
0 0.611443 0.804898 0.057104 0.057104
0 0.349139 0.941437 0.057104 0.057104
0 0.252279 0.126454 0.052757 0.052757
0 0.931232 0.033634 0.061131 0.061131
0 0.517756 0.041569 0.057104 0.057104
0 0.424165 0.758425 0.104277 0.104277
0 0.217299 0.985101 0.062220 0.062220
0 0.292826 0.452208 0.071945 0.071945
0 0.074534 0.079051 0.061130 0.061130
0 0.727127 0.559309 0.052757 0.052757
0 0.081839 0.983860 0.104277 0.104277
0 0.436673 0.518847 0.061130 0.061130
0 0.094572 0.241352 0.052757 0.052757
0 0.244746 0.277637 0.057104 0.057104
0 0.710236 0.766419 0.062220 0.062220
0 0.654659 0.946178 0.104277 0.104277
0 0.247211 0.708156 0.062220 0.062220
0 0.224556 0.562012 0.071945 0.071945
0 0.761889 0.133559 0.052757 0.052757
0 0.449566 0.212776 0.104277 0.104277
0 0.482752 0.909831 0.062220 0.062220
0 0.804753 0.373070 0.052757 0.052757
0 0.356965 0.799178 0.071945 0.071945
0 0.185853 0.088551 0.104277 0.104277
0 0.716800 0.424934 0.052757 0.052757
0 0.536337 0.491321 0.057104 0.057104
0 0.389397 0.010200 0.104277 0.104277
0 0.033007 0.915880 0.104277 0.104277
0 0.912447 0.222737 0.057104 0.057104
0 0.633601 0.871900 0.104277 0.104277
0 0.745734 0.019650 0.104277 0.104277
0 0.803822 0.651370 0.055027 0.055027
0 0.936014 0.452192 0.061131 0.061131
0 0.594513 0.680283 0.062220 0.062220
0 0.449880 0.446311 0.050559 0.050559
0 0.744102 0.944446 0.052757 0.052757
0 0.579019 0.389090 0.061130 0.061130
0 0.708290 0.209462 0.071945 0.071945
0 0.810277 0.063848 0.057104 0.057104
0 0.264282 0.920658 0.052757 0.052757
0 0.850323 0.120986 0.104277 0.104277
0 0.550503 0.837246 0.071945 0.071945
0 0.351522 0.181867 0.061131 0.061131
0 0.198629 0.223192 0.104277 0.104277
0 0.707090 0.304015 0.071945 0.071945
0 0.666552 0.693093 0.104277 0.104277
0 0.830562 0.837350 0.061130 0.061130
0 0.191057 0.915936 0.052757 0.052757
0 0.273534 0.051919 0.071945 0.071945
0 0.104527 0.162948 0.061130 0.061130
0 0.513735 0.118139 0.071945 0.071945
0 0.224729 0.781322 0.061130 0.061130
0 0.005042 0.350398 0.104277 0.104277
0 0.819999 0.212590 0.104277 0.104277
0 0.544442 0.256079 0.104277 0.104277
0 0.308935 0.575993 0.052757 0.052757
0 0.044326 0.520658 0.104277 0.104277