0 0.738302 0.947630 0.104278 0.104278
0 0.955387 0.388440 0.104277 0.104277
0 0.923065 0.490009 0.052757 0.052757
0 0.961096 0.160493 0.104277 0.104277
0 0.467261 0.443106 0.052757 0.052757
0 0.831159 0.332949 0.062220 0.062220
0 0.390947 0.864287 0.057104 0.057104
0 0.741994 0.518108 0.104277 0.104277
0 0.341467 0.163643 0.052757 0.052757
0 0.999972 0.454648 0.061131 0.061131
0 0.466806 0.650936 0.057104 0.057104
0 0.532848 0.058103 0.071945 0.071945
0 0.580096 0.120542 0.061130 0.061130
0 0.758230 0.244497 0.052757 0.052757
0 0.688148 0.859068 0.052757 0.052757
0 0.093838 0.845140 0.071945 0.071945
0 0.232443 0.949662 0.104277 0.104277
0 0.511615 0.333582 0.057104 0.057104
0 0.825430 0.180406 0.052757 0.052757
0 0.598546 0.329839 0.057104 0.057104
0 0.821398 0.456358 0.071945 0.071945
0 0.873277 0.851313 0.052757 0.052757
0 0.930493 0.262689 0.071945 0.071945
0 0.279957 0.075137 0.071945 0.071945
0 0.209712 0.068052 0.057104 0.057104
0 0.477765 0.234044 0.057104 0.057104
0 0.839350 0.771944 0.071945 0.071945
0 0.613027 0.977541 0.061130 0.061130
0 0.504380 0.876383 0.071945 0.071945
0 0.892617 0.422807 0.057104 0.057104
0 0.024389 0.575258 0.071945 0.071945
0 0.214213 0.757887 0.061130 0.061130
0 0.017455 0.504802 0.071945 0.071945
0 0.513128 0.599569 0.071945 0.071945
0 0.463953 0.961011 0.062220 0.062220
0 0.607723 0.812197 0.062220 0.062220
0 0.723384 0.641197 0.061130 0.061130
0 0.950701 0.885320 0.052757 0.052757
0 0.213244 0.401812 0.071945 0.071945
0 0.167081 0.907665 0.104277 0.104277
0 0.897091 0.062525 0.104277 0.104277
0 0.658696 0.543458 0.061130 0.061130
0 0.629770 0.471723 0.061130 0.061130
0 0.410888 0.197996 0.104277 0.104277
0 0.182283 0.153303 0.057104 0.057104
0 0.808450 0.597993 0.104277 0.104277
0 0.971855 0.695866 0.071945 0.071945
0 0.385210 0.092258 0.104277 0.104277
0 0.669253 0.209661 0.052757 0.052757
0 0.662150 0.749584 0.061130 0.061130
0 0.400303 0.284558 0.104277 0.104277
0 0.224413 0.483510 0.071945 0.071945
0 0.762243 0.842120 0.057104 0.057104
0 0.654392 0.665902 0.104277 0.104277
0 0.861844 0.919736 0.062220 0.062220
0 0.859011 0.646530 0.104277 0.104277
0 0.343700 0.434641 0.052757 0.052757
0 0.837916 0.533840 0.052757 0.052757
0 0.175664 0.565735 0.052757 0.052757
0 0.019300 0.905366 0.052757 0.052757
0 0.108347 0.244289 0.061130 0.061130
0 0.550275 0.407327 0.071945 0.071945
0 0.475220 0.160297 0.062220 0.062220
0 0.099441 0.438168 0.061130 0.061130
0 0.565249 0.908197 0.071945 0.071945
0 0.107391 0.759323 0.104277 0.104277
0 0.808147 0.975825 0.104277 0.104277
0 0.789552 0.099994 0.052757 0.052757
0 0.436152 0.365994 0.104277 0.104277
0 0.962980 0.779782 0.057104 0.057104
0 0.306315 0.972264 0.071945 0.071945
0 0.446187 0.816361 0.050932 0.050932
0 0.582923 0.637475 0.052757 0.052757
0 0.058298 0.670193 0.057104 0.057104
0 0.349060 0.584366 0.071945 0.071945
0 0.559820 0.544535 0.061130 0.061130
0 0.135422 0.508994 0.062220 0.062220
0 0.918849 0.602590 0.052757 0.052757
0 0.773155 0.754037 0.057104 0.057104
0 0.271960 0.180789 0.057104 0.057104
0 0.582468 0.189696 0.057104 0.057104
0 0.001451 0.227852 0.057104 0.057104
0 0.074156 0.122963 0.104277 0.104277
0 0.306644 0.870997 0.071945 0.071945
0 0.214281 0.634168 0.104277 0.104277
0 0.682659 0.114436 0.057104 0.057104
0 0.556724 0.704501 0.061130 0.061130
0 0.419089 0.547660 0.071945 0.071945
0 0.271724 0.258898 0.061130 0.061130
0 0.201561 0.246177 0.062220 0.062220
0 0.546576 0.264161 0.048997 0.048997
0 0.749602 0.168792 0.062220 0.062220
0 0.013378 0.734910 0.062220 0.062220
0 0.220261 0.855816 0.052757 0.052757
0 0.745584 0.410153 0.062220 0.062220
0 0.517516 0.801186 0.062220 0.062220
0 0.313271 0.779090 0.062220 0.062220
0 0.749161 0.320342 0.061131 0.061131
0 0.170122 0.330717 0.071945 0.071945
0 0.323935 0.358538 0.104277 0.104277
0 0.090061 0.323641 0.071945 0.071945
0 0.080312 0.046500 0.061130 0.061130
0 0.163039 0.689095 0.071945 0.071945
0 0.258124 0.694064 0.047555 0.047555
0 0.392224 0.718860 0.052757 0.052757
0 0.464377 0.082405 0.057104 0.057104
0 0.022641 0.817865 0.057103 0.057103
0 0.676669 0.417147 0.071945 0.071945
0 0.387944 0.936965 0.071945 0.071945
0 0.472174 0.726741 0.071945 0.071945