0 0.996630 0.456742 0.071945 0.071945
0 0.791807 0.960161 0.104277 0.104277
0 0.981909 0.924689 0.104277 0.104277
0 0.895364 0.571019 0.062220 0.062220
0 0.944939 0.834446 0.057104 0.057104
0 0.873099 0.685929 0.104277 0.104277
0 0.858293 0.876405 0.061131 0.061131
0 0.158620 0.225948 0.062220 0.062220
0 0.707618 0.004087 0.052757 0.052757
0 0.868101 0.500312 0.052757 0.052757
0 0.741509 0.799938 0.071945 0.071945
0 0.958518 0.700217 0.062220 0.062220
0 0.112694 0.284790 0.062220 0.062220
0 0.455093 0.988506 0.061131 0.061131
0 0.259268 0.261802 0.070161 0.070161
0 0.960260 0.520622 0.071945 0.071945
0 0.140475 0.689127 0.057104 0.057104
0 0.390219 0.909813 0.062220 0.062220
0 0.529182 0.352999 0.071945 0.071945
0 0.810581 0.260375 0.061130 0.061130
0 0.626841 0.040377 0.062220 0.062220
0 0.048669 0.232926 0.071945 0.071945
0 0.344975 0.291555 0.062220 0.062220
0 0.799294 0.623747 0.071945 0.071945
0 0.362103 0.593847 0.061131 0.061131
0 0.649743 0.504898 0.061130 0.061130
0 0.023089 0.001506 0.062220 0.062220
0 0.674756 0.623773 0.104277 0.104277
0 0.381546 0.355391 0.104277 0.104277
0 0.556741 0.007782 0.052757 0.052757
0 0.296005 0.201026 0.061130 0.061130
0 0.008890 0.084267 0.071945 0.071945
0 0.078240 0.844258 0.057104 0.057104
0 0.425515 0.490317 0.071945 0.071945
0 0.798672 0.755450 0.104277 0.104277
0 0.683126 0.177219 0.061130 0.061130
0 0.111404 0.605554 0.104277 0.104277
0 0.779680 0.156320 0.057104 0.057104
0 0.489731 0.086831 0.071945 0.071945
0 0.276566 0.424618 0.104277 0.104277
0 0.377430 0.169215 0.057104 0.057104
0 0.069179 0.426402 0.062220 0.062220
0 0.487598 0.739231 0.071945 0.071945
0 0.080658 0.938758 0.057104 0.057104
0 0.842792 0.104272 0.062220 0.062220
0 0.347902 0.071346 0.071945 0.071945
0 0.237357 0.131528 0.071945 0.071945
0 0.129048 0.768087 0.052757 0.052757
0 0.200239 0.837168 0.104277 0.104277
0 0.168796 0.406279 0.062220 0.062220
0 0.098999 0.066582 0.052757 0.052757
0 0.501406 0.873645 0.061131 0.061131
0 0.277016 0.922342 0.061130 0.061130
0 0.012929 0.776773 0.057104 0.057104
0 0.359502 0.820130 0.104277 0.104277
0 0.895265 0.361592 0.062220 0.062220
0 0.858840 0.423159 0.062220 0.062220
0 0.410850 0.234854 0.062220 0.062220
0 0.572383 0.704590 0.062220 0.062220
0 0.264427 0.657493 0.062220 0.062220
0 0.590945 0.944024 0.057104 0.057104
0 0.680535 0.094507 0.061131 0.061131
0 0.154596 0.121693 0.052757 0.052757
0 0.455414 0.418792 0.061131 0.061131
0 0.354194 0.998456 0.062220 0.062220
0 0.359258 0.456110 0.061131 0.061131
0 0.627799 0.230314 0.071945 0.071945
0 0.232213 0.031910 0.057104 0.057104
0 0.714431 0.902648 0.071945 0.071945
0 0.157371 0.912866 0.061130 0.061130
0 0.322242 0.534273 0.052757 0.052757
0 0.401876 0.729094 0.061131 0.061131
0 0.820992 0.350306 0.052757 0.052757
0 0.619430 0.426636 0.057104 0.057104
0 0.227209 0.334306 0.052757 0.052757
0 0.920533 0.093699 0.052757 0.052757
0 0.474355 0.267969 0.071945 0.071945
0 0.737341 0.243844 0.052757 0.052757
0 0.870513 0.775198 0.052757 0.052757
0 0.555529 0.129972 0.071945 0.071945
0 0.988386 0.035177 0.062220 0.062220
0 0.200293 0.559688 0.104277 0.104277
0 0.620563 0.877072 0.052757 0.052757
0 0.757274 0.441212 0.071945 0.071945
0 0.105862 0.364254 0.057104 0.057104
0 0.659236 0.355783 0.062220 0.062220
0 0.064391 0.129117 0.104277 0.104277
0 0.990691 0.151214 0.052559 0.052559
0 0.651528 0.720229 0.057104 0.057104
0 0.218810 0.715122 0.061130 0.061130
0 0.485935 0.191019 0.071945 0.071945
0 0.585331 0.793915 0.057104 0.057104
0 0.491180 0.541936 0.104277 0.104277
0 0.259569 0.788035 0.061130 0.061130
0 0.557522 0.611373 0.052757 0.052757
0 0.436550 0.830056 0.071945 0.071945
0 0.726192 0.379375 0.104277 0.104277
0 0.564677 0.476917 0.071945 0.071945
0 0.578650 0.286931 0.104277 0.104277
0 0.202476 0.472537 0.057104 0.057104
0 0.305015 0.726845 0.071945 0.071945
0 0.309582 0.132580 0.057103 0.057103
0 0.937617 0.231020 0.071945 0.071945
0 0.053198 0.513836 0.057104 0.057104
0 0.781433 0.540117 0.104277 0.104277
0 0.838210 0.194810 0.052757 0.052757
0 0.445079 0.601073 0.052757 0.052757
0 0.739514 0.718227 0.062220 0.062220
0 0.790906 0.044152 0.061131 0.061131