0 0.252833 0.613113 0.052757 0.052757
0 0.804761 0.352481 0.052757 0.052757
0 0.728447 0.773662 0.057104 0.057104
0 0.678967 0.073018 0.052757 0.052757
0 0.225752 0.274161 0.071945 0.071945
0 0.804306 0.560311 0.057104 0.057104
0 0.917596 0.029917 0.061130 0.061130
0 0.218668 0.683358 0.062220 0.062220
0 0.431338 0.754515 0.071945 0.071945
0 0.569943 0.859037 0.104277 0.104277
0 0.490374 0.927961 0.052757 0.052757
0 0.849115 0.242957 0.057104 0.057104
0 0.713329 0.928198 0.104277 0.104277
0 0.936046 0.239214 0.057104 0.057104
0 0.246365 0.047897 0.104278 0.104278
0 0.402942 0.922159 0.052757 0.052757
0 0.815265 0.143419 0.057104 0.057104
0 0.950527 0.886916 0.061130 0.061130
0 0.841880 0.785758 0.071945 0.071945
0 0.216296 0.776528 0.052757 0.052757
0 0.361889 0.484633 0.071945 0.071945
0 0.551713 0.667262 0.061130 0.061130
0 0.354955 0.414177 0.071945 0.071945
0 0.850628 0.508944 0.071945 0.071945
0 0.830784 0.954051 0.061130 0.061130
0 0.801453 0.870386 0.062220 0.062220
0 0.945223 0.721572 0.062220 0.062220
0 0.550744 0.311187 0.071945 0.071945
0 0.504581 0.817040 0.104277 0.104277
0 0.996196 0.452833 0.061130 0.061130
0 0.967270 0.381098 0.061130 0.061130
0 0.748388 0.107371 0.104277 0.104277
0 0.519783 0.062678 0.057104 0.057104
0 0.722710 0.001633 0.104277 0.104277
0 0.999650 0.658959 0.061130 0.061130
0 0.737803 0.193933 0.104277 0.104277
0 0.561913 0.392885 0.071945 0.071945
0 0.991892 0.575277 0.104277 0.104277
0 0.681200 0.344016 0.052757 0.052757
0 0.513164 0.475110 0.052757 0.052757
0 0.356800 0.814741 0.052757 0.052757
0 0.445847 0.153664 0.061130 0.061130
0 0.254169 0.535449 0.104278 0.104278
0 0.887775 0.316702 0.071945 0.071945
0 0.942103 0.963551 0.104277 0.104277
0 0.812720 0.069672 0.062220 0.062220
0 0.436941 0.347543 0.061130 0.061130
0 0.902749 0.817572 0.071945 0.071945
0 0.444891 0.668698 0.104277 0.104277
0 0.773652 0.275369 0.104277 0.104277
0 0.643815 0.881639 0.071945 0.071945
0 0.783687 0.725736 0.050932 0.050932
0 0.323473 0.217815 0.061130 0.061130
0 0.920423 0.546850 0.052757 0.052757
0 0.395798 0.579568 0.057104 0.057104
0 0.686560 0.493741 0.071945 0.071945
0 0.897320 0.453910 0.061130 0.061130
0 0.472922 0.418369 0.062220 0.062220
0 0.609460 0.090164 0.057104 0.057104
0 0.919968 0.099071 0.057104 0.057104
0 0.338951 0.137227 0.057104 0.057104
0 0.411656 0.032338 0.104277 0.104277
0 0.644144 0.780372 0.071945 0.071945
0 0.551781 0.543543 0.104277 0.104277
0 0.258536 0.343487 0.061130 0.061130
0 0.323004 0.901951 0.104277 0.104277
0 0.894224 0.613876 0.061130 0.061130
0 0.756589 0.457035 0.071945 0.071945
0 0.609224 0.168273 0.061130 0.061130
0 0.539061 0.155552 0.062220 0.062220
0 0.567255 0.988889 0.104277 0.104277
0 0.884076 0.173536 0.048997 0.048997
0 0.350878 0.644285 0.062220 0.062220
0 0.557761 0.765191 0.052757 0.052757
0 0.855016 0.710561 0.062220 0.062220
0 0.650771 0.688465 0.062220 0.062220
0 0.269122 0.136275 0.057104 0.057104
0 0.316568 0.295049 0.057104 0.057104
0 0.352157 0.978455 0.104277 0.104277
0 0.507622 0.240092 0.071945 0.071945
0 0.290662 0.740354 0.057104 0.057104
0 0.661435 0.267913 0.104277 0.104277
0 0.427561 0.233016 0.071945 0.071945
0 0.500539 0.598470 0.071945 0.071945
0 0.595624 0.603439 0.047555 0.047555
0 0.729724 0.628235 0.052757 0.052757
0 0.242264 0.921186 0.071945 0.071945
0 0.360141 0.727240 0.057103 0.057103
0 0.725444 0.846340 0.071945 0.071945
0 0.809674 0.636116 0.071945 0.071945
0 0.256806 0.431703 0.062220 0.062220