0 0.997294 0.418736 0.061130 0.061130
0 0.713302 0.838255 0.104278 0.104278
0 0.930387 0.279065 0.104277 0.104277
0 0.992213 0.188017 0.071945 0.071945
0 0.898065 0.380634 0.052757 0.052757
0 0.831446 0.999603 0.052757 0.052757
0 0.936096 0.051118 0.104277 0.104277
0 0.442261 0.333731 0.052757 0.052757
0 0.355979 0.990578 0.061130 0.061130
0 0.730740 0.949060 0.052757 0.052757
0 0.806159 0.223574 0.062220 0.062220
0 0.365947 0.754912 0.057104 0.057104
0 0.716994 0.408733 0.104277 0.104277
0 0.316467 0.054268 0.052757 0.052757
0 0.974972 0.345273 0.061131 0.061131
0 0.441806 0.541561 0.057104 0.057104
0 0.555096 0.011167 0.061130 0.061130
0 0.733230 0.135122 0.052757 0.052757
0 0.663148 0.749693 0.052757 0.052757
0 0.068838 0.735765 0.071945 0.071945
0 0.207443 0.840287 0.104277 0.104277
0 0.127874 0.909211 0.052757 0.052757
0 0.486615 0.224207 0.057104 0.057104
0 0.800430 0.071031 0.052757 0.052757
0 0.350829 0.909448 0.104277 0.104277
0 0.573546 0.220464 0.057104 0.057104
0 0.796398 0.346983 0.071945 0.071945
0 0.848277 0.741938 0.052757 0.052757
0 0.905493 0.153314 0.071945 0.071945
0 0.040442 0.903409 0.052757 0.052757
0 0.286784 0.991505 0.052757 0.052757
0 0.452765 0.124669 0.057104 0.057104
0 0.814350 0.662569 0.071945 0.071945
0 0.588027 0.868166 0.061130 0.061130
0 0.479380 0.767008 0.071945 0.071945
0 0.646029 0.982704 0.052757 0.052757
0 0.911506 0.897819 0.057104 0.057104
0 0.867617 0.313432 0.057104 0.057104
0 0.189213 0.648512 0.061130 0.061130
0 0.488128 0.490194 0.071945 0.071945
0 0.468284 0.935301 0.061130 0.061130
0 0.438953 0.851636 0.062220 0.062220
0 0.582723 0.702822 0.062220 0.062220
0 0.698384 0.531822 0.061130 0.061130
0 0.925701 0.775945 0.052757 0.052757
0 0.188244 0.292437 0.071945 0.071945
0 0.142081 0.798290 0.104277 0.104277
0 0.633696 0.434083 0.061130 0.061130
0 0.604770 0.362348 0.061130 0.061130
0 0.385888 0.088621 0.104277 0.104277
0 0.157283 0.043928 0.057104 0.057104
0 0.783450 0.488618 0.104277 0.104277
0 0.946855 0.586491 0.071945 0.071945
0 0.644253 0.100286 0.052757 0.052757
0 0.637150 0.640209 0.061130 0.061130
0 0.375303 0.175183 0.104277 0.104277
0 0.199413 0.374135 0.071945 0.071945
0 0.737243 0.732745 0.057104 0.057104
0 0.629392 0.556527 0.104277 0.104277
0 0.836844 0.810361 0.062220 0.062220
0 0.834011 0.537155 0.104277 0.104277
0 0.318700 0.325266 0.052757 0.052757
0 0.812916 0.424465 0.052757 0.052757
0 0.150664 0.456360 0.052757 0.052757
0 0.083347 0.134914 0.061130 0.061130
0 0.525275 0.297952 0.071945 0.071945
0 0.579603 0.944801 0.104277 0.104277
0 0.450220 0.050922 0.062220 0.062220
0 0.074441 0.328793 0.061130 0.061130
0 0.540249 0.798822 0.071945 0.071945
0 0.082391 0.649948 0.104277 0.104277
0 0.783147 0.866450 0.104277 0.104277
0 0.411152 0.256619 0.104277 0.104277
0 0.937980 0.670407 0.057104 0.057104
0 0.281315 0.862889 0.071945 0.071945
0 0.421187 0.706986 0.050932 0.050932
0 0.557923 0.528100 0.052757 0.052757
0 0.033298 0.560818 0.057104 0.057104
0 0.324060 0.474991 0.071945 0.071945
0 0.534820 0.435160 0.061130 0.061130
0 0.110422 0.399619 0.062220 0.062220
0 0.893849 0.493215 0.052757 0.052757
0 0.748155 0.644662 0.057104 0.057104
0 0.246960 0.071414 0.057104 0.057104
0 0.557468 0.080321 0.057104 0.057104
0 0.049156 0.013588 0.104277 0.104277
0 0.281644 0.761622 0.071945 0.071945
0 0.189281 0.524793 0.104277 0.104277
0 0.657659 0.005061 0.057104 0.057104
0 0.531724 0.595126 0.061130 0.061130
0 0.394089 0.438285 0.071945 0.071945
0 0.246724 0.149523 0.061130 0.061130
0 0.176561 0.136802 0.062220 0.062220
0 0.204755 0.970139 0.104277 0.104277
0 0.521576 0.154786 0.048997 0.048997
0 0.724602 0.059417 0.062220 0.062220
0 0.195261 0.746441 0.052757 0.052757
0 0.720584 0.300778 0.062220 0.062220
0 0.977002 0.855424 0.104277 0.104277
0 0.492516 0.691811 0.062220 0.062220
0 0.288271 0.669715 0.062220 0.062220
0 0.724161 0.210967 0.061131 0.061131
0 0.145122 0.221342 0.071945 0.071945
0 0.298935 0.249163 0.104277 0.104277
0 0.065061 0.214266 0.071945 0.071945
0 0.667284 0.908169 0.071945 0.071945
0 0.138039 0.579720 0.071945 0.071945
0 0.907485 0.974389 0.071945 0.071945
0 0.233124 0.584689 0.047555 0.047555
0 0.367224 0.609485 0.052757 0.052757
0 0.651669 0.307772 0.071945 0.071945
0 0.362944 0.827590 0.071945 0.071945
0 0.447174 0.617366 0.071945 0.071945