0 0.392420 0.301976 0.062220 0.062220
0 0.738058 0.641604 0.062220 0.062220
0 0.699832 0.447580 0.062220 0.062220
0 0.475734 0.755218 0.057103 0.057103
0 0.990833 0.009752 0.104277 0.104277
0 0.725812 0.090946 0.052757 0.052757
0 0.737504 0.177495 0.104277 0.104277
0 0.496406 0.501867 0.052757 0.052757
0 0.929345 0.594705 0.071945 0.071945
0 0.334749 0.356858 0.071945 0.071945
0 0.455597 0.586537 0.062220 0.062220
0 0.360630 0.779519 0.071945 0.071945
0 0.717237 0.003525 0.104277 0.104277
0 0.385549 0.617173 0.104277 0.104277
0 0.189171 0.389984 0.061130 0.061130
0 0.466037 0.308038 0.061130 0.061130
0 0.446453 0.220155 0.052757 0.052757
0 0.237599 0.686336 0.104278 0.104278
0 0.945727 0.321492 0.057104 0.057104
0 0.850702 0.081378 0.104277 0.104277
0 0.635478 0.801101 0.062220 0.062220
0 0.607255 0.220982 0.061130 0.061130
0 0.688099 0.346440 0.062220 0.062220
0 0.883243 0.428250 0.057104 0.057104
0 0.105760 0.050286 0.104278 0.104278
0 0.999219 0.458341 0.104277 0.104277
0 0.793308 0.784396 0.071945 0.071945
0 0.729988 0.254650 0.057104 0.057104
0 0.495324 0.683781 0.061130 0.061130
0 0.938656 0.667670 0.071945 0.071945
0 0.547786 0.456093 0.062220 0.062220
0 0.646184 0.042305 0.052757 0.052757
0 0.745905 0.712406 0.057104 0.057104
0 0.254773 0.489571 0.062220 0.062220
0 0.766534 0.390093 0.057104 0.057104
0 0.578609 0.302194 0.061130 0.061130
0 0.709749 0.792059 0.052757 0.052757
0 0.788355 0.014473 0.061130 0.061130
0 0.543839 0.563225 0.062220 0.062220
0 0.964764 0.532062 0.057104 0.057104
0 0.171144 0.102492 0.062220 0.062220
0 0.669054 0.683420 0.050891 0.050891
0 0.322476 0.189716 0.062220 0.062220
0 0.394880 0.698855 0.104277 0.104277
0 0.539496 0.178439 0.057104 0.057104
0 0.832924 0.575726 0.062220 0.062220
0 0.908451 0.042833 0.071945 0.071945
0 0.953743 0.784792 0.057104 0.057104
0 0.329650 0.521722 0.062220 0.062220
0 0.554074 0.762442 0.052757 0.052757
0 0.601705 0.608566 0.062220 0.062220
0 0.697464 0.574485 0.104277 0.104277
0 0.495914 0.045908 0.057104 0.057104
0 0.204912 0.283598 0.104278 0.104278
0 0.423189 0.012288 0.071945 0.071945
0 0.323550 0.277062 0.052757 0.052757
0 0.232733 0.793189 0.071945 0.071945
0 0.142121 0.798864 0.052757 0.052757
0 0.859312 0.703663 0.061130 0.061130
0 0.862836 0.298781 0.062220 0.062220
0 0.840181 0.152637 0.071945 0.071945
0 0.997735 0.618815 0.062220 0.062220
0 0.292348 0.746961 0.057104 0.057104
0 0.361774 0.091854 0.052757 0.052757
0 0.554070 0.087746 0.071945 0.071945
0 0.080098 0.120328 0.104277 0.104277
0 0.256453 0.331580 0.057104 0.057104
0 0.290031 0.000258 0.057104 0.057104
0 0.570652 0.681375 0.062220 0.062220
0 0.260528 0.078080 0.104277 0.104277
0 0.868890 0.807013 0.062220 0.062220
0 0.972590 0.389803 0.071945 0.071945
0 0.221655 0.197605 0.104277 0.104277
0 0.111808 0.722411 0.104277 0.104277
0 0.648632 0.506505 0.104277 0.104277
0 0.221929 0.607264 0.061131 0.061131
0 0.103065 0.602322 0.057104 0.057104
0 0.433599 0.122639 0.052757 0.052757
0 0.082224 0.530405 0.062220 0.062220
0 0.879907 0.511283 0.052757 0.052757
0 0.295266 0.622359 0.057104 0.057104
0 0.415874 0.415207 0.057104 0.057104
0 0.136636 0.323594 0.062220 0.062220
0 0.136810 0.251159 0.057104 0.057104
0 0.806682 0.506561 0.052757 0.052757
0 0.840354 0.371947 0.061130 0.061130
0 0.511835 0.391291 0.104277 0.104277
0 0.171813 0.515133 0.057104 0.057104
0 0.160464 0.659140 0.061130 0.061130
0 0.924560 0.166618 0.052757 0.052757
0 0.659951 0.111283 0.104277 0.104277
0 0.084553 0.399315 0.057104 0.057104