0 0.253342 0.261977 0.104277 0.104277
0 0.209794 0.049986 0.061130 0.061130
0 0.612739 0.011695 0.052757 0.052757
0 0.403632 0.259653 0.062220 0.062220
0 0.435279 0.011735 0.104277 0.104277
0 0.110565 0.011884 0.052757 0.052757
0 0.735344 0.769582 0.071945 0.071945
0 0.043946 0.630853 0.052757 0.052757
0 0.513143 0.058260 0.071945 0.071945
0 0.224243 0.817599 0.061130 0.061130
0 0.630521 0.942576 0.104277 0.104277
0 0.766890 0.250128 0.047276 0.047276
0 0.657244 0.556729 0.062220 0.062220
0 0.397187 0.779475 0.071945 0.071945
0 0.247466 0.176792 0.057104 0.057104
0 0.040618 0.826672 0.071945 0.071945
0 0.283328 0.363428 0.051819 0.051819
0 0.463476 0.307141 0.052757 0.052757
0 0.176034 0.652229 0.104277 0.104277
0 0.475895 0.898333 0.104277 0.104277
0 0.593674 0.709526 0.071945 0.071945
0 0.524752 0.255656 0.057103 0.057103
0 0.598421 0.641080 0.062220 0.062220
0 0.536377 0.836831 0.057104 0.057104
0 0.479094 0.768615 0.062220 0.062220
0 0.440368 0.094989 0.036679 0.036679
0 0.559406 0.372996 0.104277 0.104277
0 0.274130 0.025600 0.057104 0.057104
0 0.359169 0.433772 0.104277 0.104277
0 0.664743 0.741308 0.061130 0.061130
0 0.354306 0.360479 0.071945 0.071945
0 0.750898 0.356053 0.071945 0.071945
0 0.118491 0.902961 0.052757 0.052757
0 0.060777 0.373188 0.052757 0.052757
0 0.656737 0.387864 0.061131 0.061131
0 0.081149 0.768966 0.052757 0.052757
0 0.772776 0.139126 0.057104 0.057104
0 0.275624 0.520401 0.054783 0.054783
0 0.580551 0.081144 0.062220 0.062220
0 0.412467 0.965537 0.062220 0.062220
0 0.443176 0.454313 0.057103 0.057103
0 0.214547 0.969538 0.071945 0.071945
0 0.243726 0.632567 0.071945 0.071945
0 0.243986 0.703391 0.061130 0.061130
0 0.026850 0.293819 0.071945 0.071945
0 0.537482 0.521134 0.061131 0.061131
0 0.124006 0.529069 0.057104 0.057104
0 0.488660 0.389015 0.061131 0.061131
0 0.698989 0.998482 0.045227 0.045227
0 0.754231 0.481557 0.071945 0.071945
0 0.759613 0.620082 0.104278 0.104278
0 0.689214 0.241995 0.062220 0.062220
0 0.138201 0.407195 0.052757 0.052757
0 0.754654 0.902277 0.061130 0.061130
0 0.159355 0.217741 0.071945 0.071945
0 0.690818 0.454660 0.104278 0.104278
0 0.368139 0.621059 0.052757 0.052757
0 0.663798 0.097068 0.104277 0.104277
0 0.049344 0.441611 0.062220 0.062220
0 0.614171 0.494239 0.062220 0.062220
0 0.046511 0.168405 0.104277 0.104277
0 0.025416 0.055715 0.052757 0.052757
0 0.055816 0.700276 0.104277 0.104277
0 0.411003 0.860570 0.052757 0.052757
0 0.332332 0.095403 0.062220 0.062220
0 0.323050 0.912434 0.052757 0.052757
0 0.142587 0.978821 0.057104 0.057104
0 0.474543 0.178099 0.104277 0.104277
0 0.150480 0.301657 0.057104 0.057104
0 0.613060 0.845974 0.061131 0.061131
0 0.518697 0.710237 0.057104 0.057104
0 0.537732 0.444738 0.071945 0.071945
0 0.387995 0.143321 0.071945 0.071945
0 0.106349 0.124465 0.052757 0.052757
0 0.351984 0.507150 0.104277 0.104277
0 0.542264 0.939692 0.061131 0.061131
0 0.056130 0.933811 0.050559 0.050559
0 0.528890 0.133468 0.061131 0.061131
0 0.185269 0.876590 0.061130 0.061130
0 0.314540 0.696962 0.071945 0.071945
0 0.416527 0.551348 0.057104 0.057104
0 0.456573 0.608486 0.104277 0.104277
0 0.313340 0.791515 0.071945 0.071945
0 0.262065 0.452447 0.052757 0.052757
0 0.189502 0.486674 0.104277 0.104277
0 0.700183 0.859468 0.052757 0.052757
0 0.621558 0.170465 0.071945 0.071945
0 0.119985 0.605639 0.071945 0.071945
0 0.426249 0.700090 0.104277 0.104277
0 0.150692 0.743579 0.104277 0.104277
0 0.702458 0.665635 0.061131 0.061131
0 0.324951 0.223220 0.057104 0.057104
0 0.594702 0.305951 0.061131 0.061131