0 0.962919 0.893736 0.061130 0.061130
0 0.896012 0.754065 0.104277 0.104277
0 0.957838 0.663017 0.071945 0.071945
0 0.863690 0.855634 0.052757 0.052757
0 0.901721 0.526118 0.104277 0.104277
0 0.407886 0.808731 0.052757 0.052757
0 0.357535 0.302052 0.062220 0.062220
0 0.771784 0.698574 0.062220 0.062220
0 0.682619 0.883733 0.104277 0.104277
0 0.282092 0.529268 0.052757 0.052757
0 0.940597 0.820273 0.061131 0.061131
0 0.304420 0.176437 0.057103 0.057103
0 0.973731 0.572614 0.057104 0.057104
0 0.473473 0.423728 0.071945 0.071945
0 0.520721 0.486167 0.061130 0.061130
0 0.075766 0.222082 0.052757 0.052757
0 0.698855 0.610122 0.052757 0.052757
0 0.997820 0.238703 0.052757 0.052757
0 0.823843 0.226006 0.061131 0.061131
0 0.452240 0.699207 0.057104 0.057104
0 0.766055 0.546031 0.052757 0.052757
0 0.539171 0.695464 0.057104 0.057104
0 0.762023 0.821983 0.071945 0.071945
0 0.758969 0.147313 0.062220 0.062220
0 0.871118 0.628314 0.071945 0.071945
0 0.220582 0.440762 0.071945 0.071945
0 0.150337 0.433677 0.057104 0.057104
0 0.418390 0.599669 0.057104 0.057104
0 0.446990 0.081758 0.057104 0.057104
0 0.833242 0.788432 0.057104 0.057104
0 0.565579 0.363860 0.061130 0.061130
0 0.453753 0.965194 0.071945 0.071945
0 0.367013 0.124193 0.052757 0.052757
0 0.153869 0.767437 0.071945 0.071945
0 0.120188 0.147535 0.062220 0.062220
0 0.837716 0.428150 0.104277 0.104277
0 0.599321 0.909083 0.061130 0.061130
0 0.570395 0.837348 0.061130 0.061130
0 0.449408 0.176258 0.057104 0.057104
0 0.351513 0.563621 0.104277 0.104277
0 0.215553 0.341799 0.057104 0.057104
0 0.457269 0.343546 0.057104 0.057104
0 0.122908 0.518928 0.057104 0.057104
0 0.497798 0.005587 0.052757 0.052757
0 0.568989 0.074668 0.104277 0.104277
0 0.749075 0.963618 0.104277 0.104277
0 0.325835 0.457883 0.104277 0.104277
0 0.609878 0.575286 0.052757 0.052757
0 0.340928 0.650183 0.104277 0.104277
0 0.165038 0.849135 0.071945 0.071945
0 0.130392 0.351182 0.052757 0.052757
0 0.870156 0.111145 0.061131 0.061131
0 0.325093 0.363152 0.052757 0.052757
0 0.142004 0.282473 0.061130 0.061130
0 0.284325 0.800266 0.052757 0.052757
0 0.510457 0.276645 0.104277 0.104277
0 0.778541 0.899465 0.052757 0.052757
0 0.116289 0.931360 0.052757 0.052757
0 0.645766 0.159842 0.061130 0.061130
0 0.381679 0.014273 0.057104 0.057104
0 0.210958 0.197291 0.071945 0.071945
0 0.728252 0.057630 0.104277 0.104277
0 0.048972 0.609914 0.061130 0.061130
0 0.959695 0.181524 0.057104 0.057104
0 0.490900 0.772952 0.071945 0.071945
0 0.415845 0.525922 0.062220 0.062220
0 0.040066 0.803793 0.061130 0.061130
0 0.730177 0.465619 0.052757 0.052757
0 0.722944 0.235956 0.062220 0.062220
0 0.376777 0.731619 0.104277 0.104277
0 0.526121 0.150366 0.061130 0.061130
0 0.687709 0.299574 0.104278 0.104278
0 0.289685 0.949991 0.071945 0.071945
0 0.500445 0.910160 0.061130 0.061130
0 0.076047 0.874619 0.062220 0.062220
0 0.859474 0.968215 0.052757 0.052757
0 0.068155 0.310618 0.061130 0.061130
0 0.034767 0.147804 0.062220 0.062220
0 0.937852 0.363745 0.062220 0.062220
0 0.212585 0.546414 0.057104 0.057104
0 0.523093 0.555321 0.057104 0.057104
0 0.014781 0.488588 0.104277 0.104277
0 0.154906 0.999793 0.104277 0.104277
0 0.744727 0.365485 0.062220 0.062220
0 0.623284 0.480061 0.057104 0.057104
0 0.359714 0.913285 0.071945 0.071945
0 0.212349 0.624523 0.061130 0.061130
0 0.142186 0.611802 0.062220 0.062220
0 0.989313 0.114572 0.052757 0.052757
0 0.487201 0.629786 0.048997 0.048997
0 0.776647 0.297856 0.071945 0.071945
0 0.058172 0.069869 0.057104 0.057104
0 0.690227 0.534417 0.062220 0.062220
0 0.423870 0.260968 0.057104 0.057104
0 0.622286 0.257654 0.104277 0.104277
0 0.298628 0.251317 0.104277 0.104277
0 0.954081 0.031415 0.057104 0.057104
0 0.686209 0.775778 0.062220 0.062220
0 0.816848 0.354782 0.052757 0.052757
0 0.628319 0.025535 0.061130 0.061130
0 0.689786 0.685967 0.061131 0.061131
0 0.805300 0.067556 0.071945 0.071945
0 0.110747 0.696342 0.071945 0.071945
0 0.322755 0.056394 0.062220 0.062220
0 0.264560 0.724163 0.104277 0.104277
0 0.030686 0.689266 0.071945 0.071945
0 0.020937 0.412125 0.061130 0.061130
0 0.222566 0.115249 0.052757 0.052757
0 0.405002 0.448030 0.057104 0.057104
0 0.169817 0.040706 0.062220 0.062220
0 0.617294 0.782772 0.071945 0.071945
0 0.905657 0.241165 0.061131 0.061131