0 0.204845 0.686282 0.071945 0.071945
0 0.479966 0.654261 0.071945 0.071945
0 0.760344 0.394582 0.071945 0.071945
0 0.006458 0.531627 0.104277 0.104277
0 0.512094 0.769631 0.052757 0.052757
0 0.068946 0.255853 0.052757 0.052757
0 0.750377 0.876785 0.061131 0.061131
0 0.656254 0.993119 0.062220 0.062220
0 0.249243 0.442599 0.061130 0.061130
0 0.655521 0.567576 0.104277 0.104277
0 0.099593 0.952995 0.104277 0.104277
0 0.682244 0.181729 0.062220 0.062220
0 0.422187 0.404475 0.071945 0.071945
0 0.102994 0.705737 0.062220 0.062220
0 0.065618 0.451672 0.071945 0.071945
0 0.128347 0.877995 0.057104 0.057104
0 0.622517 0.730695 0.104277 0.104277
0 0.577656 0.921814 0.071945 0.071945
0 0.787714 0.814438 0.052757 0.052757
0 0.201034 0.277229 0.104277 0.104277
0 0.500895 0.523333 0.104277 0.104277
0 0.618674 0.334526 0.071945 0.071945
0 0.196694 0.860431 0.104277 0.104277
0 0.623421 0.266080 0.062220 0.062220
0 0.082047 0.801493 0.061130 0.061130
0 0.561377 0.461831 0.057104 0.057104
0 0.604344 0.635506 0.062220 0.062220
0 0.357086 0.762693 0.052757 0.052757
0 0.504094 0.393615 0.062220 0.062220
0 0.014844 0.980216 0.104277 0.104277
0 0.384169 0.058772 0.104277 0.104277
0 0.324303 0.949561 0.071945 0.071945
0 0.689743 0.366308 0.061130 0.061130
0 0.534307 0.864570 0.102474 0.102474
0 0.143491 0.527961 0.052757 0.052757
0 0.428643 0.856745 0.104277 0.104277
0 0.681737 0.012864 0.061131 0.061131
0 0.106149 0.393966 0.052757 0.052757
0 0.300624 0.145401 0.054783 0.054783
0 0.437467 0.590537 0.062220 0.062220
0 0.281154 0.666087 0.061131 0.061131
0 0.468176 0.079313 0.057103 0.057103
0 0.239547 0.594538 0.071945 0.071945
0 0.268726 0.257567 0.071945 0.071945
0 0.027748 0.713087 0.062220 0.062220
0 0.268986 0.328391 0.061130 0.061130
0 0.242693 0.917398 0.057104 0.057104
0 0.562482 0.146134 0.061131 0.061131
0 0.149006 0.154069 0.057104 0.057104
0 0.513660 0.014015 0.061131 0.061131
0 0.055415 0.870925 0.104277 0.104277
0 0.723989 0.623482 0.045227 0.045227
0 0.358377 0.671809 0.052757 0.052757
0 0.779231 0.106557 0.071945 0.071945
0 0.784613 0.245082 0.104278 0.104278
0 0.067923 0.631347 0.061130 0.061130
0 0.163201 0.032195 0.052757 0.052757
0 0.779654 0.527277 0.061130 0.061130
0 0.341486 0.878919 0.062220 0.062220
0 0.715818 0.079660 0.104278 0.104278
0 0.393139 0.246059 0.052757 0.052757
0 0.074344 0.066611 0.062220 0.062220
0 0.639171 0.119239 0.062220 0.062220
0 0.080816 0.325276 0.104277 0.104277
0 0.436003 0.485570 0.052757 0.052757
0 0.348050 0.537434 0.052757 0.052757
0 0.167587 0.603821 0.057104 0.057104
0 0.020647 0.122700 0.104277 0.104277
0 0.638060 0.470974 0.061131 0.061131
0 0.543697 0.335237 0.057104 0.057104
0 0.264851 0.984400 0.104277 0.104277
0 0.736815 0.970144 0.061131 0.061131
0 0.562732 0.069738 0.071945 0.071945
0 0.376984 0.132150 0.104277 0.104277
0 0.435072 0.763870 0.055027 0.055027
0 0.567264 0.564692 0.061131 0.061131
0 0.225763 0.792783 0.062220 0.062220
0 0.645101 0.868048 0.104277 0.104277
0 0.081130 0.558811 0.050559 0.050559
0 0.210269 0.501590 0.061130 0.061130
0 0.339540 0.321962 0.071945 0.071945
0 0.441527 0.176348 0.057104 0.057104
0 0.481573 0.233486 0.104277 0.104277
0 0.181753 0.949746 0.071945 0.071945
0 0.338340 0.416515 0.071945 0.071945
0 0.297802 0.805593 0.104277 0.104277
0 0.287065 0.077447 0.052757 0.052757
0 0.214502 0.111674 0.104277 0.104277
0 0.461812 0.949850 0.061130 0.061130
0 0.725183 0.484468 0.052757 0.052757
0 0.144985 0.230639 0.071945 0.071945
0 0.451249 0.325090 0.104277 0.104277
0 0.175692 0.368579 0.104277 0.104277
0 0.727458 0.290635 0.061131 0.061131
0 0.699840 0.816722 0.057104 0.057104
0 0.713790 0.740639 0.088662 0.088662