0 0.887255 0.419242 0.071945 0.071945
0 0.682432 0.922661 0.104277 0.104277
0 0.872534 0.887189 0.104277 0.104277
0 0.785989 0.533519 0.062220 0.062220
0 0.918967 0.531466 0.057104 0.057104
0 0.951778 0.456774 0.052757 0.052757
0 0.835564 0.796946 0.057104 0.057104
0 0.763724 0.648429 0.104277 0.104277
0 0.748918 0.838905 0.061131 0.061131
0 0.049245 0.188448 0.062220 0.062220
0 0.988456 0.090131 0.061130 0.061130
0 0.758726 0.462812 0.052757 0.052757
0 0.632134 0.762438 0.071945 0.071945
0 0.849143 0.662717 0.062220 0.062220
0 0.519695 0.963703 0.052757 0.052757
0 0.907300 0.783968 0.071945 0.071945
0 0.003319 0.247290 0.062220 0.062220
0 0.989097 0.554509 0.071945 0.071945
0 0.345718 0.951006 0.061131 0.061131
0 0.149893 0.224302 0.070161 0.070161
0 0.850885 0.483122 0.071945 0.071945
0 0.031100 0.651627 0.057104 0.057104
0 0.840712 0.974775 0.061130 0.061130
0 0.280844 0.872313 0.062220 0.062220
0 0.623005 0.992442 0.057104 0.057104
0 0.419807 0.315499 0.071945 0.071945
0 0.701206 0.222875 0.061130 0.061130
0 0.517466 0.002877 0.062220 0.062220
0 0.235600 0.254055 0.062220 0.062220
0 0.689919 0.586247 0.071945 0.071945
0 0.252728 0.556347 0.061131 0.061131
0 0.540368 0.467398 0.061130 0.061130
0 0.565381 0.586273 0.104277 0.104277
0 0.272171 0.317891 0.104277 0.104277
0 0.186630 0.163526 0.061130 0.061130
0 0.316140 0.452817 0.071945 0.071945
0 0.689297 0.717950 0.104277 0.104277
0 0.981385 0.661650 0.104278 0.104278
0 0.573751 0.139719 0.061130 0.061130
0 0.002029 0.568054 0.104277 0.104277
0 0.670305 0.118820 0.057104 0.057104
0 0.380356 0.049331 0.071945 0.071945
0 0.167191 0.387118 0.104277 0.104277
0 0.930736 0.231154 0.057104 0.057104
0 0.268055 0.131715 0.057104 0.057104
0 0.378223 0.701731 0.071945 0.071945
0 0.733417 0.066772 0.062220 0.062220
0 0.238527 0.033846 0.071945 0.071945
0 0.127982 0.094028 0.071945 0.071945
0 0.019673 0.730587 0.052757 0.052757
0 0.090864 0.799668 0.104277 0.104277
0 0.059421 0.368779 0.062220 0.062220
0 0.392031 0.836145 0.061131 0.061131
0 0.167641 0.884842 0.061130 0.061130
0 0.250127 0.782630 0.104277 0.104277
0 0.785890 0.324092 0.062220 0.062220
0 0.749465 0.385659 0.062220 0.062220
0 0.301475 0.197354 0.062220 0.062220
0 0.463008 0.667090 0.062220 0.062220
0 0.985742 0.968354 0.052757 0.052757
0 0.155052 0.619993 0.062220 0.062220
0 0.481570 0.906524 0.057104 0.057104
0 0.571160 0.057007 0.061131 0.061131
0 0.045221 0.084193 0.052757 0.052757
0 0.346039 0.381292 0.061131 0.061131
0 0.244819 0.960956 0.062220 0.062220
0 0.961940 0.008407 0.104278 0.104278
0 0.249883 0.418610 0.061131 0.061131
0 0.518424 0.192814 0.071945 0.071945
0 0.605056 0.865148 0.071945 0.071945
0 0.047996 0.875366 0.061130 0.061130
0 0.212867 0.496773 0.052757 0.052757
0 0.292501 0.691594 0.061131 0.061131
0 0.711617 0.312806 0.052757 0.052757
0 0.510055 0.389136 0.057104 0.057104
0 0.117834 0.296806 0.052757 0.052757
0 0.811158 0.056199 0.052757 0.052757
0 0.364980 0.230469 0.071945 0.071945
0 0.903768 0.713812 0.057104 0.057104
0 0.627966 0.206344 0.052757 0.052757
0 0.761138 0.737698 0.052757 0.052757
0 0.446154 0.092472 0.071945 0.071945
0 0.090918 0.522188 0.104277 0.104277
0 0.511188 0.839572 0.052757 0.052757
0 0.647899 0.403712 0.071945 0.071945
0 0.549861 0.318283 0.062220 0.062220
0 0.881316 0.113714 0.052559 0.052559
0 0.542153 0.682729 0.057104 0.057104
0 0.109435 0.677622 0.061130 0.061130
0 0.376560 0.153519 0.071945 0.071945
0 0.144161 0.982654 0.104277 0.104277
0 0.923990 0.350071 0.062220 0.062220
0 0.475956 0.756415 0.057104 0.057104
0 0.381805 0.504436 0.104277 0.104277
0 0.150194 0.750535 0.061130 0.061130
0 0.448147 0.573873 0.052757 0.052757
0 0.327175 0.792556 0.071945 0.071945
0 0.616817 0.341875 0.104277 0.104277
0 0.455302 0.439417 0.071945 0.071945
0 0.469275 0.249431 0.104277 0.104277
0 0.093101 0.435037 0.057104 0.057104
0 0.195640 0.689345 0.071945 0.071945
0 0.200207 0.095080 0.057103 0.057103
0 0.828242 0.193520 0.071945 0.071945
0 0.984119 0.384299 0.104278 0.104278
0 0.672058 0.502617 0.104277 0.104277
0 0.728835 0.157310 0.052757 0.052757
0 0.335704 0.563573 0.052757 0.052757
0 0.630139 0.680727 0.062220 0.062220
0 0.681531 0.006652 0.061131 0.061131
0 0.427532 0.966165 0.061131 0.061131