0 0.234570 0.141884 0.104277 0.104277
0 0.936745 0.454073 0.062220 0.062220
0 0.685737 0.757106 0.104277 0.104277
0 0.890819 0.512915 0.062220 0.062220
0 0.539479 0.160588 0.062220 0.062220
0 0.668113 0.481539 0.104278 0.104278
0 0.918600 0.917252 0.057104 0.057104
0 0.787506 0.152946 0.057104 0.057104
0 0.334834 0.296146 0.062220 0.062220
0 0.645915 0.989200 0.104277 0.104277
0 0.826794 0.461051 0.071945 0.071945
0 0.801214 0.229631 0.062220 0.062220
0 0.454676 0.922259 0.104277 0.104277
0 0.348253 0.536423 0.104277 0.104277
0 0.309259 0.431417 0.071945 0.071945
0 0.568209 0.519118 0.071945 0.071945
0 0.233520 0.368877 0.057104 0.057104
0 0.665312 0.853349 0.057104 0.057104
0 0.312511 0.944090 0.062220 0.062220
0 0.787015 0.312392 0.071945 0.071945
0 0.324176 0.834312 0.062220 0.062220
0 0.613882 0.802218 0.104277 0.104277
0 0.385821 0.980611 0.062220 0.062220
0 0.721319 0.251393 0.104277 0.104277
0 0.537560 0.327173 0.104277 0.104277
0 0.664781 0.363830 0.057104 0.057104
0 0.656864 0.227129 0.071945 0.071945
0 0.228722 0.975365 0.104278 0.104278
0 0.889529 0.833679 0.104277 0.104277
0 0.873727 0.183385 0.071945 0.071945
0 0.580243 0.671166 0.052757 0.052757
0 0.847304 0.654527 0.062220 0.062220
0 0.433054 0.596744 0.062220 0.062220
0 0.701629 0.917848 0.057104 0.057104
0 0.455155 0.235878 0.104277 0.104277
0 0.228974 0.737255 0.052757 0.052757
0 0.907173 0.996212 0.052757 0.052757
0 0.946921 0.634404 0.062220 0.062220
0 0.378512 0.712635 0.061130 0.061130
0 0.266292 0.268348 0.071945 0.071945
0 0.877124 0.294707 0.052757 0.052757
0 0.754446 0.557531 0.071945 0.071945
0 0.745112 0.793315 0.052757 0.052757
0 0.229880 0.631043 0.104277 0.104277
0 0.252545 0.475309 0.052757 0.052757
0 0.388271 0.373724 0.104277 0.104277
0 0.459375 0.323313 0.057104 0.057104
0 0.445923 0.681226 0.061130 0.061130
0 0.315097 0.660484 0.061130 0.061130
0 0.603132 0.929066 0.052757 0.052757
0 0.932721 0.349818 0.052757 0.052757
0 0.986404 0.178782 0.071945 0.071945
0 0.524037 0.620625 0.071945 0.071945
0 0.485951 0.399985 0.104277 0.104277
0 0.382464 0.471114 0.057104 0.057104
0 0.463024 0.793277 0.057104 0.057104
0 0.626848 0.302729 0.062220 0.062220
0 0.696876 0.133309 0.104277 0.104277
0 0.261479 0.804419 0.061130 0.061130
0 0.282127 0.570526 0.104278 0.104278
0 0.978418 0.787813 0.104277 0.104277
0 0.756936 0.867800 0.061130 0.061130
0 0.700787 0.687716 0.104277 0.104277
0 0.663488 0.558616 0.052757 0.052757
0 0.883987 0.592379 0.057104 0.057104
0 0.766372 0.716805 0.071945 0.071945
0 0.842516 0.357242 0.104277 0.104277
0 0.996935 0.943247 0.061130 0.061130
0 0.301630 0.358269 0.071945 0.071945
0 0.760509 0.479309 0.056505 0.056505
0 0.399528 0.840955 0.062220 0.062220
0 0.980601 0.700662 0.057104 0.057104
0 0.754806 0.410620 0.061130 0.061130
0 0.831323 0.741961 0.057104 0.057104
0 0.554360 0.434422 0.062220 0.062220
0 0.464911 0.140365 0.062220 0.062220
0 0.513400 0.970175 0.104277 0.104277
0 0.491623 0.554841 0.057104 0.057104
0 0.518802 0.850470 0.057104 0.057104
0 0.571636 0.221672 0.061130 0.061130
0 0.366291 0.229294 0.057104 0.057104
0 0.339853 0.140437 0.071945 0.071945
0 0.265933 0.889218 0.061130 0.061130