0 0.315842 0.496352 0.104277 0.104277
0 0.272294 0.284361 0.061130 0.061130
0 0.675239 0.246070 0.052757 0.052757
0 0.205387 0.144690 0.104277 0.104277
0 0.267213 0.053642 0.071945 0.071945
0 0.466132 0.494028 0.062220 0.062220
0 0.419026 0.039252 0.071945 0.071945
0 0.497779 0.246110 0.104277 0.104277
0 0.173065 0.246259 0.052757 0.052757
0 0.106446 0.865228 0.052757 0.052757
0 0.575643 0.292635 0.071945 0.071945
0 0.829390 0.484503 0.047276 0.047276
0 0.719744 0.791104 0.062220 0.062220
0 0.005740 0.814685 0.052757 0.052757
0 0.026811 0.985912 0.052757 0.052757
0 0.309966 0.411167 0.057104 0.057104
0 0.081159 0.089199 0.062220 0.062220
0 0.345828 0.597803 0.051819 0.051819
0 0.820629 0.226136 0.071945 0.071945
0 0.249972 0.210898 0.061131 0.061131
0 0.525976 0.541516 0.052757 0.052757
0 0.238534 0.886604 0.104277 0.104277
0 0.656174 0.943901 0.071945 0.071945
0 0.587252 0.490031 0.057103 0.057103
0 0.334188 0.171393 0.052757 0.052757
0 0.660921 0.875455 0.062220 0.062220
0 0.008230 0.000747 0.052757 0.052757
0 0.390395 0.107353 0.057104 0.057104
0 0.780944 0.060110 0.052757 0.052757
0 0.502868 0.329364 0.036679 0.036679
0 0.621906 0.607371 0.104277 0.104277
0 0.720857 0.020921 0.062221 0.062221
0 0.336630 0.259975 0.057104 0.057104
0 0.421669 0.668147 0.104277 0.104277
0 0.727243 0.975683 0.061130 0.061130
0 0.416806 0.594854 0.071945 0.071945
0 0.659402 0.056550 0.052757 0.052757
0 0.646508 0.124412 0.104277 0.104277
0 0.813398 0.590428 0.071945 0.071945
0 0.071398 0.212608 0.071945 0.071945
0 0.123277 0.607563 0.052757 0.052757
0 0.552146 0.148044 0.104277 0.104277
0 0.180493 0.018939 0.071945 0.071945
0 0.719237 0.622239 0.061131 0.061131
0 0.835276 0.373501 0.057104 0.057104
0 0.338124 0.754776 0.054783 0.054783
0 0.643051 0.315519 0.062220 0.062220
0 0.505676 0.688688 0.057103 0.057103
0 0.306226 0.866942 0.071945 0.071945
0 0.306486 0.937766 0.061130 0.061130
0 0.089350 0.528194 0.071945 0.071945
0 0.599982 0.755509 0.061131 0.061131
0 0.186506 0.763444 0.057104 0.057104
0 0.551160 0.623390 0.061131 0.061131
0 0.142617 0.179057 0.057104 0.057104
0 0.499073 0.089752 0.061130 0.061130
0 0.816731 0.715932 0.071945 0.071945
0 0.822113 0.854457 0.104278 0.104278
0 0.751714 0.476370 0.062220 0.062220
0 0.577833 0.220367 0.061130 0.061130
0 0.200701 0.641570 0.052757 0.052757
0 0.449169 0.184235 0.062220 0.062220
0 0.058450 0.354243 0.104277 0.104277
0 0.221855 0.452116 0.071945 0.071945
0 0.753318 0.689035 0.104278 0.104278
0 0.430639 0.855434 0.052757 0.052757
0 0.726298 0.331443 0.104277 0.104277
0 0.012243 0.598370 0.057104 0.057104
0 0.111844 0.675986 0.062220 0.062220
0 0.676671 0.728614 0.062220 0.062220
0 0.109011 0.402780 0.104277 0.104277
0 0.087916 0.290090 0.052757 0.052757
0 0.118316 0.934651 0.104277 0.104277
0 0.394832 0.329778 0.062220 0.062220
0 0.058147 0.732075 0.104277 0.104277
0 0.537043 0.412474 0.104277 0.104277
0 0.212980 0.536032 0.057104 0.057104
0 0.581197 0.944612 0.057104 0.057104
0 0.600232 0.679113 0.071945 0.071945
0 0.450495 0.377696 0.071945 0.071945
0 0.168849 0.358840 0.052757 0.052757
0 0.023155 0.510287 0.057104 0.057104
0 0.414484 0.741525 0.104277 0.104277
0 0.840499 0.105351 0.071945 0.071945
0 0.591390 0.367843 0.061131 0.061131
0 0.723665 0.155573 0.071945 0.071945
0 0.377040 0.931337 0.071945 0.071945
0 0.479027 0.785723 0.057104 0.057104
0 0.519073 0.842861 0.104277 0.104277
0 0.020272 0.903742 0.061131 0.061131
0 0.324565 0.686822 0.052757 0.052757
0 0.252002 0.721049 0.104277 0.104277
0 0.684058 0.404840 0.071945 0.071945
0 0.182485 0.840014 0.071945 0.071945
0 0.488749 0.934465 0.104277 0.104277
0 0.213192 0.977954 0.104277 0.104277
0 0.764958 0.900010 0.061131 0.061131
0 0.387451 0.457595 0.057104 0.057104
0 0.657202 0.540326 0.061131 0.061131