0 0.873057 0.782036 0.104277 0.104277
0 0.976614 0.392894 0.062220 0.062220
0 0.070035 0.886427 0.062220 0.062220
0 0.954349 0.507804 0.104277 0.104277
0 0.936652 0.859700 0.104277 0.104277
0 0.939543 0.698280 0.061131 0.061131
0 0.239870 0.047823 0.062220 0.062220
0 0.016920 0.760812 0.057103 0.057103
0 0.949351 0.322187 0.052757 0.052757
0 0.822759 0.621813 0.071945 0.071945
0 0.875647 0.917355 0.062220 0.062220
0 0.713473 0.983903 0.057104 0.057104
0 0.710320 0.823078 0.052757 0.052757
0 0.821474 0.961341 0.061130 0.061130
0 0.193944 0.106665 0.062220 0.062220
0 0.536343 0.810381 0.061131 0.061131
0 0.340518 0.083677 0.070161 0.070161
0 0.221725 0.511002 0.057104 0.057104
0 0.471469 0.731688 0.062220 0.062220
0 0.764403 0.918364 0.061131 0.061131
0 0.813630 0.851817 0.057104 0.057104
0 0.610432 0.174874 0.071945 0.071945
0 0.891831 0.082250 0.061130 0.061130
0 0.129919 0.054801 0.071945 0.071945
0 0.426225 0.113430 0.062220 0.062220
0 0.880544 0.445622 0.071945 0.071945
0 0.443353 0.415722 0.061131 0.061131
0 0.730993 0.326773 0.061130 0.061130
0 0.756006 0.445648 0.104277 0.104277
0 0.462796 0.177266 0.104277 0.104277
0 0.377255 0.022901 0.061130 0.061130
0 0.159490 0.666133 0.057104 0.057104
0 0.506765 0.312192 0.071945 0.071945
0 0.879922 0.577325 0.104277 0.104277
0 0.278079 0.948235 0.061130 0.061130
0 0.192654 0.427429 0.104277 0.104277
0 0.079513 0.708568 0.052757 0.052757
0 0.357816 0.246493 0.104277 0.104277
0 0.150429 0.248277 0.062220 0.062220
0 0.568848 0.561106 0.071945 0.071945
0 0.004754 0.511598 0.057104 0.057104
0 0.161908 0.760633 0.057104 0.057104
0 0.169769 0.927921 0.057104 0.057104
0 0.210298 0.589962 0.052757 0.052757
0 0.281489 0.659043 0.104277 0.104277
0 0.250046 0.228154 0.062220 0.062220
0 0.582656 0.695520 0.061131 0.061131
0 0.037593 0.947527 0.052757 0.052757
0 0.057571 0.151281 0.071945 0.071945
0 0.222957 0.861020 0.104277 0.104277
0 0.358266 0.744217 0.061130 0.061130
0 0.048237 0.387065 0.052757 0.052757
0 0.094179 0.598648 0.057104 0.057104
0 0.440752 0.642005 0.104277 0.104277
0 0.976515 0.183467 0.062220 0.062220
0 0.940090 0.245034 0.062220 0.062220
0 0.492100 0.056729 0.062220 0.062220
0 0.653633 0.526465 0.062220 0.062220
0 0.345677 0.479368 0.062220 0.062220
0 0.672195 0.765899 0.057104 0.057104
0 0.536664 0.240667 0.061131 0.061131
0 0.435444 0.820331 0.062220 0.062220
0 0.440508 0.277985 0.061131 0.061131
0 0.709049 0.052189 0.071945 0.071945
0 0.795681 0.724523 0.071945 0.071945
0 0.238621 0.734741 0.061130 0.061130
0 0.400209 0.883949 0.104278 0.104278
0 0.403492 0.356148 0.052757 0.052757
0 0.483126 0.550969 0.061131 0.061131
0 0.902242 0.172181 0.052757 0.052757
0 0.700680 0.248511 0.057104 0.057104
0 0.308459 0.156181 0.052757 0.052757
0 0.650352 0.948120 0.062220 0.062220
0 0.555605 0.089844 0.071945 0.071945
0 0.818591 0.065719 0.052757 0.052757
0 0.951763 0.597073 0.052757 0.052757
0 0.457227 0.949860 0.062220 0.062220
0 0.281543 0.381563 0.104277 0.104277
0 0.060061 0.461550 0.061130 0.061130
0 0.003912 0.281466 0.104277 0.104277
0 0.701813 0.698947 0.052757 0.052757
0 0.489147 0.882231 0.071945 0.071945
0 0.838524 0.263087 0.071945 0.071945
0 0.187112 0.186129 0.057104 0.057104
0 0.740486 0.177658 0.062220 0.062220
0 0.069497 0.310555 0.071945 0.071945
0 0.732778 0.542104 0.057104 0.057104
0 0.300060 0.536997 0.061130 0.061130
0 0.136370 0.845343 0.057104 0.057104
0 0.567185 0.012894 0.071945 0.071945
0 0.334786 0.842029 0.104277 0.104277
0 0.063634 0.073059 0.056505 0.056505
0 0.011128 0.835692 0.104277 0.104277
0 0.666581 0.615790 0.057104 0.057104
0 0.572430 0.363811 0.104277 0.104277
0 0.529348 0.939157 0.052757 0.052757
0 0.340819 0.609910 0.061130 0.061130
0 0.638772 0.433248 0.052757 0.052757
0 0.517800 0.651931 0.071945 0.071945
0 0.807442 0.201250 0.104277 0.104277
0 0.645927 0.298792 0.071945 0.071945
0 0.967163 0.956828 0.104277 0.104277
0 0.659900 0.108806 0.104277 0.104277
0 0.283726 0.294412 0.057104 0.057104
0 0.057931 0.004370 0.061130 0.061130
0 0.035255 0.640769 0.062220 0.062220
0 0.386265 0.548720 0.071945 0.071945
0 0.134448 0.335711 0.057104 0.057104
0 0.862683 0.361992 0.104277 0.104277
0 0.919460 0.016685 0.052757 0.052757
0 0.526329 0.422948 0.052757 0.052757
0 0.820764 0.540102 0.062220 0.062220
0 0.618157 0.825540 0.061131 0.061131