0 0.078683 0.607229 0.062220 0.062220
0 0.040457 0.413205 0.062220 0.062220
0 0.529845 0.130032 0.071945 0.071945
0 0.731389 0.740683 0.052757 0.052757
0 0.804966 0.098011 0.071945 0.071945
0 0.837094 0.213381 0.052757 0.052757
0 0.538529 0.500364 0.061130 0.061130
0 0.981254 0.436869 0.062220 0.062220
0 0.980521 0.011326 0.104277 0.104277
0 0.066437 0.056571 0.052757 0.052757
0 0.964610 0.607062 0.052757 0.052757
0 0.600656 0.608456 0.104277 0.104277
0 0.078129 0.143120 0.104277 0.104277
0 0.424593 0.396745 0.104277 0.104277
0 0.383454 0.518356 0.104277 0.104277
0 0.269970 0.560330 0.071945 0.071945
0 0.427994 0.149487 0.062220 0.062220
0 0.857409 0.459665 0.104277 0.104277
0 0.453347 0.321745 0.057104 0.057104
0 0.947517 0.174445 0.104277 0.104277
0 0.996867 0.716786 0.061130 0.061130
0 0.968424 0.787766 0.104277 0.104277
0 0.902656 0.365564 0.071945 0.071945
0 0.463471 0.676355 0.062220 0.062220
0 0.521694 0.304181 0.104277 0.104277
0 0.938908 0.518323 0.052757 0.052757
0 0.679356 0.601373 0.062220 0.062220
0 0.407047 0.245243 0.061130 0.061130
0 0.286352 0.287117 0.057104 0.057104
0 0.191327 0.047003 0.104277 0.104277
0 0.028724 0.312065 0.062220 0.062220
0 0.929344 0.079256 0.062220 0.062220
0 0.682086 0.206443 0.052757 0.052757
0 0.223868 0.393875 0.057104 0.057104
0 0.339844 0.423966 0.104277 0.104277
0 0.133933 0.750021 0.071945 0.071945
0 0.070613 0.220275 0.057104 0.057104
0 0.800829 0.594193 0.062220 0.062220
0 0.649303 0.393311 0.071945 0.071945
0 0.279281 0.633295 0.071945 0.071945
0 0.859307 0.308320 0.102474 0.102474
0 0.086530 0.678031 0.057104 0.057104
0 0.900196 0.665440 0.071945 0.071945
0 0.753643 0.300495 0.104277 0.104277
0 0.107159 0.355718 0.057104 0.057104
0 0.802046 0.765234 0.104277 0.104277
0 0.762467 0.034287 0.062220 0.062220
0 0.606154 0.109837 0.061131 0.061131
0 0.050374 0.757684 0.052757 0.052757
0 0.564547 0.038288 0.071945 0.071945
0 0.352748 0.156837 0.062220 0.062220
0 0.886693 0.762121 0.104277 0.104277
0 0.567693 0.361148 0.057104 0.057104
0 0.305389 0.497687 0.057104 0.057104
0 0.380415 0.314675 0.104277 0.104277
0 0.009679 0.649045 0.050891 0.050891
0 0.173549 0.541351 0.062220 0.062220
0 0.249076 0.008458 0.071945 0.071945
0 0.294368 0.750417 0.057104 0.057104
0 0.708297 0.667126 0.062220 0.062220
0 0.683377 0.115559 0.052757 0.052757
0 0.038089 0.540110 0.104277 0.104277
0 0.392923 0.075097 0.061130 0.061130
0 0.663048 0.765697 0.052757 0.052757
0 0.666486 0.322669 0.062220 0.062220
0 0.199937 0.669288 0.061130 0.061130
0 0.610909 0.502428 0.104277 0.104277
0 0.203461 0.264406 0.062220 0.062220
0 0.180806 0.118262 0.071945 0.071945
0 0.338360 0.584440 0.062220 0.062220
0 0.522904 0.730158 0.052757 0.052757
0 0.794891 0.692094 0.052757 0.052757
0 0.209515 0.772638 0.062220 0.062220
0 0.439002 0.466081 0.062220 0.062220
0 0.313215 0.355428 0.071945 0.071945
0 0.614526 0.677988 0.061131 0.061131
0 0.492587 0.047571 0.057104 0.057104
0 0.589851 0.428150 0.104277 0.104277
0 0.863967 0.565261 0.052757 0.052757
0 0.760072 0.207620 0.055027 0.055027
0 0.892264 0.008442 0.061131 0.061131
0 0.550763 0.236533 0.062220 0.062220
0 0.433289 0.761068 0.061130 0.061130
0 0.970101 0.311798 0.104277 0.104277
0 0.578507 0.779203 0.062220 0.062220
0 0.406130 0.002561 0.050559 0.050559
0 0.700352 0.500696 0.052757 0.052757
0 0.220532 0.476908 0.052757 0.052757
0 0.506753 0.393496 0.071945 0.071945
0 0.375282 0.664553 0.061131 0.061131
0 0.622802 0.249343 0.104277 0.104277
0 0.786812 0.393600 0.061130 0.061130
0 0.465303 0.593606 0.104277 0.104277
0 0.147307 0.472186 0.052757 0.052757
0 0.180979 0.337572 0.061130 0.061130
0 0.265185 0.132243 0.052757 0.052757
0 0.000576 0.076908 0.104277 0.104277