0 0.853342 0.599477 0.104277 0.104277
0 0.809794 0.387486 0.061130 0.061130
0 0.525802 0.807005 0.104278 0.104278
0 0.742887 0.247815 0.104277 0.104277
0 0.804713 0.156767 0.071945 0.071945
0 0.956526 0.142377 0.071945 0.071945
0 0.710565 0.349384 0.052757 0.052757
0 0.643946 0.968353 0.052757 0.052757
0 0.748596 0.019868 0.104277 0.104277
0 0.254761 0.302481 0.052757 0.052757
0 0.168479 0.959328 0.061130 0.061130
0 0.543240 0.917810 0.052757 0.052757
0 0.847466 0.514292 0.057104 0.057104
0 0.618659 0.192324 0.062220 0.062220
0 0.883328 0.700928 0.051819 0.051819
0 0.178447 0.723662 0.057104 0.057104
0 0.529494 0.377483 0.104277 0.104277
0 0.128967 0.023018 0.052757 0.052757
0 0.787472 0.314023 0.061131 0.061131
0 0.254306 0.510311 0.057104 0.057104
0 0.820606 0.066364 0.057104 0.057104
0 0.776034 0.989729 0.104277 0.104277
0 0.871688 0.274518 0.052757 0.052757
0 0.545730 0.103872 0.052757 0.052757
0 0.927895 0.210478 0.057104 0.057104
0 0.475648 0.718443 0.052757 0.052757
0 0.019943 0.809037 0.104277 0.104277
0 0.299115 0.192957 0.057104 0.057104
0 0.874130 0.363100 0.057104 0.057104
0 0.959169 0.771272 0.104277 0.104277
0 0.612930 0.039781 0.052757 0.052757
0 0.954306 0.697979 0.071945 0.071945
0 0.163329 0.878198 0.104277 0.104277
0 0.386046 0.189214 0.057104 0.057104
0 0.608898 0.315733 0.071945 0.071945
0 0.660777 0.710688 0.052757 0.052757
0 0.717993 0.122064 0.071945 0.071945
0 0.099284 0.960255 0.052757 0.052757
0 0.875624 0.857901 0.054783 0.054783
0 0.265265 0.093419 0.057104 0.057104
0 0.843726 0.970067 0.071945 0.071945
0 0.626850 0.631319 0.071945 0.071945
0 0.400527 0.836916 0.061130 0.061130
0 0.291880 0.735758 0.071945 0.071945
0 0.458529 0.951454 0.052757 0.052757
0 0.724006 0.866569 0.057104 0.057104
0 0.680117 0.282182 0.057104 0.057104
0 0.001713 0.617262 0.061130 0.061130
0 0.300628 0.458944 0.071945 0.071945
0 0.280784 0.904051 0.061130 0.061130
0 0.251453 0.820386 0.062220 0.062220
0 0.395223 0.671572 0.062220 0.062220
0 0.510884 0.500572 0.061130 0.061130
0 0.738201 0.744695 0.052757 0.052757
0 0.000744 0.261187 0.071945 0.071945
0 0.446196 0.402833 0.061130 0.061130
0 0.417270 0.331098 0.061130 0.061130
0 0.986669 0.287360 0.062220 0.062220
0 0.198388 0.057371 0.104277 0.104277
0 0.595950 0.457368 0.104277 0.104277
0 0.759355 0.555241 0.071945 0.071945
0 0.456753 0.069036 0.052757 0.052757
0 0.900101 0.058390 0.062220 0.062220
0 0.968139 0.958559 0.052757 0.052757
0 0.449650 0.608959 0.061130 0.061130
0 0.187803 0.143933 0.104277 0.104277
0 0.011913 0.342885 0.071945 0.071945
0 0.549743 0.701495 0.057104 0.057104
0 0.441892 0.525277 0.104277 0.104277
0 0.649344 0.779111 0.062220 0.062220
0 0.646511 0.505905 0.104277 0.104277
0 0.131200 0.294016 0.052757 0.052757
0 0.625416 0.393215 0.052757 0.052757
0 0.932332 0.432903 0.062220 0.062220
0 0.337775 0.266702 0.071945 0.071945
0 0.392103 0.913551 0.104277 0.104277
0 0.262720 0.019672 0.062220 0.062220
0 0.352749 0.767572 0.071945 0.071945
0 0.595647 0.835200 0.104277 0.104277
0 0.223652 0.225369 0.104277 0.104277
0 0.750480 0.639157 0.057104 0.057104
0 0.093815 0.831639 0.071945 0.071945
0 0.233687 0.675736 0.050932 0.050932
0 0.370423 0.496850 0.052757 0.052757
0 0.136560 0.443741 0.071945 0.071945
0 0.987995 0.480821 0.071945 0.071945
0 0.347320 0.403910 0.061130 0.061130
0 0.706349 0.461965 0.052757 0.052757
0 0.560655 0.613412 0.057104 0.057104
0 0.951984 0.844650 0.104277 0.104277
0 0.059460 0.040164 0.057104 0.057104
0 0.369968 0.049071 0.057104 0.057104
0 0.094144 0.730372 0.071945 0.071945
0 0.001781 0.493543 0.104277 0.104277
0 0.344224 0.563876 0.061130 0.061130
0 0.206589 0.407035 0.071945 0.071945
0 0.059224 0.118273 0.061130 0.061130
0 0.017255 0.938889 0.104277 0.104277
0 0.334076 0.123536 0.048997 0.048997
0 0.537102 0.028167 0.062220 0.062220
0 0.007761 0.715191 0.052757 0.052757
0 0.533084 0.269528 0.062220 0.062220
0 0.862065 0.789947 0.052757 0.052757
0 0.789502 0.824174 0.104277 0.104277
0 0.305016 0.660561 0.062220 0.062220
0 0.100771 0.638465 0.062220 0.062220
0 0.536661 0.179717 0.061131 0.061131
0 0.111435 0.217913 0.104277 0.104277
0 0.479784 0.876919 0.071945 0.071945
0 0.310777 0.987948 0.061130 0.061130
0 0.719985 0.943139 0.071945 0.071945
0 0.045624 0.553439 0.047555 0.047555
0 0.179724 0.578235 0.052757 0.052757
0 0.464169 0.276522 0.071945 0.071945
0 0.175444 0.796340 0.071945 0.071945
0 0.924951 0.560720 0.057104 0.057104
0 0.259674 0.586116 0.071945 0.071945