0 0.147433 0.932229 0.062220 0.062220
0 0.109207 0.738205 0.062220 0.062220
0 0.598595 0.455032 0.071945 0.071945
0 0.873716 0.423011 0.071945 0.071945
0 0.400208 0.300377 0.104277 0.104277
0 0.905844 0.538381 0.052757 0.052757
0 0.462696 0.024603 0.052757 0.052757
0 0.607279 0.825364 0.061130 0.061130
0 0.642993 0.211349 0.061130 0.061130
0 0.135187 0.381571 0.052757 0.052757
0 0.669406 0.933456 0.104277 0.104277
0 0.146879 0.468120 0.104277 0.104277
0 0.493343 0.721745 0.104277 0.104277
0 0.452204 0.843356 0.104277 0.104277
0 0.338720 0.885330 0.071945 0.071945
0 0.815937 0.173225 0.071945 0.071945
0 0.383061 0.145287 0.052757 0.052757
0 0.496744 0.474487 0.062220 0.062220
0 0.126612 0.294150 0.104277 0.104277
0 0.459368 0.220422 0.071945 0.071945
0 0.208969 0.225948 0.104277 0.104277
0 0.926159 0.784665 0.104277 0.104277
0 0.133136 0.195008 0.061130 0.061130
0 0.522097 0.646745 0.057104 0.057104
0 0.971406 0.690564 0.071945 0.071945
0 0.040207 0.092965 0.104277 0.104277
0 0.594784 0.045979 0.104277 0.104277
0 0.894645 0.292083 0.104277 0.104277
0 0.590444 0.629181 0.104277 0.104277
0 0.748106 0.926373 0.062220 0.062220
0 0.475797 0.570243 0.061130 0.061130
0 0.355102 0.612117 0.057104 0.057104
0 0.260077 0.372003 0.104277 0.104277
0 0.016630 0.511607 0.061130 0.061130
0 0.097474 0.637065 0.062220 0.062220
0 0.955127 0.230581 0.057104 0.057104
0 0.998094 0.404256 0.062220 0.062220
0 0.750836 0.531443 0.052757 0.052757
0 0.897844 0.162365 0.062220 0.062220
0 0.292618 0.718875 0.057104 0.057104
0 0.408594 0.748966 0.104277 0.104277
0 0.139363 0.545275 0.057104 0.057104
0 0.869579 0.919193 0.062220 0.062220
0 0.718053 0.718311 0.071945 0.071945
0 0.348031 0.958295 0.071945 0.071945
0 0.055559 0.332930 0.052757 0.052757
0 0.928057 0.633320 0.102474 0.102474
0 0.968946 0.990440 0.071945 0.071945
0 0.537241 0.296711 0.052757 0.052757
0 0.822393 0.625495 0.104277 0.104277
0 0.175909 0.680718 0.057104 0.057104
0 0.347265 0.219466 0.104277 0.104277
0 0.294562 0.081112 0.057104 0.057104
0 0.499899 0.162716 0.052757 0.052757
0 0.831217 0.359287 0.062220 0.062220
0 0.674904 0.434837 0.061131 0.061131
0 0.197730 0.305098 0.061130 0.061130
0 0.633297 0.363288 0.071945 0.071945
0 0.662476 0.026317 0.071945 0.071945
0 0.421498 0.481837 0.062220 0.062220
0 0.662736 0.097141 0.061130 0.061130
0 0.636443 0.686148 0.057104 0.057104
0 0.374139 0.822687 0.057104 0.057104
0 0.277279 0.007704 0.052757 0.052757
0 0.449165 0.639675 0.104277 0.104277
0 0.078429 0.974045 0.050891 0.050891
0 0.242299 0.866351 0.062220 0.062220
0 0.317826 0.333458 0.071945 0.071945
0 0.777047 0.992126 0.062220 0.062220
0 0.752127 0.440559 0.052757 0.052757
0 0.011080 0.899191 0.062220 0.062220
0 0.106839 0.865110 0.104277 0.104277
0 0.461673 0.400097 0.061130 0.061130
0 0.119572 0.122602 0.052757 0.052757
0 0.269746 0.158887 0.057104 0.057104
0 0.735236 0.647669 0.062220 0.062220
0 0.268687 0.994288 0.061130 0.061130
0 0.679659 0.827428 0.104277 0.104277
0 0.272211 0.589406 0.062220 0.062220
0 0.249556 0.443262 0.071945 0.071945
0 0.407110 0.909440 0.062220 0.062220
0 0.786889 0.014809 0.052757 0.052757
0 0.474566 0.094026 0.104277 0.104277
0 0.507752 0.791081 0.062220 0.062220
0 0.829753 0.254320 0.052757 0.052757
0 0.381965 0.680428 0.071945 0.071945
0 0.741800 0.306184 0.052757 0.052757
0 0.561337 0.372571 0.057104 0.057104
0 0.058007 0.797130 0.104277 0.104277
0 0.937447 0.103987 0.057104 0.057104
0 0.658601 0.753150 0.104277 0.104277
0 0.932717 0.890261 0.052757 0.052757
0 0.828822 0.532620 0.055027 0.055027
0 0.961014 0.333442 0.061131 0.061131
0 0.619513 0.561533 0.062220 0.062220
0 0.474880 0.327561 0.050559 0.050559
0 0.769102 0.825696 0.052757 0.052757
0 0.604019 0.270340 0.061130 0.061130
0 0.733290 0.090712 0.071945 0.071945
0 0.289282 0.801908 0.052757 0.052757
0 0.875323 0.002236 0.104277 0.104277
0 0.575503 0.718496 0.071945 0.071945
0 0.376522 0.063117 0.061131 0.061131
0 0.444032 0.989553 0.061131 0.061131
0 0.223629 0.104442 0.104277 0.104277
0 0.732090 0.185265 0.071945 0.071945
0 0.691552 0.574343 0.104277 0.104277
0 0.855562 0.718600 0.061130 0.061130
0 0.534053 0.918606 0.104277 0.104277
0 0.216057 0.797186 0.052757 0.052757
0 0.129527 0.044198 0.061130 0.061130
0 0.249729 0.662572 0.061130 0.061130
0 0.030042 0.231648 0.104277 0.104277
0 0.844999 0.093840 0.104277 0.104277
0 0.569442 0.137329 0.104277 0.104277
0 0.333935 0.457243 0.052757 0.052757
0 0.069326 0.401908 0.104277 0.104277