0 0.000558 0.885354 0.062220 0.062220
0 0.451720 0.408157 0.071945 0.071945
0 0.726841 0.376136 0.071945 0.071945
0 0.253333 0.253502 0.104277 0.104277
0 0.758969 0.491506 0.052757 0.052757
0 0.460404 0.778489 0.061130 0.061130
0 0.997252 0.598660 0.061131 0.061131
0 0.903129 0.714994 0.062220 0.062220
0 0.496118 0.164474 0.061130 0.061130
0 0.902396 0.289451 0.104277 0.104277
0 0.886485 0.885187 0.052757 0.052757
0 0.522531 0.886581 0.104277 0.104277
0 0.000004 0.421245 0.104277 0.104277
0 0.346468 0.674870 0.104277 0.104277
0 0.305329 0.796481 0.104277 0.104277
0 0.191845 0.838455 0.071945 0.071945
0 0.669062 0.126350 0.071945 0.071945
0 0.236186 0.098412 0.052757 0.052757
0 0.349869 0.427612 0.062220 0.062220
0 0.312493 0.173547 0.071945 0.071945
0 0.062094 0.179073 0.104277 0.104277
0 0.779284 0.737790 0.104277 0.104277
0 0.375222 0.599870 0.057104 0.057104
0 0.869392 0.452570 0.104277 0.104277
0 0.918742 0.994911 0.061130 0.061130
0 0.824531 0.643689 0.071945 0.071945
0 0.747770 0.245208 0.104277 0.104277
0 0.385346 0.954480 0.062220 0.062220
0 0.865549 0.056401 0.071945 0.071945
0 0.443569 0.582306 0.104277 0.104277
0 0.860783 0.796448 0.052757 0.052757
0 0.601231 0.879498 0.062220 0.062220
0 0.328922 0.523368 0.061130 0.061130
0 0.208227 0.565242 0.057104 0.057104
0 0.113202 0.325128 0.104277 0.104277
0 0.808252 0.183706 0.057104 0.057104
0 0.851219 0.357381 0.062220 0.062220
0 0.603961 0.484568 0.052757 0.052757
0 0.750969 0.115490 0.062220 0.062220
0 0.145743 0.672000 0.057104 0.057104
0 0.261719 0.702091 0.104277 0.104277
0 0.722704 0.872318 0.062220 0.062220
0 0.571178 0.671436 0.071945 0.071945
0 0.201156 0.911420 0.071945 0.071945
0 0.936618 0.088183 0.061130 0.061130
0 0.781182 0.586445 0.102474 0.102474
0 0.008405 0.956156 0.057104 0.057104
0 0.822071 0.943565 0.071945 0.071945
0 0.390366 0.249836 0.052757 0.052757
0 0.675518 0.578620 0.104277 0.104277
0 0.029034 0.633843 0.057104 0.057104
0 0.200390 0.172591 0.104277 0.104277
0 0.147687 0.034237 0.057104 0.057104
0 0.353024 0.115841 0.052757 0.052757
0 0.684342 0.312412 0.062220 0.062220
0 0.528029 0.387962 0.061131 0.061131
0 0.050855 0.258223 0.061130 0.061130
0 0.486422 0.316413 0.071945 0.071945
0 0.274623 0.434962 0.062220 0.062220
0 0.515861 0.050266 0.061130 0.061130
0 0.489568 0.639273 0.057104 0.057104
0 0.227264 0.775812 0.057104 0.057104
0 0.302290 0.592800 0.104277 0.104277
0 0.095424 0.819476 0.062220 0.062220
0 0.170951 0.286583 0.071945 0.071945
0 0.970864 0.345357 0.045227 0.045227
0 0.630172 0.945251 0.062220 0.062220
0 0.605252 0.393684 0.052757 0.052757
0 0.314798 0.353222 0.061130 0.061130
0 0.122871 0.112012 0.057104 0.057104
0 0.588361 0.600794 0.062220 0.062220
0 0.121812 0.947413 0.061130 0.061130
0 0.532784 0.780553 0.104277 0.104277
0 0.125336 0.542531 0.062220 0.062220
0 0.102681 0.396387 0.071945 0.071945
0 0.260235 0.862565 0.062220 0.062220
0 0.716766 0.970219 0.052757 0.052757
0 0.327691 0.047151 0.104277 0.104277
0 0.360877 0.744206 0.062220 0.062220
0 0.682878 0.207445 0.052757 0.052757
0 0.235090 0.633553 0.071945 0.071945
0 0.594925 0.259309 0.052757 0.052757
0 0.536401 0.956113 0.061131 0.061131
0 0.414462 0.325696 0.057104 0.057104
0 0.884935 0.192849 0.061131 0.061131
0 0.790572 0.057112 0.057104 0.057104
0 0.511726 0.706275 0.104277 0.104277
0 0.983690 0.692019 0.061131 0.061131
0 0.949944 0.843104 0.062221 0.062221
0 0.785842 0.843386 0.052757 0.052757
0 0.681947 0.485745 0.055027 0.055027
0 0.814139 0.286567 0.061131 0.061131
0 0.472638 0.514658 0.062220 0.062220
0 0.891976 0.589923 0.104277 0.104277
0 0.328005 0.280686 0.050559 0.050559
0 0.622227 0.778821 0.052757 0.052757
0 0.457144 0.223465 0.061130 0.061130
0 0.586415 0.043837 0.071945 0.071945
0 0.142407 0.755033 0.052757 0.052757
0 0.428628 0.671621 0.071945 0.071945
0 0.229647 0.016242 0.061131 0.061131
0 0.297157 0.942678 0.061131 0.061131
0 0.076754 0.057567 0.104277 0.104277
0 0.585215 0.138390 0.071945 0.071945
0 0.544677 0.527468 0.104277 0.104277
0 0.708687 0.671725 0.061130 0.061130
0 0.387178 0.871731 0.104277 0.104277
0 0.069182 0.750311 0.052757 0.052757
0 0.972058 0.206343 0.052757 0.052757
0 0.102854 0.615697 0.061130 0.061130
0 0.698124 0.046965 0.104277 0.104277
0 0.422567 0.090454 0.104277 0.104277
0 0.187060 0.410368 0.052757 0.052757
0 0.974333 0.012510 0.061131 0.061131
0 0.946715 0.538597 0.057104 0.057104
0 0.960665 0.462514 0.088662 0.088662