0 0.587919 0.903111 0.061130 0.061130
0 0.990864 0.864820 0.052757 0.052757
0 0.521012 0.763440 0.104277 0.104277
0 0.582838 0.672392 0.071945 0.071945
0 0.734651 0.658002 0.071945 0.071945
0 0.813404 0.864860 0.104277 0.104277
0 0.488690 0.865009 0.052757 0.052757
0 0.891268 0.911385 0.071945 0.071945
0 0.785557 0.207036 0.104277 0.104277
0 0.818037 0.548305 0.061131 0.061131
0 0.975659 0.171564 0.104277 0.104277
0 0.526721 0.535493 0.104277 0.104277
0 0.032886 0.818106 0.052757 0.052757
0 0.938689 0.081321 0.057104 0.057104
0 0.849152 0.284700 0.104277 0.104277
0 0.396784 0.707949 0.062220 0.062220
0 0.654793 0.471464 0.052757 0.052757
0 0.307619 0.893108 0.104277 0.104277
0 0.852043 0.123280 0.061131 0.061131
0 0.565597 0.829648 0.061131 0.061131
0 0.598731 0.581989 0.057104 0.057104
0 0.098473 0.433103 0.071945 0.071945
0 0.735259 0.046813 0.071945 0.071945
0 0.649813 0.790143 0.052757 0.052757
0 0.145721 0.495542 0.061130 0.061130
0 0.917870 0.525945 0.104277 0.104277
0 0.323855 0.619497 0.052757 0.052757
0 0.788147 0.342355 0.062220 0.062220
0 0.706020 0.726103 0.057104 0.057104
0 0.625973 0.408903 0.057104 0.057104
0 0.622820 0.248078 0.052757 0.052757
0 0.818493 0.948114 0.036679 0.036679
0 0.733974 0.386341 0.061130 0.061130
0 0.448843 0.235381 0.061131 0.061131
0 0.077240 0.708582 0.057104 0.057104
0 0.652255 0.878725 0.057104 0.057104
0 0.391055 0.555406 0.052757 0.052757
0 0.164171 0.704839 0.057104 0.057104
0 0.975027 0.675300 0.052757 0.052757
0 0.943837 0.259150 0.061130 0.061130
0 0.962133 0.743162 0.104277 0.104277
0 0.387023 0.831358 0.071945 0.071945
0 0.383969 0.156688 0.062220 0.062220
0 0.676903 0.343364 0.061131 0.061131
0 0.867771 0.766794 0.104277 0.104277
0 0.496118 0.637689 0.071945 0.071945
0 0.726130 0.276817 0.057104 0.057104
0 0.958676 0.934269 0.062220 0.062220
0 0.043390 0.609044 0.057104 0.057104
0 0.071990 0.091133 0.057104 0.057104
0 0.458242 0.797807 0.057104 0.057104
0 0.792422 0.002325 0.104277 0.104277
0 0.190579 0.373235 0.061130 0.061130
0 0.078753 0.974569 0.071945 0.071945
0 0.814698 0.708502 0.061130 0.061130
0 0.949624 0.334025 0.061130 0.061130
0 0.893458 0.839117 0.061130 0.061130
0 0.462716 0.437525 0.104277 0.104277
0 0.224321 0.918458 0.061130 0.061130
0 0.195395 0.846723 0.061130 0.061130
0 0.074408 0.185633 0.057104 0.057104
0 0.764794 0.802985 0.062220 0.062220
0 0.082269 0.352921 0.057104 0.057104
0 0.122798 0.014962 0.052757 0.052757
0 0.193989 0.084043 0.104277 0.104277
0 0.374075 0.972993 0.104277 0.104277
0 0.234878 0.584661 0.052757 0.052757
0 0.678226 0.574015 0.062220 0.062220
0 0.495156 0.120520 0.061131 0.061131
0 0.135457 0.286020 0.104277 0.104277
0 0.403541 0.908840 0.052757 0.052757
0 0.270766 0.169217 0.061130 0.061130
0 0.006679 0.023648 0.057104 0.057104
0 0.353252 0.067005 0.104277 0.104277
0 0.710457 0.948528 0.062220 0.062220
0 0.584695 0.190899 0.057104 0.057104
0 0.115900 0.782327 0.071945 0.071945
0 0.040845 0.535297 0.062220 0.062220
0 0.745298 0.491866 0.071945 0.071945
0 0.355177 0.474994 0.052757 0.052757
0 0.347944 0.245331 0.062220 0.062220
0 0.001777 0.740994 0.104277 0.104277
0 0.708181 0.149523 0.071945 0.071945
0 0.151121 0.159741 0.061130 0.061130
0 0.312709 0.308949 0.104278 0.104278
0 0.766120 0.996446 0.071945 0.071945
0 0.125445 0.919535 0.061130 0.061130
0 0.484474 0.977590 0.052757 0.052757
0 0.562852 0.373120 0.062220 0.062220
0 0.148093 0.564696 0.057104 0.057104
0 0.864263 0.022073 0.052757 0.052757
0 0.369727 0.374860 0.062220 0.062220
0 0.248284 0.489436 0.057104 0.057104
0 0.907015 0.986593 0.061131 0.061131
0 0.614313 0.123947 0.052757 0.052757
0 0.112201 0.639161 0.048997 0.048997
0 0.401647 0.307231 0.071945 0.071945
0 0.315227 0.543792 0.062220 0.062220
0 0.888258 0.455527 0.057104 0.057104
0 0.048870 0.270343 0.057104 0.057104
0 0.247286 0.267029 0.104277 0.104277
0 0.579081 0.040790 0.057104 0.057104
0 0.311209 0.785153 0.062220 0.062220
0 0.441848 0.364157 0.052757 0.052757
0 0.871001 0.595465 0.057104 0.057104
0 0.253319 0.034910 0.061130 0.061130
0 0.314786 0.695342 0.061131 0.061131
0 0.430300 0.076931 0.071945 0.071945
0 0.879663 0.381828 0.104277 0.104277
0 0.948996 0.409423 0.104277 0.104277
0 0.963176 0.605681 0.052757 0.052757
0 0.030002 0.457405 0.057104 0.057104
0 0.242294 0.792147 0.071945 0.071945
0 0.530657 0.250540 0.061131 0.061131