0 0.738785 0.520802 0.062220 0.062220
0 0.663342 0.748018 0.052757 0.052757
0 0.210127 0.949161 0.071945 0.071945
0 0.685670 0.395187 0.057103 0.057103
0 0.854723 0.642478 0.071945 0.071945
0 0.319270 0.368473 0.104277 0.104277
0 0.901971 0.704917 0.061130 0.061130
0 0.457016 0.440832 0.052757 0.052757
0 0.833490 0.917957 0.057104 0.057104
0 0.920421 0.914214 0.057104 0.057104
0 0.230740 0.722897 0.104278 0.104278
0 0.890475 0.145377 0.057104 0.057104
0 0.617790 0.217325 0.104277 0.104277
0 0.601832 0.659512 0.071945 0.071945
0 0.531587 0.652427 0.057104 0.057104
0 0.426551 0.150384 0.104277 0.104277
0 0.799640 0.818419 0.057104 0.057104
0 0.637187 0.081474 0.057104 0.057104
0 0.284386 0.172215 0.062220 0.062220
0 0.296051 0.062437 0.062220 0.062220
0 0.828240 0.300508 0.057104 0.057104
0 0.585757 0.030343 0.104277 0.104277
0 0.357696 0.208736 0.062220 0.062220
0 0.946829 0.582610 0.061130 0.061130
0 0.200597 0.203490 0.104278 0.104278
0 0.861404 0.061804 0.104277 0.104277
0 0.748263 0.342943 0.052757 0.052757
0 0.535119 0.986187 0.071945 0.071945
0 0.501438 0.366285 0.062220 0.062220
0 0.200785 0.314245 0.071945 0.071945
0 0.673504 0.145973 0.057104 0.057104
0 0.830658 0.395008 0.057104 0.057104
0 0.732763 0.782371 0.104277 0.104277
0 0.596803 0.560549 0.057104 0.057104
0 0.838519 0.562296 0.057104 0.057104
0 0.504158 0.737678 0.057104 0.057104
0 0.879048 0.224337 0.052757 0.052757
0 0.950239 0.293418 0.104277 0.104277
0 0.707085 0.676633 0.104277 0.104277
0 0.991128 0.794036 0.052757 0.052757
0 0.289703 0.506736 0.062220 0.062220
0 0.722178 0.868933 0.104277 0.104277
0 0.511642 0.569932 0.052757 0.052757
0 0.706343 0.581902 0.052757 0.052757
0 0.523254 0.501223 0.061130 0.061130
0 0.891707 0.495395 0.104277 0.104277
0 0.716987 0.021440 0.052757 0.052757
0 0.762929 0.233023 0.057104 0.057104
0 0.592208 0.416041 0.071945 0.071945
0 0.430222 0.828664 0.061130 0.061130
0 0.872150 0.991702 0.071945 0.071945
0 0.797095 0.744672 0.062220 0.062220
0 0.575007 0.157191 0.052757 0.052757
0 0.758027 0.950369 0.104277 0.104277
0 0.307848 0.892815 0.061130 0.061130
0 0.371369 0.278392 0.057104 0.057104
0 0.907371 0.369116 0.061130 0.061130
0 0.434899 0.021402 0.057104 0.057104
0 0.449405 0.529368 0.061130 0.061130
0 0.233354 0.032544 0.061130 0.061130
0 0.416017 0.366554 0.062220 0.062220
0 0.593835 0.765164 0.057104 0.057104
0 0.904343 0.774071 0.057104 0.057104
0 0.323326 0.812227 0.057104 0.057104
0 0.396031 0.707338 0.104277 0.104277
0 0.206507 0.510250 0.061130 0.061130
0 0.950293 0.015938 0.104277 0.104277
0 0.728811 0.095925 0.061130 0.061130
0 0.593599 0.843273 0.061130 0.061130
0 0.523436 0.830552 0.062220 0.062220
0 0.868451 0.848536 0.048997 0.048997
0 0.247723 0.438258 0.061130 0.061130
0 0.439422 0.288619 0.057104 0.057104
0 0.294955 0.653930 0.104277 0.104277
0 0.297790 0.295968 0.052757 0.052757
0 0.968810 0.171372 0.061130 0.061130
0 0.805120 0.479718 0.057104 0.057104
0 0.679878 0.470067 0.104277 0.104277
0 0.253497 0.811275 0.057104 0.057104
0 0.371403 0.069080 0.062220 0.062220
0 0.300943 0.970049 0.057104 0.057104
0 0.491997 0.915092 0.071945 0.071945
0 0.704005 0.275144 0.062220 0.062220
0 0.333337 0.443940 0.071945 0.071945
0 0.645810 0.942913 0.104277 0.104277
0 0.411936 0.908016 0.071945 0.071945
0 0.402187 0.630875 0.061130 0.061130
0 0.485275 0.198300 0.104277 0.104277
0 0.603816 0.333999 0.052757 0.052757
0 0.490677 0.078595 0.057104 0.057104
0 0.786252 0.666780 0.057104 0.057104
0 0.551067 0.259456 0.062220 0.062220
0 0.205257 0.599682 0.071945 0.071945
0 0.237808 0.117343 0.061130 0.061130
0 0.370209 0.567065 0.062220 0.062220