0 0.016183 0.804104 0.062220 0.062220
0 0.467345 0.326907 0.071945 0.071945
0 0.668889 0.937558 0.052757 0.052757
0 0.742466 0.294886 0.071945 0.071945
0 0.268958 0.172252 0.104277 0.104277
0 0.774594 0.410256 0.052757 0.052757
0 0.476029 0.697239 0.061130 0.061130
0 0.918754 0.633744 0.062220 0.062220
0 0.511743 0.083224 0.061130 0.061130
0 0.918021 0.208201 0.104277 0.104277
0 0.003937 0.253446 0.052757 0.052757
0 0.902110 0.803937 0.052757 0.052757
0 0.538156 0.805331 0.104277 0.104277
0 0.015629 0.339995 0.104277 0.104277
0 0.362093 0.593620 0.104277 0.104277
0 0.320954 0.715231 0.104277 0.104277
0 0.207470 0.757205 0.071945 0.071945
0 0.684687 0.045100 0.071945 0.071945
0 0.251811 0.017162 0.052757 0.052757
0 0.365494 0.346362 0.062220 0.062220
0 0.328118 0.092297 0.071945 0.071945
0 0.077719 0.097823 0.104277 0.104277
0 0.794909 0.656540 0.104277 0.104277
0 0.001886 0.066883 0.061130 0.061130
0 0.390847 0.518620 0.057104 0.057104
0 0.885017 0.371320 0.104277 0.104277
0 0.934367 0.913661 0.061130 0.061130
0 0.905924 0.984641 0.104277 0.104277
0 0.840156 0.562439 0.071945 0.071945
0 0.763395 0.163958 0.104277 0.104277
0 0.400971 0.873230 0.062220 0.062220
0 0.459194 0.501056 0.104277 0.104277
0 0.876408 0.715198 0.052757 0.052757
0 0.616856 0.798248 0.062220 0.062220
0 0.344547 0.442118 0.061130 0.061130
0 0.223852 0.483992 0.057104 0.057104
0 0.128827 0.243878 0.104277 0.104277
0 0.823877 0.102456 0.057104 0.057104
0 0.866844 0.276131 0.062220 0.062220
0 0.619586 0.403318 0.052757 0.052757
0 0.766594 0.034240 0.062220 0.062220
0 0.161368 0.590750 0.057104 0.057104
0 0.277344 0.620841 0.104277 0.104277
0 0.071433 0.946896 0.071945 0.071945
0 0.008113 0.417150 0.057104 0.057104
0 0.738329 0.791068 0.062220 0.062220
0 0.586803 0.590186 0.071945 0.071945
0 0.216781 0.830170 0.071945 0.071945
0 0.952243 0.006933 0.061130 0.061130
0 0.796807 0.505195 0.102474 0.102474
0 0.024030 0.874906 0.057104 0.057104
0 0.837696 0.862315 0.071945 0.071945
0 0.405991 0.168586 0.052757 0.052757
0 0.691143 0.497370 0.104277 0.104277
0 0.044659 0.552593 0.057104 0.057104
0 0.216015 0.091341 0.104277 0.104277
0 0.368649 0.034591 0.052757 0.052757
0 0.739546 0.962109 0.104277 0.104277
0 0.699967 0.231162 0.062220 0.062220
0 0.543654 0.306712 0.061131 0.061131
0 0.066480 0.176973 0.061130 0.061130
0 0.502047 0.235163 0.071945 0.071945
0 0.290248 0.353712 0.062220 0.062220
0 0.824193 0.958996 0.104277 0.104277
0 0.505193 0.558023 0.057104 0.057104
0 0.242889 0.694562 0.057104 0.057104
0 0.317915 0.511550 0.104277 0.104277
0 0.111049 0.738226 0.062220 0.062220
0 0.186576 0.205333 0.071945 0.071945
0 0.231868 0.947292 0.057104 0.057104
0 0.986489 0.264107 0.045227 0.045227
0 0.645797 0.864001 0.062220 0.062220
0 0.620877 0.312434 0.052757 0.052757
0 0.330423 0.271972 0.061130 0.061130
0 0.138496 0.030762 0.057104 0.057104
0 0.600548 0.962572 0.052757 0.052757
0 0.603986 0.519544 0.062220 0.062220
0 0.137437 0.866163 0.061130 0.061130
0 0.548409 0.699303 0.104277 0.104277
0 0.140961 0.461281 0.062220 0.062220
0 0.118306 0.315137 0.071945 0.071945
0 0.275860 0.781315 0.062220 0.062220
0 0.460404 0.927033 0.052757 0.052757
0 0.732391 0.888969 0.052757 0.052757
0 0.147015 0.969513 0.062220 0.062220
0 0.376502 0.662956 0.062220 0.062220
0 0.698503 0.126195 0.052757 0.052757
0 0.250715 0.552303 0.071945 0.071945
0 0.610550 0.178059 0.052757 0.052757
0 0.552026 0.874863 0.061131 0.061131
0 0.430087 0.244446 0.057104 0.057104
0 0.900560 0.111599 0.061131 0.061131
0 0.527351 0.625025 0.104277 0.104277
0 0.999315 0.610769 0.061131 0.061131
0 0.965569 0.761854 0.062221 0.062221
0 0.801467 0.762136 0.052757 0.052757
0 0.697572 0.404495 0.055027 0.055027
0 0.829764 0.205317 0.061131 0.061131
0 0.488263 0.433408 0.062220 0.062220
0 0.370789 0.957943 0.061130 0.061130
0 0.907601 0.508673 0.104277 0.104277
0 0.516007 0.976078 0.062220 0.062220
0 0.343630 0.199436 0.050559 0.050559
0 0.637852 0.697571 0.052757 0.052757
0 0.472769 0.142215 0.061130 0.061130
0 0.158032 0.673783 0.052757 0.052757
0 0.444253 0.590371 0.071945 0.071945
0 0.312782 0.861428 0.061131 0.061131
0 0.600840 0.057140 0.071945 0.071945
0 0.560302 0.446218 0.104277 0.104277
0 0.724312 0.590475 0.061130 0.061130
0 0.402803 0.790481 0.104277 0.104277
0 0.084807 0.669061 0.052757 0.052757
0 0.987683 0.125093 0.052757 0.052757
0 0.118479 0.534447 0.061130 0.061130
0 0.438192 0.009204 0.104277 0.104277
0 0.202685 0.329118 0.052757 0.052757
0 0.962340 0.457347 0.057104 0.057104
0 0.976290 0.381264 0.088662 0.088662