0 0.103320 0.151259 0.104277 0.104277
0 0.805495 0.463448 0.062220 0.062220
0 0.554487 0.766481 0.104277 0.104277
0 0.759569 0.522290 0.062220 0.062220
0 0.906143 0.499302 0.070161 0.070161
0 0.408229 0.169963 0.062220 0.062220
0 0.536863 0.490914 0.104278 0.104278
0 0.787350 0.926627 0.057104 0.057104
0 0.656256 0.162321 0.057104 0.057104
0 0.203584 0.305521 0.062220 0.062220
0 0.514665 0.998575 0.104277 0.104277
0 0.695544 0.470426 0.071945 0.071945
0 0.991850 0.529055 0.062220 0.062220
0 0.669964 0.239006 0.062220 0.062220
0 0.323426 0.931634 0.104277 0.104277
0 0.217003 0.545798 0.104277 0.104277
0 0.178009 0.440792 0.071945 0.071945
0 0.436959 0.528493 0.071945 0.071945
0 0.102270 0.378252 0.057104 0.057104
0 0.942880 0.438526 0.061130 0.061130
0 0.534062 0.862724 0.057104 0.057104
0 0.181261 0.953465 0.062220 0.062220
0 0.655765 0.321767 0.071945 0.071945
0 0.192926 0.843687 0.062220 0.062220
0 0.482632 0.811593 0.104277 0.104277
0 0.254571 0.989986 0.062220 0.062220
0 0.590069 0.260768 0.104277 0.104277
0 0.406310 0.336548 0.104277 0.104277
0 0.533531 0.373205 0.057104 0.057104
0 0.525614 0.236504 0.071945 0.071945
0 0.097472 0.984740 0.104278 0.104278
0 0.758279 0.843054 0.104277 0.104277
0 0.742477 0.192760 0.071945 0.071945
0 0.448993 0.680541 0.052757 0.052757
0 0.923441 0.662118 0.104277 0.104277
0 0.716054 0.663902 0.062220 0.062220
0 0.301804 0.606119 0.062220 0.062220
0 0.570379 0.927223 0.057104 0.057104
0 0.323905 0.245253 0.104277 0.104277
0 0.994777 0.308846 0.071945 0.071945
0 0.097724 0.746630 0.052757 0.052757
0 0.884232 0.369028 0.071945 0.071945
0 0.815671 0.643779 0.062220 0.062220
0 0.247262 0.722010 0.061130 0.061130
0 0.135042 0.277723 0.071945 0.071945
0 0.745874 0.304082 0.052757 0.052757
0 0.623196 0.566906 0.071945 0.071945
0 0.613862 0.802690 0.052757 0.052757
0 0.098630 0.640418 0.104277 0.104277
0 0.121295 0.484684 0.052757 0.052757
0 0.257021 0.383099 0.104277 0.104277
0 0.328125 0.332688 0.057104 0.057104
0 0.911302 0.894993 0.062220 0.062220
0 0.314673 0.690601 0.061130 0.061130
0 0.183847 0.669859 0.061130 0.061130
0 0.471882 0.938441 0.052757 0.052757
0 0.801471 0.359193 0.052757 0.052757
0 0.855154 0.188157 0.071945 0.071945
0 0.392787 0.630000 0.071945 0.071945
0 0.354701 0.409360 0.104277 0.104277
0 0.879088 0.269410 0.057104 0.057104
0 0.251214 0.480489 0.057104 0.057104
0 0.331774 0.802652 0.057104 0.057104
0 0.495598 0.312104 0.062220 0.062220
0 0.565626 0.142684 0.104277 0.104277
0 0.969117 0.771773 0.052757 0.052757
0 0.874084 0.571806 0.052757 0.052757
0 0.130229 0.813794 0.061130 0.061130
0 0.150877 0.579901 0.104278 0.104278
0 0.937858 0.156002 0.104277 0.104277
0 0.847168 0.797188 0.104277 0.104277
0 0.625686 0.877175 0.061130 0.061130
0 0.569537 0.697091 0.104277 0.104277
0 0.532238 0.567991 0.052757 0.052757
0 0.752737 0.601754 0.057104 0.057104
0 0.635122 0.726180 0.071945 0.071945
0 0.711266 0.366617 0.104277 0.104277
0 0.865685 0.952622 0.061130 0.061130
0 0.170380 0.367644 0.071945 0.071945
0 0.629259 0.488684 0.056505 0.056505
0 0.268278 0.850330 0.062220 0.062220
0 0.849351 0.710037 0.057104 0.057104
0 0.623556 0.419995 0.061130 0.061130
0 0.951890 0.964345 0.071945 0.071945
0 0.956457 0.370080 0.057103 0.057103
0 0.700073 0.751336 0.057104 0.057104
0 0.423110 0.443797 0.062220 0.062220
0 0.333661 0.149740 0.062220 0.062220
0 0.382150 0.979550 0.104277 0.104277
0 0.360373 0.564216 0.057104 0.057104
0 0.387552 0.859845 0.057104 0.057104
0 0.440386 0.231047 0.061130 0.061130
0 0.235041 0.238669 0.057104 0.057104
0 0.208603 0.149812 0.071945 0.071945
0 0.134683 0.898593 0.061130 0.061130