0 0.411095 0.292532 0.071945 0.071945
0 0.973634 0.799234 0.104277 0.104277
0 0.612639 0.903183 0.052757 0.052757
0 0.686216 0.260511 0.071945 0.071945
0 0.966594 0.000832 0.071945 0.071945
0 0.212708 0.137877 0.104277 0.104277
0 0.718344 0.375881 0.052757 0.052757
0 0.419779 0.662864 0.061130 0.061130
0 0.956627 0.483035 0.061131 0.061131
0 0.862504 0.599369 0.062220 0.062220
0 0.455493 0.048849 0.061130 0.061130
0 0.861771 0.173826 0.104277 0.104277
0 0.845860 0.769562 0.052757 0.052757
0 0.481906 0.770956 0.104277 0.104277
0 0.305843 0.559245 0.104277 0.104277
0 0.264704 0.680856 0.104277 0.104277
0 0.151220 0.722830 0.071945 0.071945
0 0.628437 0.010725 0.071945 0.071945
0 0.309244 0.311987 0.062220 0.062220
0 0.271868 0.057922 0.071945 0.071945
0 0.021469 0.063448 0.104277 0.104277
0 0.738659 0.622165 0.104277 0.104277
0 0.334597 0.484245 0.057104 0.057104
0 0.828767 0.336945 0.104277 0.104277
0 0.878117 0.879286 0.061130 0.061130
0 0.849674 0.950266 0.104277 0.104277
0 0.783906 0.528064 0.071945 0.071945
0 0.993964 0.420688 0.052757 0.052757
0 0.707145 0.129583 0.104277 0.104277
0 0.344721 0.838855 0.062220 0.062220
0 0.402944 0.466681 0.104277 0.104277
0 0.820158 0.680823 0.052757 0.052757
0 0.560606 0.763873 0.062220 0.062220
0 0.288297 0.407743 0.061130 0.061130
0 0.167602 0.449617 0.057104 0.057104
0 0.072577 0.209503 0.104277 0.104277
0 0.767627 0.068081 0.057104 0.057104
0 0.810594 0.241756 0.062220 0.062220
0 0.563336 0.368943 0.052757 0.052757
0 0.105118 0.556375 0.057104 0.057104
0 0.221094 0.586466 0.104277 0.104277
0 0.015183 0.912521 0.071945 0.071945
0 0.682079 0.756693 0.062220 0.062220
0 0.530553 0.555811 0.071945 0.071945
0 0.160531 0.795795 0.071945 0.071945
0 0.740557 0.470820 0.102474 0.102474
0 0.781446 0.827940 0.071945 0.071945
0 0.349741 0.134211 0.052757 0.052757
0 0.634893 0.462995 0.104277 0.104277
0 0.159765 0.056966 0.104277 0.104277
0 0.312399 0.000216 0.052757 0.052757
0 0.683296 0.927734 0.104277 0.104277
0 0.643717 0.196787 0.062220 0.062220
0 0.487404 0.272337 0.061131 0.061131
0 0.010230 0.142598 0.061130 0.061130
0 0.445797 0.200788 0.071945 0.071945
0 0.233998 0.319337 0.062220 0.062220
0 0.767943 0.924621 0.104277 0.104277
0 0.448943 0.523648 0.057104 0.057104
0 0.186639 0.660187 0.057104 0.057104
0 0.261665 0.477175 0.104277 0.104277
0 0.054799 0.703851 0.062220 0.062220
0 0.130326 0.170958 0.071945 0.071945
0 0.175618 0.912917 0.057104 0.057104
0 0.930239 0.229732 0.045227 0.045227
0 0.589547 0.829626 0.062220 0.062220
0 0.564627 0.278059 0.052757 0.052757
0 0.274173 0.237597 0.061130 0.061130
0 0.985904 0.133527 0.061130 0.061130
0 0.544298 0.928197 0.052757 0.052757
0 0.547736 0.485169 0.062220 0.062220
0 0.081187 0.831788 0.061130 0.061130
0 0.492159 0.664928 0.104277 0.104277
0 0.084711 0.426906 0.062220 0.062220
0 0.062056 0.280762 0.071945 0.071945
0 0.219610 0.746940 0.062220 0.062220
0 0.404154 0.892658 0.052757 0.052757
0 0.676141 0.854594 0.052757 0.052757
0 0.090765 0.935138 0.062220 0.062220
0 0.320252 0.628581 0.062220 0.062220
0 0.642253 0.091820 0.052757 0.052757
0 0.194465 0.517928 0.071945 0.071945
0 0.554300 0.143684 0.052757 0.052757
0 0.977493 0.700382 0.061131 0.061131
0 0.495776 0.840488 0.061131 0.061131
0 0.373837 0.210071 0.057104 0.057104
0 0.844310 0.077224 0.061131 0.061131
0 0.471101 0.590650 0.104277 0.104277
0 0.943065 0.576394 0.061131 0.061131
0 0.909319 0.727479 0.062221 0.062221
0 0.745217 0.727761 0.052757 0.052757
0 0.641322 0.370120 0.055027 0.055027
0 0.773514 0.170942 0.061131 0.061131
0 0.432013 0.399033 0.062220 0.062220
0 0.314539 0.923568 0.061130 0.061130
0 0.851351 0.474298 0.104277 0.104277
0 0.459757 0.941703 0.062220 0.062220
0 0.287380 0.165061 0.050559 0.050559
0 0.581602 0.663196 0.052757 0.052757
0 0.416519 0.107840 0.061130 0.061130
0 0.101782 0.639408 0.052757 0.052757
0 0.388003 0.555996 0.071945 0.071945
0 0.256532 0.827053 0.061131 0.061131
0 0.544590 0.022765 0.071945 0.071945
0 0.504052 0.411843 0.104277 0.104277
0 0.668062 0.556100 0.061130 0.061130
0 0.346553 0.756106 0.104277 0.104277
0 0.028557 0.634686 0.052757 0.052757
0 0.931433 0.090718 0.052757 0.052757
0 0.062229 0.500072 0.061130 0.061130
0 0.146435 0.294743 0.052757 0.052757
0 0.906090 0.422972 0.057104 0.057104
0 0.920040 0.346889 0.088662 0.088662