0 0.255958 0.441238 0.052757 0.052757
0 0.807886 0.180606 0.052757 0.052757
0 0.721604 0.837453 0.061130 0.061130
0 0.731572 0.601787 0.057104 0.057104
0 0.226434 0.925417 0.062220 0.062220
0 0.228877 0.102286 0.071945 0.071945
0 0.774582 0.914840 0.104277 0.104277
0 0.807431 0.388436 0.057104 0.057104
0 0.221793 0.511483 0.062220 0.062220
0 0.434463 0.582640 0.071945 0.071945
0 0.573068 0.687162 0.104277 0.104277
0 0.493499 0.756086 0.052757 0.052757
0 0.852240 0.071082 0.057104 0.057104
0 0.716454 0.756323 0.104277 0.104277
0 0.939171 0.067339 0.057104 0.057104
0 0.406067 0.750284 0.052757 0.052757
0 0.652409 0.838380 0.052757 0.052757
0 0.953652 0.715041 0.061130 0.061130
0 0.845005 0.613883 0.071945 0.071945
0 0.219421 0.604653 0.052757 0.052757
0 0.365014 0.312758 0.071945 0.071945
0 0.554838 0.495387 0.061130 0.061130
0 0.358080 0.242302 0.071945 0.071945
0 0.853753 0.337069 0.071945 0.071945
0 0.833909 0.782176 0.061130 0.061130
0 0.804578 0.698511 0.062220 0.062220
0 0.948348 0.549697 0.062220 0.062220
0 0.272880 0.846688 0.061130 0.061130
0 0.853947 0.944477 0.052757 0.052757
0 0.553869 0.139312 0.071945 0.071945
0 0.507706 0.645165 0.104277 0.104277
0 0.999321 0.280958 0.061130 0.061130
0 0.970395 0.209223 0.061130 0.061130
0 0.740928 0.022058 0.104277 0.104277
0 0.565038 0.221010 0.071945 0.071945
0 0.995017 0.403402 0.104277 0.104277
0 0.684325 0.172141 0.052757 0.052757
0 0.516289 0.303235 0.052757 0.052757
0 0.359925 0.642866 0.052757 0.052757
0 0.257294 0.363574 0.104278 0.104278
0 0.890900 0.144827 0.071945 0.071945
0 0.945228 0.791676 0.104277 0.104277
0 0.440066 0.175668 0.061130 0.061130
0 0.905874 0.645697 0.071945 0.071945
0 0.448016 0.496823 0.104277 0.104277
0 0.776777 0.103494 0.104277 0.104277
0 0.646940 0.709764 0.071945 0.071945
0 0.786812 0.553861 0.050932 0.050932
0 0.326598 0.045940 0.061130 0.061130
0 0.923548 0.374975 0.052757 0.052757
0 0.398923 0.407693 0.057104 0.057104
0 0.689685 0.321866 0.071945 0.071945
0 0.900445 0.282035 0.061130 0.061130
0 0.476047 0.246494 0.062220 0.062220
0 0.647269 0.608497 0.071945 0.071945
0 0.554906 0.371668 0.104277 0.104277
0 0.261661 0.171612 0.061130 0.061130
0 0.326129 0.730076 0.104277 0.104277
0 0.337235 0.984143 0.057104 0.057104
0 0.897349 0.442001 0.061130 0.061130
0 0.759714 0.285160 0.071945 0.071945
0 0.520237 0.972779 0.104277 0.104277
0 0.570380 0.817014 0.104277 0.104277
0 0.887201 0.001661 0.048997 0.048997
0 0.354003 0.472410 0.062220 0.062220
0 0.958004 0.926317 0.104277 0.104277
0 0.560886 0.593316 0.052757 0.052757
0 0.858141 0.538686 0.062220 0.062220
0 0.653896 0.516590 0.062220 0.062220
0 0.476053 0.891791 0.052757 0.052757
0 0.319693 0.123174 0.057104 0.057104
0 0.355282 0.806580 0.104277 0.104277
0 0.444942 0.964427 0.061130 0.061130
0 0.510747 0.068217 0.071945 0.071945
0 0.293787 0.568479 0.057104 0.057104
0 0.664560 0.096038 0.104277 0.104277
0 0.568285 0.907377 0.062220 0.062220
0 0.430686 0.061141 0.071945 0.071945
0 0.634795 0.942419 0.071945 0.071945
0 0.863902 0.866073 0.061130 0.061130
0 0.503664 0.426595 0.071945 0.071945
0 0.598749 0.431564 0.047555 0.047555
0 0.732849 0.456360 0.052757 0.052757
0 0.245389 0.749311 0.071945 0.071945
0 0.363266 0.555365 0.057103 0.057103
0 0.728569 0.674465 0.071945 0.071945
0 0.346977 0.877922 0.104277 0.104277
0 0.812799 0.464241 0.071945 0.071945
0 0.259931 0.259828 0.062220 0.062220