0 0.995471 0.976118 0.104277 0.104277
0 0.451285 0.752052 0.062220 0.062220
0 0.375842 0.979268 0.052757 0.052757
0 0.370112 0.216481 0.104277 0.104277
0 0.398170 0.626437 0.057103 0.057103
0 0.567223 0.873728 0.071945 0.071945
0 0.031770 0.599723 0.104277 0.104277
0 0.614471 0.936167 0.061130 0.061130
0 0.169516 0.672082 0.052757 0.052757
0 0.917593 0.676006 0.061131 0.061131
0 0.859805 0.996031 0.052757 0.052757
0 0.602975 0.376627 0.057104 0.057104
0 0.852719 0.597313 0.062220 0.062220
0 0.330290 0.448575 0.104277 0.104277
0 0.991682 0.040499 0.071945 0.071945
0 0.314332 0.890762 0.071945 0.071945
0 0.244087 0.883677 0.057104 0.057104
0 0.824603 0.281347 0.061131 0.061131
0 0.139051 0.381634 0.104277 0.104277
0 0.844046 0.042891 0.104277 0.104277
0 0.349687 0.312724 0.057104 0.057104
0 0.008551 0.293687 0.062220 0.062220
0 0.540740 0.531758 0.057104 0.057104
0 0.298257 0.261593 0.104277 0.104277
0 0.888015 0.177817 0.071945 0.071945
0 0.070196 0.439986 0.062220 0.062220
0 0.659329 0.813860 0.061130 0.061130
0 0.573904 0.293054 0.104277 0.104277
0 0.460763 0.574193 0.052757 0.052757
0 0.264618 0.130541 0.052757 0.052757
0 0.739066 0.112118 0.104277 0.104277
0 0.531679 0.113902 0.062220 0.062220
0 0.213938 0.597535 0.062220 0.062220
0 0.950098 0.426731 0.071945 0.071945
0 0.931466 0.878150 0.104277 0.104277
0 0.117429 0.056119 0.062220 0.062220
0 0.386004 0.377223 0.057104 0.057104
0 0.543158 0.626258 0.057104 0.057104
0 0.309303 0.791799 0.057104 0.057104
0 0.551019 0.793546 0.057104 0.057104
0 0.216658 0.968928 0.057104 0.057104
0 0.591548 0.455587 0.052757 0.052757
0 0.662739 0.524668 0.104277 0.104277
0 0.631296 0.093779 0.062220 0.062220
0 0.419585 0.907883 0.104277 0.104277
0 0.062887 0.172010 0.061130 0.061130
0 0.002203 0.737986 0.062220 0.062220
0 0.224142 0.801182 0.052757 0.052757
0 0.963906 0.561145 0.061131 0.061131
0 0.418843 0.813152 0.052757 0.052757
0 0.235754 0.732473 0.061130 0.061130
0 0.438821 0.016906 0.071945 0.071945
0 0.604207 0.726645 0.104277 0.104277
0 0.739516 0.609842 0.061130 0.061130
0 0.429487 0.252690 0.052757 0.052757
0 0.475429 0.464273 0.057104 0.057104
0 0.304708 0.647291 0.071945 0.071945
0 0.822002 0.507630 0.104277 0.104277
0 0.726927 0.344993 0.062220 0.062220
0 0.130298 0.140601 0.061130 0.061130
0 0.509595 0.975922 0.062220 0.062220
0 0.287507 0.388441 0.052757 0.052757
0 0.917914 0.106292 0.061131 0.061131
0 0.823927 0.915619 0.052757 0.052757
0 0.816694 0.685956 0.062220 0.062220
0 0.208412 0.080000 0.071945 0.071945
0 0.821758 0.143610 0.061131 0.061131
0 0.083869 0.509642 0.057104 0.057104
0 0.619871 0.600366 0.061130 0.061130
0 0.147399 0.252652 0.057104 0.057104
0 0.781459 0.749574 0.104278 0.104278
0 0.784742 0.221773 0.052757 0.052757
0 0.864376 0.416594 0.061131 0.061131
0 0.161905 0.760618 0.061130 0.061130
0 0.689709 0.021806 0.052757 0.052757
0 0.128517 0.597804 0.062220 0.062220
0 0.306335 0.996414 0.057104 0.057104
0 0.108531 0.938588 0.104277 0.104277
0 0.838477 0.815485 0.062220 0.062220
0 0.717034 0.930061 0.057104 0.057104
0 0.662793 0.247188 0.104277 0.104277
0 0.441311 0.327175 0.061130 0.061130
0 0.385162 0.147091 0.104277 0.104277
0 0.347863 0.017991 0.052757 0.052757
0 0.870397 0.747856 0.071945 0.071945
0 0.151922 0.519869 0.057104 0.057104
0 0.783977 0.984417 0.062220 0.062220
0 0.568362 0.051754 0.057104 0.057104
0 0.007455 0.885180 0.104277 0.104277
0 0.450747 0.176180 0.071945 0.071945
0 0.010290 0.527218 0.052757 0.052757
0 0.681310 0.402622 0.061130 0.061130
0 0.517620 0.710968 0.057104 0.057104
0 0.716036 0.707654 0.104277 0.104277
0 0.392378 0.701317 0.104277 0.104277
0 0.953680 0.229436 0.104277 0.104277
0 0.910598 0.804782 0.052757 0.052757
0 0.722069 0.475535 0.061130 0.061130
0 0.083903 0.300330 0.062220 0.062220
0 0.899050 0.517556 0.071945 0.071945
0 0.664976 0.160037 0.057104 0.057104
0 0.416505 0.506394 0.062220 0.062220
0 0.767515 0.414345 0.071945 0.071945
0 0.045837 0.675190 0.071945 0.071945
0 0.515698 0.201336 0.057104 0.057104
0 0.114687 0.862125 0.061130 0.061130
0 0.197775 0.429550 0.104277 0.104277
0 0.175998 0.014216 0.057104 0.057104
0 0.316316 0.565249 0.052757 0.052757
0 0.203177 0.309845 0.057104 0.057104
0 0.498752 0.898030 0.057104 0.057104
0 0.263567 0.490706 0.062220 0.062220
0 0.907579 0.288573 0.052757 0.052757
0 0.082709 0.798315 0.062220 0.062220
0 0.999407 0.691165 0.061131 0.061131