0 0.832432 0.644536 0.104277 0.104277
0 0.864912 0.985805 0.061131 0.061131
0 0.573596 0.972993 0.104277 0.104277
0 0.935989 0.255394 0.062220 0.062220
0 0.029410 0.748927 0.062220 0.062220
0 0.985564 0.518821 0.057104 0.057104
0 0.913724 0.370304 0.104277 0.104277
0 0.896027 0.722200 0.104277 0.104277
0 0.701668 0.908964 0.052757 0.052757
0 0.898918 0.560780 0.061131 0.061131
0 0.908726 0.184687 0.052757 0.052757
0 0.145348 0.870603 0.071945 0.071945
0 0.782134 0.484313 0.071945 0.071945
0 0.192596 0.933042 0.061130 0.061130
0 0.964745 0.963445 0.104277 0.104277
0 0.999143 0.384592 0.062220 0.062220
0 0.835022 0.779855 0.062220 0.062220
0 0.672848 0.846403 0.057104 0.057104
0 0.669695 0.685578 0.052757 0.052757
0 0.780849 0.823841 0.061130 0.061130
0 0.495718 0.672881 0.061131 0.061131
0 0.437930 0.992906 0.052757 0.052757
0 0.181100 0.373502 0.057104 0.057104
0 0.990712 0.696650 0.061130 0.061130
0 0.430844 0.594188 0.062220 0.062220
0 0.723778 0.780864 0.061131 0.061131
0 0.773005 0.714317 0.057104 0.057104
0 0.569807 0.037374 0.071945 0.071945
0 0.839919 0.308122 0.071945 0.071945
0 0.402728 0.278222 0.061131 0.061131
0 0.690368 0.189273 0.061130 0.061130
0 0.715381 0.308148 0.104277 0.104277
0 0.422171 0.039766 0.104277 0.104277
0 0.118865 0.528633 0.057104 0.057104
0 0.466140 0.174692 0.071945 0.071945
0 0.839297 0.439825 0.104277 0.104277
0 0.237454 0.810735 0.061130 0.061130
0 0.996499 0.771525 0.061130 0.061130
0 0.152029 0.289929 0.104277 0.104277
0 0.038888 0.571068 0.052757 0.052757
0 0.317191 0.108993 0.104277 0.104277
0 0.109804 0.110777 0.062220 0.062220
0 0.528223 0.423606 0.071945 0.071945
0 0.509591 0.875025 0.104277 0.104277
0 0.121283 0.623133 0.057104 0.057104
0 0.129144 0.790421 0.057104 0.057104
0 0.169673 0.452462 0.052757 0.052757
0 0.240864 0.521543 0.104277 0.104277
0 0.209421 0.090654 0.062220 0.062220
0 0.542031 0.558020 0.061131 0.061131
0 0.016946 0.013781 0.071945 0.071945
0 0.182332 0.723520 0.104277 0.104277
0 0.317641 0.606717 0.061130 0.061130
0 0.007612 0.249565 0.052757 0.052757
0 0.053554 0.461148 0.057104 0.057104
0 0.400127 0.504505 0.104277 0.104277
0 0.935890 0.045967 0.062220 0.062220
0 0.899465 0.107534 0.062220 0.062220
0 0.613008 0.388965 0.062220 0.062220
0 0.305052 0.341868 0.062220 0.062220
0 0.631570 0.628399 0.057104 0.057104
0 0.087720 0.972797 0.062220 0.062220
0 0.496039 0.103167 0.061131 0.061131
0 0.792173 0.929366 0.071945 0.071945
0 0.402052 0.912494 0.052757 0.052757
0 0.394819 0.682831 0.062220 0.062220
0 0.399883 0.140485 0.061131 0.061131
0 0.755056 0.587023 0.071945 0.071945
0 0.197996 0.597241 0.061130 0.061130
0 0.359584 0.746449 0.104278 0.104278
0 0.362867 0.218648 0.052757 0.052757
0 0.442501 0.413469 0.061131 0.061131
0 0.861617 0.034681 0.052757 0.052757
0 0.660055 0.111011 0.057104 0.057104
0 0.267834 0.018681 0.052757 0.052757
0 0.609727 0.810620 0.062220 0.062220
0 0.911138 0.459573 0.052757 0.052757
0 0.416602 0.812360 0.062220 0.062220
0 0.295159 0.926936 0.057104 0.057104
0 0.240918 0.244063 0.104277 0.104277
0 0.019436 0.324050 0.061130 0.061130
0 0.661188 0.561447 0.052757 0.052757
0 0.448522 0.744731 0.071945 0.071945
0 0.362102 0.981292 0.062220 0.062220
0 0.797899 0.125587 0.071945 0.071945
0 0.146487 0.048629 0.057104 0.057104
0 0.699861 0.040158 0.062220 0.062220
0 0.028872 0.173055 0.071945 0.071945
0 0.692153 0.404604 0.057104 0.057104
0 0.935133 0.893027 0.057104 0.057104
0 0.259435 0.399497 0.061130 0.061130
0 0.095745 0.707843 0.057104 0.057104
0 0.294161 0.704529 0.104277 0.104277
0 0.625956 0.478290 0.057104 0.057104
0 0.531805 0.226311 0.104277 0.104277
0 0.488723 0.801657 0.052757 0.052757
0 0.300194 0.472410 0.061130 0.061130
0 0.598147 0.295748 0.052757 0.052757
0 0.477175 0.514431 0.071945 0.071945
0 0.766817 0.063750 0.104277 0.104277
0 0.605302 0.161292 0.071945 0.071945
0 0.926538 0.819328 0.104277 0.104277
0 0.243101 0.156912 0.057104 0.057104
0 0.345640 0.411220 0.071945 0.071945
0 0.093823 0.198211 0.057104 0.057104
0 0.822058 0.224492 0.104277 0.104277
0 0.995871 0.846923 0.104277 0.104277
0 0.076877 0.894905 0.057104 0.057104
0 0.485704 0.285448 0.052757 0.052757
0 0.780139 0.402602 0.062220 0.062220
0 0.577532 0.688040 0.061131 0.061131