0 0.624755 0.231742 0.071945 0.071945
0 0.419932 0.735161 0.104277 0.104277
0 0.610034 0.699689 0.104277 0.104277
0 0.654223 0.895937 0.057104 0.057104
0 0.523489 0.346019 0.062220 0.062220
0 0.656467 0.343966 0.057104 0.057104
0 0.746608 0.857816 0.104277 0.104277
0 0.689278 0.269274 0.052757 0.052757
0 0.573064 0.609446 0.057104 0.057104
0 0.501224 0.460929 0.104277 0.104277
0 0.483527 0.812825 0.104277 0.104277
0 0.289168 0.999589 0.052757 0.052757
0 0.486418 0.651405 0.061131 0.061131
0 0.496226 0.275312 0.052757 0.052757
0 0.369634 0.574938 0.071945 0.071945
0 0.586643 0.475217 0.062220 0.062220
0 0.422522 0.870480 0.062220 0.062220
0 0.260348 0.937028 0.057104 0.057104
0 0.257195 0.776203 0.052757 0.052757
0 0.368349 0.914466 0.061130 0.061130
0 0.644800 0.596468 0.071945 0.071945
0 0.726597 0.367009 0.071945 0.071945
0 0.083218 0.763506 0.061131 0.061131
0 0.588385 0.295622 0.071945 0.071945
0 0.672487 0.973284 0.071945 0.071945
0 0.578212 0.787275 0.061130 0.061130
0 0.018344 0.684813 0.062220 0.062220
0 0.756898 0.130358 0.061131 0.061131
0 0.311278 0.871489 0.061131 0.061131
0 0.360505 0.804942 0.057104 0.057104
0 0.775532 0.305222 0.071945 0.071945
0 0.157307 0.127999 0.071945 0.071945
0 0.438706 0.035375 0.061130 0.061130
0 0.427419 0.398747 0.071945 0.071945
0 0.277868 0.279898 0.061130 0.061130
0 0.788098 0.228585 0.071945 0.071945
0 0.302881 0.398773 0.104277 0.104277
0 0.009671 0.130391 0.104277 0.104277
0 0.770910 0.726852 0.057104 0.057104
0 0.053640 0.265317 0.071945 0.071945
0 0.426797 0.530450 0.104277 0.104277
0 0.718885 0.474150 0.104278 0.104278
0 0.583999 0.862150 0.061130 0.061130
0 0.668236 0.043654 0.057104 0.057104
0 0.115723 0.514231 0.071945 0.071945
0 0.097091 0.965650 0.104277 0.104277
0 0.129531 0.648645 0.061131 0.061131
0 0.523390 0.136592 0.062220 0.062220
0 0.486965 0.198159 0.062220 0.062220
0 0.038975 0.009854 0.062220 0.062220
0 0.200508 0.479590 0.062220 0.062220
0 0.723242 0.780854 0.052757 0.052757
0 0.219070 0.719024 0.057104 0.057104
0 0.083539 0.193792 0.061131 0.061131
0 0.255924 0.005314 0.071945 0.071945
0 0.342556 0.677648 0.071945 0.071945
0 0.770604 0.005652 0.061131 0.061131
0 0.030001 0.504094 0.061131 0.061131
0 0.449117 0.125306 0.052757 0.052757
0 0.247555 0.201636 0.057104 0.057104
0 0.197227 0.901245 0.062220 0.062220
0 0.102480 0.042969 0.071945 0.071945
0 0.760328 0.556192 0.057104 0.057104
0 0.641268 0.526312 0.057104 0.057104
0 0.365466 0.018844 0.052757 0.052757
0 0.498638 0.550198 0.052757 0.052757
0 0.004102 0.902985 0.062220 0.062220
0 0.248688 0.652072 0.052757 0.052757
0 0.036022 0.835356 0.071945 0.071945
0 0.768046 0.951423 0.104277 0.104277
0 0.385399 0.216212 0.071945 0.071945
0 0.287361 0.130783 0.062220 0.062220
0 0.279653 0.495229 0.057104 0.057104
0 0.522633 0.983652 0.057104 0.057104
0 0.661490 0.162571 0.062220 0.062220
0 0.213456 0.568915 0.057104 0.057104
0 0.119305 0.316936 0.104277 0.104277
0 0.076223 0.892282 0.052757 0.052757
0 0.185647 0.386373 0.052757 0.052757
0 0.064675 0.605056 0.071945 0.071945
0 0.354317 0.154375 0.104277 0.104277
0 0.192802 0.251917 0.071945 0.071945
0 0.514038 0.909953 0.104277 0.104277
0 0.206775 0.061931 0.104277 0.104277
0 0.741030 0.659657 0.061130 0.061130
0 0.565742 0.006020 0.071945 0.071945
0 0.721619 0.196799 0.104278 0.104278
0 0.409558 0.315117 0.104277 0.104277
0 0.583371 0.937548 0.104277 0.104277
0 0.073204 0.376073 0.052757 0.052757
0 0.367639 0.493227 0.062220 0.062220
0 0.165032 0.778665 0.061131 0.061131