0 0.938682 0.825786 0.104277 0.104277
0 0.135660 0.930177 0.062220 0.062220
0 0.305495 0.091573 0.062220 0.062220
0 0.054487 0.394606 0.104277 0.104277
0 0.082545 0.804562 0.057103 0.057103
0 0.888384 0.665563 0.071945 0.071945
0 0.941272 0.961105 0.062220 0.062220
0 0.775945 0.866828 0.052757 0.052757
0 0.259569 0.150415 0.062220 0.062220
0 0.601968 0.854131 0.061131 0.061131
0 0.406143 0.127427 0.070161 0.070161
0 0.036863 0.119039 0.104278 0.104278
0 0.287350 0.554752 0.057104 0.057104
0 0.537094 0.775438 0.062220 0.062220
0 0.830028 0.962114 0.061131 0.061131
0 0.014665 0.626700 0.104277 0.104277
0 0.879255 0.895567 0.057104 0.057104
0 0.676057 0.218624 0.071945 0.071945
0 0.957456 0.126000 0.061130 0.061130
0 0.195544 0.098551 0.071945 0.071945
0 0.491850 0.157180 0.062220 0.062220
0 0.946169 0.489372 0.071945 0.071945
0 0.508978 0.459472 0.061131 0.061131
0 0.796618 0.370523 0.061130 0.061130
0 0.821631 0.489398 0.104277 0.104277
0 0.528421 0.221016 0.104277 0.104277
0 0.442880 0.066651 0.061130 0.061130
0 0.034062 0.490849 0.057104 0.057104
0 0.225115 0.709883 0.057104 0.057104
0 0.572390 0.355942 0.071945 0.071945
0 0.945547 0.621075 0.104277 0.104277
0 0.343704 0.991985 0.061130 0.061130
0 0.033531 0.001330 0.057104 0.057104
0 0.830001 0.042844 0.061130 0.061130
0 0.258279 0.471179 0.104277 0.104277
0 0.926555 0.021945 0.057104 0.057104
0 0.145138 0.752318 0.052757 0.052757
0 0.423441 0.290243 0.104277 0.104277
0 0.524305 0.034840 0.057104 0.057104
0 0.216054 0.292027 0.062220 0.062220
0 0.634473 0.604856 0.071945 0.071945
0 0.070379 0.555348 0.057104 0.057104
0 0.227533 0.804383 0.057104 0.057104
0 0.235394 0.971671 0.057104 0.057104
0 0.275923 0.633712 0.052757 0.052757
0 0.347114 0.702793 0.104277 0.104277
0 0.315671 0.271904 0.062220 0.062220
0 0.648281 0.739270 0.061131 0.061131
0 0.103218 0.991277 0.052757 0.052757
0 0.123196 0.195031 0.071945 0.071945
0 0.288582 0.904770 0.104277 0.104277
0 0.423891 0.787967 0.061130 0.061130
0 0.113862 0.430815 0.052757 0.052757
0 0.159804 0.642398 0.057104 0.057104
0 0.506377 0.685755 0.104277 0.104277
0 0.557725 0.100479 0.062220 0.062220
0 0.719258 0.570215 0.062220 0.062220
0 0.411302 0.523118 0.062220 0.062220
0 0.737820 0.809649 0.057104 0.057104
0 0.602289 0.284417 0.061131 0.061131
0 0.501069 0.864081 0.062220 0.062220
0 0.506133 0.321735 0.061131 0.061131
0 0.774674 0.095939 0.071945 0.071945
0 0.861306 0.768273 0.071945 0.071945
0 0.304246 0.778491 0.061130 0.061130
0 0.465834 0.927699 0.104278 0.104278
0 0.469117 0.399898 0.052757 0.052757
0 0.548751 0.594719 0.061131 0.061131
0 0.967867 0.215931 0.052757 0.052757
0 0.766305 0.292261 0.057104 0.057104
0 0.374084 0.199931 0.052757 0.052757
0 0.715977 0.991870 0.062220 0.062220
0 0.621230 0.133594 0.071945 0.071945
0 0.884216 0.109469 0.052757 0.052757
0 0.522852 0.993610 0.062220 0.062220
0 0.347168 0.425313 0.104277 0.104277
0 0.125686 0.505300 0.061130 0.061130
0 0.069537 0.325216 0.104277 0.104277
0 0.032238 0.196116 0.052757 0.052757
0 0.767438 0.742697 0.052757 0.052757
0 0.554772 0.925981 0.071945 0.071945
0 0.904149 0.306837 0.071945 0.071945
0 0.252737 0.229879 0.057104 0.057104
0 0.806111 0.221408 0.062220 0.062220
0 0.135122 0.354305 0.071945 0.071945
0 0.798403 0.585854 0.057104 0.057104
0 0.365685 0.580747 0.061130 0.061130
0 0.201995 0.889093 0.057104 0.057104
0 0.632810 0.056644 0.071945 0.071945
0 0.400411 0.885779 0.104277 0.104277
0 0.129259 0.116809 0.056505 0.056505
0 0.076753 0.879442 0.104277 0.104277
0 0.732206 0.659540 0.057104 0.057104
0 0.638055 0.407561 0.104277 0.104277
0 0.594973 0.982907 0.052757 0.052757
0 0.406444 0.653660 0.061130 0.061130
0 0.704397 0.476998 0.052757 0.052757
0 0.583425 0.695681 0.071945 0.071945
0 0.873067 0.245000 0.104277 0.104277
0 0.711552 0.342542 0.071945 0.071945
0 0.725525 0.152556 0.104277 0.104277
0 0.349351 0.338162 0.057104 0.057104
0 0.123556 0.048120 0.061130 0.061130
0 0.100880 0.684519 0.062220 0.062220
0 0.451890 0.592470 0.071945 0.071945
0 0.200073 0.379461 0.057104 0.057104
0 0.000691 0.743374 0.052757 0.052757
0 0.928308 0.405742 0.104277 0.104277
0 0.985085 0.060435 0.052757 0.052757
0 0.591954 0.466698 0.052757 0.052757
0 0.886389 0.583852 0.062220 0.062220
0 0.683782 0.869290 0.061131 0.061131