0 0.350802 0.072630 0.104278 0.104278
0 0.115457 0.947580 0.062220 0.062220
0 0.604845 0.664407 0.071945 0.071945
0 0.879966 0.632386 0.071945 0.071945
0 0.406458 0.509752 0.104277 0.104277
0 0.912094 0.747756 0.052757 0.052757
0 0.468946 0.233978 0.052757 0.052757
0 0.649243 0.420724 0.061130 0.061130
0 0.141437 0.590946 0.052757 0.052757
0 0.153129 0.677495 0.104277 0.104277
0 0.499593 0.931120 0.104277 0.104277
0 0.368240 0.183435 0.052757 0.052757
0 0.822187 0.382600 0.071945 0.071945
0 0.389311 0.354662 0.052757 0.052757
0 0.502994 0.683862 0.062220 0.062220
0 0.132862 0.503525 0.104277 0.104277
0 0.465618 0.429797 0.071945 0.071945
0 0.215219 0.435323 0.104277 0.104277
0 0.932409 0.994040 0.104277 0.104277
0 0.139386 0.404383 0.061130 0.061130
0 0.528347 0.856120 0.057104 0.057104
0 0.977656 0.899939 0.071945 0.071945
0 0.046457 0.302340 0.104277 0.104277
0 0.601034 0.255354 0.104277 0.104277
0 0.900895 0.501458 0.104277 0.104277
0 0.596694 0.838556 0.104277 0.104277
0 0.482047 0.779618 0.061130 0.061130
0 0.361352 0.821492 0.057104 0.057104
0 0.266327 0.581378 0.104277 0.104277
0 0.022880 0.720982 0.061130 0.061130
0 0.103724 0.846440 0.062220 0.062220
0 0.961377 0.439956 0.057104 0.057104
0 0.757086 0.740818 0.052757 0.052757
0 0.904094 0.371740 0.062220 0.062220
0 0.298868 0.928250 0.057104 0.057104
0 0.414844 0.958341 0.104277 0.104277
0 0.145613 0.754650 0.057104 0.057104
0 0.784169 0.036897 0.104277 0.104277
0 0.724303 0.927686 0.071945 0.071945
0 0.061809 0.542305 0.052757 0.052757
0 0.934307 0.842695 0.102474 0.102474
0 0.543491 0.506086 0.052757 0.052757
0 0.828643 0.834870 0.104277 0.104277
0 0.182159 0.890093 0.057104 0.057104
0 0.353515 0.428841 0.104277 0.104277
0 0.300812 0.290487 0.057104 0.057104
0 0.506149 0.372091 0.052757 0.052757
0 0.700624 0.123526 0.054783 0.054783
0 0.837467 0.568662 0.062220 0.062220
0 0.681154 0.644212 0.061131 0.061131
0 0.868176 0.057438 0.057103 0.057103
0 0.203980 0.514473 0.061130 0.061130
0 0.639547 0.572663 0.071945 0.071945
0 0.668726 0.235692 0.071945 0.071945
0 0.427748 0.691212 0.062220 0.062220
0 0.668986 0.306516 0.061130 0.061130
0 0.225527 0.102541 0.061130 0.061130
0 0.642693 0.895523 0.057104 0.057104
0 0.116880 0.001383 0.071945 0.071945
0 0.283529 0.217079 0.052757 0.052757
0 0.962482 0.124259 0.061131 0.061131
0 0.549006 0.132194 0.057104 0.057104
0 0.455415 0.849050 0.104277 0.104277
0 0.324076 0.542833 0.071945 0.071945
0 0.105784 0.169676 0.061130 0.061130
0 0.076453 0.086011 0.062220 0.062220
0 0.758377 0.649934 0.052757 0.052757
0 0.467923 0.609472 0.061130 0.061130
0 0.563201 0.010320 0.052757 0.052757
0 0.125822 0.331977 0.052757 0.052757
0 0.275996 0.368262 0.057104 0.057104
0 0.741486 0.857044 0.062220 0.062220
0 0.278461 0.798781 0.062220 0.062220
0 0.255806 0.652637 0.071945 0.071945
0 0.793139 0.224184 0.052757 0.052757
0 0.474344 0.044736 0.062220 0.062220
0 0.480816 0.303401 0.104277 0.104277
0 0.836003 0.463695 0.052757 0.052757
0 0.388215 0.889803 0.071945 0.071945
0 0.217103 0.179176 0.104277 0.104277
0 0.748050 0.515559 0.052757 0.052757
0 0.177749 0.033197 0.071945 0.071945
0 0.567587 0.581946 0.057104 0.057104
0 0.420647 0.100825 0.104277 0.104277
0 0.943697 0.313362 0.057104 0.057104
0 0.664851 0.962525 0.104277 0.104277
0 0.962732 0.047863 0.071945 0.071945
0 0.776984 0.110275 0.104277 0.104277
0 0.835072 0.741995 0.055027 0.055027
0 0.967264 0.542817 0.061131 0.061131
0 0.625763 0.770908 0.062220 0.062220
0 0.481130 0.536936 0.050559 0.050559
0 0.610269 0.479715 0.061130 0.061130
0 0.739540 0.300087 0.071945 0.071945
0 0.841527 0.154473 0.057104 0.057104
0 0.881573 0.211611 0.104277 0.104277
0 0.581753 0.927871 0.071945 0.071945
0 0.382772 0.272492 0.061131 0.061131
0 0.229879 0.313817 0.104277 0.104277
0 0.738340 0.394640 0.071945 0.071945
0 0.697802 0.783718 0.104277 0.104277
0 0.687065 0.055572 0.052757 0.052757
0 0.614502 0.089799 0.104277 0.104277
0 0.861812 0.927975 0.061130 0.061130
0 0.304784 0.142544 0.071945 0.071945
0 0.135777 0.253573 0.061130 0.061130
0 0.544985 0.208764 0.071945 0.071945
0 0.255979 0.871947 0.061130 0.061130
0 0.036292 0.441023 0.104277 0.104277
0 0.851249 0.303215 0.104277 0.104277
0 0.575692 0.346704 0.104277 0.104277
0 0.340185 0.666618 0.052757 0.052757
0 0.000444 0.061965 0.071945 0.071945
0 0.075576 0.611283 0.104277 0.104277