0 0.270470 0.114407 0.071945 0.071945
0 0.833009 0.621109 0.104277 0.104277
0 0.472014 0.725058 0.052757 0.052757
0 0.545591 0.082386 0.071945 0.071945
0 0.577719 0.197756 0.052757 0.052757
0 0.279154 0.484739 0.061130 0.061130
0 0.816002 0.304910 0.061131 0.061131
0 0.721879 0.421244 0.062220 0.062220
0 0.705235 0.591437 0.052757 0.052757
0 0.341281 0.592831 0.104277 0.104277
0 0.863057 0.713562 0.052757 0.052757
0 0.165218 0.381120 0.104277 0.104277
0 0.124079 0.502731 0.104277 0.104277
0 0.010595 0.544705 0.071945 0.071945
0 0.168619 0.133862 0.062220 0.062220
0 0.598034 0.444040 0.104277 0.104277
0 0.193972 0.306120 0.057104 0.057104
0 0.688142 0.158820 0.104277 0.104277
0 0.737492 0.701161 0.061130 0.061130
0 0.709049 0.772141 0.104277 0.104277
0 0.643281 0.349939 0.071945 0.071945
0 0.853339 0.242563 0.052757 0.052757
0 0.204096 0.660730 0.062220 0.062220
0 0.262319 0.288556 0.104277 0.104277
0 0.679533 0.502698 0.052757 0.052757
0 0.419981 0.585748 0.062220 0.062220
0 0.147672 0.229618 0.061130 0.061130
0 0.026977 0.271492 0.057104 0.057104
0 0.669969 0.063631 0.062220 0.062220
0 0.422711 0.190818 0.052757 0.052757
0 0.080469 0.408341 0.104277 0.104277
0 0.541454 0.578568 0.062220 0.062220
0 0.389928 0.377686 0.071945 0.071945
0 0.019906 0.617670 0.071945 0.071945
0 0.599932 0.292695 0.102474 0.102474
0 0.640821 0.649815 0.071945 0.071945
0 0.494268 0.284870 0.104277 0.104277
0 0.542671 0.749609 0.104277 0.104277
0 0.503092 0.018662 0.062220 0.062220
0 0.346779 0.094212 0.061131 0.061131
0 0.305172 0.022663 0.071945 0.071945
0 0.093373 0.141212 0.062220 0.062220
0 0.627318 0.746496 0.104277 0.104277
0 0.308318 0.345523 0.057104 0.057104
0 0.046014 0.482062 0.057104 0.057104
0 0.121040 0.299050 0.104277 0.104277
0 0.034993 0.734792 0.057104 0.057104
0 0.789614 0.051607 0.045227 0.045227
0 0.448922 0.651501 0.062220 0.062220
0 0.424002 0.099934 0.052757 0.052757
0 0.133548 0.059472 0.061130 0.061130
0 0.403673 0.750072 0.052757 0.052757
0 0.407111 0.307044 0.062220 0.062220
0 0.351534 0.486803 0.104277 0.104277
0 0.078985 0.568815 0.062220 0.062220
0 0.263529 0.714533 0.052757 0.052757
0 0.535516 0.676469 0.052757 0.052757
0 0.179627 0.450456 0.062220 0.062220
0 0.053840 0.339803 0.071945 0.071945
0 0.836868 0.522257 0.061131 0.061131
0 0.355151 0.662363 0.061131 0.061131
0 0.233212 0.031946 0.057104 0.057104
0 0.330476 0.412525 0.104277 0.104277
0 0.802440 0.398269 0.061131 0.061131
0 0.768694 0.549354 0.062221 0.062221
0 0.604592 0.549636 0.052757 0.052757
0 0.500697 0.191995 0.055027 0.055027
0 0.291388 0.220908 0.062220 0.062220
0 0.173914 0.745443 0.061130 0.061130
0 0.710726 0.296173 0.104277 0.104277
0 0.319132 0.763578 0.062220 0.062220
0 0.440977 0.485071 0.052757 0.052757
0 0.247378 0.377871 0.071945 0.071945
0 0.115907 0.648928 0.061131 0.061131
0 0.363427 0.233718 0.104277 0.104277
0 0.527437 0.377975 0.061130 0.061130
0 0.205928 0.577981 0.104277 0.104277
0 0.005810 0.116618 0.052757 0.052757
0 0.765465 0.244847 0.057104 0.057104
0 0.779415 0.168764 0.088662 0.088662