0 0.243967 0.355727 0.104277 0.104277
0 0.200419 0.143736 0.061130 0.061130
0 0.603364 0.105445 0.052757 0.052757
0 0.133512 0.004065 0.104277 0.104277
0 0.394257 0.353403 0.062220 0.062220
0 0.425904 0.105485 0.104277 0.104277
0 0.101190 0.105634 0.052757 0.052757
0 0.725969 0.863332 0.071945 0.071945
0 0.034571 0.724603 0.052757 0.052757
0 0.503768 0.152010 0.071945 0.071945
0 0.214868 0.911349 0.061130 0.061130
0 0.757515 0.343878 0.047276 0.047276
0 0.647869 0.650479 0.062220 0.062220
0 0.387812 0.873225 0.071945 0.071945
0 0.238091 0.270542 0.057104 0.057104
0 0.031243 0.920422 0.071945 0.071945
0 0.273953 0.457178 0.051819 0.051819
0 0.748754 0.085511 0.071945 0.071945
0 0.178097 0.070273 0.061131 0.061131
0 0.454101 0.400891 0.052757 0.052757
0 0.166659 0.745979 0.104277 0.104277
0 0.466520 0.992083 0.104277 0.104277
0 0.584299 0.803276 0.071945 0.071945
0 0.515377 0.349406 0.057103 0.057103
0 0.262313 0.030768 0.052757 0.052757
0 0.589046 0.734830 0.062220 0.062220
0 0.527002 0.930581 0.057104 0.057104
0 0.469719 0.862365 0.062220 0.062220
0 0.430993 0.188739 0.036679 0.036679
0 0.550031 0.466746 0.104277 0.104277
0 0.264755 0.119350 0.057104 0.057104
0 0.349794 0.527522 0.104277 0.104277
0 0.655368 0.835058 0.061130 0.061130
0 0.344931 0.454229 0.071945 0.071945
0 0.741523 0.449803 0.071945 0.071945
0 0.109116 0.996711 0.052757 0.052757
0 0.051402 0.466938 0.052757 0.052757
0 0.480271 0.007419 0.104277 0.104277
0 0.647362 0.481614 0.061131 0.061131
0 0.071774 0.862716 0.052757 0.052757
0 0.763401 0.232876 0.057104 0.057104
0 0.266249 0.614151 0.054783 0.054783
0 0.571176 0.174894 0.062220 0.062220
0 0.433801 0.548063 0.057103 0.057103
0 0.234351 0.726317 0.071945 0.071945
0 0.234611 0.797141 0.061130 0.061130
0 0.017475 0.387569 0.071945 0.071945
0 0.528107 0.614884 0.061131 0.061131
0 0.114631 0.622819 0.057104 0.057104
0 0.479285 0.482765 0.061131 0.061131
0 0.070742 0.038432 0.057104 0.057104
0 0.744856 0.575307 0.071945 0.071945
0 0.750238 0.713832 0.104278 0.104278
0 0.679839 0.335745 0.062220 0.062220
0 0.505958 0.079742 0.061130 0.061130
0 0.128826 0.500945 0.052757 0.052757
0 0.745279 0.996027 0.061130 0.061130
0 0.377294 0.043610 0.062220 0.062220
0 0.149980 0.311491 0.071945 0.071945
0 0.681443 0.548410 0.104278 0.104278
0 0.358764 0.714809 0.052757 0.052757
0 0.654423 0.190818 0.104277 0.104277
0 0.039969 0.535361 0.062220 0.062220
0 0.604796 0.587989 0.062220 0.062220
0 0.037136 0.262155 0.104277 0.104277
0 0.016041 0.149465 0.052757 0.052757
0 0.046441 0.794026 0.104277 0.104277
0 0.401628 0.954320 0.052757 0.052757
0 0.322957 0.189153 0.062220 0.062220
0 0.465168 0.271849 0.104277 0.104277
0 0.141105 0.395407 0.057104 0.057104
0 0.603685 0.939724 0.061131 0.061131
0 0.509322 0.803987 0.057104 0.057104
0 0.528357 0.538488 0.071945 0.071945
0 0.378620 0.237071 0.071945 0.071945
0 0.096974 0.218215 0.052757 0.052757
0 0.342609 0.600900 0.104277 0.104277
0 0.519515 0.227218 0.061131 0.061131
0 0.651790 0.014948 0.071945 0.071945
0 0.175894 0.970340 0.061130 0.061130
0 0.305165 0.790712 0.071945 0.071945
0 0.407152 0.645098 0.057104 0.057104
0 0.447198 0.702236 0.104277 0.104277
0 0.303965 0.885265 0.071945 0.071945
0 0.252690 0.546197 0.052757 0.052757
0 0.180127 0.580424 0.104277 0.104277
0 0.690808 0.953218 0.052757 0.052757
0 0.612183 0.264215 0.071945 0.071945
0 0.110610 0.699389 0.071945 0.071945
0 0.416874 0.793840 0.104277 0.104277
0 0.141317 0.837329 0.104277 0.104277
0 0.693083 0.759385 0.061131 0.061131
0 0.315576 0.316970 0.057104 0.057104
0 0.585327 0.399701 0.061131 0.061131