0 0.850802 0.866380 0.104278 0.104278
0 0.027833 0.622488 0.052757 0.052757
0 0.579761 0.361856 0.052757 0.052757
0 0.868240 0.977185 0.052757 0.052757
0 0.943659 0.251699 0.062220 0.062220
0 0.503447 0.783037 0.057104 0.057104
0 0.854494 0.436858 0.104277 0.104277
0 0.453967 0.082393 0.052757 0.052757
0 0.000752 0.283536 0.071945 0.071945
0 0.579306 0.569686 0.057104 0.057104
0 0.692596 0.039292 0.061130 0.061130
0 0.870730 0.163247 0.052757 0.052757
0 0.800648 0.777818 0.052757 0.052757
0 0.206338 0.763890 0.071945 0.071945
0 0.344943 0.868412 0.104277 0.104277
0 0.265374 0.937336 0.052757 0.052757
0 0.624115 0.252332 0.057104 0.057104
0 0.937930 0.099156 0.052757 0.052757
0 0.488329 0.937573 0.104277 0.104277
0 0.711046 0.248589 0.057104 0.057104
0 0.021365 0.057272 0.104278 0.104278
0 0.933898 0.375108 0.071945 0.071945
0 0.985777 0.770063 0.052757 0.052757
0 0.177942 0.931534 0.052757 0.052757
0 0.590265 0.152794 0.057104 0.057104
0 0.951850 0.690694 0.071945 0.071945
0 0.725527 0.896291 0.061130 0.061130
0 0.616880 0.795133 0.071945 0.071945
0 0.136889 0.494008 0.071945 0.071945
0 0.326713 0.676637 0.061130 0.061130
0 0.129955 0.423552 0.071945 0.071945
0 0.625628 0.518319 0.071945 0.071945
0 0.605784 0.963426 0.061130 0.061130
0 0.576453 0.879761 0.062220 0.062220
0 0.720223 0.730947 0.062220 0.062220
0 0.835884 0.559947 0.061130 0.061130
0 0.325744 0.320562 0.071945 0.071945
0 0.279581 0.826415 0.104277 0.104277
0 0.771196 0.462208 0.061130 0.061130
0 0.742270 0.390473 0.061130 0.061130
0 0.523388 0.116746 0.104277 0.104277
0 0.294783 0.072053 0.057104 0.057104
0 0.920950 0.516743 0.104277 0.104277
0 0.497710 0.011008 0.104277 0.104277
0 0.781753 0.128411 0.052757 0.052757
0 0.774650 0.668334 0.061130 0.061130
0 0.512803 0.203308 0.104277 0.104277
0 0.336913 0.402260 0.071945 0.071945
0 0.874743 0.760870 0.057104 0.057104
0 0.766892 0.584652 0.104277 0.104277
0 0.974344 0.838486 0.062220 0.062220
0 0.971511 0.565280 0.104277 0.104277
0 0.456200 0.353391 0.052757 0.052757
0 0.950416 0.452590 0.052757 0.052757
0 0.288164 0.484485 0.052757 0.052757
0 0.131800 0.824116 0.052757 0.052757
0 0.220847 0.163039 0.061130 0.061130
0 0.029169 0.544824 0.104278 0.104278
0 0.662775 0.326077 0.071945 0.071945
0 0.717103 0.972926 0.104277 0.104277
0 0.587720 0.079047 0.062220 0.062220
0 0.211941 0.356918 0.061130 0.061130
0 0.677749 0.826947 0.071945 0.071945
0 0.219891 0.678073 0.104277 0.104277
0 0.920647 0.894575 0.104277 0.104277
0 0.902052 0.018744 0.052757 0.052757
0 0.548652 0.284744 0.104277 0.104277
0 0.418815 0.891014 0.071945 0.071945
0 0.558687 0.735111 0.050932 0.050932
0 0.098473 0.227190 0.061130 0.061130
0 0.695423 0.556225 0.052757 0.052757
0 0.170798 0.588943 0.057104 0.057104
0 0.461560 0.503116 0.071945 0.071945
0 0.672320 0.463285 0.061130 0.061130
0 0.247922 0.427744 0.062220 0.062220
0 0.885655 0.672787 0.057104 0.057104
0 0.384460 0.099539 0.057104 0.057104
0 0.694968 0.108446 0.057104 0.057104
0 0.113951 0.146602 0.057104 0.057104
0 0.186656 0.041713 0.104277 0.104277
0 0.419144 0.789747 0.071945 0.071945
0 0.326781 0.552918 0.104277 0.104277
0 0.033536 0.352862 0.061130 0.061130
0 0.098004 0.911326 0.104277 0.104277
0 0.795159 0.033186 0.057104 0.057104
0 0.669224 0.623251 0.061130 0.061130
0 0.531589 0.466410 0.071945 0.071945
0 0.384224 0.177648 0.061130 0.061130
0 0.314061 0.164927 0.062220 0.062220
0 0.342255 0.998264 0.104277 0.104277
0 0.659076 0.182911 0.048997 0.048997
0 0.862102 0.087542 0.062220 0.062220
0 0.125878 0.653660 0.062220 0.062220
0 0.332761 0.774566 0.052757 0.052757
0 0.858084 0.328903 0.062220 0.062220
0 0.630016 0.719936 0.062220 0.062220
0 0.425771 0.697840 0.062220 0.062220
0 0.044122 0.145650 0.057104 0.057104
0 0.091568 0.304424 0.057104 0.057104
0 0.861661 0.239092 0.061131 0.061131
0 0.127157 0.987830 0.104277 0.104277
0 0.282622 0.249467 0.071945 0.071945
0 0.065662 0.749729 0.057104 0.057104
0 0.436435 0.277288 0.104277 0.104277
0 0.202561 0.242391 0.071945 0.071945
0 0.804784 0.936294 0.071945 0.071945
0 0.275539 0.607845 0.071945 0.071945
0 0.370624 0.612814 0.047555 0.047555
0 0.504724 0.637610 0.052757 0.052757
0 0.576877 0.001155 0.057104 0.057104
0 0.017264 0.930561 0.071945 0.071945
0 0.135141 0.736615 0.057103 0.057103
0 0.789169 0.335897 0.071945 0.071945
0 0.500444 0.855715 0.071945 0.071945
0 0.584674 0.645491 0.071945 0.071945
0 0.031806 0.441078 0.062220 0.062220