0 0.490842 0.333852 0.104277 0.104277
0 0.447294 0.121861 0.061130 0.061130
0 0.163302 0.541380 0.104278 0.104278
0 0.850239 0.083570 0.052757 0.052757
0 0.641132 0.331528 0.062220 0.062220
0 0.672779 0.083610 0.104277 0.104277
0 0.348065 0.083759 0.052757 0.052757
0 0.972844 0.841457 0.071945 0.071945
0 0.218958 0.978502 0.104277 0.104277
0 0.281446 0.702728 0.052757 0.052757
0 0.750643 0.130135 0.071945 0.071945
0 0.461743 0.889474 0.061130 0.061130
0 0.894744 0.628604 0.062220 0.062220
0 0.180740 0.652185 0.052757 0.052757
0 0.634687 0.851350 0.071945 0.071945
0 0.201811 0.823412 0.052757 0.052757
0 0.484966 0.248667 0.057104 0.057104
0 0.278118 0.898547 0.071945 0.071945
0 0.027719 0.904073 0.104277 0.104277
0 0.520828 0.435303 0.051819 0.051819
0 0.166994 0.111858 0.104277 0.104277
0 0.995629 0.063636 0.071945 0.071945
0 0.424972 0.048398 0.061131 0.061131
0 0.700976 0.379016 0.052757 0.052757
0 0.413534 0.724104 0.104277 0.104277
0 0.713395 0.970208 0.104277 0.104277
0 0.831174 0.781401 0.071945 0.071945
0 0.762252 0.327531 0.057103 0.057103
0 0.509188 0.008893 0.052757 0.052757
0 0.835921 0.712955 0.062220 0.062220
0 0.773877 0.908706 0.057104 0.057104
0 0.716594 0.840490 0.062220 0.062220
0 0.677868 0.166864 0.036679 0.036679
0 0.113148 0.452818 0.052757 0.052757
0 0.796906 0.444871 0.104277 0.104277
0 0.511630 0.097475 0.057104 0.057104
0 0.596669 0.505647 0.104277 0.104277
0 0.902243 0.813183 0.061130 0.061130
0 0.591806 0.432354 0.071945 0.071945
0 0.988398 0.427928 0.071945 0.071945
0 0.246398 0.050108 0.071945 0.071945
0 0.355991 0.974836 0.052757 0.052757
0 0.298277 0.445063 0.052757 0.052757
0 0.894237 0.459739 0.061131 0.061131
0 0.166015 0.897591 0.104277 0.104277
0 0.113312 0.759237 0.057104 0.057104
0 0.318649 0.840841 0.052757 0.052757
0 0.513124 0.592276 0.054783 0.054783
0 0.818051 0.153019 0.062220 0.062220
0 0.680676 0.526188 0.057103 0.057103
0 0.016480 0.983223 0.061130 0.061130
0 0.481226 0.704442 0.071945 0.071945
0 0.481486 0.775266 0.061130 0.061130
0 0.264350 0.365694 0.071945 0.071945
0 0.038027 0.571291 0.061130 0.061130
0 0.096029 0.685829 0.052757 0.052757
0 0.774982 0.593009 0.061131 0.061131
0 0.361506 0.600944 0.057104 0.057104
0 0.726160 0.460890 0.061131 0.061131
0 0.317617 0.016557 0.057104 0.057104
0 0.032723 0.405947 0.062220 0.062220
0 0.148384 0.234947 0.061130 0.061130
0 0.991731 0.553432 0.071945 0.071945
0 0.997113 0.691957 0.104278 0.104278
0 0.926714 0.313870 0.062220 0.062220
0 0.752833 0.057867 0.061130 0.061130
0 0.375701 0.479070 0.052757 0.052757
0 0.992154 0.974152 0.061130 0.061130
0 0.088496 0.837012 0.057104 0.057104
0 0.083696 0.137208 0.061130 0.061130
0 0.054770 0.065473 0.061130 0.061130
0 0.624169 0.021735 0.062220 0.062220
0 0.233450 0.191743 0.104277 0.104277
0 0.396855 0.289616 0.071945 0.071945
0 0.928318 0.526535 0.104278 0.104278
0 0.605639 0.692934 0.052757 0.052757
0 0.087150 0.343334 0.061130 0.061130
0 0.901298 0.168943 0.104277 0.104277
0 0.187243 0.435870 0.057104 0.057104
0 0.079392 0.259652 0.104277 0.104277
0 0.286844 0.513486 0.062220 0.062220
0 0.851671 0.566114 0.062220 0.062220
0 0.284011 0.240280 0.104277 0.104277
0 0.262916 0.127590 0.052757 0.052757
0 0.293316 0.772151 0.104277 0.104277
0 0.648503 0.932445 0.052757 0.052757
0 0.569832 0.167278 0.062220 0.062220
0 0.029603 0.647926 0.104277 0.104277
0 0.560550 0.984309 0.052757 0.052757
0 0.233147 0.569575 0.104277 0.104277
0 0.712043 0.249974 0.104277 0.104277
0 0.387980 0.373532 0.057104 0.057104
0 0.850560 0.917849 0.061131 0.061131
0 0.756197 0.782112 0.057104 0.057104
0 0.007923 0.231225 0.052757 0.052757
0 0.775232 0.516613 0.071945 0.071945
0 0.625495 0.215196 0.071945 0.071945
0 0.343849 0.196340 0.052757 0.052757
0 0.198155 0.347787 0.057104 0.057104
0 0.589484 0.579025 0.104277 0.104277
0 0.766390 0.205343 0.061131 0.061131
0 0.422769 0.948465 0.061130 0.061130
0 0.552040 0.768837 0.071945 0.071945
0 0.654027 0.623223 0.057104 0.057104
0 0.694073 0.680361 0.104277 0.104277
0 0.195272 0.741242 0.061131 0.061131
0 0.042379 0.782567 0.104277 0.104277
0 0.550840 0.863390 0.071945 0.071945
0 0.170584 0.003903 0.062220 0.062220
0 0.499565 0.524322 0.052757 0.052757
0 0.427002 0.558549 0.104277 0.104277
0 0.937683 0.931343 0.052757 0.052757
0 0.117284 0.611294 0.071945 0.071945
0 0.859058 0.242340 0.071945 0.071945
0 0.357485 0.677514 0.071945 0.071945
0 0.663749 0.771965 0.104277 0.104277
0 0.388192 0.815454 0.104277 0.104277
0 0.939958 0.737510 0.061131 0.061131
0 0.101669 0.010897 0.071945 0.071945
0 0.562451 0.295095 0.057104 0.057104
0 0.832202 0.377826 0.061131 0.061131