0 0.220338 0.966142 0.071945 0.071945
0 0.372151 0.951752 0.071945 0.071945
0 0.423057 0.500786 0.104277 0.104277
0 0.455537 0.842055 0.061131 0.061131
0 0.613159 0.465314 0.104277 0.104277
0 0.164221 0.829243 0.104277 0.104277
0 0.657348 0.661562 0.057104 0.057104
0 0.526614 0.111644 0.062220 0.062220
0 0.783801 0.866522 0.062221 0.062221
0 0.659592 0.109591 0.057104 0.057104
0 0.672707 0.829527 0.104277 0.104277
0 0.749733 0.623441 0.104277 0.104277
0 0.692403 0.034899 0.052757 0.052757
0 0.576189 0.375071 0.057104 0.057104
0 0.504349 0.226554 0.104277 0.104277
0 0.486652 0.578450 0.104277 0.104277
0 0.292293 0.765214 0.052757 0.052757
0 0.489543 0.417030 0.061131 0.061131
0 0.499351 0.040937 0.052757 0.052757
0 0.236231 0.875739 0.057104 0.057104
0 0.372759 0.340563 0.071945 0.071945
0 0.555370 0.819695 0.104277 0.104277
0 0.589768 0.240842 0.062220 0.062220
0 0.425647 0.636105 0.062220 0.062220
0 0.263473 0.702653 0.057104 0.057104
0 0.260320 0.541828 0.052757 0.052757
0 0.734069 0.972610 0.052757 0.052757
0 0.371474 0.680091 0.061130 0.061130
0 0.647925 0.362093 0.071945 0.071945
0 0.729722 0.132634 0.071945 0.071945
0 0.086343 0.529131 0.061131 0.061131
0 0.673982 0.933421 0.062221 0.062221
0 0.591510 0.061247 0.071945 0.071945
0 0.028555 0.849156 0.052757 0.052757
0 0.675612 0.738909 0.071945 0.071945
0 0.612527 0.969050 0.052757 0.052757
0 0.581337 0.552900 0.061130 0.061130
0 0.021469 0.450438 0.062220 0.062220
0 0.314403 0.637114 0.061131 0.061131
0 0.133618 0.931439 0.071945 0.071945
0 0.363630 0.570567 0.057104 0.057104
0 0.778657 0.070847 0.071945 0.071945
0 0.430544 0.164372 0.071945 0.071945
0 0.280993 0.045523 0.061130 0.061130
0 0.306006 0.164398 0.104277 0.104277
0 0.774035 0.492477 0.057104 0.057104
0 0.056765 0.030942 0.071945 0.071945
0 0.429922 0.296075 0.104277 0.104277
0 0.722010 0.239775 0.104278 0.104278
0 0.587124 0.627775 0.061130 0.061130
0 0.118848 0.279856 0.071945 0.071945
0 0.100216 0.731275 0.104277 0.104277
0 0.315726 0.867765 0.062220 0.062220
0 0.132656 0.414270 0.061131 0.061131
0 0.203633 0.245215 0.062220 0.062220
0 0.726367 0.546479 0.052757 0.052757
0 0.222195 0.484649 0.057104 0.057104
0 0.382798 0.785616 0.071945 0.071945
0 0.345681 0.443273 0.071945 0.071945
0 0.033126 0.269719 0.061131 0.061131
0 0.200352 0.666870 0.062220 0.062220
0 0.763453 0.321817 0.057104 0.057104
0 0.644393 0.291937 0.057104 0.057104
0 0.501763 0.315823 0.052757 0.052757
0 0.007227 0.668610 0.062220 0.062220
0 0.251813 0.417697 0.052757 0.052757
0 0.039147 0.600981 0.071945 0.071945
0 0.771171 0.717048 0.104277 0.104277
0 0.282778 0.260854 0.057104 0.057104
0 0.525758 0.749277 0.057104 0.057104
0 0.216581 0.334540 0.057104 0.057104
0 0.122430 0.082561 0.104277 0.104277
0 0.079348 0.657907 0.052757 0.052757
0 0.508501 0.889215 0.057104 0.057104
0 0.188772 0.151998 0.052757 0.052757
0 0.067800 0.370681 0.071945 0.071945
0 0.195927 0.017542 0.071945 0.071945
0 0.517163 0.675578 0.104277 0.104277
0 0.744155 0.425282 0.061130 0.061130
0 0.412683 0.080742 0.104277 0.104277
0 0.586496 0.703173 0.104277 0.104277
0 0.600676 0.899431 0.052757 0.052757
0 0.076329 0.141698 0.052757 0.052757
0 0.370764 0.258852 0.062220 0.062220
0 0.168157 0.544290 0.061131 0.061131