0 0.297677 0.007005 0.104278 0.104278
0 0.062332 0.881955 0.062220 0.062220
0 0.551720 0.598782 0.071945 0.071945
0 0.826841 0.566761 0.071945 0.071945
0 0.353333 0.444127 0.104277 0.104277
0 0.858969 0.682131 0.052757 0.052757
0 0.415821 0.168353 0.052757 0.052757
0 0.560404 0.969114 0.061130 0.061130
0 0.596118 0.355099 0.061130 0.061130
0 0.088312 0.525321 0.052757 0.052757
0 0.100004 0.611870 0.104277 0.104277
0 0.446468 0.865495 0.104277 0.104277
0 0.405329 0.987106 0.104277 0.104277
0 0.315115 0.117810 0.052757 0.052757
0 0.769062 0.316975 0.071945 0.071945
0 0.336186 0.289037 0.052757 0.052757
0 0.449869 0.618237 0.062220 0.062220
0 0.079737 0.437900 0.104277 0.104277
0 0.412493 0.364172 0.071945 0.071945
0 0.162094 0.369698 0.104277 0.104277
0 0.879284 0.928415 0.104277 0.104277
0 0.086261 0.338758 0.061130 0.061130
0 0.475222 0.790495 0.057104 0.057104
0 0.969392 0.643195 0.104277 0.104277
0 0.924531 0.834314 0.071945 0.071945
0 0.547909 0.189729 0.104277 0.104277
0 0.847770 0.435833 0.104277 0.104277
0 0.965549 0.247026 0.071945 0.071945
0 0.543569 0.772931 0.104277 0.104277
0 0.960783 0.987073 0.052757 0.052757
0 0.970296 0.178580 0.062220 0.062220
0 0.428922 0.713993 0.061130 0.061130
0 0.308227 0.755867 0.057104 0.057104
0 0.213202 0.515753 0.104277 0.104277
0 0.050599 0.780815 0.062220 0.062220
0 0.908252 0.374331 0.057104 0.057104
0 0.951219 0.548006 0.062220 0.062220
0 0.703961 0.675193 0.052757 0.052757
0 0.850969 0.306115 0.062220 0.062220
0 0.245743 0.862625 0.057104 0.057104
0 0.361719 0.892716 0.104277 0.104277
0 0.092488 0.689025 0.057104 0.057104
0 0.671178 0.862061 0.071945 0.071945
0 0.008684 0.476680 0.052757 0.052757
0 0.881182 0.777070 0.102474 0.102474
0 0.490366 0.440461 0.052757 0.052757
0 0.775518 0.769245 0.104277 0.104277
0 0.129034 0.824468 0.057104 0.057104
0 0.300390 0.363216 0.104277 0.104277
0 0.247687 0.224862 0.057104 0.057104
0 0.453024 0.306466 0.052757 0.052757
0 0.647499 0.057901 0.054783 0.054783
0 0.784342 0.503037 0.062220 0.062220
0 0.628029 0.578587 0.061131 0.061131
0 0.150855 0.448848 0.061130 0.061130
0 0.586422 0.507038 0.071945 0.071945
0 0.615601 0.170067 0.071945 0.071945
0 0.374623 0.625587 0.062220 0.062220
0 0.615861 0.240891 0.061130 0.061130
0 0.172402 0.036916 0.061130 0.061130
0 0.589568 0.829898 0.057104 0.057104
0 0.327264 0.966437 0.057104 0.057104
0 0.230404 0.151454 0.052757 0.052757
0 0.909357 0.058634 0.061131 0.061131
0 0.495881 0.066569 0.057104 0.057104
0 0.402290 0.783425 0.104277 0.104277
0 0.270951 0.477208 0.071945 0.071945
0 0.052659 0.104051 0.061130 0.061130
0 0.023328 0.020386 0.062220 0.062220
0 0.705252 0.584309 0.052757 0.052757
0 0.414798 0.543847 0.061130 0.061130
0 0.072697 0.266352 0.052757 0.052757
0 0.222871 0.302637 0.057104 0.057104
0 0.688361 0.791419 0.062220 0.062220
0 0.632784 0.971178 0.104277 0.104277
0 0.225336 0.733156 0.062220 0.062220
0 0.202681 0.587012 0.071945 0.071945
0 0.740014 0.158559 0.052757 0.052757
0 0.986046 0.031739 0.062220 0.062220
0 0.427691 0.237776 0.104277 0.104277
0 0.460877 0.934831 0.062220 0.062220
0 0.782878 0.398070 0.052757 0.052757
0 0.335090 0.824178 0.071945 0.071945
0 0.163978 0.113551 0.104277 0.104277
0 0.694925 0.449934 0.052757 0.052757
0 0.514462 0.516321 0.057104 0.057104
0 0.367522 0.035200 0.104277 0.104277
0 0.011132 0.940880 0.104277 0.104277
0 0.984935 0.383474 0.061131 0.061131
0 0.890572 0.247737 0.057104 0.057104
0 0.611726 0.896900 0.104277 0.104277
0 0.723859 0.044650 0.104277 0.104277
0 0.781947 0.676370 0.055027 0.055027
0 0.914139 0.477192 0.061131 0.061131
0 0.572638 0.705283 0.062220 0.062220
0 0.991976 0.780548 0.104277 0.104277
0 0.428005 0.471311 0.050559 0.050559
0 0.722227 0.969446 0.052757 0.052757
0 0.557144 0.414090 0.061130 0.061130
0 0.686415 0.234462 0.071945 0.071945
0 0.788402 0.088848 0.057104 0.057104
0 0.242407 0.945658 0.052757 0.052757
0 0.828448 0.145986 0.104277 0.104277
0 0.528628 0.862246 0.071945 0.071945
0 0.329647 0.206867 0.061131 0.061131
0 0.176754 0.248192 0.104277 0.104277
0 0.685215 0.329015 0.071945 0.071945
0 0.644677 0.718093 0.104277 0.104277
0 0.561377 0.024174 0.104277 0.104277
0 0.808687 0.862350 0.061130 0.061130
0 0.169182 0.940936 0.052757 0.052757
0 0.251659 0.076919 0.071945 0.071945
0 0.082652 0.187948 0.061130 0.061130
0 0.491860 0.143139 0.071945 0.071945
0 0.202854 0.806322 0.061130 0.061130
0 0.798124 0.237590 0.104277 0.104277
0 0.522567 0.281079 0.104277 0.104277
0 0.287060 0.600993 0.052757 0.052757
0 0.022451 0.545658 0.104277 0.104277