0 0.584592 0.411977 0.104277 0.104277
0 0.541044 0.199986 0.061130 0.061130
0 0.257052 0.619505 0.104278 0.104278
0 0.943989 0.161695 0.052757 0.052757
0 0.474137 0.060315 0.104277 0.104277
0 0.734882 0.409653 0.062220 0.062220
0 0.766529 0.161735 0.104277 0.104277
0 0.441815 0.161884 0.052757 0.052757
0 0.375196 0.780853 0.052757 0.052757
0 0.844393 0.208260 0.071945 0.071945
0 0.555493 0.967599 0.061130 0.061130
0 0.988494 0.706729 0.062220 0.062220
0 0.274490 0.730310 0.052757 0.052757
0 0.728437 0.929475 0.071945 0.071945
0 0.295561 0.901537 0.052757 0.052757
0 0.578716 0.326792 0.057104 0.057104
0 0.371868 0.976672 0.071945 0.071945
0 0.121469 0.982198 0.104277 0.104277
0 0.349909 0.004824 0.062220 0.062220
0 0.614578 0.513428 0.051819 0.051819
0 0.045636 0.951258 0.061130 0.061130
0 0.260744 0.189983 0.104277 0.104277
0 0.518722 0.126523 0.061131 0.061131
0 0.794726 0.457141 0.052757 0.052757
0 0.507284 0.802229 0.104277 0.104277
0 0.924924 0.859526 0.071945 0.071945
0 0.856002 0.405656 0.057103 0.057103
0 0.602938 0.087018 0.052757 0.052757
0 0.929671 0.791080 0.062220 0.062220
0 0.867627 0.986831 0.057104 0.057104
0 0.659145 0.022978 0.057104 0.057104
0 0.810344 0.918615 0.062220 0.062220
0 0.771618 0.244989 0.036679 0.036679
0 0.206898 0.530943 0.052757 0.052757
0 0.890656 0.522996 0.104277 0.104277
0 0.030365 0.005457 0.057104 0.057104
0 0.605380 0.175600 0.057104 0.057104
0 0.690419 0.583772 0.104277 0.104277
0 0.995993 0.891308 0.061130 0.061130
0 0.685556 0.510479 0.071945 0.071945
0 0.117296 0.001714 0.057104 0.057104
0 0.915258 0.040037 0.104277 0.104277
0 0.340148 0.128233 0.071945 0.071945
0 0.392027 0.523188 0.052757 0.052757
0 0.820896 0.063669 0.104277 0.104277
0 0.987987 0.537864 0.061131 0.061131
0 0.259765 0.975716 0.104277 0.104277
0 0.207062 0.837362 0.057104 0.057104
0 0.412399 0.918966 0.052757 0.052757
0 0.606874 0.670401 0.054783 0.054783
0 0.911801 0.231144 0.062220 0.062220
0 0.774426 0.604313 0.057103 0.057103
0 0.574976 0.782567 0.071945 0.071945
0 0.575236 0.853391 0.061130 0.061130
0 0.358100 0.443819 0.071945 0.071945
0 0.131777 0.649416 0.061130 0.061130
0 0.023130 0.548258 0.071945 0.071945
0 0.189779 0.763954 0.052757 0.052757
0 0.868732 0.671134 0.061131 0.061131
0 0.455256 0.679069 0.057104 0.057104
0 0.819910 0.539015 0.061131 0.061131
0 0.411367 0.094682 0.057104 0.057104
0 0.031878 0.271444 0.071945 0.071945
0 0.012034 0.716551 0.061130 0.061130
0 0.767823 0.005377 0.061130 0.061130
0 0.126473 0.484072 0.062220 0.062220
0 0.242134 0.313072 0.061130 0.061130
0 0.846583 0.135992 0.061130 0.061130
0 0.469451 0.557195 0.052757 0.052757
0 0.032072 0.878852 0.052757 0.052757
0 0.182246 0.915137 0.057104 0.057104
0 0.177446 0.215333 0.061130 0.061130
0 0.148520 0.143598 0.061130 0.061130
0 0.717919 0.099860 0.062220 0.062220
0 0.327200 0.269868 0.104277 0.104277
0 0.490605 0.367741 0.071945 0.071945
0 0.699389 0.771059 0.052757 0.052757
0 0.180900 0.421459 0.061130 0.061130
0 0.995048 0.247068 0.104277 0.104277
0 0.280993 0.513995 0.057104 0.057104
0 0.173142 0.337777 0.104277 0.104277
0 0.380594 0.591611 0.062220 0.062220
0 0.945421 0.644239 0.062220 0.062220
0 0.377761 0.318405 0.104277 0.104277
0 0.356666 0.205715 0.052757 0.052757
0 0.387066 0.850276 0.104277 0.104277
0 0.663582 0.245403 0.062220 0.062220
0 0.069025 0.079202 0.071945 0.071945
0 0.123353 0.726051 0.104277 0.104277
0 0.083999 0.580072 0.071945 0.071945
0 0.326897 0.647700 0.104277 0.104277
0 0.805793 0.328099 0.104277 0.104277
0 0.481730 0.451657 0.057104 0.057104
0 0.944310 0.995974 0.061131 0.061131
0 0.849947 0.860237 0.057104 0.057104
0 0.101673 0.309350 0.052757 0.052757
0 0.868982 0.594738 0.071945 0.071945
0 0.719245 0.293321 0.071945 0.071945
0 0.078570 0.216410 0.061130 0.061130
0 0.437599 0.274465 0.052757 0.052757
0 0.291905 0.425912 0.057104 0.057104
0 0.683234 0.657150 0.104277 0.104277
0 0.075474 0.376376 0.061130 0.061130
0 0.860140 0.283468 0.061131 0.061131
0 0.992415 0.071198 0.071945 0.071945
0 0.645790 0.846962 0.071945 0.071945
0 0.747777 0.701348 0.057104 0.057104
0 0.787823 0.758486 0.104277 0.104277
0 0.289022 0.819367 0.061131 0.061131
0 0.136129 0.860692 0.104277 0.104277
0 0.644590 0.941515 0.071945 0.071945
0 0.264334 0.082028 0.062220 0.062220
0 0.593315 0.602447 0.052757 0.052757
0 0.520752 0.636674 0.104277 0.104277
0 0.036266 0.473061 0.062220 0.062220
0 0.211034 0.689419 0.071945 0.071945
0 0.042027 0.800448 0.061130 0.061130
0 0.952808 0.320465 0.071945 0.071945
0 0.451235 0.755639 0.071945 0.071945
0 0.757499 0.850090 0.104277 0.104277
0 0.481942 0.893579 0.104277 0.104277
0 0.195419 0.089022 0.071945 0.071945
0 0.656201 0.373220 0.057104 0.057104
0 0.925952 0.455951 0.061131 0.061131