0 0.373670 0.620726 0.062220 0.062220
0 0.719308 0.960354 0.062220 0.062220
0 0.681082 0.766330 0.062220 0.062220
0 0.972083 0.328502 0.104277 0.104277
0 0.707062 0.409696 0.052757 0.052757
0 0.718754 0.496245 0.104277 0.104277
0 0.559104 0.043703 0.061130 0.061130
0 0.477656 0.820617 0.052757 0.052757
0 0.910595 0.913455 0.071945 0.071945
0 0.315999 0.675608 0.071945 0.071945
0 0.933865 0.002185 0.052757 0.052757
0 0.954936 0.173412 0.052757 0.052757
0 0.436847 0.905287 0.062220 0.062220
0 0.698487 0.322275 0.104277 0.104277
0 0.780844 0.254073 0.104277 0.104277
0 0.705011 0.223133 0.061130 0.061130
0 0.366799 0.935923 0.104277 0.104277
0 0.063934 0.131667 0.062220 0.062220
0 0.170421 0.708734 0.061130 0.061130
0 0.612082 0.121090 0.104277 0.104277
0 0.447287 0.626788 0.061130 0.061130
0 0.427703 0.538905 0.052757 0.052757
0 0.926977 0.640242 0.057104 0.057104
0 0.831952 0.400128 0.104277 0.104277
0 0.588505 0.539732 0.061130 0.061130
0 0.669349 0.665190 0.062220 0.062220
0 0.284539 0.250424 0.061130 0.061130
0 0.864493 0.747000 0.057104 0.057104
0 0.087010 0.369036 0.104278 0.104278
0 0.980469 0.777091 0.104277 0.104277
0 0.711238 0.573400 0.057104 0.057104
0 0.919906 0.986420 0.071945 0.071945
0 0.529036 0.774843 0.062220 0.062220
0 0.627434 0.361055 0.052757 0.052757
0 0.236023 0.808321 0.062220 0.062220
0 0.747784 0.708843 0.057104 0.057104
0 0.489909 0.044630 0.052757 0.052757
0 0.919140 0.247591 0.104277 0.104277
0 0.866437 0.109237 0.057104 0.057104
0 0.559859 0.620944 0.061130 0.061130
0 0.769605 0.333223 0.061130 0.061130
0 0.444436 0.263774 0.104278 0.104278
0 0.993373 0.509962 0.062220 0.062220
0 0.511285 0.242165 0.052757 0.052757
0 0.525089 0.881975 0.062220 0.062220
0 0.946014 0.850812 0.057104 0.057104
0 0.849154 0.035829 0.052757 0.052757
0 0.152394 0.421242 0.062220 0.062220
0 0.303726 0.508466 0.062220 0.062220
0 0.520746 0.497189 0.057104 0.057104
0 0.814174 0.894476 0.062220 0.062220
0 0.889701 0.361583 0.071945 0.071945
0 0.310900 0.840472 0.062220 0.062220
0 0.582955 0.927316 0.062220 0.062220
0 0.110380 0.052938 0.061130 0.061130
0 0.678714 0.893235 0.104277 0.104277
0 0.691447 0.150727 0.052757 0.052757
0 0.841621 0.187012 0.057104 0.057104
0 0.477164 0.364658 0.057104 0.057104
0 0.186162 0.602348 0.104278 0.104278
0 0.404439 0.331038 0.071945 0.071945
0 0.304800 0.595812 0.052757 0.052757
0 0.844086 0.617531 0.062220 0.062220
0 0.821431 0.471387 0.071945 0.071945
0 0.978985 0.937565 0.062220 0.062220
0 0.343024 0.410604 0.052757 0.052757
0 0.535320 0.406496 0.071945 0.071945
0 0.061348 0.439078 0.104277 0.104277
0 0.237703 0.650330 0.057104 0.057104
0 0.271281 0.319008 0.057104 0.057104
0 0.241778 0.396830 0.104277 0.104277
0 0.953840 0.708553 0.071945 0.071945
0 0.202905 0.516355 0.104277 0.104277
0 0.193359 0.297390 0.071945 0.071945
0 0.629882 0.825255 0.104277 0.104277
0 0.067528 0.238631 0.057104 0.057104
0 0.203179 0.926014 0.061131 0.061131
0 0.084315 0.921072 0.057104 0.057104
0 0.414849 0.441389 0.052757 0.052757
0 0.174735 0.190393 0.057104 0.057104
0 0.063474 0.849155 0.062220 0.062220
0 0.357737 0.179029 0.104277 0.104277
0 0.861157 0.830033 0.052757 0.052757
0 0.407880 0.023264 0.104277 0.104277
0 0.276516 0.941109 0.057104 0.057104
0 0.948397 0.091242 0.061131 0.061131
0 0.795504 0.132567 0.104277 0.104277
0 0.313553 0.098041 0.052757 0.052757
0 0.397124 0.733957 0.057104 0.057104
0 0.117886 0.642344 0.062220 0.062220
0 0.118060 0.569909 0.057104 0.057104
0 0.192782 0.012830 0.104277 0.104277
0 0.282442 0.170677 0.061130 0.061130
0 0.787932 0.825311 0.052757 0.052757
0 0.405785 0.113627 0.062220 0.062220
0 0.472295 0.148669 0.071945 0.071945
0 0.701402 0.072323 0.061130 0.061130
0 0.821604 0.690697 0.061130 0.061130
0 0.110288 0.295109 0.052757 0.052757
0 0.493085 0.710041 0.104277 0.104277
0 0.153063 0.833883 0.057104 0.057104
0 0.601917 0.259773 0.104277 0.104277
0 0.375468 0.255045 0.052757 0.052757
0 0.141714 0.977890 0.061130 0.061130
0 0.905810 0.485368 0.052757 0.052757
0 0.184477 0.084172 0.104277 0.104277
0 0.641201 0.430033 0.104277 0.104277
0 0.065803 0.718065 0.057104 0.057104