0 0.984794 0.368736 0.061130 0.061130
0 0.700802 0.788255 0.104278 0.104278
0 0.917887 0.229065 0.104277 0.104277
0 0.979713 0.138017 0.071945 0.071945
0 0.885565 0.330634 0.052757 0.052757
0 0.818946 0.949603 0.052757 0.052757
0 0.923596 0.001118 0.104277 0.104277
0 0.429761 0.283731 0.052757 0.052757
0 0.343479 0.940578 0.061130 0.061130
0 0.718240 0.899060 0.052757 0.052757
0 0.793659 0.173574 0.062220 0.062220
0 0.353447 0.704912 0.057104 0.057104
0 0.704494 0.358733 0.104277 0.104277
0 0.303967 0.004268 0.052757 0.052757
0 0.962472 0.295273 0.061131 0.061131
0 0.429306 0.491561 0.057104 0.057104
0 0.995606 0.047614 0.057104 0.057104
0 0.951034 0.970979 0.104277 0.104277
0 0.720730 0.085122 0.052757 0.052757
0 0.650648 0.699693 0.052757 0.052757
0 0.056338 0.685765 0.071945 0.071945
0 0.194943 0.790287 0.104277 0.104277
0 0.115374 0.859211 0.052757 0.052757
0 0.474115 0.174207 0.057104 0.057104
0 0.787930 0.021031 0.052757 0.052757
0 0.338329 0.859448 0.104277 0.104277
0 0.561046 0.170464 0.057104 0.057104
0 0.783898 0.296983 0.071945 0.071945
0 0.835777 0.691938 0.052757 0.052757
0 0.892993 0.103314 0.071945 0.071945
0 0.027942 0.853409 0.052757 0.052757
0 0.274284 0.941505 0.052757 0.052757
0 0.440265 0.074669 0.057104 0.057104
0 0.801850 0.612569 0.071945 0.071945
0 0.575527 0.818166 0.061130 0.061130
0 0.466880 0.717008 0.071945 0.071945
0 0.633529 0.932704 0.052757 0.052757
0 0.899006 0.847819 0.057104 0.057104
0 0.855117 0.263432 0.057104 0.057104
0 0.176713 0.598512 0.061130 0.061130
0 0.475628 0.440194 0.071945 0.071945
0 0.455784 0.885301 0.061130 0.061130
0 0.426453 0.801636 0.062220 0.062220
0 0.570223 0.652822 0.062220 0.062220
0 0.685884 0.481822 0.061130 0.061130
0 0.913201 0.725945 0.052757 0.052757
0 0.175744 0.242437 0.071945 0.071945
0 0.129581 0.748290 0.104277 0.104277
0 0.621196 0.384083 0.061130 0.061130
0 0.592270 0.312348 0.061130 0.061130
0 0.373388 0.038621 0.104277 0.104277
0 0.770950 0.438618 0.104277 0.104277
0 0.934355 0.536491 0.071945 0.071945
0 0.631753 0.050286 0.052757 0.052757
0 0.624650 0.590209 0.061130 0.061130
0 0.362803 0.125183 0.104277 0.104277
0 0.186913 0.324135 0.071945 0.071945
0 0.724743 0.682745 0.057104 0.057104
0 0.616892 0.506527 0.104277 0.104277
0 0.824344 0.760361 0.062220 0.062220
0 0.821511 0.487155 0.104277 0.104277
0 0.306200 0.275266 0.052757 0.052757
0 0.800416 0.374465 0.052757 0.052757
0 0.138164 0.406360 0.052757 0.052757
0 0.070847 0.084914 0.061130 0.061130
0 0.512775 0.247952 0.071945 0.071945
0 0.567103 0.894801 0.104277 0.104277
0 0.437720 0.000922 0.062220 0.062220
0 0.061941 0.278793 0.061130 0.061130
0 0.527749 0.748822 0.071945 0.071945
0 0.069891 0.599948 0.104277 0.104277
0 0.770647 0.816450 0.104277 0.104277
0 0.398652 0.206619 0.104277 0.104277
0 0.925480 0.620407 0.057104 0.057104
0 0.268815 0.812889 0.071945 0.071945
0 0.408687 0.656986 0.050932 0.050932
0 0.545423 0.478100 0.052757 0.052757
0 0.020798 0.510818 0.057104 0.057104
0 0.311560 0.424991 0.071945 0.071945
0 0.522320 0.385160 0.061130 0.061130
0 0.097922 0.349619 0.062220 0.062220
0 0.881349 0.443215 0.052757 0.052757
0 0.735655 0.594662 0.057104 0.057104
0 0.234460 0.021414 0.057104 0.057104
0 0.544968 0.030321 0.057104 0.057104
0 0.269144 0.711622 0.071945 0.071945
0 0.176781 0.474793 0.104277 0.104277
0 0.519224 0.545126 0.061130 0.061130
0 0.381589 0.388285 0.071945 0.071945
0 0.234224 0.099523 0.061130 0.061130
0 0.164061 0.086802 0.062220 0.062220
0 0.192255 0.920139 0.104277 0.104277
0 0.509076 0.104786 0.048997 0.048997
0 0.732772 0.988117 0.061131 0.061131
0 0.712102 0.009417 0.062220 0.062220
0 0.182761 0.696441 0.052757 0.052757
0 0.708084 0.250778 0.062220 0.062220
0 0.964502 0.805424 0.104277 0.104277
0 0.480016 0.641811 0.062220 0.062220
0 0.275771 0.619715 0.062220 0.062220
0 0.097928 0.994916 0.052757 0.052757
0 0.711661 0.160967 0.061131 0.061131
0 0.132622 0.171342 0.071945 0.071945
0 0.286435 0.199163 0.104277 0.104277
0 0.052561 0.164266 0.071945 0.071945
0 0.654784 0.858169 0.071945 0.071945
0 0.485777 0.969198 0.061130 0.061130
0 0.125539 0.529720 0.071945 0.071945
0 0.894985 0.924389 0.071945 0.071945
0 0.220624 0.534689 0.047555 0.047555
0 0.354724 0.559485 0.052757 0.052757
0 0.639169 0.257772 0.071945 0.071945
0 0.350444 0.777590 0.071945 0.071945
0 0.434674 0.567366 0.071945 0.071945