0 0.583045 0.605101 0.062220 0.062220
0 0.928683 0.944729 0.062220 0.062220
0 0.890457 0.750705 0.062220 0.062220
0 0.916437 0.394071 0.052757 0.052757
0 0.928129 0.480620 0.104277 0.104277
0 0.768479 0.028078 0.061130 0.061130
0 0.687031 0.804992 0.052757 0.052757
0 0.525374 0.659983 0.071945 0.071945
0 0.646222 0.889662 0.062220 0.062220
0 0.907862 0.306650 0.104277 0.104277
0 0.990219 0.238448 0.104277 0.104277
0 0.914386 0.207508 0.061130 0.061130
0 0.576174 0.920298 0.104277 0.104277
0 0.273309 0.116042 0.062220 0.062220
0 0.379796 0.693109 0.061130 0.061130
0 0.821457 0.105465 0.104277 0.104277
0 0.656662 0.611163 0.061130 0.061130
0 0.637078 0.523280 0.052757 0.052757
0 0.428224 0.989461 0.104278 0.104278
0 0.797880 0.524107 0.061130 0.061130
0 0.878724 0.649565 0.062220 0.062220
0 0.493914 0.234799 0.061130 0.061130
0 0.296385 0.353411 0.104278 0.104278
0 0.920613 0.557775 0.057104 0.057104
0 0.685949 0.986906 0.061130 0.061130
0 0.738411 0.759218 0.062220 0.062220
0 0.836809 0.345430 0.052757 0.052757
0 0.445398 0.792696 0.062220 0.062220
0 0.957159 0.693218 0.057104 0.057104
0 0.699284 0.029005 0.052757 0.052757
0 0.769234 0.605319 0.061130 0.061130
0 0.978980 0.317598 0.061130 0.061130
0 0.653811 0.248149 0.104278 0.104278
0 0.720660 0.226540 0.052757 0.052757
0 0.734464 0.866350 0.062220 0.062220
0 0.361769 0.405617 0.062220 0.062220
0 0.859679 0.986545 0.050891 0.050891
0 0.513101 0.492841 0.062220 0.062220
0 0.730121 0.481564 0.057104 0.057104
0 0.520275 0.824847 0.062220 0.062220
0 0.792330 0.911691 0.062220 0.062220
0 0.319755 0.037313 0.061130 0.061130
0 0.888089 0.877610 0.104277 0.104277
0 0.900822 0.135102 0.052757 0.052757
0 0.686539 0.349033 0.057104 0.057104
0 0.395537 0.586723 0.104278 0.104278
0 0.613814 0.315413 0.071945 0.071945
0 0.514175 0.580187 0.052757 0.052757
0 0.552399 0.394979 0.052757 0.052757
0 0.744695 0.390871 0.071945 0.071945
0 0.270723 0.423453 0.104277 0.104277
0 0.447078 0.634705 0.057104 0.057104
0 0.480656 0.303383 0.057104 0.057104
0 0.761277 0.984500 0.062220 0.062220
0 0.451153 0.381205 0.104277 0.104277
0 0.412280 0.500730 0.104277 0.104277
0 0.402734 0.281765 0.071945 0.071945
0 0.839257 0.809630 0.104277 0.104277
0 0.276903 0.223006 0.057104 0.057104
0 0.412554 0.910389 0.061131 0.061131
0 0.293690 0.905447 0.057104 0.057104
0 0.624224 0.425764 0.052757 0.052757
0 0.384110 0.174768 0.057104 0.057104
0 0.272849 0.833530 0.062220 0.062220
0 0.567112 0.163404 0.104277 0.104277
0 0.617255 0.007639 0.104277 0.104277
0 0.485891 0.925484 0.057104 0.057104
0 0.522928 0.082416 0.052757 0.052757
0 0.606499 0.718332 0.057104 0.057104
0 0.327261 0.626719 0.062220 0.062220
0 0.327435 0.554284 0.057104 0.057104
0 0.491817 0.155052 0.061130 0.061130
0 0.997307 0.809686 0.052757 0.052757
0 0.615160 0.098002 0.062220 0.062220
0 0.681670 0.133044 0.071945 0.071945
0 0.910777 0.056698 0.061130 0.061130
0 0.319663 0.279484 0.052757 0.052757
0 0.702460 0.694416 0.104277 0.104277
0 0.362438 0.818258 0.057104 0.057104
0 0.811292 0.244148 0.104277 0.104277
0 0.584843 0.239420 0.052757 0.052757
0 0.351089 0.962265 0.061130 0.061130
0 0.393852 0.068547 0.104277 0.104277
0 0.850576 0.414408 0.104277 0.104277
0 0.275178 0.702440 0.057104 0.057104