0 0.373670 0.495726 0.062220 0.062220
0 0.719308 0.835354 0.062220 0.062220
0 0.681082 0.641330 0.062220 0.062220
0 0.456984 0.948968 0.057103 0.057103
0 0.972083 0.203502 0.104277 0.104277
0 0.707062 0.284696 0.052757 0.052757
0 0.718754 0.371245 0.104277 0.104277
0 0.477656 0.695617 0.052757 0.052757
0 0.910595 0.788455 0.071945 0.071945
0 0.315999 0.550608 0.071945 0.071945
0 0.954936 0.048412 0.052757 0.052757
0 0.436847 0.780287 0.062220 0.062220
0 0.341880 0.973269 0.071945 0.071945
0 0.698487 0.197275 0.104277 0.104277
0 0.780844 0.129073 0.104277 0.104277
0 0.705011 0.098133 0.061130 0.061130
0 0.366799 0.810923 0.104277 0.104277
0 0.063934 0.006667 0.062220 0.062220
0 0.170421 0.583734 0.061130 0.061130
0 0.447287 0.501788 0.061130 0.061130
0 0.427703 0.413905 0.052757 0.052757
0 0.218849 0.880086 0.104278 0.104278
0 0.926977 0.515242 0.057104 0.057104
0 0.831952 0.275128 0.104277 0.104277
0 0.616728 0.994851 0.062220 0.062220
0 0.588505 0.414732 0.061130 0.061130
0 0.669349 0.540190 0.062220 0.062220
0 0.284539 0.125424 0.061130 0.061130
0 0.864493 0.622000 0.057104 0.057104
0 0.087010 0.244036 0.104278 0.104278
0 0.980469 0.652091 0.104277 0.104277
0 0.774558 0.978146 0.071945 0.071945
0 0.711238 0.448400 0.057104 0.057104
0 0.476574 0.877531 0.061130 0.061130
0 0.919906 0.861420 0.071945 0.071945
0 0.529036 0.649843 0.062220 0.062220
0 0.627434 0.236055 0.052757 0.052757
0 0.727155 0.906156 0.057104 0.057104
0 0.236023 0.683321 0.062220 0.062220
0 0.747784 0.583843 0.057104 0.057104
0 0.919140 0.122591 0.104277 0.104277
0 0.559859 0.495944 0.061130 0.061130
0 0.690999 0.985809 0.052757 0.052757
0 0.769605 0.208223 0.061130 0.061130
0 0.444436 0.138774 0.104278 0.104278
0 0.993373 0.384962 0.062220 0.062220
0 0.511285 0.117165 0.052757 0.052757
0 0.525089 0.756975 0.062220 0.062220
0 0.946014 0.725812 0.057104 0.057104
0 0.152394 0.296242 0.062220 0.062220
0 0.650304 0.877170 0.050891 0.050891
0 0.303726 0.383466 0.062220 0.062220
0 0.376130 0.892605 0.104277 0.104277
0 0.520746 0.372189 0.057104 0.057104
0 0.814174 0.769476 0.062220 0.062220
0 0.889701 0.236583 0.071945 0.071945
0 0.934993 0.978542 0.057104 0.057104
0 0.310900 0.715472 0.062220 0.062220
0 0.535324 0.956192 0.052757 0.052757
0 0.582955 0.802316 0.062220 0.062220
0 0.678714 0.768235 0.104277 0.104277
0 0.691447 0.025727 0.052757 0.052757
0 0.841621 0.062012 0.057104 0.057104
0 0.477164 0.239658 0.057104 0.057104
0 0.186162 0.477348 0.104278 0.104278
0 0.404439 0.206038 0.071945 0.071945
0 0.304800 0.470812 0.052757 0.052757
0 0.213983 0.986939 0.071945 0.071945
0 0.123371 0.992614 0.052757 0.052757
0 0.840562 0.897413 0.061130 0.061130
0 0.844086 0.492531 0.062220 0.062220
0 0.821431 0.346387 0.071945 0.071945
0 0.978985 0.812565 0.062220 0.062220
0 0.273598 0.940711 0.057104 0.057104
0 0.343024 0.285604 0.052757 0.052757
0 0.535320 0.281496 0.071945 0.071945
0 0.061348 0.314078 0.104277 0.104277
0 0.237703 0.525330 0.057104 0.057104
0 0.271281 0.194008 0.057104 0.057104
0 0.551902 0.875125 0.062220 0.062220
0 0.241778 0.271830 0.104277 0.104277
0 0.953840 0.583553 0.071945 0.071945
0 0.202905 0.391355 0.104277 0.104277
0 0.193359 0.172390 0.071945 0.071945
0 0.093058 0.916161 0.104277 0.104277
0 0.629882 0.700255 0.104277 0.104277
0 0.067528 0.113631 0.057104 0.057104
0 0.203179 0.801014 0.061131 0.061131
0 0.084315 0.796072 0.057104 0.057104
0 0.414849 0.316389 0.052757 0.052757
0 0.174735 0.065393 0.057104 0.057104
0 0.063474 0.724155 0.062220 0.062220
0 0.357737 0.054029 0.104277 0.104277
0 0.861157 0.705033 0.052757 0.052757
0 0.276516 0.816109 0.057104 0.057104
0 0.795504 0.007567 0.104277 0.104277
0 0.397124 0.608957 0.057104 0.057104
0 0.117886 0.517344 0.062220 0.062220
0 0.118060 0.444909 0.057104 0.057104
0 0.282442 0.045677 0.061130 0.061130
0 0.787932 0.700311 0.052757 0.052757
0 0.472295 0.023669 0.071945 0.071945
0 0.821604 0.565697 0.061130 0.061130
0 0.110288 0.170109 0.052757 0.052757
0 0.493085 0.585041 0.104277 0.104277
0 0.153063 0.708883 0.057104 0.057104
0 0.601917 0.134773 0.104277 0.104277
0 0.375468 0.130045 0.052757 0.052757
0 0.141714 0.852890 0.061130 0.061130
0 0.905810 0.360368 0.052757 0.052757
0 0.641201 0.305033 0.104277 0.104277
0 0.065803 0.593065 0.057104 0.057104