0 0.428342 0.074477 0.104277 0.104277
0 0.100802 0.282005 0.104278 0.104278
0 0.354845 0.873782 0.071945 0.071945
0 0.578632 0.072153 0.062220 0.062220
0 0.629966 0.841761 0.071945 0.071945
0 0.910344 0.582082 0.071945 0.071945
0 0.156458 0.719127 0.104277 0.104277
0 0.662094 0.957131 0.052757 0.052757
0 0.218946 0.443353 0.052757 0.052757
0 0.399243 0.630099 0.061130 0.061130
0 0.805521 0.755076 0.104277 0.104277
0 0.941890 0.062628 0.047276 0.047276
0 0.832244 0.369229 0.062220 0.062220
0 0.118240 0.392810 0.052757 0.052757
0 0.572187 0.591975 0.071945 0.071945
0 0.139311 0.564037 0.052757 0.052757
0 0.252994 0.893237 0.062220 0.062220
0 0.215618 0.639172 0.071945 0.071945
0 0.458328 0.175928 0.051819 0.051819
0 0.772517 0.918195 0.104277 0.104277
0 0.638476 0.119641 0.052757 0.052757
0 0.351034 0.464729 0.104277 0.104277
0 0.650895 0.710833 0.104277 0.104277
0 0.768674 0.522026 0.071945 0.071945
0 0.699752 0.068156 0.057103 0.057103
0 0.773421 0.453580 0.062220 0.062220
0 0.232047 0.988993 0.061130 0.061130
0 0.016327 0.790753 0.104277 0.104277
0 0.711377 0.649331 0.057104 0.057104
0 0.754344 0.823006 0.062220 0.062220
0 0.507086 0.950193 0.052757 0.052757
0 0.654094 0.581115 0.062220 0.062220
0 0.050648 0.193443 0.052757 0.052757
0 0.734406 0.185496 0.104277 0.104277
0 0.534169 0.246272 0.104277 0.104277
0 0.839743 0.553808 0.061130 0.061130
0 0.529306 0.172979 0.071945 0.071945
0 0.925898 0.168553 0.071945 0.071945
0 0.293491 0.715461 0.052757 0.052757
0 0.235777 0.185688 0.052757 0.052757
0 0.831737 0.200364 0.061131 0.061131
0 0.103515 0.638216 0.104277 0.104277
0 0.050812 0.499862 0.057104 0.057104
0 0.256149 0.581466 0.052757 0.052757
0 0.450624 0.332901 0.054783 0.054783
0 0.587467 0.778037 0.062220 0.062220
0 0.431154 0.853587 0.061131 0.061131
0 0.618176 0.266813 0.057103 0.057103
0 0.389547 0.782038 0.071945 0.071945
0 0.418726 0.445067 0.071945 0.071945
0 0.177748 0.900587 0.062220 0.062220
0 0.418986 0.515891 0.061130 0.061130
0 0.201850 0.106319 0.071945 0.071945
0 0.033529 0.426454 0.052757 0.052757
0 0.712482 0.333634 0.061131 0.061131
0 0.299006 0.341569 0.057104 0.057104
0 0.663660 0.201515 0.061131 0.061131
0 0.074076 0.752208 0.071945 0.071945
0 0.873989 0.810982 0.045227 0.045227
0 0.508377 0.859309 0.052757 0.052757
0 0.929231 0.294057 0.071945 0.071945
0 0.934613 0.432582 0.104278 0.104278
0 0.864214 0.054495 0.062220 0.062220
0 0.217923 0.818847 0.061130 0.061130
0 0.313201 0.219695 0.052757 0.052757
0 0.929654 0.714777 0.061130 0.061130
0 0.025996 0.577637 0.057104 0.057104
0 0.005806 0.862012 0.071945 0.071945
0 0.334355 0.030241 0.071945 0.071945
0 0.865818 0.267160 0.104278 0.104278
0 0.543139 0.433559 0.052757 0.052757
0 0.024650 0.083959 0.061130 0.061130
0 0.124743 0.176495 0.057104 0.057104
0 0.016892 0.000277 0.104277 0.104277
0 0.224344 0.254111 0.062220 0.062220
0 0.789171 0.306739 0.062220 0.062220
0 0.230816 0.512776 0.104277 0.104277
0 0.586003 0.673070 0.052757 0.052757
0 0.498050 0.724934 0.052757 0.052757
0 0.317587 0.791321 0.057104 0.057104
0 0.170647 0.310200 0.104277 0.104277
0 0.325480 0.114157 0.057104 0.057104
0 0.788060 0.658474 0.061131 0.061131
0 0.693697 0.522737 0.057104 0.057104
0 0.712732 0.257238 0.071945 0.071945
0 0.135655 0.088412 0.057104 0.057104
0 0.526984 0.319650 0.104277 0.104277
0 0.585072 0.951370 0.055027 0.055027
0 0.717264 0.752192 0.061131 0.061131
0 0.375763 0.980283 0.062220 0.062220
0 0.231130 0.746311 0.050559 0.050559
0 0.360269 0.689090 0.061130 0.061130
0 0.489540 0.509462 0.071945 0.071945
0 0.591527 0.363848 0.057104 0.057104
0 0.631573 0.420986 0.104277 0.104277
0 0.132772 0.481867 0.061131 0.061131
0 0.488340 0.604015 0.071945 0.071945
0 0.447802 0.993093 0.104277 0.104277
0 0.437065 0.264947 0.052757 0.052757
0 0.364502 0.299174 0.104277 0.104277
0 0.875183 0.671968 0.052757 0.052757
0 0.054784 0.351919 0.071945 0.071945
0 0.294985 0.418139 0.071945 0.071945
0 0.601249 0.512590 0.104277 0.104277
0 0.325692 0.556079 0.104277 0.104277
0 0.090185 0.875993 0.052757 0.052757
0 0.877458 0.478135 0.061131 0.061131
0 0.499951 0.035720 0.057104 0.057104
0 0.863790 0.928139 0.088662 0.088662
0 0.769702 0.118451 0.061131 0.061131