0 0.193945 0.276259 0.104277 0.104277
0 0.896120 0.588448 0.062220 0.062220
0 0.645112 0.891481 0.104277 0.104277
0 0.850194 0.647290 0.062220 0.062220
0 0.996768 0.624302 0.070161 0.070161
0 0.498854 0.294963 0.062220 0.062220
0 0.627488 0.615914 0.104278 0.104278
0 0.746881 0.287321 0.057104 0.057104
0 0.294209 0.430521 0.062220 0.062220
0 0.786169 0.595426 0.071945 0.071945
0 0.760589 0.364006 0.062220 0.062220
0 0.307628 0.670798 0.104277 0.104277
0 0.268634 0.565792 0.071945 0.071945
0 0.527584 0.653493 0.071945 0.071945
0 0.192895 0.503252 0.057104 0.057104
0 0.624687 0.987724 0.057104 0.057104
0 0.746390 0.446767 0.071945 0.071945
0 0.283551 0.968687 0.062220 0.062220
0 0.573257 0.936593 0.104277 0.104277
0 0.680694 0.385768 0.104277 0.104277
0 0.496935 0.461548 0.104277 0.104277
0 0.624156 0.498205 0.057104 0.057104
0 0.616239 0.361504 0.071945 0.071945
0 0.848904 0.968054 0.104277 0.104277
0 0.833102 0.317760 0.071945 0.071945
0 0.539618 0.805541 0.052757 0.052757
0 0.806679 0.788902 0.062220 0.062220
0 0.392429 0.731119 0.062220 0.062220
0 0.414530 0.370253 0.104277 0.104277
0 0.188349 0.871630 0.052757 0.052757
0 0.974857 0.494028 0.071945 0.071945
0 0.906296 0.768779 0.062220 0.062220
0 0.337887 0.847010 0.061130 0.061130
0 0.225667 0.402723 0.071945 0.071945
0 0.836499 0.429082 0.052757 0.052757
0 0.713821 0.691906 0.071945 0.071945
0 0.704487 0.927690 0.052757 0.052757
0 0.189255 0.765418 0.104277 0.104277
0 0.211920 0.609684 0.052757 0.052757
0 0.347646 0.508099 0.104277 0.104277
0 0.418750 0.457688 0.057104 0.057104
0 0.405298 0.815601 0.061130 0.061130
0 0.274472 0.794859 0.061130 0.061130
0 0.892096 0.484193 0.052757 0.052757
0 0.945779 0.313157 0.071945 0.071945
0 0.483412 0.755000 0.071945 0.071945
0 0.445326 0.534360 0.104277 0.104277
0 0.969713 0.394410 0.057104 0.057104
0 0.341839 0.605489 0.057104 0.057104
0 0.422399 0.927652 0.057104 0.057104
0 0.586223 0.437104 0.062220 0.062220
0 0.656251 0.267684 0.104277 0.104277
0 0.964709 0.696806 0.052757 0.052757
0 0.220854 0.938794 0.061130 0.061130
0 0.241502 0.704901 0.104278 0.104278
0 0.937793 0.922188 0.104277 0.104277
0 0.660162 0.822091 0.104277 0.104277
0 0.622863 0.692991 0.052757 0.052757
0 0.843362 0.726754 0.057104 0.057104
0 0.725747 0.851180 0.071945 0.071945
0 0.801891 0.491617 0.104277 0.104277
0 0.261005 0.492644 0.071945 0.071945
0 0.719884 0.613684 0.056505 0.056505
0 0.358903 0.975330 0.062220 0.062220
0 0.939976 0.835037 0.057104 0.057104
0 0.714181 0.544995 0.061130 0.061130
0 0.790698 0.876336 0.057104 0.057104
0 0.513735 0.568797 0.062220 0.062220
0 0.424286 0.274740 0.062220 0.062220
0 0.450998 0.689216 0.057104 0.057104
0 0.478177 0.984845 0.057104 0.057104
0 0.531011 0.356047 0.061130 0.061130
0 0.325666 0.363669 0.057104 0.057104
0 0.299228 0.274812 0.071945 0.071945