0 0.947677 0.428880 0.104278 0.104278
0 0.124708 0.184988 0.052757 0.052757
0 0.738312 0.947196 0.052757 0.052757
0 0.590354 0.581203 0.061130 0.061130
0 0.965115 0.539685 0.052757 0.052757
0 0.986186 0.710912 0.052757 0.052757
0 0.729737 0.859775 0.104277 0.104277
0 0.812094 0.791573 0.104277 0.104277
0 0.736261 0.760633 0.061130 0.061130
0 0.600322 0.345537 0.057104 0.057104
0 0.095184 0.669167 0.062220 0.062220
0 0.643332 0.658590 0.104277 0.104277
0 0.676181 0.132186 0.057104 0.057104
0 0.863202 0.937628 0.104277 0.104277
0 0.090543 0.255233 0.062220 0.062220
0 0.315789 0.787924 0.061130 0.061130
0 0.897523 0.340318 0.052757 0.052757
0 0.303213 0.326390 0.071945 0.071945
0 0.118260 0.906536 0.104278 0.104278
0 0.441818 0.430912 0.104277 0.104277
0 0.362249 0.499836 0.052757 0.052757
0 0.585204 0.500073 0.104277 0.104277
0 0.658684 0.898555 0.052757 0.052757
0 0.274817 0.494034 0.052757 0.052757
0 0.521159 0.582130 0.052757 0.052757
0 0.950390 0.785091 0.104277 0.104277
0 0.897687 0.646737 0.057104 0.057104
0 0.800855 0.870723 0.061130 0.061130
0 0.475686 0.801274 0.104278 0.104278
0 0.542535 0.779665 0.052757 0.052757
0 0.822402 0.458791 0.061130 0.061130
0 0.713755 0.357633 0.071945 0.071945
0 0.880404 0.573329 0.052757 0.052757
0 0.183644 0.958742 0.062220 0.062220
0 0.088171 0.348403 0.052757 0.052757
0 0.233764 0.056508 0.071945 0.071945
0 0.423588 0.239137 0.061130 0.061130
0 0.920951 0.899083 0.071945 0.071945
0 0.722503 0.080819 0.071945 0.071945
0 0.702659 0.525926 0.061130 0.061130
0 0.673328 0.442261 0.062220 0.062220
0 0.817098 0.293447 0.062220 0.062220
0 0.932759 0.122447 0.061130 0.061130
0 0.141630 0.590438 0.061130 0.061130
0 0.722697 0.688227 0.052757 0.052757
0 0.872871 0.724512 0.057104 0.057104
0 0.508414 0.902158 0.057104 0.057104
0 0.376456 0.388915 0.104277 0.104277
0 0.868071 0.024708 0.061130 0.061130
0 0.435689 0.868538 0.071945 0.071945
0 0.374274 0.948104 0.052757 0.052757
0 0.566570 0.943996 0.071945 0.071945
0 0.871525 0.230834 0.061130 0.061130
0 0.092598 0.976578 0.104277 0.104277
0 0.971618 0.323370 0.057104 0.057104
0 0.863767 0.147152 0.104277 0.104277
0 0.302531 0.856508 0.057104 0.057104
0 0.273028 0.934330 0.104277 0.104277
0 0.385039 0.046985 0.052757 0.052757
0 0.228675 0.386616 0.052757 0.052757
0 0.126044 0.107324 0.104278 0.104278
0 0.813978 0.535426 0.104277 0.104277
0 0.774624 0.389447 0.071945 0.071945
0 0.316766 0.240573 0.104277 0.104277
0 0.224609 0.834890 0.071945 0.071945
0 0.515690 0.453514 0.071945 0.071945
0 0.655562 0.297611 0.050932 0.050932
0 0.098778 0.776131 0.057104 0.057104
0 0.792298 0.118725 0.052757 0.052757
0 0.267673 0.151443 0.057104 0.057104
0 0.558435 0.065616 0.071945 0.071945
0 0.769195 0.025785 0.061130 0.061130
0 0.446099 0.978889 0.052757 0.052757
0 0.982530 0.235287 0.057104 0.057104
0 0.516019 0.352247 0.071945 0.071945
0 0.423656 0.115418 0.104277 0.104277
0 0.194879 0.473826 0.104277 0.104277
0 0.205985 0.727893 0.057104 0.057104
0 0.766099 0.185751 0.061130 0.061130
0 0.628464 0.028910 0.071945 0.071945
0 0.388987 0.716529 0.104277 0.104277
0 0.439130 0.560764 0.104277 0.104277
0 0.979647 0.628742 0.061131 0.061131
0 0.222753 0.216160 0.062220 0.062220
0 0.826754 0.670067 0.104277 0.104277
0 0.429636 0.337066 0.052757 0.052757
0 0.726891 0.282436 0.062220 0.062220
0 0.522646 0.260340 0.062220 0.062220
0 0.344803 0.635541 0.052757 0.052757
0 0.224032 0.550330 0.104277 0.104277
0 0.313692 0.708177 0.061130 0.061130
0 0.162537 0.312229 0.057104 0.057104
0 0.437035 0.651127 0.062220 0.062220
0 0.503545 0.686169 0.071945 0.071945
0 0.901659 0.498794 0.071945 0.071945
0 0.732652 0.609823 0.061130 0.061130
0 0.372414 0.170345 0.071945 0.071945
0 0.141538 0.832609 0.052757 0.052757
0 0.467499 0.175314 0.047555 0.047555
0 0.601599 0.200110 0.052757 0.052757
0 0.633167 0.797273 0.104277 0.104277
0 0.114139 0.493061 0.071945 0.071945
0 0.406718 0.792545 0.052757 0.052757
0 0.232016 0.299115 0.057103 0.057103
0 0.597319 0.418215 0.071945 0.071945
0 0.215727 0.621672 0.104277 0.104277
0 0.681549 0.207991 0.071945 0.071945
0 0.672451 0.967533 0.104277 0.104277
0 0.128681 0.003578 0.062220 0.062220