0 0.807535 0.917677 0.062220 0.062220
0 0.977370 0.079073 0.062220 0.062220
0 0.726362 0.382106 0.104277 0.104277
0 0.754420 0.792062 0.057103 0.057103
0 0.388020 0.765348 0.104277 0.104277
0 0.525766 0.837707 0.052757 0.052757
0 0.931444 0.137915 0.062220 0.062220
0 0.708738 0.106539 0.104278 0.104278
0 0.959225 0.542252 0.057104 0.057104
0 0.686540 0.614200 0.104277 0.104277
0 0.867419 0.086051 0.071945 0.071945
0 0.495301 0.547259 0.104277 0.104277
0 0.388878 0.161423 0.104277 0.104277
0 0.349884 0.056417 0.071945 0.071945
0 0.608834 0.144118 0.071945 0.071945
0 0.705937 0.478349 0.057104 0.057104
0 0.353136 0.569090 0.062220 0.062220
0 0.364801 0.459312 0.062220 0.062220
0 0.896990 0.697383 0.057104 0.057104
0 0.654507 0.427218 0.104277 0.104277
0 0.426446 0.605611 0.062220 0.062220
0 0.269347 0.600365 0.104278 0.104278
0 0.930154 0.458679 0.104277 0.104277
0 0.817013 0.739818 0.052757 0.052757
0 0.620868 0.296166 0.052757 0.052757
0 0.887929 0.279527 0.062220 0.062220
0 0.570188 0.763160 0.062220 0.062220
0 0.269535 0.711120 0.071945 0.071945
0 0.473679 0.221744 0.062220 0.062220
0 0.742254 0.542848 0.057104 0.057104
0 0.899408 0.791883 0.057104 0.057104
0 0.665553 0.957424 0.057104 0.057104
0 0.907269 0.959171 0.057104 0.057104
0 0.269599 0.362255 0.052757 0.052757
0 0.947798 0.621212 0.052757 0.052757
0 0.987546 0.259404 0.062220 0.062220
0 0.419137 0.337635 0.061130 0.061130
0 0.358453 0.903611 0.062220 0.062220
0 0.580392 0.966807 0.052757 0.052757
0 0.775093 0.978777 0.052757 0.052757
0 0.592004 0.898098 0.061130 0.061130
0 0.795071 0.182531 0.071945 0.071945
0 0.960457 0.892270 0.104277 0.104277
0 0.785737 0.418315 0.052757 0.052757
0 0.831679 0.629898 0.057104 0.057104
0 0.270505 0.256043 0.104277 0.104277
0 0.660958 0.812916 0.071945 0.071945
0 0.293170 0.100309 0.052757 0.052757
0 0.486548 0.306226 0.061130 0.061130
0 0.355722 0.285484 0.061130 0.061130
0 0.643757 0.554066 0.052757 0.052757
0 0.564662 0.245625 0.071945 0.071945
0 0.526576 0.024985 0.104277 0.104277
0 0.440119 0.675267 0.057104 0.057104
0 0.423089 0.096114 0.057104 0.057104
0 0.976121 0.765991 0.061130 0.061130
0 0.503649 0.418277 0.057104 0.057104
0 0.518155 0.926243 0.061130 0.061130
0 0.302104 0.429419 0.061130 0.061130
0 0.484767 0.763429 0.062220 0.062220
0 0.322752 0.195526 0.104278 0.104278
0 0.275257 0.907125 0.061130 0.061130
0 0.797561 0.492800 0.061130 0.061130
0 0.741412 0.312716 0.104277 0.104277
0 0.704113 0.183616 0.052757 0.052757
0 0.316473 0.835133 0.061130 0.061130
0 0.508172 0.685494 0.057104 0.057104
0 0.924612 0.217379 0.057104 0.057104
0 0.806997 0.341805 0.071945 0.071945
0 0.366540 0.692843 0.052757 0.052757
0 0.873870 0.876593 0.057104 0.057104
0 0.801134 0.104309 0.056505 0.056505
0 0.748628 0.866942 0.104277 0.104277
0 0.440153 0.465955 0.062220 0.062220
0 0.795431 0.035620 0.061130 0.061130
0 0.772755 0.672019 0.062220 0.062220
0 0.402087 0.840815 0.071945 0.071945
0 0.871948 0.366961 0.057104 0.057104
0 0.594985 0.059422 0.062220 0.062220
0 0.554025 0.595175 0.104277 0.104277
0 0.532248 0.179841 0.057104 0.057104
0 0.672566 0.730874 0.052757 0.052757
0 0.559427 0.475470 0.057104 0.057104
0 0.619817 0.656331 0.062220 0.062220
0 0.274007 0.996557 0.071945 0.071945
0 0.306558 0.514218 0.061130 0.061130
0 0.438959 0.963940 0.062220 0.062220