0 0.527370 0.597823 0.062220 0.062220
0 0.276362 0.900856 0.104277 0.104277
0 0.481444 0.656665 0.062220 0.062220
0 0.628018 0.633677 0.070161 0.070161
0 0.130104 0.304338 0.062220 0.062220
0 0.258738 0.625289 0.104278 0.104278
0 0.981392 0.292270 0.062220 0.062220
0 0.378131 0.296696 0.057104 0.057104
0 0.897932 0.724874 0.071945 0.071945
0 0.995591 0.412252 0.062220 0.062220
0 0.417419 0.604801 0.071945 0.071945
0 0.713725 0.663430 0.062220 0.062220
0 0.730853 0.965722 0.061131 0.061131
0 0.391839 0.373381 0.062220 0.062220
0 0.750296 0.727266 0.104277 0.104277
0 0.925491 0.379657 0.052757 0.052757
0 0.158834 0.662868 0.071945 0.071945
0 0.664755 0.572901 0.061130 0.061130
0 0.255937 0.997099 0.057104 0.057104
0 0.377640 0.456142 0.071945 0.071945
0 0.204507 0.945968 0.104277 0.104277
0 0.794265 0.862192 0.071945 0.071945
0 0.311944 0.395143 0.104277 0.104277
0 0.128185 0.470923 0.104277 0.104277
0 0.255406 0.507580 0.057104 0.057104
0 0.247489 0.370879 0.071945 0.071945
0 0.480154 0.977429 0.104277 0.104277
0 0.858481 0.458706 0.071945 0.071945
0 0.464352 0.327135 0.071945 0.071945
0 0.170868 0.814916 0.052757 0.052757
0 0.645316 0.796493 0.104277 0.104277
0 0.746180 0.541090 0.057104 0.057104
0 0.437929 0.798277 0.062220 0.062220
0 0.746936 0.343946 0.061131 0.061131
0 0.023679 0.740494 0.062220 0.062220
0 0.045780 0.379628 0.104277 0.104277
0 0.716652 0.443221 0.071945 0.071945
0 0.606107 0.503403 0.071945 0.071945
0 0.537546 0.778154 0.062220 0.062220
0 0.467749 0.438457 0.052757 0.052757
0 0.345071 0.701281 0.071945 0.071945
0 0.335737 0.937065 0.052757 0.052757
0 0.843771 0.361235 0.052757 0.052757
0 0.779600 0.606729 0.062220 0.062220
0 0.050000 0.467063 0.057104 0.057104
0 0.036548 0.824976 0.061130 0.061130
0 0.523346 0.493568 0.052757 0.052757
0 0.824164 0.790667 0.061131 0.061131
0 0.577029 0.322532 0.071945 0.071945
0 0.114662 0.764375 0.071945 0.071945
0 0.728008 0.827985 0.061131 0.061131
0 0.076576 0.543735 0.104277 0.104277
0 0.996549 0.602189 0.071945 0.071945
0 0.908014 0.299450 0.062220 0.062220
0 0.600963 0.403785 0.057104 0.057104
0 0.053649 0.937027 0.057104 0.057104
0 0.217473 0.446479 0.062220 0.062220
0 0.287501 0.277059 0.104277 0.104277
0 0.690992 0.906148 0.052757 0.052757
0 0.988180 0.798511 0.057104 0.057104
0 0.595959 0.706181 0.052757 0.052757
0 0.843105 0.639844 0.071945 0.071945
0 0.924279 0.501847 0.071945 0.071945
0 0.659733 0.290377 0.104277 0.104277
0 0.569043 0.931563 0.104277 0.104277
0 0.291412 0.831466 0.104277 0.104277
0 0.254113 0.702366 0.052757 0.052757
0 0.474612 0.736129 0.057104 0.057104
0 0.356997 0.860555 0.071945 0.071945
0 0.433141 0.500992 0.104277 0.104277
0 0.854685 0.562894 0.071945 0.071945
0 0.351134 0.623059 0.056505 0.056505
0 0.859930 0.913811 0.104277 0.104277
0 0.926272 0.983248 0.052757 0.052757
0 0.933427 0.848792 0.071945 0.071945
0 0.947400 0.658806 0.104277 0.104277
0 0.571226 0.844412 0.057104 0.057104
0 0.345431 0.554370 0.061130 0.061130
0 0.678332 0.504455 0.057103 0.057103
0 0.421948 0.885711 0.057104 0.057104
0 0.144985 0.578172 0.062220 0.062220
0 0.055536 0.284115 0.062220 0.062220
0 0.082248 0.698591 0.057104 0.057104
0 0.109427 0.994220 0.057104 0.057104
0 0.162261 0.365422 0.061130 0.061130
0 0.831049 0.290799 0.057104 0.057104
0 0.813829 0.972948 0.052757 0.052757