0 0.675419 0.874986 0.061130 0.061130
0 0.608512 0.735315 0.104277 0.104277
0 0.670338 0.644267 0.071945 0.071945
0 0.822151 0.629877 0.071945 0.071945
0 0.900904 0.836735 0.104277 0.104277
0 0.576190 0.836884 0.052757 0.052757
0 0.978768 0.883260 0.071945 0.071945
0 0.873057 0.178911 0.104277 0.104277
0 0.905537 0.520180 0.061131 0.061131
0 0.614221 0.507368 0.104277 0.104277
0 0.120386 0.789981 0.052757 0.052757
0 0.070035 0.283302 0.062220 0.062220
0 0.936652 0.256575 0.104277 0.104277
0 0.484284 0.679824 0.062220 0.062220
0 0.742293 0.443339 0.052757 0.052757
0 0.395119 0.864983 0.104277 0.104277
0 0.939543 0.095155 0.061131 0.061131
0 0.653097 0.801523 0.061131 0.061131
0 0.016920 0.157687 0.057103 0.057103
0 0.119931 0.997811 0.057104 0.057104
0 0.686231 0.553864 0.057104 0.057104
0 0.185973 0.404978 0.071945 0.071945
0 0.822759 0.018688 0.071945 0.071945
0 0.737313 0.762018 0.052757 0.052757
0 0.233221 0.467417 0.061130 0.061130
0 0.411355 0.591372 0.052757 0.052757
0 0.875647 0.314230 0.062220 0.062220
0 0.793520 0.697978 0.057104 0.057104
0 0.713473 0.380778 0.057104 0.057104
0 0.710320 0.219953 0.052757 0.052757
0 0.905993 0.919989 0.036679 0.036679
0 0.821474 0.358216 0.061130 0.061130
0 0.536343 0.207256 0.061131 0.061131
0 0.164740 0.680457 0.057104 0.057104
0 0.739755 0.850600 0.057104 0.057104
0 0.478555 0.527281 0.052757 0.052757
0 0.251671 0.676714 0.057104 0.057104
0 0.474523 0.803233 0.071945 0.071945
0 0.471469 0.128563 0.062220 0.062220
0 0.764403 0.315239 0.061131 0.061131
0 0.955271 0.738669 0.104277 0.104277
0 0.583618 0.609564 0.071945 0.071945
0 0.813630 0.248692 0.057104 0.057104
0 0.130890 0.580919 0.057104 0.057104
0 0.159490 0.063008 0.057104 0.057104
0 0.545742 0.769682 0.057104 0.057104
0 0.278079 0.345110 0.061130 0.061130
0 0.166253 0.946444 0.071945 0.071945
0 0.902198 0.680377 0.061130 0.061130
0 0.376509 0.988072 0.061130 0.061130
0 0.980958 0.810992 0.061130 0.061130
0 0.079513 0.105443 0.052757 0.052757
0 0.550216 0.409400 0.104277 0.104277
0 0.311821 0.890333 0.061130 0.061130
0 0.282895 0.818598 0.061130 0.061130
0 0.161908 0.157508 0.057104 0.057104
0 0.852294 0.774860 0.062220 0.062220
0 0.064013 0.544871 0.104277 0.104277
0 0.169769 0.324796 0.057104 0.057104
0 0.281489 0.055918 0.104277 0.104277
0 0.461575 0.944868 0.104277 0.104277
0 0.038335 0.439133 0.104277 0.104277
0 0.322378 0.556536 0.052757 0.052757
0 0.765726 0.545890 0.062220 0.062220
0 0.053428 0.631433 0.104277 0.104277
0 0.582656 0.092395 0.061131 0.061131
0 0.037593 0.344402 0.052757 0.052757
0 0.512136 0.993405 0.104277 0.104277
0 0.222957 0.257895 0.104277 0.104277
0 0.491041 0.880715 0.052757 0.052757
0 0.358266 0.141092 0.061130 0.061130
0 0.440752 0.038880 0.104277 0.104277
0 0.797957 0.920403 0.062220 0.062220
0 0.672195 0.162774 0.057104 0.057104
0 0.203400 0.754202 0.071945 0.071945
0 0.128345 0.507172 0.062220 0.062220
0 0.832798 0.463741 0.071945 0.071945
0 0.442677 0.446869 0.052757 0.052757
0 0.435444 0.217206 0.062220 0.062220
0 0.089277 0.712869 0.104277 0.104277
0 0.795681 0.121398 0.071945 0.071945
0 0.236048 0.984350 0.052757 0.052757
0 0.238621 0.131616 0.061130 0.061130
0 0.400209 0.280824 0.104278 0.104278
0 0.002185 0.931241 0.071945 0.071945
0 0.853620 0.968321 0.071945 0.071945
0 0.212945 0.891410 0.061130 0.061130
0 0.571974 0.949465 0.052757 0.052757
0 0.650352 0.344995 0.062220 0.062220
0 0.235593 0.536571 0.057104 0.057104
0 0.457227 0.346735 0.062220 0.062220
0 0.335784 0.461311 0.057104 0.057104
0 0.072214 0.894535 0.071945 0.071945
0 0.994515 0.958468 0.061131 0.061131
0 0.701813 0.095822 0.052757 0.052757
0 0.199701 0.611036 0.048997 0.048997
0 0.489147 0.279106 0.071945 0.071945
0 0.402727 0.515667 0.062220 0.062220
0 0.975758 0.427402 0.057104 0.057104
0 0.136370 0.242218 0.057104 0.057104
0 0.334786 0.238904 0.104277 0.104277
0 0.011128 0.232567 0.104277 0.104277
0 0.666581 0.012665 0.057104 0.057104
0 0.398709 0.757028 0.062220 0.062220
0 0.529348 0.336032 0.052757 0.052757
0 0.958501 0.567340 0.057104 0.057104
0 0.340819 0.006785 0.061130 0.061130
0 0.402286 0.667217 0.061131 0.061131
0 0.517800 0.048806 0.071945 0.071945
0 0.967163 0.353703 0.104277 0.104277
0 0.035255 0.037644 0.062220 0.062220
0 0.117502 0.429280 0.057104 0.057104
0 0.329794 0.764022 0.071945 0.071945
0 0.618157 0.222415 0.061131 0.061131