0 0.274708 0.272488 0.052757 0.052757
0 0.826636 0.011856 0.052757 0.052757
0 0.740354 0.668703 0.061130 0.061130
0 0.879737 0.947275 0.104277 0.104277
0 0.962094 0.879073 0.104277 0.104277
0 0.886261 0.848133 0.061130 0.061130
0 0.750322 0.433037 0.057104 0.057104
0 0.245184 0.756667 0.062220 0.062220
0 0.793332 0.746090 0.104277 0.104277
0 0.826181 0.219686 0.057104 0.057104
0 0.240543 0.342733 0.062220 0.062220
0 0.465789 0.875424 0.061130 0.061130
0 0.453213 0.413890 0.071945 0.071945
0 0.268260 0.994036 0.104278 0.104278
0 0.591818 0.518412 0.104277 0.104277
0 0.512249 0.587336 0.052757 0.052757
0 0.735204 0.587573 0.104277 0.104277
0 0.808684 0.986055 0.052757 0.052757
0 0.424817 0.581534 0.052757 0.052757
0 0.671159 0.669630 0.052757 0.052757
0 0.950855 0.958223 0.061130 0.061130
0 0.625686 0.888774 0.104278 0.104278
0 0.692535 0.867165 0.052757 0.052757
0 0.972402 0.546291 0.061130 0.061130
0 0.863755 0.445133 0.071945 0.071945
0 0.238171 0.435903 0.052757 0.052757
0 0.383764 0.144008 0.071945 0.071945
0 0.573588 0.326637 0.061130 0.061130
0 0.376830 0.073552 0.071945 0.071945
0 0.872503 0.168319 0.071945 0.071945
0 0.852659 0.613426 0.061130 0.061130
0 0.823328 0.529761 0.062220 0.062220
0 0.967098 0.380947 0.062220 0.062220
0 0.291630 0.677938 0.061130 0.061130
0 0.872697 0.775727 0.052757 0.052757
0 0.658414 0.989658 0.057104 0.057104
0 0.526456 0.476415 0.104277 0.104277
0 0.585689 0.956038 0.071945 0.071945
0 0.989145 0.040473 0.061130 0.061130
0 0.583788 0.052260 0.071945 0.071945
0 0.452531 0.944008 0.057104 0.057104
0 0.703075 0.003391 0.052757 0.052757
0 0.535039 0.134485 0.052757 0.052757
0 0.378675 0.474116 0.052757 0.052757
0 0.276044 0.194824 0.104278 0.104278
0 0.963978 0.622926 0.104277 0.104277
0 0.458816 0.006918 0.061130 0.061130
0 0.924624 0.476947 0.071945 0.071945
0 0.466766 0.328073 0.104277 0.104277
0 0.374609 0.922390 0.071945 0.071945
0 0.665690 0.541014 0.071945 0.071945
0 0.805562 0.385111 0.050932 0.050932
0 0.248778 0.863631 0.057104 0.057104
0 0.942298 0.206225 0.052757 0.052757
0 0.417673 0.238943 0.057104 0.057104
0 0.708435 0.153116 0.071945 0.071945
0 0.919195 0.113285 0.061130 0.061130
0 0.494797 0.077744 0.062220 0.062220
0 0.666019 0.439747 0.071945 0.071945
0 0.573656 0.202918 0.104277 0.104277
0 0.280411 0.002862 0.061130 0.061130
0 0.344879 0.561326 0.104277 0.104277
0 0.355985 0.815393 0.057104 0.057104
0 0.916099 0.273251 0.061130 0.061130
0 0.778464 0.116410 0.071945 0.071945
0 0.538987 0.804029 0.104277 0.104277
0 0.589130 0.648264 0.104277 0.104277
0 0.372753 0.303660 0.062220 0.062220
0 0.976754 0.757567 0.104277 0.104277
0 0.579636 0.424566 0.052757 0.052757
0 0.876891 0.369936 0.062220 0.062220
0 0.672646 0.347840 0.062220 0.062220
0 0.494803 0.723041 0.052757 0.052757
0 0.374032 0.637830 0.104277 0.104277
0 0.463692 0.795677 0.061130 0.061130
0 0.312537 0.399729 0.057104 0.057104
0 0.587035 0.738627 0.062220 0.062220
0 0.653545 0.773669 0.071945 0.071945
0 0.882652 0.697323 0.061130 0.061130
0 0.522414 0.257845 0.071945 0.071945
0 0.291538 0.920109 0.052757 0.052757
0 0.617499 0.262814 0.047555 0.047555
0 0.751599 0.287610 0.052757 0.052757
0 0.783167 0.884773 0.104277 0.104277
0 0.264139 0.580561 0.071945 0.071945
0 0.556718 0.880045 0.052757 0.052757
0 0.382016 0.386615 0.057103 0.057103
0 0.747319 0.505715 0.071945 0.071945
0 0.365727 0.709172 0.104277 0.104277
0 0.831549 0.295491 0.071945 0.071945
0 0.278681 0.091078 0.062220 0.062220