0 0.956467 0.371352 0.104277 0.104277
0 0.912919 0.159361 0.061130 0.061130
0 0.628927 0.578880 0.104278 0.104278
0 0.846012 0.019690 0.104277 0.104277
0 0.813690 0.121259 0.052757 0.052757
0 0.747071 0.740228 0.052757 0.052757
0 0.927368 0.926974 0.061130 0.061130
0 0.357886 0.074356 0.052757 0.052757
0 0.271604 0.731203 0.061130 0.061130
0 0.646365 0.689685 0.052757 0.052757
0 0.667436 0.860912 0.052757 0.052757
0 0.950591 0.286167 0.057104 0.057104
0 0.743743 0.936047 0.071945 0.071945
0 0.493344 0.941573 0.104277 0.104277
0 0.986453 0.472803 0.051819 0.051819
0 0.417511 0.910633 0.061130 0.061130
0 0.281572 0.495537 0.057104 0.057104
0 0.632619 0.149358 0.104277 0.104277
0 0.890597 0.085898 0.061131 0.061131
0 0.324582 0.808590 0.104277 0.104277
0 0.357431 0.282186 0.057104 0.057104
0 0.879159 0.761604 0.104277 0.104277
0 0.974813 0.046393 0.052757 0.052757
0 0.578773 0.490318 0.052757 0.052757
0 0.123068 0.580912 0.104277 0.104277
0 0.043499 0.649836 0.052757 0.052757
0 0.977255 0.134975 0.057104 0.057104
0 0.266454 0.650073 0.104277 0.104277
0 0.712023 0.087608 0.071945 0.071945
0 0.763902 0.482563 0.052757 0.052757
0 0.202409 0.732130 0.052757 0.052757
0 0.631640 0.935091 0.104277 0.104277
0 0.578937 0.796737 0.057104 0.057104
0 0.784274 0.878341 0.052757 0.052757
0 0.978749 0.629776 0.054783 0.054783
0 0.946851 0.741942 0.071945 0.071945
0 0.156936 0.951274 0.104278 0.104278
0 0.947111 0.812766 0.061130 0.061130
0 0.729975 0.403194 0.071945 0.071945
0 0.223785 0.929665 0.052757 0.052757
0 0.503652 0.608791 0.061130 0.061130
0 0.395005 0.507633 0.071945 0.071945
0 0.561654 0.723329 0.052757 0.052757
0 0.827131 0.638444 0.057104 0.057104
0 0.783242 0.054057 0.057104 0.057104
0 0.104838 0.389137 0.061130 0.061130
0 0.403753 0.230819 0.071945 0.071945
0 0.383909 0.675926 0.061130 0.061130
0 0.354578 0.592261 0.062220 0.062220
0 0.498348 0.443447 0.062220 0.062220
0 0.614009 0.272447 0.061130 0.061130
0 0.841326 0.516570 0.052757 0.052757
0 0.403947 0.838227 0.052757 0.052757
0 0.554121 0.874512 0.057104 0.057104
0 0.103869 0.033062 0.071945 0.071945
0 0.057706 0.538915 0.104277 0.104277
0 0.549321 0.174708 0.061130 0.061130
0 0.520395 0.102973 0.061130 0.061130
0 0.699075 0.229243 0.104277 0.104277
0 0.862480 0.327116 0.071945 0.071945
0 0.552775 0.380834 0.061130 0.061130
0 0.115038 0.114760 0.071945 0.071945
0 0.652868 0.473370 0.057104 0.057104
0 0.545017 0.297152 0.104277 0.104277
0 0.752469 0.550986 0.062220 0.062220
0 0.749636 0.277780 0.104277 0.104277
0 0.234325 0.065891 0.052757 0.052757
0 0.728541 0.165090 0.052757 0.052757
0 0.066289 0.196985 0.052757 0.052757
0 0.758941 0.809651 0.104277 0.104277
0 0.440900 0.038577 0.071945 0.071945
0 0.495228 0.685426 0.104277 0.104277
0 0.455874 0.539447 0.071945 0.071945
0 0.698772 0.607075 0.104277 0.104277
0 0.853605 0.411032 0.057104 0.057104
0 0.196940 0.603514 0.071945 0.071945
0 0.336812 0.447611 0.050932 0.050932
0 0.473548 0.268725 0.052757 0.052757
0 0.239685 0.215616 0.071945 0.071945
0 0.450445 0.175785 0.061130 0.061130
0 0.026047 0.140244 0.062220 0.062220
0 0.809474 0.233840 0.052757 0.052757
0 0.663780 0.385287 0.057104 0.057104
0 0.197269 0.502247 0.071945 0.071945
0 0.104906 0.265418 0.104277 0.104277
0 0.447349 0.335751 0.061130 0.061130
0 0.309714 0.178910 0.071945 0.071945
0 0.070237 0.866529 0.104277 0.104277
0 0.888394 0.985965 0.061130 0.061130
0 0.120380 0.710764 0.104277 0.104277
0 0.660897 0.778742 0.061131 0.061131
0 0.508004 0.820067 0.104277 0.104277
0 0.110886 0.487066 0.052757 0.052757
0 0.636209 0.041403 0.062220 0.062220
0 0.965190 0.561822 0.052757 0.052757
0 0.892627 0.596049 0.104277 0.104277
0 0.408141 0.432436 0.062220 0.062220
0 0.203896 0.410340 0.062220 0.062220
0 0.026053 0.785541 0.052757 0.052757
0 0.118285 0.801127 0.062220 0.062220
0 0.184795 0.836169 0.071945 0.071945
0 0.582909 0.648794 0.071945 0.071945
0 0.413902 0.759823 0.061130 0.061130
0 0.053664 0.320345 0.071945 0.071945
0 0.823110 0.715014 0.071945 0.071945
0 0.148749 0.325314 0.047555 0.047555
0 0.282849 0.350110 0.052757 0.052757
0 0.314417 0.947273 0.104277 0.104277
0 0.853817 0.852954 0.104277 0.104277
0 0.087968 0.942545 0.052757 0.052757
0 0.567294 0.048397 0.071945 0.071945
0 0.278569 0.568215 0.071945 0.071945
0 0.362799 0.357991 0.071945 0.071945