0 0.743967 0.180727 0.104277 0.104277
0 0.416427 0.388255 0.104278 0.104278
0 0.670470 0.980032 0.071945 0.071945
0 0.894257 0.178403 0.062220 0.062220
0 0.945591 0.948011 0.071945 0.071945
0 0.472083 0.825377 0.104277 0.104277
0 0.534571 0.549603 0.052757 0.052757
0 0.714868 0.736349 0.061130 0.061130
0 0.207062 0.906571 0.052757 0.052757
0 0.218754 0.993120 0.104277 0.104277
0 0.059104 0.540578 0.061130 0.061130
0 0.433865 0.499060 0.052757 0.052757
0 0.887812 0.698225 0.071945 0.071945
0 0.454936 0.670287 0.052757 0.052757
0 0.568619 0.999487 0.062220 0.062220
0 0.198487 0.819150 0.104277 0.104277
0 0.738091 0.095542 0.057104 0.057104
0 0.531243 0.745422 0.071945 0.071945
0 0.280844 0.750948 0.104277 0.104277
0 0.773953 0.282178 0.051819 0.051819
0 0.205011 0.720008 0.061130 0.061130
0 0.069072 0.304912 0.057104 0.057104
0 0.954101 0.225891 0.052757 0.052757
0 0.112082 0.617965 0.104277 0.104277
0 0.144931 0.091561 0.057104 0.057104
0 0.666659 0.570979 0.104277 0.104277
0 0.966520 0.817083 0.104277 0.104277
0 0.331952 0.897003 0.104277 0.104277
0 0.969719 0.687365 0.062220 0.062220
0 0.930993 0.013739 0.036679 0.036679
0 0.366273 0.299693 0.052757 0.052757
0 0.849794 0.352522 0.104277 0.104277
0 0.844931 0.279229 0.071945 0.071945
0 0.053954 0.459448 0.104277 0.104277
0 0.127434 0.857930 0.052757 0.052757
0 0.609116 0.821711 0.052757 0.052757
0 0.551402 0.291938 0.052757 0.052757
0 0.419140 0.744466 0.104277 0.104277
0 0.366437 0.606112 0.057104 0.057104
0 0.571774 0.687716 0.052757 0.052757
0 0.766249 0.439151 0.054783 0.054783
0 0.903092 0.884287 0.062220 0.062220
0 0.746779 0.959837 0.061131 0.061131
0 0.933801 0.373063 0.057103 0.057103
0 0.269605 0.830098 0.061130 0.061130
0 0.705172 0.888288 0.071945 0.071945
0 0.734351 0.551317 0.071945 0.071945
0 0.734611 0.622141 0.061130 0.061130
0 0.517475 0.212569 0.071945 0.071945
0 0.011285 0.739040 0.052757 0.052757
0 0.291152 0.418166 0.061130 0.061130
0 0.182505 0.317008 0.071945 0.071945
0 0.349154 0.532704 0.052757 0.052757
0 0.614631 0.447819 0.057104 0.057104
0 0.979285 0.307765 0.061131 0.061131
0 0.020746 0.994064 0.057104 0.057104
0 0.389701 0.858458 0.071945 0.071945
0 0.191253 0.040194 0.071945 0.071945
0 0.171409 0.485301 0.061130 0.061130
0 0.142078 0.401636 0.062220 0.062220
0 0.824002 0.965559 0.052757 0.052757
0 0.285848 0.252822 0.062220 0.062220
0 0.401509 0.081822 0.061130 0.061130
0 0.533548 0.925097 0.061130 0.061130
0 0.628826 0.325945 0.052757 0.052757
0 0.191447 0.647602 0.052757 0.052757
0 0.341621 0.683887 0.057104 0.057104
0 0.321431 0.968262 0.071945 0.071945
0 0.486575 0.038618 0.104277 0.104277
0 0.649980 0.136491 0.071945 0.071945
0 0.035320 0.903371 0.071945 0.071945
0 0.858764 0.539809 0.052757 0.052757
0 0.340275 0.190209 0.061130 0.061130
0 0.440368 0.282745 0.057104 0.057104
0 0.332517 0.106527 0.104277 0.104277
0 0.539969 0.360361 0.062220 0.062220
0 0.537136 0.087155 0.104277 0.104277
0 0.546441 0.619026 0.104277 0.104277
0 0.901628 0.779320 0.052757 0.052757
0 0.822957 0.014153 0.062220 0.062220
0 0.282728 0.494801 0.104277 0.104277
0 0.813675 0.831184 0.052757 0.052757
0 0.243374 0.348822 0.071945 0.071945
0 0.633212 0.897571 0.057104 0.057104
0 0.486272 0.416450 0.104277 0.104277
0 0.965168 0.096849 0.104277 0.104277
0 0.641105 0.220407 0.057104 0.057104
0 0.124312 0.256986 0.050932 0.050932
0 0.261048 0.078100 0.052757 0.052757
0 0.027185 0.024991 0.071945 0.071945
0 0.878620 0.062071 0.071945 0.071945
0 0.596974 0.043215 0.052757 0.052757
0 0.451280 0.194662 0.057104 0.057104
0 0.842609 0.425900 0.104277 0.104277
0 0.234849 0.145126 0.061130 0.061130
0 0.546755 0.852561 0.050559 0.050559
0 0.675894 0.795340 0.061130 0.061130
0 0.805165 0.615712 0.071945 0.071945
0 0.907152 0.470098 0.057104 0.057104
0 0.947198 0.527236 0.104277 0.104277
0 0.448397 0.588117 0.061131 0.061131
0 0.295504 0.629442 0.104277 0.104277
0 0.803965 0.710265 0.071945 0.071945
0 0.752690 0.371197 0.052757 0.052757
0 0.680127 0.405424 0.104277 0.104277
0 0.195641 0.241811 0.062220 0.062220
0 0.370409 0.458169 0.071945 0.071945
0 0.201402 0.569198 0.061130 0.061130
0 0.610610 0.524389 0.071945 0.071945
0 0.070349 0.159485 0.052757 0.052757
0 0.101917 0.756648 0.104277 0.104277
0 0.916874 0.618840 0.104277 0.104277
0 0.641317 0.662329 0.104277 0.104277
0 0.405810 0.982243 0.052757 0.052757
0 0.066069 0.377590 0.071945 0.071945
0 0.815576 0.141970 0.057104 0.057104
0 0.150299 0.167366 0.071945 0.071945
0 0.141201 0.926908 0.104277 0.104277