0 0.759592 0.177602 0.104277 0.104277
0 0.432052 0.385130 0.104278 0.104278
0 0.686095 0.976907 0.071945 0.071945
0 0.909882 0.175278 0.062220 0.062220
0 0.961216 0.944886 0.071945 0.071945
0 0.487708 0.822252 0.104277 0.104277
0 0.550196 0.546478 0.052757 0.052757
0 0.730493 0.733224 0.061130 0.061130
0 0.222687 0.903446 0.052757 0.052757
0 0.234379 0.989995 0.104277 0.104277
0 0.074729 0.537453 0.061130 0.061130
0 0.449490 0.495935 0.052757 0.052757
0 0.903437 0.695100 0.071945 0.071945
0 0.470561 0.667162 0.052757 0.052757
0 0.584244 0.996362 0.062220 0.062220
0 0.214112 0.816025 0.104277 0.104277
0 0.753716 0.092417 0.057104 0.057104
0 0.546868 0.742297 0.071945 0.071945
0 0.296469 0.747823 0.104277 0.104277
0 0.789578 0.279053 0.051819 0.051819
0 0.220636 0.716883 0.061130 0.061130
0 0.084697 0.301787 0.057104 0.057104
0 0.969726 0.222766 0.052757 0.052757
0 0.127707 0.614840 0.104277 0.104277
0 0.160556 0.088436 0.057104 0.057104
0 0.682284 0.567854 0.104277 0.104277
0 0.982145 0.813958 0.104277 0.104277
0 0.347577 0.893878 0.104277 0.104277
0 0.985344 0.684240 0.062220 0.062220
0 0.946618 0.010614 0.036679 0.036679
0 0.381898 0.296568 0.052757 0.052757
0 0.865419 0.349397 0.104277 0.104277
0 0.860556 0.276104 0.071945 0.071945
0 0.069579 0.456323 0.104277 0.104277
0 0.143059 0.854805 0.052757 0.052757
0 0.624741 0.818586 0.052757 0.052757
0 0.567027 0.288813 0.052757 0.052757
0 0.005534 0.538380 0.052757 0.052757
0 0.434765 0.741341 0.104277 0.104277
0 0.382062 0.602987 0.057104 0.057104
0 0.587399 0.684591 0.052757 0.052757
0 0.781874 0.436026 0.054783 0.054783
0 0.918717 0.881162 0.062220 0.062220
0 0.762404 0.956712 0.061131 0.061131
0 0.949426 0.369938 0.057103 0.057103
0 0.285230 0.826973 0.061130 0.061130
0 0.720797 0.885163 0.071945 0.071945
0 0.749976 0.548192 0.071945 0.071945
0 0.750236 0.619016 0.061130 0.061130
0 0.533100 0.209444 0.071945 0.071945
0 0.026910 0.735915 0.052757 0.052757
0 0.306777 0.415041 0.061130 0.061130
0 0.198130 0.313883 0.071945 0.071945
0 0.364779 0.529579 0.052757 0.052757
0 0.630256 0.444694 0.057104 0.057104
0 0.994910 0.304640 0.061131 0.061131
0 0.036371 0.990939 0.057104 0.057104
0 0.405326 0.855333 0.071945 0.071945
0 0.206878 0.037069 0.071945 0.071945
0 0.187034 0.482176 0.061130 0.061130
0 0.157703 0.398511 0.062220 0.062220
0 0.839627 0.962434 0.052757 0.052757
0 0.301473 0.249697 0.062220 0.062220
0 0.417134 0.078697 0.061130 0.061130
0 0.549173 0.921972 0.061130 0.061130
0 0.644451 0.322820 0.052757 0.052757
0 0.207072 0.644477 0.052757 0.052757
0 0.357246 0.680762 0.057104 0.057104
0 0.337056 0.965137 0.071945 0.071945
0 0.502200 0.035493 0.104277 0.104277
0 0.665605 0.133366 0.071945 0.071945
0 0.050945 0.900246 0.071945 0.071945
0 0.874389 0.536684 0.052757 0.052757
0 0.355900 0.187084 0.061130 0.061130
0 0.455993 0.279620 0.057104 0.057104
0 0.348142 0.103402 0.104277 0.104277
0 0.555594 0.357236 0.062220 0.062220
0 0.552761 0.084030 0.104277 0.104277
0 0.562066 0.615901 0.104277 0.104277
0 0.917253 0.776195 0.052757 0.052757
0 0.838582 0.011028 0.062220 0.062220
0 0.298353 0.491676 0.104277 0.104277
0 0.829300 0.828059 0.052757 0.052757
0 0.258999 0.345697 0.071945 0.071945
0 0.648837 0.894446 0.057104 0.057104
0 0.501897 0.413325 0.104277 0.104277
0 0.980793 0.093724 0.104277 0.104277
0 0.656730 0.217282 0.057104 0.057104
0 0.000065 0.409764 0.071945 0.071945
0 0.139937 0.253861 0.050932 0.050932
0 0.276673 0.074975 0.052757 0.052757
0 0.042810 0.021866 0.071945 0.071945
0 0.894245 0.058946 0.071945 0.071945
0 0.612599 0.040090 0.052757 0.052757
0 0.466905 0.191537 0.057104 0.057104
0 0.858234 0.422775 0.104277 0.104277
0 0.000394 0.308497 0.071945 0.071945
0 0.250474 0.142001 0.061130 0.061130
0 0.562380 0.849436 0.050559 0.050559
0 0.691519 0.792215 0.061130 0.061130
0 0.820790 0.612587 0.071945 0.071945
0 0.922777 0.466973 0.057104 0.057104
0 0.962823 0.524111 0.104277 0.104277
0 0.464022 0.584992 0.061131 0.061131
0 0.311129 0.626317 0.104277 0.104277
0 0.819590 0.707140 0.071945 0.071945
0 0.768315 0.368072 0.052757 0.052757
0 0.695752 0.402299 0.104277 0.104277
0 0.211266 0.238686 0.062220 0.062220
0 0.007021 0.216590 0.062220 0.062220
0 0.386034 0.455044 0.071945 0.071945
0 0.217027 0.566073 0.061130 0.061130
0 0.626235 0.521264 0.071945 0.071945
0 0.085974 0.156360 0.052757 0.052757
0 0.117542 0.753523 0.104277 0.104277
0 0.932499 0.615715 0.104277 0.104277
0 0.656942 0.659204 0.104277 0.104277
0 0.421435 0.979118 0.052757 0.052757
0 0.081694 0.374465 0.071945 0.071945
0 0.831201 0.138845 0.057104 0.057104
0 0.165924 0.164241 0.071945 0.071945
0 0.156826 0.923783 0.104277 0.104277