0 0.231669 0.962486 0.061130 0.061130
0 0.634614 0.924195 0.052757 0.052757
0 0.164762 0.822815 0.104277 0.104277
0 0.226588 0.731767 0.071945 0.071945
0 0.378401 0.717377 0.071945 0.071945
0 0.457154 0.924235 0.104277 0.104277
0 0.132440 0.924384 0.052757 0.052757
0 0.535018 0.970760 0.071945 0.071945
0 0.429307 0.266411 0.104277 0.104277
0 0.461787 0.607680 0.061131 0.061131
0 0.619409 0.230939 0.104277 0.104277
0 0.170471 0.594868 0.104277 0.104277
0 0.663598 0.427187 0.057104 0.057104
0 0.790051 0.632147 0.062221 0.062221
0 0.678957 0.595152 0.104277 0.104277
0 0.755983 0.389066 0.104277 0.104277
0 0.582439 0.140696 0.057104 0.057104
0 0.492902 0.344075 0.104277 0.104277
0 0.040534 0.767324 0.062220 0.062220
0 0.298543 0.530839 0.052757 0.052757
0 0.780004 0.904261 0.071945 0.071945
0 0.495793 0.182655 0.061131 0.061131
0 0.209347 0.889023 0.061131 0.061131
0 0.242481 0.641364 0.057104 0.057104
0 0.379009 0.106188 0.071945 0.071945
0 0.293563 0.849518 0.052757 0.052757
0 0.561620 0.585320 0.104277 0.104277
0 0.596018 0.006467 0.062220 0.062220
0 0.431897 0.401730 0.062220 0.062220
0 0.349770 0.785478 0.057104 0.057104
0 0.269723 0.468278 0.057104 0.057104
0 0.266570 0.307453 0.052757 0.052757
0 0.740319 0.738235 0.052757 0.052757
0 0.377724 0.445716 0.061130 0.061130
0 0.654175 0.127718 0.071945 0.071945
0 0.092593 0.294756 0.061131 0.061131
0 0.680232 0.699046 0.062221 0.062221
0 0.296005 0.938100 0.057104 0.057104
0 0.034805 0.614781 0.052757 0.052757
0 0.681862 0.504534 0.071945 0.071945
0 0.618777 0.734675 0.052757 0.052757
0 0.587587 0.318525 0.061130 0.061130
0 0.605883 0.802537 0.104277 0.104277
0 0.030773 0.890733 0.071945 0.071945
0 0.027719 0.216063 0.062220 0.062220
0 0.320653 0.402739 0.061131 0.061131
0 0.511521 0.826169 0.104277 0.104277
0 0.139868 0.697064 0.071945 0.071945
0 0.369880 0.336192 0.057104 0.057104
0 0.602426 0.993644 0.062220 0.062220
0 0.780285 0.258102 0.057104 0.057104
0 0.101992 0.857182 0.057104 0.057104
0 0.436172 0.061700 0.104277 0.104277
0 0.728260 0.005400 0.104278 0.104278
0 0.458448 0.767877 0.061130 0.061130
0 0.593374 0.393400 0.061130 0.061130
0 0.537208 0.898492 0.061130 0.061130
0 0.125098 0.045481 0.071945 0.071945
0 0.106466 0.496900 0.104277 0.104277
0 0.408544 0.862360 0.062220 0.062220
0 0.321976 0.633390 0.062220 0.062220
0 0.138906 0.179895 0.061131 0.061131
0 0.047291 0.968215 0.052757 0.052757
0 0.209883 0.010840 0.062220 0.062220
0 0.732617 0.312104 0.052757 0.052757
0 0.228445 0.250274 0.057104 0.057104
0 0.389048 0.551241 0.071945 0.071945
0 0.351931 0.208898 0.071945 0.071945
0 0.039376 0.035344 0.061131 0.061131
0 0.206602 0.432495 0.062220 0.062220
0 0.799874 0.783476 0.071945 0.071945
0 0.769703 0.087442 0.057104 0.057104
0 0.650643 0.057562 0.057104 0.057104
0 0.508013 0.081448 0.052757 0.052757
0 0.013477 0.434235 0.062220 0.062220
0 0.683040 0.833698 0.071945 0.071945
0 0.258063 0.183322 0.052757 0.052757
0 0.045397 0.366606 0.071945 0.071945
0 0.777421 0.482673 0.104277 0.104277
0 0.289028 0.026479 0.057104 0.057104
0 0.532008 0.514902 0.057104 0.057104
0 0.222831 0.100165 0.057104 0.057104
0 0.085598 0.423532 0.052757 0.052757
0 0.514751 0.654840 0.057104 0.057104
0 0.074050 0.136306 0.071945 0.071945
0 0.523413 0.441203 0.104277 0.104277
0 0.750405 0.190907 0.061130 0.061130
0 0.592746 0.468798 0.104277 0.104277
0 0.606926 0.665056 0.052757 0.052757
0 0.377014 0.024477 0.062220 0.062220
0 0.174407 0.309915 0.061131 0.061131