0 0.053683 0.657229 0.062220 0.062220
0 0.015457 0.463205 0.062220 0.062220
0 0.504845 0.180032 0.071945 0.071945
0 0.706389 0.790683 0.052757 0.052757
0 0.779966 0.148011 0.071945 0.071945
0 0.306458 0.025377 0.104277 0.104277
0 0.812094 0.263381 0.052757 0.052757
0 0.513529 0.550364 0.061130 0.061130
0 0.956254 0.486869 0.062220 0.062220
0 0.955521 0.061326 0.104277 0.104277
0 0.041437 0.106571 0.052757 0.052757
0 0.939610 0.657062 0.052757 0.052757
0 0.575656 0.658456 0.104277 0.104277
0 0.053129 0.193120 0.104277 0.104277
0 0.399593 0.446745 0.104277 0.104277
0 0.358454 0.568356 0.104277 0.104277
0 0.244970 0.610330 0.071945 0.071945
0 0.402994 0.199487 0.062220 0.062220
0 0.032862 0.019150 0.104277 0.104277
0 0.832409 0.509665 0.104277 0.104277
0 0.428347 0.371745 0.057104 0.057104
0 0.922517 0.224445 0.104277 0.104277
0 0.971867 0.766786 0.061130 0.061130
0 0.943424 0.837766 0.104277 0.104277
0 0.877656 0.415564 0.071945 0.071945
0 0.800895 0.017083 0.104277 0.104277
0 0.438471 0.726355 0.062220 0.062220
0 0.496694 0.354181 0.104277 0.104277
0 0.913908 0.568323 0.052757 0.052757
0 0.654356 0.651373 0.062220 0.062220
0 0.382047 0.295243 0.061130 0.061130
0 0.261352 0.337117 0.057104 0.057104
0 0.166327 0.097003 0.104277 0.104277
0 0.003724 0.362065 0.062220 0.062220
0 0.904344 0.129256 0.062220 0.062220
0 0.657086 0.256443 0.052757 0.052757
0 0.198868 0.443875 0.057104 0.057104
0 0.314844 0.473966 0.104277 0.104277
0 0.108933 0.800021 0.071945 0.071945
0 0.045613 0.270275 0.057104 0.057104
0 0.775829 0.644193 0.062220 0.062220
0 0.624303 0.443311 0.071945 0.071945
0 0.254281 0.683295 0.071945 0.071945
0 0.834307 0.358320 0.102474 0.102474
0 0.061530 0.728031 0.057104 0.057104
0 0.875196 0.715440 0.071945 0.071945
0 0.443491 0.021711 0.052757 0.052757
0 0.728643 0.350495 0.104277 0.104277
0 0.082159 0.405718 0.057104 0.057104
0 0.777046 0.815234 0.104277 0.104277
0 0.737467 0.084287 0.062220 0.062220
0 0.581154 0.159837 0.061131 0.061131
0 0.025374 0.807684 0.052757 0.052757
0 0.103980 0.030098 0.061130 0.061130
0 0.539547 0.088288 0.071945 0.071945
0 0.327748 0.206837 0.062220 0.062220
0 0.861693 0.812121 0.104277 0.104277
0 0.542693 0.411148 0.057104 0.057104
0 0.280389 0.547687 0.057104 0.057104
0 0.355415 0.364675 0.104277 0.104277
0 0.148549 0.591351 0.062220 0.062220
0 0.224076 0.058458 0.071945 0.071945
0 0.269368 0.800417 0.057104 0.057104
0 0.683297 0.717126 0.062220 0.062220
0 0.658377 0.165559 0.052757 0.052757
0 0.013089 0.590110 0.104277 0.104277
0 0.367923 0.125097 0.061130 0.061130
0 0.638048 0.815697 0.052757 0.052757
0 0.641486 0.372669 0.062220 0.062220
0 0.174937 0.719288 0.061130 0.061130
0 0.585909 0.552428 0.104277 0.104277
0 0.178461 0.314406 0.062220 0.062220
0 0.155806 0.168262 0.071945 0.071945
0 0.313360 0.634440 0.062220 0.062220
0 0.497904 0.780158 0.052757 0.052757
0 0.769891 0.742094 0.052757 0.052757
0 0.184515 0.822638 0.062220 0.062220
0 0.414002 0.516081 0.062220 0.062220
0 0.288215 0.405428 0.071945 0.071945
0 0.648050 0.031184 0.052757 0.052757
0 0.589526 0.727988 0.061131 0.061131
0 0.467587 0.097571 0.057104 0.057104
0 0.564851 0.478150 0.104277 0.104277
0 0.838967 0.615261 0.052757 0.052757
0 0.735072 0.257620 0.055027 0.055027
0 0.867264 0.058442 0.061131 0.061131
0 0.525763 0.286533 0.062220 0.062220
0 0.408289 0.811068 0.061130 0.061130
0 0.945101 0.361798 0.104277 0.104277
0 0.553507 0.829203 0.062220 0.062220
0 0.381130 0.052561 0.050559 0.050559
0 0.675352 0.550696 0.052757 0.052757
0 0.195532 0.526908 0.052757 0.052757
0 0.481753 0.443496 0.071945 0.071945
0 0.350282 0.714553 0.061131 0.061131
0 0.597802 0.299343 0.104277 0.104277
0 0.761812 0.443600 0.061130 0.061130
0 0.440303 0.643606 0.104277 0.104277
0 0.122307 0.522186 0.052757 0.052757
0 0.155979 0.387572 0.061130 0.061130
0 0.240185 0.182243 0.052757 0.052757
0 0.999840 0.310472 0.057104 0.057104