0 0.150558 0.891604 0.062220 0.062220
0 0.112332 0.697580 0.062220 0.062220
0 0.601720 0.414407 0.071945 0.071945
0 0.876841 0.382386 0.071945 0.071945
0 0.403333 0.259752 0.104277 0.104277
0 0.908969 0.497756 0.052757 0.052757
0 0.610404 0.784739 0.061130 0.061130
0 0.646118 0.170724 0.061130 0.061130
0 0.138312 0.340946 0.052757 0.052757
0 0.672531 0.892831 0.104277 0.104277
0 0.150004 0.427495 0.104277 0.104277
0 0.496468 0.681120 0.104277 0.104277
0 0.455329 0.802731 0.104277 0.104277
0 0.341845 0.844705 0.071945 0.071945
0 0.819062 0.132600 0.071945 0.071945
0 0.386186 0.104662 0.052757 0.052757
0 0.499869 0.433862 0.062220 0.062220
0 0.129737 0.253525 0.104277 0.104277
0 0.462493 0.179797 0.071945 0.071945
0 0.212094 0.185323 0.104277 0.104277
0 0.929284 0.744040 0.104277 0.104277
0 0.136261 0.154383 0.061130 0.061130
0 0.525222 0.606120 0.057104 0.057104
0 0.974531 0.649939 0.071945 0.071945
0 0.043332 0.052340 0.104277 0.104277
0 0.597909 0.005354 0.104277 0.104277
0 0.897770 0.251458 0.104277 0.104277
0 0.535346 0.960730 0.062220 0.062220
0 0.593569 0.588556 0.104277 0.104277
0 0.751231 0.885748 0.062220 0.062220
0 0.478922 0.529618 0.061130 0.061130
0 0.358227 0.571492 0.057104 0.057104
0 0.263202 0.331378 0.104277 0.104277
0 0.019755 0.470982 0.061130 0.061130
0 0.100599 0.596440 0.062220 0.062220
0 0.958252 0.189956 0.057104 0.057104
0 0.753961 0.490818 0.052757 0.052757
0 0.900969 0.121740 0.062220 0.062220
0 0.295743 0.678250 0.057104 0.057104
0 0.411719 0.708341 0.104277 0.104277
0 0.142488 0.504650 0.057104 0.057104
0 0.872704 0.878568 0.062220 0.062220
0 0.721178 0.677686 0.071945 0.071945
0 0.351156 0.917670 0.071945 0.071945
0 0.058684 0.292305 0.052757 0.052757
0 0.931182 0.592695 0.102474 0.102474
0 0.158405 0.962406 0.057104 0.057104
0 0.972071 0.949815 0.071945 0.071945
0 0.540366 0.256086 0.052757 0.052757
0 0.825518 0.584870 0.104277 0.104277
0 0.179034 0.640093 0.057104 0.057104
0 0.350390 0.178841 0.104277 0.104277
0 0.297687 0.040487 0.057104 0.057104
0 0.503024 0.122091 0.052757 0.052757
0 0.834342 0.318662 0.062220 0.062220
0 0.678029 0.394212 0.061131 0.061131
0 0.200855 0.264473 0.061130 0.061130
0 0.636422 0.322663 0.071945 0.071945
0 0.424623 0.441212 0.062220 0.062220
0 0.665861 0.056516 0.061130 0.061130
0 0.639568 0.645523 0.057104 0.057104
0 0.377264 0.782062 0.057104 0.057104
0 0.452290 0.599050 0.104277 0.104277
0 0.081554 0.933420 0.050891 0.050891
0 0.245424 0.825726 0.062220 0.062220
0 0.320951 0.292833 0.071945 0.071945
0 0.780172 0.951501 0.062220 0.062220
0 0.755252 0.399934 0.052757 0.052757
0 0.014205 0.858566 0.062220 0.062220
0 0.109964 0.824485 0.104277 0.104277
0 0.464798 0.359472 0.061130 0.061130
0 0.122697 0.081977 0.052757 0.052757
0 0.272871 0.118262 0.057104 0.057104
0 0.738361 0.607044 0.062220 0.062220
0 0.271812 0.953663 0.061130 0.061130
0 0.682784 0.786803 0.104277 0.104277
0 0.275336 0.548781 0.062220 0.062220
0 0.252681 0.402637 0.071945 0.071945
0 0.410235 0.868815 0.062220 0.062220
0 0.866766 0.976469 0.052757 0.052757
0 0.477691 0.053401 0.104277 0.104277
0 0.510877 0.750456 0.062220 0.062220
0 0.832878 0.213695 0.052757 0.052757
0 0.385090 0.639803 0.071945 0.071945
0 0.744925 0.265559 0.052757 0.052757
0 0.686401 0.962363 0.061131 0.061131
0 0.564462 0.331946 0.057104 0.057104
0 0.061132 0.756505 0.104277 0.104277
0 0.940572 0.063362 0.057104 0.057104
0 0.661726 0.712525 0.104277 0.104277
0 0.935842 0.849636 0.052757 0.052757
0 0.831947 0.491995 0.055027 0.055027
0 0.964139 0.292817 0.061131 0.061131
0 0.622638 0.520908 0.062220 0.062220
0 0.478005 0.286936 0.050559 0.050559
0 0.772227 0.785071 0.052757 0.052757
0 0.607144 0.229715 0.061130 0.061130
0 0.736415 0.050087 0.071945 0.071945
0 0.292407 0.761283 0.052757 0.052757
0 0.578628 0.677871 0.071945 0.071945
0 0.379647 0.022492 0.061131 0.061131
0 0.447157 0.948928 0.061131 0.061131
0 0.226754 0.063817 0.104277 0.104277
0 0.735215 0.144640 0.071945 0.071945
0 0.694677 0.533718 0.104277 0.104277
0 0.858687 0.677975 0.061130 0.061130
0 0.537178 0.877981 0.104277 0.104277
0 0.219182 0.756561 0.052757 0.052757
0 0.132652 0.003573 0.061130 0.061130
0 0.252854 0.621947 0.061130 0.061130
0 0.033167 0.191023 0.104277 0.104277
0 0.848124 0.053215 0.104277 0.104277
0 0.572567 0.096704 0.104277 0.104277
0 0.337060 0.416618 0.052757 0.052757
0 0.072451 0.361283 0.104277 0.104277