0 0.541910 0.758302 0.062220 0.062220
0 0.466467 0.985518 0.052757 0.052757
0 0.460737 0.222731 0.104277 0.104277
0 0.488795 0.632687 0.057103 0.057103
0 0.657848 0.879978 0.071945 0.071945
0 0.122395 0.605973 0.104277 0.104277
0 0.705096 0.942417 0.061130 0.061130
0 0.260141 0.678332 0.052757 0.052757
0 0.033865 0.960397 0.104278 0.104278
0 0.693600 0.382877 0.057104 0.057104
0 0.943344 0.603563 0.062220 0.062220
0 0.420915 0.454825 0.104277 0.104277
0 0.404957 0.897012 0.071945 0.071945
0 0.334712 0.889927 0.057104 0.057104
0 0.915228 0.287597 0.061131 0.061131
0 0.229676 0.387884 0.104277 0.104277
0 0.123253 0.002048 0.104277 0.104277
0 0.934671 0.049141 0.104277 0.104277
0 0.440312 0.318974 0.057104 0.057104
0 0.087511 0.409715 0.062220 0.062220
0 0.099176 0.299937 0.062220 0.062220
0 0.631365 0.538008 0.057104 0.057104
0 0.388882 0.267843 0.104277 0.104277
0 0.978640 0.184067 0.071945 0.071945
0 0.160821 0.446236 0.062220 0.062220
0 0.749954 0.820110 0.061130 0.061130
0 0.003722 0.440990 0.104278 0.104278
0 0.664529 0.299304 0.104277 0.104277
0 0.551388 0.580443 0.052757 0.052757
0 0.355243 0.136791 0.052757 0.052757
0 0.829691 0.118368 0.104277 0.104277
0 0.622304 0.120152 0.062220 0.062220
0 0.304563 0.603785 0.062220 0.062220
0 0.003910 0.551745 0.071945 0.071945
0 0.208054 0.062369 0.062220 0.062220
0 0.476629 0.383473 0.057104 0.057104
0 0.633783 0.632508 0.057104 0.057104
0 0.399928 0.798049 0.057104 0.057104
0 0.641644 0.799796 0.057104 0.057104
0 0.307283 0.975178 0.057104 0.057104
0 0.003974 0.202880 0.052757 0.052757
0 0.682173 0.461837 0.052757 0.052757
0 0.753364 0.530918 0.104277 0.104277
0 0.721921 0.100029 0.062220 0.062220
0 0.510210 0.914133 0.104277 0.104277
0 0.153512 0.178260 0.061130 0.061130
0 0.092828 0.744236 0.062220 0.062220
0 0.314767 0.807432 0.052757 0.052757
0 0.509468 0.819402 0.052757 0.052757
0 0.326379 0.738723 0.061130 0.061130
0 0.529446 0.023156 0.071945 0.071945
0 0.694832 0.732895 0.104277 0.104277
0 0.830141 0.616092 0.061130 0.061130
0 0.520112 0.258940 0.052757 0.052757
0 0.566054 0.470523 0.057104 0.057104
0 0.004880 0.096668 0.104277 0.104277
0 0.395333 0.653541 0.071945 0.071945
0 0.912627 0.513880 0.104277 0.104277
0 0.817552 0.351243 0.062220 0.062220
0 0.220923 0.146851 0.061130 0.061130
0 0.090097 0.126109 0.061130 0.061130
0 0.600220 0.982172 0.062220 0.062220
0 0.378132 0.394691 0.052757 0.052757
0 0.914552 0.921869 0.052757 0.052757
0 0.907319 0.692206 0.062220 0.062220
0 0.299037 0.086250 0.071945 0.071945
0 0.912383 0.149860 0.061131 0.061131
0 0.174494 0.515892 0.057104 0.057104
0 0.710496 0.606616 0.061130 0.061130
0 0.238024 0.258902 0.057104 0.057104
0 0.872084 0.755824 0.104278 0.104278
0 0.875367 0.228023 0.052757 0.052757
0 0.955001 0.422844 0.061131 0.061131
0 0.252530 0.766868 0.061130 0.061130
0 0.780334 0.028056 0.052757 0.052757
0 0.036479 0.270044 0.061130 0.061130
0 0.219142 0.604054 0.062220 0.062220
0 0.199156 0.944838 0.104277 0.104277
0 0.057127 0.036151 0.104278 0.104278
0 0.929102 0.821735 0.062220 0.062220
0 0.009632 0.747750 0.061130 0.061130
0 0.807659 0.936311 0.057104 0.057104
0 0.753418 0.253438 0.104277 0.104277
0 0.531936 0.333425 0.061130 0.061130
0 0.475787 0.153341 0.104277 0.104277
0 0.438488 0.024241 0.052757 0.052757
0 0.050848 0.675758 0.061130 0.061130
0 0.961022 0.754106 0.071945 0.071945
0 0.242547 0.526119 0.057104 0.057104
0 0.874602 0.990667 0.062220 0.062220
0 0.658987 0.058004 0.057104 0.057104
0 0.098080 0.891430 0.104277 0.104277
0 0.541372 0.182430 0.071945 0.071945
0 0.100915 0.533468 0.052757 0.052757
0 0.771935 0.408872 0.061130 0.061130
0 0.608245 0.717218 0.057104 0.057104
0 0.806661 0.713904 0.104277 0.104277
0 0.483003 0.707567 0.104277 0.104277
0 0.812694 0.481785 0.061130 0.061130
0 0.174528 0.306580 0.062220 0.062220
0 0.989675 0.523806 0.071945 0.071945
0 0.755601 0.166287 0.057104 0.057104
0 0.507130 0.512644 0.062220 0.062220
0 0.858140 0.420595 0.071945 0.071945
0 0.136462 0.681440 0.071945 0.071945
0 0.606323 0.207586 0.057104 0.057104
0 0.205312 0.868375 0.061130 0.061130
0 0.288400 0.435800 0.104277 0.104277
0 0.266623 0.020466 0.057104 0.057104
0 0.406941 0.571499 0.052757 0.052757
0 0.293802 0.316095 0.057104 0.057104
0 0.589377 0.904280 0.057104 0.057104
0 0.354192 0.496956 0.062220 0.062220
0 0.008382 0.837182 0.071945 0.071945
0 0.998204 0.294823 0.052757 0.052757
0 0.040933 0.354843 0.061130 0.061130
0 0.173334 0.804565 0.062220 0.062220