0 0.763785 0.952052 0.062220 0.062220
0 0.933620 0.113448 0.062220 0.062220
0 0.682612 0.416481 0.104277 0.104277
0 0.710670 0.826437 0.057103 0.057103
0 0.344270 0.799723 0.104277 0.104277
0 0.482016 0.872082 0.052757 0.052757
0 0.887694 0.172290 0.062220 0.062220
0 0.664988 0.140914 0.104278 0.104278
0 0.915475 0.576627 0.057104 0.057104
0 0.642790 0.648575 0.104277 0.104277
0 0.823669 0.120426 0.071945 0.071945
0 0.451551 0.581634 0.104277 0.104277
0 0.345128 0.195798 0.104277 0.104277
0 0.306134 0.090792 0.071945 0.071945
0 0.565084 0.178493 0.071945 0.071945
0 0.230395 0.028252 0.057104 0.057104
0 0.662187 0.512724 0.057104 0.057104
0 0.309386 0.603465 0.062220 0.062220
0 0.321051 0.493687 0.062220 0.062220
0 0.853240 0.731758 0.057104 0.057104
0 0.610757 0.461593 0.104277 0.104277
0 0.382696 0.639986 0.062220 0.062220
0 0.661656 0.023205 0.057104 0.057104
0 0.225597 0.634740 0.104278 0.104278
0 0.886404 0.493054 0.104277 0.104277
0 0.773263 0.774193 0.052757 0.052757
0 0.577118 0.330541 0.052757 0.052757
0 0.844179 0.313902 0.062220 0.062220
0 0.526438 0.797535 0.062220 0.062220
0 0.225785 0.745495 0.071945 0.071945
0 0.429929 0.256119 0.062220 0.062220
0 0.698504 0.577223 0.057104 0.057104
0 0.855658 0.826258 0.057104 0.057104
0 0.621803 0.991799 0.057104 0.057104
0 0.863519 0.993546 0.057104 0.057104
0 0.225849 0.396630 0.052757 0.052757
0 0.904048 0.655587 0.052757 0.052757
0 0.975239 0.724668 0.104277 0.104277
0 0.943796 0.293779 0.062220 0.062220
0 0.375387 0.372010 0.061130 0.061130
0 0.314703 0.937986 0.062220 0.062220
0 0.548254 0.932473 0.061130 0.061130
0 0.751321 0.216906 0.071945 0.071945
0 0.916707 0.926645 0.104277 0.104277
0 0.741987 0.452690 0.052757 0.052757
0 0.787929 0.664273 0.057104 0.057104
0 0.226755 0.290418 0.104277 0.104277
0 0.617208 0.847291 0.071945 0.071945
0 0.249420 0.134684 0.052757 0.052757
0 0.385146 0.033099 0.104277 0.104277
0 0.442798 0.340601 0.061130 0.061130
0 0.311972 0.319859 0.061130 0.061130
0 0.600007 0.588441 0.052757 0.052757
0 0.929596 0.009193 0.052757 0.052757
0 0.520912 0.280000 0.071945 0.071945
0 0.482826 0.059360 0.104277 0.104277
0 0.396369 0.709642 0.057104 0.057104
0 0.379339 0.130489 0.057104 0.057104
0 0.932371 0.800366 0.061130 0.061130
0 0.459899 0.452652 0.057104 0.057104
0 0.474405 0.960618 0.061130 0.061130
0 0.258354 0.463794 0.061130 0.061130
0 0.441017 0.797804 0.062220 0.062220
0 0.279002 0.229901 0.104278 0.104278
0 0.231507 0.941500 0.061130 0.061130
0 0.975293 0.447188 0.104277 0.104277
0 0.753811 0.527175 0.061130 0.061130
0 0.697662 0.347091 0.104277 0.104277
0 0.660363 0.217991 0.052757 0.052757
0 0.272723 0.869508 0.061130 0.061130
0 0.464422 0.719869 0.057104 0.057104
0 0.880862 0.251754 0.057104 0.057104
0 0.763247 0.376180 0.071945 0.071945
0 0.839391 0.016617 0.104277 0.104277
0 0.322790 0.727218 0.052757 0.052757
0 0.993810 0.602622 0.061130 0.061130
0 0.298505 0.017644 0.071945 0.071945
0 0.830120 0.910968 0.057104 0.057104
0 0.757384 0.138684 0.056505 0.056505
0 0.704878 0.901317 0.104277 0.104277
0 0.396403 0.500330 0.062220 0.062220
0 0.977476 0.360037 0.057104 0.057104
0 0.751681 0.069995 0.061130 0.061130
0 0.729005 0.706394 0.062220 0.062220
0 0.358337 0.875190 0.071945 0.071945
0 0.828198 0.401336 0.057104 0.057104
0 0.551235 0.093797 0.062220 0.062220
0 0.510275 0.629550 0.104277 0.104277
0 0.488498 0.214216 0.057104 0.057104
0 0.628816 0.765249 0.052757 0.052757
0 0.515677 0.509845 0.057104 0.057104
0 0.576067 0.690706 0.062220 0.062220
0 0.262808 0.548593 0.061130 0.061130
0 0.395209 0.998315 0.062220 0.062220