0 0.303544 0.887486 0.061130 0.061130
0 0.706489 0.849195 0.052757 0.052757
0 0.236637 0.747815 0.104277 0.104277
0 0.298463 0.656767 0.071945 0.071945
0 0.450276 0.642377 0.071945 0.071945
0 0.529029 0.849235 0.104277 0.104277
0 0.204315 0.849384 0.052757 0.052757
0 0.606893 0.895760 0.071945 0.071945
0 0.501182 0.191411 0.104277 0.104277
0 0.533662 0.532680 0.061131 0.061131
0 0.691284 0.155939 0.104277 0.104277
0 0.242346 0.519868 0.104277 0.104277
0 0.735473 0.352187 0.057104 0.057104
0 0.861926 0.557147 0.062221 0.062221
0 0.750832 0.520152 0.104277 0.104277
0 0.827858 0.314066 0.104277 0.104277
0 0.654314 0.065696 0.057104 0.057104
0 0.564777 0.269075 0.104277 0.104277
0 0.112409 0.692324 0.062220 0.062220
0 0.370418 0.455839 0.052757 0.052757
0 0.023244 0.877483 0.104277 0.104277
0 0.851879 0.829261 0.071945 0.071945
0 0.567668 0.107655 0.061131 0.061131
0 0.281222 0.814023 0.061131 0.061131
0 0.314356 0.566364 0.057104 0.057104
0 0.450884 0.031188 0.071945 0.071945
0 0.365438 0.774518 0.052757 0.052757
0 0.633495 0.510320 0.104277 0.104277
0 0.039480 0.603872 0.052757 0.052757
0 0.503772 0.326730 0.062220 0.062220
0 0.421645 0.710478 0.057104 0.057104
0 0.341598 0.393278 0.057104 0.057104
0 0.338445 0.232453 0.052757 0.052757
0 0.812194 0.663235 0.052757 0.052757
0 0.534118 0.932489 0.036679 0.036679
0 0.449599 0.370716 0.061130 0.061130
0 0.726050 0.052718 0.071945 0.071945
0 0.164468 0.219756 0.061131 0.061131
0 0.752107 0.624046 0.062221 0.062221
0 0.367880 0.863100 0.057104 0.057104
0 0.106680 0.539781 0.052757 0.052757
0 0.753737 0.429534 0.071945 0.071945
0 0.690652 0.659675 0.052757 0.052757
0 0.659462 0.243525 0.061130 0.061130
0 0.677758 0.727537 0.104277 0.104277
0 0.102648 0.815733 0.071945 0.071945
0 0.099594 0.141063 0.062220 0.062220
0 0.392528 0.327739 0.061131 0.061131
0 0.583396 0.751169 0.104277 0.104277
0 0.211743 0.622064 0.071945 0.071945
0 0.441755 0.261192 0.057104 0.057104
0 0.866526 0.976626 0.057104 0.057104
0 0.674301 0.918644 0.062220 0.062220
0 0.852160 0.183102 0.057104 0.057104
0 0.173867 0.782182 0.057104 0.057104
0 0.530323 0.692877 0.061130 0.061130
0 0.665249 0.318400 0.061130 0.061130
0 0.609083 0.823492 0.061130 0.061130
0 0.178341 0.421900 0.104277 0.104277
0 0.480419 0.787360 0.062220 0.062220
0 0.089700 0.957368 0.104277 0.104277
0 0.393851 0.558390 0.062220 0.062220
0 0.757548 0.934568 0.104277 0.104277
0 0.210781 0.104895 0.061131 0.061131
0 0.119166 0.893215 0.052757 0.052757
0 0.068877 0.051380 0.104277 0.104277
0 0.426082 0.932903 0.062220 0.062220
0 0.804492 0.237104 0.052757 0.052757
0 0.300320 0.175274 0.057104 0.057104
0 0.460923 0.476241 0.071945 0.071945
0 0.070802 0.459369 0.052757 0.052757
0 0.063569 0.229706 0.062220 0.062220
0 0.423806 0.133898 0.071945 0.071945
0 0.028334 0.293324 0.104278 0.104278
0 0.481745 0.980821 0.071945 0.071945
0 0.200099 0.961965 0.052757 0.052757
0 0.278477 0.357495 0.062220 0.062220
0 0.871749 0.708476 0.071945 0.071945
0 0.841578 0.012442 0.057104 0.057104
0 0.579888 0.006448 0.052757 0.052757
0 0.085352 0.359235 0.062220 0.062220
0 0.622640 0.970968 0.061131 0.061131
0 0.754915 0.758698 0.071945 0.071945
0 0.329938 0.108322 0.052757 0.052757
0 0.117272 0.291606 0.071945 0.071945
0 0.030852 0.528167 0.062220 0.062220
0 0.849296 0.407673 0.104277 0.104277
0 0.603883 0.439902 0.057104 0.057104
0 0.294706 0.025165 0.057104 0.057104
0 0.026834 0.769528 0.062220 0.062220
0 0.157473 0.348532 0.052757 0.052757
0 0.586626 0.579840 0.057104 0.057104
0 0.030411 0.679717 0.061131 0.061131
0 0.145925 0.061306 0.071945 0.071945
0 0.595288 0.366203 0.104277 0.104277
0 0.822280 0.115907 0.061130 0.061130
0 0.664621 0.393798 0.104277 0.104277
0 0.678801 0.590056 0.052757 0.052757
0 0.246282 0.234915 0.061131 0.061131