0 0.784130 0.266117 0.071945 0.071945
0 0.579307 0.769536 0.104277 0.104277
0 0.769409 0.734064 0.104277 0.104277
0 0.813598 0.930312 0.057104 0.057104
0 0.682864 0.380394 0.062220 0.062220
0 0.815842 0.378341 0.057104 0.057104
0 0.905983 0.892191 0.104277 0.104277
0 0.848653 0.303649 0.052757 0.052757
0 0.732439 0.643821 0.057104 0.057104
0 0.660599 0.495304 0.104277 0.104277
0 0.642902 0.847200 0.104277 0.104277
0 0.645793 0.685780 0.061131 0.061131
0 0.655601 0.309687 0.052757 0.052757
0 0.529009 0.609313 0.071945 0.071945
0 0.746018 0.509592 0.062220 0.062220
0 0.581897 0.904855 0.062220 0.062220
0 0.419723 0.971403 0.057104 0.057104
0 0.416570 0.810578 0.052757 0.052757
0 0.527724 0.948841 0.061130 0.061130
0 0.804175 0.630843 0.071945 0.071945
0 0.885972 0.401384 0.071945 0.071945
0 0.242593 0.797881 0.061131 0.061131
0 0.046768 0.071177 0.070161 0.070161
0 0.747760 0.329997 0.071945 0.071945
0 0.737587 0.821650 0.061130 0.061130
0 0.177719 0.719188 0.062220 0.062220
0 0.916273 0.164733 0.061131 0.061131
0 0.470653 0.905864 0.061131 0.061131
0 0.519880 0.839317 0.057104 0.057104
0 0.934907 0.339597 0.071945 0.071945
0 0.316682 0.162374 0.071945 0.071945
0 0.598081 0.069750 0.061130 0.061130
0 0.132475 0.100930 0.062220 0.062220
0 0.586794 0.433122 0.071945 0.071945
0 0.149603 0.403222 0.061131 0.061131
0 0.437243 0.314273 0.061130 0.061130
0 0.947473 0.262960 0.071945 0.071945
0 0.462256 0.433148 0.104277 0.104277
0 0.169046 0.164766 0.104277 0.104277
0 0.083505 0.010401 0.061130 0.061130
0 0.930285 0.761227 0.057104 0.057104
0 0.213015 0.299692 0.071945 0.071945
0 0.586172 0.564825 0.104277 0.104277
0 0.878260 0.508525 0.104278 0.104278
0 0.743374 0.896525 0.061130 0.061130
0 0.064066 0.233993 0.104277 0.104277
0 0.827611 0.078029 0.057104 0.057104
0 0.275098 0.548606 0.071945 0.071945
0 0.288906 0.683020 0.061131 0.061131
0 0.064516 0.731717 0.061130 0.061130
0 0.147002 0.629505 0.104277 0.104277
0 0.682765 0.170967 0.062220 0.062220
0 0.646340 0.232534 0.062220 0.062220
0 0.198350 0.044229 0.062220 0.062220
0 0.359883 0.513965 0.062220 0.062220
0 0.882617 0.815229 0.052757 0.052757
0 0.051927 0.466868 0.062220 0.062220
0 0.378445 0.753399 0.057104 0.057104
0 0.242914 0.228167 0.061131 0.061131
0 0.141694 0.807831 0.062220 0.062220
0 0.146758 0.265485 0.061131 0.061131
0 0.415299 0.039689 0.071945 0.071945
0 0.501931 0.712023 0.071945 0.071945
0 0.106459 0.871449 0.104278 0.104278
0 0.929979 0.040027 0.061131 0.061131
0 0.109742 0.343648 0.052757 0.052757
0 0.189376 0.538469 0.061131 0.061131
0 0.608492 0.159681 0.052757 0.052757
0 0.406930 0.236011 0.057104 0.057104
0 0.014709 0.143681 0.052757 0.052757
0 0.356602 0.935620 0.062220 0.062220
0 0.261855 0.077344 0.071945 0.071945
0 0.919703 0.590567 0.057104 0.057104
0 0.800643 0.560687 0.057104 0.057104
0 0.524841 0.053219 0.052757 0.052757
0 0.658013 0.584573 0.052757 0.052757
0 0.163477 0.937360 0.062220 0.062220
0 0.408063 0.686447 0.052757 0.052757
0 0.195397 0.869731 0.071945 0.071945
0 0.927421 0.985798 0.104277 0.104277
0 0.544774 0.250587 0.071945 0.071945
0 0.446736 0.165158 0.062220 0.062220
0 0.439028 0.529604 0.057104 0.057104
0 0.006310 0.524497 0.061130 0.061130
0 0.273435 0.000394 0.071945 0.071945
0 0.041036 0.829529 0.104277 0.104277
0 0.820865 0.196946 0.062220 0.062220
0 0.372831 0.603290 0.057104 0.057104
0 0.278680 0.351311 0.104277 0.104277
0 0.235598 0.926657 0.052757 0.052757
0 0.047069 0.597410 0.061130 0.061130
0 0.345022 0.420748 0.052757 0.052757
0 0.224050 0.639431 0.071945 0.071945
0 0.513692 0.188750 0.104277 0.104277
0 0.352177 0.286292 0.071945 0.071945
0 0.673413 0.944328 0.104277 0.104277
0 0.366150 0.096306 0.104277 0.104277
0 0.900405 0.694032 0.061130 0.061130
0 0.092515 0.536220 0.071945 0.071945
0 0.725117 0.040395 0.071945 0.071945
0 0.880994 0.231174 0.104278 0.104278
0 0.568933 0.349492 0.104277 0.104277
0 0.742746 0.971923 0.104277 0.104277
0 0.625710 0.004185 0.052757 0.052757
0 0.232579 0.410448 0.052757 0.052757
0 0.527014 0.527602 0.062220 0.062220
0 0.324407 0.813040 0.061131 0.061131