0 0.650217 0.221352 0.104277 0.104277
0 0.606669 0.009361 0.061130 0.061130
0 0.322677 0.428880 0.104278 0.104278
0 0.800507 0.219028 0.062220 0.062220
0 0.851841 0.988636 0.071945 0.071945
0 0.378333 0.866002 0.104277 0.104277
0 0.440821 0.590228 0.052757 0.052757
0 0.910018 0.017635 0.071945 0.071945
0 0.621118 0.776974 0.061130 0.061130
0 0.113312 0.947196 0.052757 0.052757
0 0.340115 0.539685 0.052757 0.052757
0 0.794062 0.738850 0.071945 0.071945
0 0.361186 0.710912 0.052757 0.052757
0 0.104737 0.859775 0.104277 0.104277
0 0.644341 0.136167 0.057104 0.057104
0 0.437493 0.786047 0.071945 0.071945
0 0.187094 0.791573 0.104277 0.104277
0 0.680203 0.322803 0.051819 0.051819
0 0.111261 0.760633 0.061130 0.061130
0 0.860351 0.266516 0.052757 0.052757
0 0.018332 0.658590 0.104277 0.104277
0 0.051181 0.132186 0.057104 0.057104
0 0.572909 0.611604 0.104277 0.104277
0 0.872770 0.857708 0.104277 0.104277
0 0.990549 0.668901 0.071945 0.071945
0 0.921627 0.215031 0.057103 0.057103
0 0.995296 0.600455 0.062220 0.062220
0 0.238202 0.937628 0.104277 0.104277
0 0.933252 0.796206 0.057104 0.057104
0 0.976219 0.969881 0.062220 0.062220
0 0.875969 0.727990 0.062220 0.062220
0 0.837243 0.054364 0.036679 0.036679
0 0.272523 0.340318 0.052757 0.052757
0 0.956281 0.332371 0.104277 0.104277
0 0.756044 0.393147 0.104277 0.104277
0 0.751181 0.319854 0.071945 0.071945
0 0.033684 0.898555 0.052757 0.052757
0 0.515366 0.862336 0.052757 0.052757
0 0.457652 0.332563 0.052757 0.052757
0 0.325390 0.785091 0.104277 0.104277
0 0.272687 0.646737 0.057104 0.057104
0 0.478024 0.728341 0.052757 0.052757
0 0.672499 0.479776 0.054783 0.054783
0 0.977426 0.040519 0.062220 0.062220
0 0.809342 0.924912 0.062220 0.062220
0 0.840051 0.413688 0.057103 0.057103
0 0.175855 0.870723 0.061130 0.061130
0 0.611422 0.928913 0.071945 0.071945
0 0.640601 0.591942 0.071945 0.071945
0 0.640861 0.662766 0.061130 0.061130
0 0.423725 0.253194 0.071945 0.071945
0 0.197402 0.458791 0.061130 0.061130
0 0.088755 0.357633 0.071945 0.071945
0 0.255404 0.573329 0.052757 0.052757
0 0.934357 0.480509 0.061131 0.061131
0 0.520881 0.488444 0.057104 0.057104
0 0.885535 0.348390 0.061131 0.061131
0 0.295951 0.899083 0.071945 0.071945
0 0.097503 0.080819 0.071945 0.071945
0 0.077659 0.525926 0.061130 0.061130
0 0.048328 0.442261 0.062220 0.062220
0 0.192098 0.293447 0.062220 0.062220
0 0.307759 0.122447 0.061130 0.061130
0 0.439798 0.965722 0.061130 0.061130
0 0.535076 0.366570 0.052757 0.052757
0 0.097697 0.688227 0.052757 0.052757
0 0.247871 0.724512 0.057104 0.057104
0 0.243071 0.024708 0.061130 0.061130
0 0.392825 0.079243 0.104277 0.104277
0 0.556230 0.177116 0.071945 0.071945
0 0.765014 0.580434 0.052757 0.052757
0 0.246525 0.230834 0.061130 0.061130
0 0.346618 0.323370 0.057104 0.057104
0 0.238767 0.147152 0.104277 0.104277
0 0.446219 0.400986 0.062220 0.062220
0 0.443386 0.127780 0.104277 0.104277
0 0.422291 0.015090 0.052757 0.052757
0 0.452691 0.659651 0.104277 0.104277
0 0.807878 0.819945 0.052757 0.052757
0 0.729207 0.054778 0.062220 0.062220
0 0.188978 0.535426 0.104277 0.104277
0 0.719925 0.871809 0.052757 0.052757
0 0.149624 0.389447 0.071945 0.071945
0 0.539462 0.938196 0.057104 0.057104
0 0.392522 0.457075 0.104277 0.104277
0 0.871418 0.137474 0.104277 0.104277
0 0.547355 0.261032 0.057104 0.057104
0 0.030562 0.297611 0.050932 0.050932
0 0.915572 0.669612 0.057104 0.057104
0 0.167298 0.118725 0.052757 0.052757
0 0.934607 0.404113 0.071945 0.071945
0 0.784870 0.102696 0.071945 0.071945
0 0.144195 0.025785 0.061130 0.061130
0 0.503224 0.083840 0.052757 0.052757
0 0.357530 0.235287 0.057104 0.057104
0 0.748859 0.466525 0.104277 0.104277
0 0.939139 0.899067 0.061131 0.061131
0 0.141099 0.185751 0.061130 0.061130
0 0.003464 0.028910 0.071945 0.071945
0 0.453005 0.893186 0.050559 0.050559
0 0.925765 0.092843 0.061131 0.061131
0 0.582144 0.835965 0.061130 0.061130
0 0.711415 0.656337 0.071945 0.071945
0 0.813402 0.510723 0.057104 0.057104
0 0.853448 0.567861 0.104277 0.104277
0 0.354647 0.628742 0.061131 0.061131
0 0.201754 0.670067 0.104277 0.104277
0 0.710215 0.750890 0.071945 0.071945
0 0.658940 0.411822 0.052757 0.052757
0 0.586377 0.446049 0.104277 0.104277
0 0.101891 0.282436 0.062220 0.062220
0 0.276659 0.498794 0.071945 0.071945
0 0.107652 0.609823 0.061130 0.061130
0 0.516860 0.565014 0.071945 0.071945
0 0.008167 0.797273 0.104277 0.104277
0 0.823124 0.659465 0.104277 0.104277
0 0.547567 0.702954 0.104277 0.104277
0 0.721826 0.182595 0.057104 0.057104
0 0.056549 0.207991 0.071945 0.071945
0 0.047451 0.967533 0.104277 0.104277
0 0.991577 0.265326 0.061131 0.061131