0 0.271012 0.941565 0.104277 0.104277
0 0.332838 0.850517 0.071945 0.071945
0 0.484651 0.836127 0.071945 0.071945
0 0.535557 0.385161 0.104277 0.104277
0 0.568037 0.726430 0.061131 0.061131
0 0.725659 0.349689 0.104277 0.104277
0 0.276721 0.713618 0.104277 0.104277
0 0.769848 0.545937 0.057104 0.057104
0 0.896301 0.750897 0.062221 0.062221
0 0.785207 0.713902 0.104277 0.104277
0 0.862233 0.507816 0.104277 0.104277
0 0.688689 0.259446 0.057104 0.057104
0 0.616849 0.110929 0.104277 0.104277
0 0.599152 0.462825 0.104277 0.104277
0 0.146784 0.886074 0.062220 0.062220
0 0.404793 0.649589 0.052757 0.052757
0 0.602043 0.301405 0.061131 0.061131
0 0.348731 0.760114 0.057104 0.057104
0 0.485259 0.224938 0.071945 0.071945
0 0.399813 0.968268 0.052757 0.052757
0 0.667870 0.704070 0.104277 0.104277
0 0.702268 0.125217 0.062220 0.062220
0 0.073855 0.797622 0.052757 0.052757
0 0.538147 0.520480 0.062220 0.062220
0 0.456020 0.904228 0.057104 0.057104
0 0.375973 0.587028 0.057104 0.057104
0 0.372820 0.426203 0.052757 0.052757
0 0.846569 0.856985 0.052757 0.052757
0 0.483974 0.564466 0.061130 0.061130
0 0.760425 0.246468 0.071945 0.071945
0 0.842222 0.017009 0.071945 0.071945
0 0.198843 0.413506 0.061131 0.061131
0 0.786482 0.817796 0.062221 0.062221
0 0.141055 0.733531 0.052757 0.052757
0 0.788112 0.623284 0.071945 0.071945
0 0.725027 0.853425 0.052757 0.052757
0 0.693837 0.437275 0.061130 0.061130
0 0.712133 0.921287 0.104277 0.104277
0 0.133969 0.334813 0.062220 0.062220
0 0.426903 0.521489 0.061131 0.061131
0 0.617771 0.944919 0.104277 0.104277
0 0.246118 0.815814 0.071945 0.071945
0 0.476130 0.454942 0.057104 0.057104
0 0.543044 0.048747 0.071945 0.071945
0 0.105853 0.018847 0.061131 0.061131
0 0.418506 0.048773 0.104277 0.104277
0 0.886535 0.376852 0.057104 0.057104
0 0.208242 0.975932 0.057104 0.057104
0 0.542422 0.180450 0.104277 0.104277
0 0.834510 0.124150 0.104278 0.104278
0 0.564698 0.886627 0.061130 0.061130
0 0.699624 0.512150 0.061130 0.061130
0 0.231348 0.164231 0.071945 0.071945
0 0.212716 0.615650 0.104277 0.104277
0 0.514794 0.981110 0.062220 0.062220
0 0.428226 0.752140 0.062220 0.062220
0 0.245156 0.298645 0.061131 0.061131
0 0.020766 0.347342 0.061130 0.061130
0 0.103252 0.245130 0.104277 0.104277
0 0.316133 0.129590 0.062220 0.062220
0 0.838867 0.430854 0.052757 0.052757
0 0.008177 0.082493 0.062220 0.062220
0 0.334695 0.369024 0.057104 0.057104
0 0.495298 0.669991 0.071945 0.071945
0 0.105177 0.653119 0.052757 0.052757
0 0.097944 0.423456 0.062220 0.062220
0 0.458181 0.327648 0.071945 0.071945
0 0.062709 0.487074 0.104278 0.104278
0 0.145626 0.154094 0.061131 0.061131
0 0.312852 0.551245 0.062220 0.062220
0 0.906124 0.902226 0.071945 0.071945
0 0.875953 0.206192 0.057104 0.057104
0 0.756893 0.176312 0.057104 0.057104
0 0.614263 0.200198 0.052757 0.052757
0 0.119727 0.552985 0.062220 0.062220
0 0.789290 0.952448 0.071945 0.071945
0 0.364313 0.302072 0.052757 0.052757
0 0.151647 0.485356 0.071945 0.071945
0 0.065227 0.721917 0.062220 0.062220
0 0.883671 0.601423 0.104277 0.104277
0 0.395278 0.145229 0.057104 0.057104
0 0.638258 0.633652 0.057104 0.057104
0 0.329081 0.218915 0.057104 0.057104
0 0.061209 0.963278 0.062220 0.062220
0 0.191848 0.542282 0.052757 0.052757
0 0.621001 0.773590 0.057104 0.057104
0 0.003319 0.213035 0.061130 0.061130
0 0.301272 0.036373 0.052757 0.052757
0 0.064786 0.873467 0.061131 0.061131
0 0.180300 0.255056 0.071945 0.071945
0 0.629663 0.559953 0.104277 0.104277
0 0.856655 0.309657 0.061130 0.061130
0 0.048765 0.151845 0.071945 0.071945
0 0.698996 0.587548 0.104277 0.104277
0 0.713176 0.783806 0.052757 0.052757
0 0.188829 0.026073 0.052757 0.052757
0 0.483264 0.143227 0.062220 0.062220
0 0.280657 0.428665 0.061131 0.061131