0 0.193458 0.328738 0.052757 0.052757
0 0.745386 0.068106 0.052757 0.052757
0 0.659104 0.724953 0.061130 0.061130
0 0.880844 0.935323 0.104277 0.104277
0 0.805011 0.904383 0.061130 0.061130
0 0.669072 0.489287 0.057104 0.057104
0 0.163934 0.812917 0.062220 0.062220
0 0.712082 0.802340 0.104277 0.104277
0 0.744931 0.275936 0.057104 0.057104
0 0.159293 0.398983 0.062220 0.062220
0 0.384539 0.931674 0.061130 0.061130
0 0.966273 0.484068 0.052757 0.052757
0 0.371963 0.470140 0.071945 0.071945
0 0.510568 0.574662 0.104277 0.104277
0 0.430999 0.643586 0.052757 0.052757
0 0.653954 0.643823 0.104277 0.104277
0 0.343567 0.637784 0.052757 0.052757
0 0.589909 0.725880 0.052757 0.052757
0 0.966437 0.790487 0.057104 0.057104
0 0.544436 0.945024 0.104278 0.104278
0 0.611285 0.923415 0.052757 0.052757
0 0.891152 0.602541 0.061130 0.061130
0 0.782505 0.501383 0.071945 0.071945
0 0.949154 0.717079 0.052757 0.052757
0 0.156921 0.492153 0.052757 0.052757
0 0.302514 0.200258 0.071945 0.071945
0 0.492338 0.382887 0.061130 0.061130
0 0.295580 0.129802 0.071945 0.071945
0 0.791253 0.224569 0.071945 0.071945
0 0.771409 0.669676 0.061130 0.061130
0 0.742078 0.586011 0.062220 0.062220
0 0.885848 0.437197 0.062220 0.062220
0 0.210380 0.734188 0.061130 0.061130
0 0.791447 0.831977 0.052757 0.052757
0 0.941621 0.868262 0.057104 0.057104
0 0.491369 0.026812 0.071945 0.071945
0 0.445206 0.532665 0.104277 0.104277
0 0.936821 0.168458 0.061130 0.061130
0 0.907895 0.096723 0.061130 0.061130
0 0.940275 0.374584 0.061130 0.061130
0 0.502538 0.108510 0.071945 0.071945
0 0.932517 0.290902 0.104277 0.104277
0 0.621825 0.059641 0.052757 0.052757
0 0.453789 0.190735 0.052757 0.052757
0 0.297425 0.530366 0.052757 0.052757
0 0.194794 0.251074 0.104278 0.104278
0 0.828400 0.032327 0.071945 0.071945
0 0.882728 0.679176 0.104277 0.104277
0 0.377566 0.063168 0.061130 0.061130
0 0.843374 0.533197 0.071945 0.071945
0 0.385516 0.384323 0.104277 0.104277
0 0.293359 0.978640 0.071945 0.071945
0 0.584440 0.597264 0.071945 0.071945
0 0.724312 0.441361 0.050932 0.050932
0 0.167528 0.919881 0.057104 0.057104
0 0.861048 0.262475 0.052757 0.052757
0 0.336423 0.295193 0.057104 0.057104
0 0.627185 0.209366 0.071945 0.071945
0 0.837945 0.169535 0.061130 0.061130
0 0.413547 0.133994 0.062220 0.062220
0 0.584769 0.495997 0.071945 0.071945
0 0.492406 0.259168 0.104277 0.104277
0 0.199161 0.059112 0.061130 0.061130
0 0.263629 0.617576 0.104277 0.104277
0 0.274735 0.871643 0.057104 0.057104
0 0.834849 0.329501 0.061130 0.061130
0 0.697214 0.172660 0.071945 0.071945
0 0.457737 0.860279 0.104277 0.104277
0 0.507880 0.704514 0.104277 0.104277
0 0.291503 0.359910 0.062220 0.062220
0 0.895504 0.813817 0.104277 0.104277
0 0.498386 0.480816 0.052757 0.052757
0 0.795641 0.426186 0.062220 0.062220
0 0.591396 0.404090 0.062220 0.062220
0 0.413553 0.779291 0.052757 0.052757
0 0.257193 0.010674 0.057104 0.057104
0 0.292782 0.694080 0.104277 0.104277
0 0.382442 0.851927 0.061130 0.061130
0 0.231287 0.455979 0.057104 0.057104
0 0.505785 0.794877 0.062220 0.062220
0 0.572295 0.829919 0.071945 0.071945
0 0.970409 0.642544 0.071945 0.071945
0 0.801402 0.753573 0.061130 0.061130
0 0.441164 0.314095 0.071945 0.071945
0 0.210288 0.976359 0.052757 0.052757
0 0.536249 0.319064 0.047555 0.047555
0 0.670349 0.343860 0.052757 0.052757
0 0.701917 0.941023 0.104277 0.104277
0 0.182889 0.636811 0.071945 0.071945
0 0.475468 0.936295 0.052757 0.052757
0 0.300766 0.442865 0.057103 0.057103
0 0.954794 0.042147 0.071945 0.071945
0 0.666069 0.561965 0.071945 0.071945
0 0.284477 0.765422 0.104277 0.104277
0 0.750299 0.351741 0.071945 0.071945
0 0.197431 0.147328 0.062220 0.062220