0 0.612717 0.502602 0.104277 0.104277
0 0.569169 0.290611 0.061130 0.061130
0 0.285177 0.710130 0.104278 0.104278
0 0.972114 0.252320 0.052757 0.052757
0 0.502262 0.150940 0.104277 0.104277
0 0.564088 0.059892 0.071945 0.071945
0 0.763007 0.500278 0.062220 0.062220
0 0.715901 0.045502 0.071945 0.071945
0 0.794654 0.252360 0.104277 0.104277
0 0.469940 0.252509 0.052757 0.052757
0 0.403321 0.871478 0.052757 0.052757
0 0.872518 0.298885 0.071945 0.071945
0 0.014136 0.205606 0.052757 0.052757
0 0.302615 0.820935 0.052757 0.052757
0 0.323686 0.992162 0.052757 0.052757
0 0.606841 0.417417 0.057104 0.057104
0 0.378034 0.095449 0.062220 0.062220
0 0.642703 0.604053 0.051819 0.051819
0 0.288869 0.280608 0.104277 0.104277
0 0.546847 0.217148 0.061131 0.061131
0 0.822851 0.547766 0.052757 0.052757
0 0.013681 0.413436 0.057104 0.057104
0 0.535409 0.892854 0.104277 0.104277
0 0.953049 0.950151 0.071945 0.071945
0 0.884127 0.496281 0.057103 0.057103
0 0.631063 0.177643 0.052757 0.052757
0 0.957796 0.881705 0.062220 0.062220
0 0.305105 0.006997 0.052757 0.052757
0 0.687270 0.113603 0.057104 0.057104
0 0.799743 0.335614 0.036679 0.036679
0 0.235023 0.621568 0.052757 0.052757
0 0.918781 0.613621 0.104277 0.104277
0 0.058490 0.096082 0.057104 0.057104
0 0.633505 0.266225 0.057104 0.057104
0 0.718544 0.674397 0.104277 0.104277
0 0.713681 0.601104 0.071945 0.071945
0 0.145421 0.092339 0.057104 0.057104
0 0.956277 0.062800 0.052757 0.052757
0 0.943383 0.130662 0.104277 0.104277
0 0.368273 0.218858 0.071945 0.071945
0 0.420152 0.613813 0.052757 0.052757
0 0.849021 0.154294 0.104277 0.104277
0 0.477368 0.025189 0.071945 0.071945
0 0.235187 0.927987 0.057104 0.057104
0 0.634999 0.761026 0.054783 0.054783
0 0.939926 0.321769 0.062220 0.062220
0 0.802551 0.694938 0.057103 0.057103
0 0.603101 0.873192 0.071945 0.071945
0 0.603361 0.944016 0.061130 0.061130
0 0.386225 0.534444 0.071945 0.071945
0 0.159902 0.740041 0.061130 0.061130
0 0.051255 0.638883 0.071945 0.071945
0 0.217904 0.854579 0.052757 0.052757
0 0.896857 0.761759 0.061131 0.061131
0 0.483381 0.769694 0.057104 0.057104
0 0.848035 0.629640 0.061131 0.061131
0 0.439492 0.185307 0.057104 0.057104
0 0.060003 0.362069 0.071945 0.071945
0 0.040159 0.807176 0.061130 0.061130
0 0.010828 0.723511 0.062220 0.062220
0 0.795948 0.096002 0.061130 0.061130
0 0.154598 0.574697 0.062220 0.062220
0 0.270259 0.403697 0.061130 0.061130
0 0.874708 0.226617 0.061130 0.061130
0 0.497576 0.647820 0.052757 0.052757
0 0.060197 0.969477 0.052757 0.052757
0 0.205571 0.305958 0.061130 0.061130
0 0.176645 0.234223 0.061130 0.061130
0 0.746044 0.190485 0.062220 0.062220
0 0.355325 0.360493 0.104277 0.104277
0 0.518730 0.458366 0.071945 0.071945
0 0.727514 0.861684 0.052757 0.052757
0 0.209025 0.512084 0.061130 0.061130
0 0.309118 0.604620 0.057104 0.057104
0 0.201267 0.428402 0.104277 0.104277
0 0.408719 0.682236 0.062220 0.062220
0 0.973546 0.734864 0.062220 0.062220
0 0.405886 0.409030 0.104277 0.104277
0 0.384791 0.296340 0.052757 0.052757
0 0.415191 0.940901 0.104277 0.104277
0 0.691707 0.336028 0.062220 0.062220
0 0.097150 0.169827 0.071945 0.071945
0 0.151478 0.816676 0.104277 0.104277
0 0.112124 0.670697 0.071945 0.071945
0 0.355022 0.738325 0.104277 0.104277
0 0.833918 0.418724 0.104277 0.104277
0 0.509855 0.542282 0.057104 0.057104
0 0.878072 0.950862 0.057104 0.057104
0 0.129798 0.399975 0.052757 0.052757
0 0.897107 0.685363 0.071945 0.071945
0 0.747370 0.383946 0.071945 0.071945
0 0.106695 0.307035 0.061130 0.061130
0 0.465724 0.365090 0.052757 0.052757
0 0.320030 0.516537 0.057104 0.057104
0 0.711359 0.747775 0.104277 0.104277
0 0.103599 0.467001 0.061130 0.061130
0 0.888265 0.374093 0.061131 0.061131
0 0.673915 0.937587 0.071945 0.071945
0 0.775902 0.791973 0.057104 0.057104
0 0.093451 0.026661 0.048997 0.048997
0 0.815948 0.849111 0.104277 0.104277
0 0.317147 0.909992 0.061131 0.061131
0 0.164254 0.951317 0.104277 0.104277
0 0.292459 0.172653 0.062220 0.062220
0 0.621440 0.693072 0.052757 0.052757
0 0.548877 0.727299 0.104277 0.104277
0 0.064391 0.563686 0.062220 0.062220
0 0.296036 0.082842 0.061131 0.061131
0 0.239159 0.780044 0.071945 0.071945
0 0.070152 0.891073 0.061130 0.061130
0 0.980933 0.411090 0.071945 0.071945
0 0.479360 0.846264 0.071945 0.071945
0 0.785624 0.940715 0.104277 0.104277
0 0.510067 0.984204 0.104277 0.104277
0 0.223544 0.179647 0.071945 0.071945
0 0.684326 0.463845 0.057104 0.057104
0 0.019049 0.489241 0.071945 0.071945
0 0.954077 0.546576 0.061131 0.061131