0 0.853401 0.989252 0.071945 0.071945
0 0.904307 0.538286 0.104277 0.104277
0 0.936787 0.879555 0.061131 0.061131
0 0.645471 0.866743 0.104277 0.104277
0 0.101285 0.642677 0.062220 0.062220
0 0.985599 0.264054 0.104277 0.104277
0 0.967902 0.615950 0.104277 0.104277
0 0.773543 0.802714 0.052757 0.052757
0 0.970793 0.454530 0.061131 0.061131
0 0.025842 0.869893 0.052757 0.052757
0 0.020112 0.107106 0.104277 0.104277
0 0.048170 0.517062 0.057103 0.057103
0 0.980601 0.078437 0.052757 0.052757
0 0.717481 0.913239 0.057104 0.057104
0 0.217223 0.764353 0.071945 0.071945
0 0.854009 0.378063 0.071945 0.071945
0 0.264471 0.826792 0.061130 0.061130
0 0.442605 0.950747 0.052757 0.052757
0 0.906897 0.673605 0.062220 0.062220
0 0.744723 0.740153 0.057104 0.057104
0 0.741570 0.579328 0.052757 0.052757
0 0.852724 0.717591 0.061130 0.061130
0 0.567593 0.566631 0.061131 0.061131
0 0.509805 0.886656 0.052757 0.052757
0 0.252975 0.267252 0.057104 0.057104
0 0.502719 0.487938 0.062220 0.062220
0 0.795653 0.674614 0.061131 0.061131
0 0.614868 0.968939 0.071945 0.071945
0 0.844880 0.608067 0.057104 0.057104
0 0.911794 0.201872 0.071945 0.071945
0 0.474603 0.171972 0.061131 0.061131
0 0.762243 0.083023 0.061130 0.061130
0 0.162140 0.940294 0.057104 0.057104
0 0.787256 0.201898 0.104277 0.104277
0 0.190740 0.422383 0.057104 0.057104
0 0.538015 0.068442 0.071945 0.071945
0 0.911172 0.333575 0.104277 0.104277
0 0.309329 0.704485 0.061130 0.061130
0 0.223904 0.183679 0.104277 0.104277
0 0.110763 0.464818 0.052757 0.052757
0 0.389066 0.002743 0.104277 0.104277
0 0.181679 0.004527 0.062220 0.062220
0 0.600098 0.317356 0.071945 0.071945
0 0.581466 0.768775 0.104277 0.104277
0 0.036004 0.267848 0.057104 0.057104
0 0.193158 0.516883 0.057104 0.057104
0 0.095263 0.904246 0.104277 0.104277
0 0.201019 0.684171 0.057104 0.057104
0 0.241548 0.346212 0.052757 0.052757
0 0.312739 0.415293 0.104277 0.104277
0 0.069585 0.798508 0.104277 0.104277
0 0.353628 0.915911 0.052757 0.052757
0 0.796976 0.905265 0.062220 0.062220
0 0.084678 0.990808 0.104277 0.104277
0 0.613906 0.451770 0.061131 0.061131
0 0.068843 0.703777 0.052757 0.052757
0 0.254207 0.617270 0.104277 0.104277
0 0.389516 0.500467 0.061130 0.061130
0 0.079487 0.143315 0.052757 0.052757
0 0.125429 0.354898 0.057104 0.057104
0 0.472002 0.398255 0.104277 0.104277
0 0.971340 0.001284 0.062220 0.062220
0 0.684883 0.282715 0.062220 0.062220
0 0.376927 0.235618 0.062220 0.062220
0 0.703445 0.522149 0.057104 0.057104
0 0.159595 0.866547 0.062220 0.062220
0 0.864048 0.823116 0.071945 0.071945
0 0.473927 0.806244 0.052757 0.052757
0 0.466694 0.576581 0.062220 0.062220
0 0.471758 0.034235 0.061131 0.061131
0 0.826931 0.480773 0.071945 0.071945
0 0.269871 0.490991 0.061130 0.061130
0 0.431459 0.640199 0.104278 0.104278
0 0.434742 0.112398 0.052757 0.052757
0 0.514376 0.307219 0.061131 0.061131
0 0.731930 0.004761 0.057104 0.057104
0 0.681602 0.704370 0.062220 0.062220
0 0.266843 0.895946 0.057104 0.057104
0 0.983013 0.353323 0.052757 0.052757
0 0.488477 0.706110 0.062220 0.062220
0 0.367034 0.820686 0.057104 0.057104
0 0.312793 0.137813 0.104277 0.104277
0 0.091311 0.217800 0.061130 0.061130
0 0.035162 0.037716 0.104277 0.104277
0 0.733063 0.455197 0.052757 0.052757
0 0.230951 0.970411 0.048997 0.048997
0 0.520397 0.638481 0.071945 0.071945
0 0.433977 0.875042 0.062220 0.062220
0 0.869774 0.019337 0.071945 0.071945
0 0.100747 0.066805 0.071945 0.071945
0 0.764028 0.298354 0.057104 0.057104
0 0.331310 0.293247 0.061130 0.061130
0 0.167620 0.601593 0.057104 0.057104
0 0.366036 0.598279 0.104277 0.104277
0 0.042378 0.591942 0.104277 0.104277
0 0.697831 0.372040 0.057104 0.057104
0 0.603680 0.120061 0.104277 0.104277
0 0.560598 0.695407 0.052757 0.052757
0 0.989751 0.926715 0.057104 0.057104
0 0.372069 0.366160 0.061130 0.061130
0 0.670022 0.189498 0.052757 0.052757
0 0.549050 0.408181 0.071945 0.071945
0 0.677177 0.055042 0.071945 0.071945
0 0.998413 0.713078 0.104277 0.104277
0 0.314976 0.050662 0.057104 0.057104
0 0.066505 0.397019 0.062220 0.062220
0 0.417515 0.304970 0.071945 0.071945
0 0.165698 0.091961 0.057104 0.057104
0 0.893933 0.118242 0.104277 0.104277
0 0.148752 0.788655 0.057104 0.057104
0 0.557579 0.179198 0.052757 0.052757
0 0.852014 0.296352 0.062220 0.062220
0 0.649407 0.581790 0.061131 0.061131