0 0.993505 0.397367 0.071945 0.071945
0 0.788682 0.900786 0.104277 0.104277
0 0.978784 0.865314 0.104277 0.104277
0 0.892239 0.511644 0.062220 0.062220
0 0.941814 0.775071 0.057104 0.057104
0 0.869974 0.626554 0.104277 0.104277
0 0.852277 0.978450 0.104277 0.104277
0 0.855168 0.817030 0.061131 0.061131
0 0.155495 0.166573 0.062220 0.062220
0 0.864976 0.440937 0.052757 0.052757
0 0.738384 0.740563 0.071945 0.071945
0 0.955393 0.640842 0.062220 0.062220
0 0.625945 0.941828 0.052757 0.052757
0 0.109569 0.225415 0.062220 0.062220
0 0.451968 0.929131 0.061131 0.061131
0 0.256143 0.202427 0.070161 0.070161
0 0.957135 0.461247 0.071945 0.071945
0 0.137350 0.629752 0.057104 0.057104
0 0.946962 0.952900 0.061130 0.061130
0 0.387094 0.850438 0.062220 0.062220
0 0.729255 0.970567 0.057104 0.057104
0 0.526057 0.293624 0.071945 0.071945
0 0.807456 0.201000 0.061130 0.061130
0 0.045544 0.173551 0.071945 0.071945
0 0.341850 0.232180 0.062220 0.062220
0 0.796169 0.564372 0.071945 0.071945
0 0.358978 0.534472 0.061131 0.061131
0 0.646618 0.445523 0.061130 0.061130
0 0.671631 0.564398 0.104277 0.104277
0 0.378421 0.296016 0.104277 0.104277
0 0.292880 0.141651 0.061130 0.061130
0 0.005765 0.024892 0.071945 0.071945
0 0.075115 0.784883 0.057104 0.057104
0 0.422390 0.430942 0.071945 0.071945
0 0.795547 0.696075 0.104277 0.104277
0 0.680001 0.117844 0.061130 0.061130
0 0.108279 0.546179 0.104277 0.104277
0 0.776555 0.096945 0.057104 0.057104
0 0.486606 0.027456 0.071945 0.071945
0 0.273441 0.365243 0.104277 0.104277
0 0.374305 0.109840 0.057104 0.057104
0 0.066054 0.367027 0.062220 0.062220
0 0.484473 0.679856 0.071945 0.071945
0 0.077533 0.879383 0.057104 0.057104
0 0.839667 0.044897 0.062220 0.062220
0 0.344777 0.011971 0.071945 0.071945
0 0.234232 0.072153 0.071945 0.071945
0 0.125923 0.708712 0.052757 0.052757
0 0.197114 0.777793 0.104277 0.104277
0 0.165671 0.346904 0.062220 0.062220
0 0.095874 0.007207 0.052757 0.052757
0 0.498281 0.814270 0.061131 0.061131
0 0.138582 0.979770 0.104277 0.104277
0 0.273891 0.862967 0.061130 0.061130
0 0.009804 0.717398 0.057104 0.057104
0 0.356377 0.760755 0.104277 0.104277
0 0.892140 0.302217 0.062220 0.062220
0 0.855715 0.363784 0.062220 0.062220
0 0.407725 0.175479 0.062220 0.062220
0 0.569258 0.645215 0.062220 0.062220
0 0.261302 0.598118 0.062220 0.062220
0 0.587820 0.884649 0.057104 0.057104
0 0.677410 0.035132 0.061131 0.061131
0 0.151471 0.062318 0.052757 0.052757
0 0.452289 0.359417 0.061131 0.061131
0 0.351069 0.939081 0.062220 0.062220
0 0.356133 0.396735 0.061131 0.061131
0 0.624674 0.170939 0.071945 0.071945
0 0.711306 0.843273 0.071945 0.071945
0 0.154246 0.853491 0.061130 0.061130
0 0.319117 0.474898 0.052757 0.052757
0 0.398751 0.669719 0.061131 0.061131
0 0.817867 0.290931 0.052757 0.052757
0 0.616305 0.367261 0.057104 0.057104
0 0.224084 0.274931 0.052757 0.052757
0 0.917408 0.034324 0.052757 0.052757
0 0.471230 0.208594 0.071945 0.071945
0 0.734216 0.184469 0.052757 0.052757
0 0.867388 0.715823 0.052757 0.052757
0 0.552404 0.070597 0.071945 0.071945
0 0.197168 0.500313 0.104277 0.104277
0 0.617438 0.817697 0.052757 0.052757
0 0.754149 0.381837 0.071945 0.071945
0 0.102737 0.304879 0.057104 0.057104
0 0.656111 0.296408 0.062220 0.062220
0 0.061266 0.069742 0.104277 0.104277
0 0.987566 0.091839 0.052559 0.052559
0 0.648403 0.660854 0.057104 0.057104
0 0.215685 0.655747 0.061130 0.061130
0 0.051995 0.964093 0.057104 0.057104
0 0.482810 0.131644 0.071945 0.071945
0 0.250411 0.960779 0.104277 0.104277
0 0.582206 0.734540 0.057104 0.057104
0 0.488055 0.482561 0.104277 0.104277
0 0.256444 0.728660 0.061130 0.061130
0 0.554397 0.551998 0.052757 0.052757
0 0.433425 0.770681 0.071945 0.071945
0 0.723067 0.320000 0.104277 0.104277
0 0.561552 0.417542 0.071945 0.071945
0 0.575525 0.227556 0.104277 0.104277
0 0.199351 0.413162 0.057104 0.057104
0 0.301890 0.667470 0.071945 0.071945
0 0.306457 0.073205 0.057103 0.057103
0 0.934492 0.171645 0.071945 0.071945
0 0.050073 0.454461 0.057104 0.057104
0 0.778308 0.480742 0.104277 0.104277
0 0.835085 0.135435 0.052757 0.052757
0 0.441954 0.541698 0.052757 0.052757
0 0.736389 0.658852 0.062220 0.062220
0 0.533782 0.944290 0.061131 0.061131