0 0.682052 0.410130 0.104278 0.104278
0 0.737708 0.847252 0.104277 0.104277
0 0.800196 0.571478 0.052757 0.052757
0 0.980493 0.758224 0.061130 0.061130
0 0.472687 0.928446 0.052757 0.052757
0 0.324729 0.562453 0.061130 0.061130
0 0.699490 0.520935 0.052757 0.052757
0 0.720561 0.692162 0.052757 0.052757
0 0.464112 0.841025 0.104277 0.104277
0 0.796868 0.767297 0.071945 0.071945
0 0.546469 0.772823 0.104277 0.104277
0 0.470636 0.741883 0.061130 0.061130
0 0.334697 0.326787 0.057104 0.057104
0 0.377707 0.639840 0.104277 0.104277
0 0.410556 0.113436 0.057104 0.057104
0 0.932284 0.592854 0.104277 0.104277
0 0.597577 0.918878 0.104277 0.104277
0 0.050164 0.769174 0.061130 0.061130
0 0.631898 0.321568 0.052757 0.052757
0 0.037588 0.307640 0.071945 0.071945
0 0.176193 0.412162 0.104277 0.104277
0 0.096624 0.481086 0.052757 0.052757
0 0.319579 0.481323 0.104277 0.104277
0 0.393059 0.879805 0.052757 0.052757
0 0.874741 0.843586 0.052757 0.052757
0 0.817027 0.313813 0.052757 0.052757
0 0.009192 0.475284 0.052757 0.052757
0 0.255534 0.563380 0.052757 0.052757
0 0.684765 0.766341 0.104277 0.104277
0 0.632062 0.627987 0.057104 0.057104
0 0.837399 0.709591 0.052757 0.052757
0 0.535230 0.851973 0.061130 0.061130
0 0.970797 0.910163 0.071945 0.071945
0 0.999976 0.573192 0.071945 0.071945
0 0.210061 0.782524 0.104278 0.104278
0 0.783100 0.234444 0.071945 0.071945
0 0.276910 0.760915 0.052757 0.052757
0 0.556777 0.440041 0.061130 0.061130
0 0.448130 0.338883 0.071945 0.071945
0 0.614779 0.554579 0.052757 0.052757
0 0.880256 0.469694 0.057104 0.057104
0 0.157963 0.220387 0.061130 0.061130
0 0.655326 0.880333 0.071945 0.071945
0 0.456878 0.062069 0.071945 0.071945
0 0.437034 0.507176 0.061130 0.061130
0 0.407703 0.423511 0.062220 0.062220
0 0.551473 0.274697 0.062220 0.062220
0 0.667134 0.103697 0.061130 0.061130
0 0.799173 0.946972 0.061130 0.061130
0 0.894451 0.347820 0.052757 0.052757
0 0.457072 0.669477 0.052757 0.052757
0 0.607246 0.705762 0.057104 0.057104
0 0.242789 0.883408 0.057104 0.057104
0 0.110831 0.370165 0.104277 0.104277
0 0.602446 0.005958 0.061130 0.061130
0 0.170064 0.849788 0.071945 0.071945
0 0.587056 0.990137 0.071945 0.071945
0 0.752200 0.060493 0.104277 0.104277
0 0.915605 0.158366 0.071945 0.071945
0 0.108649 0.929354 0.052757 0.052757
0 0.300945 0.925246 0.071945 0.071945
0 0.605900 0.212084 0.061130 0.061130
0 0.705993 0.304620 0.057104 0.057104
0 0.598142 0.128402 0.104277 0.104277
0 0.805594 0.382236 0.062220 0.062220
0 0.036906 0.837758 0.057104 0.057104
0 0.802761 0.109030 0.104277 0.104277
0 0.007403 0.915580 0.104277 0.104277
0 0.119414 0.028235 0.052757 0.052757
0 0.812066 0.640901 0.104277 0.104277
0 0.548353 0.516676 0.104277 0.104277
0 0.508999 0.370697 0.071945 0.071945
0 0.051141 0.221823 0.104277 0.104277
0 0.898837 0.919446 0.057104 0.057104
0 0.751897 0.438325 0.104277 0.104277
0 0.906730 0.242282 0.057104 0.057104
0 0.250065 0.434764 0.071945 0.071945
0 0.389937 0.278861 0.050932 0.050932
0 0.526673 0.099975 0.052757 0.052757
0 0.002048 0.132693 0.057104 0.057104
0 0.292810 0.046866 0.071945 0.071945
0 0.503570 0.007035 0.061130 0.061130
0 0.180474 0.960139 0.052757 0.052757
0 0.862599 0.065090 0.052757 0.052757
0 0.716905 0.216537 0.057104 0.057104
0 0.250394 0.333497 0.071945 0.071945
0 0.158031 0.096668 0.104277 0.104277
0 0.500474 0.167001 0.061130 0.061130
0 0.362839 0.010160 0.071945 0.071945
0 0.812380 0.874436 0.050559 0.050559
0 0.123362 0.697779 0.104277 0.104277
0 0.941519 0.817215 0.061130 0.061130
0 0.173505 0.542014 0.104277 0.104277
0 0.714022 0.609992 0.061131 0.061131
0 0.561129 0.651317 0.104277 0.104277
0 0.164011 0.318316 0.052757 0.052757
0 0.945752 0.427299 0.104277 0.104277
0 0.461266 0.263686 0.062220 0.062220
0 0.257021 0.241590 0.062220 0.062220
0 0.079178 0.616791 0.052757 0.052757
0 0.048067 0.689427 0.061130 0.061130
0 0.171410 0.632377 0.062220 0.062220
0 0.237920 0.667419 0.071945 0.071945
0 0.636034 0.480044 0.071945 0.071945
0 0.467027 0.591073 0.061130 0.061130
0 0.106789 0.151595 0.071945 0.071945
0 0.876235 0.546264 0.071945 0.071945
0 0.201874 0.156564 0.047555 0.047555
0 0.335974 0.181360 0.052757 0.052757
0 0.367542 0.778523 0.104277 0.104277
0 0.906942 0.684204 0.104277 0.104277
0 0.141093 0.773795 0.052757 0.052757
0 0.331694 0.399465 0.071945 0.071945
0 0.415924 0.189241 0.071945 0.071945
0 0.406826 0.948783 0.104277 0.104277