0 0.154845 0.255032 0.071945 0.071945
0 0.717384 0.761734 0.104277 0.104277
0 0.356389 0.865683 0.052757 0.052757
0 0.429966 0.223011 0.071945 0.071945
0 0.462094 0.338381 0.052757 0.052757
0 0.163529 0.625364 0.061130 0.061130
0 0.700377 0.445535 0.061131 0.061131
0 0.606254 0.561869 0.062220 0.062220
0 0.199243 0.011349 0.061130 0.061130
0 0.605521 0.136326 0.104277 0.104277
0 0.589610 0.732062 0.052757 0.052757
0 0.225656 0.733456 0.104277 0.104277
0 0.747432 0.854187 0.052757 0.052757
0 0.049593 0.521745 0.104277 0.104277
0 0.008454 0.643356 0.104277 0.104277
0 0.052994 0.274487 0.062220 0.062220
0 0.015618 0.020422 0.071945 0.071945
0 0.482409 0.584665 0.104277 0.104277
0 0.078347 0.446745 0.057104 0.057104
0 0.572517 0.299445 0.104277 0.104277
0 0.621867 0.841786 0.061130 0.061130
0 0.593424 0.912766 0.104277 0.104277
0 0.527656 0.490564 0.071945 0.071945
0 0.737714 0.383188 0.052757 0.052757
0 0.450895 0.092083 0.104277 0.104277
0 0.088471 0.801355 0.062220 0.062220
0 0.146694 0.429181 0.104277 0.104277
0 0.563908 0.643323 0.052757 0.052757
0 0.304356 0.726373 0.062220 0.062220
0 0.032047 0.370243 0.061130 0.061130
0 0.511377 0.030581 0.057104 0.057104
0 0.554344 0.204256 0.062220 0.062220
0 0.307086 0.331443 0.052757 0.052757
0 0.425829 0.719193 0.062220 0.062220
0 0.274303 0.518311 0.071945 0.071945
0 0.484307 0.433320 0.102474 0.102474
0 0.525196 0.790440 0.071945 0.071945
0 0.093491 0.096711 0.052757 0.052757
0 0.378643 0.425495 0.104277 0.104277
0 0.427046 0.890234 0.104277 0.104277
0 0.387467 0.159287 0.062220 0.062220
0 0.231154 0.234837 0.061131 0.061131
0 0.189547 0.163288 0.071945 0.071945
0 0.511693 0.887121 0.104277 0.104277
0 0.192693 0.486148 0.057104 0.057104
0 0.005415 0.439675 0.104277 0.104277
0 0.673989 0.192232 0.045227 0.045227
0 0.333297 0.792126 0.062220 0.062220
0 0.308377 0.240559 0.052757 0.052757
0 0.017923 0.200097 0.061130 0.061130
0 0.729654 0.096027 0.061130 0.061130
0 0.288048 0.890697 0.052757 0.052757
0 0.291486 0.447669 0.062220 0.062220
0 0.235909 0.627428 0.104277 0.104277
0 0.147904 0.855158 0.052757 0.052757
0 0.419891 0.817094 0.052757 0.052757
0 0.064002 0.591081 0.062220 0.062220
0 0.386003 0.054320 0.052757 0.052757
0 0.298050 0.106184 0.052757 0.052757
0 0.721243 0.662882 0.061131 0.061131
0 0.239526 0.802988 0.061131 0.061131
0 0.117587 0.172571 0.057104 0.057104
0 0.588060 0.039724 0.061131 0.061131
0 0.214851 0.553150 0.104277 0.104277
0 0.686815 0.538894 0.061131 0.061131
0 0.653069 0.689979 0.062221 0.062221
0 0.488967 0.690261 0.052757 0.052757
0 0.385072 0.332620 0.055027 0.055027
0 0.517264 0.133442 0.061131 0.061131
0 0.175763 0.361533 0.062220 0.062220
0 0.058289 0.886068 0.061130 0.061130
0 0.595101 0.436798 0.104277 0.104277
0 0.203507 0.904203 0.062220 0.062220
0 0.031130 0.127561 0.050559 0.050559
0 0.325352 0.625696 0.052757 0.052757
0 0.160269 0.070340 0.061130 0.061130
0 0.131753 0.518496 0.071945 0.071945
0 0.000282 0.789553 0.061131 0.061131
0 0.247802 0.374343 0.104277 0.104277
0 0.411812 0.518600 0.061130 0.061130
0 0.090303 0.718606 0.104277 0.104277
0 0.675183 0.053218 0.052757 0.052757
0 0.649840 0.385472 0.057104 0.057104
0 0.663790 0.309389 0.088662 0.088662