0 0.493967 0.471352 0.104277 0.104277
0 0.450419 0.259361 0.061130 0.061130
0 0.166427 0.678880 0.104278 0.104278
0 0.853364 0.221070 0.052757 0.052757
0 0.383512 0.119690 0.104277 0.104277
0 0.445338 0.028642 0.071945 0.071945
0 0.644257 0.469028 0.062220 0.062220
0 0.597151 0.014252 0.071945 0.071945
0 0.675904 0.221110 0.104277 0.104277
0 0.351190 0.221259 0.052757 0.052757
0 0.975969 0.978957 0.071945 0.071945
0 0.284571 0.840228 0.052757 0.052757
0 0.753768 0.267635 0.071945 0.071945
0 0.897869 0.766104 0.062220 0.062220
0 0.183865 0.789685 0.052757 0.052757
0 0.637812 0.988850 0.071945 0.071945
0 0.204936 0.960912 0.052757 0.052757
0 0.488091 0.386167 0.057104 0.057104
0 0.259284 0.064199 0.062220 0.062220
0 0.523953 0.572803 0.051819 0.051819
0 0.170119 0.249358 0.104277 0.104277
0 0.998754 0.201136 0.071945 0.071945
0 0.428097 0.185898 0.061131 0.061131
0 0.704101 0.516516 0.052757 0.052757
0 0.416659 0.861604 0.104277 0.104277
0 0.834299 0.918901 0.071945 0.071945
0 0.765377 0.465031 0.057103 0.057103
0 0.512313 0.146393 0.052757 0.052757
0 0.839046 0.850455 0.062220 0.062220
0 0.568520 0.082353 0.057104 0.057104
0 0.719719 0.977990 0.062220 0.062220
0 0.959069 0.035110 0.052757 0.052757
0 0.680993 0.304364 0.036679 0.036679
0 0.116273 0.590318 0.052757 0.052757
0 0.800031 0.582371 0.104277 0.104277
0 0.514755 0.234975 0.057104 0.057104
0 0.599794 0.643147 0.104277 0.104277
0 0.905368 0.950683 0.061130 0.061130
0 0.594931 0.569854 0.071945 0.071945
0 0.026671 0.061089 0.057104 0.057104
0 0.837527 0.031550 0.052757 0.052757
0 0.824633 0.099412 0.104277 0.104277
0 0.991523 0.565428 0.071945 0.071945
0 0.249523 0.187608 0.071945 0.071945
0 0.301402 0.582563 0.052757 0.052757
0 0.730271 0.123044 0.104277 0.104277
0 0.897362 0.597239 0.061131 0.061131
0 0.116437 0.896737 0.057104 0.057104
0 0.321774 0.978341 0.052757 0.052757
0 0.516249 0.729776 0.054783 0.054783
0 0.821176 0.290519 0.062220 0.062220
0 0.683801 0.663688 0.057103 0.057103
0 0.484351 0.841942 0.071945 0.071945
0 0.484611 0.912766 0.061130 0.061130
0 0.267475 0.503194 0.071945 0.071945
0 0.041152 0.708791 0.061130 0.061130
0 0.099154 0.823329 0.052757 0.052757
0 0.778107 0.730509 0.061131 0.061131
0 0.364631 0.738444 0.057104 0.057104
0 0.729285 0.598390 0.061131 0.061131
0 0.320742 0.154057 0.057104 0.057104
0 0.677198 0.064752 0.061130 0.061130
0 0.035848 0.543447 0.062220 0.062220
0 0.151509 0.372447 0.061130 0.061130
0 0.994856 0.690932 0.071945 0.071945
0 0.929839 0.451370 0.062220 0.062220
0 0.755958 0.195367 0.061130 0.061130
0 0.378826 0.616570 0.052757 0.052757
0 0.091621 0.974512 0.057104 0.057104
0 0.086821 0.274708 0.061130 0.061130
0 0.057895 0.202973 0.061130 0.061130
0 0.627294 0.159235 0.062220 0.062220
0 0.236575 0.329243 0.104277 0.104277
0 0.399980 0.427116 0.071945 0.071945
0 0.931443 0.664035 0.104278 0.104278
0 0.608764 0.830434 0.052757 0.052757
0 0.090275 0.480834 0.061130 0.061130
0 0.904423 0.306443 0.104277 0.104277
0 0.190368 0.573370 0.057104 0.057104
0 0.082517 0.397152 0.104277 0.104277
0 0.289969 0.650986 0.062220 0.062220
0 0.854796 0.703614 0.062220 0.062220
0 0.287136 0.377780 0.104277 0.104277
0 0.266041 0.265090 0.052757 0.052757
0 0.296441 0.909651 0.104277 0.104277
0 0.572957 0.304778 0.062220 0.062220
0 0.032728 0.785426 0.104277 0.104277
0 0.236272 0.707075 0.104277 0.104277
0 0.715168 0.387474 0.104277 0.104277
0 0.391105 0.511032 0.057104 0.057104
0 0.759322 0.919612 0.057104 0.057104
0 0.011048 0.368725 0.052757 0.052757
0 0.778357 0.654113 0.071945 0.071945
0 0.628620 0.352696 0.071945 0.071945
0 0.346974 0.333840 0.052757 0.052757
0 0.201280 0.485287 0.057104 0.057104
0 0.592609 0.716525 0.104277 0.104277
0 0.769515 0.342843 0.061131 0.061131
0 0.901790 0.130573 0.071945 0.071945
0 0.555165 0.906337 0.071945 0.071945
0 0.657152 0.760723 0.057104 0.057104
0 0.697198 0.817861 0.104277 0.104277
0 0.198397 0.878742 0.061131 0.061131
0 0.045504 0.920067 0.104277 0.104277
0 0.173709 0.141403 0.062220 0.062220
0 0.502690 0.661822 0.052757 0.052757
0 0.430127 0.696049 0.104277 0.104277
0 0.177286 0.051592 0.061131 0.061131
0 0.120409 0.748794 0.071945 0.071945
0 0.862183 0.379840 0.071945 0.071945
0 0.360610 0.815014 0.071945 0.071945
0 0.666874 0.909465 0.104277 0.104277
0 0.391317 0.952954 0.104277 0.104277
0 0.943083 0.875010 0.061131 0.061131
0 0.104794 0.148397 0.071945 0.071945
0 0.565576 0.432595 0.057104 0.057104
0 0.835327 0.515326 0.061131 0.061131