0 0.796630 0.594242 0.071945 0.071945
0 0.695364 0.708519 0.062220 0.062220
0 0.828342 0.706466 0.057104 0.057104
0 0.861153 0.631774 0.052757 0.052757
0 0.744939 0.971946 0.057104 0.057104
0 0.673099 0.823429 0.104277 0.104277
0 0.927402 0.127918 0.061130 0.061130
0 0.897831 0.265131 0.061130 0.061130
0 0.507618 0.141587 0.052757 0.052757
0 0.600831 0.088661 0.052757 0.052757
0 0.668101 0.637812 0.052757 0.052757
0 0.541509 0.937438 0.071945 0.071945
0 0.758518 0.837717 0.062220 0.062220
0 0.816675 0.958968 0.071945 0.071945
0 0.898472 0.729509 0.071945 0.071945
0 0.059268 0.399302 0.070161 0.070161
0 0.821630 0.053155 0.104277 0.104277
0 0.760260 0.658122 0.071945 0.071945
0 0.412642 0.057895 0.062220 0.062220
0 0.928773 0.492858 0.061131 0.061131
0 0.947407 0.667722 0.071945 0.071945
0 0.329182 0.490499 0.071945 0.071945
0 0.610581 0.397875 0.061130 0.061130
0 0.426841 0.177877 0.062220 0.062220
0 0.144975 0.429055 0.062220 0.062220
0 0.599294 0.761247 0.071945 0.071945
0 0.162103 0.731347 0.061131 0.061131
0 0.449743 0.642398 0.061130 0.061130
0 0.959973 0.591085 0.071945 0.071945
0 0.474756 0.761273 0.104277 0.104277
0 0.181546 0.492891 0.104277 0.104277
0 0.356741 0.145282 0.052757 0.052757
0 0.096005 0.338526 0.061130 0.061130
0 0.225515 0.627817 0.071945 0.071945
0 0.598672 0.892950 0.104277 0.104277
0 0.890760 0.836650 0.104278 0.104278
0 0.483126 0.314719 0.061130 0.061130
0 0.579680 0.293820 0.057104 0.057104
0 0.289731 0.224331 0.071945 0.071945
0 0.076566 0.562118 0.104277 0.104277
0 0.840111 0.406154 0.057104 0.057104
0 0.177430 0.306715 0.057104 0.057104
0 0.178186 0.109571 0.061131 0.061131
0 0.287598 0.876731 0.071945 0.071945
0 0.487625 0.065199 0.057104 0.057104
0 0.642792 0.241772 0.062220 0.062220
0 0.147902 0.208846 0.071945 0.071945
0 0.037357 0.269028 0.071945 0.071945
0 0.000239 0.974668 0.104277 0.104277
0 0.159502 0.957630 0.104277 0.104277
0 0.695265 0.499092 0.062220 0.062220
0 0.275021 0.126860 0.052757 0.052757
0 0.658840 0.560659 0.062220 0.062220
0 0.210850 0.372354 0.062220 0.062220
0 0.372383 0.842090 0.062220 0.062220
0 0.756036 0.091875 0.071945 0.071945
0 0.064427 0.794993 0.062220 0.062220
0 0.480535 0.232007 0.061131 0.061131
0 0.255414 0.556292 0.061131 0.061131
0 0.008279 0.088157 0.071945 0.071945
0 0.871315 0.183407 0.104278 0.104278
0 0.159258 0.593610 0.061131 0.061131
0 0.427799 0.367814 0.071945 0.071945
0 0.339264 0.065075 0.062220 0.062220
0 0.032213 0.169410 0.057104 0.057104
0 0.942479 0.368152 0.061131 0.061131
0 0.122242 0.671773 0.052757 0.052757
0 0.201876 0.866594 0.061131 0.061131
0 0.620992 0.487806 0.052757 0.052757
0 0.419430 0.564136 0.057104 0.057104
0 0.027209 0.471806 0.052757 0.052757
0 0.720533 0.231199 0.052757 0.052757
0 0.274355 0.405469 0.071945 0.071945
0 0.932203 0.918692 0.057104 0.057104
0 0.813143 0.888812 0.057104 0.057104
0 0.537341 0.381344 0.052757 0.052757
0 0.670513 0.912698 0.052757 0.052757
0 0.355529 0.267472 0.071945 0.071945
0 0.788386 0.172677 0.062220 0.062220
0 0.090983 0.056002 0.104277 0.104277
0 0.000293 0.697188 0.104277 0.104277
0 0.557274 0.578712 0.071945 0.071945
0 0.459236 0.493283 0.062220 0.062220
0 0.657952 0.133458 0.071945 0.071945
0 0.790691 0.288714 0.052559 0.052559
0 0.451528 0.857729 0.057104 0.057104
0 0.018810 0.852622 0.061130 0.061130
0 0.285935 0.328519 0.071945 0.071945
0 0.833365 0.525071 0.062220 0.062220
0 0.385331 0.931415 0.057104 0.057104
0 0.291180 0.679436 0.104277 0.104277
0 0.059569 0.925535 0.061130 0.061130
0 0.357522 0.748873 0.052757 0.052757
0 0.236550 0.967556 0.071945 0.071945
0 0.526192 0.516875 0.104277 0.104277
0 0.364677 0.614417 0.071945 0.071945
0 0.378650 0.424431 0.104277 0.104277
0 0.002476 0.610037 0.057104 0.057104
0 0.105015 0.864345 0.071945 0.071945
0 0.109582 0.270080 0.057103 0.057103
0 0.737617 0.368520 0.071945 0.071945
0 0.893494 0.559299 0.104278 0.104278
0 0.581433 0.677617 0.104277 0.104277
0 0.262299 0.056424 0.057104 0.057104
0 0.638210 0.332310 0.052757 0.052757
0 0.245079 0.738573 0.052757 0.052757
0 0.539514 0.855727 0.062220 0.062220
0 0.590906 0.181652 0.061131 0.061131
0 0.660623 0.055067 0.062220 0.062220