0 0.503927 0.050755 0.104278 0.104278
0 0.268582 0.925705 0.062220 0.062220
0 0.757970 0.642532 0.071945 0.071945
0 0.559583 0.487877 0.104277 0.104277
0 0.622071 0.212103 0.052757 0.052757
0 0.802368 0.398849 0.061130 0.061130
0 0.294562 0.569071 0.052757 0.052757
0 0.306254 0.655620 0.104277 0.104277
0 0.146604 0.203078 0.061130 0.061130
0 0.652718 0.909245 0.104277 0.104277
0 0.065156 0.979992 0.052757 0.052757
0 0.521365 0.161560 0.052757 0.052757
0 0.975312 0.360725 0.071945 0.071945
0 0.542436 0.332787 0.052757 0.052757
0 0.656119 0.661987 0.062220 0.062220
0 0.285987 0.481650 0.104277 0.104277
0 0.618743 0.407922 0.071945 0.071945
0 0.368344 0.413448 0.104277 0.104277
0 0.292511 0.382508 0.061130 0.061130
0 0.681472 0.834245 0.057104 0.057104
0 0.199582 0.280465 0.104277 0.104277
0 0.034787 0.786163 0.061130 0.061130
0 0.754159 0.233479 0.104277 0.104277
0 0.015203 0.698280 0.052757 0.052757
0 0.749819 0.816681 0.104277 0.104277
0 0.635172 0.757743 0.061130 0.061130
0 0.514477 0.799617 0.057104 0.057104
0 0.419452 0.559503 0.104277 0.104277
0 0.176005 0.699107 0.061130 0.061130
0 0.256849 0.824565 0.062220 0.062220
0 0.910211 0.718943 0.052757 0.052757
0 0.451993 0.906375 0.057104 0.057104
0 0.567969 0.936466 0.104277 0.104277
0 0.298738 0.732775 0.057104 0.057104
0 0.937294 0.015022 0.104277 0.104277
0 0.877428 0.905811 0.071945 0.071945
0 0.116536 0.934218 0.062220 0.062220
0 0.141454 0.121948 0.104277 0.104277
0 0.214934 0.520430 0.052757 0.052757
0 0.696616 0.484211 0.052757 0.052757
0 0.981768 0.812995 0.104277 0.104277
0 0.335284 0.868218 0.057104 0.057104
0 0.077409 0.204005 0.052757 0.052757
0 0.506640 0.406966 0.104277 0.104277
0 0.453937 0.268612 0.057104 0.057104
0 0.659274 0.350216 0.052757 0.052757
0 0.853749 0.101651 0.054783 0.054783
0 0.147359 0.780319 0.061130 0.061130
0 0.990592 0.546787 0.062220 0.062220
0 0.834279 0.622337 0.061131 0.061131
0 0.357105 0.492598 0.061130 0.061130
0 0.792672 0.550788 0.071945 0.071945
0 0.821851 0.213817 0.071945 0.071945
0 0.031936 0.423149 0.104278 0.104278
0 0.580873 0.669337 0.062220 0.062220
0 0.822111 0.284641 0.061130 0.061130
0 0.098785 0.401540 0.052757 0.052757
0 0.378652 0.080666 0.061130 0.061130
0 0.795818 0.873648 0.057104 0.057104
0 0.436654 0.195204 0.052757 0.052757
0 0.702131 0.110319 0.057104 0.057104
0 0.608540 0.827175 0.104277 0.104277
0 0.108246 0.656564 0.057104 0.057104
0 0.477201 0.520958 0.071945 0.071945
0 0.258909 0.147801 0.061130 0.061130
0 0.229578 0.064136 0.062220 0.062220
0 0.911502 0.628059 0.052757 0.052757
0 0.621048 0.587597 0.061130 0.061130
0 0.278947 0.310102 0.052757 0.052757
0 0.429121 0.346387 0.057104 0.057104
0 0.064664 0.524033 0.057104 0.057104
0 0.894611 0.835169 0.062220 0.062220
0 0.431586 0.776906 0.062220 0.062220
0 0.408931 0.630762 0.071945 0.071945
0 0.122820 0.565871 0.071945 0.071945
0 0.946264 0.202309 0.052757 0.052757
0 0.627469 0.022861 0.062220 0.062220
0 0.633941 0.281526 0.104277 0.104277
0 0.667127 0.978581 0.062220 0.062220
0 0.989128 0.441820 0.052757 0.052757
0 0.541340 0.867928 0.071945 0.071945
0 0.370228 0.157301 0.104277 0.104277
0 0.901175 0.493684 0.052757 0.052757
0 0.330874 0.011322 0.071945 0.071945
0 0.720712 0.560071 0.057104 0.057104
0 0.573772 0.078950 0.104277 0.104277
0 0.071940 0.075389 0.071945 0.071945
0 0.217382 0.984630 0.104277 0.104277
0 0.817976 0.940650 0.104277 0.104277
0 0.002349 0.600764 0.052757 0.052757
0 0.930109 0.088400 0.104277 0.104277
0 0.988197 0.720120 0.055027 0.055027
0 0.778888 0.749033 0.062220 0.062220
0 0.634255 0.515061 0.050559 0.050559
0 0.763394 0.457840 0.061130 0.061130
0 0.892665 0.278212 0.071945 0.071945
0 0.994652 0.132598 0.057104 0.057104
0 0.448657 0.989408 0.052757 0.052757
0 0.734878 0.905996 0.071945 0.071945
0 0.535897 0.250617 0.061131 0.061131
0 0.383004 0.291942 0.104277 0.104277
0 0.891465 0.372765 0.071945 0.071945
0 0.850927 0.761843 0.104277 0.104277
0 0.840190 0.033697 0.052757 0.052757
0 0.767627 0.067924 0.104277 0.104277
0 0.375432 0.984686 0.052757 0.052757
0 0.059795 0.308044 0.071945 0.071945
0 0.457909 0.120669 0.071945 0.071945
0 0.288902 0.231698 0.061130 0.061130
0 0.698110 0.186889 0.071945 0.071945
0 0.409104 0.850072 0.061130 0.061130
0 0.080585 0.869416 0.104277 0.104277
0 0.189417 0.419148 0.104277 0.104277
0 0.728817 0.324829 0.104277 0.104277
0 0.493310 0.644743 0.052757 0.052757
0 0.153569 0.040090 0.071945 0.071945
0 0.228701 0.589408 0.104277 0.104277