0 0.221583 0.869363 0.052757 0.052757
0 0.773511 0.608731 0.052757 0.052757
0 0.723160 0.102052 0.062220 0.062220
0 0.647717 0.329268 0.052757 0.052757
0 0.194502 0.530411 0.071945 0.071945
0 0.773056 0.816561 0.057104 0.057104
0 0.839098 0.223728 0.071945 0.071945
0 0.886346 0.286167 0.061130 0.061130
0 0.441391 0.022082 0.052757 0.052757
0 0.187418 0.939608 0.062220 0.062220
0 0.817865 0.499207 0.057104 0.057104
0 0.904796 0.495464 0.057104 0.057104
0 0.215115 0.304147 0.104278 0.104278
0 0.586207 0.240762 0.071945 0.071945
0 0.515962 0.233677 0.057104 0.057104
0 0.784015 0.399669 0.057104 0.057104
0 0.330639 0.740883 0.071945 0.071945
0 0.520463 0.923512 0.061130 0.061130
0 0.323705 0.670427 0.071945 0.071945
0 0.931204 0.163860 0.061130 0.061130
0 0.819378 0.765194 0.071945 0.071945
0 0.913973 0.977822 0.062220 0.062220
0 0.519494 0.567437 0.071945 0.071945
0 0.964946 0.709083 0.061130 0.061130
0 0.936020 0.637348 0.061130 0.061130
0 0.717138 0.363621 0.104277 0.104277
0 0.581178 0.141799 0.057104 0.057104
0 0.822894 0.143546 0.057104 0.057104
0 0.488533 0.318928 0.057104 0.057104
0 0.691460 0.257883 0.104277 0.104277
0 0.975503 0.375286 0.052757 0.052757
0 0.274078 0.087986 0.062220 0.062220
0 0.968400 0.915209 0.061130 0.061130
0 0.706553 0.450183 0.104277 0.104277
0 0.530663 0.649135 0.071945 0.071945
0 0.960642 0.831527 0.104277 0.104277
0 0.496017 0.151182 0.052757 0.052757
0 0.690718 0.163152 0.052757 0.052757
0 0.507629 0.082473 0.061130 0.061130
0 0.649950 0.600266 0.052757 0.052757
0 0.876082 0.076645 0.104277 0.104277
0 0.481914 0.731360 0.052757 0.052757
0 0.414597 0.409914 0.061130 0.061130
0 0.222919 0.791699 0.104278 0.104278
0 0.856525 0.572952 0.071945 0.071945
0 0.781470 0.325922 0.062220 0.062220
0 0.405691 0.603793 0.061130 0.061130
0 0.413641 0.924948 0.104277 0.104277
0 0.742402 0.531619 0.104277 0.104277
0 0.752437 0.981986 0.050932 0.050932
0 0.292223 0.474065 0.061130 0.061130
0 0.889173 0.803100 0.052757 0.052757
0 0.364548 0.835818 0.057104 0.057104
0 0.655310 0.749991 0.071945 0.071945
0 0.866070 0.710160 0.061130 0.061130
0 0.441672 0.674619 0.062220 0.062220
0 0.433780 0.110618 0.061130 0.061130
0 0.578210 0.346414 0.057104 0.057104
0 0.888718 0.355321 0.057104 0.057104
0 0.307701 0.393477 0.057104 0.057104
0 0.380406 0.288588 0.104277 0.104277
0 0.520531 0.799793 0.104277 0.104277
0 0.227286 0.599737 0.061130 0.061130
0 0.190882 0.091500 0.061130 0.061130
0 0.988909 0.280061 0.057104 0.057104
0 0.862974 0.870126 0.061130 0.061130
0 0.725339 0.713285 0.071945 0.071945
0 0.577974 0.424523 0.061130 0.061130
0 0.507811 0.411802 0.062220 0.062220
0 0.852826 0.429786 0.048997 0.048997
0 0.232098 0.019508 0.061130 0.061130
0 0.319628 0.900535 0.062220 0.062220
0 0.279330 0.235180 0.104277 0.104277
0 0.789495 0.060968 0.057104 0.057104
0 0.987911 0.057654 0.104277 0.104277
0 0.664253 0.051317 0.104277 0.104277
0 0.823766 0.966811 0.062220 0.062220
0 0.619521 0.944715 0.062220 0.062220
0 0.237872 0.392525 0.057104 0.057104
0 0.285318 0.551299 0.057104 0.057104
0 0.476372 0.496342 0.071945 0.071945
0 0.259412 0.996604 0.057104 0.057104
0 0.317712 0.025190 0.071945 0.071945
0 0.630185 0.524163 0.104277 0.104277
0 0.396311 0.489266 0.071945 0.071945
0 0.386562 0.212125 0.061130 0.061130
0 0.469289 0.854720 0.071945 0.071945
0 0.564374 0.859689 0.047555 0.047555
0 0.698474 0.884485 0.052757 0.052757
0 0.770627 0.248030 0.057104 0.057104
0 0.189632 0.180932 0.071945 0.071945
0 0.328891 0.983490 0.057103 0.057103
0 0.982919 0.582772 0.071945 0.071945
0 0.778424 0.892366 0.071945 0.071945
0 0.225556 0.687953 0.062220 0.062220
0 0.354584 0.148315 0.062220 0.062220