0 0.946012 0.729065 0.104277 0.104277
0 0.913690 0.830634 0.052757 0.052757
0 0.951721 0.501118 0.104277 0.104277
0 0.457886 0.783731 0.052757 0.052757
0 0.407535 0.277052 0.062220 0.062220
0 0.821784 0.673574 0.062220 0.062220
0 0.732619 0.858733 0.104277 0.104277
0 0.332092 0.504268 0.052757 0.052757
0 0.990597 0.795273 0.061131 0.061131
0 0.354420 0.151437 0.057103 0.057103
0 0.457431 0.991561 0.057104 0.057104
0 0.523473 0.398728 0.071945 0.071945
0 0.570721 0.461167 0.061130 0.061130
0 0.125766 0.197082 0.052757 0.052757
0 0.748855 0.585122 0.052757 0.052757
0 0.873843 0.201006 0.061131 0.061131
0 0.502240 0.674207 0.057104 0.057104
0 0.816055 0.521031 0.052757 0.052757
0 0.589171 0.670464 0.057104 0.057104
0 0.812023 0.796983 0.071945 0.071945
0 0.808969 0.122313 0.062220 0.062220
0 0.921118 0.603314 0.071945 0.071945
0 0.270582 0.415762 0.071945 0.071945
0 0.200337 0.408677 0.057104 0.057104
0 0.468390 0.574669 0.057104 0.057104
0 0.496990 0.056758 0.057104 0.057104
0 0.883242 0.763432 0.057104 0.057104
0 0.015014 0.915883 0.071945 0.071945
0 0.008080 0.845427 0.071945 0.071945
0 0.615579 0.338860 0.061130 0.061130
0 0.503753 0.940194 0.071945 0.071945
0 0.714009 0.981822 0.061130 0.061130
0 0.417013 0.099193 0.052757 0.052757
0 0.203869 0.742437 0.071945 0.071945
0 0.170188 0.122535 0.062220 0.062220
0 0.887716 0.403150 0.104277 0.104277
0 0.649321 0.884083 0.061130 0.061130
0 0.620395 0.812348 0.061130 0.061130
0 0.499408 0.151258 0.057104 0.057104
0 0.401513 0.538621 0.104277 0.104277
0 0.265553 0.316799 0.057104 0.057104
0 0.507269 0.318546 0.057104 0.057104
0 0.172908 0.493928 0.057104 0.057104
0 0.618989 0.049668 0.104277 0.104277
0 0.799075 0.938618 0.104277 0.104277
0 0.375835 0.432883 0.104277 0.104277
0 0.659878 0.550286 0.052757 0.052757
0 0.390928 0.625183 0.104277 0.104277
0 0.215038 0.824135 0.071945 0.071945
0 0.180392 0.326182 0.052757 0.052757
0 0.920156 0.086145 0.061131 0.061131
0 0.375093 0.338152 0.052757 0.052757
0 0.849636 0.987155 0.104277 0.104277
0 0.192004 0.257473 0.061130 0.061130
0 0.334325 0.775266 0.052757 0.052757
0 0.560457 0.251645 0.104277 0.104277
0 0.828541 0.874465 0.052757 0.052757
0 0.166289 0.906360 0.052757 0.052757
0 0.695766 0.134842 0.061130 0.061130
0 0.260958 0.172291 0.071945 0.071945
0 0.778252 0.032630 0.104277 0.104277
0 0.098972 0.584914 0.061130 0.061130
0 0.540900 0.747952 0.071945 0.071945
0 0.465845 0.500922 0.062220 0.062220
0 0.090066 0.778793 0.061130 0.061130
0 0.780177 0.440619 0.052757 0.052757
0 0.772944 0.210956 0.062220 0.062220
0 0.426777 0.706619 0.104277 0.104277
0 0.040119 0.034642 0.057104 0.057104
0 0.573548 0.978100 0.052757 0.052757
0 0.576121 0.125366 0.061130 0.061130
0 0.737709 0.274574 0.104278 0.104278
0 0.339685 0.924991 0.071945 0.071945
0 0.550445 0.885160 0.061130 0.061130
0 0.126047 0.849619 0.062220 0.062220
0 0.909474 0.943215 0.052757 0.052757
0 0.118155 0.285618 0.061130 0.061130
0 0.084767 0.122804 0.062220 0.062220
0 0.987852 0.338745 0.062220 0.062220
0 0.262585 0.521414 0.057104 0.057104
0 0.573093 0.530321 0.057104 0.057104
0 0.064781 0.463588 0.104277 0.104277
0 0.204906 0.974793 0.104277 0.104277
0 0.794727 0.340485 0.062220 0.062220
0 0.673284 0.455061 0.057104 0.057104
0 0.409714 0.888285 0.071945 0.071945
0 0.262349 0.599523 0.061130 0.061130
0 0.192186 0.586802 0.062220 0.062220
0 0.537201 0.604786 0.048997 0.048997
0 0.826647 0.272856 0.071945 0.071945
0 0.108172 0.044869 0.057104 0.057104
0 0.740227 0.509417 0.062220 0.062220
0 0.473870 0.235968 0.057104 0.057104
0 0.672286 0.232654 0.104277 0.104277
0 0.348628 0.226317 0.104277 0.104277
0 0.736209 0.750778 0.062220 0.062220
0 0.866848 0.329782 0.052757 0.052757
0 0.678319 0.000535 0.061130 0.061130
0 0.739786 0.660967 0.061131 0.061131
0 0.855300 0.042556 0.071945 0.071945
0 0.160747 0.671342 0.071945 0.071945
0 0.372755 0.031394 0.062220 0.062220
0 0.002087 0.200190 0.071945 0.071945
0 0.314560 0.699163 0.104277 0.104277
0 0.080686 0.664266 0.071945 0.071945
0 0.070937 0.387125 0.061130 0.061130
0 0.272566 0.090249 0.052757 0.052757
0 0.455002 0.423030 0.057104 0.057104
0 0.219817 0.015706 0.062220 0.062220
0 0.667294 0.757772 0.071945 0.071945
0 0.038959 0.323315 0.062220 0.062220
0 0.955657 0.216165 0.061131 0.061131