0 0.375419 0.821861 0.061130 0.061130
0 0.778364 0.783570 0.052757 0.052757
0 0.308512 0.682190 0.104277 0.104277
0 0.370338 0.591142 0.071945 0.071945
0 0.522151 0.576752 0.071945 0.071945
0 0.600904 0.783610 0.104277 0.104277
0 0.276190 0.783759 0.052757 0.052757
0 0.678768 0.830135 0.071945 0.071945
0 0.573057 0.125786 0.104277 0.104277
0 0.605537 0.467055 0.061131 0.061131
0 0.763159 0.090314 0.104277 0.104277
0 0.314221 0.454243 0.104277 0.104277
0 0.807348 0.286562 0.057104 0.057104
0 0.933801 0.491522 0.062221 0.062221
0 0.822707 0.454527 0.104277 0.104277
0 0.899733 0.248441 0.104277 0.104277
0 0.726189 0.000071 0.057104 0.057104
0 0.636652 0.203450 0.104277 0.104277
0 0.413091 0.948667 0.057104 0.057104
0 0.184284 0.626699 0.062220 0.062220
0 0.442293 0.390214 0.052757 0.052757
0 0.095119 0.811858 0.104277 0.104277
0 0.923754 0.763636 0.071945 0.071945
0 0.639543 0.042030 0.061131 0.061131
0 0.353097 0.748398 0.061131 0.061131
0 0.386231 0.500739 0.057104 0.057104
0 0.437313 0.708893 0.052757 0.052757
0 0.705370 0.444695 0.104277 0.104277
0 0.111355 0.538247 0.052757 0.052757
0 0.575647 0.261105 0.062220 0.062220
0 0.493520 0.644853 0.057104 0.057104
0 0.413473 0.327653 0.057104 0.057104
0 0.410320 0.166828 0.052757 0.052757
0 0.884069 0.597610 0.052757 0.052757
0 0.605993 0.866864 0.036679 0.036679
0 0.521474 0.305091 0.061130 0.061130
0 0.236343 0.154131 0.061131 0.061131
0 0.823982 0.558421 0.062221 0.062221
0 0.439755 0.797475 0.057104 0.057104
0 0.178555 0.474156 0.052757 0.052757
0 0.825612 0.363909 0.071945 0.071945
0 0.762527 0.594050 0.052757 0.052757
0 0.731337 0.177900 0.061130 0.061130
0 0.749633 0.661912 0.104277 0.104277
0 0.174523 0.750108 0.071945 0.071945
0 0.171469 0.075438 0.062220 0.062220
0 0.464403 0.262114 0.061131 0.061131
0 0.655271 0.685544 0.104277 0.104277
0 0.283618 0.556439 0.071945 0.071945
0 0.513630 0.195567 0.057104 0.057104
0 0.938401 0.911001 0.057104 0.057104
0 0.746176 0.853019 0.062220 0.062220
0 0.924035 0.117477 0.057104 0.057104
0 0.245742 0.716557 0.057104 0.057104
0 0.602198 0.627252 0.061130 0.061130
0 0.076509 0.934947 0.061130 0.061130
0 0.737124 0.252775 0.061130 0.061130
0 0.680958 0.757867 0.061130 0.061130
0 0.250216 0.356275 0.104277 0.104277
0 0.011821 0.837208 0.061130 0.061130
0 0.552294 0.721735 0.062220 0.062220
0 0.161575 0.891743 0.104277 0.104277
0 0.324980 0.989616 0.071945 0.071945
0 0.022378 0.503411 0.052757 0.052757
0 0.465726 0.492765 0.062220 0.062220
0 0.829423 0.868943 0.104277 0.104277
0 0.007517 0.959652 0.104277 0.104277
0 0.282656 0.039270 0.061131 0.061131
0 0.212136 0.940280 0.104277 0.104277
0 0.191041 0.827590 0.052757 0.052757
0 0.058266 0.087967 0.061130 0.061130
0 0.497957 0.867278 0.062220 0.062220
0 0.876367 0.171479 0.052757 0.052757
0 0.372195 0.109649 0.057104 0.057104
0 0.532798 0.410616 0.071945 0.071945
0 0.142677 0.393744 0.052757 0.052757
0 0.135444 0.164081 0.062220 0.062220
0 0.640168 0.949974 0.104277 0.104277
0 0.495681 0.068273 0.071945 0.071945
0 0.100209 0.227699 0.104278 0.104278
0 0.553620 0.915196 0.071945 0.071945
0 0.271974 0.896340 0.052757 0.052757
0 0.350352 0.291870 0.062220 0.062220
0 0.943624 0.642851 0.071945 0.071945
0 0.157227 0.293610 0.062220 0.062220
0 0.035784 0.408186 0.057104 0.057104
0 0.694515 0.905343 0.061131 0.061131
0 0.826790 0.693073 0.071945 0.071945
0 0.401813 0.042697 0.052757 0.052757
0 0.189147 0.225981 0.071945 0.071945
0 0.102727 0.462542 0.062220 0.062220
0 0.921171 0.342048 0.104277 0.104277
0 0.675758 0.374277 0.057104 0.057104
0 0.034786 0.185779 0.104277 0.104277
0 0.098709 0.703903 0.062220 0.062220
0 0.229348 0.282907 0.052757 0.052757
0 0.658501 0.514215 0.057104 0.057104
0 0.102286 0.614092 0.061131 0.061131
0 0.667163 0.300578 0.104277 0.104277
0 0.894155 0.050282 0.061130 0.061130
0 0.787183 0.942340 0.071945 0.071945
0 0.736496 0.328173 0.104277 0.104277
0 0.750676 0.524431 0.052757 0.052757
0 0.029794 0.710897 0.071945 0.071945
0 0.490576 0.995095 0.057104 0.057104
0 0.318157 0.169290 0.061131 0.061131