0 0.882838 0.913017 0.071945 0.071945
0 0.826721 0.776118 0.104277 0.104277
0 0.282535 0.552052 0.062220 0.062220
0 0.696784 0.948574 0.062220 0.062220
0 0.954793 0.712089 0.052757 0.052757
0 0.207092 0.779268 0.052757 0.052757
0 0.201362 0.016481 0.104277 0.104277
0 0.229420 0.426437 0.057103 0.057103
0 0.898731 0.822614 0.057104 0.057104
0 0.398473 0.673728 0.071945 0.071945
0 0.445721 0.736167 0.061130 0.061130
0 0.000766 0.472082 0.052757 0.052757
0 0.623855 0.860122 0.052757 0.052757
0 0.925973 0.649528 0.057104 0.057104
0 0.922820 0.488703 0.052757 0.052757
0 0.748843 0.476006 0.061131 0.061131
0 0.377240 0.949207 0.057104 0.057104
0 0.691055 0.796031 0.052757 0.052757
0 0.464171 0.945464 0.057104 0.057104
0 0.434225 0.176627 0.057104 0.057104
0 0.683969 0.397313 0.062220 0.062220
0 0.976903 0.583989 0.061131 0.061131
0 0.796118 0.878314 0.071945 0.071945
0 0.161540 0.248575 0.104277 0.104277
0 0.145582 0.690762 0.071945 0.071945
0 0.075337 0.683677 0.057104 0.057104
0 0.655853 0.081347 0.061131 0.061131
0 0.343390 0.849669 0.057104 0.057104
0 0.968506 0.111273 0.104277 0.104277
0 0.180937 0.112724 0.057104 0.057104
0 0.371990 0.331758 0.057104 0.057104
0 0.129507 0.061593 0.104277 0.104277
0 0.490579 0.613860 0.061130 0.061130
0 0.405154 0.093054 0.104277 0.104277
0 0.292013 0.374193 0.052757 0.052757
0 0.045188 0.397535 0.062220 0.062220
0 0.781348 0.226731 0.071945 0.071945
0 0.762716 0.678150 0.104277 0.104277
0 0.217254 0.177223 0.057104 0.057104
0 0.374408 0.426258 0.057104 0.057104
0 0.276513 0.813621 0.104277 0.104277
0 0.140553 0.591799 0.057104 0.057104
0 0.382269 0.593546 0.057104 0.057104
0 0.047908 0.768928 0.057104 0.057104
0 0.422798 0.255587 0.052757 0.052757
0 0.493989 0.324668 0.104277 0.104277
0 0.250835 0.707883 0.104277 0.104277
0 0.534878 0.825286 0.052757 0.052757
0 0.978226 0.814640 0.062220 0.062220
0 0.265928 0.900183 0.104277 0.104277
0 0.055392 0.601182 0.052757 0.052757
0 0.795156 0.361145 0.061131 0.061131
0 0.250093 0.613152 0.052757 0.052757
0 0.067004 0.532473 0.061130 0.061130
0 0.435457 0.526645 0.104277 0.104277
0 0.570766 0.409842 0.061130 0.061130
0 0.260737 0.052690 0.052757 0.052757
0 0.306679 0.264273 0.057104 0.057104
0 0.135958 0.447291 0.071945 0.071945
0 0.653252 0.307630 0.104277 0.104277
0 0.866133 0.192090 0.062220 0.062220
0 0.558177 0.144993 0.062220 0.062220
0 0.884695 0.431524 0.057104 0.057104
0 0.340845 0.775922 0.062220 0.062220
0 0.118757 0.188441 0.052757 0.052757
0 0.655177 0.715619 0.052757 0.052757
0 0.647944 0.485956 0.062220 0.062220
0 0.301777 0.981619 0.104277 0.104277
0 0.451121 0.400366 0.061130 0.061130
0 0.612709 0.549574 0.104278 0.104278
0 0.615992 0.021773 0.052757 0.052757
0 0.695626 0.216594 0.061131 0.061131
0 0.862852 0.613745 0.062220 0.062220
0 0.137585 0.796414 0.057104 0.057104
0 0.448093 0.805321 0.057104 0.057104
0 0.669727 0.615485 0.062220 0.062220
0 0.548284 0.730061 0.057104 0.057104
0 0.494043 0.047188 0.104277 0.104277
0 0.272561 0.127175 0.061130 0.061130
0 0.137349 0.874523 0.061130 0.061130
0 0.067186 0.861802 0.062220 0.062220
0 0.914313 0.364572 0.052757 0.052757
0 0.412201 0.879786 0.048997 0.048997
0 0.701647 0.547856 0.071945 0.071945
0 0.615227 0.784417 0.062220 0.062220
0 0.945278 0.207729 0.057104 0.057104
0 0.512560 0.202622 0.061130 0.061130
0 0.348870 0.510968 0.057104 0.057104
0 0.547286 0.507654 0.104277 0.104277
0 0.223628 0.501317 0.104277 0.104277
0 0.879081 0.281415 0.057104 0.057104
0 0.784930 0.029436 0.104277 0.104277
0 0.741848 0.604782 0.052757 0.052757
0 0.553319 0.275535 0.061130 0.061130
0 0.851272 0.098873 0.052757 0.052757
0 0.614786 0.935967 0.061131 0.061131
0 0.730300 0.317556 0.071945 0.071945
0 0.035747 0.946342 0.071945 0.071945
0 0.247755 0.306394 0.062220 0.062220
0 0.598765 0.214345 0.071945 0.071945
0 0.346948 0.001336 0.057104 0.057104
0 0.189560 0.974163 0.104277 0.104277
0 0.029025 0.229550 0.104277 0.104277
0 0.147566 0.365249 0.052757 0.052757
0 0.034427 0.109845 0.057104 0.057104
0 0.330002 0.698030 0.057104 0.057104
0 0.094817 0.290706 0.062220 0.062220
0 0.738829 0.088573 0.052757 0.052757
0 0.830657 0.491165 0.061131 0.061131