0 0.450217 0.399477 0.104277 0.104277
0 0.406669 0.187486 0.061130 0.061130
0 0.122677 0.607005 0.104278 0.104278
0 0.809614 0.149195 0.052757 0.052757
0 0.339762 0.047815 0.104277 0.104277
0 0.600507 0.397153 0.062220 0.062220
0 0.632154 0.149235 0.104277 0.104277
0 0.307440 0.149384 0.052757 0.052757
0 0.932219 0.907082 0.071945 0.071945
0 0.240821 0.768353 0.052757 0.052757
0 0.710018 0.195760 0.071945 0.071945
0 0.421118 0.955099 0.061130 0.061130
0 0.963765 0.387628 0.047276 0.047276
0 0.854119 0.694229 0.062220 0.062220
0 0.140115 0.717810 0.052757 0.052757
0 0.594062 0.916975 0.071945 0.071945
0 0.161186 0.889037 0.052757 0.052757
0 0.444341 0.314292 0.057104 0.057104
0 0.237493 0.964172 0.071945 0.071945
0 0.480203 0.500928 0.051819 0.051819
0 0.126369 0.177483 0.104277 0.104277
0 0.955004 0.129261 0.071945 0.071945
0 0.384347 0.114023 0.061131 0.061131
0 0.660351 0.444641 0.052757 0.052757
0 0.372909 0.789729 0.104277 0.104277
0 0.790549 0.847026 0.071945 0.071945
0 0.721627 0.393156 0.057103 0.057103
0 0.468563 0.074518 0.052757 0.052757
0 0.795296 0.778580 0.062220 0.062220
0 0.733252 0.974331 0.057104 0.057104
0 0.524770 0.010478 0.057104 0.057104
0 0.675969 0.906115 0.062220 0.062220
0 0.637243 0.232489 0.036679 0.036679
0 0.072523 0.518443 0.052757 0.052757
0 0.756281 0.510496 0.104277 0.104277
0 0.471005 0.163100 0.057104 0.057104
0 0.556044 0.571272 0.104277 0.104277
0 0.861618 0.878808 0.061130 0.061130
0 0.551181 0.497979 0.071945 0.071945
0 0.780883 0.027537 0.104277 0.104277
0 0.947773 0.493553 0.071945 0.071945
0 0.205773 0.115733 0.071945 0.071945
0 0.257652 0.510688 0.052757 0.052757
0 0.686521 0.051169 0.104277 0.104277
0 0.853612 0.525364 0.061131 0.061131
0 0.125390 0.963216 0.104277 0.104277
0 0.072687 0.824862 0.057104 0.057104
0 0.278024 0.906466 0.052757 0.052757
0 0.969651 0.276626 0.057104 0.057104
0 0.472499 0.657901 0.054783 0.054783
0 0.777426 0.218644 0.062220 0.062220
0 0.640051 0.591813 0.057103 0.057103
0 0.440601 0.770067 0.071945 0.071945
0 0.440861 0.840891 0.061130 0.061130
0 0.223725 0.431319 0.071945 0.071945
0 0.055404 0.751454 0.052757 0.052757
0 0.734357 0.658634 0.061131 0.061131
0 0.320881 0.666569 0.057104 0.057104
0 0.685535 0.526515 0.061131 0.061131
0 0.276992 0.082182 0.057104 0.057104
0 0.107759 0.300572 0.061130 0.061130
0 0.951106 0.619057 0.071945 0.071945
0 0.956488 0.757582 0.104278 0.104278
0 0.886089 0.379495 0.062220 0.062220
0 0.712208 0.123492 0.061130 0.061130
0 0.335076 0.544695 0.052757 0.052757
0 0.047871 0.902637 0.057104 0.057104
0 0.043071 0.202833 0.061130 0.061130
0 0.014145 0.131098 0.061130 0.061130
0 0.583544 0.087360 0.062220 0.062220
0 0.192825 0.257368 0.104277 0.104277
0 0.356230 0.355241 0.071945 0.071945
0 0.887693 0.592160 0.104278 0.104278
0 0.565014 0.758559 0.052757 0.052757
0 0.046525 0.408959 0.061130 0.061130
0 0.860673 0.234568 0.104277 0.104277
0 0.146618 0.501495 0.057104 0.057104
0 0.038767 0.325277 0.104277 0.104277
0 0.246219 0.579111 0.062220 0.062220
0 0.811046 0.631739 0.062220 0.062220
0 0.243386 0.305905 0.104277 0.104277
0 0.222291 0.193215 0.052757 0.052757
0 0.252691 0.837776 0.104277 0.104277
0 0.607878 0.998070 0.052757 0.052757
0 0.529207 0.232903 0.062220 0.062220
0 0.192522 0.635200 0.104277 0.104277
0 0.671418 0.315599 0.104277 0.104277
0 0.347355 0.439157 0.057104 0.057104
0 0.809935 0.983474 0.061131 0.061131
0 0.715572 0.847737 0.057104 0.057104
0 0.734607 0.582238 0.071945 0.071945
0 0.584870 0.280821 0.071945 0.071945
0 0.303224 0.261965 0.052757 0.052757
0 0.157530 0.413412 0.057104 0.057104
0 0.548859 0.644650 0.104277 0.104277
0 0.974874 0.008476 0.071945 0.071945
0 0.725765 0.270968 0.061131 0.061131
0 0.858040 0.058698 0.071945 0.071945
0 0.511415 0.834462 0.071945 0.071945
0 0.613402 0.688848 0.057104 0.057104
0 0.653448 0.745986 0.104277 0.104277
0 0.154647 0.806867 0.061131 0.061131
0 0.001754 0.848192 0.104277 0.104277
0 0.510215 0.929015 0.071945 0.071945
0 0.129959 0.069528 0.062220 0.062220
0 0.458940 0.589947 0.052757 0.052757
0 0.386377 0.624174 0.104277 0.104277
0 0.897058 0.996968 0.052757 0.052757
0 0.076659 0.676919 0.071945 0.071945
0 0.818433 0.307965 0.071945 0.071945
0 0.316860 0.743139 0.071945 0.071945
0 0.623124 0.837590 0.104277 0.104277
0 0.347567 0.881079 0.104277 0.104277
0 0.899333 0.803135 0.061131 0.061131
0 0.061044 0.076522 0.071945 0.071945
0 0.521826 0.360720 0.057104 0.057104
0 0.791577 0.443451 0.061131 0.061131