0 0.732052 0.632005 0.104278 0.104278
0 0.949137 0.072815 0.104277 0.104277
0 0.916815 0.174384 0.052757 0.052757
0 0.850196 0.793353 0.052757 0.052757
0 0.461011 0.127481 0.052757 0.052757
0 0.374729 0.784328 0.061130 0.061130
0 0.749490 0.742810 0.052757 0.052757
0 0.770561 0.914037 0.052757 0.052757
0 0.846868 0.989172 0.071945 0.071945
0 0.596469 0.994698 0.104277 0.104277
0 0.824909 0.017324 0.062220 0.062220
0 0.520636 0.963758 0.061130 0.061130
0 0.384697 0.548662 0.057104 0.057104
0 0.735744 0.202483 0.104277 0.104277
0 0.993722 0.139023 0.061131 0.061131
0 0.427707 0.861715 0.104277 0.104277
0 0.460556 0.335311 0.057104 0.057104
0 0.982284 0.814729 0.104277 0.104277
0 0.100164 0.991049 0.061130 0.061130
0 0.681898 0.543443 0.052757 0.052757
0 0.087588 0.529515 0.071945 0.071945
0 0.226193 0.634037 0.104277 0.104277
0 0.146624 0.702961 0.052757 0.052757
0 0.505365 0.017957 0.057104 0.057104
0 0.369579 0.703198 0.104277 0.104277
0 0.592296 0.014214 0.057104 0.057104
0 0.815148 0.140733 0.071945 0.071945
0 0.867027 0.535688 0.052757 0.052757
0 0.059192 0.697159 0.052757 0.052757
0 0.305534 0.785255 0.052757 0.052757
0 0.734765 0.988216 0.104277 0.104277
0 0.682062 0.849862 0.057104 0.057104
0 0.887399 0.931466 0.052757 0.052757
0 0.833100 0.456319 0.071945 0.071945
0 0.326910 0.982790 0.052757 0.052757
0 0.606777 0.661916 0.061130 0.061130
0 0.498130 0.560758 0.071945 0.071945
0 0.664779 0.776454 0.052757 0.052757
0 0.930256 0.691569 0.057104 0.057104
0 0.886367 0.107182 0.057104 0.057104
0 0.018139 0.259633 0.071945 0.071945
0 0.207963 0.442262 0.061130 0.061130
0 0.011205 0.189177 0.071945 0.071945
0 0.506878 0.283944 0.071945 0.071945
0 0.487034 0.729051 0.061130 0.061130
0 0.457703 0.645386 0.062220 0.062220
0 0.601473 0.496572 0.062220 0.062220
0 0.717134 0.325572 0.061130 0.061130
0 0.944451 0.569695 0.052757 0.052757
0 0.507072 0.891352 0.052757 0.052757
0 0.657246 0.927637 0.057104 0.057104
0 0.206994 0.086187 0.071945 0.071945
0 0.160831 0.592040 0.104277 0.104277
0 0.652446 0.227833 0.061130 0.061130
0 0.623520 0.156098 0.061130 0.061130
0 0.802200 0.282368 0.104277 0.104277
0 0.965605 0.380241 0.071945 0.071945
0 0.655900 0.433959 0.061130 0.061130
0 0.218163 0.167885 0.071945 0.071945
0 0.755993 0.526495 0.057104 0.057104
0 0.648142 0.350277 0.104277 0.104277
0 0.855594 0.604111 0.062220 0.062220
0 0.852761 0.330905 0.104277 0.104277
0 0.337450 0.119016 0.052757 0.052757
0 0.831666 0.218215 0.052757 0.052757
0 0.169414 0.250110 0.052757 0.052757
0 0.862066 0.862776 0.104277 0.104277
0 0.013050 0.589741 0.052757 0.052757
0 0.544025 0.091702 0.071945 0.071945
0 0.598353 0.738551 0.104277 0.104277
0 0.093191 0.122543 0.061130 0.061130
0 0.558999 0.592572 0.071945 0.071945
0 0.101141 0.443698 0.104277 0.104277
0 0.801897 0.660200 0.104277 0.104277
0 0.429902 0.050369 0.104277 0.104277
0 0.956730 0.464157 0.057104 0.057104
0 0.300065 0.656639 0.071945 0.071945
0 0.439937 0.500736 0.050932 0.050932
0 0.576673 0.321850 0.052757 0.052757
0 0.052048 0.354568 0.057104 0.057104
0 0.342810 0.268741 0.071945 0.071945
0 0.553570 0.228910 0.061130 0.061130
0 0.129172 0.193369 0.062220 0.062220
0 0.912599 0.286965 0.052757 0.052757
0 0.766905 0.438412 0.057104 0.057104
0 0.300394 0.555372 0.071945 0.071945
0 0.208031 0.318543 0.104277 0.104277
0 0.550474 0.388876 0.061130 0.061130
0 0.412839 0.232035 0.071945 0.071945
0 0.173362 0.919654 0.104277 0.104277
0 0.223505 0.763889 0.104277 0.104277
0 0.764022 0.831867 0.061131 0.061131
0 0.007128 0.419285 0.062220 0.062220
0 0.611129 0.873192 0.104277 0.104277
0 0.214011 0.540191 0.052757 0.052757
0 0.739334 0.094528 0.062220 0.062220
0 0.995752 0.649174 0.104277 0.104277
0 0.511266 0.485561 0.062220 0.062220
0 0.307021 0.463465 0.062220 0.062220
0 0.129178 0.838666 0.052757 0.052757
0 0.742911 0.004717 0.061131 0.061131
0 0.008407 0.753455 0.104277 0.104277
0 0.098067 0.911302 0.061130 0.061130
0 0.163872 0.015092 0.071945 0.071945
0 0.317685 0.042913 0.104277 0.104277
0 0.221410 0.854252 0.062220 0.062220
0 0.083811 0.008016 0.071945 0.071945
0 0.287920 0.889294 0.071945 0.071945
0 0.686034 0.701919 0.071945 0.071945
0 0.517027 0.812948 0.061130 0.061130
0 0.156789 0.373470 0.071945 0.071945
0 0.926235 0.768139 0.071945 0.071945
0 0.251874 0.378439 0.047555 0.047555
0 0.385974 0.403235 0.052757 0.052757
0 0.956942 0.906079 0.104277 0.104277
0 0.191093 0.995670 0.052757 0.052757
0 0.016391 0.502240 0.057103 0.057103
0 0.670419 0.101522 0.071945 0.071945
0 0.381694 0.621340 0.071945 0.071945
0 0.000102 0.824797 0.104277 0.104277
0 0.465924 0.411116 0.071945 0.071945