0 0.764136 0.983731 0.052757 0.052757
0 0.713785 0.477052 0.062220 0.062220
0 0.638342 0.704268 0.052757 0.052757
0 0.185127 0.905411 0.071945 0.071945
0 0.660670 0.351437 0.057103 0.057103
0 0.829723 0.598728 0.071945 0.071945
0 0.294270 0.324723 0.104277 0.104277
0 0.876971 0.661167 0.061130 0.061130
0 0.432016 0.397082 0.052757 0.052757
0 0.808490 0.874207 0.057104 0.057104
0 0.895421 0.870464 0.057104 0.057104
0 0.205740 0.679147 0.104278 0.104278
0 0.865475 0.101627 0.057104 0.057104
0 0.592790 0.173575 0.104277 0.104277
0 0.576832 0.615762 0.071945 0.071945
0 0.506587 0.608677 0.057104 0.057104
0 0.401551 0.106634 0.104277 0.104277
0 0.774640 0.774669 0.057104 0.057104
0 0.612187 0.037724 0.057104 0.057104
0 0.259386 0.128465 0.062220 0.062220
0 0.271051 0.018687 0.062220 0.062220
0 0.803240 0.256758 0.057104 0.057104
0 0.332696 0.164986 0.062220 0.062220
0 0.921829 0.538860 0.061130 0.061130
0 0.175597 0.159740 0.104278 0.104278
0 0.836404 0.018054 0.104277 0.104277
0 0.723263 0.299193 0.052757 0.052757
0 0.510119 0.942437 0.071945 0.071945
0 0.476438 0.322535 0.062220 0.062220
0 0.175785 0.270495 0.071945 0.071945
0 0.648504 0.102223 0.057104 0.057104
0 0.805658 0.351258 0.057104 0.057104
0 0.707763 0.738621 0.104277 0.104277
0 0.571803 0.516799 0.057104 0.057104
0 0.813519 0.518546 0.057104 0.057104
0 0.479158 0.693928 0.057104 0.057104
0 0.854048 0.180587 0.052757 0.052757
0 0.925239 0.249668 0.104277 0.104277
0 0.682085 0.632883 0.104277 0.104277
0 0.966128 0.750286 0.052757 0.052757
0 0.264703 0.462986 0.062220 0.062220
0 0.697178 0.825183 0.104277 0.104277
0 0.486642 0.526182 0.052757 0.052757
0 0.681343 0.538152 0.052757 0.052757
0 0.498254 0.457473 0.061130 0.061130
0 0.640575 0.975266 0.052757 0.052757
0 0.866707 0.451645 0.104277 0.104277
0 0.737929 0.189273 0.057104 0.057104
0 0.567208 0.372291 0.071945 0.071945
0 0.405222 0.784914 0.061130 0.061130
0 0.989427 0.069993 0.062220 0.062220
0 0.847150 0.947952 0.071945 0.071945
0 0.772095 0.700922 0.062220 0.062220
0 0.396316 0.978793 0.061130 0.061130
0 0.550007 0.113441 0.052757 0.052757
0 0.733027 0.906619 0.104277 0.104277
0 0.282848 0.849065 0.061130 0.061130
0 0.346369 0.234642 0.057104 0.057104
0 0.882371 0.325366 0.061130 0.061130
0 0.424405 0.485618 0.061130 0.061130
0 0.391017 0.322804 0.062220 0.062220
0 0.568835 0.721414 0.057104 0.057104
0 0.879343 0.730321 0.057104 0.057104
0 0.298326 0.768477 0.057104 0.057104
0 0.371031 0.663588 0.104277 0.104277
0 0.217911 0.974737 0.061130 0.061130
0 0.181507 0.466500 0.061130 0.061130
0 0.979534 0.655061 0.057104 0.057104
0 0.703811 0.052175 0.061130 0.061130
0 0.568599 0.799523 0.061130 0.061130
0 0.498436 0.786802 0.062220 0.062220
0 0.843451 0.804786 0.048997 0.048997
0 0.222723 0.394508 0.061130 0.061130
0 0.414422 0.244869 0.057104 0.057104
0 0.269955 0.610180 0.104277 0.104277
0 0.272790 0.252218 0.052757 0.052757
0 0.943810 0.127622 0.061130 0.061130
0 0.780120 0.435968 0.057104 0.057104
0 0.978536 0.432654 0.104277 0.104277
0 0.654878 0.426317 0.104277 0.104277
0 0.228497 0.767525 0.057104 0.057104
0 0.984569 0.200535 0.061130 0.061130
0 0.346403 0.025330 0.062220 0.062220
0 0.275943 0.926299 0.057104 0.057104
0 0.466997 0.871342 0.071945 0.071945
0 0.679005 0.231394 0.062220 0.062220
0 0.308337 0.400190 0.071945 0.071945
0 0.620810 0.899163 0.104277 0.104277
0 0.386936 0.864266 0.071945 0.071945
0 0.377187 0.587125 0.061130 0.061130
0 0.460275 0.154550 0.104277 0.104277
0 0.578816 0.290249 0.052757 0.052757
0 0.465677 0.034845 0.057104 0.057104
0 0.761252 0.623030 0.057104 0.057104
0 0.526067 0.215706 0.062220 0.062220
0 0.180257 0.555932 0.071945 0.071945
0 0.973544 0.957772 0.071945 0.071945
0 0.212808 0.073593 0.061130 0.061130
0 0.345209 0.523315 0.062220 0.062220