0 0.919169 0.921861 0.061130 0.061130
0 0.852262 0.782190 0.104277 0.104277
0 0.914088 0.691142 0.071945 0.071945
0 0.819940 0.883759 0.052757 0.052757
0 0.857971 0.554243 0.104277 0.104277
0 0.364136 0.836856 0.052757 0.052757
0 0.313785 0.330177 0.062220 0.062220
0 0.728034 0.726699 0.062220 0.062220
0 0.986043 0.490214 0.052757 0.052757
0 0.638869 0.911858 0.104277 0.104277
0 0.238342 0.557393 0.052757 0.052757
0 0.896847 0.848398 0.061131 0.061131
0 0.260670 0.204562 0.057103 0.057103
0 0.929981 0.600739 0.057104 0.057104
0 0.429723 0.451853 0.071945 0.071945
0 0.981063 0.808893 0.052757 0.052757
0 0.476971 0.514292 0.061130 0.061130
0 0.032016 0.250207 0.052757 0.052757
0 0.655105 0.638247 0.052757 0.052757
0 0.957223 0.427653 0.057104 0.057104
0 0.954070 0.266828 0.052757 0.052757
0 0.780093 0.254131 0.061131 0.061131
0 0.408490 0.727332 0.057104 0.057104
0 0.983505 0.897475 0.057104 0.057104
0 0.722305 0.574156 0.052757 0.052757
0 0.495421 0.723589 0.057104 0.057104
0 0.718273 0.850108 0.071945 0.071945
0 0.715219 0.175438 0.062220 0.062220
0 0.827368 0.656439 0.071945 0.071945
0 0.192790 0.026700 0.104277 0.104277
0 0.176832 0.468887 0.071945 0.071945
0 0.106587 0.461802 0.057104 0.057104
0 0.374640 0.627794 0.057104 0.057104
0 0.403240 0.109883 0.057104 0.057104
0 0.789492 0.816557 0.057104 0.057104
0 0.521829 0.391985 0.061130 0.061130
0 0.410003 0.993319 0.071945 0.071945
0 0.323263 0.152318 0.052757 0.052757
0 0.110119 0.795562 0.071945 0.071945
0 0.076438 0.175660 0.062220 0.062220
0 0.812598 0.004856 0.071945 0.071945
0 0.793966 0.456275 0.104277 0.104277
0 0.555571 0.937208 0.061130 0.061130
0 0.526645 0.865473 0.061130 0.061130
0 0.405658 0.204383 0.057104 0.057104
0 0.307763 0.591746 0.104277 0.104277
0 0.171803 0.369924 0.057104 0.057104
0 0.413519 0.371671 0.057104 0.057104
0 0.079158 0.547053 0.057104 0.057104
0 0.454048 0.033712 0.052757 0.052757
0 0.525239 0.102793 0.104277 0.104277
0 0.705325 0.991743 0.104277 0.104277
0 0.282085 0.486008 0.104277 0.104277
0 0.566128 0.603411 0.052757 0.052757
0 0.297178 0.678308 0.104277 0.104277
0 0.121288 0.877260 0.071945 0.071945
0 0.086642 0.379307 0.052757 0.052757
0 0.826406 0.139270 0.061131 0.061131
0 0.281343 0.391277 0.052757 0.052757
0 0.098254 0.310598 0.061130 0.061130
0 0.240575 0.828391 0.052757 0.052757
0 0.466707 0.304770 0.104277 0.104277
0 0.734791 0.927590 0.052757 0.052757
0 0.072539 0.959485 0.052757 0.052757
0 0.602016 0.187967 0.061130 0.061130
0 0.337929 0.042398 0.057104 0.057104
0 0.167208 0.225416 0.071945 0.071945
0 0.684502 0.085755 0.104277 0.104277
0 0.005222 0.638039 0.061130 0.061130
0 0.915945 0.209649 0.057104 0.057104
0 0.447150 0.801077 0.071945 0.071945
0 0.372095 0.554047 0.062220 0.062220
0 0.686427 0.493744 0.052757 0.052757
0 0.679194 0.264081 0.062220 0.062220
0 0.333027 0.759744 0.104277 0.104277
0 0.482371 0.178491 0.061130 0.061130
0 0.643959 0.327699 0.104278 0.104278
0 0.245935 0.978116 0.071945 0.071945
0 0.456695 0.938285 0.061130 0.061130
0 0.032297 0.902744 0.062220 0.062220
0 0.815724 0.996340 0.052757 0.052757
0 0.024405 0.338743 0.061130 0.061130
0 0.894102 0.391870 0.062220 0.062220
0 0.168835 0.574539 0.057104 0.057104
0 0.479343 0.583446 0.057104 0.057104
0 0.700977 0.393610 0.062220 0.062220
0 0.579534 0.508186 0.057104 0.057104
0 0.315964 0.941410 0.071945 0.071945
0 0.168599 0.652648 0.061130 0.061130
0 0.098436 0.639927 0.062220 0.062220
0 0.945563 0.142697 0.052757 0.052757
0 0.443451 0.657911 0.048997 0.048997
0 0.732897 0.325981 0.071945 0.071945
0 0.014422 0.097994 0.057104 0.057104
0 0.646477 0.562542 0.062220 0.062220
0 0.380120 0.289093 0.057104 0.057104
0 0.578536 0.285779 0.104277 0.104277
0 0.254878 0.279442 0.104277 0.104277
0 0.910331 0.059540 0.057104 0.057104
0 0.642459 0.803903 0.062220 0.062220
0 0.773098 0.382907 0.052757 0.052757
0 0.584569 0.053660 0.061130 0.061130
0 0.646036 0.714092 0.061131 0.061131
0 0.761550 0.095681 0.071945 0.071945
0 0.066997 0.724467 0.071945 0.071945
0 0.279005 0.084519 0.062220 0.062220
0 0.220810 0.752288 0.104277 0.104277
0 0.060275 0.007675 0.104277 0.104277
0 0.178816 0.143374 0.052757 0.052757
0 0.361252 0.476155 0.057104 0.057104
0 0.126067 0.068831 0.062220 0.062220
0 0.573544 0.810897 0.071945 0.071945
0 0.861907 0.269290 0.061131 0.061131