0 0.231808 0.907229 0.062220 0.062220
0 0.193582 0.713205 0.062220 0.062220
0 0.682970 0.430032 0.071945 0.071945
0 0.958091 0.398011 0.071945 0.071945
0 0.484583 0.275377 0.104277 0.104277
0 0.990219 0.513381 0.052757 0.052757
0 0.691654 0.800364 0.061130 0.061130
0 0.727368 0.186349 0.061130 0.061130
0 0.219562 0.356571 0.052757 0.052757
0 0.753781 0.908456 0.104277 0.104277
0 0.231254 0.443120 0.104277 0.104277
0 0.577718 0.696745 0.104277 0.104277
0 0.536579 0.818356 0.104277 0.104277
0 0.423095 0.860330 0.071945 0.071945
0 0.900312 0.148225 0.071945 0.071945
0 0.467436 0.120287 0.052757 0.052757
0 0.581119 0.449487 0.062220 0.062220
0 0.210987 0.269150 0.104277 0.104277
0 0.543743 0.195422 0.071945 0.071945
0 0.293344 0.200948 0.104277 0.104277
0 0.217511 0.170008 0.061130 0.061130
0 0.606472 0.621745 0.057104 0.057104
0 0.124582 0.067965 0.104277 0.104277
0 0.679159 0.020979 0.104277 0.104277
0 0.979020 0.267083 0.104277 0.104277
0 0.616596 0.976355 0.062220 0.062220
0 0.674819 0.604181 0.104277 0.104277
0 0.832481 0.901373 0.062220 0.062220
0 0.560172 0.545243 0.061130 0.061130
0 0.439477 0.587117 0.057104 0.057104
0 0.344452 0.347003 0.104277 0.104277
0 0.101005 0.486607 0.061130 0.061130
0 0.181849 0.612065 0.062220 0.062220
0 0.835211 0.506443 0.052757 0.052757
0 0.982219 0.137365 0.062220 0.062220
0 0.376993 0.693875 0.057104 0.057104
0 0.492969 0.723966 0.104277 0.104277
0 0.223738 0.520275 0.057104 0.057104
0 0.953954 0.894193 0.062220 0.062220
0 0.802428 0.693311 0.071945 0.071945
0 0.432406 0.933295 0.071945 0.071945
0 0.041536 0.721718 0.062220 0.062220
0 0.139934 0.307930 0.052757 0.052757
0 0.239655 0.978031 0.057104 0.057104
0 0.621616 0.271711 0.052757 0.052757
0 0.906768 0.600495 0.104277 0.104277
0 0.260284 0.655718 0.057104 0.057104
0 0.431640 0.194466 0.104277 0.104277
0 0.378937 0.056112 0.057104 0.057104
0 0.584274 0.137716 0.052757 0.052757
0 0.072359 0.567819 0.061130 0.061130
0 0.915592 0.334287 0.062220 0.062220
0 0.759279 0.409837 0.061131 0.061131
0 0.282105 0.280098 0.061130 0.061130
0 0.717672 0.338288 0.071945 0.071945
0 0.746851 0.001317 0.071945 0.071945
0 0.505873 0.456837 0.062220 0.062220
0 0.747111 0.072141 0.061130 0.061130
0 0.023785 0.189040 0.052757 0.052757
0 0.720818 0.661148 0.057104 0.057104
0 0.037589 0.828850 0.062220 0.062220
0 0.458514 0.797687 0.057104 0.057104
0 0.533540 0.614675 0.104277 0.104277
0 0.162804 0.949045 0.050891 0.050891
0 0.033246 0.444064 0.057104 0.057104
0 0.326674 0.841351 0.062220 0.062220
0 0.402201 0.308458 0.071945 0.071945
0 0.861422 0.967126 0.062220 0.062220
0 0.836502 0.415559 0.052757 0.052757
0 0.095455 0.874191 0.062220 0.062220
0 0.191214 0.840110 0.104277 0.104277
0 0.546048 0.375097 0.061130 0.061130
0 0.203947 0.097602 0.052757 0.052757
0 0.354121 0.133887 0.057104 0.057104
0 0.819611 0.622669 0.062220 0.062220
0 0.353062 0.969288 0.061130 0.061130
0 0.764034 0.802428 0.104277 0.104277
0 0.356586 0.564406 0.062220 0.062220
0 0.333931 0.418262 0.071945 0.071945
0 0.491485 0.884440 0.062220 0.062220
0 0.047820 0.353371 0.071945 0.071945
0 0.064402 0.947000 0.062220 0.062220
0 0.948016 0.992094 0.052757 0.052757
0 0.558941 0.069026 0.104277 0.104277
0 0.592127 0.766081 0.062220 0.062220
0 0.914128 0.229320 0.052757 0.052757
0 0.466340 0.655428 0.071945 0.071945
0 0.826175 0.281184 0.052757 0.052757
0 0.767651 0.977988 0.061131 0.061131
0 0.645712 0.347571 0.057104 0.057104
0 0.142382 0.772130 0.104277 0.104277
0 0.742976 0.728150 0.104277 0.104277
0 0.913197 0.507620 0.055027 0.055027
0 0.703888 0.536533 0.062220 0.062220
0 0.559255 0.302561 0.050559 0.050559
0 0.853477 0.800696 0.052757 0.052757
0 0.688394 0.245340 0.061130 0.061130
0 0.817665 0.065712 0.071945 0.071945
0 0.373657 0.776908 0.052757 0.052757
0 0.659878 0.693496 0.071945 0.071945
0 0.460897 0.038117 0.061131 0.061131
0 0.528407 0.964553 0.061131 0.061131
0 0.308004 0.079442 0.104277 0.104277
0 0.816465 0.160265 0.071945 0.071945
0 0.775927 0.549343 0.104277 0.104277
0 0.939937 0.693600 0.061130 0.061130
0 0.618428 0.893606 0.104277 0.104277
0 0.300432 0.772186 0.052757 0.052757
0 0.213902 0.019198 0.061130 0.061130
0 0.334104 0.637572 0.061130 0.061130
0 0.005585 0.656916 0.104277 0.104277
0 0.114417 0.206648 0.104277 0.104277
0 0.929374 0.068840 0.104277 0.104277
0 0.653817 0.112329 0.104277 0.104277
0 0.418310 0.432243 0.052757 0.052757
0 0.153701 0.376908 0.104277 0.104277