0 0.328342 0.080727 0.104277 0.104277
0 0.000802 0.288255 0.104278 0.104278
0 0.254845 0.880032 0.071945 0.071945
0 0.478632 0.078403 0.062220 0.062220
0 0.529966 0.848011 0.071945 0.071945
0 0.810344 0.588332 0.071945 0.071945
0 0.056458 0.725377 0.104277 0.104277
0 0.562094 0.963381 0.052757 0.052757
0 0.118946 0.449603 0.052757 0.052757
0 0.299243 0.636349 0.061130 0.061130
0 0.705521 0.761326 0.104277 0.104277
0 0.841890 0.068878 0.047276 0.047276
0 0.732244 0.375479 0.062220 0.062220
0 0.018240 0.399060 0.052757 0.052757
0 0.472187 0.598225 0.071945 0.071945
0 0.039311 0.570287 0.052757 0.052757
0 0.152994 0.899487 0.062220 0.062220
0 0.115618 0.645422 0.071945 0.071945
0 0.358328 0.182178 0.051819 0.051819
0 0.672517 0.924445 0.104277 0.104277
0 0.538476 0.125891 0.052757 0.052757
0 0.251034 0.470979 0.104277 0.104277
0 0.550895 0.717083 0.104277 0.104277
0 0.668674 0.528276 0.071945 0.071945
0 0.599752 0.074406 0.057103 0.057103
0 0.673421 0.459830 0.062220 0.062220
0 0.132047 0.995243 0.061130 0.061130
0 0.611377 0.655581 0.057104 0.057104
0 0.654344 0.829256 0.062220 0.062220
0 0.407086 0.956443 0.052757 0.052757
0 0.554094 0.587365 0.062220 0.062220
0 0.634406 0.191746 0.104277 0.104277
0 0.434169 0.252522 0.104277 0.104277
0 0.739743 0.560058 0.061130 0.061130
0 0.429306 0.179229 0.071945 0.071945
0 0.825898 0.174803 0.071945 0.071945
0 0.193491 0.721711 0.052757 0.052757
0 0.135777 0.191938 0.052757 0.052757
0 0.731737 0.206614 0.061131 0.061131
0 0.003515 0.644466 0.104277 0.104277
0 0.156149 0.587716 0.052757 0.052757
0 0.350624 0.339151 0.054783 0.054783
0 0.487467 0.784287 0.062220 0.062220
0 0.331154 0.859837 0.061131 0.061131
0 0.518176 0.273063 0.057103 0.057103
0 0.289547 0.788288 0.071945 0.071945
0 0.318726 0.451317 0.071945 0.071945
0 0.077748 0.906837 0.062220 0.062220
0 0.318986 0.522141 0.061130 0.061130
0 0.101850 0.112569 0.071945 0.071945
0 0.612482 0.339884 0.061131 0.061131
0 0.199006 0.347819 0.057104 0.057104
0 0.563660 0.207765 0.061131 0.061131
0 0.773989 0.817232 0.045227 0.045227
0 0.408377 0.865559 0.052757 0.052757
0 0.829231 0.300307 0.071945 0.071945
0 0.834613 0.438832 0.104278 0.104278
0 0.764214 0.060745 0.062220 0.062220
0 0.117923 0.825097 0.061130 0.061130
0 0.213201 0.225945 0.052757 0.052757
0 0.829654 0.721027 0.061130 0.061130
0 0.234355 0.036491 0.071945 0.071945
0 0.765818 0.273410 0.104278 0.104278
0 0.443139 0.439809 0.052757 0.052757
0 0.024743 0.182745 0.057104 0.057104
0 0.124344 0.260361 0.062220 0.062220
0 0.689171 0.312989 0.062220 0.062220
0 0.130816 0.519026 0.104277 0.104277
0 0.486003 0.679320 0.052757 0.052757
0 0.398050 0.731184 0.052757 0.052757
0 0.217587 0.797571 0.057104 0.057104
0 0.070647 0.316450 0.104277 0.104277
0 0.225480 0.120407 0.057104 0.057104
0 0.688060 0.664724 0.061131 0.061131
0 0.593697 0.528987 0.057104 0.057104
0 0.612732 0.263488 0.071945 0.071945
0 0.035655 0.094662 0.057104 0.057104
0 0.426984 0.325900 0.104277 0.104277
0 0.485072 0.957620 0.055027 0.055027
0 0.617264 0.758442 0.061131 0.061131
0 0.275763 0.986533 0.062220 0.062220
0 0.131130 0.752561 0.050559 0.050559
0 0.260269 0.695340 0.061130 0.061130
0 0.389540 0.515712 0.071945 0.071945
0 0.491527 0.370098 0.057104 0.057104
0 0.531573 0.427236 0.104277 0.104277
0 0.032772 0.488117 0.061131 0.061131
0 0.388340 0.610265 0.071945 0.071945
0 0.347802 0.999343 0.104277 0.104277
0 0.337065 0.271197 0.052757 0.052757
0 0.264502 0.305424 0.104277 0.104277
0 0.775183 0.678218 0.052757 0.052757
0 0.194985 0.424389 0.071945 0.071945
0 0.501249 0.518840 0.104277 0.104277
0 0.225692 0.562329 0.104277 0.104277
0 0.777458 0.484385 0.061131 0.061131
0 0.399951 0.041970 0.057104 0.057104
0 0.763790 0.934389 0.088662 0.088662
0 0.669702 0.124701 0.061131 0.061131