0 0.621012 0.950940 0.104277 0.104277
0 0.682838 0.859892 0.071945 0.071945
0 0.834651 0.845502 0.071945 0.071945
0 0.885557 0.394536 0.104277 0.104277
0 0.918037 0.735805 0.061131 0.061131
0 0.626721 0.722993 0.104277 0.104277
0 0.989114 0.005394 0.062220 0.062220
0 0.082535 0.498927 0.062220 0.062220
0 0.966849 0.120304 0.104277 0.104277
0 0.949152 0.472200 0.104277 0.104277
0 0.496784 0.895449 0.062220 0.062220
0 0.754793 0.658964 0.052757 0.052757
0 0.952043 0.310780 0.061131 0.061131
0 0.007092 0.726143 0.052757 0.052757
0 0.029420 0.373312 0.057103 0.057103
0 0.698731 0.769489 0.057104 0.057104
0 0.198473 0.620603 0.071945 0.071945
0 0.835259 0.234313 0.071945 0.071945
0 0.749813 0.977643 0.052757 0.052757
0 0.245721 0.683042 0.061130 0.061130
0 0.423855 0.806997 0.052757 0.052757
0 0.888147 0.529855 0.062220 0.062220
0 0.806020 0.913603 0.057104 0.057104
0 0.725973 0.596403 0.057104 0.057104
0 0.722820 0.435578 0.052757 0.052757
0 0.833974 0.573841 0.061130 0.061130
0 0.548843 0.422881 0.061131 0.061131
0 0.177240 0.896082 0.057104 0.057104
0 0.491055 0.742906 0.052757 0.052757
0 0.264171 0.892339 0.057104 0.057104
0 0.234225 0.123502 0.057104 0.057104
0 0.483969 0.344188 0.062220 0.062220
0 0.776903 0.530864 0.061131 0.061131
0 0.967771 0.954294 0.104277 0.104277
0 0.596118 0.825189 0.071945 0.071945
0 0.826130 0.464317 0.057104 0.057104
0 0.893044 0.058122 0.071945 0.071945
0 0.455853 0.028222 0.061131 0.061131
0 0.143390 0.796544 0.057104 0.057104
0 0.768506 0.058148 0.104277 0.104277
0 0.171990 0.278633 0.057104 0.057104
0 0.558242 0.985307 0.057104 0.057104
0 0.892422 0.189825 0.104277 0.104277
0 0.290579 0.560735 0.061130 0.061130
0 0.914698 0.896002 0.061130 0.061130
0 0.205154 0.039929 0.104277 0.104277
0 0.092013 0.321068 0.052757 0.052757
0 0.581348 0.173606 0.071945 0.071945
0 0.562716 0.625025 0.104277 0.104277
0 0.017254 0.124098 0.057104 0.057104
0 0.174408 0.373133 0.057104 0.057104
0 0.864794 0.990485 0.062220 0.062220
0 0.076513 0.760496 0.104277 0.104277
0 0.182269 0.540421 0.057104 0.057104
0 0.222798 0.202462 0.052757 0.052757
0 0.293989 0.271543 0.104277 0.104277
0 0.050835 0.654758 0.104277 0.104277
0 0.334878 0.772161 0.052757 0.052757
0 0.778226 0.761515 0.062220 0.062220
0 0.065928 0.847058 0.104277 0.104277
0 0.595156 0.308020 0.061131 0.061131
0 0.050093 0.560027 0.052757 0.052757
0 0.009325 0.997141 0.052757 0.052757
0 0.235457 0.473520 0.104277 0.104277
0 0.370766 0.356717 0.061130 0.061130
0 0.106679 0.211148 0.057104 0.057104
0 0.453252 0.254505 0.104277 0.104277
0 0.666133 0.138965 0.062220 0.062220
0 0.358177 0.091868 0.062220 0.062220
0 0.684695 0.378399 0.057104 0.057104
0 0.215900 0.969827 0.071945 0.071945
0 0.140845 0.722797 0.062220 0.062220
0 0.845298 0.679366 0.071945 0.071945
0 0.455177 0.662494 0.052757 0.052757
0 0.447944 0.432831 0.062220 0.062220
0 0.101777 0.928494 0.104277 0.104277
0 0.808181 0.337023 0.071945 0.071945
0 0.251121 0.347241 0.061130 0.061130
0 0.412709 0.496449 0.104278 0.104278
0 0.495626 0.163469 0.061131 0.061131
0 0.662852 0.560620 0.062220 0.062220
0 0.248093 0.752196 0.057104 0.057104
0 0.964263 0.209573 0.052757 0.052757
0 0.469727 0.562360 0.062220 0.062220
0 0.348284 0.676936 0.057104 0.057104
0 0.072561 0.074050 0.061130 0.061130
0 0.714313 0.311447 0.052757 0.052757
0 0.212201 0.826661 0.048997 0.048997
0 0.501647 0.494731 0.071945 0.071945
0 0.415227 0.731292 0.062220 0.062220
0 0.745278 0.154604 0.057104 0.057104
0 0.988258 0.643027 0.057104 0.057104
0 0.312560 0.149497 0.061130 0.061130
0 0.148870 0.457843 0.057104 0.057104
0 0.347286 0.454529 0.104277 0.104277
0 0.023628 0.448192 0.104277 0.104277
0 0.679081 0.228290 0.057104 0.057104
0 0.411209 0.972653 0.062220 0.062220
0 0.541848 0.551657 0.052757 0.052757
0 0.971001 0.782965 0.057104 0.057104
0 0.353319 0.222410 0.061130 0.061130
0 0.651272 0.045748 0.052757 0.052757
0 0.414786 0.882842 0.061131 0.061131
0 0.530300 0.264431 0.071945 0.071945
0 0.979663 0.569328 0.104277 0.104277
0 0.047755 0.253269 0.062220 0.062220
0 0.398765 0.161220 0.071945 0.071945
0 0.130002 0.644905 0.057104 0.057104
0 0.538829 0.035448 0.052757 0.052757
0 0.833264 0.152602 0.062220 0.062220
0 0.342294 0.979647 0.071945 0.071945
0 0.630657 0.438040 0.061131 0.061131