0 0.512717 0.465102 0.104277 0.104277
0 0.469169 0.253111 0.061130 0.061130
0 0.185177 0.672630 0.104278 0.104278
0 0.872114 0.214820 0.052757 0.052757
0 0.402262 0.113440 0.104277 0.104277
0 0.464088 0.022392 0.071945 0.071945
0 0.663007 0.462778 0.062220 0.062220
0 0.615901 0.008002 0.071945 0.071945
0 0.694654 0.214860 0.104277 0.104277
0 0.369940 0.215009 0.052757 0.052757
0 0.994719 0.972707 0.071945 0.071945
0 0.303321 0.833978 0.052757 0.052757
0 0.772518 0.261385 0.071945 0.071945
0 0.916619 0.759854 0.062220 0.062220
0 0.202615 0.783435 0.052757 0.052757
0 0.656562 0.982600 0.071945 0.071945
0 0.223686 0.954662 0.052757 0.052757
0 0.506841 0.379917 0.057104 0.057104
0 0.278034 0.057949 0.062220 0.062220
0 0.542703 0.566553 0.051819 0.051819
0 0.188869 0.243108 0.104277 0.104277
0 0.446847 0.179648 0.061131 0.061131
0 0.722851 0.510266 0.052757 0.052757
0 0.435409 0.855354 0.104277 0.104277
0 0.853049 0.912651 0.071945 0.071945
0 0.784127 0.458781 0.057103 0.057103
0 0.531063 0.140143 0.052757 0.052757
0 0.857796 0.844205 0.062220 0.062220
0 0.587270 0.076103 0.057104 0.057104
0 0.738469 0.971740 0.062220 0.062220
0 0.977819 0.028860 0.052757 0.052757
0 0.699743 0.298114 0.036679 0.036679
0 0.135023 0.584068 0.052757 0.052757
0 0.818781 0.576121 0.104277 0.104277
0 0.533505 0.228725 0.057104 0.057104
0 0.618544 0.636897 0.104277 0.104277
0 0.924118 0.944433 0.061130 0.061130
0 0.613681 0.563604 0.071945 0.071945
0 0.045421 0.054839 0.057104 0.057104
0 0.856277 0.025300 0.052757 0.052757
0 0.843383 0.093162 0.104277 0.104277
0 0.268273 0.181358 0.071945 0.071945
0 0.320152 0.576313 0.052757 0.052757
0 0.749021 0.116794 0.104277 0.104277
0 0.916112 0.590989 0.061131 0.061131
0 0.135187 0.890487 0.057104 0.057104
0 0.340524 0.972091 0.052757 0.052757
0 0.534999 0.723526 0.054783 0.054783
0 0.839926 0.284269 0.062220 0.062220
0 0.702551 0.657438 0.057103 0.057103
0 0.503101 0.835692 0.071945 0.071945
0 0.503361 0.906516 0.061130 0.061130
0 0.286225 0.496944 0.071945 0.071945
0 0.059902 0.702541 0.061130 0.061130
0 0.117904 0.817079 0.052757 0.052757
0 0.796857 0.724259 0.061131 0.061131
0 0.383381 0.732194 0.057104 0.057104
0 0.748035 0.592140 0.061131 0.061131
0 0.339492 0.147807 0.057104 0.057104
0 0.695948 0.058502 0.061130 0.061130
0 0.054598 0.537197 0.062220 0.062220
0 0.170259 0.366197 0.061130 0.061130
0 0.948589 0.445120 0.062220 0.062220
0 0.774708 0.189117 0.061130 0.061130
0 0.397576 0.610320 0.052757 0.052757
0 0.110371 0.968262 0.057104 0.057104
0 0.105571 0.268458 0.061130 0.061130
0 0.076645 0.196723 0.061130 0.061130
0 0.646044 0.152985 0.062220 0.062220
0 0.255325 0.322993 0.104277 0.104277
0 0.418730 0.420866 0.071945 0.071945
0 0.950193 0.657785 0.104278 0.104278
0 0.627514 0.824184 0.052757 0.052757
0 0.109025 0.474584 0.061130 0.061130
0 0.923173 0.300193 0.104277 0.104277
0 0.209118 0.567120 0.057104 0.057104
0 0.101267 0.390902 0.104277 0.104277
0 0.308719 0.644736 0.062220 0.062220
0 0.873546 0.697364 0.062220 0.062220
0 0.305886 0.371530 0.104277 0.104277
0 0.284791 0.258840 0.052757 0.052757
0 0.315191 0.903401 0.104277 0.104277
0 0.591707 0.298528 0.062220 0.062220
0 0.051478 0.779176 0.104277 0.104277
0 0.012124 0.633197 0.071945 0.071945
0 0.255022 0.700825 0.104277 0.104277
0 0.733918 0.381224 0.104277 0.104277
0 0.409855 0.504782 0.057104 0.057104
0 0.778072 0.913362 0.057104 0.057104
0 0.029798 0.362475 0.052757 0.052757
0 0.797107 0.647863 0.071945 0.071945
0 0.647370 0.346446 0.071945 0.071945
0 0.006695 0.269535 0.061130 0.061130
0 0.365724 0.327590 0.052757 0.052757
0 0.220030 0.479037 0.057104 0.057104
0 0.611359 0.710275 0.104277 0.104277
0 0.003599 0.429501 0.061130 0.061130
0 0.788265 0.336593 0.061131 0.061131
0 0.920540 0.124323 0.071945 0.071945
0 0.573915 0.900087 0.071945 0.071945
0 0.675902 0.754473 0.057104 0.057104
0 0.715948 0.811611 0.104277 0.104277
0 0.217147 0.872492 0.061131 0.061131
0 0.064254 0.913817 0.104277 0.104277
0 0.572715 0.994640 0.071945 0.071945
0 0.192459 0.135153 0.062220 0.062220
0 0.521440 0.655572 0.052757 0.052757
0 0.448877 0.689799 0.104277 0.104277
0 0.196036 0.045342 0.061131 0.061131
0 0.139159 0.742544 0.071945 0.071945
0 0.880933 0.373590 0.071945 0.071945
0 0.379360 0.808764 0.071945 0.071945
0 0.685624 0.903215 0.104277 0.104277
0 0.410067 0.946704 0.104277 0.104277
0 0.961833 0.868760 0.061131 0.061131
0 0.123544 0.142147 0.071945 0.071945
0 0.584326 0.426345 0.057104 0.057104
0 0.854077 0.509076 0.061131 0.061131