0 0.114295 0.836351 0.062220 0.062220
0 0.657052 0.107005 0.104278 0.104278
0 0.421707 0.981955 0.062220 0.062220
0 0.911095 0.698782 0.071945 0.071945
0 0.712708 0.544127 0.104277 0.104277
0 0.775196 0.268353 0.052757 0.052757
0 0.955493 0.455099 0.061130 0.061130
0 0.447687 0.625321 0.052757 0.052757
0 0.459379 0.711870 0.104277 0.104277
0 0.299729 0.259328 0.061130 0.061130
0 0.805843 0.965495 0.104277 0.104277
0 0.056624 0.891233 0.071945 0.071945
0 0.674490 0.217810 0.052757 0.052757
0 0.695561 0.389037 0.052757 0.052757
0 0.809244 0.718237 0.062220 0.062220
0 0.439112 0.537900 0.104277 0.104277
0 0.771868 0.464172 0.071945 0.071945
0 0.521469 0.469698 0.104277 0.104277
0 0.445636 0.438758 0.061130 0.061130
0 0.309697 0.023662 0.057104 0.057104
0 0.834597 0.890495 0.057104 0.057104
0 0.352707 0.336715 0.104277 0.104277
0 0.187912 0.842413 0.061130 0.061130
0 0.907284 0.289729 0.104277 0.104277
0 0.168328 0.754530 0.052757 0.052757
0 0.902944 0.872931 0.104277 0.104277
0 0.788297 0.813993 0.061130 0.061130
0 0.667602 0.855867 0.057104 0.057104
0 0.572577 0.615753 0.104277 0.104277
0 0.329130 0.755357 0.061130 0.061130
0 0.409974 0.880815 0.062220 0.062220
0 0.025164 0.466049 0.061130 0.061130
0 0.606898 0.018443 0.052757 0.052757
0 0.605118 0.962625 0.057104 0.057104
0 0.012588 0.004515 0.071945 0.071945
0 0.721094 0.992716 0.104277 0.104277
0 0.151193 0.109037 0.104277 0.104277
0 0.071624 0.177961 0.052757 0.052757
0 0.451863 0.789025 0.057104 0.057104
0 0.269661 0.990468 0.062220 0.062220
0 0.294579 0.178198 0.104277 0.104277
0 0.368059 0.576680 0.052757 0.052757
0 0.849741 0.540461 0.052757 0.052757
0 0.792027 0.010688 0.052757 0.052757
0 0.488409 0.924468 0.057104 0.057104
0 0.230534 0.260255 0.052757 0.052757
0 0.659765 0.463216 0.104277 0.104277
0 0.607062 0.324862 0.057104 0.057104
0 0.812399 0.406466 0.052757 0.052757
0 0.300484 0.836569 0.061130 0.061130
0 0.987404 0.678587 0.061131 0.061131
0 0.510230 0.548848 0.061130 0.061130
0 0.945797 0.607038 0.071945 0.071945
0 0.974976 0.270067 0.071945 0.071945
0 0.185061 0.479399 0.104278 0.104278
0 0.733998 0.725587 0.062220 0.062220
0 0.975236 0.340891 0.061130 0.061130
0 0.251910 0.457790 0.052757 0.052757
0 0.531777 0.136916 0.061130 0.061130
0 0.948943 0.929898 0.057104 0.057104
0 0.423130 0.035758 0.071945 0.071945
0 0.589779 0.251454 0.052757 0.052757
0 0.855256 0.166569 0.057104 0.057104
0 0.761665 0.883425 0.104277 0.104277
0 0.044351 0.724091 0.062220 0.062220
0 0.261371 0.712814 0.057104 0.057104
0 0.630326 0.577208 0.071945 0.071945
0 0.412034 0.204051 0.061130 0.061130
0 0.382703 0.120386 0.062220 0.062220
0 0.774173 0.643847 0.061130 0.061130
0 0.869451 0.044695 0.052757 0.052757
0 0.432072 0.366352 0.052757 0.052757
0 0.582246 0.402637 0.057104 0.057104
0 0.217789 0.580283 0.057104 0.057104
0 0.085831 0.067040 0.104277 0.104277
0 0.145064 0.546663 0.071945 0.071945
0 0.045425 0.811437 0.052757 0.052757
0 0.584711 0.833156 0.062220 0.062220
0 0.562056 0.687012 0.071945 0.071945
0 0.083649 0.626229 0.052757 0.052757
0 0.275945 0.622121 0.071945 0.071945
0 0.680993 0.001495 0.057104 0.057104
0 0.780594 0.079111 0.062220 0.062220
0 0.011906 0.534633 0.057104 0.057104
0 0.787066 0.337776 0.104277 0.104277
0 0.694465 0.924178 0.071945 0.071945
0 0.523353 0.213551 0.104277 0.104277
0 0.483999 0.067572 0.071945 0.071945
0 0.873837 0.616321 0.057104 0.057104
0 0.726897 0.135200 0.104277 0.104277
0 0.225065 0.131639 0.071945 0.071945
0 0.971101 0.996900 0.104277 0.104277
0 0.155474 0.657014 0.052757 0.052757
0 0.225394 0.030372 0.071945 0.071945
0 0.932013 0.805283 0.062220 0.062220
0 0.787380 0.571311 0.050559 0.050559
0 0.098362 0.394654 0.104277 0.104277
0 0.916519 0.514090 0.061130 0.061130
0 0.148505 0.238889 0.104277 0.104277
0 0.888003 0.962246 0.071945 0.071945
0 0.689022 0.306867 0.061131 0.061131
0 0.536129 0.348192 0.104277 0.104277
0 0.139011 0.015191 0.052757 0.052757
0 0.993315 0.089947 0.052757 0.052757
0 0.920752 0.124174 0.104277 0.104277
0 0.054178 0.313666 0.052757 0.052757
0 0.137749 0.949582 0.057104 0.057104
0 0.023067 0.386302 0.061130 0.061130
0 0.146410 0.329252 0.062220 0.062220
0 0.212920 0.364294 0.071945 0.071945
0 0.611034 0.176919 0.071945 0.071945
0 0.442027 0.287948 0.061130 0.061130
0 0.851235 0.243139 0.071945 0.071945
0 0.562229 0.906322 0.061130 0.061130
0 0.233710 0.925666 0.104277 0.104277
0 0.342542 0.475398 0.104277 0.104277
0 0.881942 0.381079 0.104277 0.104277
0 0.116093 0.470670 0.052757 0.052757
0 0.646435 0.700993 0.052757 0.052757
0 0.306694 0.096340 0.071945 0.071945
0 0.381826 0.645658 0.104277 0.104277