0 0.306808 0.938479 0.062220 0.062220
0 0.268582 0.744455 0.062220 0.062220
0 0.757970 0.461282 0.071945 0.071945
0 0.559583 0.306627 0.104277 0.104277
0 0.622071 0.030853 0.052757 0.052757
0 0.766654 0.831614 0.061130 0.061130
0 0.802368 0.217599 0.061130 0.061130
0 0.294562 0.387821 0.052757 0.052757
0 0.828781 0.939706 0.104277 0.104277
0 0.306254 0.474370 0.104277 0.104277
0 0.146604 0.021828 0.061130 0.061130
0 0.652718 0.727995 0.104277 0.104277
0 0.065156 0.798742 0.052757 0.052757
0 0.611579 0.849606 0.104277 0.104277
0 0.498095 0.891580 0.071945 0.071945
0 0.975312 0.179475 0.071945 0.071945
0 0.542436 0.151537 0.052757 0.052757
0 0.656119 0.480737 0.062220 0.062220
0 0.024347 0.883412 0.062220 0.062220
0 0.285987 0.300400 0.104277 0.104277
0 0.618743 0.226672 0.071945 0.071945
0 0.368344 0.232198 0.104277 0.104277
0 0.292511 0.201258 0.061130 0.061130
0 0.681472 0.652995 0.057104 0.057104
0 0.199582 0.099215 0.104277 0.104277
0 0.034787 0.604913 0.061130 0.061130
0 0.754159 0.052229 0.104277 0.104277
0 0.015203 0.517030 0.052757 0.052757
0 0.749819 0.635431 0.104277 0.104277
0 0.907481 0.932623 0.062220 0.062220
0 0.635172 0.576493 0.061130 0.061130
0 0.514477 0.618367 0.057104 0.057104
0 0.419452 0.378253 0.104277 0.104277
0 0.176005 0.517857 0.061130 0.061130
0 0.256849 0.643315 0.062220 0.062220
0 0.910211 0.537693 0.052757 0.052757
0 0.451993 0.725125 0.057104 0.057104
0 0.567969 0.755216 0.104277 0.104277
0 0.298738 0.551525 0.057104 0.057104
0 0.064074 0.980656 0.061130 0.061130
0 0.877428 0.724561 0.071945 0.071945
0 0.507406 0.964545 0.071945 0.071945
0 0.116536 0.752968 0.062220 0.062220
0 0.214934 0.339180 0.052757 0.052757
0 0.696616 0.302961 0.052757 0.052757
0 0.981768 0.631745 0.104277 0.104277
0 0.335284 0.686968 0.057104 0.057104
0 0.077409 0.022755 0.052757 0.052757
0 0.506640 0.225716 0.104277 0.104277
0 0.453937 0.087362 0.057104 0.057104
0 0.659274 0.168966 0.052757 0.052757
0 0.147359 0.599069 0.061130 0.061130
0 0.990592 0.365537 0.062220 0.062220
0 0.834279 0.441087 0.061131 0.061131
0 0.357105 0.311348 0.061130 0.061130
0 0.792672 0.369538 0.071945 0.071945
0 0.821851 0.032567 0.071945 0.071945
0 0.031936 0.241899 0.104278 0.104278
0 0.580873 0.488087 0.062220 0.062220
0 0.822111 0.103391 0.061130 0.061130
0 0.098785 0.220290 0.052757 0.052757
0 0.795818 0.692398 0.057104 0.057104
0 0.112589 0.860100 0.062220 0.062220
0 0.533514 0.828937 0.057104 0.057104
0 0.436654 0.013954 0.052757 0.052757
0 0.608540 0.645925 0.104277 0.104277
0 0.237804 0.980295 0.050891 0.050891
0 0.108246 0.475314 0.057104 0.057104
0 0.401674 0.872601 0.062220 0.062220
0 0.477201 0.339708 0.071945 0.071945
0 0.936422 0.998376 0.062220 0.062220
0 0.911502 0.446809 0.052757 0.052757
0 0.170455 0.905441 0.062220 0.062220
0 0.266214 0.871360 0.104277 0.104277
0 0.621048 0.406347 0.061130 0.061130
0 0.278947 0.128852 0.052757 0.052757
0 0.429121 0.165137 0.057104 0.057104
0 0.064664 0.342783 0.057104 0.057104
0 0.894611 0.653919 0.062220 0.062220
0 0.839034 0.833678 0.104277 0.104277
0 0.431586 0.595656 0.062220 0.062220
0 0.408931 0.449512 0.071945 0.071945
0 0.566485 0.915690 0.062220 0.062220
0 0.122820 0.384621 0.071945 0.071945
0 0.946264 0.021059 0.052757 0.052757
0 0.139402 0.978250 0.062220 0.062220
0 0.633941 0.100276 0.104277 0.104277
0 0.667127 0.797331 0.062220 0.062220
0 0.989128 0.260570 0.052757 0.052757
0 0.541340 0.686678 0.071945 0.071945
0 0.901175 0.312434 0.052757 0.052757
0 0.720712 0.378821 0.057104 0.057104
0 0.217382 0.803380 0.104277 0.104277
0 0.817976 0.759400 0.104277 0.104277
0 0.002349 0.419514 0.052757 0.052757
0 0.988197 0.538870 0.055027 0.055027
0 0.778888 0.567783 0.062220 0.062220
0 0.634255 0.333811 0.050559 0.050559
0 0.928477 0.831946 0.052757 0.052757
0 0.763394 0.276590 0.061130 0.061130
0 0.892665 0.096962 0.071945 0.071945
0 0.448657 0.808158 0.052757 0.052757
0 0.734878 0.724746 0.071945 0.071945
0 0.535897 0.069367 0.061131 0.061131
0 0.603407 0.995803 0.061131 0.061131
0 0.383004 0.110692 0.104277 0.104277
0 0.891465 0.191515 0.071945 0.071945
0 0.850927 0.580593 0.104277 0.104277
0 0.693428 0.924856 0.104277 0.104277
0 0.375432 0.803436 0.052757 0.052757
0 0.059795 0.126794 0.071945 0.071945
0 0.288902 0.050448 0.061130 0.061130
0 0.698110 0.005639 0.071945 0.071945
0 0.409104 0.668822 0.061130 0.061130
0 0.080585 0.688166 0.104277 0.104277
0 0.189417 0.237898 0.104277 0.104277
0 0.728817 0.143579 0.104277 0.104277
0 0.493310 0.463493 0.052757 0.052757
0 0.228701 0.408158 0.104277 0.104277