0 0.929307 0.766411 0.104277 0.104277
0 0.126285 0.870802 0.062220 0.062220
0 0.992902 0.844075 0.104277 0.104277
0 0.995793 0.682655 0.061131 0.061131
0 0.296120 0.032198 0.062220 0.062220
0 0.045112 0.335231 0.104277 0.104277
0 0.073170 0.745187 0.057103 0.057103
0 0.242223 0.992478 0.071945 0.071945
0 0.879009 0.606188 0.071945 0.071945
0 0.931897 0.901730 0.062220 0.062220
0 0.769723 0.968278 0.057104 0.057104
0 0.766570 0.807453 0.052757 0.052757
0 0.877724 0.945716 0.061130 0.061130
0 0.250194 0.091040 0.062220 0.062220
0 0.592593 0.794756 0.061131 0.061131
0 0.396768 0.068052 0.070161 0.070161
0 0.027488 0.059664 0.104278 0.104278
0 0.277975 0.495377 0.057104 0.057104
0 0.527719 0.716063 0.062220 0.062220
0 0.820653 0.902739 0.061131 0.061131
0 0.005290 0.567325 0.104277 0.104277
0 0.869880 0.836192 0.057104 0.057104
0 0.666682 0.159249 0.071945 0.071945
0 0.948081 0.066625 0.061130 0.061130
0 0.186169 0.039176 0.071945 0.071945
0 0.482475 0.097805 0.062220 0.062220
0 0.936794 0.429997 0.071945 0.071945
0 0.499603 0.400097 0.061131 0.061131
0 0.787243 0.311148 0.061130 0.061130
0 0.812256 0.430023 0.104277 0.104277
0 0.519046 0.161641 0.104277 0.104277
0 0.433505 0.007276 0.061130 0.061130
0 0.024687 0.431474 0.057104 0.057104
0 0.215740 0.650508 0.057104 0.057104
0 0.563015 0.296567 0.071945 0.071945
0 0.936172 0.561700 0.104277 0.104277
0 0.334329 0.932610 0.061130 0.061130
0 0.248904 0.411804 0.104277 0.104277
0 0.135763 0.692943 0.052757 0.052757
0 0.414066 0.230868 0.104277 0.104277
0 0.206679 0.232652 0.062220 0.062220
0 0.625098 0.545481 0.071945 0.071945
0 0.606466 0.996900 0.104277 0.104277
0 0.061004 0.495973 0.057104 0.057104
0 0.218158 0.745008 0.057104 0.057104
0 0.226019 0.912296 0.057104 0.057104
0 0.266548 0.574337 0.052757 0.052757
0 0.337739 0.643418 0.104277 0.104277
0 0.306296 0.212529 0.062220 0.062220
0 0.638906 0.679895 0.061131 0.061131
0 0.093843 0.931902 0.052757 0.052757
0 0.113821 0.135656 0.071945 0.071945
0 0.279207 0.845395 0.104277 0.104277
0 0.414516 0.728592 0.061130 0.061130
0 0.104487 0.371440 0.052757 0.052757
0 0.150429 0.583023 0.057104 0.057104
0 0.497002 0.626380 0.104277 0.104277
0 0.996340 0.229409 0.062220 0.062220
0 0.548350 0.041104 0.062220 0.062220
0 0.709883 0.510840 0.062220 0.062220
0 0.401927 0.463743 0.062220 0.062220
0 0.728445 0.750274 0.057104 0.057104
0 0.592914 0.225042 0.061131 0.061131
0 0.491694 0.804706 0.062220 0.062220
0 0.496758 0.262360 0.061131 0.061131
0 0.765299 0.036564 0.071945 0.071945
0 0.851931 0.708898 0.071945 0.071945
0 0.294871 0.719116 0.061130 0.061130
0 0.456459 0.868324 0.104278 0.104278
0 0.459742 0.340523 0.052757 0.052757
0 0.539376 0.535344 0.061131 0.061131
0 0.958492 0.156556 0.052757 0.052757
0 0.756930 0.232886 0.057104 0.057104
0 0.364709 0.140556 0.052757 0.052757
0 0.706602 0.932495 0.062220 0.062220
0 0.611855 0.074219 0.071945 0.071945
0 0.874841 0.050094 0.052757 0.052757
0 0.513477 0.934235 0.062220 0.062220
0 0.337793 0.365938 0.104277 0.104277
0 0.116311 0.445925 0.061130 0.061130
0 0.060162 0.265841 0.104277 0.104277
0 0.022863 0.136741 0.052757 0.052757
0 0.758063 0.683322 0.052757 0.052757
0 0.545397 0.866606 0.071945 0.071945
0 0.894774 0.247462 0.071945 0.071945
0 0.243362 0.170504 0.057104 0.057104
0 0.796736 0.162033 0.062220 0.062220
0 0.125747 0.294930 0.071945 0.071945
0 0.789028 0.526479 0.057104 0.057104
0 0.356310 0.521372 0.061130 0.061130
0 0.192620 0.829718 0.057104 0.057104
0 0.391036 0.826404 0.104277 0.104277
0 0.119884 0.057434 0.056505 0.056505
0 0.067378 0.820067 0.104277 0.104277
0 0.722831 0.600165 0.057104 0.057104
0 0.628680 0.348186 0.104277 0.104277
0 0.585598 0.923532 0.052757 0.052757
0 0.397069 0.594285 0.061130 0.061130
0 0.695022 0.417623 0.052757 0.052757
0 0.574050 0.636306 0.071945 0.071945
0 0.863692 0.185625 0.104277 0.104277
0 0.702177 0.283167 0.071945 0.071945
0 0.716150 0.093181 0.104277 0.104277
0 0.339976 0.278787 0.057104 0.057104
0 0.091505 0.625144 0.062220 0.062220
0 0.442515 0.533095 0.071945 0.071945
0 0.190698 0.320086 0.057104 0.057104
0 0.918933 0.346367 0.104277 0.104277
0 0.975710 0.001060 0.052757 0.052757
0 0.582579 0.407323 0.052757 0.052757
0 0.877014 0.524477 0.062220 0.062220
0 0.674407 0.809915 0.061131 0.061131