0 0.958512 0.625940 0.104277 0.104277
0 0.926190 0.727509 0.052757 0.052757
0 0.964221 0.397993 0.104277 0.104277
0 0.470386 0.680606 0.052757 0.052757
0 0.420035 0.173927 0.062220 0.062220
0 0.834284 0.570449 0.062220 0.062220
0 0.745119 0.755608 0.104277 0.104277
0 0.344592 0.401143 0.052757 0.052757
0 0.366920 0.048312 0.057103 0.057103
0 0.469931 0.888436 0.057104 0.057104
0 0.535973 0.295603 0.071945 0.071945
0 0.000520 0.021598 0.104277 0.104277
0 0.583221 0.358042 0.061130 0.061130
0 0.138266 0.093957 0.052757 0.052757
0 0.761355 0.481997 0.052757 0.052757
0 0.886343 0.097881 0.061131 0.061131
0 0.514740 0.571082 0.057104 0.057104
0 0.828555 0.417906 0.052757 0.052757
0 0.601671 0.567339 0.057104 0.057104
0 0.824523 0.693858 0.071945 0.071945
0 0.821469 0.019188 0.062220 0.062220
0 0.933618 0.500189 0.071945 0.071945
0 0.283082 0.312637 0.071945 0.071945
0 0.212837 0.305552 0.057104 0.057104
0 0.480890 0.471544 0.057104 0.057104
0 0.895742 0.660307 0.057104 0.057104
0 0.027514 0.812758 0.071945 0.071945
0 0.217338 0.995387 0.061130 0.061130
0 0.020580 0.742302 0.071945 0.071945
0 0.628079 0.235735 0.061130 0.061130
0 0.516253 0.837069 0.071945 0.071945
0 0.726509 0.878697 0.061130 0.061130
0 0.216369 0.639312 0.071945 0.071945
0 0.182688 0.019410 0.062220 0.062220
0 0.900216 0.300025 0.104277 0.104277
0 0.661821 0.780958 0.061130 0.061130
0 0.632895 0.709223 0.061130 0.061130
0 0.511908 0.048133 0.057104 0.057104
0 0.414013 0.435496 0.104277 0.104277
0 0.278053 0.213674 0.057104 0.057104
0 0.519769 0.215421 0.057104 0.057104
0 0.185408 0.390803 0.057104 0.057104
0 0.811575 0.835493 0.104277 0.104277
0 0.974980 0.933366 0.071945 0.071945
0 0.388335 0.329758 0.104277 0.104277
0 0.672378 0.447161 0.052757 0.052757
0 0.665275 0.987084 0.061130 0.061130
0 0.403428 0.522058 0.104277 0.104277
0 0.227538 0.721010 0.071945 0.071945
0 0.657517 0.903402 0.104277 0.104277
0 0.192892 0.223057 0.052757 0.052757
0 0.387593 0.235027 0.052757 0.052757
0 0.862136 0.884030 0.104277 0.104277
0 0.204504 0.154348 0.061130 0.061130
0 0.346825 0.672141 0.052757 0.052757
0 0.572957 0.148520 0.104277 0.104277
0 0.841041 0.771340 0.052757 0.052757
0 0.178789 0.803235 0.052757 0.052757
0 0.708266 0.031717 0.061130 0.061130
0 0.273458 0.069166 0.071945 0.071945
0 0.111472 0.481789 0.061130 0.061130
0 0.553400 0.644827 0.071945 0.071945
0 0.478345 0.397797 0.062220 0.062220
0 0.102566 0.675668 0.061130 0.061130
0 0.110516 0.996823 0.104277 0.104277
0 0.792677 0.337494 0.052757 0.052757
0 0.785444 0.107831 0.062220 0.062220
0 0.439277 0.603494 0.104277 0.104277
0 0.586048 0.874975 0.052757 0.052757
0 0.061423 0.907693 0.057104 0.057104
0 0.588621 0.022241 0.061130 0.061130
0 0.750209 0.171449 0.104278 0.104278
0 0.352185 0.821866 0.071945 0.071945
0 0.562945 0.782035 0.061130 0.061130
0 0.138547 0.746494 0.062220 0.062220
0 0.921974 0.840090 0.052757 0.052757
0 0.130655 0.182493 0.061130 0.061130
0 0.776280 0.991537 0.057104 0.057104
0 0.097267 0.019679 0.062220 0.062220
0 0.275085 0.418289 0.057104 0.057104
0 0.585593 0.427196 0.057104 0.057104
0 0.004576 0.465352 0.057104 0.057104
0 0.077281 0.360463 0.104277 0.104277
0 0.217406 0.871668 0.104277 0.104277
0 0.807227 0.237360 0.062220 0.062220
0 0.685784 0.351936 0.057104 0.057104
0 0.559849 0.942001 0.061130 0.061130
0 0.422214 0.785160 0.071945 0.071945
0 0.274849 0.496398 0.061130 0.061130
0 0.204686 0.483677 0.062220 0.062220
0 0.549701 0.501661 0.048997 0.048997
0 0.839147 0.169731 0.071945 0.071945
0 0.752727 0.406292 0.062220 0.062220
0 0.016503 0.972410 0.062220 0.062220
0 0.486370 0.132843 0.057104 0.057104
0 0.684786 0.129529 0.104277 0.104277
0 0.361128 0.123192 0.104277 0.104277
0 0.748709 0.647653 0.062220 0.062220
0 0.879348 0.226657 0.052757 0.052757
0 0.752286 0.557842 0.061131 0.061131
0 0.173247 0.568217 0.071945 0.071945
0 0.014587 0.097065 0.071945 0.071945
0 0.327060 0.596038 0.104277 0.104277
0 0.093186 0.561141 0.071945 0.071945
0 0.083437 0.284000 0.061130 0.061130
0 0.166164 0.926595 0.071945 0.071945
0 0.261249 0.931564 0.047555 0.047555
0 0.395349 0.956360 0.052757 0.052757
0 0.467502 0.319905 0.057104 0.057104
0 0.679794 0.654647 0.071945 0.071945
0 0.475299 0.964241 0.071945 0.071945
0 0.051459 0.220190 0.062220 0.062220
0 0.968157 0.113040 0.061131 0.061131