0 0.964114 0.714769 0.062220 0.062220
0 0.941849 0.829679 0.104277 0.104277
0 0.227370 0.369698 0.062220 0.062220
0 0.776368 0.147837 0.052757 0.052757
0 0.869581 0.094911 0.052757 0.052757
0 0.936851 0.644062 0.052757 0.052757
0 0.810259 0.943688 0.071945 0.071945
0 0.181444 0.428540 0.062220 0.062220
0 0.328018 0.405552 0.070161 0.070161
0 0.681392 0.064145 0.062220 0.062220
0 0.209225 0.832877 0.057104 0.057104
0 0.078131 0.068571 0.057104 0.057104
0 0.597932 0.496749 0.071945 0.071945
0 0.879331 0.404125 0.061130 0.061130
0 0.695591 0.184127 0.062220 0.062220
0 0.117419 0.376676 0.071945 0.071945
0 0.413725 0.435305 0.062220 0.062220
0 0.868044 0.767497 0.071945 0.071945
0 0.430853 0.737597 0.061131 0.061131
0 0.718493 0.648648 0.061130 0.061130
0 0.091839 0.145256 0.062220 0.062220
0 0.743506 0.767523 0.104277 0.104277
0 0.450296 0.499141 0.104277 0.104277
0 0.625491 0.151532 0.052757 0.052757
0 0.364755 0.344776 0.061130 0.061130
0 0.077640 0.228017 0.071945 0.071945
0 0.146990 0.988008 0.057104 0.057104
0 0.494265 0.634067 0.071945 0.071945
0 0.867422 0.899200 0.104277 0.104277
0 0.011944 0.167018 0.104277 0.104277
0 0.751876 0.320969 0.061130 0.061130
0 0.180154 0.749304 0.104277 0.104277
0 0.848430 0.300070 0.057104 0.057104
0 0.558481 0.230581 0.071945 0.071945
0 0.164352 0.099010 0.071945 0.071945
0 0.345316 0.568368 0.104277 0.104277
0 0.446180 0.312965 0.057104 0.057104
0 0.137929 0.570152 0.062220 0.062220
0 0.446936 0.115821 0.061131 0.061131
0 0.556348 0.882981 0.071945 0.071945
0 0.756375 0.071449 0.057104 0.057104
0 0.911542 0.248022 0.062220 0.062220
0 0.416652 0.215096 0.071945 0.071945
0 0.306107 0.275278 0.071945 0.071945
0 0.197798 0.911837 0.052757 0.052757
0 0.268989 0.980918 0.104277 0.104277
0 0.237546 0.550029 0.062220 0.062220
0 0.167749 0.210332 0.052757 0.052757
0 0.045071 0.473156 0.071945 0.071945
0 0.035737 0.708940 0.052757 0.052757
0 0.081679 0.920523 0.057104 0.057104
0 0.428252 0.963880 0.104277 0.104277
0 0.964015 0.505342 0.062220 0.062220
0 0.543771 0.133110 0.052757 0.052757
0 0.927590 0.566909 0.062220 0.062220
0 0.479600 0.378604 0.062220 0.062220
0 0.641133 0.848340 0.062220 0.062220
0 0.333177 0.801243 0.062220 0.062220
0 0.749285 0.238257 0.061131 0.061131
0 0.223346 0.265443 0.052757 0.052757
0 0.524164 0.562542 0.061131 0.061131
0 0.277029 0.094407 0.071945 0.071945
0 0.428008 0.599860 0.061131 0.061131
0 0.696549 0.374064 0.071945 0.071945
0 0.608014 0.071325 0.062220 0.062220
0 0.300963 0.175660 0.057104 0.057104
0 0.390992 0.678023 0.052757 0.052757
0 0.470626 0.872844 0.061131 0.061131
0 0.889742 0.494056 0.052757 0.052757
0 0.688180 0.570386 0.057104 0.057104
0 0.295959 0.478056 0.052757 0.052757
0 0.989283 0.237449 0.052757 0.052757
0 0.543105 0.411719 0.071945 0.071945
0 0.806091 0.387594 0.052757 0.052757
0 0.939263 0.918948 0.052757 0.052757
0 0.624279 0.273722 0.071945 0.071945
0 0.359733 0.062252 0.104277 0.104277
0 0.269043 0.703438 0.104277 0.104277
0 0.047561 0.783425 0.061130 0.061130
0 0.826024 0.584962 0.071945 0.071945
0 0.174612 0.508004 0.057104 0.057104
0 0.727986 0.499533 0.062220 0.062220
0 0.056997 0.632430 0.071945 0.071945
0 0.133141 0.272867 0.104277 0.104277
0 0.926702 0.139708 0.071945 0.071945
0 0.720278 0.863979 0.057104 0.057104
0 0.287560 0.858872 0.061130 0.061130
0 0.554685 0.334769 0.071945 0.071945
0 0.051134 0.394934 0.056505 0.056505
0 0.654081 0.937665 0.057104 0.057104
0 0.559930 0.685686 0.104277 0.104277
0 0.328319 0.931785 0.061130 0.061130
0 0.626272 0.755123 0.052757 0.052757
0 0.505300 0.973806 0.071945 0.071945
0 0.794942 0.523125 0.104277 0.104277
0 0.633427 0.620667 0.071945 0.071945
0 0.647400 0.430681 0.104277 0.104277
0 0.271226 0.616287 0.057104 0.057104
0 0.045431 0.326245 0.061130 0.061130
0 0.022755 0.962644 0.062220 0.062220
0 0.373765 0.870595 0.071945 0.071945
0 0.378332 0.276330 0.057103 0.057103
0 0.121948 0.657586 0.057104 0.057104
0 0.850183 0.683867 0.104277 0.104277
0 0.531049 0.062674 0.057104 0.057104
0 0.906960 0.338560 0.052757 0.052757
0 0.513829 0.744823 0.052757 0.052757
0 0.808264 0.861977 0.062220 0.062220
0 0.859656 0.187902 0.061131 0.061131
0 0.929373 0.061317 0.062220 0.062220