0 0.787717 0.040102 0.104277 0.104277
0 0.460177 0.247630 0.104278 0.104278
0 0.714220 0.839407 0.071945 0.071945
0 0.938007 0.037778 0.062220 0.062220
0 0.989341 0.807386 0.071945 0.071945
0 0.515833 0.684752 0.104277 0.104277
0 0.578321 0.408978 0.052757 0.052757
0 0.758618 0.595724 0.061130 0.061130
0 0.250812 0.765946 0.052757 0.052757
0 0.262504 0.852495 0.104277 0.104277
0 0.102854 0.399953 0.061130 0.061130
0 0.477615 0.358435 0.052757 0.052757
0 0.931562 0.557600 0.071945 0.071945
0 0.498686 0.529662 0.052757 0.052757
0 0.612369 0.858862 0.062220 0.062220
0 0.242237 0.678525 0.104277 0.104277
0 0.574993 0.604797 0.071945 0.071945
0 0.324594 0.610323 0.104277 0.104277
0 0.817703 0.141553 0.051819 0.051819
0 0.248761 0.579383 0.061130 0.061130
0 0.112822 0.164287 0.057104 0.057104
0 0.997851 0.085266 0.052757 0.052757
0 0.155832 0.477340 0.104277 0.104277
0 0.710409 0.430354 0.104277 0.104277
0 0.591422 0.954618 0.061130 0.061130
0 0.470727 0.996492 0.057104 0.057104
0 0.375702 0.756378 0.104277 0.104277
0 0.132255 0.895982 0.061130 0.061130
0 0.866461 0.915818 0.052757 0.052757
0 0.410023 0.159068 0.052757 0.052757
0 0.254988 0.929650 0.057104 0.057104
0 0.893544 0.211897 0.104277 0.104277
0 0.888681 0.138604 0.071945 0.071945
0 0.097704 0.318823 0.104277 0.104277
0 0.171184 0.717305 0.052757 0.052757
0 0.652866 0.681086 0.052757 0.052757
0 0.595152 0.151313 0.052757 0.052757
0 0.033659 0.400880 0.052757 0.052757
0 0.462890 0.603841 0.104277 0.104277
0 0.410187 0.465487 0.057104 0.057104
0 0.615524 0.547091 0.052757 0.052757
0 0.809999 0.298526 0.054783 0.054783
0 0.103609 0.977194 0.061130 0.061130
0 0.946842 0.743662 0.062220 0.062220
0 0.790529 0.819212 0.061131 0.061131
0 0.977551 0.232438 0.057103 0.057103
0 0.313355 0.689473 0.061130 0.061130
0 0.748922 0.747663 0.071945 0.071945
0 0.778101 0.410692 0.071945 0.071945
0 0.537123 0.866212 0.062220 0.062220
0 0.778361 0.481516 0.061130 0.061130
0 0.561225 0.071944 0.071945 0.071945
0 0.055035 0.598415 0.052757 0.052757
0 0.334902 0.277541 0.061130 0.061130
0 0.226255 0.176383 0.071945 0.071945
0 0.392904 0.392079 0.052757 0.052757
0 0.658381 0.307194 0.057104 0.057104
0 0.064496 0.853439 0.057104 0.057104
0 0.433451 0.717833 0.071945 0.071945
0 0.215159 0.344676 0.061130 0.061130
0 0.185828 0.261011 0.062220 0.062220
0 0.867752 0.824934 0.052757 0.052757
0 0.329598 0.112197 0.062220 0.062220
0 0.577298 0.784472 0.061130 0.061130
0 0.672576 0.185320 0.052757 0.052757
0 0.235197 0.506977 0.052757 0.052757
0 0.385371 0.543262 0.057104 0.057104
0 0.020914 0.720908 0.057104 0.057104
0 0.387836 0.973781 0.062220 0.062220
0 0.365181 0.827637 0.071945 0.071945
0 0.079070 0.762746 0.071945 0.071945
0 0.902514 0.399184 0.052757 0.052757
0 0.384025 0.049584 0.061130 0.061130
0 0.484118 0.142120 0.057104 0.057104
0 0.583719 0.219736 0.062220 0.062220
0 0.590191 0.478401 0.104277 0.104277
0 0.945378 0.638695 0.052757 0.052757
0 0.326478 0.354176 0.104277 0.104277
0 0.857425 0.690559 0.052757 0.052757
0 0.287124 0.208197 0.071945 0.071945
0 0.676962 0.756946 0.057104 0.057104
0 0.530022 0.275825 0.104277 0.104277
0 0.684855 0.079782 0.057104 0.057104
0 0.028190 0.272264 0.071945 0.071945
0 0.168062 0.116361 0.050932 0.050932
0 0.495030 0.054037 0.057104 0.057104
0 0.886359 0.285275 0.104277 0.104277
0 0.944447 0.916995 0.055027 0.055027
0 0.028519 0.170997 0.071945 0.071945
0 0.735138 0.945908 0.062220 0.062220
0 0.278599 0.004501 0.061130 0.061130
0 0.590505 0.711936 0.050559 0.050559
0 0.719644 0.654715 0.061130 0.061130
0 0.848915 0.475087 0.071945 0.071945
0 0.950902 0.329473 0.057104 0.057104
0 0.990948 0.386611 0.104277 0.104277
0 0.492147 0.447492 0.061131 0.061131
0 0.339254 0.488817 0.104277 0.104277
0 0.847715 0.569640 0.071945 0.071945
0 0.807177 0.958718 0.104277 0.104277
0 0.796440 0.230572 0.052757 0.052757
0 0.723877 0.264799 0.104277 0.104277
0 0.239391 0.101186 0.062220 0.062220
0 0.035146 0.079090 0.062220 0.062220
0 0.016045 0.504919 0.071945 0.071945
0 0.414159 0.317544 0.071945 0.071945
0 0.245152 0.428573 0.061130 0.061130
0 0.654360 0.383764 0.071945 0.071945
0 0.114099 0.018860 0.052757 0.052757
0 0.145667 0.616023 0.104277 0.104277
0 0.960624 0.478215 0.104277 0.104277
0 0.685067 0.521704 0.104277 0.104277
0 0.449560 0.841618 0.052757 0.052757
0 0.109819 0.236965 0.071945 0.071945
0 0.859326 0.001345 0.057104 0.057104
0 0.194049 0.026741 0.071945 0.071945
0 0.184951 0.786283 0.104277 0.104277