0 0.384592 0.836977 0.104277 0.104277
0 0.341044 0.624986 0.061130 0.061130
0 0.743989 0.586695 0.052757 0.052757
0 0.274137 0.485315 0.104277 0.104277
0 0.335963 0.394267 0.071945 0.071945
0 0.534882 0.834653 0.062220 0.062220
0 0.487776 0.379877 0.071945 0.071945
0 0.566529 0.586735 0.104277 0.104277
0 0.241815 0.586884 0.052757 0.052757
0 0.644393 0.633260 0.071945 0.071945
0 0.571162 0.270180 0.061131 0.061131
0 0.279846 0.257368 0.104277 0.104277
0 0.772973 0.089687 0.057104 0.057104
0 0.899426 0.294647 0.062221 0.062221
0 0.788332 0.257652 0.104277 0.104277
0 0.865358 0.051566 0.104277 0.104277
0 0.898140 0.825128 0.047276 0.047276
0 0.602277 0.006575 0.104277 0.104277
0 0.378716 0.751792 0.057104 0.057104
0 0.149909 0.429824 0.062220 0.062220
0 0.414578 0.938428 0.051819 0.051819
0 0.407918 0.193339 0.052757 0.052757
0 0.060744 0.614983 0.104277 0.104277
0 0.889379 0.566761 0.071945 0.071945
0 0.318722 0.551523 0.061131 0.061131
0 0.594726 0.882141 0.052757 0.052757
0 0.351856 0.303864 0.057104 0.057104
0 0.656002 0.830656 0.057103 0.057103
0 0.402938 0.512018 0.052757 0.052757
0 0.670995 0.247820 0.104277 0.104277
0 0.076980 0.341372 0.052757 0.052757
0 0.541272 0.064230 0.062220 0.062220
0 0.459145 0.447978 0.057104 0.057104
0 0.379098 0.130778 0.057104 0.057104
0 0.849694 0.400735 0.052757 0.052757
0 0.571618 0.669989 0.036679 0.036679
0 0.006898 0.955943 0.052757 0.052757
0 0.487099 0.108216 0.061130 0.061130
0 0.690656 0.947996 0.104277 0.104277
0 0.789607 0.361546 0.062221 0.062221
0 0.405380 0.600600 0.057104 0.057104
0 0.144180 0.277281 0.052757 0.052757
0 0.485556 0.935479 0.071945 0.071945
0 0.791237 0.167034 0.071945 0.071945
0 0.728152 0.397175 0.052757 0.052757
0 0.715258 0.465037 0.104277 0.104277
0 0.882148 0.931053 0.071945 0.071945
0 0.140148 0.553233 0.071945 0.071945
0 0.430028 0.065239 0.061131 0.061131
0 0.192027 0.948188 0.052757 0.052757
0 0.620896 0.488669 0.104277 0.104277
0 0.249243 0.359564 0.071945 0.071945
0 0.787987 0.962864 0.061131 0.061131
0 0.904026 0.714126 0.057104 0.057104
0 0.711801 0.656144 0.062220 0.062220
0 0.158100 0.868819 0.071945 0.071945
0 0.619910 0.964015 0.061131 0.061131
0 0.211367 0.519682 0.057104 0.057104
0 0.567823 0.430377 0.061130 0.061130
0 0.042134 0.738072 0.061130 0.061130
0 0.702749 0.055900 0.061130 0.061130
0 0.820464 0.816995 0.062220 0.062220
0 0.646583 0.560992 0.061130 0.061130
0 0.269451 0.982195 0.052757 0.052757
0 0.215841 0.159400 0.104277 0.104277
0 0.517919 0.524860 0.062220 0.062220
0 0.127200 0.694868 0.104277 0.104277
0 0.290605 0.792741 0.071945 0.071945
0 0.431351 0.295890 0.062220 0.062220
0 0.795048 0.672068 0.104277 0.104277
0 0.080993 0.938995 0.057104 0.057104
0 0.177761 0.743405 0.104277 0.104277
0 0.156666 0.630715 0.052757 0.052757
0 0.463582 0.670403 0.062220 0.062220
0 0.498423 0.213741 0.071945 0.071945
0 0.108302 0.196869 0.052757 0.052757
0 0.605793 0.753099 0.104277 0.104277
0 0.281730 0.876657 0.057104 0.057104
0 0.065834 0.030824 0.104278 0.104278
0 0.519245 0.718321 0.071945 0.071945
0 0.237599 0.699465 0.052757 0.052757
0 0.091905 0.850912 0.057104 0.057104
0 0.315977 0.094995 0.062220 0.062220
0 0.909249 0.445976 0.071945 0.071945
0 0.122852 0.096735 0.062220 0.062220
0 0.001409 0.211311 0.057104 0.057104
0 0.660140 0.708468 0.061131 0.061131
0 0.792415 0.496198 0.071945 0.071945
0 0.154772 0.029106 0.071945 0.071945
0 0.068352 0.265667 0.062220 0.062220
0 0.886796 0.145173 0.104277 0.104277
0 0.641383 0.177402 0.057104 0.057104
0 0.064334 0.507028 0.062220 0.062220
0 0.194973 0.086032 0.052757 0.052757
0 0.624126 0.317340 0.057104 0.057104
0 0.067911 0.417217 0.061131 0.061131
0 0.632788 0.103703 0.104277 0.104277
0 0.752808 0.745465 0.071945 0.071945
0 0.702121 0.131298 0.104277 0.104277
0 0.716301 0.327556 0.052757 0.052757
0 0.456201 0.798220 0.057104 0.057104
0 0.725952 0.880951 0.061131 0.061131