0 0.097677 0.103880 0.104278 0.104278
0 0.351720 0.695657 0.071945 0.071945
0 0.626841 0.663636 0.071945 0.071945
0 0.907219 0.403957 0.071945 0.071945
0 0.153333 0.541002 0.104277 0.104277
0 0.658969 0.779006 0.052757 0.052757
0 0.215821 0.265228 0.052757 0.052757
0 0.897252 0.886160 0.061131 0.061131
0 0.396118 0.451974 0.061130 0.061130
0 0.802396 0.576951 0.104277 0.104277
0 0.246468 0.962370 0.104277 0.104277
0 0.829119 0.191104 0.062220 0.062220
0 0.115115 0.214685 0.052757 0.052757
0 0.569062 0.413850 0.071945 0.071945
0 0.136186 0.385912 0.052757 0.052757
0 0.249869 0.715112 0.062220 0.062220
0 0.212493 0.461047 0.071945 0.071945
0 0.275222 0.887370 0.057104 0.057104
0 0.769392 0.740070 0.104277 0.104277
0 0.724531 0.931189 0.071945 0.071945
0 0.934589 0.823813 0.052757 0.052757
0 0.347909 0.286604 0.104277 0.104277
0 0.647770 0.532708 0.104277 0.104277
0 0.765549 0.343901 0.071945 0.071945
0 0.343569 0.869806 0.104277 0.104277
0 0.770296 0.275455 0.062220 0.062220
0 0.228922 0.810868 0.061130 0.061130
0 0.108227 0.852742 0.057104 0.057104
0 0.013202 0.612628 0.104277 0.104277
0 0.708252 0.471206 0.057104 0.057104
0 0.751219 0.644881 0.062220 0.062220
0 0.503961 0.772068 0.052757 0.052757
0 0.650969 0.402990 0.062220 0.062220
0 0.047523 0.015318 0.052757 0.052757
0 0.045743 0.959500 0.057104 0.057104
0 0.731281 0.007371 0.104277 0.104277
0 0.161719 0.989591 0.104277 0.104277
0 0.531044 0.068147 0.104277 0.104277
0 0.471178 0.958936 0.071945 0.071945
0 0.836618 0.375683 0.061130 0.061130
0 0.681182 0.873945 0.102474 0.102474
0 0.290366 0.537336 0.052757 0.052757
0 0.575518 0.866120 0.104277 0.104277
0 0.232652 0.007563 0.052757 0.052757
0 0.828612 0.022239 0.061131 0.061131
0 0.100390 0.460091 0.104277 0.104277
0 0.047687 0.321737 0.057104 0.057104
0 0.253024 0.403341 0.052757 0.052757
0 0.447499 0.154776 0.054783 0.054783
0 0.584342 0.599912 0.062220 0.062220
0 0.428029 0.675462 0.061131 0.061131
0 0.615051 0.088688 0.057103 0.057103
0 0.386422 0.603913 0.071945 0.071945
0 0.415601 0.266942 0.071945 0.071945
0 0.174623 0.722462 0.062220 0.062220
0 0.415861 0.337766 0.061130 0.061130
0 0.389568 0.926773 0.057104 0.057104
0 0.030404 0.248329 0.052757 0.052757
0 0.709357 0.155509 0.061131 0.061131
0 0.295881 0.163444 0.057104 0.057104
0 0.660535 0.023390 0.061131 0.061131
0 0.202290 0.880300 0.104277 0.104277
0 0.070951 0.574083 0.071945 0.071945
0 0.870864 0.632857 0.045227 0.045227
0 0.505252 0.681184 0.052757 0.052757
0 0.926106 0.115932 0.071945 0.071945
0 0.931488 0.254457 0.104278 0.104278
0 0.214798 0.640722 0.061130 0.061130
0 0.310076 0.041570 0.052757 0.052757
0 0.926529 0.536652 0.061130 0.061130
0 0.022871 0.399512 0.057104 0.057104
0 0.488361 0.888294 0.062220 0.062220
0 0.025336 0.830031 0.062220 0.062220
0 0.002681 0.683887 0.071945 0.071945
0 0.862693 0.089035 0.104278 0.104278
0 0.540014 0.255434 0.052757 0.052757
0 0.221219 0.075986 0.062220 0.062220
0 0.786046 0.128614 0.062220 0.062220
0 0.227691 0.334651 0.104277 0.104277
0 0.582878 0.494945 0.052757 0.052757
0 0.135090 0.921053 0.071945 0.071945
0 0.494925 0.546809 0.052757 0.052757
0 0.314462 0.613196 0.057104 0.057104
0 0.167522 0.132075 0.104277 0.104277
0 0.784935 0.480349 0.061131 0.061131
0 0.690572 0.344612 0.057104 0.057104
0 0.411726 0.993775 0.104277 0.104277
0 0.883690 0.979519 0.061131 0.061131
0 0.709607 0.079113 0.071945 0.071945
0 0.523859 0.141525 0.104277 0.104277
0 0.581947 0.773245 0.055027 0.055027
0 0.714139 0.574067 0.061131 0.061131
0 0.372638 0.802158 0.062220 0.062220
0 0.791976 0.877423 0.104277 0.104277
0 0.228005 0.568186 0.050559 0.050559
0 0.357144 0.510965 0.061130 0.061130
0 0.486415 0.331337 0.071945 0.071945
0 0.588402 0.185723 0.057104 0.057104
0 0.628448 0.242861 0.104277 0.104277
0 0.328628 0.959121 0.071945 0.071945
0 0.129647 0.303742 0.061131 0.061131
0 0.485215 0.425890 0.071945 0.071945
0 0.444677 0.814968 0.104277 0.104277
0 0.433940 0.086822 0.052757 0.052757
0 0.361377 0.121049 0.104277 0.104277
0 0.608687 0.959225 0.061130 0.061130
0 0.872058 0.493843 0.052757 0.052757
0 0.051659 0.173794 0.071945 0.071945
0 0.291860 0.240014 0.071945 0.071945
0 0.002854 0.903197 0.061130 0.061130
0 0.598124 0.334465 0.104277 0.104277
0 0.322567 0.377954 0.104277 0.104277
0 0.087060 0.697868 0.052757 0.052757
0 0.874333 0.300010 0.061131 0.061131
0 0.846715 0.826097 0.057104 0.057104
0 0.860665 0.750014 0.088662 0.088662