0 0.229920 0.439476 0.062220 0.062220
0 0.575558 0.779104 0.062220 0.062220
0 0.537332 0.585080 0.062220 0.062220
0 0.313234 0.892718 0.057103 0.057103
0 0.828333 0.147252 0.104277 0.104277
0 0.563312 0.228446 0.052757 0.052757
0 0.575004 0.314995 0.104277 0.104277
0 0.921468 0.568620 0.104277 0.104277
0 0.333906 0.639367 0.052757 0.052757
0 0.880329 0.690231 0.104277 0.104277
0 0.766845 0.732205 0.071945 0.071945
0 0.172249 0.494358 0.071945 0.071945
0 0.924869 0.321362 0.062220 0.062220
0 0.293097 0.724037 0.062220 0.062220
0 0.198130 0.917019 0.071945 0.071945
0 0.554737 0.141025 0.104277 0.104277
0 0.887493 0.067297 0.071945 0.071945
0 0.637094 0.072823 0.104277 0.104277
0 0.561261 0.041883 0.061130 0.061130
0 0.223049 0.754673 0.104277 0.104277
0 0.950222 0.493620 0.057104 0.057104
0 0.026671 0.527484 0.061130 0.061130
0 0.303537 0.445538 0.061130 0.061130
0 0.283953 0.357655 0.052757 0.052757
0 0.075099 0.823836 0.104278 0.104278
0 0.960346 0.848230 0.062220 0.062220
0 0.903922 0.417118 0.061130 0.061130
0 0.783227 0.458992 0.057104 0.057104
0 0.688202 0.218878 0.104277 0.104277
0 0.472978 0.938601 0.062220 0.062220
0 0.444755 0.358482 0.061130 0.061130
0 0.525599 0.483940 0.062220 0.062220
0 0.140789 0.069174 0.061130 0.061130
0 0.720743 0.565750 0.057104 0.057104
0 0.836719 0.595841 0.104277 0.104277
0 0.630808 0.921896 0.071945 0.071945
0 0.567488 0.392150 0.057104 0.057104
0 0.332824 0.821281 0.061130 0.061130
0 0.776156 0.805170 0.071945 0.071945
0 0.385286 0.593593 0.062220 0.062220
0 0.483684 0.179805 0.052757 0.052757
0 0.583405 0.849906 0.057104 0.057104
0 0.965366 0.143586 0.052757 0.052757
0 0.092273 0.627071 0.062220 0.062220
0 0.604034 0.527593 0.057104 0.057104
0 0.775390 0.066341 0.104277 0.104277
0 0.928024 0.009591 0.052757 0.052757
0 0.416109 0.439694 0.061130 0.061130
0 0.547249 0.929559 0.052757 0.052757
0 0.625855 0.151973 0.061130 0.061130
0 0.300686 0.082524 0.104278 0.104278
0 0.849623 0.328712 0.062220 0.062220
0 0.367535 0.060915 0.052757 0.052757
0 0.381339 0.700725 0.062220 0.062220
0 0.802264 0.669562 0.057104 0.057104
0 0.008644 0.239992 0.062220 0.062220
0 0.877290 0.486550 0.104277 0.104277
0 0.506554 0.820920 0.050891 0.050891
0 0.159976 0.327216 0.062220 0.062220
0 0.232380 0.836355 0.104277 0.104277
0 0.376996 0.315939 0.057104 0.057104
0 0.670424 0.713226 0.062220 0.062220
0 0.745951 0.180333 0.071945 0.071945
0 0.791243 0.922292 0.057104 0.057104
0 0.167150 0.659222 0.062220 0.062220
0 0.391574 0.899942 0.052757 0.052757
0 0.439205 0.746066 0.062220 0.062220
0 0.534964 0.711985 0.104277 0.104277
0 0.889798 0.246972 0.061130 0.061130
0 0.697871 0.005762 0.057104 0.057104
0 0.333414 0.183408 0.057104 0.057104
0 0.042412 0.421098 0.104278 0.104278
0 0.260689 0.149788 0.071945 0.071945
0 0.161050 0.414562 0.052757 0.052757
0 0.070233 0.930689 0.071945 0.071945
0 0.696812 0.841163 0.061130 0.061130
0 0.700336 0.436281 0.062220 0.062220
0 0.677681 0.290137 0.071945 0.071945
0 0.835235 0.756315 0.062220 0.062220
0 0.129848 0.884461 0.057104 0.057104
0 0.199274 0.229354 0.052757 0.052757
0 0.391570 0.225246 0.071945 0.071945
0 0.093953 0.469080 0.057104 0.057104
0 0.127531 0.137758 0.057104 0.057104
0 0.408152 0.818875 0.062220 0.062220
0 0.098028 0.215580 0.104277 0.104277
0 0.706390 0.944513 0.062220 0.062220
0 0.935877 0.637956 0.062220 0.062220
0 0.810090 0.527303 0.071945 0.071945
0 0.989462 0.219446 0.057104 0.057104
0 0.059155 0.335105 0.104277 0.104277
0 0.049609 0.116140 0.071945 0.071945
0 0.486132 0.644005 0.104277 0.104277
0 0.059429 0.744764 0.061131 0.061131
0 0.271099 0.260139 0.052757 0.052757
0 0.030985 0.009143 0.057104 0.057104
0 0.930164 0.932943 0.061130 0.061130
0 0.903005 0.174436 0.050559 0.050559
0 0.717407 0.648783 0.052757 0.052757
0 0.132766 0.759859 0.057104 0.057104
0 0.872157 0.836428 0.061131 0.061131
0 0.253374 0.552707 0.057104 0.057104
0 0.962178 0.765481 0.104277 0.104277
0 0.644182 0.644061 0.052757 0.052757
0 0.677854 0.509447 0.061130 0.061130
0 0.349335 0.528791 0.104277 0.104277
0 0.009313 0.652633 0.057104 0.057104
0 0.458167 0.078523 0.104277 0.104277
0 0.231718 0.073795 0.052757 0.052757
0 0.762060 0.304118 0.052757 0.052757
0 0.497451 0.248783 0.104277 0.104277