0 0.590842 0.555727 0.104277 0.104277
0 0.547294 0.343736 0.061130 0.061130
0 0.263302 0.763255 0.104278 0.104278
0 0.950239 0.305445 0.052757 0.052757
0 0.480387 0.204065 0.104277 0.104277
0 0.542213 0.113017 0.071945 0.071945
0 0.741132 0.553403 0.062220 0.062220
0 0.694026 0.098627 0.071945 0.071945
0 0.772779 0.305485 0.104277 0.104277
0 0.448065 0.305634 0.052757 0.052757
0 0.381446 0.924603 0.052757 0.052757
0 0.850643 0.352010 0.071945 0.071945
0 0.994744 0.850479 0.062220 0.062220
0 0.280740 0.874060 0.052757 0.052757
0 0.584966 0.470542 0.057104 0.057104
0 0.356159 0.148574 0.062220 0.062220
0 0.620828 0.657178 0.051819 0.051819
0 0.266994 0.333733 0.104277 0.104277
0 0.524972 0.270273 0.061131 0.061131
0 0.800976 0.600891 0.052757 0.052757
0 0.558106 0.022614 0.057104 0.057104
0 0.513534 0.945979 0.104277 0.104277
0 0.862252 0.549406 0.057103 0.057103
0 0.609188 0.230768 0.052757 0.052757
0 0.935921 0.934830 0.062220 0.062220
0 0.283230 0.060122 0.052757 0.052757
0 0.665395 0.166728 0.057104 0.057104
0 0.777868 0.388739 0.036679 0.036679
0 0.213148 0.674693 0.052757 0.052757
0 0.896906 0.666746 0.104277 0.104277
0 0.036615 0.149207 0.057104 0.057104
0 0.995857 0.080296 0.062221 0.062221
0 0.611630 0.319350 0.057104 0.057104
0 0.696669 0.727522 0.104277 0.104277
0 0.691806 0.654229 0.071945 0.071945
0 0.123546 0.145464 0.057104 0.057104
0 0.934402 0.115925 0.052757 0.052757
0 0.921508 0.183787 0.104277 0.104277
0 0.346398 0.271983 0.071945 0.071945
0 0.398277 0.666938 0.052757 0.052757
0 0.827146 0.207419 0.104277 0.104277
0 0.455493 0.078314 0.071945 0.071945
0 0.994237 0.681614 0.061131 0.061131
0 0.213312 0.981112 0.057104 0.057104
0 0.613124 0.814151 0.054783 0.054783
0 0.918051 0.374894 0.062220 0.062220
0 0.002765 0.049669 0.057104 0.057104
0 0.780676 0.748063 0.057103 0.057103
0 0.581226 0.926317 0.071945 0.071945
0 0.581486 0.997141 0.061130 0.061130
0 0.364350 0.587569 0.071945 0.071945
0 0.138027 0.793166 0.061130 0.061130
0 0.029380 0.692008 0.071945 0.071945
0 0.196029 0.907704 0.052757 0.052757
0 0.874982 0.814884 0.061131 0.061131
0 0.461506 0.822819 0.057104 0.057104
0 0.826160 0.682765 0.061131 0.061131
0 0.417617 0.238432 0.057104 0.057104
0 0.038128 0.415194 0.071945 0.071945
0 0.018284 0.860301 0.061130 0.061130
0 0.774073 0.149127 0.061130 0.061130
0 0.132723 0.627822 0.062220 0.062220
0 0.248384 0.456822 0.061130 0.061130
0 0.852833 0.279742 0.061130 0.061130
0 0.475701 0.700945 0.052757 0.052757
0 0.183696 0.359083 0.061130 0.061130
0 0.154770 0.287348 0.061130 0.061130
0 0.724169 0.243610 0.062220 0.062220
0 0.333450 0.413618 0.104277 0.104277
0 0.496855 0.511491 0.071945 0.071945
0 0.194253 0.025286 0.052757 0.052757
0 0.637601 0.014640 0.062220 0.062220
0 0.705639 0.914809 0.052757 0.052757
0 0.187150 0.565209 0.061130 0.061130
0 0.287243 0.657745 0.057104 0.057104
0 0.179392 0.481527 0.104277 0.104277
0 0.386844 0.735361 0.062220 0.062220
0 0.951671 0.787989 0.062220 0.062220
0 0.384011 0.462155 0.104277 0.104277
0 0.362916 0.349465 0.052757 0.052757
0 0.393316 0.994026 0.104277 0.104277
0 0.669832 0.389153 0.062220 0.062220
0 0.075275 0.222952 0.071945 0.071945
0 0.129603 0.869801 0.104277 0.104277
0 0.090249 0.723822 0.071945 0.071945
0 0.333147 0.791450 0.104277 0.104277
0 0.812043 0.471849 0.104277 0.104277
0 0.487980 0.595407 0.057104 0.057104
0 0.107923 0.453100 0.052757 0.052757
0 0.875232 0.738488 0.071945 0.071945
0 0.725495 0.437071 0.071945 0.071945
0 0.084820 0.360160 0.061130 0.061130
0 0.443849 0.418215 0.052757 0.052757
0 0.298155 0.569662 0.057104 0.057104
0 0.689484 0.800900 0.104277 0.104277
0 0.107468 0.005321 0.057104 0.057104
0 0.081724 0.520126 0.061130 0.061130
0 0.866390 0.427218 0.061131 0.061131
0 0.998665 0.214948 0.071945 0.071945
0 0.652040 0.990712 0.071945 0.071945
0 0.754027 0.845098 0.057104 0.057104
0 0.071576 0.079786 0.048997 0.048997
0 0.794073 0.902236 0.104277 0.104277
0 0.295272 0.963117 0.061131 0.061131
0 0.270584 0.225778 0.062220 0.062220
0 0.599565 0.746197 0.052757 0.052757
0 0.527002 0.780424 0.104277 0.104277
0 0.042516 0.616811 0.062220 0.062220
0 0.830376 0.036090 0.057104 0.057104
0 0.274161 0.135967 0.061131 0.061131
0 0.217284 0.833169 0.071945 0.071945
0 0.048277 0.944198 0.061130 0.061130
0 0.959058 0.464215 0.071945 0.071945
0 0.457485 0.899389 0.071945 0.071945
0 0.922551 0.046306 0.052757 0.052757
0 0.763749 0.993840 0.104277 0.104277
0 0.201669 0.232772 0.071945 0.071945
0 0.662451 0.516970 0.057104 0.057104
0 0.932202 0.599701 0.061131 0.061131