0 0.598160 0.873927 0.062220 0.062220
0 0.767995 0.035323 0.062220 0.062220
0 0.516987 0.338356 0.104277 0.104277
0 0.545045 0.748312 0.057103 0.057103
0 0.714098 0.995603 0.071945 0.071945
0 0.178645 0.721598 0.104277 0.104277
0 0.316391 0.793957 0.052757 0.052757
0 0.722069 0.094165 0.062220 0.062220
0 0.868643 0.071177 0.070161 0.070161
0 0.499363 0.062789 0.104278 0.104278
0 0.749850 0.498502 0.057104 0.057104
0 0.999594 0.719188 0.062220 0.062220
0 0.477165 0.570450 0.104277 0.104277
0 0.658044 0.042301 0.071945 0.071945
0 0.954350 0.100930 0.062220 0.062220
0 0.971478 0.403222 0.061131 0.061131
0 0.285926 0.503509 0.104277 0.104277
0 0.179503 0.117673 0.104277 0.104277
0 0.140509 0.012667 0.071945 0.071945
0 0.990921 0.164766 0.104277 0.104277
0 0.399459 0.100368 0.071945 0.071945
0 0.905380 0.010401 0.061130 0.061130
0 0.496562 0.434599 0.057104 0.057104
0 0.143761 0.525340 0.062220 0.062220
0 0.155426 0.415562 0.062220 0.062220
0 0.687615 0.653633 0.057104 0.057104
0 0.445132 0.383468 0.104277 0.104277
0 0.217071 0.561861 0.062220 0.062220
0 0.806204 0.935735 0.061130 0.061130
0 0.059972 0.556615 0.104278 0.104278
0 0.720779 0.414929 0.104277 0.104277
0 0.607638 0.696068 0.052757 0.052757
0 0.411493 0.252416 0.052757 0.052757
0 0.885941 0.233993 0.104277 0.104277
0 0.678554 0.235777 0.062220 0.062220
0 0.360813 0.719410 0.062220 0.062220
0 0.060160 0.667370 0.071945 0.071945
0 0.264304 0.177994 0.062220 0.062220
0 0.532879 0.499098 0.057104 0.057104
0 0.690033 0.748133 0.057104 0.057104
0 0.456178 0.913674 0.057104 0.057104
0 0.697894 0.915421 0.057104 0.057104
0 0.060224 0.318505 0.052757 0.052757
0 0.738423 0.577462 0.052757 0.052757
0 0.809614 0.646543 0.104277 0.104277
0 0.778171 0.215654 0.062220 0.062220
0 0.209762 0.293885 0.061130 0.061130
0 0.149078 0.859861 0.062220 0.062220
0 0.371017 0.923057 0.052757 0.052757
0 0.565718 0.935027 0.052757 0.052757
0 0.382629 0.854348 0.061130 0.061130
0 0.585696 0.138781 0.071945 0.071945
0 0.751082 0.848520 0.104277 0.104277
0 0.886391 0.731717 0.061130 0.061130
0 0.576362 0.374565 0.052757 0.052757
0 0.622304 0.586148 0.057104 0.057104
0 0.061130 0.212293 0.104277 0.104277
0 0.451583 0.769166 0.071945 0.071945
0 0.968877 0.629505 0.104277 0.104277
0 0.083795 0.056559 0.052757 0.052757
0 0.873802 0.466868 0.062220 0.062220
0 0.277173 0.262476 0.061130 0.061130
0 0.146347 0.241734 0.061130 0.061130
0 0.434382 0.510316 0.052757 0.052757
0 0.963569 0.807831 0.062220 0.062220
0 0.355287 0.201875 0.071945 0.071945
0 0.968633 0.265485 0.061131 0.061131
0 0.230744 0.631517 0.057104 0.057104
0 0.213714 0.052364 0.057104 0.057104
0 0.766746 0.722241 0.061130 0.061130
0 0.294274 0.374527 0.057104 0.057104
0 0.928334 0.871449 0.104278 0.104278
0 0.931617 0.343648 0.052757 0.052757
0 0.308780 0.882493 0.061130 0.061130
0 0.836584 0.143681 0.052757 0.052757
0 0.092729 0.385669 0.061130 0.061130
0 0.275392 0.719679 0.062220 0.062220
0 0.113377 0.151776 0.104278 0.104278
0 0.985352 0.937360 0.062220 0.062220
0 0.065882 0.863375 0.061130 0.061130
0 0.809668 0.369063 0.104277 0.104277
0 0.588186 0.449050 0.061130 0.061130
0 0.532037 0.268966 0.104277 0.104277
0 0.494738 0.139866 0.052757 0.052757
0 0.107098 0.791383 0.061130 0.061130
0 0.298797 0.641744 0.057104 0.057104
0 0.715237 0.173629 0.057104 0.057104
0 0.597622 0.298055 0.071945 0.071945
0 0.157165 0.649093 0.052757 0.052757
0 0.828185 0.524497 0.061130 0.061130
0 0.664495 0.832843 0.057104 0.057104
0 0.862911 0.829529 0.104277 0.104277
0 0.591759 0.060559 0.056505 0.056505
0 0.539253 0.823192 0.104277 0.104277
0 0.868944 0.597410 0.061130 0.061130
0 0.230778 0.422205 0.062220 0.062220
0 0.811851 0.281912 0.057104 0.057104
0 0.563380 0.628269 0.062220 0.062220
0 0.914390 0.536220 0.071945 0.071945
0 0.192712 0.797065 0.071945 0.071945
0 0.662573 0.323211 0.057104 0.057104
0 0.385610 0.015672 0.062220 0.062220
0 0.261562 0.984000 0.061130 0.061130
0 0.344650 0.551425 0.104277 0.104277
0 0.322873 0.136091 0.057104 0.057104
0 0.463191 0.687124 0.052757 0.052757
0 0.350052 0.431720 0.057104 0.057104
0 0.410442 0.612581 0.062220 0.062220
0 0.064632 0.952807 0.071945 0.071945
0 0.097183 0.470468 0.061130 0.061130
0 0.229584 0.920190 0.062220 0.062220