0 0.996630 0.597367 0.071945 0.071945
0 0.895364 0.711644 0.062220 0.062220
0 0.944939 0.975071 0.057104 0.057104
0 0.873099 0.826554 0.104277 0.104277
0 0.158620 0.366573 0.062220 0.062220
0 0.707618 0.144712 0.052757 0.052757
0 0.800831 0.091786 0.052757 0.052757
0 0.868101 0.640937 0.052757 0.052757
0 0.741509 0.940563 0.071945 0.071945
0 0.958518 0.840842 0.062220 0.062220
0 0.112694 0.425415 0.062220 0.062220
0 0.259268 0.402427 0.070161 0.070161
0 0.960260 0.661247 0.071945 0.071945
0 0.612642 0.061020 0.062220 0.062220
0 0.140475 0.829752 0.057104 0.057104
0 0.009381 0.065446 0.057104 0.057104
0 0.529182 0.493624 0.071945 0.071945
0 0.810581 0.401000 0.061130 0.061130
0 0.626841 0.181002 0.062220 0.062220
0 0.048669 0.373551 0.071945 0.071945
0 0.344975 0.432180 0.062220 0.062220
0 0.799294 0.764372 0.071945 0.071945
0 0.362103 0.734472 0.061131 0.061131
0 0.649743 0.645523 0.061130 0.061130
0 0.023089 0.142131 0.062220 0.062220
0 0.674756 0.764398 0.104277 0.104277
0 0.381546 0.496016 0.104277 0.104277
0 0.556741 0.148407 0.052757 0.052757
0 0.296005 0.341651 0.061130 0.061130
0 0.008890 0.224892 0.071945 0.071945
0 0.078240 0.984883 0.057104 0.057104
0 0.425515 0.630942 0.071945 0.071945
0 0.798672 0.896075 0.104277 0.104277
0 0.683126 0.317844 0.061130 0.061130
0 0.111404 0.746179 0.104277 0.104277
0 0.779680 0.296945 0.057104 0.057104
0 0.489731 0.227456 0.071945 0.071945
0 0.095602 0.095885 0.071945 0.071945
0 0.276566 0.565243 0.104277 0.104277
0 0.377430 0.309840 0.057104 0.057104
0 0.069179 0.567027 0.062220 0.062220
0 0.378186 0.112696 0.061131 0.061131
0 0.487598 0.879856 0.071945 0.071945
0 0.687625 0.068324 0.057104 0.057104
0 0.842792 0.244897 0.062220 0.062220
0 0.347902 0.211971 0.071945 0.071945
0 0.237357 0.272153 0.071945 0.071945
0 0.129048 0.908712 0.052757 0.052757
0 0.200239 0.977793 0.104277 0.104277
0 0.168796 0.546904 0.062220 0.062220
0 0.098999 0.207207 0.052757 0.052757
0 0.012929 0.917398 0.057104 0.057104
0 0.359502 0.960755 0.104277 0.104277
0 0.895265 0.502217 0.062220 0.062220
0 0.475021 0.129985 0.052757 0.052757
0 0.858840 0.563784 0.062220 0.062220
0 0.410850 0.375479 0.062220 0.062220
0 0.572383 0.845215 0.062220 0.062220
0 0.956036 0.095000 0.071945 0.071945
0 0.264427 0.798118 0.062220 0.062220
0 0.680535 0.235132 0.061131 0.061131
0 0.154596 0.262318 0.052757 0.052757
0 0.455414 0.559417 0.061131 0.061131
0 0.208279 0.091282 0.071945 0.071945
0 0.359258 0.596735 0.061131 0.061131
0 0.627799 0.370939 0.071945 0.071945
0 0.539264 0.068200 0.062220 0.062220
0 0.232213 0.172535 0.057104 0.057104
0 0.322242 0.674898 0.052757 0.052757
0 0.401876 0.869719 0.061131 0.061131
0 0.820992 0.490931 0.052757 0.052757
0 0.619430 0.567261 0.057104 0.057104
0 0.227209 0.474931 0.052757 0.052757
0 0.920533 0.234324 0.052757 0.052757
0 0.474355 0.408594 0.071945 0.071945
0 0.737341 0.384469 0.052757 0.052757
0 0.870513 0.915823 0.052757 0.052757
0 0.555529 0.270597 0.071945 0.071945
0 0.988386 0.175802 0.062220 0.062220
0 0.290983 0.059127 0.104277 0.104277
0 0.200293 0.700313 0.104277 0.104277
0 0.757274 0.581837 0.071945 0.071945
0 0.105862 0.504879 0.057104 0.057104
0 0.659236 0.496408 0.062220 0.062220
0 0.064391 0.269742 0.104277 0.104277
0 0.857952 0.136583 0.071945 0.071945
0 0.990691 0.291839 0.052559 0.052559
0 0.651528 0.860854 0.057104 0.057104
0 0.218810 0.855747 0.061130 0.061130
0 0.485935 0.331644 0.071945 0.071945
0 0.585331 0.934540 0.057104 0.057104
0 0.491180 0.682561 0.104277 0.104277
0 0.259569 0.928660 0.061130 0.061130
0 0.557522 0.751998 0.052757 0.052757
0 0.436550 0.970681 0.071945 0.071945
0 0.726192 0.520000 0.104277 0.104277
0 0.564677 0.617542 0.071945 0.071945
0 0.578650 0.427556 0.104277 0.104277
0 0.202476 0.613162 0.057104 0.057104
0 0.305015 0.867470 0.071945 0.071945
0 0.309582 0.273205 0.057103 0.057103
0 0.937617 0.371645 0.071945 0.071945
0 0.053198 0.654461 0.057104 0.057104
0 0.781433 0.680742 0.104277 0.104277
0 0.462299 0.059549 0.057104 0.057104
0 0.838210 0.335435 0.052757 0.052757
0 0.445079 0.741698 0.052757 0.052757
0 0.739514 0.858852 0.062220 0.062220
0 0.790906 0.184777 0.061131 0.061131
0 0.860623 0.058192 0.062220 0.062220