0 0.181808 0.807229 0.062220 0.062220
0 0.143582 0.613205 0.062220 0.062220
0 0.632970 0.330032 0.071945 0.071945
0 0.834514 0.940683 0.052757 0.052757
0 0.908091 0.298011 0.071945 0.071945
0 0.434583 0.175377 0.104277 0.104277
0 0.940219 0.413381 0.052757 0.052757
0 0.641654 0.700364 0.061130 0.061130
0 0.677368 0.086349 0.061130 0.061130
0 0.169562 0.256571 0.052757 0.052757
0 0.703781 0.808456 0.104277 0.104277
0 0.181254 0.343120 0.104277 0.104277
0 0.527718 0.596745 0.104277 0.104277
0 0.486579 0.718356 0.104277 0.104277
0 0.373095 0.760330 0.071945 0.071945
0 0.850312 0.048225 0.071945 0.071945
0 0.417436 0.020287 0.052757 0.052757
0 0.531119 0.349487 0.062220 0.062220
0 0.160987 0.169150 0.104277 0.104277
0 0.493743 0.095422 0.071945 0.071945
0 0.243344 0.100948 0.104277 0.104277
0 0.960534 0.659665 0.104277 0.104277
0 0.167511 0.070008 0.061130 0.061130
0 0.556472 0.521745 0.057104 0.057104
0 0.929020 0.167083 0.104277 0.104277
0 0.566596 0.876355 0.062220 0.062220
0 0.624819 0.504181 0.104277 0.104277
0 0.782481 0.801373 0.062220 0.062220
0 0.510172 0.445243 0.061130 0.061130
0 0.389477 0.487117 0.057104 0.057104
0 0.294452 0.247003 0.104277 0.104277
0 0.079228 0.966726 0.062220 0.062220
0 0.051005 0.386607 0.061130 0.061130
0 0.131849 0.512065 0.062220 0.062220
0 0.989502 0.105581 0.057104 0.057104
0 0.785211 0.406443 0.052757 0.052757
0 0.932219 0.037365 0.062220 0.062220
0 0.326993 0.593875 0.057104 0.057104
0 0.442969 0.623966 0.104277 0.104277
0 0.237058 0.950021 0.071945 0.071945
0 0.173738 0.420275 0.057104 0.057104
0 0.903954 0.794193 0.062220 0.062220
0 0.752428 0.593311 0.071945 0.071945
0 0.382406 0.833295 0.071945 0.071945
0 0.089934 0.207930 0.052757 0.052757
0 0.962432 0.508320 0.102474 0.102474
0 0.189655 0.878031 0.057104 0.057104
0 0.571616 0.171711 0.052757 0.052757
0 0.856768 0.500495 0.104277 0.104277
0 0.210284 0.555718 0.057104 0.057104
0 0.381640 0.094466 0.104277 0.104277
0 0.534274 0.037716 0.052757 0.052757
0 0.905171 0.965234 0.104277 0.104277
0 0.022359 0.467819 0.061130 0.061130
0 0.865592 0.234287 0.062220 0.062220
0 0.709279 0.309837 0.061131 0.061131
0 0.153499 0.957684 0.052757 0.052757
0 0.232105 0.180098 0.061130 0.061130
0 0.667672 0.238288 0.071945 0.071945
0 0.455873 0.356837 0.062220 0.062220
0 0.989818 0.962121 0.104277 0.104277
0 0.670818 0.561148 0.057104 0.057104
0 0.408514 0.697687 0.057104 0.057104
0 0.483540 0.514675 0.104277 0.104277
0 0.112804 0.849045 0.050891 0.050891
0 0.276674 0.741351 0.062220 0.062220
0 0.352201 0.208458 0.071945 0.071945
0 0.397493 0.950417 0.057104 0.057104
0 0.811422 0.867126 0.062220 0.062220
0 0.786502 0.315559 0.052757 0.052757
0 0.045455 0.774191 0.062220 0.062220
0 0.141214 0.740110 0.104277 0.104277
0 0.496048 0.275097 0.061130 0.061130
0 0.304121 0.033887 0.057104 0.057104
0 0.766173 0.965697 0.052757 0.052757
0 0.769611 0.522669 0.062220 0.062220
0 0.303062 0.869288 0.061130 0.061130
0 0.714034 0.702428 0.104277 0.104277
0 0.306586 0.464406 0.062220 0.062220
0 0.283931 0.318262 0.071945 0.071945
0 0.441485 0.784440 0.062220 0.062220
0 0.626029 0.930158 0.052757 0.052757
0 0.014402 0.847000 0.062220 0.062220
0 0.898016 0.892094 0.052757 0.052757
0 0.312640 0.972638 0.062220 0.062220
0 0.542127 0.666081 0.062220 0.062220
0 0.864128 0.129320 0.052757 0.052757
0 0.416340 0.555428 0.071945 0.071945
0 0.776175 0.181184 0.052757 0.052757
0 0.717651 0.877988 0.061131 0.061131
0 0.595712 0.247571 0.057104 0.057104
0 0.092382 0.672130 0.104277 0.104277
0 0.692976 0.628150 0.104277 0.104277
0 0.967092 0.765261 0.052757 0.052757
0 0.863197 0.407620 0.055027 0.055027
0 0.995389 0.208442 0.061131 0.061131
0 0.653888 0.436533 0.062220 0.062220
0 0.536414 0.961068 0.061130 0.061130
0 0.681632 0.979203 0.062220 0.062220
0 0.509255 0.202561 0.050559 0.050559
0 0.803477 0.700696 0.052757 0.052757
0 0.638394 0.145340 0.061130 0.061130
0 0.323657 0.676908 0.052757 0.052757
0 0.609878 0.593496 0.071945 0.071945
0 0.478407 0.864553 0.061131 0.061131
0 0.766465 0.060265 0.071945 0.071945
0 0.725927 0.449343 0.104277 0.104277
0 0.889937 0.593600 0.061130 0.061130
0 0.568428 0.793606 0.104277 0.104277
0 0.250432 0.672186 0.052757 0.052757
0 0.284104 0.537572 0.061130 0.061130
0 0.064417 0.106648 0.104277 0.104277
0 0.603817 0.012329 0.104277 0.104277
0 0.368310 0.332243 0.052757 0.052757
0 0.103701 0.276908 0.104277 0.104277