0 0.267420 0.308226 0.062220 0.062220
0 0.613058 0.647854 0.062220 0.062220
0 0.574832 0.453830 0.062220 0.062220
0 0.350734 0.761468 0.057103 0.057103
0 0.865833 0.016002 0.104277 0.104277
0 0.600812 0.097196 0.052757 0.052757
0 0.612504 0.183745 0.104277 0.104277
0 0.958968 0.437370 0.104277 0.104277
0 0.371406 0.508117 0.052757 0.052757
0 0.917829 0.558981 0.104277 0.104277
0 0.804345 0.600955 0.071945 0.071945
0 0.209749 0.363108 0.071945 0.071945
0 0.962369 0.190112 0.062220 0.062220
0 0.330597 0.592787 0.062220 0.062220
0 0.235630 0.785769 0.071945 0.071945
0 0.592237 0.009775 0.104277 0.104277
0 0.260549 0.623423 0.104277 0.104277
0 0.987722 0.362370 0.057104 0.057104
0 0.064171 0.396234 0.061130 0.061130
0 0.341037 0.314288 0.061130 0.061130
0 0.321453 0.226405 0.052757 0.052757
0 0.112599 0.692586 0.104278 0.104278
0 0.997846 0.716980 0.062220 0.062220
0 0.941422 0.285868 0.061130 0.061130
0 0.820727 0.327742 0.057104 0.057104
0 0.725702 0.087628 0.104277 0.104277
0 0.510478 0.807351 0.062220 0.062220
0 0.482255 0.227232 0.061130 0.061130
0 0.563099 0.352690 0.062220 0.062220
0 0.758243 0.434500 0.057104 0.057104
0 0.874219 0.464591 0.104277 0.104277
0 0.668308 0.790646 0.071945 0.071945
0 0.604988 0.260900 0.057104 0.057104
0 0.370324 0.690031 0.061130 0.061130
0 0.813656 0.673920 0.071945 0.071945
0 0.422786 0.462343 0.062220 0.062220
0 0.521184 0.048555 0.052757 0.052757
0 0.620905 0.718656 0.057104 0.057104
0 0.129773 0.495821 0.062220 0.062220
0 0.641534 0.396343 0.057104 0.057104
0 0.453609 0.308444 0.061130 0.061130
0 0.584749 0.798309 0.052757 0.052757
0 0.663355 0.020723 0.061130 0.061130
0 0.887123 0.197462 0.062220 0.062220
0 0.418839 0.569475 0.062220 0.062220
0 0.839764 0.538312 0.057104 0.057104
0 0.046144 0.108742 0.062220 0.062220
0 0.914790 0.355300 0.104277 0.104277
0 0.544054 0.689670 0.050891 0.050891
0 0.197476 0.195966 0.062220 0.062220
0 0.269880 0.705105 0.104277 0.104277
0 0.414496 0.184689 0.057104 0.057104
0 0.707924 0.581976 0.062220 0.062220
0 0.783451 0.049083 0.071945 0.071945
0 0.828743 0.791042 0.057104 0.057104
0 0.204650 0.527972 0.062220 0.062220
0 0.429074 0.768692 0.052757 0.052757
0 0.476705 0.614816 0.062220 0.062220
0 0.572464 0.580735 0.104277 0.104277
0 0.927298 0.115722 0.061130 0.061130
0 0.370914 0.052158 0.057104 0.057104
0 0.079912 0.289848 0.104278 0.104278
0 0.298189 0.018538 0.071945 0.071945
0 0.198550 0.283312 0.052757 0.052757
0 0.107733 0.799439 0.071945 0.071945
0 0.017121 0.805114 0.052757 0.052757
0 0.734312 0.709913 0.061130 0.061130
0 0.737836 0.305031 0.062220 0.062220
0 0.715181 0.158887 0.071945 0.071945
0 0.872735 0.625065 0.062220 0.062220
0 0.167348 0.753211 0.057104 0.057104
0 0.236774 0.098104 0.052757 0.052757
0 0.429070 0.093996 0.071945 0.071945
0 0.131453 0.337830 0.057104 0.057104
0 0.165031 0.006508 0.057104 0.057104
0 0.445652 0.687625 0.062220 0.062220
0 0.135528 0.084330 0.104277 0.104277
0 0.743890 0.813263 0.062220 0.062220
0 0.973377 0.506706 0.062220 0.062220
0 0.847590 0.396053 0.071945 0.071945
0 0.096655 0.203855 0.104277 0.104277
0 0.523632 0.512755 0.104277 0.104277
0 0.096929 0.613514 0.061131 0.061131
0 0.308599 0.128889 0.052757 0.052757
0 0.967664 0.801693 0.061130 0.061130
0 0.940505 0.043186 0.050559 0.050559
0 0.754907 0.517533 0.052757 0.052757
0 0.170266 0.628609 0.057104 0.057104
0 0.909657 0.705178 0.061131 0.061131
0 0.290874 0.421457 0.057104 0.057104
0 0.011636 0.329844 0.062220 0.062220
0 0.011810 0.257409 0.057104 0.057104
0 0.999678 0.634231 0.104277 0.104277
0 0.681682 0.512811 0.052757 0.052757
0 0.715354 0.378197 0.061130 0.061130
0 0.386835 0.397541 0.104277 0.104277
0 0.046813 0.521383 0.057104 0.057104
0 0.035464 0.665390 0.061130 0.061130
0 0.799560 0.172868 0.052757 0.052757
0 0.534951 0.117533 0.104277 0.104277