0 0.561745 0.600948 0.062220 0.062220
0 0.310737 0.903981 0.104277 0.104277
0 0.515819 0.659790 0.062220 0.062220
0 0.662393 0.636802 0.070161 0.070161
0 0.164479 0.307463 0.062220 0.062220
0 0.293113 0.628414 0.104278 0.104278
0 0.412506 0.299821 0.057104 0.057104
0 0.932307 0.727999 0.071945 0.071945
0 0.451794 0.607926 0.071945 0.071945
0 0.748100 0.666555 0.062220 0.062220
0 0.765228 0.968847 0.061131 0.061131
0 0.426214 0.376506 0.062220 0.062220
0 0.784671 0.730391 0.104277 0.104277
0 0.959866 0.382782 0.052757 0.052757
0 0.193209 0.665993 0.071945 0.071945
0 0.699130 0.576026 0.061130 0.061130
0 0.412015 0.459267 0.071945 0.071945
0 0.238882 0.949093 0.104277 0.104277
0 0.828640 0.865317 0.071945 0.071945
0 0.346319 0.398268 0.104277 0.104277
0 0.162560 0.474048 0.104277 0.104277
0 0.289781 0.510705 0.057104 0.057104
0 0.281864 0.374004 0.071945 0.071945
0 0.514529 0.980554 0.104277 0.104277
0 0.892856 0.461831 0.071945 0.071945
0 0.498727 0.330260 0.071945 0.071945
0 0.205243 0.818041 0.052757 0.052757
0 0.679691 0.799618 0.104277 0.104277
0 0.780555 0.544215 0.057104 0.057104
0 0.472304 0.801402 0.062220 0.062220
0 0.781311 0.347071 0.061131 0.061131
0 0.058054 0.743619 0.062220 0.062220
0 0.080155 0.382753 0.104277 0.104277
0 0.751027 0.446346 0.071945 0.071945
0 0.640482 0.506528 0.071945 0.071945
0 0.571921 0.781279 0.062220 0.062220
0 0.003512 0.859510 0.061130 0.061130
0 0.502124 0.441582 0.052757 0.052757
0 0.379446 0.704406 0.071945 0.071945
0 0.370112 0.940190 0.052757 0.052757
0 0.878146 0.364360 0.052757 0.052757
0 0.813975 0.609854 0.062220 0.062220
0 0.013271 0.520599 0.104277 0.104277
0 0.084375 0.470188 0.057104 0.057104
0 0.070923 0.828101 0.061130 0.061130
0 0.557721 0.496693 0.052757 0.052757
0 0.858539 0.793792 0.061131 0.061131
0 0.611404 0.325657 0.071945 0.071945
0 0.149037 0.767500 0.071945 0.071945
0 0.762383 0.831110 0.061131 0.061131
0 0.110951 0.546860 0.104277 0.104277
0 0.942389 0.302575 0.062220 0.062220
0 0.635338 0.406910 0.057104 0.057104
0 0.007464 0.617989 0.057104 0.057104
0 0.088024 0.940152 0.057104 0.057104
0 0.251848 0.449604 0.062220 0.062220
0 0.321876 0.280184 0.104277 0.104277
0 0.725367 0.909273 0.052757 0.052757
0 0.630334 0.709306 0.052757 0.052757
0 0.877480 0.642969 0.071945 0.071945
0 0.958654 0.504972 0.071945 0.071945
0 0.694108 0.293502 0.104277 0.104277
0 0.603418 0.934688 0.104277 0.104277
0 0.325787 0.834591 0.104277 0.104277
0 0.288488 0.705491 0.052757 0.052757
0 0.508987 0.739254 0.057104 0.057104
0 0.391372 0.863680 0.071945 0.071945
0 0.467516 0.504117 0.104277 0.104277
0 0.889060 0.566019 0.071945 0.071945
0 0.385509 0.626184 0.056505 0.056505
0 0.894305 0.916936 0.104277 0.104277
0 0.024528 0.987830 0.062220 0.062220
0 0.960647 0.986373 0.052757 0.052757
0 0.967802 0.851917 0.071945 0.071945
0 0.981775 0.661931 0.104277 0.104277
0 0.605601 0.847537 0.057104 0.057104
0 0.379806 0.557495 0.061130 0.061130
0 0.712707 0.507580 0.057103 0.057103
0 0.456323 0.888836 0.057104 0.057104
0 0.179360 0.581297 0.062220 0.062220
0 0.089911 0.287240 0.062220 0.062220
0 0.116623 0.701716 0.057104 0.057104
0 0.143802 0.997345 0.057104 0.057104
0 0.196636 0.368547 0.061130 0.061130
0 0.865424 0.293924 0.057104 0.057104
0 0.848204 0.976073 0.052757 0.052757