0 0.918505 0.231742 0.071945 0.071945
0 0.713682 0.735161 0.104277 0.104277
0 0.903784 0.699689 0.104277 0.104277
0 0.947973 0.895937 0.057104 0.057104
0 0.817239 0.346019 0.062220 0.062220
0 0.950217 0.343966 0.057104 0.057104
0 0.983028 0.269274 0.052757 0.052757
0 0.866814 0.609446 0.057104 0.057104
0 0.794974 0.460929 0.104277 0.104277
0 0.777277 0.812825 0.104277 0.104277
0 0.582918 0.999589 0.052757 0.052757
0 0.780168 0.651405 0.061131 0.061131
0 0.080495 0.000948 0.062220 0.062220
0 0.789976 0.275312 0.052757 0.052757
0 0.026598 0.961228 0.071945 0.071945
0 0.663384 0.574938 0.071945 0.071945
0 0.880393 0.475217 0.062220 0.062220
0 0.716272 0.870480 0.062220 0.062220
0 0.554098 0.937028 0.057104 0.057104
0 0.550945 0.776203 0.052757 0.052757
0 0.662099 0.914466 0.061130 0.061130
0 0.938550 0.596468 0.071945 0.071945
0 0.034569 0.059790 0.062220 0.062220
0 0.376968 0.763506 0.061131 0.061131
0 0.181143 0.036802 0.070161 0.070161
0 0.882135 0.295622 0.071945 0.071945
0 0.062350 0.464127 0.057104 0.057104
0 0.966237 0.973284 0.071945 0.071945
0 0.871962 0.787275 0.061130 0.061130
0 0.312094 0.684813 0.062220 0.062220
0 0.605028 0.871489 0.061131 0.061131
0 0.654255 0.804942 0.057104 0.057104
0 0.451057 0.127999 0.071945 0.071945
0 0.732456 0.035375 0.061130 0.061130
0 0.266850 0.066555 0.062220 0.062220
0 0.721169 0.398747 0.071945 0.071945
0 0.283978 0.368847 0.061131 0.061131
0 0.571618 0.279898 0.061130 0.061130
0 0.596631 0.398773 0.104277 0.104277
0 0.303421 0.130391 0.104277 0.104277
0 0.000115 0.619258 0.057104 0.057104
0 0.347390 0.265317 0.071945 0.071945
0 0.720547 0.530450 0.104277 0.104277
0 0.118704 0.901360 0.061130 0.061130
0 0.877749 0.862150 0.061130 0.061130
0 0.033279 0.380554 0.104277 0.104277
0 0.198441 0.199618 0.104277 0.104277
0 0.961986 0.043654 0.057104 0.057104
0 0.409473 0.514231 0.071945 0.071945
0 0.390841 0.965650 0.104277 0.104277
0 0.002533 0.713758 0.057104 0.057104
0 0.010394 0.881046 0.057104 0.057104
0 0.050923 0.543087 0.052757 0.052757
0 0.122114 0.612168 0.104277 0.104277
0 0.090671 0.181279 0.062220 0.062220
0 0.423281 0.648645 0.061131 0.061131
0 0.063582 0.814145 0.104277 0.104277
0 0.198891 0.697342 0.061130 0.061130
0 0.281377 0.595130 0.104277 0.104277
0 0.817140 0.136592 0.062220 0.062220
0 0.780715 0.198159 0.062220 0.062220
0 0.332725 0.009854 0.062220 0.062220
0 0.494258 0.479590 0.062220 0.062220
0 0.186302 0.432493 0.062220 0.062220
0 0.512820 0.719024 0.057104 0.057104
0 0.377289 0.193792 0.061131 0.061131
0 0.276069 0.773456 0.062220 0.062220
0 0.281133 0.231110 0.061131 0.061131
0 0.549674 0.005314 0.071945 0.071945
0 0.636306 0.677648 0.071945 0.071945
0 0.079246 0.687866 0.061130 0.061130
0 0.240834 0.837074 0.104278 0.104278
0 0.244117 0.309273 0.052757 0.052757
0 0.323751 0.504094 0.061131 0.061131
0 0.742867 0.125306 0.052757 0.052757
0 0.541305 0.201636 0.057104 0.057104
0 0.149084 0.109306 0.052757 0.052757
0 0.490977 0.901245 0.062220 0.062220
0 0.396230 0.042969 0.071945 0.071945
0 0.935018 0.526312 0.057104 0.057104
0 0.659216 0.018844 0.052757 0.052757
0 0.792388 0.550198 0.052757 0.052757
0 0.297852 0.902985 0.062220 0.062220
0 0.122168 0.334688 0.104277 0.104277
0 0.542438 0.652072 0.052757 0.052757
0 0.329772 0.835356 0.071945 0.071945
0 0.679149 0.216212 0.071945 0.071945
0 0.027737 0.139254 0.057104 0.057104
0 0.581111 0.130783 0.062220 0.062220
0 0.573403 0.495229 0.057104 0.057104
0 0.816383 0.983652 0.057104 0.057104
0 0.140685 0.490122 0.061130 0.061130
0 0.175411 0.795154 0.104277 0.104277
0 0.955240 0.162571 0.062220 0.062220
0 0.507206 0.568915 0.057104 0.057104
0 0.413055 0.316936 0.104277 0.104277
0 0.369973 0.892282 0.052757 0.052757
0 0.181444 0.563035 0.061130 0.061130
0 0.479397 0.386373 0.052757 0.052757
0 0.358425 0.605056 0.071945 0.071945
0 0.648067 0.154375 0.104277 0.104277
0 0.486552 0.251917 0.071945 0.071945
0 0.807788 0.909953 0.104277 0.104277
0 0.500525 0.061931 0.104277 0.104277
0 0.124351 0.247537 0.057104 0.057104
0 0.226890 0.501845 0.071945 0.071945
0 0.859492 0.006020 0.071945 0.071945
0 0.703308 0.315117 0.104277 0.104277
0 0.877121 0.937548 0.104277 0.104277
0 0.366954 0.376073 0.052757 0.052757
0 0.661389 0.493227 0.062220 0.062220
0 0.458782 0.778665 0.061131 0.061131