0 0.223670 0.233226 0.062220 0.062220
0 0.569308 0.572854 0.062220 0.062220
0 0.531082 0.378830 0.062220 0.062220
0 0.306984 0.686468 0.057103 0.057103
0 0.557062 0.022196 0.052757 0.052757
0 0.568754 0.108745 0.104277 0.104277
0 0.915218 0.362370 0.104277 0.104277
0 0.327656 0.433117 0.052757 0.052757
0 0.874079 0.483981 0.104277 0.104277
0 0.760595 0.525955 0.071945 0.071945
0 0.165999 0.288108 0.071945 0.071945
0 0.918619 0.115112 0.062220 0.062220
0 0.286847 0.517787 0.062220 0.062220
0 0.191880 0.710769 0.071945 0.071945
0 0.216799 0.548423 0.104277 0.104277
0 0.943972 0.287370 0.057104 0.057104
0 0.020421 0.321234 0.061130 0.061130
0 0.297287 0.239288 0.061130 0.061130
0 0.277703 0.151405 0.052757 0.052757
0 0.068849 0.617586 0.104278 0.104278
0 0.954096 0.641980 0.062220 0.062220
0 0.897672 0.210868 0.061130 0.061130
0 0.776977 0.252742 0.057104 0.057104
0 0.681952 0.012628 0.104277 0.104277
0 0.466728 0.732351 0.062220 0.062220
0 0.438505 0.152232 0.061130 0.061130
0 0.519349 0.277690 0.062220 0.062220
0 0.714493 0.359500 0.057104 0.057104
0 0.830469 0.389591 0.104277 0.104277
0 0.624558 0.715646 0.071945 0.071945
0 0.561238 0.185900 0.057104 0.057104
0 0.326574 0.615031 0.061130 0.061130
0 0.769906 0.598920 0.071945 0.071945
0 0.379036 0.387343 0.062220 0.062220
0 0.577155 0.643656 0.057104 0.057104
0 0.086023 0.420821 0.062220 0.062220
0 0.597784 0.321343 0.057104 0.057104
0 0.409859 0.233444 0.061130 0.061130
0 0.540999 0.723309 0.052757 0.052757
0 0.843373 0.122462 0.062220 0.062220
0 0.375089 0.494475 0.062220 0.062220
0 0.796014 0.463312 0.057104 0.057104
0 0.002394 0.033742 0.062220 0.062220
0 0.871040 0.280300 0.104277 0.104277
0 0.500304 0.614670 0.050891 0.050891
0 0.153726 0.120966 0.062220 0.062220
0 0.226130 0.630105 0.104277 0.104277
0 0.370746 0.109689 0.057104 0.057104
0 0.664174 0.506976 0.062220 0.062220
0 0.784993 0.716042 0.057104 0.057104
0 0.160900 0.452972 0.062220 0.062220
0 0.385324 0.693692 0.052757 0.052757
0 0.432955 0.539816 0.062220 0.062220
0 0.528714 0.505735 0.104277 0.104277
0 0.883548 0.040722 0.061130 0.061130
0 0.036162 0.214848 0.104278 0.104278
0 0.154800 0.208312 0.052757 0.052757
0 0.063983 0.724439 0.071945 0.071945
0 0.690562 0.634913 0.061130 0.061130
0 0.694086 0.230031 0.062220 0.062220
0 0.671431 0.083887 0.071945 0.071945
0 0.828985 0.550065 0.062220 0.062220
0 0.123598 0.678211 0.057104 0.057104
0 0.193024 0.023104 0.052757 0.052757
0 0.385320 0.018996 0.071945 0.071945
0 0.087703 0.262830 0.057104 0.057104
0 0.401902 0.612625 0.062220 0.062220
0 0.091778 0.009330 0.104277 0.104277
0 0.700140 0.738263 0.062220 0.062220
0 0.929627 0.431706 0.062220 0.062220
0 0.803840 0.321053 0.071945 0.071945
0 0.983212 0.013196 0.057104 0.057104
0 0.052905 0.128855 0.104277 0.104277
0 0.479882 0.437755 0.104277 0.104277
0 0.053179 0.538514 0.061131 0.061131
0 0.264849 0.053889 0.052757 0.052757
0 0.923914 0.726693 0.061130 0.061130
0 0.711157 0.442533 0.052757 0.052757
0 0.997378 0.359121 0.071945 0.071945
0 0.126516 0.553609 0.057104 0.057104
0 0.865907 0.630178 0.061131 0.061131
0 0.247124 0.346457 0.057104 0.057104
0 0.955928 0.559231 0.104277 0.104277
0 0.637932 0.437811 0.052757 0.052757
0 0.671604 0.303197 0.061130 0.061130
0 0.343085 0.322541 0.104277 0.104277
0 0.003063 0.446383 0.057104 0.057104
0 0.755810 0.097868 0.052757 0.052757
0 0.491201 0.042533 0.104277 0.104277