0 0.715380 0.209867 0.071945 0.071945
0 0.510557 0.713286 0.104277 0.104277
0 0.700659 0.677814 0.104277 0.104277
0 0.744848 0.874062 0.057104 0.057104
0 0.614114 0.324144 0.062220 0.062220
0 0.747092 0.322091 0.057104 0.057104
0 0.837233 0.835941 0.104277 0.104277
0 0.779903 0.247399 0.052757 0.052757
0 0.663689 0.587571 0.057104 0.057104
0 0.591849 0.439054 0.104277 0.104277
0 0.574152 0.790950 0.104277 0.104277
0 0.379793 0.977714 0.052757 0.052757
0 0.577043 0.629530 0.061131 0.061131
0 0.586851 0.253437 0.052757 0.052757
0 0.460259 0.553063 0.071945 0.071945
0 0.677268 0.453342 0.062220 0.062220
0 0.513147 0.848605 0.062220 0.062220
0 0.350973 0.915153 0.057104 0.057104
0 0.347820 0.754328 0.052757 0.052757
0 0.458974 0.892591 0.061130 0.061130
0 0.735425 0.574593 0.071945 0.071945
0 0.817222 0.345134 0.071945 0.071945
0 0.173843 0.741631 0.061131 0.061131
0 0.679010 0.273747 0.071945 0.071945
0 0.763112 0.951409 0.071945 0.071945
0 0.668837 0.765400 0.061130 0.061130
0 0.108969 0.662938 0.062220 0.062220
0 0.847523 0.108483 0.061131 0.061131
0 0.401903 0.849614 0.061131 0.061131
0 0.451130 0.783067 0.057104 0.057104
0 0.866157 0.283347 0.071945 0.071945
0 0.247932 0.106124 0.071945 0.071945
0 0.529331 0.013500 0.061130 0.061130
0 0.063725 0.044680 0.062220 0.062220
0 0.518044 0.376872 0.071945 0.071945
0 0.080853 0.346972 0.061131 0.061131
0 0.368493 0.258023 0.061130 0.061130
0 0.878723 0.206710 0.071945 0.071945
0 0.393506 0.376898 0.104277 0.104277
0 0.100296 0.108516 0.104277 0.104277
0 0.861535 0.704977 0.057104 0.057104
0 0.144265 0.243442 0.071945 0.071945
0 0.517422 0.508575 0.104277 0.104277
0 0.809510 0.452275 0.104278 0.104278
0 0.674624 0.840275 0.061130 0.061130
0 0.758861 0.021779 0.057104 0.057104
0 0.206348 0.492356 0.071945 0.071945
0 0.187716 0.943775 0.104277 0.104277
0 0.220156 0.626770 0.061131 0.061131
0 0.078252 0.573255 0.104277 0.104277
0 0.614015 0.114717 0.062220 0.062220
0 0.577590 0.176284 0.062220 0.062220
0 0.291133 0.457715 0.062220 0.062220
0 0.813867 0.758979 0.052757 0.052757
0 0.309695 0.697149 0.057104 0.057104
0 0.174164 0.171917 0.061131 0.061131
0 0.470298 0.998116 0.071945 0.071945
0 0.080177 0.981244 0.052757 0.052757
0 0.072944 0.751581 0.062220 0.062220
0 0.078008 0.209235 0.061131 0.061131
0 0.433181 0.655773 0.071945 0.071945
0 0.037709 0.815199 0.104278 0.104278
0 0.040992 0.287398 0.052757 0.052757
0 0.120626 0.482219 0.061131 0.061131
0 0.539742 0.103431 0.052757 0.052757
0 0.338180 0.179761 0.057104 0.057104
0 0.287852 0.879370 0.062220 0.062220
0 0.193105 0.021094 0.071945 0.071945
0 0.850953 0.534317 0.057104 0.057104
0 0.731893 0.504437 0.057104 0.057104
0 0.589263 0.528323 0.052757 0.052757
0 0.094727 0.881110 0.062220 0.062220
0 0.339313 0.630197 0.052757 0.052757
0 0.126647 0.813481 0.071945 0.071945
0 0.858671 0.929548 0.104277 0.104277
0 0.476024 0.194337 0.071945 0.071945
0 0.377986 0.108908 0.062220 0.062220
0 0.370278 0.473354 0.057104 0.057104
0 0.613258 0.961777 0.057104 0.057104
0 0.752115 0.140696 0.062220 0.062220
0 0.304081 0.547040 0.057104 0.057104
0 0.209930 0.295061 0.104277 0.104277
0 0.166848 0.870407 0.052757 0.052757
0 0.276272 0.364498 0.052757 0.052757
0 0.155300 0.583181 0.071945 0.071945
0 0.444942 0.132500 0.104277 0.104277
0 0.283427 0.230042 0.071945 0.071945
0 0.604663 0.888078 0.104277 0.104277
0 0.297400 0.040056 0.104277 0.104277
0 0.831655 0.637782 0.061130 0.061130
0 0.023765 0.479970 0.071945 0.071945
0 0.812244 0.174924 0.104278 0.104278
0 0.500183 0.293242 0.104277 0.104277
0 0.673996 0.915673 0.104277 0.104277
0 0.163829 0.354198 0.052757 0.052757
0 0.458264 0.471352 0.062220 0.062220
0 0.255657 0.756790 0.061131 0.061131