0 0.387717 0.252602 0.104277 0.104277
0 0.344169 0.040611 0.061130 0.061130
0 0.060177 0.460130 0.104278 0.104278
0 0.747114 0.002320 0.052757 0.052757
0 0.538007 0.250278 0.062220 0.062220
0 0.569654 0.002360 0.104277 0.104277
0 0.244940 0.002509 0.052757 0.052757
0 0.869719 0.760207 0.071945 0.071945
0 0.115833 0.897252 0.104277 0.104277
0 0.178321 0.621478 0.052757 0.052757
0 0.647518 0.048885 0.071945 0.071945
0 0.358618 0.808224 0.061130 0.061130
0 0.764896 0.933201 0.104277 0.104277
0 0.901265 0.240753 0.047276 0.047276
0 0.791619 0.547354 0.062220 0.062220
0 0.077615 0.570935 0.052757 0.052757
0 0.531562 0.770100 0.071945 0.071945
0 0.098686 0.742162 0.052757 0.052757
0 0.381841 0.167417 0.057104 0.057104
0 0.174993 0.817297 0.071945 0.071945
0 0.417703 0.354053 0.051819 0.051819
0 0.063869 0.030608 0.104277 0.104277
0 0.597851 0.297766 0.052757 0.052757
0 0.310409 0.642854 0.104277 0.104277
0 0.610270 0.888958 0.104277 0.104277
0 0.728049 0.700151 0.071945 0.071945
0 0.659127 0.246281 0.057103 0.057103
0 0.732796 0.631705 0.062220 0.062220
0 0.670752 0.827456 0.057104 0.057104
0 0.613469 0.759240 0.062220 0.062220
0 0.574743 0.085614 0.036679 0.036679
0 0.010023 0.371568 0.052757 0.052757
0 0.693781 0.363621 0.104277 0.104277
0 0.408505 0.016225 0.057104 0.057104
0 0.493544 0.424397 0.104277 0.104277
0 0.799118 0.731933 0.061130 0.061130
0 0.488681 0.351104 0.071945 0.071945
0 0.885273 0.346678 0.071945 0.071945
0 0.252866 0.893586 0.052757 0.052757
0 0.195152 0.363813 0.052757 0.052757
0 0.791112 0.378489 0.061131 0.061131
0 0.062890 0.816341 0.104277 0.104277
0 0.010187 0.677987 0.057104 0.057104
0 0.215524 0.759591 0.052757 0.052757
0 0.907151 0.129751 0.057104 0.057104
0 0.409999 0.511026 0.054783 0.054783
0 0.714926 0.071769 0.062220 0.062220
0 0.546842 0.956162 0.062220 0.062220
0 0.577551 0.444938 0.057103 0.057103
0 0.348922 0.960163 0.071945 0.071945
0 0.378101 0.623192 0.071945 0.071945
0 0.378361 0.694016 0.061130 0.061130
0 0.161225 0.284444 0.071945 0.071945
0 0.671857 0.511759 0.061131 0.061131
0 0.258381 0.519694 0.057104 0.057104
0 0.623035 0.379640 0.061131 0.061131
0 0.033451 0.930333 0.071945 0.071945
0 0.833364 0.989107 0.045227 0.045227
0 0.045259 0.153697 0.061130 0.061130
0 0.888606 0.472182 0.071945 0.071945
0 0.893988 0.610707 0.104278 0.104278
0 0.823589 0.232620 0.062220 0.062220
0 0.177298 0.996972 0.061130 0.061130
0 0.272576 0.397820 0.052757 0.052757
0 0.889029 0.892902 0.061130 0.061130
0 0.130325 0.110493 0.104277 0.104277
0 0.293730 0.208366 0.071945 0.071945
0 0.825193 0.445285 0.104278 0.104278
0 0.502514 0.611684 0.052757 0.052757
0 0.798173 0.087693 0.104277 0.104277
0 0.084118 0.354620 0.057104 0.057104
0 0.183719 0.432236 0.062220 0.062220
0 0.748546 0.484864 0.062220 0.062220
0 0.180886 0.159030 0.104277 0.104277
0 0.159791 0.046340 0.052757 0.052757
0 0.190191 0.690901 0.104277 0.104277
0 0.545378 0.851195 0.052757 0.052757
0 0.466707 0.086028 0.062220 0.062220
0 0.457425 0.903059 0.052757 0.052757
0 0.276962 0.969446 0.057104 0.057104
0 0.130022 0.488325 0.104277 0.104277
0 0.608918 0.168724 0.104277 0.104277
0 0.284855 0.292282 0.057104 0.057104
0 0.747435 0.836599 0.061131 0.061131
0 0.653072 0.700862 0.057104 0.057104
0 0.672107 0.435363 0.071945 0.071945
0 0.522370 0.133946 0.071945 0.071945
0 0.240724 0.115090 0.052757 0.052757
0 0.095030 0.266537 0.057104 0.057104
0 0.486359 0.497775 0.104277 0.104277
0 0.676639 0.930317 0.061131 0.061131
0 0.190505 0.924436 0.050559 0.050559
0 0.663265 0.124093 0.061131 0.061131
0 0.319644 0.867215 0.061130 0.061130
0 0.448915 0.687587 0.071945 0.071945
0 0.550902 0.541973 0.057104 0.057104
0 0.590948 0.599111 0.104277 0.104277
0 0.092147 0.659992 0.061131 0.061131
0 0.447715 0.782140 0.071945 0.071945
0 0.396440 0.443072 0.052757 0.052757
0 0.323877 0.477299 0.104277 0.104277
0 0.834558 0.850093 0.052757 0.052757
0 0.014159 0.530044 0.071945 0.071945
0 0.755933 0.161090 0.071945 0.071945
0 0.254360 0.596264 0.071945 0.071945
0 0.560624 0.690715 0.104277 0.104277
0 0.285067 0.734204 0.104277 0.104277
0 0.836833 0.656260 0.061131 0.061131
0 0.459326 0.213845 0.057104 0.057104
0 0.729077 0.296576 0.061131 0.061131