0 0.479410 0.930177 0.062220 0.062220
0 0.649245 0.091573 0.062220 0.062220
0 0.398237 0.394606 0.104277 0.104277
0 0.426295 0.804562 0.057103 0.057103
0 0.059895 0.777848 0.104277 0.104277
0 0.197641 0.850207 0.052757 0.052757
0 0.603319 0.150415 0.062220 0.062220
0 0.945718 0.854131 0.061131 0.061131
0 0.749893 0.127427 0.070161 0.070161
0 0.380613 0.119039 0.104278 0.104278
0 0.631100 0.554752 0.057104 0.057104
0 0.880844 0.775438 0.062220 0.062220
0 0.358415 0.626700 0.104277 0.104277
0 0.539294 0.098551 0.071945 0.071945
0 0.835600 0.157180 0.062220 0.062220
0 0.852728 0.459472 0.061131 0.061131
0 0.167176 0.559759 0.104277 0.104277
0 0.060753 0.173923 0.104277 0.104277
0 0.021759 0.068917 0.071945 0.071945
0 0.872171 0.221016 0.104277 0.104277
0 0.280709 0.156618 0.071945 0.071945
0 0.786630 0.066651 0.061130 0.061130
0 0.377812 0.490849 0.057104 0.057104
0 0.025011 0.581590 0.062220 0.062220
0 0.036676 0.471812 0.062220 0.062220
0 0.568865 0.709883 0.057104 0.057104
0 0.326382 0.439718 0.104277 0.104277
0 0.916140 0.355942 0.071945 0.071945
0 0.098321 0.618111 0.062220 0.062220
0 0.687454 0.991985 0.061130 0.061130
0 0.377281 0.001330 0.057104 0.057104
0 0.602029 0.471179 0.104277 0.104277
0 0.488888 0.752318 0.052757 0.052757
0 0.292743 0.308666 0.052757 0.052757
0 0.767191 0.290243 0.104277 0.104277
0 0.868055 0.034840 0.057104 0.057104
0 0.559804 0.292027 0.062220 0.062220
0 0.242063 0.775660 0.062220 0.062220
0 0.978223 0.604856 0.071945 0.071945
0 0.145554 0.234244 0.062220 0.062220
0 0.414129 0.555348 0.057104 0.057104
0 0.571283 0.804383 0.057104 0.057104
0 0.337428 0.969924 0.057104 0.057104
0 0.579144 0.971671 0.057104 0.057104
0 0.619673 0.633712 0.052757 0.052757
0 0.690864 0.702793 0.104277 0.104277
0 0.659421 0.271904 0.062220 0.062220
0 0.091012 0.350135 0.061130 0.061130
0 0.030328 0.916111 0.062220 0.062220
0 0.252267 0.979307 0.052757 0.052757
0 0.992031 0.739270 0.061131 0.061131
0 0.446968 0.991277 0.052757 0.052757
0 0.263879 0.910598 0.061130 0.061130
0 0.466946 0.195031 0.071945 0.071945
0 0.632332 0.904770 0.104277 0.104277
0 0.767641 0.787967 0.061130 0.061130
0 0.457612 0.430815 0.052757 0.052757
0 0.503554 0.642398 0.057104 0.057104
0 0.332833 0.825416 0.071945 0.071945
0 0.850127 0.685755 0.104277 0.104277
0 0.901475 0.100479 0.062220 0.062220
0 0.100771 0.011224 0.104277 0.104277
0 0.755052 0.523118 0.062220 0.062220
0 0.158423 0.318726 0.061130 0.061130
0 0.027597 0.297984 0.061130 0.061130
0 0.315632 0.566566 0.052757 0.052757
0 0.946039 0.284417 0.061131 0.061131
0 0.844819 0.864081 0.062220 0.062220
0 0.236537 0.258125 0.071945 0.071945
0 0.849883 0.321735 0.061131 0.061131
0 0.198451 0.037485 0.104277 0.104277
0 0.111994 0.687767 0.057104 0.057104
0 0.094964 0.108614 0.057104 0.057104
0 0.647996 0.778491 0.061130 0.061130
0 0.175524 0.430777 0.057104 0.057104
0 0.809584 0.927699 0.104278 0.104278
0 0.812867 0.399898 0.052757 0.052757
0 0.892501 0.594719 0.061131 0.061131
0 0.190030 0.938743 0.061130 0.061130
0 0.717834 0.199931 0.052757 0.052757
0 0.156642 0.775929 0.062220 0.062220
0 0.964980 0.133594 0.071945 0.071945
0 0.866602 0.993610 0.062220 0.062220
0 0.690918 0.425313 0.104277 0.104277
0 0.469436 0.505300 0.061130 0.061130
0 0.413287 0.325216 0.104277 0.104277
0 0.375988 0.196116 0.052757 0.052757
0 0.898522 0.925981 0.071945 0.071945
0 0.180047 0.697994 0.057104 0.057104
0 0.596487 0.229879 0.057104 0.057104
0 0.478872 0.354305 0.071945 0.071945
0 0.038415 0.705343 0.052757 0.052757
0 0.709435 0.580747 0.061130 0.061130
0 0.545745 0.889093 0.057104 0.057104
0 0.976560 0.056644 0.071945 0.071945
0 0.744161 0.885779 0.104277 0.104277
0 0.473009 0.116809 0.056505 0.056505
0 0.420503 0.879442 0.104277 0.104277
0 0.981805 0.407561 0.104277 0.104277
0 0.938723 0.982907 0.052757 0.052757
0 0.750194 0.653660 0.061130 0.061130
0 0.112028 0.478455 0.062220 0.062220
0 0.927175 0.695681 0.071945 0.071945
0 0.693101 0.338162 0.057104 0.057104
0 0.467306 0.048120 0.061130 0.061130
0 0.444630 0.684519 0.062220 0.062220
0 0.795640 0.592470 0.071945 0.071945
0 0.073962 0.853315 0.071945 0.071945
0 0.543823 0.379461 0.057104 0.057104
0 0.266860 0.071922 0.062220 0.062220
0 0.225900 0.607675 0.104277 0.104277
0 0.204123 0.192341 0.057104 0.057104
0 0.344441 0.743374 0.052757 0.052757
0 0.231302 0.487970 0.057104 0.057104
0 0.291692 0.668831 0.062220 0.062220
0 0.935704 0.466698 0.052757 0.052757
0 0.110834 0.976440 0.062220 0.062220