0 0.417995 0.588448 0.062220 0.062220
0 0.166987 0.891481 0.104277 0.104277
0 0.966993 0.366587 0.052757 0.052757
0 0.372069 0.647290 0.062220 0.062220
0 0.518643 0.624302 0.070161 0.070161
0 0.020729 0.294963 0.062220 0.062220
0 0.149363 0.615914 0.104278 0.104278
0 0.872017 0.282895 0.062220 0.062220
0 0.268756 0.287321 0.057104 0.057104
0 0.788557 0.715499 0.071945 0.071945
0 0.886216 0.402877 0.062220 0.062220
0 0.308044 0.595426 0.071945 0.071945
0 0.604350 0.654055 0.062220 0.062220
0 0.621478 0.956347 0.061131 0.061131
0 0.909118 0.867398 0.061130 0.061130
0 0.282464 0.364006 0.062220 0.062220
0 0.934131 0.986273 0.104277 0.104277
0 0.640921 0.717891 0.104277 0.104277
0 0.816116 0.370282 0.052757 0.052757
0 0.049459 0.653493 0.071945 0.071945
0 0.555380 0.563526 0.061130 0.061130
0 0.146562 0.987724 0.057104 0.057104
0 0.268265 0.446767 0.071945 0.071945
0 0.095132 0.936593 0.104277 0.104277
0 0.684890 0.852817 0.071945 0.071945
0 0.202569 0.385768 0.104277 0.104277
0 0.018810 0.461548 0.104277 0.104277
0 0.146031 0.498205 0.057104 0.057104
0 0.138114 0.361504 0.071945 0.071945
0 0.942501 0.539719 0.061130 0.061130
0 0.370779 0.968054 0.104277 0.104277
0 0.749106 0.449331 0.071945 0.071945
0 0.354977 0.317760 0.071945 0.071945
0 0.061493 0.805541 0.052757 0.052757
0 0.535941 0.787118 0.104277 0.104277
0 0.636805 0.531715 0.057104 0.057104
0 0.328554 0.788902 0.062220 0.062220
0 0.637561 0.334571 0.061131 0.061131
0 0.947000 0.290199 0.057104 0.057104
0 0.607277 0.433846 0.071945 0.071945
0 0.496732 0.494028 0.071945 0.071945
0 0.428171 0.768779 0.062220 0.062220
0 0.358374 0.429082 0.052757 0.052757
0 0.235696 0.691906 0.071945 0.071945
0 0.226362 0.927690 0.052757 0.052757
0 0.734396 0.351860 0.052757 0.052757
0 0.670225 0.597354 0.062220 0.062220
0 0.939910 0.457007 0.061131 0.061131
0 0.413971 0.484193 0.052757 0.052757
0 0.714789 0.781292 0.061131 0.061131
0 0.467654 0.313157 0.071945 0.071945
0 0.005287 0.755000 0.071945 0.071945
0 0.618633 0.818610 0.061131 0.061131
0 0.887174 0.592814 0.071945 0.071945
0 0.798639 0.290075 0.062220 0.062220
0 0.491588 0.394410 0.057104 0.057104
0 0.108098 0.437104 0.062220 0.062220
0 0.178126 0.267684 0.104277 0.104277
0 0.581617 0.896773 0.052757 0.052757
0 0.878805 0.789136 0.057104 0.057104
0 0.486584 0.696806 0.052757 0.052757
0 0.733730 0.630469 0.071945 0.071945
0 0.996716 0.606344 0.052757 0.052757
0 0.814904 0.492472 0.071945 0.071945
0 0.550358 0.281002 0.104277 0.104277
0 0.459668 0.922188 0.104277 0.104277
0 0.182037 0.822091 0.104277 0.104277
0 0.144738 0.692991 0.052757 0.052757
0 0.365237 0.726754 0.057104 0.057104
0 0.918611 0.718283 0.062220 0.062220
0 0.247622 0.851180 0.071945 0.071945
0 0.323766 0.491617 0.104277 0.104277
0 0.745310 0.553519 0.071945 0.071945
0 0.241759 0.613684 0.056505 0.056505
0 0.750555 0.904436 0.104277 0.104277
0 0.816897 0.973873 0.052757 0.052757
0 0.985567 0.741875 0.104277 0.104277
0 0.824052 0.839417 0.071945 0.071945
0 0.838025 0.649431 0.104277 0.104277
0 0.461851 0.835037 0.057104 0.057104
0 0.236056 0.544995 0.061130 0.061130
0 0.568957 0.495080 0.057103 0.057103
0 0.312573 0.876336 0.057104 0.057104
0 0.035610 0.568797 0.062220 0.062220
0 0.000052 0.984845 0.057104 0.057104
0 0.052886 0.356047 0.061130 0.061130
0 0.721674 0.281424 0.057104 0.057104
0 0.704454 0.963573 0.052757 0.052757