0 0.689870 0.457198 0.062220 0.062220
0 0.438862 0.760231 0.104277 0.104277
0 0.643944 0.516040 0.062220 0.062220
0 0.790518 0.493052 0.070161 0.070161
0 0.292604 0.163713 0.062220 0.062220
0 0.421238 0.484664 0.104278 0.104278
0 0.671725 0.920377 0.057104 0.057104
0 0.540631 0.156071 0.057104 0.057104
0 0.087959 0.299271 0.062220 0.062220
0 0.399040 0.992325 0.104277 0.104277
0 0.579919 0.464176 0.071945 0.071945
0 0.876225 0.522805 0.062220 0.062220
0 0.893353 0.825097 0.061131 0.061131
0 0.554339 0.232756 0.062220 0.062220
0 0.207801 0.925384 0.104277 0.104277
0 0.101378 0.539548 0.104277 0.104277
0 0.062384 0.434542 0.071945 0.071945
0 0.912796 0.586641 0.104277 0.104277
0 0.321334 0.522243 0.071945 0.071945
0 0.827255 0.432276 0.061130 0.061130
0 0.418437 0.856474 0.057104 0.057104
0 0.065636 0.947215 0.062220 0.062220
0 0.540140 0.315517 0.071945 0.071945
0 0.077301 0.837437 0.062220 0.062220
0 0.367007 0.805343 0.104277 0.104277
0 0.956765 0.721567 0.071945 0.071945
0 0.138946 0.983736 0.062220 0.062220
0 0.474444 0.254518 0.104277 0.104277
0 0.290685 0.330298 0.104277 0.104277
0 0.417906 0.366955 0.057104 0.057104
0 0.409989 0.230254 0.071945 0.071945
0 0.642654 0.836804 0.104277 0.104277
0 0.626852 0.186510 0.071945 0.071945
0 0.333368 0.674291 0.052757 0.052757
0 0.807816 0.655868 0.104277 0.104277
0 0.908680 0.400465 0.057104 0.057104
0 0.600429 0.657652 0.062220 0.062220
0 0.909436 0.203321 0.061131 0.061131
0 0.186179 0.599869 0.062220 0.062220
0 0.454754 0.920973 0.057104 0.057104
0 0.208280 0.239003 0.104277 0.104277
0 0.879152 0.302596 0.071945 0.071945
0 0.768607 0.362778 0.071945 0.071945
0 0.660298 0.999337 0.052757 0.052757
0 0.700046 0.637529 0.062220 0.062220
0 0.131637 0.715760 0.061130 0.061130
0 0.019417 0.271473 0.071945 0.071945
0 0.630249 0.297832 0.052757 0.052757
0 0.507571 0.560656 0.071945 0.071945
0 0.498237 0.796440 0.052757 0.052757
0 0.005670 0.478434 0.052757 0.052757
0 0.942100 0.466104 0.062220 0.062220
0 0.141396 0.376849 0.104277 0.104277
0 0.212500 0.326438 0.057104 0.057104
0 0.795677 0.888743 0.062220 0.062220
0 0.199048 0.684351 0.061130 0.061130
0 0.068222 0.663609 0.061130 0.061130
0 0.356257 0.932191 0.052757 0.052757
0 0.685846 0.352943 0.052757 0.052757
0 0.986664 0.650042 0.061131 0.061131
0 0.739529 0.181907 0.071945 0.071945
0 0.277162 0.623750 0.071945 0.071945
0 0.890508 0.687360 0.061131 0.061131
0 0.239076 0.403110 0.104277 0.104277
0 0.763463 0.263160 0.057104 0.057104
0 0.135589 0.474239 0.057104 0.057104
0 0.216149 0.796402 0.057104 0.057104
0 0.379973 0.305854 0.062220 0.062220
0 0.450001 0.136434 0.104277 0.104277
0 0.853492 0.765523 0.052757 0.052757
0 0.933126 0.960344 0.061131 0.061131
0 0.758459 0.565556 0.052757 0.052757
0 0.014604 0.807544 0.061130 0.061130
0 0.035252 0.573651 0.104278 0.104278
0 0.822233 0.149752 0.104277 0.104277
0 0.731543 0.790938 0.104277 0.104277
0 0.510061 0.870925 0.061130 0.061130
0 0.453912 0.690841 0.104277 0.104277
0 0.416613 0.561741 0.052757 0.052757
0 0.637112 0.595504 0.057104 0.057104
0 0.519497 0.719930 0.071945 0.071945
0 0.595641 0.360367 0.104277 0.104277
0 0.750060 0.946372 0.061130 0.061130
0 0.054755 0.361394 0.071945 0.071945
0 0.513634 0.482434 0.056505 0.056505
0 0.152653 0.844080 0.062220 0.062220
0 0.733726 0.703787 0.057104 0.057104
0 0.507931 0.413745 0.061130 0.061130
0 0.836265 0.958095 0.071945 0.071945
0 0.840832 0.363830 0.057103 0.057103
0 0.584448 0.745086 0.057104 0.057104
0 0.307485 0.437547 0.062220 0.062220
0 0.218036 0.143490 0.062220 0.062220
0 0.266525 0.973300 0.104277 0.104277
0 0.244748 0.557966 0.057104 0.057104
0 0.271927 0.853595 0.057104 0.057104
0 0.324761 0.224797 0.061130 0.061130
0 0.993549 0.150174 0.057104 0.057104
0 0.119416 0.232419 0.057104 0.057104
0 0.092978 0.143562 0.071945 0.071945
0 0.976329 0.832323 0.052757 0.052757
0 0.019058 0.892343 0.061130 0.061130