0 0.225419 0.893736 0.061130 0.061130
0 0.628364 0.855445 0.052757 0.052757
0 0.158512 0.754065 0.104277 0.104277
0 0.220338 0.663017 0.071945 0.071945
0 0.372151 0.648627 0.071945 0.071945
0 0.450904 0.855485 0.104277 0.104277
0 0.126190 0.855634 0.052757 0.052757
0 0.528768 0.902010 0.071945 0.071945
0 0.423057 0.197661 0.104277 0.104277
0 0.455537 0.538930 0.061131 0.061131
0 0.613159 0.162189 0.104277 0.104277
0 0.164221 0.526118 0.104277 0.104277
0 0.657348 0.358437 0.057104 0.057104
0 0.783801 0.563397 0.062221 0.062221
0 0.672707 0.526402 0.104277 0.104277
0 0.749733 0.320316 0.104277 0.104277
0 0.576189 0.071946 0.057104 0.057104
0 0.486652 0.275325 0.104277 0.104277
0 0.034284 0.698574 0.062220 0.062220
0 0.292293 0.462089 0.052757 0.052757
0 0.773754 0.835511 0.071945 0.071945
0 0.489543 0.113905 0.061131 0.061131
0 0.203097 0.820273 0.061131 0.061131
0 0.236231 0.572614 0.057104 0.057104
0 0.372759 0.037438 0.071945 0.071945
0 0.287313 0.780768 0.052757 0.052757
0 0.555370 0.516570 0.104277 0.104277
0 0.425647 0.332980 0.062220 0.062220
0 0.343520 0.716728 0.057104 0.057104
0 0.263473 0.399528 0.057104 0.057104
0 0.260320 0.238703 0.052757 0.052757
0 0.734069 0.669485 0.052757 0.052757
0 0.455993 0.938739 0.036679 0.036679
0 0.371474 0.376966 0.061130 0.061130
0 0.647925 0.058968 0.071945 0.071945
0 0.086343 0.226006 0.061131 0.061131
0 0.673982 0.630296 0.062221 0.062221
0 0.289755 0.869350 0.057104 0.057104
0 0.028555 0.546031 0.052757 0.052757
0 0.675612 0.435784 0.071945 0.071945
0 0.612527 0.665925 0.052757 0.052757
0 0.581337 0.249775 0.061130 0.061130
0 0.599633 0.733787 0.104277 0.104277
0 0.024523 0.821983 0.071945 0.071945
0 0.021469 0.147313 0.062220 0.062220
0 0.314403 0.333989 0.061131 0.061131
0 0.505271 0.757419 0.104277 0.104277
0 0.133618 0.628314 0.071945 0.071945
0 0.363630 0.267442 0.057104 0.057104
0 0.788401 0.982876 0.057104 0.057104
0 0.596176 0.924894 0.062220 0.062220
0 0.774035 0.189352 0.057104 0.057104
0 0.095742 0.788432 0.057104 0.057104
0 0.452198 0.699127 0.061130 0.061130
0 0.587124 0.324650 0.061130 0.061130
0 0.530958 0.829742 0.061130 0.061130
0 0.100216 0.428150 0.104277 0.104277
0 0.402294 0.793610 0.062220 0.062220
0 0.011575 0.963618 0.104277 0.104277
0 0.315726 0.564640 0.062220 0.062220
0 0.679423 0.940818 0.104277 0.104277
0 0.132656 0.111145 0.061131 0.061131
0 0.041041 0.899465 0.052757 0.052757
0 0.347957 0.939153 0.062220 0.062220
0 0.726367 0.243354 0.052757 0.052757
0 0.222195 0.181524 0.057104 0.057104
0 0.382798 0.482491 0.071945 0.071945
0 0.345681 0.140148 0.071945 0.071945
0 0.403620 0.987071 0.071945 0.071945
0 0.121974 0.968215 0.052757 0.052757
0 0.200352 0.363745 0.062220 0.062220
0 0.793624 0.714726 0.071945 0.071945
0 0.763453 0.018692 0.057104 0.057104
0 0.501763 0.012698 0.052757 0.052757
0 0.007227 0.365485 0.062220 0.062220
0 0.544515 0.977218 0.061131 0.061131
0 0.676790 0.764948 0.071945 0.071945
0 0.251813 0.114572 0.052757 0.052757
0 0.039147 0.297856 0.071945 0.071945
0 0.771171 0.413923 0.104277 0.104277
0 0.525758 0.446152 0.057104 0.057104
0 0.216581 0.031415 0.057104 0.057104
0 0.079348 0.354782 0.052757 0.052757
0 0.508501 0.586090 0.057104 0.057104
0 0.067800 0.067556 0.071945 0.071945
0 0.517163 0.372453 0.104277 0.104277
0 0.744155 0.122157 0.061130 0.061130
0 0.586496 0.400048 0.104277 0.104277
0 0.600676 0.596306 0.052757 0.052757
0 0.168157 0.241165 0.061131 0.061131