0 0.433045 0.386351 0.062220 0.062220
0 0.778683 0.725979 0.062220 0.062220
0 0.740457 0.531955 0.062220 0.062220
0 0.516359 0.839593 0.057103 0.057103
0 0.766437 0.175321 0.052757 0.052757
0 0.778129 0.261870 0.104277 0.104277
0 0.537031 0.586242 0.052757 0.052757
0 0.969970 0.679080 0.071945 0.071945
0 0.375374 0.441233 0.071945 0.071945
0 0.496222 0.670912 0.062220 0.062220
0 0.401255 0.863894 0.071945 0.071945
0 0.757862 0.087900 0.104277 0.104277
0 0.840219 0.019698 0.104277 0.104277
0 0.426174 0.701548 0.104277 0.104277
0 0.229796 0.474359 0.061130 0.061130
0 0.506662 0.392413 0.061130 0.061130
0 0.487078 0.304530 0.052757 0.052757
0 0.278224 0.770711 0.104278 0.104278
0 0.986352 0.405867 0.057104 0.057104
0 0.891327 0.165753 0.104277 0.104277
0 0.676103 0.885476 0.062220 0.062220
0 0.647880 0.305357 0.061130 0.061130
0 0.728724 0.430815 0.062220 0.062220
0 0.343914 0.016049 0.061130 0.061130
0 0.923868 0.512625 0.057104 0.057104
0 0.146385 0.134661 0.104278 0.104278
0 0.833933 0.868771 0.071945 0.071945
0 0.770613 0.339025 0.057104 0.057104
0 0.535949 0.768156 0.061130 0.061130
0 0.979281 0.752045 0.071945 0.071945
0 0.588411 0.540468 0.062220 0.062220
0 0.686809 0.126680 0.052757 0.052757
0 0.786530 0.796781 0.057104 0.057104
0 0.295398 0.573946 0.062220 0.062220
0 0.807159 0.474468 0.057104 0.057104
0 0.978515 0.013216 0.104277 0.104277
0 0.619234 0.386569 0.061130 0.061130
0 0.750374 0.876434 0.052757 0.052757
0 0.828980 0.098848 0.061130 0.061130
0 0.503811 0.029399 0.104278 0.104278
0 0.570660 0.007790 0.052757 0.052757
0 0.584464 0.647600 0.062220 0.062220
0 0.211769 0.186867 0.062220 0.062220
0 0.709679 0.767795 0.050891 0.050891
0 0.363101 0.274091 0.062220 0.062220
0 0.435505 0.783230 0.104277 0.104277
0 0.580121 0.262814 0.057104 0.057104
0 0.873549 0.660101 0.062220 0.062220
0 0.949076 0.127208 0.071945 0.071945
0 0.994368 0.869167 0.057104 0.057104
0 0.370275 0.606097 0.062220 0.062220
0 0.594699 0.846817 0.052757 0.052757
0 0.642330 0.692941 0.062220 0.062220
0 0.738089 0.658860 0.104277 0.104277
0 0.536539 0.130283 0.057104 0.057104
0 0.245537 0.367973 0.104278 0.104278
0 0.463814 0.096663 0.071945 0.071945
0 0.364175 0.361437 0.052757 0.052757
0 0.273358 0.877564 0.071945 0.071945
0 0.182746 0.883239 0.052757 0.052757
0 0.899937 0.788038 0.061130 0.061130
0 0.903461 0.383156 0.062220 0.062220
0 0.880806 0.237012 0.071945 0.071945
0 0.332973 0.831336 0.057104 0.057104
0 0.402399 0.176229 0.052757 0.052757
0 0.594695 0.172121 0.071945 0.071945
0 0.120723 0.204703 0.104277 0.104277
0 0.297078 0.415955 0.057104 0.057104
0 0.330656 0.084633 0.057104 0.057104
0 0.611277 0.765750 0.062220 0.062220
0 0.301153 0.162455 0.104277 0.104277
0 0.909515 0.891388 0.062220 0.062220
0 0.262280 0.281980 0.104277 0.104277
0 0.252734 0.063015 0.071945 0.071945
0 0.152433 0.806786 0.104277 0.104277
0 0.689257 0.590880 0.104277 0.104277
0 0.126903 0.004256 0.057104 0.057104
0 0.262554 0.691639 0.061131 0.061131
0 0.143690 0.686697 0.057104 0.057104
0 0.474224 0.207014 0.052757 0.052757
0 0.122849 0.614780 0.062220 0.062220
0 0.920532 0.595658 0.052757 0.052757
0 0.335891 0.706734 0.057104 0.057104
0 0.456499 0.499582 0.057104 0.057104
0 0.177261 0.407969 0.062220 0.062220
0 0.177435 0.335534 0.057104 0.057104
0 0.847307 0.590936 0.052757 0.052757
0 0.880979 0.456322 0.061130 0.061130
0 0.169663 0.060734 0.052757 0.052757
0 0.552460 0.475666 0.104277 0.104277
0 0.212438 0.599508 0.057104 0.057104
0 0.661292 0.025398 0.104277 0.104277
0 0.434843 0.020670 0.052757 0.052757
0 0.201089 0.743515 0.061130 0.061130
0 0.965185 0.250993 0.052757 0.052757
0 0.700576 0.195658 0.104277 0.104277
0 0.125178 0.483690 0.057104 0.057104