0 0.822092 0.224477 0.104277 0.104277
0 0.778544 0.012486 0.061130 0.061130
0 0.494552 0.432005 0.104278 0.104278
0 0.972382 0.222153 0.062220 0.062220
0 0.550208 0.869127 0.104277 0.104277
0 0.612696 0.593353 0.052757 0.052757
0 0.792993 0.780099 0.061130 0.061130
0 0.285187 0.950321 0.052757 0.052757
0 0.137229 0.584328 0.061130 0.061130
0 0.511990 0.542810 0.052757 0.052757
0 0.965937 0.741975 0.071945 0.071945
0 0.533061 0.714037 0.052757 0.052757
0 0.276612 0.862900 0.104277 0.104277
0 0.816216 0.139292 0.057104 0.057104
0 0.609368 0.789172 0.071945 0.071945
0 0.358969 0.794698 0.104277 0.104277
0 0.852078 0.325928 0.051819 0.051819
0 0.283136 0.763758 0.061130 0.061130
0 0.147197 0.348662 0.057104 0.057104
0 0.498244 0.002483 0.104277 0.104277
0 0.190207 0.661715 0.104277 0.104277
0 0.223056 0.135311 0.057104 0.057104
0 0.744784 0.614729 0.104277 0.104277
0 0.410077 0.940753 0.104277 0.104277
0 0.444398 0.343443 0.052757 0.052757
0 0.927919 0.396272 0.104277 0.104277
0 0.923056 0.322979 0.071945 0.071945
0 0.132079 0.503198 0.104277 0.104277
0 0.205559 0.901680 0.052757 0.052757
0 0.687241 0.865461 0.052757 0.052757
0 0.629527 0.335688 0.052757 0.052757
0 0.068034 0.585255 0.052757 0.052757
0 0.497265 0.788216 0.104277 0.104277
0 0.444562 0.649862 0.057104 0.057104
0 0.649899 0.731466 0.052757 0.052757
0 0.844374 0.482901 0.054783 0.054783
0 0.981217 0.928037 0.062220 0.062220
0 0.347730 0.873848 0.061130 0.061130
0 0.783297 0.932038 0.071945 0.071945
0 0.812476 0.595067 0.071945 0.071945
0 0.022561 0.804399 0.104278 0.104278
0 0.812736 0.665891 0.061130 0.061130
0 0.595600 0.256319 0.071945 0.071945
0 0.089410 0.782790 0.052757 0.052757
0 0.369277 0.461916 0.061130 0.061130
0 0.260630 0.360758 0.071945 0.071945
0 0.427279 0.576454 0.052757 0.052757
0 0.692756 0.491569 0.057104 0.057104
0 0.467826 0.902208 0.071945 0.071945
0 0.269378 0.083944 0.071945 0.071945
0 0.249534 0.529051 0.061130 0.061130
0 0.220203 0.445386 0.062220 0.062220
0 0.363973 0.296572 0.062220 0.062220
0 0.479634 0.125572 0.061130 0.061130
0 0.611673 0.968847 0.061130 0.061130
0 0.706951 0.369695 0.052757 0.052757
0 0.269572 0.691352 0.052757 0.052757
0 0.419746 0.727637 0.057104 0.057104
0 0.055289 0.905283 0.057104 0.057104
0 0.414946 0.027833 0.061130 0.061130
0 0.564700 0.082368 0.104277 0.104277
0 0.728105 0.180241 0.071945 0.071945
0 0.113445 0.947121 0.071945 0.071945
0 0.936889 0.583559 0.052757 0.052757
0 0.418400 0.233959 0.061130 0.061130
0 0.518493 0.326495 0.057104 0.057104
0 0.410642 0.150277 0.104277 0.104277
0 0.618094 0.404111 0.062220 0.062220
0 0.615261 0.130905 0.104277 0.104277
0 0.594166 0.018215 0.052757 0.052757
0 0.624566 0.662776 0.104277 0.104277
0 0.979753 0.823070 0.052757 0.052757
0 0.901082 0.057903 0.062220 0.062220
0 0.360853 0.538551 0.104277 0.104277
0 0.891800 0.874934 0.052757 0.052757
0 0.321499 0.392572 0.071945 0.071945
0 0.711337 0.941321 0.057104 0.057104
0 0.564397 0.460200 0.104277 0.104277
0 0.719230 0.264157 0.057104 0.057104
0 0.062565 0.456639 0.071945 0.071945
0 0.202437 0.300736 0.050932 0.050932
0 0.339173 0.121850 0.052757 0.052757
0 0.105310 0.068741 0.071945 0.071945
0 0.956745 0.105821 0.071945 0.071945
0 0.316070 0.028910 0.061130 0.061130
0 0.675099 0.086965 0.052757 0.052757
0 0.529405 0.238412 0.057104 0.057104
0 0.920734 0.469650 0.104277 0.104277
0 0.062894 0.355372 0.071945 0.071945
0 0.312974 0.188876 0.061130 0.061130
0 0.175339 0.032035 0.071945 0.071945
0 0.624880 0.896311 0.050559 0.050559
0 0.754019 0.839090 0.061130 0.061130
0 0.883290 0.659462 0.071945 0.071945
0 0.985277 0.513848 0.057104 0.057104
0 0.526522 0.631867 0.061131 0.061131
0 0.373629 0.673192 0.104277 0.104277
0 0.882090 0.754015 0.071945 0.071945
0 0.830815 0.414947 0.052757 0.052757
0 0.758252 0.449174 0.104277 0.104277
0 0.273766 0.285561 0.062220 0.062220
0 0.069521 0.263465 0.062220 0.062220
0 0.050420 0.689294 0.071945 0.071945
0 0.448534 0.501919 0.071945 0.071945
0 0.279527 0.612948 0.061130 0.061130
0 0.688735 0.568139 0.071945 0.071945
0 0.014374 0.178439 0.047555 0.047555
0 0.148474 0.203235 0.052757 0.052757
0 0.180042 0.800398 0.104277 0.104277
0 0.994999 0.662590 0.104277 0.104277
0 0.719442 0.706079 0.104277 0.104277
0 0.144194 0.421340 0.071945 0.071945
0 0.893701 0.185720 0.057104 0.057104
0 0.228424 0.211116 0.071945 0.071945
0 0.219326 0.970658 0.104277 0.104277