0 0.226588 0.941142 0.071945 0.071945
0 0.378401 0.926752 0.071945 0.071945
0 0.429307 0.475786 0.104277 0.104277
0 0.461787 0.817055 0.061131 0.061131
0 0.619409 0.440314 0.104277 0.104277
0 0.170471 0.804243 0.104277 0.104277
0 0.663598 0.636562 0.057104 0.057104
0 0.532864 0.086644 0.062220 0.062220
0 0.790051 0.841522 0.062221 0.062221
0 0.665842 0.084591 0.057104 0.057104
0 0.678957 0.804527 0.104277 0.104277
0 0.755983 0.598441 0.104277 0.104277
0 0.698653 0.009899 0.052757 0.052757
0 0.582439 0.350071 0.057104 0.057104
0 0.510599 0.201554 0.104277 0.104277
0 0.492902 0.553450 0.104277 0.104277
0 0.040534 0.976699 0.062220 0.062220
0 0.298543 0.740214 0.052757 0.052757
0 0.495793 0.392030 0.061131 0.061131
0 0.505601 0.015937 0.052757 0.052757
0 0.242481 0.850739 0.057104 0.057104
0 0.379009 0.315563 0.071945 0.071945
0 0.561620 0.794695 0.104277 0.104277
0 0.596018 0.215842 0.062220 0.062220
0 0.431897 0.611105 0.062220 0.062220
0 0.349770 0.994853 0.057104 0.057104
0 0.269723 0.677653 0.057104 0.057104
0 0.266570 0.516828 0.052757 0.052757
0 0.740319 0.947610 0.052757 0.052757
0 0.377724 0.655091 0.061130 0.061130
0 0.654175 0.337093 0.071945 0.071945
0 0.735972 0.107634 0.071945 0.071945
0 0.092593 0.504131 0.061131 0.061131
0 0.680232 0.908421 0.062221 0.062221
0 0.597760 0.036247 0.071945 0.071945
0 0.034805 0.824156 0.052757 0.052757
0 0.681862 0.713909 0.071945 0.071945
0 0.618777 0.944050 0.052757 0.052757
0 0.587587 0.527900 0.061130 0.061130
0 0.027719 0.425438 0.062220 0.062220
0 0.320653 0.612114 0.061131 0.061131
0 0.139868 0.906439 0.071945 0.071945
0 0.369880 0.545567 0.057104 0.057104
0 0.784907 0.045847 0.071945 0.071945
0 0.436794 0.139372 0.071945 0.071945
0 0.287243 0.020523 0.061130 0.061130
0 0.312256 0.139398 0.104277 0.104277
0 0.780285 0.467477 0.057104 0.057104
0 0.063015 0.005942 0.071945 0.071945
0 0.436172 0.271075 0.104277 0.104277
0 0.728260 0.214775 0.104278 0.104278
0 0.458448 0.977252 0.061130 0.061130
0 0.593374 0.602775 0.061130 0.061130
0 0.125098 0.254856 0.071945 0.071945
0 0.106466 0.706275 0.104277 0.104277
0 0.321976 0.842765 0.062220 0.062220
0 0.138906 0.389270 0.061131 0.061131
0 0.209883 0.220215 0.062220 0.062220
0 0.732617 0.521479 0.052757 0.052757
0 0.228445 0.459649 0.057104 0.057104
0 0.389048 0.760616 0.071945 0.071945
0 0.351931 0.418273 0.071945 0.071945
0 0.039376 0.244719 0.061131 0.061131
0 0.206602 0.641870 0.062220 0.062220
0 0.799874 0.992851 0.071945 0.071945
0 0.769703 0.296817 0.057104 0.057104
0 0.650643 0.266937 0.057104 0.057104
0 0.508013 0.290823 0.052757 0.052757
0 0.013477 0.643610 0.062220 0.062220
0 0.258063 0.392697 0.052757 0.052757
0 0.045397 0.575981 0.071945 0.071945
0 0.777421 0.692048 0.104277 0.104277
0 0.289028 0.235854 0.057104 0.057104
0 0.532008 0.724277 0.057104 0.057104
0 0.222831 0.309540 0.057104 0.057104
0 0.128680 0.057561 0.104277 0.104277
0 0.085598 0.632907 0.052757 0.052757
0 0.514751 0.864215 0.057104 0.057104
0 0.195022 0.126998 0.052757 0.052757
0 0.074050 0.345681 0.071945 0.071945
0 0.523413 0.650578 0.104277 0.104277
0 0.750405 0.400282 0.061130 0.061130
0 0.418933 0.055742 0.104277 0.104277
0 0.592746 0.678173 0.104277 0.104277
0 0.606926 0.874431 0.052757 0.052757
0 0.082579 0.116698 0.052757 0.052757
0 0.377014 0.233852 0.062220 0.062220
0 0.174407 0.519290 0.061131 0.061131