0 0.272092 0.227602 0.104277 0.104277
0 0.228544 0.015611 0.061130 0.061130
0 0.422382 0.225278 0.062220 0.062220
0 0.473716 0.994886 0.071945 0.071945
0 0.754094 0.735207 0.071945 0.071945
0 0.000208 0.872252 0.104277 0.104277
0 0.062696 0.596478 0.052757 0.052757
0 0.531893 0.023885 0.071945 0.071945
0 0.242993 0.783224 0.061130 0.061130
0 0.649271 0.908201 0.104277 0.104277
0 0.785640 0.215753 0.047276 0.047276
0 0.675994 0.522354 0.062220 0.062220
0 0.415937 0.745100 0.071945 0.071945
0 0.266216 0.142417 0.057104 0.057104
0 0.059368 0.792297 0.071945 0.071945
0 0.302078 0.329053 0.051819 0.051819
0 0.482226 0.272766 0.052757 0.052757
0 0.194784 0.617854 0.104277 0.104277
0 0.494645 0.863958 0.104277 0.104277
0 0.612424 0.675151 0.071945 0.071945
0 0.543502 0.221281 0.057103 0.057103
0 0.617171 0.606705 0.062220 0.062220
0 0.555127 0.802456 0.057104 0.057104
0 0.598094 0.976131 0.062220 0.062220
0 0.497844 0.734240 0.062220 0.062220
0 0.459118 0.060614 0.036679 0.036679
0 0.578156 0.338621 0.104277 0.104277
0 0.377919 0.399397 0.104277 0.104277
0 0.683493 0.706933 0.061130 0.061130
0 0.373056 0.326104 0.071945 0.071945
0 0.769648 0.321678 0.071945 0.071945
0 0.137241 0.868586 0.052757 0.052757
0 0.079527 0.338813 0.052757 0.052757
0 0.675487 0.353489 0.061131 0.061131
0 0.099899 0.734591 0.052757 0.052757
0 0.791526 0.104751 0.057104 0.057104
0 0.294374 0.486026 0.054783 0.054783
0 0.599301 0.046769 0.062220 0.062220
0 0.431217 0.931162 0.062220 0.062220
0 0.461926 0.419938 0.057103 0.057103
0 0.233297 0.935163 0.071945 0.071945
0 0.262476 0.598192 0.071945 0.071945
0 0.262736 0.669016 0.061130 0.061130
0 0.045600 0.259444 0.071945 0.071945
0 0.556232 0.486759 0.061131 0.061131
0 0.142756 0.494694 0.057104 0.057104
0 0.507410 0.354640 0.061131 0.061131
0 0.717739 0.964107 0.045227 0.045227
0 0.772981 0.447182 0.071945 0.071945
0 0.778363 0.585707 0.104278 0.104278
0 0.707964 0.207620 0.062220 0.062220
0 0.061673 0.971972 0.061130 0.061130
0 0.156951 0.372820 0.052757 0.052757
0 0.773404 0.867902 0.061130 0.061130
0 0.014700 0.085493 0.104277 0.104277
0 0.178105 0.183366 0.071945 0.071945
0 0.709568 0.420285 0.104278 0.104278
0 0.386889 0.586684 0.052757 0.052757
0 0.682548 0.062693 0.104277 0.104277
0 0.068094 0.407236 0.062220 0.062220
0 0.632921 0.459864 0.062220 0.062220
0 0.065261 0.134030 0.104277 0.104277
0 0.044166 0.021340 0.052757 0.052757
0 0.074566 0.665901 0.104277 0.104277
0 0.429753 0.826195 0.052757 0.052757
0 0.351082 0.061028 0.062220 0.062220
0 0.341800 0.878059 0.052757 0.052757
0 0.161337 0.944446 0.057104 0.057104
0 0.014397 0.463325 0.104277 0.104277
0 0.493293 0.143724 0.104277 0.104277
0 0.169230 0.267282 0.057104 0.057104
0 0.631810 0.811599 0.061131 0.061131
0 0.537447 0.675862 0.057104 0.057104
0 0.556482 0.410363 0.071945 0.071945
0 0.406745 0.108946 0.071945 0.071945
0 0.125099 0.090090 0.052757 0.052757
0 0.370734 0.472775 0.104277 0.104277
0 0.561014 0.905317 0.061131 0.061131
0 0.074880 0.899436 0.050559 0.050559
0 0.547640 0.099093 0.061131 0.061131
0 0.204019 0.842215 0.061130 0.061130
0 0.333290 0.662587 0.071945 0.071945
0 0.435277 0.516973 0.057104 0.057104
0 0.475323 0.574111 0.104277 0.104277
0 0.332090 0.757140 0.071945 0.071945
0 0.280815 0.418072 0.052757 0.052757
0 0.208252 0.452299 0.104277 0.104277
0 0.718933 0.825093 0.052757 0.052757
0 0.640308 0.136090 0.071945 0.071945
0 0.138735 0.571264 0.071945 0.071945
0 0.444999 0.665715 0.104277 0.104277
0 0.169442 0.709204 0.104277 0.104277
0 0.721208 0.631260 0.061131 0.061131
0 0.343701 0.188845 0.057104 0.057104
0 0.613452 0.271576 0.061131 0.061131