0 0.316427 0.003880 0.104278 0.104278
0 0.081082 0.878830 0.062220 0.062220
0 0.570470 0.595657 0.071945 0.071945
0 0.845591 0.563636 0.071945 0.071945
0 0.372083 0.441002 0.104277 0.104277
0 0.877719 0.679006 0.052757 0.052757
0 0.434571 0.165228 0.052757 0.052757
0 0.579154 0.965989 0.061130 0.061130
0 0.614868 0.351974 0.061130 0.061130
0 0.107062 0.522196 0.052757 0.052757
0 0.118754 0.608745 0.104277 0.104277
0 0.465218 0.862370 0.104277 0.104277
0 0.424079 0.983981 0.104277 0.104277
0 0.333865 0.114685 0.052757 0.052757
0 0.787812 0.313850 0.071945 0.071945
0 0.354936 0.285912 0.052757 0.052757
0 0.468619 0.615112 0.062220 0.062220
0 0.098487 0.434775 0.104277 0.104277
0 0.431243 0.361047 0.071945 0.071945
0 0.180844 0.366573 0.104277 0.104277
0 0.898034 0.925290 0.104277 0.104277
0 0.105011 0.335633 0.061130 0.061130
0 0.493972 0.787370 0.057104 0.057104
0 0.988142 0.640070 0.104277 0.104277
0 0.943281 0.831189 0.071945 0.071945
0 0.012082 0.233590 0.104277 0.104277
0 0.566659 0.186604 0.104277 0.104277
0 0.866520 0.432708 0.104277 0.104277
0 0.984299 0.243901 0.071945 0.071945
0 0.562319 0.769806 0.104277 0.104277
0 0.979533 0.983948 0.052757 0.052757
0 0.989046 0.175455 0.062220 0.062220
0 0.447672 0.710868 0.061130 0.061130
0 0.326977 0.752742 0.057104 0.057104
0 0.231952 0.512628 0.104277 0.104277
0 0.069349 0.777690 0.062220 0.062220
0 0.927002 0.371206 0.057104 0.057104
0 0.969969 0.544881 0.062220 0.062220
0 0.722711 0.672068 0.052757 0.052757
0 0.869719 0.302990 0.062220 0.062220
0 0.264493 0.859500 0.057104 0.057104
0 0.380469 0.889591 0.104277 0.104277
0 0.111238 0.685900 0.057104 0.057104
0 0.689928 0.858936 0.071945 0.071945
0 0.027434 0.473555 0.052757 0.052757
0 0.899932 0.773945 0.102474 0.102474
0 0.509116 0.437336 0.052757 0.052757
0 0.794268 0.766120 0.104277 0.104277
0 0.147784 0.821343 0.057104 0.057104
0 0.319140 0.360091 0.104277 0.104277
0 0.266437 0.221737 0.057104 0.057104
0 0.471774 0.303341 0.052757 0.052757
0 0.666249 0.054776 0.054783 0.054783
0 0.803092 0.499912 0.062220 0.062220
0 0.646779 0.575462 0.061131 0.061131
0 0.169605 0.445723 0.061130 0.061130
0 0.605172 0.503913 0.071945 0.071945
0 0.634351 0.166942 0.071945 0.071945
0 0.393373 0.622462 0.062220 0.062220
0 0.634611 0.237766 0.061130 0.061130
0 0.191152 0.033791 0.061130 0.061130
0 0.608318 0.826773 0.057104 0.057104
0 0.346014 0.963312 0.057104 0.057104
0 0.249154 0.148329 0.052757 0.052757
0 0.928107 0.055509 0.061131 0.061131
0 0.514631 0.063444 0.057104 0.057104
0 0.421040 0.780300 0.104277 0.104277
0 0.289701 0.474083 0.071945 0.071945
0 0.071409 0.100926 0.061130 0.061130
0 0.042078 0.017261 0.062220 0.062220
0 0.724002 0.581184 0.052757 0.052757
0 0.433548 0.540722 0.061130 0.061130
0 0.091447 0.263227 0.052757 0.052757
0 0.241621 0.299512 0.057104 0.057104
0 0.707111 0.788294 0.062220 0.062220
0 0.651534 0.968053 0.104277 0.104277
0 0.244086 0.730031 0.062220 0.062220
0 0.221431 0.583887 0.071945 0.071945
0 0.758764 0.155434 0.052757 0.052757
0 0.446441 0.234651 0.104277 0.104277
0 0.479627 0.931706 0.062220 0.062220
0 0.801628 0.394945 0.052757 0.052757
0 0.353840 0.821053 0.071945 0.071945
0 0.182728 0.110426 0.104277 0.104277
0 0.713675 0.446809 0.052757 0.052757
0 0.533212 0.513196 0.057104 0.057104
0 0.386272 0.032075 0.104277 0.104277
0 0.029882 0.937755 0.104277 0.104277
0 0.909322 0.244612 0.057104 0.057104
0 0.630476 0.893775 0.104277 0.104277
0 0.742609 0.041525 0.104277 0.104277
0 0.800697 0.673245 0.055027 0.055027
0 0.932889 0.474067 0.061131 0.061131
0 0.591388 0.702158 0.062220 0.062220
0 0.446755 0.468186 0.050559 0.050559
0 0.740977 0.966321 0.052757 0.052757
0 0.575894 0.410965 0.061130 0.061130
0 0.705165 0.231337 0.071945 0.071945
0 0.807152 0.085723 0.057104 0.057104
0 0.261157 0.942533 0.052757 0.052757
0 0.847198 0.142861 0.104277 0.104277
0 0.547378 0.859121 0.071945 0.071945
0 0.348397 0.203742 0.061131 0.061131
0 0.195504 0.245067 0.104277 0.104277
0 0.703965 0.325890 0.071945 0.071945
0 0.663427 0.714968 0.104277 0.104277
0 0.580127 0.021049 0.104277 0.104277
0 0.827437 0.859225 0.061130 0.061130
0 0.187932 0.937811 0.052757 0.052757
0 0.270409 0.073794 0.071945 0.071945
0 0.101402 0.184823 0.061130 0.061130
0 0.510610 0.140014 0.071945 0.071945
0 0.221604 0.803197 0.061130 0.061130
0 0.001917 0.372273 0.104277 0.104277
0 0.816874 0.234465 0.104277 0.104277
0 0.541317 0.277954 0.104277 0.104277
0 0.305810 0.597868 0.052757 0.052757
0 0.041201 0.542533 0.104277 0.104277