0 0.354845 0.239407 0.071945 0.071945
0 0.917384 0.746109 0.104277 0.104277
0 0.556389 0.850058 0.052757 0.052757
0 0.629966 0.207386 0.071945 0.071945
0 0.156458 0.084752 0.104277 0.104277
0 0.662094 0.322756 0.052757 0.052757
0 0.363529 0.609739 0.061130 0.061130
0 0.900377 0.429910 0.061131 0.061131
0 0.806254 0.546244 0.062220 0.062220
0 0.805521 0.120701 0.104277 0.104277
0 0.789610 0.716437 0.052757 0.052757
0 0.425656 0.717831 0.104277 0.104277
0 0.947432 0.838562 0.052757 0.052757
0 0.249593 0.506120 0.104277 0.104277
0 0.208454 0.627731 0.104277 0.104277
0 0.094970 0.669705 0.071945 0.071945
0 0.252994 0.258862 0.062220 0.062220
0 0.215618 0.004797 0.071945 0.071945
0 0.682409 0.569040 0.104277 0.104277
0 0.278347 0.431120 0.057104 0.057104
0 0.772517 0.283820 0.104277 0.104277
0 0.821867 0.826161 0.061130 0.061130
0 0.793424 0.897141 0.104277 0.104277
0 0.727656 0.474939 0.071945 0.071945
0 0.937714 0.367563 0.052757 0.052757
0 0.650895 0.076458 0.104277 0.104277
0 0.288471 0.785730 0.062220 0.062220
0 0.346694 0.413556 0.104277 0.104277
0 0.763908 0.627698 0.052757 0.052757
0 0.504356 0.710748 0.062220 0.062220
0 0.232047 0.354618 0.061130 0.061130
0 0.111352 0.396492 0.057104 0.057104
0 0.016327 0.156378 0.104277 0.104277
0 0.711377 0.014956 0.057104 0.057104
0 0.754344 0.188631 0.062220 0.062220
0 0.507086 0.315818 0.052757 0.052757
0 0.048868 0.503250 0.057104 0.057104
0 0.164844 0.533341 0.104277 0.104277
0 0.625829 0.703568 0.062220 0.062220
0 0.474303 0.502686 0.071945 0.071945
0 0.104281 0.742670 0.071945 0.071945
0 0.684307 0.417695 0.102474 0.102474
0 0.725196 0.774815 0.071945 0.071945
0 0.293491 0.081086 0.052757 0.052757
0 0.578643 0.409870 0.104277 0.104277
0 0.103515 0.003841 0.104277 0.104277
0 0.627046 0.874609 0.104277 0.104277
0 0.587467 0.143662 0.062220 0.062220
0 0.431154 0.219212 0.061131 0.061131
0 0.389547 0.147663 0.071945 0.071945
0 0.177748 0.266212 0.062220 0.062220
0 0.711693 0.871496 0.104277 0.104277
0 0.392693 0.470523 0.057104 0.057104
0 0.130389 0.607062 0.057104 0.057104
0 0.205415 0.424050 0.104277 0.104277
0 0.074076 0.117833 0.071945 0.071945
0 0.119368 0.859792 0.057104 0.057104
0 0.873989 0.176607 0.045227 0.045227
0 0.533297 0.776501 0.062220 0.062220
0 0.508377 0.224934 0.052757 0.052757
0 0.217923 0.184472 0.061130 0.061130
0 0.929654 0.080402 0.061130 0.061130
0 0.488048 0.875072 0.052757 0.052757
0 0.491486 0.432044 0.062220 0.062220
0 0.024937 0.778663 0.061130 0.061130
0 0.435909 0.611803 0.104277 0.104277
0 0.028461 0.373781 0.062220 0.062220
0 0.005806 0.227637 0.071945 0.071945
0 0.163360 0.693815 0.062220 0.062220
0 0.347904 0.839533 0.052757 0.052757
0 0.619891 0.801469 0.052757 0.052757
0 0.034515 0.882013 0.062220 0.062220
0 0.264002 0.575456 0.062220 0.062220
0 0.586003 0.038695 0.052757 0.052757
0 0.138215 0.464803 0.071945 0.071945
0 0.498050 0.090559 0.052757 0.052757
0 0.921243 0.647257 0.061131 0.061131
0 0.439526 0.787363 0.061131 0.061131
0 0.317587 0.156946 0.057104 0.057104
0 0.788060 0.024099 0.061131 0.061131
0 0.414851 0.537525 0.104277 0.104277
0 0.886815 0.523269 0.061131 0.061131
0 0.853069 0.674354 0.062221 0.062221
0 0.688967 0.674636 0.052757 0.052757
0 0.585072 0.316995 0.055027 0.055027
0 0.717264 0.117817 0.061131 0.061131
0 0.375763 0.345908 0.062220 0.062220
0 0.258289 0.870443 0.061130 0.061130
0 0.795101 0.421173 0.104277 0.104277
0 0.403507 0.888578 0.062220 0.062220
0 0.231130 0.111936 0.050559 0.050559
0 0.525352 0.610071 0.052757 0.052757
0 0.360269 0.054715 0.061130 0.061130
0 0.045532 0.586283 0.052757 0.052757
0 0.331753 0.502871 0.071945 0.071945
0 0.200282 0.773928 0.061131 0.061131
0 0.447802 0.358718 0.104277 0.104277
0 0.611812 0.502975 0.061130 0.061130
0 0.290303 0.702981 0.104277 0.104277
0 0.875183 0.037593 0.052757 0.052757
0 0.005979 0.446947 0.061130 0.061130
0 0.090185 0.241618 0.052757 0.052757
0 0.849840 0.369847 0.057104 0.057104
0 0.863790 0.293764 0.088662 0.088662