0 0.593967 0.290102 0.104277 0.104277
0 0.550419 0.078111 0.061130 0.061130
0 0.266427 0.497630 0.104278 0.104278
0 0.953364 0.039820 0.052757 0.052757
0 0.744257 0.287778 0.062220 0.062220
0 0.775904 0.039860 0.104277 0.104277
0 0.451190 0.040009 0.052757 0.052757
0 0.322083 0.934752 0.104277 0.104277
0 0.384571 0.658978 0.052757 0.052757
0 0.853768 0.086385 0.071945 0.071945
0 0.564868 0.845724 0.061130 0.061130
0 0.971146 0.970701 0.104277 0.104277
0 0.997869 0.584854 0.062220 0.062220
0 0.283865 0.608435 0.052757 0.052757
0 0.737812 0.807600 0.071945 0.071945
0 0.304936 0.779662 0.052757 0.052757
0 0.048487 0.928525 0.104277 0.104277
0 0.588091 0.204917 0.057104 0.057104
0 0.381243 0.854797 0.071945 0.071945
0 0.130844 0.860323 0.104277 0.104277
0 0.623953 0.391553 0.051819 0.051819
0 0.055011 0.829383 0.061130 0.061130
0 0.270119 0.068108 0.104277 0.104277
0 0.528097 0.004648 0.061131 0.061131
0 0.804101 0.335266 0.052757 0.052757
0 0.516659 0.680354 0.104277 0.104277
0 0.816520 0.926458 0.104277 0.104277
0 0.934299 0.737651 0.071945 0.071945
0 0.865377 0.283781 0.057103 0.057103
0 0.939046 0.669205 0.062220 0.062220
0 0.877002 0.864956 0.057104 0.057104
0 0.819719 0.796740 0.062220 0.062220
0 0.780993 0.123114 0.036679 0.036679
0 0.216273 0.409068 0.052757 0.052757
0 0.900031 0.401121 0.104277 0.104277
0 0.614755 0.053725 0.057104 0.057104
0 0.699794 0.461897 0.104277 0.104277
0 0.694931 0.388604 0.071945 0.071945
0 0.349523 0.006358 0.071945 0.071945
0 0.459116 0.931086 0.052757 0.052757
0 0.401402 0.401313 0.052757 0.052757
0 0.997362 0.415989 0.061131 0.061131
0 0.269140 0.853841 0.104277 0.104277
0 0.216437 0.715487 0.057104 0.057104
0 0.421774 0.797091 0.052757 0.052757
0 0.616249 0.548526 0.054783 0.054783
0 0.921176 0.109269 0.062220 0.062220
0 0.753092 0.993662 0.062220 0.062220
0 0.783801 0.482438 0.057103 0.057103
0 0.119605 0.939473 0.061130 0.061130
0 0.555172 0.997663 0.071945 0.071945
0 0.584351 0.660692 0.071945 0.071945
0 0.584611 0.731516 0.061130 0.061130
0 0.367475 0.321944 0.071945 0.071945
0 0.141152 0.527541 0.061130 0.061130
0 0.032505 0.426383 0.071945 0.071945
0 0.199154 0.642079 0.052757 0.052757
0 0.878107 0.549259 0.061131 0.061131
0 0.464631 0.557194 0.057104 0.057104
0 0.829285 0.417140 0.061131 0.061131
0 0.239701 0.967833 0.071945 0.071945
0 0.041253 0.149569 0.071945 0.071945
0 0.021409 0.594676 0.061130 0.061130
0 0.135848 0.362197 0.062220 0.062220
0 0.251509 0.191197 0.061130 0.061130
0 0.855958 0.014117 0.061130 0.061130
0 0.478826 0.435320 0.052757 0.052757
0 0.041447 0.756977 0.052757 0.052757
0 0.191621 0.793262 0.057104 0.057104
0 0.186821 0.093458 0.061130 0.061130
0 0.157895 0.021723 0.061130 0.061130
0 0.336575 0.147993 0.104277 0.104277
0 0.499980 0.245866 0.071945 0.071945
0 0.708764 0.649184 0.052757 0.052757
0 0.190275 0.299584 0.061130 0.061130
0 0.290368 0.392120 0.057104 0.057104
0 0.182517 0.215902 0.104277 0.104277
0 0.389969 0.469736 0.062220 0.062220
0 0.954796 0.522364 0.062220 0.062220
0 0.387136 0.196530 0.104277 0.104277
0 0.366041 0.083840 0.052757 0.052757
0 0.396441 0.728401 0.104277 0.104277
0 0.751628 0.888695 0.052757 0.052757
0 0.672957 0.123528 0.062220 0.062220
0 0.132728 0.604176 0.104277 0.104277
0 0.663675 0.940559 0.052757 0.052757
0 0.093374 0.458197 0.071945 0.071945
0 0.336272 0.525825 0.104277 0.104277
0 0.815168 0.206224 0.104277 0.104277
0 0.491105 0.329782 0.057104 0.057104
0 0.953685 0.874099 0.061131 0.061131
0 0.859322 0.738362 0.057104 0.057104
0 0.111048 0.187475 0.052757 0.052757
0 0.878357 0.472863 0.071945 0.071945
0 0.728620 0.171446 0.071945 0.071945
0 0.087945 0.094535 0.061130 0.061130
0 0.446974 0.152590 0.052757 0.052757
0 0.301280 0.304037 0.057104 0.057104
0 0.692609 0.535275 0.104277 0.104277
0 0.882889 0.967817 0.061131 0.061131
0 0.084849 0.254501 0.061130 0.061130
0 0.396755 0.961936 0.050559 0.050559
0 0.869515 0.161593 0.061131 0.061131
0 0.525894 0.904715 0.061130 0.061130
0 0.655165 0.725087 0.071945 0.071945
0 0.757152 0.579473 0.057104 0.057104
0 0.797198 0.636611 0.104277 0.104277
0 0.298397 0.697492 0.061131 0.061131
0 0.145504 0.738817 0.104277 0.104277
0 0.653965 0.819640 0.071945 0.071945
0 0.602690 0.480572 0.052757 0.052757
0 0.530127 0.514799 0.104277 0.104277
0 0.045641 0.351186 0.062220 0.062220
0 0.220409 0.567544 0.071945 0.071945
0 0.051402 0.678573 0.061130 0.061130
0 0.962183 0.198590 0.071945 0.071945
0 0.460610 0.633764 0.071945 0.071945
0 0.766874 0.728215 0.104277 0.104277
0 0.491317 0.771704 0.104277 0.104277
0 0.665576 0.251345 0.057104 0.057104
0 0.000299 0.276741 0.071945 0.071945
0 0.935327 0.334076 0.061131 0.061131