0 0.403544 0.859361 0.061130 0.061130
0 0.806489 0.821070 0.052757 0.052757
0 0.336637 0.719690 0.104277 0.104277
0 0.398463 0.628642 0.071945 0.071945
0 0.550276 0.614252 0.071945 0.071945
0 0.629029 0.821110 0.104277 0.104277
0 0.304315 0.821259 0.052757 0.052757
0 0.706893 0.867635 0.071945 0.071945
0 0.601182 0.163286 0.104277 0.104277
0 0.633662 0.504555 0.061131 0.061131
0 0.791284 0.127814 0.104277 0.104277
0 0.342346 0.491743 0.104277 0.104277
0 0.835473 0.324062 0.057104 0.057104
0 0.961926 0.529022 0.062221 0.062221
0 0.850832 0.492027 0.104277 0.104277
0 0.927858 0.285941 0.104277 0.104277
0 0.754314 0.037571 0.057104 0.057104
0 0.664777 0.240950 0.104277 0.104277
0 0.441216 0.986167 0.057104 0.057104
0 0.212409 0.664199 0.062220 0.062220
0 0.470418 0.427714 0.052757 0.052757
0 0.123244 0.849358 0.104277 0.104277
0 0.951879 0.801136 0.071945 0.071945
0 0.667668 0.079530 0.061131 0.061131
0 0.381222 0.785898 0.061131 0.061131
0 0.414356 0.538239 0.057104 0.057104
0 0.550884 0.003063 0.071945 0.071945
0 0.465438 0.746393 0.052757 0.052757
0 0.733495 0.482195 0.104277 0.104277
0 0.139480 0.575747 0.052757 0.052757
0 0.603772 0.298605 0.062220 0.062220
0 0.521645 0.682353 0.057104 0.057104
0 0.441598 0.365153 0.057104 0.057104
0 0.438445 0.204328 0.052757 0.052757
0 0.912194 0.635110 0.052757 0.052757
0 0.634118 0.904364 0.036679 0.036679
0 0.549599 0.342591 0.061130 0.061130
0 0.826050 0.024593 0.071945 0.071945
0 0.264468 0.191631 0.061131 0.061131
0 0.852107 0.595921 0.062221 0.062221
0 0.467880 0.834975 0.057104 0.057104
0 0.206680 0.511656 0.052757 0.052757
0 0.853737 0.401409 0.071945 0.071945
0 0.790652 0.631550 0.052757 0.052757
0 0.759462 0.215400 0.061130 0.061130
0 0.777758 0.699412 0.104277 0.104277
0 0.202648 0.787608 0.071945 0.071945
0 0.199594 0.112938 0.062220 0.062220
0 0.492528 0.299614 0.061131 0.061131
0 0.683396 0.723044 0.104277 0.104277
0 0.311743 0.593939 0.071945 0.071945
0 0.541755 0.233067 0.057104 0.057104
0 0.966526 0.948501 0.057104 0.057104
0 0.774301 0.890519 0.062220 0.062220
0 0.952160 0.154977 0.057104 0.057104
0 0.273867 0.754057 0.057104 0.057104
0 0.006204 0.329485 0.061130 0.061130
0 0.630323 0.664752 0.061130 0.061130
0 0.104634 0.972447 0.061130 0.061130
0 0.765249 0.290275 0.061130 0.061130
0 0.709083 0.795367 0.061130 0.061130
0 0.278341 0.393775 0.104277 0.104277
0 0.039946 0.874708 0.061130 0.061130
0 0.011020 0.802973 0.061130 0.061130
0 0.580419 0.759235 0.062220 0.062220
0 0.009614 0.040293 0.104277 0.104277
0 0.189700 0.929243 0.104277 0.104277
0 0.050503 0.540911 0.052757 0.052757
0 0.493851 0.530265 0.062220 0.062220
0 0.857548 0.906443 0.104277 0.104277
0 0.035642 0.997152 0.104277 0.104277
0 0.310781 0.076770 0.061131 0.061131
0 0.240261 0.977780 0.104277 0.104277
0 0.219166 0.865090 0.052757 0.052757
0 0.086391 0.125467 0.061130 0.061130
0 0.168877 0.023255 0.104277 0.104277
0 0.526082 0.904778 0.062220 0.062220
0 0.904492 0.208979 0.052757 0.052757
0 0.400320 0.147149 0.057104 0.057104
0 0.560923 0.448116 0.071945 0.071945
0 0.170802 0.431244 0.052757 0.052757
0 0.163569 0.201581 0.062220 0.062220
0 0.668293 0.987474 0.104277 0.104277
0 0.523806 0.105773 0.071945 0.071945
0 0.128334 0.265199 0.104278 0.104278
0 0.581745 0.952696 0.071945 0.071945
0 0.300099 0.933840 0.052757 0.052757
0 0.378477 0.329370 0.062220 0.062220
0 0.971749 0.680351 0.071945 0.071945
0 0.185352 0.331110 0.062220 0.062220
0 0.063909 0.445686 0.057104 0.057104
0 0.722640 0.942843 0.061131 0.061131
0 0.854915 0.730573 0.071945 0.071945
0 0.429938 0.080197 0.052757 0.052757
0 0.217272 0.263481 0.071945 0.071945
0 0.130852 0.500042 0.062220 0.062220
0 0.949296 0.379548 0.104277 0.104277
0 0.703883 0.411777 0.057104 0.057104
0 0.062911 0.223279 0.104277 0.104277
0 0.126834 0.741403 0.062220 0.062220
0 0.257473 0.320407 0.052757 0.052757
0 0.686626 0.551715 0.057104 0.057104
0 0.130411 0.651592 0.061131 0.061131
0 0.245925 0.033181 0.071945 0.071945
0 0.695288 0.338078 0.104277 0.104277
0 0.922280 0.087782 0.061130 0.061130
0 0.815308 0.979840 0.071945 0.071945
0 0.764621 0.365673 0.104277 0.104277
0 0.778801 0.561931 0.052757 0.052757
0 0.057919 0.748397 0.071945 0.071945
0 0.346282 0.206790 0.061131 0.061131