0 0.500419 0.903111 0.061130 0.061130
0 0.903364 0.864820 0.052757 0.052757
0 0.433512 0.763440 0.104277 0.104277
0 0.495338 0.672392 0.071945 0.071945
0 0.647151 0.658002 0.071945 0.071945
0 0.725904 0.864860 0.104277 0.104277
0 0.401190 0.865009 0.052757 0.052757
0 0.803768 0.911385 0.071945 0.071945
0 0.698057 0.207036 0.104277 0.104277
0 0.730537 0.548305 0.061131 0.061131
0 0.888159 0.171564 0.104277 0.104277
0 0.439221 0.535493 0.104277 0.104277
0 0.932348 0.367812 0.057104 0.057104
0 0.947707 0.535777 0.104277 0.104277
0 0.851189 0.081321 0.057104 0.057104
0 0.761652 0.284700 0.104277 0.104277
0 0.309284 0.707949 0.062220 0.062220
0 0.567293 0.471464 0.052757 0.052757
0 0.220119 0.893108 0.104277 0.104277
0 0.764543 0.123280 0.061131 0.061131
0 0.478097 0.829648 0.061131 0.061131
0 0.511231 0.581989 0.057104 0.057104
0 0.010973 0.433103 0.071945 0.071945
0 0.647759 0.046813 0.071945 0.071945
0 0.562313 0.790143 0.052757 0.052757
0 0.058221 0.495542 0.061130 0.061130
0 0.830370 0.525945 0.104277 0.104277
0 0.236355 0.619497 0.052757 0.052757
0 0.700647 0.342355 0.062220 0.062220
0 0.618520 0.726103 0.057104 0.057104
0 0.538473 0.408903 0.057104 0.057104
0 0.535320 0.248078 0.052757 0.052757
0 0.730993 0.948114 0.036679 0.036679
0 0.646474 0.386341 0.061130 0.061130
0 0.922925 0.068343 0.071945 0.071945
0 0.361343 0.235381 0.061131 0.061131
0 0.948982 0.639671 0.062221 0.062221
0 0.564755 0.878725 0.057104 0.057104
0 0.303555 0.555406 0.052757 0.052757
0 0.076671 0.704839 0.057104 0.057104
0 0.950612 0.445159 0.071945 0.071945
0 0.887527 0.675300 0.052757 0.052757
0 0.856337 0.259150 0.061130 0.061130
0 0.874633 0.743162 0.104277 0.104277
0 0.299523 0.831358 0.071945 0.071945
0 0.296469 0.156688 0.062220 0.062220
0 0.589403 0.343364 0.061131 0.061131
0 0.780271 0.766794 0.104277 0.104277
0 0.408618 0.637689 0.071945 0.071945
0 0.638630 0.276817 0.057104 0.057104
0 0.871176 0.934269 0.062220 0.062220
0 0.370742 0.797807 0.057104 0.057104
0 0.704922 0.002325 0.104277 0.104277
0 0.103079 0.373235 0.061130 0.061130
0 0.727198 0.708502 0.061130 0.061130
0 0.862124 0.334025 0.061130 0.061130
0 0.805958 0.839117 0.061130 0.061130
0 0.375216 0.437525 0.104277 0.104277
0 0.136821 0.918458 0.061130 0.061130
0 0.107895 0.846723 0.061130 0.061130
0 0.677294 0.802985 0.062220 0.062220
0 0.035298 0.014962 0.052757 0.052757
0 0.106489 0.084043 0.104277 0.104277
0 0.286575 0.972993 0.104277 0.104277
0 0.147378 0.584661 0.052757 0.052757
0 0.590726 0.574015 0.062220 0.062220
0 0.954423 0.950193 0.104277 0.104277
0 0.407656 0.120520 0.061131 0.061131
0 0.047957 0.286020 0.104277 0.104277
0 0.316041 0.908840 0.052757 0.052757
0 0.183266 0.169217 0.061130 0.061130
0 0.265752 0.067005 0.104277 0.104277
0 0.622957 0.948528 0.062220 0.062220
0 0.497195 0.190899 0.057104 0.057104
0 0.028400 0.782327 0.071945 0.071945
0 0.657798 0.491866 0.071945 0.071945
0 0.267677 0.474994 0.052757 0.052757
0 0.260444 0.245331 0.062220 0.062220
0 0.620681 0.149523 0.071945 0.071945
0 0.063621 0.159741 0.061130 0.061130
0 0.225209 0.308949 0.104278 0.104278
0 0.678620 0.996446 0.071945 0.071945
0 0.037945 0.919535 0.061130 0.061130
0 0.396974 0.977590 0.052757 0.052757
0 0.475352 0.373120 0.062220 0.062220
0 0.060593 0.564696 0.057104 0.057104
0 0.776763 0.022073 0.052757 0.052757
0 0.282227 0.374860 0.062220 0.062220
0 0.160784 0.489436 0.057104 0.057104
0 0.819515 0.986593 0.061131 0.061131
0 0.951790 0.774323 0.071945 0.071945
0 0.526813 0.123947 0.052757 0.052757
0 0.024701 0.639161 0.048997 0.048997
0 0.314147 0.307231 0.071945 0.071945
0 0.227727 0.543792 0.062220 0.062220
0 0.800758 0.455527 0.057104 0.057104
0 0.159786 0.267029 0.104277 0.104277
0 0.491581 0.040790 0.057104 0.057104
0 0.223709 0.785153 0.062220 0.062220
0 0.354348 0.364157 0.052757 0.052757
0 0.783501 0.595465 0.057104 0.057104
0 0.165819 0.034910 0.061130 0.061130
0 0.227286 0.695342 0.061131 0.061131
0 0.342800 0.076931 0.071945 0.071945
0 0.792163 0.381828 0.104277 0.104277
0 0.861496 0.409423 0.104277 0.104277
0 0.875676 0.605681 0.052757 0.052757
0 0.154794 0.792147 0.071945 0.071945
0 0.443157 0.250540 0.061131 0.061131